ReferenceDesignator,ParameterID_R,ParameterID_T,GlobalRangeMin,GlobalRangeMax,_DataLevel,_Units,_Array ID,_Platform ID,_Instrument
CE01ISSM-MFD35-01-VEL3DD000,vel3d_c_eastward_turbulent_velocity,vel3d_c_eastward_turbulent_velocity,-3,3,L1,m s-1,CE01ISSM,MFD35,VEL3D
CE01ISSM-MFD35-01-VEL3DD000,vel3d_c_northward_turbulent_velocity,vel3d_c_northward_turbulent_velocity,-3,3,L1,m s-1,CE01ISSM,MFD35,VEL3D
CE01ISSM-MFD35-01-VEL3DD000,vel3d_c_upward_turbulent_velocity,vel3d_c_upward_turbulent_velocity,-1,1,L1,m s-1,CE01ISSM,MFD35,VEL3D
CE01ISSM-MFD35-01-VEL3DD000,transmit_pulse_length_2nd,transmit_pulse_length_2nd,,,,counts,CE01ISSM,MFD35,VEL3D
CE01ISSM-MFD35-01-VEL3DD000,driver_timestamp,driver_timestamp,,,ENG,seconds since 1900-01-01,CE01ISSM,MFD35,VEL3D
CE01ISSM-MFD35-01-VEL3DD000,firmware_version,firmware_version,,,,1,CE01ISSM,MFD35,VEL3D
CE01ISSM-MFD35-01-VEL3DD000,internal_timestamp,internal_timestamp,,,ENG,seconds since 1900-01-01,CE01ISSM,MFD35,VEL3D
CE01ISSM-MFD35-01-VEL3DD000,preferred_timestamp,preferred_timestamp,,,ENG,1,CE01ISSM,MFD35,VEL3D
CE01ISSM-MFD35-01-VEL3DD000,battery_voltage_dv,battery_voltage_dv,,,AUX,dV,CE01ISSM,MFD35,VEL3D
CE01ISSM-MFD35-01-VEL3DD000,heading_decidegree,heading_decidegree,,,AUX,deci-degrees,CE01ISSM,MFD35,VEL3D
CE01ISSM-MFD35-01-VEL3DD000,roll_decidegree,roll_decidegree,,,AUX,deci-degrees,CE01ISSM,MFD35,VEL3D
CE01ISSM-MFD35-01-VEL3DD000,pitch_decidegree,pitch_decidegree,,,AUX,deci-degrees,CE01ISSM,MFD35,VEL3D
CE01ISSM-MFD35-01-VEL3DD000,temperature_centidegree,temperature_centidegree,,,AUX,cdeg_C,CE01ISSM,MFD35,VEL3D
CE01ISSM-MFD35-01-VEL3DD000,seawater_pressure_mbar,seawater_pressure_mbar,,,AUX,0.001 dbar,CE01ISSM,MFD35,VEL3D
CE01ISSM-MFD35-01-VEL3DD000,instrmt_type_serial_number,instrmt_type_serial_number,,,,1,CE01ISSM,MFD35,VEL3D
CE01ISSM-MFD35-01-VEL3DD000,recorder_installed,recorder_installed,,,,1,CE01ISSM,MFD35,VEL3D
CE01ISSM-MFD35-01-VEL3DD000,compass_installed,compass_installed,,,,1,CE01ISSM,MFD35,VEL3D
CE01ISSM-MFD35-01-VEL3DD000,board_frequency,board_frequency,,,,kHz,CE01ISSM,MFD35,VEL3D
CE01ISSM-MFD35-01-VEL3DD000,pic_version,pic_version,,,,1,CE01ISSM,MFD35,VEL3D
CE01ISSM-MFD35-01-VEL3DD000,hardware_revision,hardware_revision,,,,1,CE01ISSM,MFD35,VEL3D
CE01ISSM-MFD35-01-VEL3DD000,recorder_size,recorder_size,,,,bytes,CE01ISSM,MFD35,VEL3D
CE01ISSM-MFD35-01-VEL3DD000,velocity_range,velocity_range,,,,1,CE01ISSM,MFD35,VEL3D
CE01ISSM-MFD35-01-VEL3DD000,pressure_sensor,pressure_sensor,,,,1,CE01ISSM,MFD35,VEL3D
CE01ISSM-MFD35-01-VEL3DD000,magnetometer_sensor,magnetometer_sensor,,,,1,CE01ISSM,MFD35,VEL3D
CE01ISSM-MFD35-01-VEL3DD000,tilt_sensor,tilt_sensor,,,,1,CE01ISSM,MFD35,VEL3D
CE01ISSM-MFD35-01-VEL3DD000,tilt_sensor_mounting,tilt_sensor_mounting,,,,1,CE01ISSM,MFD35,VEL3D
CE01ISSM-MFD35-01-VEL3DD000,head_frequency,head_frequency,,,,kHz,CE01ISSM,MFD35,VEL3D
CE01ISSM-MFD35-01-VEL3DD000,head_type,head_type,,,,1,CE01ISSM,MFD35,VEL3D
CE01ISSM-MFD35-01-VEL3DD000,head_serial_number,head_serial_number,,,,1,CE01ISSM,MFD35,VEL3D
CE01ISSM-MFD35-01-VEL3DD000,system_data,system_data,,,,1,CE01ISSM,MFD35,VEL3D
CE01ISSM-MFD35-01-VEL3DD000,number_beams,number_beams,,,,1,CE01ISSM,MFD35,VEL3D
CE01ISSM-MFD35-01-VEL3DD000,transmit_pulse_length,transmit_pulse_length,,,,counts,CE01ISSM,MFD35,VEL3D
CE01ISSM-MFD35-01-VEL3DD000,blanking_distance,blanking_distance,,,,counts,CE01ISSM,MFD35,VEL3D
CE01ISSM-MFD35-01-VEL3DD000,receive_length,receive_length,,,,counts,CE01ISSM,MFD35,VEL3D
CE01ISSM-MFD35-01-VEL3DD000,time_between_pings,time_between_pings,,,,counts,CE01ISSM,MFD35,VEL3D
CE01ISSM-MFD35-01-VEL3DD000,time_between_bursts,time_between_bursts,,,,counts,CE01ISSM,MFD35,VEL3D
CE01ISSM-MFD35-01-VEL3DD000,number_pings,number_pings,,,,1,CE01ISSM,MFD35,VEL3D
CE01ISSM-MFD35-01-VEL3DD000,average_interval,average_interval,,,,s,CE01ISSM,MFD35,VEL3D
CE01ISSM-MFD35-01-VEL3DD000,profile_type,profile_type,,,,1,CE01ISSM,MFD35,VEL3D
CE01ISSM-MFD35-01-VEL3DD000,mode_type,mode_type,,,,1,CE01ISSM,MFD35,VEL3D
CE01ISSM-MFD35-01-VEL3DD000,power_level_tcm1,power_level_tcm1,,,,1,CE01ISSM,MFD35,VEL3D
CE01ISSM-MFD35-01-VEL3DD000,power_level_tcm2,power_level_tcm2,,,,1,CE01ISSM,MFD35,VEL3D
CE01ISSM-MFD35-01-VEL3DD000,sync_out_position,sync_out_position,,,,1,CE01ISSM,MFD35,VEL3D
CE01ISSM-MFD35-01-VEL3DD000,sample_on_sync,sample_on_sync,,,,1,CE01ISSM,MFD35,VEL3D
CE01ISSM-MFD35-01-VEL3DD000,start_on_sync,start_on_sync,,,,1,CE01ISSM,MFD35,VEL3D
CE01ISSM-MFD35-01-VEL3DD000,power_level_pcr1,power_level_pcr1,,,,1,CE01ISSM,MFD35,VEL3D
CE01ISSM-MFD35-01-VEL3DD000,power_level_pcr2,power_level_pcr2,,,,1,CE01ISSM,MFD35,VEL3D
CE01ISSM-MFD35-01-VEL3DD000,compass_update_rate,compass_update_rate,,,,Hz,CE01ISSM,MFD35,VEL3D
CE01ISSM-MFD35-01-VEL3DD000,coordinate_system,coordinate_system,,,,1,CE01ISSM,MFD35,VEL3D
CE01ISSM-MFD35-01-VEL3DD000,number_cells,number_cells,,,,1,CE01ISSM,MFD35,VEL3D
CE01ISSM-MFD35-01-VEL3DD000,cell_size,cell_size,,,,m,CE01ISSM,MFD35,VEL3D
CE01ISSM-MFD35-01-VEL3DD000,measurement_interval,measurement_interval,,,,s,CE01ISSM,MFD35,VEL3D
CE01ISSM-MFD35-01-VEL3DD000,deployment_name,deployment_name,,,,1,CE01ISSM,MFD35,VEL3D
CE01ISSM-MFD35-01-VEL3DD000,wrap_mode,wrap_mode,,,,1,CE01ISSM,MFD35,VEL3D
CE01ISSM-MFD35-01-VEL3DD000,deployment_start_time,deployment_start_time,,,,1,CE01ISSM,MFD35,VEL3D
CE01ISSM-MFD35-01-VEL3DD000,diagnostics_interval,diagnostics_interval,,,,s,CE01ISSM,MFD35,VEL3D
CE01ISSM-MFD35-01-VEL3DD000,use_specified_sound_speed,use_specified_sound_speed,,,,1,CE01ISSM,MFD35,VEL3D
CE01ISSM-MFD35-01-VEL3DD000,diagnostics_mode_enable,diagnostics_mode_enable,,,,1,CE01ISSM,MFD35,VEL3D
CE01ISSM-MFD35-01-VEL3DD000,analog_output_enable,analog_output_enable,,,,1,CE01ISSM,MFD35,VEL3D
CE01ISSM-MFD35-01-VEL3DD000,output_format_nortek,output_format_nortek,,,,1,CE01ISSM,MFD35,VEL3D
CE01ISSM-MFD35-01-VEL3DD000,scaling,scaling,,,,1,CE01ISSM,MFD35,VEL3D
CE01ISSM-MFD35-01-VEL3DD000,serial_output_enable,serial_output_enable,,,,1,CE01ISSM,MFD35,VEL3D
CE01ISSM-MFD35-01-VEL3DD000,stage_enable,stage_enable,,,,1,CE01ISSM,MFD35,VEL3D
CE01ISSM-MFD35-01-VEL3DD000,analog_power_output,analog_power_output,,,,1,CE01ISSM,MFD35,VEL3D
CE01ISSM-MFD35-01-VEL3DD000,sound_speed_adjust_factor,sound_speed_adjust_factor,,,,m s-1,CE01ISSM,MFD35,VEL3D
CE01ISSM-MFD35-01-VEL3DD000,number_diagnostics_samples,number_diagnostics_samples,,,,1,CE01ISSM,MFD35,VEL3D
CE01ISSM-MFD35-01-VEL3DD000,number_beams_per_cell,number_beams_per_cell,,,,1,CE01ISSM,MFD35,VEL3D
CE01ISSM-MFD35-01-VEL3DD000,number_pings_diagnostic,number_pings_diagnostic,,,,1,CE01ISSM,MFD35,VEL3D
CE01ISSM-MFD35-01-VEL3DD000,use_dsp_filter,use_dsp_filter,,,,1,CE01ISSM,MFD35,VEL3D
CE01ISSM-MFD35-01-VEL3DD000,filter_data_output,filter_data_output,,,,1,CE01ISSM,MFD35,VEL3D
CE01ISSM-MFD35-01-VEL3DD000,analog_input_address,analog_input_address,,,,1,CE01ISSM,MFD35,VEL3D
CE01ISSM-MFD35-01-VEL3DD000,software_version,software_version,,,,1,CE01ISSM,MFD35,VEL3D
CE01ISSM-MFD35-01-VEL3DD000,velocity_adjustment_factor,velocity_adjustment_factor,,,,1,CE01ISSM,MFD35,VEL3D
CE01ISSM-MFD35-01-VEL3DD000,file_comments,file_comments,,,,1,CE01ISSM,MFD35,VEL3D
CE01ISSM-MFD35-01-VEL3DD000,wave_data_rate,wave_data_rate,,,,Hz,CE01ISSM,MFD35,VEL3D
CE01ISSM-MFD35-01-VEL3DD000,wave_cell_position,wave_cell_position,,,,1,CE01ISSM,MFD35,VEL3D
CE01ISSM-MFD35-01-VEL3DD000,dynamic_position_type,dynamic_position_type,,,,1,CE01ISSM,MFD35,VEL3D
CE01ISSM-MFD35-01-VEL3DD000,percent_wave_cell_position,percent_wave_cell_position,,,,1,CE01ISSM,MFD35,VEL3D
CE01ISSM-MFD35-01-VEL3DD000,wave_transmit_pulse,wave_transmit_pulse,,,,1,CE01ISSM,MFD35,VEL3D
CE01ISSM-MFD35-01-VEL3DD000,fixed_wave_blanking_distance,fixed_wave_blanking_distance,,,,counts,CE01ISSM,MFD35,VEL3D
CE01ISSM-MFD35-01-VEL3DD000,wave_measurement_cell_size,wave_measurement_cell_size,,,,m,CE01ISSM,MFD35,VEL3D
CE01ISSM-MFD35-01-VEL3DD000,number_diagnostics_per_wave,number_diagnostics_per_wave,,,,1,CE01ISSM,MFD35,VEL3D
CE01ISSM-MFD35-01-VEL3DD000,number_samples_per_burst,number_samples_per_burst,,,,1,CE01ISSM,MFD35,VEL3D
CE01ISSM-MFD35-01-VEL3DD000,analog_scale_factor,analog_scale_factor,,,,1,CE01ISSM,MFD35,VEL3D
CE01ISSM-MFD35-01-VEL3DD000,correlation_threshold,correlation_threshold,,,,1,CE01ISSM,MFD35,VEL3D
CE01ISSM-MFD35-01-VEL3DD000,filter_constants,filter_constants,,,,1,CE01ISSM,MFD35,VEL3D
CE01ISSM-MFD35-01-VEL3DD000,analog_input_2,analog_input_2,,,,1,CE01ISSM,MFD35,VEL3D
CE01ISSM-MFD35-01-VEL3DD000,ensemble_counter,ensemble_counter,,,,1,CE01ISSM,MFD35,VEL3D
CE01ISSM-MFD35-01-VEL3DD000,analog_input_1,analog_input_1,,,,1,CE01ISSM,MFD35,VEL3D
CE01ISSM-MFD35-01-VEL3DD000,turbulent_velocity_east,turbulent_velocity_east,,,L0,mm s-1,CE01ISSM,MFD35,VEL3D
CE01ISSM-MFD35-01-VEL3DD000,turbulent_velocity_north,turbulent_velocity_north,,,L0,mm s-1,CE01ISSM,MFD35,VEL3D
CE01ISSM-MFD35-01-VEL3DD000,turbulent_velocity_vertical,turbulent_velocity_vertical,,,L0,mm s-1,CE01ISSM,MFD35,VEL3D
CE01ISSM-MFD35-01-VEL3DD000,amplitude_beam_1,amplitude_beam_1,,,AUX,counts,CE01ISSM,MFD35,VEL3D
CE01ISSM-MFD35-01-VEL3DD000,amplitude_beam_2,amplitude_beam_2,,,AUX,counts,CE01ISSM,MFD35,VEL3D
CE01ISSM-MFD35-01-VEL3DD000,amplitude_beam_3,amplitude_beam_3,,,AUX,counts,CE01ISSM,MFD35,VEL3D
CE01ISSM-MFD35-01-VEL3DD000,correlation_beam_1,correlation_beam_1,,,AUX,1,CE01ISSM,MFD35,VEL3D
CE01ISSM-MFD35-01-VEL3DD000,correlation_beam_2,correlation_beam_2,,,AUX,1,CE01ISSM,MFD35,VEL3D
CE01ISSM-MFD35-01-VEL3DD000,correlation_beam_3,correlation_beam_3,,,AUX,1,CE01ISSM,MFD35,VEL3D
CE01ISSM-MFD35-01-VEL3DD000,speed_of_sound,speed_of_sound,,,AUX,m s-1,CE01ISSM,MFD35,VEL3D
CE01ISSM-MFD35-01-VEL3DD000,error_code,error_code,,,,1,CE01ISSM,MFD35,VEL3D
CE01ISSM-MFD35-01-VEL3DD000,status_code,status_code,,,,1,CE01ISSM,MFD35,VEL3D
CE01ISSM-MFD35-01-VEL3DD000,analog_input,analog_input,,,,1,CE01ISSM,MFD35,VEL3D
CE01ISSM-MFD35-01-VEL3DD000,number_velocity_records,number_velocity_records,,,,1,CE01ISSM,MFD35,VEL3D
CE01ISSM-MFD35-01-VEL3DD000,noise_amp_beam1,noise_amp_beam1,,,,counts,CE01ISSM,MFD35,VEL3D
CE01ISSM-MFD35-01-VEL3DD000,noise_amp_beam2,noise_amp_beam2,,,,counts,CE01ISSM,MFD35,VEL3D
CE01ISSM-MFD35-01-VEL3DD000,noise_amp_beam3,noise_amp_beam3,,,,counts,CE01ISSM,MFD35,VEL3D
CE01ISSM-MFD35-01-VEL3DD000,noise_correlation_beam1,noise_correlation_beam1,,,,1,CE01ISSM,MFD35,VEL3D
CE01ISSM-MFD35-01-VEL3DD000,noise_correlation_beam2,noise_correlation_beam2,,,,1,CE01ISSM,MFD35,VEL3D
CE01ISSM-MFD35-01-VEL3DD000,noise_correlation_beam3,noise_correlation_beam3,,,,1,CE01ISSM,MFD35,VEL3D
CE01ISSM-MFD35-01-VEL3DD000,time,time,,,ENG,seconds since 1900-01-01,CE01ISSM,MFD35,VEL3D
CE01ISSM-MFD35-01-VEL3DD000,ingestion_timestamp,ingestion_timestamp,,,ENG,seconds since 1900-01-01,CE01ISSM,MFD35,VEL3D
CE01ISSM-MFD35-01-VEL3DD000,date_time_string,date_time_string,,,,1,CE01ISSM,MFD35,VEL3D
CE01ISSM-MFD35-02-PRESFA000,driver_timestamp,driver_timestamp,,,ENG,seconds since 1900-01-01,CE01ISSM,MFD35,PRESF
CE01ISSM-MFD35-02-PRESFA000,internal_timestamp,internal_timestamp,,,ENG,seconds since 1900-01-01,CE01ISSM,MFD35,PRESF
CE01ISSM-MFD35-02-PRESFA000,preferred_timestamp,preferred_timestamp,,,ENG,1,CE01ISSM,MFD35,PRESF
CE01ISSM-MFD35-02-PRESFA000,dcl_controller_timestamp,dcl_controller_timestamp,,,ENG,1,CE01ISSM,MFD35,PRESF
CE01ISSM-MFD35-02-PRESFA000,pressure_temp,pressure_temp,,,AUX,deg_C,CE01ISSM,MFD35,PRESF
CE01ISSM-MFD35-02-PRESFA000,abs_seafloor_pressure,abs_seafloor_pressure,0,6000,L1,dbar,CE01ISSM,MFD35,PRESF
CE01ISSM-MFD35-02-PRESFA000,time,time,,,ENG,seconds since 1900-01-01,CE01ISSM,MFD35,PRESF
CE01ISSM-MFD35-02-PRESFA000,seawater_temperature,seawater_temperature,,,AUX,deg_C,CE01ISSM,MFD35,PRESF
CE01ISSM-MFD35-02-PRESFA000,ingestion_timestamp,ingestion_timestamp,,,ENG,seconds since 1900-01-01,CE01ISSM,MFD35,PRESF
CE01ISSM-MFD35-02-PRESFA000,date_time_string,date_time_string,,,,1,CE01ISSM,MFD35,PRESF
CE01ISSM-MFD35-02-PRESFA000,absolute_pressure,absolute_pressure,,,L0,psi,CE01ISSM,MFD35,PRESF
CE01ISSM-MFD35-04-ADCPTM000,bin_depths,bin_depths,,,,m,CE01ISSM,MFD35,ADCPT
CE01ISSM-MFD35-04-ADCPTM000,driver_timestamp,driver_timestamp,,,ENG,seconds since 1900-01-01,CE01ISSM,MFD35,ADCPT
CE01ISSM-MFD35-04-ADCPTM000,ensemble_start_time_2,ensemble_start_time_2,,,,seconds since 1900-01-01,CE01ISSM,MFD35,ADCPT
CE01ISSM-MFD35-04-ADCPTM000,real_time_clock_2,real_time_clock_2,,,,1,CE01ISSM,MFD35,ADCPT
CE01ISSM-MFD35-04-ADCPTM000,internal_timestamp,internal_timestamp,,,ENG,seconds since 1900-01-01,CE01ISSM,MFD35,ADCPT
CE01ISSM-MFD35-04-ADCPTM000,preferred_timestamp,preferred_timestamp,,,ENG,1,CE01ISSM,MFD35,ADCPT
CE01ISSM-MFD35-04-ADCPTM000,sensor_available_speed,sensor_available_speed,,,,1,CE01ISSM,MFD35,ADCPT
CE01ISSM-MFD35-04-ADCPTM000,sysconfig_beam_angle,sysconfig_beam_angle,,,,1,CE01ISSM,MFD35,ADCPT
CE01ISSM-MFD35-04-ADCPTM000,sysconfig_beam_config,sysconfig_beam_config,,,,1,CE01ISSM,MFD35,ADCPT
CE01ISSM-MFD35-04-ADCPTM000,adcps_jln_upward_seawater_velocity2,adcps_jln_upward_seawater_velocity2,-1,1,L1,m s-1,CE01ISSM,MFD35,ADCPT
CE01ISSM-MFD35-04-ADCPTM000,adcps_jln_error_velocity2,adcps_jln_error_velocity2,-1,1,L1,m s-1,CE01ISSM,MFD35,ADCPT
CE01ISSM-MFD35-04-ADCPTM000,dcl_controller_timestamp,dcl_controller_timestamp,,,ENG,1,CE01ISSM,MFD35,ADCPT
CE01ISSM-MFD35-04-ADCPTM000,adcps_jln_echo_intensity_beam1,adcps_jln_echo_intensity_beam1,0,255,L1,dB,CE01ISSM,MFD35,ADCPT
CE01ISSM-MFD35-04-ADCPTM000,adcps_jln_echo_intensity_beam2,adcps_jln_echo_intensity_beam2,0,255,L1,dB,CE01ISSM,MFD35,ADCPT
CE01ISSM-MFD35-04-ADCPTM000,adcps_jln_echo_intensity_beam3,adcps_jln_echo_intensity_beam3,0,255,L1,dB,CE01ISSM,MFD35,ADCPT
CE01ISSM-MFD35-04-ADCPTM000,adcps_jln_echo_intensity_beam4,adcps_jln_echo_intensity_beam4,0,255,L1,dB,CE01ISSM,MFD35,ADCPT
CE01ISSM-MFD35-04-ADCPTM000,dcl_controller_starting_timestamp,dcl_controller_starting_timestamp,,,,1,CE01ISSM,MFD35,ADCPT
CE01ISSM-MFD35-04-ADCPTM000,corrected_echo_intensity_beam1,corrected_echo_intensity_beam1,0,255,L1,dB,CE01ISSM,MFD35,ADCPT
CE01ISSM-MFD35-04-ADCPTM000,corrected_echo_intensity_beam2,corrected_echo_intensity_beam2,0,255,L1,dB,CE01ISSM,MFD35,ADCPT
CE01ISSM-MFD35-04-ADCPTM000,corrected_echo_intensity_beam3,corrected_echo_intensity_beam3,0,255,L1,dB,CE01ISSM,MFD35,ADCPT
CE01ISSM-MFD35-04-ADCPTM000,corrected_echo_intensity_beam4,corrected_echo_intensity_beam4,0,255,L1,dB,CE01ISSM,MFD35,ADCPT
CE01ISSM-MFD35-04-ADCPTM000,significant_wave_height,significant_wave_height,0,18,L0,m,CE01ISSM,MFD35,ADCPT
CE01ISSM-MFD35-04-ADCPTM000,peak_wave_period,peak_wave_period,3,30,L0,sec,CE01ISSM,MFD35,ADCPT
CE01ISSM-MFD35-04-ADCPTM000,adcpt_acfgm_dcl_eastward_earth_seawater_velocity,adcpt_acfgm_dcl_eastward_earth_seawater_velocity,-3,3,L1,m s-1,CE01ISSM,MFD35,ADCPT
CE01ISSM-MFD35-04-ADCPTM000,adcpt_acfgm_dcl_northward_earth_seawater_velocity,adcpt_acfgm_dcl_northward_earth_seawater_velocity,-3,3,L1,m s-1,CE01ISSM,MFD35,ADCPT
CE01ISSM-MFD35-04-ADCPTM000,burst_start_time,burst_start_time,,,,1,CE01ISSM,MFD35,ADCPT
CE01ISSM-MFD35-04-ADCPTM000,peak_wave_direction,peak_wave_direction,,,L1,degrees,CE01ISSM,MFD35,ADCPT
CE01ISSM-MFD35-04-ADCPTM000,tp_sea,tp_sea,,,,s,CE01ISSM,MFD35,ADCPT
CE01ISSM-MFD35-04-ADCPTM000,dp_sea,dp_sea,,,,degrees,CE01ISSM,MFD35,ADCPT
CE01ISSM-MFD35-04-ADCPTM000,hs_sea,hs_sea,,,,m,CE01ISSM,MFD35,ADCPT
CE01ISSM-MFD35-04-ADCPTM000,tp_swell,tp_swell,,,,s,CE01ISSM,MFD35,ADCPT
CE01ISSM-MFD35-04-ADCPTM000,dp_swell,dp_swell,,,,degrees,CE01ISSM,MFD35,ADCPT
CE01ISSM-MFD35-04-ADCPTM000,hs_swell,hs_swell,,,,m,CE01ISSM,MFD35,ADCPT
CE01ISSM-MFD35-04-ADCPTM000,depth_water_level,depth_water_level,,,,mm,CE01ISSM,MFD35,ADCPT
CE01ISSM-MFD35-04-ADCPTM000,h_max,h_max,,,L1,m,CE01ISSM,MFD35,ADCPT
CE01ISSM-MFD35-04-ADCPTM000,t_max,t_max,,,,s,CE01ISSM,MFD35,ADCPT
CE01ISSM-MFD35-04-ADCPTM000,h_1_3,h_1_3,,,,m,CE01ISSM,MFD35,ADCPT
CE01ISSM-MFD35-04-ADCPTM000,t_1_3,t_1_3,,,,s,CE01ISSM,MFD35,ADCPT
CE01ISSM-MFD35-04-ADCPTM000,h_mean,h_mean,,,L1,m,CE01ISSM,MFD35,ADCPT
CE01ISSM-MFD35-04-ADCPTM000,t_mean,t_mean,,,L1,s,CE01ISSM,MFD35,ADCPT
CE01ISSM-MFD35-04-ADCPTM000,h_1_10,h_1_10,,,L1,m,CE01ISSM,MFD35,ADCPT
CE01ISSM-MFD35-04-ADCPTM000,t_1_10,t_1_10,,,L1,s,CE01ISSM,MFD35,ADCPT
CE01ISSM-MFD35-04-ADCPTM000,d_mean,d_mean,,,,degrees,CE01ISSM,MFD35,ADCPT
CE01ISSM-MFD35-04-ADCPTM000,num_bins,num_bins,,,,counts,CE01ISSM,MFD35,ADCPT
CE01ISSM-MFD35-04-ADCPTM000,depth_level_magnitude,depth_level_magnitude,,,,m s-1,CE01ISSM,MFD35,ADCPT
CE01ISSM-MFD35-04-ADCPTM000,depth_level_direction,depth_level_direction,,,,degrees,CE01ISSM,MFD35,ADCPT
CE01ISSM-MFD35-04-ADCPTM000,file_time,file_time,,,,1,CE01ISSM,MFD35,ADCPT
CE01ISSM-MFD35-04-ADCPTM000,num_dir,num_dir,,,,counts,CE01ISSM,MFD35,ADCPT
CE01ISSM-MFD35-04-ADCPTM000,num_freq,num_freq,,,,counts,CE01ISSM,MFD35,ADCPT
CE01ISSM-MFD35-04-ADCPTM000,freq_w_band,freq_w_band,,,,Hz,CE01ISSM,MFD35,ADCPT
CE01ISSM-MFD35-04-ADCPTM000,freq_0,freq_0,,,,Hz,CE01ISSM,MFD35,ADCPT
CE01ISSM-MFD35-04-ADCPTM000,start_dir,start_dir,,,,degrees,CE01ISSM,MFD35,ADCPT
CE01ISSM-MFD35-04-ADCPTM000,directional_surface_spectrum,directional_surface_spectrum,,,,mm2/hz,CE01ISSM,MFD35,ADCPT
CE01ISSM-MFD35-04-ADCPTM000,num_fields,num_fields,,,,counts,CE01ISSM,MFD35,ADCPT
CE01ISSM-MFD35-04-ADCPTM000,frequency_band,frequency_band,,,,Hz,CE01ISSM,MFD35,ADCPT
CE01ISSM-MFD35-04-ADCPTM000,bandwidth_band,bandwidth_band,,,,Hz,CE01ISSM,MFD35,ADCPT
CE01ISSM-MFD35-04-ADCPTM000,energy_density_band,energy_density_band,,,,m2/hz,CE01ISSM,MFD35,ADCPT
CE01ISSM-MFD35-04-ADCPTM000,direction_band,direction_band,,,,degrees,CE01ISSM,MFD35,ADCPT
CE01ISSM-MFD35-04-ADCPTM000,a1_band,a1_band,,,,1,CE01ISSM,MFD35,ADCPT
CE01ISSM-MFD35-04-ADCPTM000,b1_band,b1_band,,,,1,CE01ISSM,MFD35,ADCPT
CE01ISSM-MFD35-04-ADCPTM000,a2_band,a2_band,,,,1,CE01ISSM,MFD35,ADCPT
CE01ISSM-MFD35-04-ADCPTM000,b2_band,b2_band,,,,1,CE01ISSM,MFD35,ADCPT
CE01ISSM-MFD35-04-ADCPTM000,check_factor_band,check_factor_band,,,,1,CE01ISSM,MFD35,ADCPT
CE01ISSM-MFD35-04-ADCPTM000,sequence_number,sequence_number,,,,1,CE01ISSM,MFD35,ADCPT
CE01ISSM-MFD35-04-ADCPTM000,file_mode,file_mode,,,,1,CE01ISSM,MFD35,ADCPT
CE01ISSM-MFD35-04-ADCPTM000,rec_time_series,rec_time_series,,,,1,CE01ISSM,MFD35,ADCPT
CE01ISSM-MFD35-04-ADCPTM000,rec_spectra,rec_spectra,,,,1,CE01ISSM,MFD35,ADCPT
CE01ISSM-MFD35-04-ADCPTM000,rec_dir_spec,rec_dir_spec,,,,1,CE01ISSM,MFD35,ADCPT
CE01ISSM-MFD35-04-ADCPTM000,samples_per_burst,samples_per_burst,,,,counts,CE01ISSM,MFD35,ADCPT
CE01ISSM-MFD35-04-ADCPTM000,time_between_samples,time_between_samples,,,,1/100 s,CE01ISSM,MFD35,ADCPT
CE01ISSM-MFD35-04-ADCPTM000,serial_number,serial_number,,,ENG,1,CE01ISSM,MFD35,ADCPT
CE01ISSM-MFD35-04-ADCPTM000,time_between_bursts_sec,time_between_bursts_sec,,,,s,CE01ISSM,MFD35,ADCPT
CE01ISSM-MFD35-04-ADCPTM000,bin_size,bin_size,,,,cm,CE01ISSM,MFD35,ADCPT
CE01ISSM-MFD35-04-ADCPTM000,bin_1_middle,bin_1_middle,,,,cm,CE01ISSM,MFD35,ADCPT
CE01ISSM-MFD35-04-ADCPTM000,num_range_bins,num_range_bins,,,,counts,CE01ISSM,MFD35,ADCPT
CE01ISSM-MFD35-04-ADCPTM000,num_vel_bins,num_vel_bins,,,,counts,CE01ISSM,MFD35,ADCPT
CE01ISSM-MFD35-04-ADCPTM000,num_int_bins,num_int_bins,,,,counts,CE01ISSM,MFD35,ADCPT
CE01ISSM-MFD35-04-ADCPTM000,num_beams,num_beams,,,,counts,CE01ISSM,MFD35,ADCPT
CE01ISSM-MFD35-04-ADCPTM000,beam_conf,beam_conf,,,,degrees,CE01ISSM,MFD35,ADCPT
CE01ISSM-MFD35-04-ADCPTM000,wave_param_source,wave_param_source,,,,1,CE01ISSM,MFD35,ADCPT
CE01ISSM-MFD35-04-ADCPTM000,nfft_samples,nfft_samples,,,,counts,CE01ISSM,MFD35,ADCPT
CE01ISSM-MFD35-04-ADCPTM000,num_directional_slices,num_directional_slices,,,,counts,CE01ISSM,MFD35,ADCPT
CE01ISSM-MFD35-04-ADCPTM000,num_freq_bins,num_freq_bins,,,,counts,CE01ISSM,MFD35,ADCPT
CE01ISSM-MFD35-04-ADCPTM000,window_type,window_type,,,,1,CE01ISSM,MFD35,ADCPT
CE01ISSM-MFD35-04-ADCPTM000,use_press_4_depth,use_press_4_depth,,,,1,CE01ISSM,MFD35,ADCPT
CE01ISSM-MFD35-04-ADCPTM000,use_strack_4_depth,use_strack_4_depth,,,,1,CE01ISSM,MFD35,ADCPT
CE01ISSM-MFD35-04-ADCPTM000,strack_spec,strack_spec,,,,1,CE01ISSM,MFD35,ADCPT
CE01ISSM-MFD35-04-ADCPTM000,press_spec,press_spec,,,,1,CE01ISSM,MFD35,ADCPT
CE01ISSM-MFD35-04-ADCPTM000,vel_min,vel_min,,,,mm/s,CE01ISSM,MFD35,ADCPT
CE01ISSM-MFD35-04-ADCPTM000,vel_max,vel_max,,,,mm/s,CE01ISSM,MFD35,ADCPT
CE01ISSM-MFD35-04-ADCPTM000,vel_std,vel_std,,,,mm/s,CE01ISSM,MFD35,ADCPT
CE01ISSM-MFD35-04-ADCPTM000,vel_max_change,vel_max_change,,,,mm/s,CE01ISSM,MFD35,ADCPT
CE01ISSM-MFD35-04-ADCPTM000,vel_pct_gd,vel_pct_gd,,,,%,CE01ISSM,MFD35,ADCPT
CE01ISSM-MFD35-04-ADCPTM000,surf_min,surf_min,,,,mm,CE01ISSM,MFD35,ADCPT
CE01ISSM-MFD35-04-ADCPTM000,surf_max,surf_max,,,,mm,CE01ISSM,MFD35,ADCPT
CE01ISSM-MFD35-04-ADCPTM000,surf_std,surf_std,,,,mm,CE01ISSM,MFD35,ADCPT
CE01ISSM-MFD35-04-ADCPTM000,surf_max_chng,surf_max_chng,,,,mm,CE01ISSM,MFD35,ADCPT
CE01ISSM-MFD35-04-ADCPTM000,surf_pct_gd,surf_pct_gd,,,,%,CE01ISSM,MFD35,ADCPT
CE01ISSM-MFD35-04-ADCPTM000,tbe_max_dev,tbe_max_dev,,,,1/110ths s,CE01ISSM,MFD35,ADCPT
CE01ISSM-MFD35-04-ADCPTM000,h_max_dev,h_max_dev,,,,deg,CE01ISSM,MFD35,ADCPT
CE01ISSM-MFD35-04-ADCPTM000,pr_max_dev,pr_max_dev,,,,deg,CE01ISSM,MFD35,ADCPT
CE01ISSM-MFD35-04-ADCPTM000,nom_depth,nom_depth,,,,cm,CE01ISSM,MFD35,ADCPT
CE01ISSM-MFD35-04-ADCPTM000,cal_press,cal_press,,,,1,CE01ISSM,MFD35,ADCPT
CE01ISSM-MFD35-04-ADCPTM000,depth_offset,depth_offset,,,,mm,CE01ISSM,MFD35,ADCPT
CE01ISSM-MFD35-04-ADCPTM000,currents,currents,,,,1,CE01ISSM,MFD35,ADCPT
CE01ISSM-MFD35-04-ADCPTM000,small_wave_freq,small_wave_freq,,,,1/100 Hz,CE01ISSM,MFD35,ADCPT
CE01ISSM-MFD35-04-ADCPTM000,small_wave_thresh,small_wave_thresh,,,,mm,CE01ISSM,MFD35,ADCPT
CE01ISSM-MFD35-04-ADCPTM000,tilts,tilts,,,,1,CE01ISSM,MFD35,ADCPT
CE01ISSM-MFD35-04-ADCPTM000,fixed_pitch,fixed_pitch,,,,deg,CE01ISSM,MFD35,ADCPT
CE01ISSM-MFD35-04-ADCPTM000,fixed_roll,fixed_roll,,,,deg,CE01ISSM,MFD35,ADCPT
CE01ISSM-MFD35-04-ADCPTM000,bottom_slope_x,bottom_slope_x,,,,m,CE01ISSM,MFD35,ADCPT
CE01ISSM-MFD35-04-ADCPTM000,bottom_slope_y,bottom_slope_y,,,,m,CE01ISSM,MFD35,ADCPT
CE01ISSM-MFD35-04-ADCPTM000,down,down,,,,1,CE01ISSM,MFD35,ADCPT
CE01ISSM-MFD35-04-ADCPTM000,trans_v2_surf,trans_v2_surf,,,,1,CE01ISSM,MFD35,ADCPT
CE01ISSM-MFD35-04-ADCPTM000,scale_spec,scale_spec,,,,1,CE01ISSM,MFD35,ADCPT
CE01ISSM-MFD35-04-ADCPTM000,sample_rate,sample_rate,,,,s,CE01ISSM,MFD35,ADCPT
CE01ISSM-MFD35-04-ADCPTM000,freq_thresh,freq_thresh,,,,Hz,CE01ISSM,MFD35,ADCPT
CE01ISSM-MFD35-04-ADCPTM000,dummy_surf,dummy_surf,,,,1,CE01ISSM,MFD35,ADCPT
CE01ISSM-MFD35-04-ADCPTM000,remove_bias,remove_bias,,,,1,CE01ISSM,MFD35,ADCPT
CE01ISSM-MFD35-04-ADCPTM000,dir_cutoff,dir_cutoff,,,,Hz,CE01ISSM,MFD35,ADCPT
CE01ISSM-MFD35-04-ADCPTM000,heading_variation,heading_variation,,,,1/100 deg,CE01ISSM,MFD35,ADCPT
CE01ISSM-MFD35-04-ADCPTM000,soft_rev,soft_rev,,,,1,CE01ISSM,MFD35,ADCPT
CE01ISSM-MFD35-04-ADCPTM000,clip_pwr_spec,clip_pwr_spec,,,,1,CE01ISSM,MFD35,ADCPT
CE01ISSM-MFD35-04-ADCPTM000,dir_p2,dir_p2,,,,1,CE01ISSM,MFD35,ADCPT
CE01ISSM-MFD35-04-ADCPTM000,horizontal,horizontal,,,,1,CE01ISSM,MFD35,ADCPT
CE01ISSM-MFD35-04-ADCPTM000,start_time,start_time,,,,1,CE01ISSM,MFD35,ADCPT
CE01ISSM-MFD35-04-ADCPTM000,stop_time,stop_time,,,,1,CE01ISSM,MFD35,ADCPT
CE01ISSM-MFD35-04-ADCPTM000,freq_lo,freq_lo,,,,1/1000th Hz,CE01ISSM,MFD35,ADCPT
CE01ISSM-MFD35-04-ADCPTM000,average_depth,average_depth,,,,mm,CE01ISSM,MFD35,ADCPT
CE01ISSM-MFD35-04-ADCPTM000,altitude,altitude,,,,cm,CE01ISSM,MFD35,ADCPT
CE01ISSM-MFD35-04-ADCPTM000,bin_map,bin_map,,,,1,CE01ISSM,MFD35,ADCPT
CE01ISSM-MFD35-04-ADCPTM000,disc_flag,disc_flag,,,,1,CE01ISSM,MFD35,ADCPT
CE01ISSM-MFD35-04-ADCPTM000,pct_gd_press,pct_gd_press,,,,%,CE01ISSM,MFD35,ADCPT
CE01ISSM-MFD35-04-ADCPTM000,avg_ss,avg_ss,,,,m/s,CE01ISSM,MFD35,ADCPT
CE01ISSM-MFD35-04-ADCPTM000,avg_temp,avg_temp,,,,deg C,CE01ISSM,MFD35,ADCPT
CE01ISSM-MFD35-04-ADCPTM000,pct_gd_surf,pct_gd_surf,,,,%,CE01ISSM,MFD35,ADCPT
CE01ISSM-MFD35-04-ADCPTM000,pct_gd_vel,pct_gd_vel,,,,%,CE01ISSM,MFD35,ADCPT
CE01ISSM-MFD35-04-ADCPTM000,heading_offset,heading_offset,,,,deg,CE01ISSM,MFD35,ADCPT
CE01ISSM-MFD35-04-ADCPTM000,hs_std,hs_std,,,,1,CE01ISSM,MFD35,ADCPT
CE01ISSM-MFD35-04-ADCPTM000,vs_std,vs_std,,,,1,CE01ISSM,MFD35,ADCPT
CE01ISSM-MFD35-04-ADCPTM000,ps_std,ps_std,,,,1,CE01ISSM,MFD35,ADCPT
CE01ISSM-MFD35-04-ADCPTM000,ds_freq_hi,ds_freq_hi,,,,1/100 Hz,CE01ISSM,MFD35,ADCPT
CE01ISSM-MFD35-04-ADCPTM000,vs_freq_hi,vs_freq_hi,,,,1/100 Hz,CE01ISSM,MFD35,ADCPT
CE01ISSM-MFD35-04-ADCPTM000,ps_freq_hi,ps_freq_hi,,,,1/100 Hz,CE01ISSM,MFD35,ADCPT
CE01ISSM-MFD35-04-ADCPTM000,ss_freq_hi,ss_freq_hi,,,,1/100 Hz,CE01ISSM,MFD35,ADCPT
CE01ISSM-MFD35-04-ADCPTM000,x_vel,x_vel,,,,mm/s,CE01ISSM,MFD35,ADCPT
CE01ISSM-MFD35-04-ADCPTM000,y_vel,y_vel,,,,mm/s,CE01ISSM,MFD35,ADCPT
CE01ISSM-MFD35-04-ADCPTM000,avg_pitch,avg_pitch,,,,1/100th deg,CE01ISSM,MFD35,ADCPT
CE01ISSM-MFD35-04-ADCPTM000,avg_roll,avg_roll,,,,1/100th deg,CE01ISSM,MFD35,ADCPT
CE01ISSM-MFD35-04-ADCPTM000,avg_heading,avg_heading,,,,1/100th deg,CE01ISSM,MFD35,ADCPT
CE01ISSM-MFD35-04-ADCPTM000,samples_collected,samples_collected,,,,counts,CE01ISSM,MFD35,ADCPT
CE01ISSM-MFD35-04-ADCPTM000,vspec_pct_measured,vspec_pct_measured,,,,%,CE01ISSM,MFD35,ADCPT
CE01ISSM-MFD35-04-ADCPTM000,vspec_num_freq,vspec_num_freq,,,,counts,CE01ISSM,MFD35,ADCPT
CE01ISSM-MFD35-04-ADCPTM000,vspec_dat,vspec_dat,,,,mm/sqrt(Hz),CE01ISSM,MFD35,ADCPT
CE01ISSM-MFD35-04-ADCPTM000,sspec_num_freq,sspec_num_freq,,,,counts,CE01ISSM,MFD35,ADCPT
CE01ISSM-MFD35-04-ADCPTM000,sspec_dat,sspec_dat,,,,mm/sqrt(Hz),CE01ISSM,MFD35,ADCPT
CE01ISSM-MFD35-04-ADCPTM000,pspec_num_freq,pspec_num_freq,,,,counts,CE01ISSM,MFD35,ADCPT
CE01ISSM-MFD35-04-ADCPTM000,pspec_dat,pspec_dat,,,,mm/sqrt(Hz),CE01ISSM,MFD35,ADCPT
CE01ISSM-MFD35-04-ADCPTM000,dspec_num_freq,dspec_num_freq,,,,counts,CE01ISSM,MFD35,ADCPT
CE01ISSM-MFD35-04-ADCPTM000,dspec_num_dir,dspec_num_dir,,,,counts,CE01ISSM,MFD35,ADCPT
CE01ISSM-MFD35-04-ADCPTM000,dspec_good,dspec_good,,,,counts,CE01ISSM,MFD35,ADCPT
CE01ISSM-MFD35-04-ADCPTM000,dspec_dat,dspec_dat,,,,mm/sqrt(Hz)/deg,CE01ISSM,MFD35,ADCPT
CE01ISSM-MFD35-04-ADCPTM000,wave_hs1,wave_hs1,,,,mm,CE01ISSM,MFD35,ADCPT
CE01ISSM-MFD35-04-ADCPTM000,wave_tp1,wave_tp1,,,,1/10 s,CE01ISSM,MFD35,ADCPT
CE01ISSM-MFD35-04-ADCPTM000,wave_dp1,wave_dp1,,,,deg,CE01ISSM,MFD35,ADCPT
CE01ISSM-MFD35-04-ADCPTM000,wave_hs2,wave_hs2,,,,mm,CE01ISSM,MFD35,ADCPT
CE01ISSM-MFD35-04-ADCPTM000,wave_tp2,wave_tp2,,,,1/10 s,CE01ISSM,MFD35,ADCPT
CE01ISSM-MFD35-04-ADCPTM000,wave_dp2,wave_dp2,,,,deg,CE01ISSM,MFD35,ADCPT
CE01ISSM-MFD35-04-ADCPTM000,wave_dm,wave_dm,,,,deg,CE01ISSM,MFD35,ADCPT
CE01ISSM-MFD35-04-ADCPTM000,hpr_num_samples,hpr_num_samples,,,,counts,CE01ISSM,MFD35,ADCPT
CE01ISSM-MFD35-04-ADCPTM000,beam_angle,beam_angle,,,,deg,CE01ISSM,MFD35,ADCPT
CE01ISSM-MFD35-04-ADCPTM000,heading_time_series,heading_time_series,,,,1/100th deg,CE01ISSM,MFD35,ADCPT
CE01ISSM-MFD35-04-ADCPTM000,pitch_time_series,pitch_time_series,,,,1/100th deg,CE01ISSM,MFD35,ADCPT
CE01ISSM-MFD35-04-ADCPTM000,roll_time_series,roll_time_series,,,,1/100th deg,CE01ISSM,MFD35,ADCPT
CE01ISSM-MFD35-04-ADCPTM000,adcps_jln_recovered_eastward_seawater_velocity,adcps_jln_recovered_eastward_seawater_velocity,-3,3,L1,m s-1,CE01ISSM,MFD35,ADCPT
CE01ISSM-MFD35-04-ADCPTM000,adcps_jln_recovered_northward_seawater_velocity,adcps_jln_recovered_northward_seawater_velocity,-3,3,L1,m s-1,CE01ISSM,MFD35,ADCPT
CE01ISSM-MFD35-04-ADCPTM000,firmware_version,firmware_version,,,,1,CE01ISSM,MFD35,ADCPT
CE01ISSM-MFD35-04-ADCPTM000,firmware_revision,firmware_revision,,,,1,CE01ISSM,MFD35,ADCPT
CE01ISSM-MFD35-04-ADCPTM000,sysconfig_frequency,sysconfig_frequency,,,,kHz,CE01ISSM,MFD35,ADCPT
CE01ISSM-MFD35-04-ADCPTM000,sysconfig_beam_pattern,sysconfig_beam_pattern,,,,1,CE01ISSM,MFD35,ADCPT
CE01ISSM-MFD35-04-ADCPTM000,sysconfig_sensor_config,sysconfig_sensor_config,,,,1,CE01ISSM,MFD35,ADCPT
CE01ISSM-MFD35-04-ADCPTM000,sysconfig_head_attached,sysconfig_head_attached,,,,1,CE01ISSM,MFD35,ADCPT
CE01ISSM-MFD35-04-ADCPTM000,sysconfig_vertical_orientation,sysconfig_vertical_orientation,,,,1,CE01ISSM,MFD35,ADCPT
CE01ISSM-MFD35-04-ADCPTM000,data_flag,data_flag,,,,1,CE01ISSM,MFD35,ADCPT
CE01ISSM-MFD35-04-ADCPTM000,lag_length,lag_length,,,,s,CE01ISSM,MFD35,ADCPT
CE01ISSM-MFD35-04-ADCPTM000,num_beams,num_beams,,,,1,CE01ISSM,MFD35,ADCPT
CE01ISSM-MFD35-04-ADCPTM000,num_cells,num_cells,,,,1,CE01ISSM,MFD35,ADCPT
CE01ISSM-MFD35-04-ADCPTM000,pings_per_ensemble,pings_per_ensemble,,,,1,CE01ISSM,MFD35,ADCPT
CE01ISSM-MFD35-04-ADCPTM000,cell_length,cell_length,,,,cm,CE01ISSM,MFD35,ADCPT
CE01ISSM-MFD35-04-ADCPTM000,blank_after_transmit,blank_after_transmit,,,,cm,CE01ISSM,MFD35,ADCPT
CE01ISSM-MFD35-04-ADCPTM000,signal_processing_mode,signal_processing_mode,,,,1,CE01ISSM,MFD35,ADCPT
CE01ISSM-MFD35-04-ADCPTM000,low_corr_threshold,low_corr_threshold,,,,counts,CE01ISSM,MFD35,ADCPT
CE01ISSM-MFD35-04-ADCPTM000,num_code_repetitions,num_code_repetitions,,,,counts,CE01ISSM,MFD35,ADCPT
CE01ISSM-MFD35-04-ADCPTM000,percent_good_min,percent_good_min,,,,percent,CE01ISSM,MFD35,ADCPT
CE01ISSM-MFD35-04-ADCPTM000,error_vel_threshold,error_vel_threshold,,,,mm s-1,CE01ISSM,MFD35,ADCPT
CE01ISSM-MFD35-04-ADCPTM000,time_per_ping_minutes,time_per_ping_minutes,,,,min,CE01ISSM,MFD35,ADCPT
CE01ISSM-MFD35-04-ADCPTM000,time_per_ping_seconds,time_per_ping_seconds,,,,s,CE01ISSM,MFD35,ADCPT
CE01ISSM-MFD35-04-ADCPTM000,coord_transform_type,coord_transform_type,,,,1,CE01ISSM,MFD35,ADCPT
CE01ISSM-MFD35-04-ADCPTM000,coord_transform_tilts,coord_transform_tilts,,,,1,CE01ISSM,MFD35,ADCPT
CE01ISSM-MFD35-04-ADCPTM000,coord_transform_beams,coord_transform_beams,,,,1,CE01ISSM,MFD35,ADCPT
CE01ISSM-MFD35-04-ADCPTM000,coord_transform_mapping,coord_transform_mapping,,,,1,CE01ISSM,MFD35,ADCPT
CE01ISSM-MFD35-04-ADCPTM000,heading_alignment,heading_alignment,,,,cdegrees,CE01ISSM,MFD35,ADCPT
CE01ISSM-MFD35-04-ADCPTM000,heading_bias,heading_bias,,,,cdegrees,CE01ISSM,MFD35,ADCPT
CE01ISSM-MFD35-04-ADCPTM000,sensor_source_speed,sensor_source_speed,,,,1,CE01ISSM,MFD35,ADCPT
CE01ISSM-MFD35-04-ADCPTM000,sensor_source_depth,sensor_source_depth,,,,1,CE01ISSM,MFD35,ADCPT
CE01ISSM-MFD35-04-ADCPTM000,sensor_source_heading,sensor_source_heading,,,,1,CE01ISSM,MFD35,ADCPT
CE01ISSM-MFD35-04-ADCPTM000,sensor_source_pitch,sensor_source_pitch,,,,1,CE01ISSM,MFD35,ADCPT
CE01ISSM-MFD35-04-ADCPTM000,sensor_source_roll,sensor_source_roll,,,,1,CE01ISSM,MFD35,ADCPT
CE01ISSM-MFD35-04-ADCPTM000,sensor_source_conductivity,sensor_source_conductivity,,,,1,CE01ISSM,MFD35,ADCPT
CE01ISSM-MFD35-04-ADCPTM000,sensor_source_temperature,sensor_source_temperature,,,,1,CE01ISSM,MFD35,ADCPT
CE01ISSM-MFD35-04-ADCPTM000,sensor_available_depth,sensor_available_depth,,,,1,CE01ISSM,MFD35,ADCPT
CE01ISSM-MFD35-04-ADCPTM000,sensor_available_heading,sensor_available_heading,,,,1,CE01ISSM,MFD35,ADCPT
CE01ISSM-MFD35-04-ADCPTM000,sensor_available_pitch,sensor_available_pitch,,,,1,CE01ISSM,MFD35,ADCPT
CE01ISSM-MFD35-04-ADCPTM000,sensor_available_roll,sensor_available_roll,,,,1,CE01ISSM,MFD35,ADCPT
CE01ISSM-MFD35-04-ADCPTM000,sensor_available_conductivity,sensor_available_conductivity,,,,1,CE01ISSM,MFD35,ADCPT
CE01ISSM-MFD35-04-ADCPTM000,sensor_available_temperature,sensor_available_temperature,,,,1,CE01ISSM,MFD35,ADCPT
CE01ISSM-MFD35-04-ADCPTM000,bin_1_distance,bin_1_distance,,,,cm,CE01ISSM,MFD35,ADCPT
CE01ISSM-MFD35-04-ADCPTM000,transmit_pulse_length,transmit_pulse_length,,,,cm,CE01ISSM,MFD35,ADCPT
CE01ISSM-MFD35-04-ADCPTM000,reference_layer_start,reference_layer_start,,,,1,CE01ISSM,MFD35,ADCPT
CE01ISSM-MFD35-04-ADCPTM000,reference_layer_stop,reference_layer_stop,,,,1,CE01ISSM,MFD35,ADCPT
CE01ISSM-MFD35-04-ADCPTM000,false_target_threshold,false_target_threshold,,,,counts,CE01ISSM,MFD35,ADCPT
CE01ISSM-MFD35-04-ADCPTM000,low_latency_trigger,low_latency_trigger,,,,1,CE01ISSM,MFD35,ADCPT
CE01ISSM-MFD35-04-ADCPTM000,transmit_lag_distance,transmit_lag_distance,,,,cm,CE01ISSM,MFD35,ADCPT
CE01ISSM-MFD35-04-ADCPTM000,cpu_board_serial_number,cpu_board_serial_number,,,,1,CE01ISSM,MFD35,ADCPT
CE01ISSM-MFD35-04-ADCPTM000,system_bandwidth,system_bandwidth,,,,1,CE01ISSM,MFD35,ADCPT
CE01ISSM-MFD35-04-ADCPTM000,system_power,system_power,,,,1,CE01ISSM,MFD35,ADCPT
CE01ISSM-MFD35-04-ADCPTM000,beam_angle,beam_angle,,,,degrees,CE01ISSM,MFD35,ADCPT
CE01ISSM-MFD35-04-ADCPTM000,ensemble_number,ensemble_number,,,,1,CE01ISSM,MFD35,ADCPT
CE01ISSM-MFD35-04-ADCPTM000,ensemble_number_increment,ensemble_number_increment,,,,1,CE01ISSM,MFD35,ADCPT
CE01ISSM-MFD35-04-ADCPTM000,bit_result_demod_1,bit_result_demod_1,,,,1,CE01ISSM,MFD35,ADCPT
CE01ISSM-MFD35-04-ADCPTM000,bit_result_demod_0,bit_result_demod_0,,,,1,CE01ISSM,MFD35,ADCPT
CE01ISSM-MFD35-04-ADCPTM000,bit_result_timing,bit_result_timing,,,,1,CE01ISSM,MFD35,ADCPT
CE01ISSM-MFD35-04-ADCPTM000,speed_of_sound,speed_of_sound,,,,m s-1,CE01ISSM,MFD35,ADCPT
CE01ISSM-MFD35-04-ADCPTM000,transducer_depth,transducer_depth,,,,dm,CE01ISSM,MFD35,ADCPT
CE01ISSM-MFD35-04-ADCPTM000,heading,heading,,,,cdegrees,CE01ISSM,MFD35,ADCPT
CE01ISSM-MFD35-04-ADCPTM000,pitch,pitch,,,,cdegrees,CE01ISSM,MFD35,ADCPT
CE01ISSM-MFD35-04-ADCPTM000,roll,roll,,,,cdegrees,CE01ISSM,MFD35,ADCPT
CE01ISSM-MFD35-04-ADCPTM000,salinity,salinity,,,,1,CE01ISSM,MFD35,ADCPT
CE01ISSM-MFD35-04-ADCPTM000,temperature,temperature,,,,cdeg_C,CE01ISSM,MFD35,ADCPT
CE01ISSM-MFD35-04-ADCPTM000,mpt_minutes,mpt_minutes,,,,min,CE01ISSM,MFD35,ADCPT
CE01ISSM-MFD35-04-ADCPTM000,mpt_seconds,mpt_seconds,,,,s,CE01ISSM,MFD35,ADCPT
CE01ISSM-MFD35-04-ADCPTM000,heading_stdev,heading_stdev,,,,degrees,CE01ISSM,MFD35,ADCPT
CE01ISSM-MFD35-04-ADCPTM000,pitch_stdev,pitch_stdev,,,,ddegrees,CE01ISSM,MFD35,ADCPT
CE01ISSM-MFD35-04-ADCPTM000,roll_stdev,roll_stdev,,,,ddegrees,CE01ISSM,MFD35,ADCPT
CE01ISSM-MFD35-04-ADCPTM000,adc_transmit_current,adc_transmit_current,,,,counts,CE01ISSM,MFD35,ADCPT
CE01ISSM-MFD35-04-ADCPTM000,adc_transmit_voltage,adc_transmit_voltage,,,,counts,CE01ISSM,MFD35,ADCPT
CE01ISSM-MFD35-04-ADCPTM000,adc_ambient_temp,adc_ambient_temp,,,,counts,CE01ISSM,MFD35,ADCPT
CE01ISSM-MFD35-04-ADCPTM000,adc_pressure_plus,adc_pressure_plus,,,,counts,CE01ISSM,MFD35,ADCPT
CE01ISSM-MFD35-04-ADCPTM000,adc_pressure_minus,adc_pressure_minus,,,,counts,CE01ISSM,MFD35,ADCPT
CE01ISSM-MFD35-04-ADCPTM000,adc_attitude_temp,adc_attitude_temp,,,,counts,CE01ISSM,MFD35,ADCPT
CE01ISSM-MFD35-04-ADCPTM000,adc_attitude,adc_attitude,,,,counts,CE01ISSM,MFD35,ADCPT
CE01ISSM-MFD35-04-ADCPTM000,adc_contamination_sensor,adc_contamination_sensor,,,,counts,CE01ISSM,MFD35,ADCPT
CE01ISSM-MFD35-04-ADCPTM000,bus_error_exception,bus_error_exception,,,,1,CE01ISSM,MFD35,ADCPT
CE01ISSM-MFD35-04-ADCPTM000,address_error_exception,address_error_exception,,,,1,CE01ISSM,MFD35,ADCPT
CE01ISSM-MFD35-04-ADCPTM000,illegal_instruction_exception,illegal_instruction_exception,,,,1,CE01ISSM,MFD35,ADCPT
CE01ISSM-MFD35-04-ADCPTM000,zero_divide_instruction,zero_divide_instruction,,,,1,CE01ISSM,MFD35,ADCPT
CE01ISSM-MFD35-04-ADCPTM000,emulator_exception,emulator_exception,,,,1,CE01ISSM,MFD35,ADCPT
CE01ISSM-MFD35-04-ADCPTM000,unassigned_exception,unassigned_exception,,,,1,CE01ISSM,MFD35,ADCPT
CE01ISSM-MFD35-04-ADCPTM000,watchdog_restart_occurred,watchdog_restart_occurred,,,,1,CE01ISSM,MFD35,ADCPT
CE01ISSM-MFD35-04-ADCPTM000,battery_saver_power,battery_saver_power,,,,1,CE01ISSM,MFD35,ADCPT
CE01ISSM-MFD35-04-ADCPTM000,pinging,pinging,,,,1,CE01ISSM,MFD35,ADCPT
CE01ISSM-MFD35-04-ADCPTM000,cold_wakeup_occurred,cold_wakeup_occurred,,,,1,CE01ISSM,MFD35,ADCPT
CE01ISSM-MFD35-04-ADCPTM000,time,time,,,ENG,seconds since 1900-01-01,CE01ISSM,MFD35,ADCPT
CE01ISSM-MFD35-04-ADCPTM000,unknown_wakeup_occurred,unknown_wakeup_occurred,,,,1,CE01ISSM,MFD35,ADCPT
CE01ISSM-MFD35-04-ADCPTM000,clock_read_error,clock_read_error,,,,1,CE01ISSM,MFD35,ADCPT
CE01ISSM-MFD35-04-ADCPTM000,unexpected_alarm,unexpected_alarm,,,,1,CE01ISSM,MFD35,ADCPT
CE01ISSM-MFD35-04-ADCPTM000,clock_jump_forward,clock_jump_forward,,,,1,CE01ISSM,MFD35,ADCPT
CE01ISSM-MFD35-04-ADCPTM000,clock_jump_backward,clock_jump_backward,,,,1,CE01ISSM,MFD35,ADCPT
CE01ISSM-MFD35-04-ADCPTM000,power_fail,power_fail,,,,1,CE01ISSM,MFD35,ADCPT
CE01ISSM-MFD35-04-ADCPTM000,spurious_dsp_interrupt,spurious_dsp_interrupt,,,,1,CE01ISSM,MFD35,ADCPT
CE01ISSM-MFD35-04-ADCPTM000,spurious_uart_interrupt,spurious_uart_interrupt,,,,1,CE01ISSM,MFD35,ADCPT
CE01ISSM-MFD35-04-ADCPTM000,spurious_clock_interrupt,spurious_clock_interrupt,,,,1,CE01ISSM,MFD35,ADCPT
CE01ISSM-MFD35-04-ADCPTM000,level_7_interrupt,level_7_interrupt,,,,1,CE01ISSM,MFD35,ADCPT
CE01ISSM-MFD35-04-ADCPTM000,pressure,pressure,,,,daPa,CE01ISSM,MFD35,ADCPT
CE01ISSM-MFD35-04-ADCPTM000,pressure_variance,pressure_variance,,,,daPa,CE01ISSM,MFD35,ADCPT
CE01ISSM-MFD35-04-ADCPTM000,water_velocity_east,water_velocity_east,,,L0,mm s-1,CE01ISSM,MFD35,ADCPT
CE01ISSM-MFD35-04-ADCPTM000,water_velocity_north,water_velocity_north,,,L0,mm s-1,CE01ISSM,MFD35,ADCPT
CE01ISSM-MFD35-04-ADCPTM000,water_velocity_up,water_velocity_up,,,L0,mm s-1,CE01ISSM,MFD35,ADCPT
CE01ISSM-MFD35-04-ADCPTM000,error_velocity,error_velocity,,,L0,mm s-1,CE01ISSM,MFD35,ADCPT
CE01ISSM-MFD35-04-ADCPTM000,correlation_magnitude_beam1,correlation_magnitude_beam1,,,,1,CE01ISSM,MFD35,ADCPT
CE01ISSM-MFD35-04-ADCPTM000,correlation_magnitude_beam2,correlation_magnitude_beam2,,,,1,CE01ISSM,MFD35,ADCPT
CE01ISSM-MFD35-04-ADCPTM000,correlation_magnitude_beam3,correlation_magnitude_beam3,,,,1,CE01ISSM,MFD35,ADCPT
CE01ISSM-MFD35-04-ADCPTM000,correlation_magnitude_beam4,correlation_magnitude_beam4,,,,1,CE01ISSM,MFD35,ADCPT
CE01ISSM-MFD35-04-ADCPTM000,echo_intensity_beam1,echo_intensity_beam1,,,L0,counts,CE01ISSM,MFD35,ADCPT
CE01ISSM-MFD35-04-ADCPTM000,echo_intensity_beam2,echo_intensity_beam2,,,L0,counts,CE01ISSM,MFD35,ADCPT
CE01ISSM-MFD35-04-ADCPTM000,echo_intensity_beam3,echo_intensity_beam3,,,L0,counts,CE01ISSM,MFD35,ADCPT
CE01ISSM-MFD35-04-ADCPTM000,echo_intensity_beam4,echo_intensity_beam4,,,L0,counts,CE01ISSM,MFD35,ADCPT
CE01ISSM-MFD35-04-ADCPTM000,percent_good_3beam,percent_good_3beam,,,,percent,CE01ISSM,MFD35,ADCPT
CE01ISSM-MFD35-04-ADCPTM000,percent_transforms_reject,percent_transforms_reject,,,,percent,CE01ISSM,MFD35,ADCPT
CE01ISSM-MFD35-04-ADCPTM000,percent_bad_beams,percent_bad_beams,,,,percent,CE01ISSM,MFD35,ADCPT
CE01ISSM-MFD35-04-ADCPTM000,percent_good_4beam,percent_good_4beam,,,,percent,CE01ISSM,MFD35,ADCPT
CE01ISSM-MFD35-04-ADCPTM000,burst_number,burst_number,,,,1,CE01ISSM,MFD35,ADCPT
CE01ISSM-MFD35-04-ADCPTM000,ensemble_start_time,ensemble_start_time,,,,seconds since 1900-01-01,CE01ISSM,MFD35,ADCPT
CE01ISSM-MFD35-04-ADCPTM000,ingestion_timestamp,ingestion_timestamp,,,ENG,seconds since 1900-01-01,CE01ISSM,MFD35,ADCPT
CE01ISSM-MFD35-04-ADCPTM000,real_time_clock,real_time_clock,,,,1,CE01ISSM,MFD35,ADCPT
CE01ISSM-MFD35-04-ADCPTM000,upward_earth_seawater_velocity,upward_earth_seawater_velocity,-1,1,L1,m s-1,CE01ISSM,MFD35,ADCPT
CE01ISSM-MFD35-04-ADCPTM000,earth_error_velocity,earth_error_velocity,-1,1,L1,m s-1,CE01ISSM,MFD35,ADCPT
CE01ISSM-MFD35-05-PCO2WB000,driver_timestamp,driver_timestamp,,,ENG,seconds since 1900-01-01,CE01ISSM,MFD35,PCO2W
CE01ISSM-MFD35-05-PCO2WB000,external_device2_fault,external_device2_fault,,,,1,CE01ISSM,MFD35,PCO2W
CE01ISSM-MFD35-05-PCO2WB000,external_device3_fault,external_device3_fault,,,,1,CE01ISSM,MFD35,PCO2W
CE01ISSM-MFD35-05-PCO2WB000,num_data_records,num_data_records,,,,1,CE01ISSM,MFD35,PCO2W
CE01ISSM-MFD35-05-PCO2WB000,num_error_records,num_error_records,,,,1,CE01ISSM,MFD35,PCO2W
CE01ISSM-MFD35-05-PCO2WB000,num_bytes_stored,num_bytes_stored,,,,bytes,CE01ISSM,MFD35,PCO2W
CE01ISSM-MFD35-05-PCO2WB000,internal_timestamp,internal_timestamp,,,ENG,seconds since 1900-01-01,CE01ISSM,MFD35,PCO2W
CE01ISSM-MFD35-05-PCO2WB000,preferred_timestamp,preferred_timestamp,,,ENG,1,CE01ISSM,MFD35,PCO2W
CE01ISSM-MFD35-05-PCO2WB000,passed_checksum,passed_checksum,,,ENG,1,CE01ISSM,MFD35,PCO2W
CE01ISSM-MFD35-05-PCO2WB000,dcl_controller_timestamp,dcl_controller_timestamp,,,ENG,1,CE01ISSM,MFD35,PCO2W
CE01ISSM-MFD35-05-PCO2WB000,blank_light_measurements,blank_light_measurements,,,,counts,CE01ISSM,MFD35,PCO2W
CE01ISSM-MFD35-05-PCO2WB000,battery_low_blank,battery_low_blank,,,,1,CE01ISSM,MFD35,PCO2W
CE01ISSM-MFD35-05-PCO2WB000,unique_id,unique_id,,,,1,CE01ISSM,MFD35,PCO2W
CE01ISSM-MFD35-05-PCO2WB000,record_type,record_type,,,,1,CE01ISSM,MFD35,PCO2W
CE01ISSM-MFD35-05-PCO2WB000,record_time,record_time,,,,seconds since 1904-01-01,CE01ISSM,MFD35,PCO2W
CE01ISSM-MFD35-05-PCO2WB000,light_measurements,light_measurements,,,,counts,CE01ISSM,MFD35,PCO2W
CE01ISSM-MFD35-05-PCO2WB000,voltage_battery,voltage_battery,,,,counts,CE01ISSM,MFD35,PCO2W
CE01ISSM-MFD35-05-PCO2WB000,thermistor_raw,thermistor_raw,,,L0,V,CE01ISSM,MFD35,PCO2W
CE01ISSM-MFD35-05-PCO2WB000,clock_active,clock_active,,,,1,CE01ISSM,MFD35,PCO2W
CE01ISSM-MFD35-05-PCO2WB000,recording_active,recording_active,,,,1,CE01ISSM,MFD35,PCO2W
CE01ISSM-MFD35-05-PCO2WB000,record_end_on_time,record_end_on_time,,,,1,CE01ISSM,MFD35,PCO2W
CE01ISSM-MFD35-05-PCO2WB000,record_memory_full,record_memory_full,,,,1,CE01ISSM,MFD35,PCO2W
CE01ISSM-MFD35-05-PCO2WB000,record_end_on_error,record_end_on_error,,,,1,CE01ISSM,MFD35,PCO2W
CE01ISSM-MFD35-05-PCO2WB000,data_download_ok,data_download_ok,,,,1,CE01ISSM,MFD35,PCO2W
CE01ISSM-MFD35-05-PCO2WB000,flash_memory_open,flash_memory_open,,,,1,CE01ISSM,MFD35,PCO2W
CE01ISSM-MFD35-05-PCO2WB000,battery_low_prestart,battery_low_prestart,,,,1,CE01ISSM,MFD35,PCO2W
CE01ISSM-MFD35-05-PCO2WB000,battery_low_measurement,battery_low_measurement,,,,1,CE01ISSM,MFD35,PCO2W
CE01ISSM-MFD35-05-PCO2WB000,battery_low_external,battery_low_external,,,,1,CE01ISSM,MFD35,PCO2W
CE01ISSM-MFD35-05-PCO2WB000,external_device1_fault,external_device1_fault,,,,1,CE01ISSM,MFD35,PCO2W
CE01ISSM-MFD35-05-PCO2WB000,flash_erased,flash_erased,,,,1,CE01ISSM,MFD35,PCO2W
CE01ISSM-MFD35-05-PCO2WB000,power_on_invalid,power_on_invalid,,,,1,CE01ISSM,MFD35,PCO2W
CE01ISSM-MFD35-05-PCO2WB000,time,time,,,ENG,seconds since 1900-01-01,CE01ISSM,MFD35,PCO2W
CE01ISSM-MFD35-05-PCO2WB000,ingestion_timestamp,ingestion_timestamp,,,ENG,seconds since 1900-01-01,CE01ISSM,MFD35,PCO2W
CE01ISSM-MFD35-05-PCO2WB000,absorbance_ratio_434,absorbance_ratio_434,0,100000,L0,counts,CE01ISSM,MFD35,PCO2W
CE01ISSM-MFD35-05-PCO2WB000,absorbance_ratio_620,absorbance_ratio_620,0,100000,L0,counts,CE01ISSM,MFD35,PCO2W
CE01ISSM-MFD35-05-PCO2WB000,absorbance_blank_434,absorbance_blank_434,,,L0,1,CE01ISSM,MFD35,PCO2W
CE01ISSM-MFD35-05-PCO2WB000,absorbance_blank_620,absorbance_blank_620,,,L0,1,CE01ISSM,MFD35,PCO2W
CE01ISSM-MFD35-05-PCO2WB000,pco2w_thermistor_temperature,pco2w_thermistor_temperature,-2,40,,deg_C,CE01ISSM,MFD35,PCO2W
CE01ISSM-MFD35-05-PCO2WB000,pco2_seawater,pco2_seawater,100,600,L1,uatm,CE01ISSM,MFD35,PCO2W
CE01ISSM-MFD35-06-PHSEND000,driver_timestamp,driver_timestamp,,,ENG,seconds since 1900-01-01,CE01ISSM,MFD35,PHSEN
CE01ISSM-MFD35-06-PHSEND000,external_device2_fault,external_device2_fault,,,,1,CE01ISSM,MFD35,PHSEN
CE01ISSM-MFD35-06-PHSEND000,external_device3_fault,external_device3_fault,,,,1,CE01ISSM,MFD35,PHSEN
CE01ISSM-MFD35-06-PHSEND000,num_data_records,num_data_records,,,,1,CE01ISSM,MFD35,PHSEN
CE01ISSM-MFD35-06-PHSEND000,num_error_records,num_error_records,,,,1,CE01ISSM,MFD35,PHSEN
CE01ISSM-MFD35-06-PHSEND000,num_bytes_stored,num_bytes_stored,,,,bytes,CE01ISSM,MFD35,PHSEN
CE01ISSM-MFD35-06-PHSEND000,internal_timestamp,internal_timestamp,,,ENG,seconds since 1900-01-01,CE01ISSM,MFD35,PHSEN
CE01ISSM-MFD35-06-PHSEND000,preferred_timestamp,preferred_timestamp,,,ENG,1,CE01ISSM,MFD35,PHSEN
CE01ISSM-MFD35-06-PHSEND000,passed_checksum,passed_checksum,,,ENG,1,CE01ISSM,MFD35,PHSEN
CE01ISSM-MFD35-06-PHSEND000,dcl_controller_timestamp,dcl_controller_timestamp,,,ENG,1,CE01ISSM,MFD35,PHSEN
CE01ISSM-MFD35-06-PHSEND000,phsen_abcdef_ph_seawater,phsen_abcdef_ph_seawater,7.3,8.5,L1,(unitless),CE01ISSM,MFD35,PHSEN
CE01ISSM-MFD35-06-PHSEND000,battery_low_blank,battery_low_blank,,,,1,CE01ISSM,MFD35,PHSEN
CE01ISSM-MFD35-06-PHSEND000,unique_id,unique_id,,,,1,CE01ISSM,MFD35,PHSEN
CE01ISSM-MFD35-06-PHSEND000,record_type,record_type,,,,1,CE01ISSM,MFD35,PHSEN
CE01ISSM-MFD35-06-PHSEND000,record_time,record_time,,,,seconds since 1904-01-01,CE01ISSM,MFD35,PHSEN
CE01ISSM-MFD35-06-PHSEND000,light_measurements,light_measurements,,,,counts,CE01ISSM,MFD35,PHSEN
CE01ISSM-MFD35-06-PHSEND000,voltage_battery,voltage_battery,,,,counts,CE01ISSM,MFD35,PHSEN
CE01ISSM-MFD35-06-PHSEND000,clock_active,clock_active,,,,1,CE01ISSM,MFD35,PHSEN
CE01ISSM-MFD35-06-PHSEND000,recording_active,recording_active,,,,1,CE01ISSM,MFD35,PHSEN
CE01ISSM-MFD35-06-PHSEND000,record_end_on_time,record_end_on_time,,,,1,CE01ISSM,MFD35,PHSEN
CE01ISSM-MFD35-06-PHSEND000,record_memory_full,record_memory_full,,,,1,CE01ISSM,MFD35,PHSEN
CE01ISSM-MFD35-06-PHSEND000,phsen_abcdef_signal_intensity_434,phsen_abcdef_signal_intensity_434,,,L0,counts,CE01ISSM,MFD35,PHSEN
CE01ISSM-MFD35-06-PHSEND000,phsen_abcdef_signal_intensity_578,phsen_abcdef_signal_intensity_578,,,L0,counts,CE01ISSM,MFD35,PHSEN
CE01ISSM-MFD35-06-PHSEND000,record_end_on_error,record_end_on_error,,,,1,CE01ISSM,MFD35,PHSEN
CE01ISSM-MFD35-06-PHSEND000,data_download_ok,data_download_ok,,,,1,CE01ISSM,MFD35,PHSEN
CE01ISSM-MFD35-06-PHSEND000,flash_memory_open,flash_memory_open,,,,1,CE01ISSM,MFD35,PHSEN
CE01ISSM-MFD35-06-PHSEND000,battery_low_prestart,battery_low_prestart,,,,1,CE01ISSM,MFD35,PHSEN
CE01ISSM-MFD35-06-PHSEND000,battery_low_measurement,battery_low_measurement,,,,1,CE01ISSM,MFD35,PHSEN
CE01ISSM-MFD35-06-PHSEND000,battery_low_external,battery_low_external,,,,1,CE01ISSM,MFD35,PHSEN
CE01ISSM-MFD35-06-PHSEND000,external_device1_fault,external_device1_fault,,,,1,CE01ISSM,MFD35,PHSEN
CE01ISSM-MFD35-06-PHSEND000,flash_erased,flash_erased,,,,1,CE01ISSM,MFD35,PHSEN
CE01ISSM-MFD35-06-PHSEND000,power_on_invalid,power_on_invalid,,,,1,CE01ISSM,MFD35,PHSEN
CE01ISSM-MFD35-06-PHSEND000,time,time,,,ENG,seconds since 1900-01-01,CE01ISSM,MFD35,PHSEN
CE01ISSM-MFD35-06-PHSEND000,ingestion_timestamp,ingestion_timestamp,,,ENG,seconds since 1900-01-01,CE01ISSM,MFD35,PHSEN
CE01ISSM-MFD35-06-PHSEND000,thermistor_start,thermistor_start,,,,counts,CE01ISSM,MFD35,PHSEN
CE01ISSM-MFD35-06-PHSEND000,reference_light_measurements,reference_light_measurements,,,,counts,CE01ISSM,MFD35,PHSEN
CE01ISSM-MFD35-06-PHSEND000,thermistor_end,thermistor_end,,,,counts,CE01ISSM,MFD35,PHSEN
CE01ISSM-MFD35-06-PHSEND000,phsen_thermistor_temperature,phsen_thermistor_temperature,,,L0,V,CE01ISSM,MFD35,PHSEN
CE01ISSM-MFD37-01-OPTAAD000,driver_timestamp,driver_timestamp,,,ENG,seconds since 1900-01-01,CE01ISSM,MFD37,OPTAA
CE01ISSM-MFD37-01-OPTAAD000,internal_timestamp,internal_timestamp,,,ENG,seconds since 1900-01-01,CE01ISSM,MFD37,OPTAA
CE01ISSM-MFD37-01-OPTAAD000,preferred_timestamp,preferred_timestamp,,,ENG,1,CE01ISSM,MFD37,OPTAA
CE01ISSM-MFD37-01-OPTAAD000,start_date,start_date,,,,1,CE01ISSM,MFD37,OPTAA
CE01ISSM-MFD37-01-OPTAAD000,serial_number,serial_number,,,ENG,1,CE01ISSM,MFD37,OPTAA
CE01ISSM-MFD37-01-OPTAAD000,optaa_dj_dcl_beam_attenuation,optaa_dj_dcl_beam_attenuation,0,100,L2,m-1,CE01ISSM,MFD37,OPTAA
CE01ISSM-MFD37-01-OPTAAD000,optaa_dj_dcl_optical_absorption,optaa_dj_dcl_optical_absorption,0,100,L2,m-1,CE01ISSM,MFD37,OPTAA
CE01ISSM-MFD37-01-OPTAAD000,packet_type,packet_type,,,,1,CE01ISSM,MFD37,OPTAA
CE01ISSM-MFD37-01-OPTAAD000,meter_type,meter_type,,,,1,CE01ISSM,MFD37,OPTAA
CE01ISSM-MFD37-01-OPTAAD000,a_reference_dark_counts,a_reference_dark_counts,,,,counts,CE01ISSM,MFD37,OPTAA
CE01ISSM-MFD37-01-OPTAAD000,pressure_counts,pressure_counts,,,,counts,CE01ISSM,MFD37,OPTAA
CE01ISSM-MFD37-01-OPTAAD000,a_signal_dark_counts,a_signal_dark_counts,,,,counts,CE01ISSM,MFD37,OPTAA
CE01ISSM-MFD37-01-OPTAAD000,external_temp_raw,external_temp_raw,,,,counts,CE01ISSM,MFD37,OPTAA
CE01ISSM-MFD37-01-OPTAAD000,internal_temp_raw,internal_temp_raw,,,L0,counts,CE01ISSM,MFD37,OPTAA
CE01ISSM-MFD37-01-OPTAAD000,c_reference_dark_counts,c_reference_dark_counts,,,,counts,CE01ISSM,MFD37,OPTAA
CE01ISSM-MFD37-01-OPTAAD000,c_signal_dark_counts,c_signal_dark_counts,,,,counts,CE01ISSM,MFD37,OPTAA
CE01ISSM-MFD37-01-OPTAAD000,elapsed_run_time,elapsed_run_time,,,,ms,CE01ISSM,MFD37,OPTAA
CE01ISSM-MFD37-01-OPTAAD000,num_wavelengths,num_wavelengths,,,,1,CE01ISSM,MFD37,OPTAA
CE01ISSM-MFD37-01-OPTAAD000,c_reference_counts,c_reference_counts,,,L0,counts,CE01ISSM,MFD37,OPTAA
CE01ISSM-MFD37-01-OPTAAD000,a_reference_counts,a_reference_counts,,,L0,counts,CE01ISSM,MFD37,OPTAA
CE01ISSM-MFD37-01-OPTAAD000,c_signal_counts,c_signal_counts,,,L0,counts,CE01ISSM,MFD37,OPTAA
CE01ISSM-MFD37-01-OPTAAD000,a_signal_counts,a_signal_counts,,,L0,counts,CE01ISSM,MFD37,OPTAA
CE01ISSM-MFD37-01-OPTAAD000,time,time,,,ENG,seconds since 1900-01-01,CE01ISSM,MFD37,OPTAA
CE01ISSM-MFD37-01-OPTAAD000,ingestion_timestamp,ingestion_timestamp,,,ENG,seconds since 1900-01-01,CE01ISSM,MFD37,OPTAA
CE01ISSM-MFD37-03-CTDBPC000,conductivity,conductivity,0,6,L1,S m-1,CE01ISSM,MFD37,CTDBP
CE01ISSM-MFD37-03-CTDBPC000,driver_timestamp,driver_timestamp,,,ENG,seconds since 1900-01-01,CE01ISSM,MFD37,CTDBP
CE01ISSM-MFD37-03-CTDBPC000,internal_timestamp,internal_timestamp,,,ENG,seconds since 1900-01-01,CE01ISSM,MFD37,CTDBP
CE01ISSM-MFD37-03-CTDBPC000,preferred_timestamp,preferred_timestamp,,,ENG,1,CE01ISSM,MFD37,CTDBP
CE01ISSM-MFD37-03-CTDBPC000,temperature,temperature,,,L0,counts,CE01ISSM,MFD37,CTDBP
CE01ISSM-MFD37-03-CTDBPC000,conductivity,conductivity,,,L0,counts,CE01ISSM,MFD37,CTDBP
CE01ISSM-MFD37-03-CTDBPC000,pressure,pressure,,,L0,counts,CE01ISSM,MFD37,CTDBP
CE01ISSM-MFD37-03-CTDBPC000,pressure_temp,pressure_temp,,,L0,counts,CE01ISSM,MFD37,CTDBP
CE01ISSM-MFD37-03-CTDBPC000,ctd_time,ctd_time,,,ENG,seconds since 2000-01-01,CE01ISSM,MFD37,CTDBP
CE01ISSM-MFD37-03-CTDBPC000,pressure,pressure,0,6000,L1,dbar,CE01ISSM,MFD37,CTDBP
CE01ISSM-MFD37-03-CTDBPC000,dcl_controller_timestamp,dcl_controller_timestamp,,,ENG,1,CE01ISSM,MFD37,CTDBP
CE01ISSM-MFD37-03-CTDBPC000,ctdbp_seawater_temperature,ctdbp_seawater_temperature,-2,40,L1,deg_C,CE01ISSM,MFD37,CTDBP
CE01ISSM-MFD37-03-CTDBPC000,ctdbp_seawater_pressure,ctdbp_seawater_pressure,0,6000,L1,dbar,CE01ISSM,MFD37,CTDBP
CE01ISSM-MFD37-03-CTDBPC000,ctdbp_seawater_conductivity,ctdbp_seawater_conductivity,0,6,L1,S m-1,CE01ISSM,MFD37,CTDBP
CE01ISSM-MFD37-03-CTDBPC000,ctdbp_practical_salinity,ctdbp_practical_salinity,0,42,L2,1,CE01ISSM,MFD37,CTDBP
CE01ISSM-MFD37-03-CTDBPC000,ctdbp_seawater_density,ctdbp_seawater_density,1000,1100,L2,kg m-3,CE01ISSM,MFD37,CTDBP
CE01ISSM-MFD37-03-CTDBPC000,ctdbp_cdef_dcl_ce_density,ctdbp_cdef_dcl_ce_density,1000,1100,L2,kg m-3,CE01ISSM,MFD37,CTDBP
CE01ISSM-MFD37-03-CTDBPC000,temp,temp,-2,40,L1,deg_C,CE01ISSM,MFD37,CTDBP
CE01ISSM-MFD37-03-CTDBPC000,time,time,,,ENG,seconds since 1900-01-01,CE01ISSM,MFD37,CTDBP
CE01ISSM-MFD37-03-CTDBPC000,ingestion_timestamp,ingestion_timestamp,,,ENG,seconds since 1900-01-01,CE01ISSM,MFD37,CTDBP
CE01ISSM-MFD37-03-CTDBPC000,salinity,salinity,0,42,L2,(unitless),CE01ISSM,MFD37,CTDBP
CE01ISSM-MFD37-03-CTDBPC000,date_time_string,date_time_string,,,,1,CE01ISSM,MFD37,CTDBP
CE01ISSM-MFD37-04-DOSTAD000,product_number,product_number,,,,1,CE01ISSM,MFD37,DOSTA
CE01ISSM-MFD37-04-DOSTAD000,driver_timestamp,driver_timestamp,,,ENG,seconds since 1900-01-01,CE01ISSM,MFD37,DOSTA
CE01ISSM-MFD37-04-DOSTAD000,internal_timestamp,internal_timestamp,,,ENG,seconds since 1900-01-01,CE01ISSM,MFD37,DOSTA
CE01ISSM-MFD37-04-DOSTAD000,preferred_timestamp,preferred_timestamp,,,ENG,1,CE01ISSM,MFD37,DOSTA
CE01ISSM-MFD37-04-DOSTAD000,dcl_controller_timestamp,dcl_controller_timestamp,,,ENG,1,CE01ISSM,MFD37,DOSTA
CE01ISSM-MFD37-04-DOSTAD000,dosta_abcdjm_cspp_tc_oxygen,dosta_abcdjm_cspp_tc_oxygen,0,400,L1,umol L-1,CE01ISSM,MFD37,DOSTA
CE01ISSM-MFD37-04-DOSTAD000,serial_number,serial_number,,,ENG,1,CE01ISSM,MFD37,DOSTA
CE01ISSM-MFD37-04-DOSTAD000,dosta_abcdjm_dcl_abs_oxygen,dosta_abcdjm_dcl_abs_oxygen,0,400,L2,umol kg-1,CE01ISSM,MFD37,DOSTA
CE01ISSM-MFD37-04-DOSTAD000,dosta_abcdjm_dcl_metbk_abs_oxygen,dosta_abcdjm_dcl_metbk_abs_oxygen,0,400,L2,umol kg-1,CE01ISSM,MFD37,DOSTA
CE01ISSM-MFD37-04-DOSTAD000,dosta_abcdjm_dcl_ctdbp_abs_oxygen,dosta_abcdjm_dcl_ctdbp_abs_oxygen,0,400,L2,umol kg-1,CE01ISSM,MFD37,DOSTA
CE01ISSM-MFD37-04-DOSTAD000,time,time,,,ENG,seconds since 1900-01-01,CE01ISSM,MFD37,DOSTA
CE01ISSM-MFD37-04-DOSTAD000,ingestion_timestamp,ingestion_timestamp,,,ENG,seconds since 1900-01-01,CE01ISSM,MFD37,DOSTA
CE01ISSM-MFD37-04-DOSTAD000,estimated_oxygen_concentration,estimated_oxygen_concentration,0,400,L1,umol L-1,CE01ISSM,MFD37,DOSTA
CE01ISSM-MFD37-04-DOSTAD000,estimated_oxygen_saturation,estimated_oxygen_saturation,0,110,L1,percent,CE01ISSM,MFD37,DOSTA
CE01ISSM-MFD37-04-DOSTAD000,optode_temperature,optode_temperature,-2,40,,deg_C,CE01ISSM,MFD37,DOSTA
CE01ISSM-MFD37-04-DOSTAD000,calibrated_phase,calibrated_phase,,,L0,degrees,CE01ISSM,MFD37,DOSTA
CE01ISSM-MFD37-04-DOSTAD000,temp_compensated_phase,temp_compensated_phase,,,,degrees,CE01ISSM,MFD37,DOSTA
CE01ISSM-MFD37-04-DOSTAD000,blue_phase,blue_phase,,,,degrees,CE01ISSM,MFD37,DOSTA
CE01ISSM-MFD37-04-DOSTAD000,red_phase,red_phase,,,,degrees,CE01ISSM,MFD37,DOSTA
CE01ISSM-MFD37-04-DOSTAD000,blue_amplitude,blue_amplitude,,,,mV,CE01ISSM,MFD37,DOSTA
CE01ISSM-MFD37-04-DOSTAD000,red_amplitude,red_amplitude,,,,mV,CE01ISSM,MFD37,DOSTA
CE01ISSM-MFD37-04-DOSTAD000,raw_temperature,raw_temperature,,,,mV,CE01ISSM,MFD37,DOSTA
CE01ISSM-MFD37-06-CAMDSA000,Still in development,Still in development,,,,,CE01ISSM,MFD37,CAMDS
CE01ISSM-MFD37-07-ZPLSCC000,serial_number,serial_number,,,ENG,1,CE01ISSM,MFD37,ZPLSC
CE01ISSM-MFD37-07-ZPLSCC000,zplsc_c_transmission_timestamp,zplsc_c_transmission_timestamp,,,,1,CE01ISSM,MFD37,ZPLSC
CE01ISSM-MFD37-07-ZPLSCC000,zplsc_c_phase,zplsc_c_phase,,,,1,CE01ISSM,MFD37,ZPLSC
CE01ISSM-MFD37-07-ZPLSCC000,zplsc_c_number_of_frequencies,zplsc_c_number_of_frequencies,,,,1,CE01ISSM,MFD37,ZPLSC
CE01ISSM-MFD37-07-ZPLSCC000,zplsc_c_number_of_bins_frequency_1,zplsc_c_number_of_bins_frequency_1,,,,1,CE01ISSM,MFD37,ZPLSC
CE01ISSM-MFD37-07-ZPLSCC000,zplsc_c_number_of_bins_frequency_2,zplsc_c_number_of_bins_frequency_2,,,,1,CE01ISSM,MFD37,ZPLSC
CE01ISSM-MFD37-07-ZPLSCC000,zplsc_c_number_of_bins_frequency_3,zplsc_c_number_of_bins_frequency_3,,,,1,CE01ISSM,MFD37,ZPLSC
CE01ISSM-MFD37-07-ZPLSCC000,zplsc_c_number_of_bins_frequency_4,zplsc_c_number_of_bins_frequency_4,,,,1,CE01ISSM,MFD37,ZPLSC
CE01ISSM-MFD37-07-ZPLSCC000,zplsc_c_min_value_channel_1,zplsc_c_min_value_channel_1,,,,counts,CE01ISSM,MFD37,ZPLSC
CE01ISSM-MFD37-07-ZPLSCC000,zplsc_c_min_value_channel_2,zplsc_c_min_value_channel_2,,,,counts,CE01ISSM,MFD37,ZPLSC
CE01ISSM-MFD37-07-ZPLSCC000,zplsc_c_min_value_channel_3,zplsc_c_min_value_channel_3,,,,counts,CE01ISSM,MFD37,ZPLSC
CE01ISSM-MFD37-07-ZPLSCC000,zplsc_c_min_value_channel_4,zplsc_c_min_value_channel_4,,,,counts,CE01ISSM,MFD37,ZPLSC
CE01ISSM-MFD37-07-ZPLSCC000,zplsc_c_date_of_burst,zplsc_c_date_of_burst,,,,1,CE01ISSM,MFD37,ZPLSC
CE01ISSM-MFD37-07-ZPLSCC000,zplsc_c_tilt_x,zplsc_c_tilt_x,,,,deg,CE01ISSM,MFD37,ZPLSC
CE01ISSM-MFD37-07-ZPLSCC000,zplsc_c_tilt_y,zplsc_c_tilt_y,,,,deg,CE01ISSM,MFD37,ZPLSC
CE01ISSM-MFD37-07-ZPLSCC000,zplsc_c_battery_voltage,zplsc_c_battery_voltage,,,,volt,CE01ISSM,MFD37,ZPLSC
CE01ISSM-MFD37-07-ZPLSCC000,zplsc_c_temperature,zplsc_c_temperature,,,,degC,CE01ISSM,MFD37,ZPLSC
CE01ISSM-MFD37-07-ZPLSCC000,zplsc_c_pressure,zplsc_c_pressure,,,,dbar,CE01ISSM,MFD37,ZPLSC
CE01ISSM-MFD37-07-ZPLSCC000,zplsc_c_board_number_channel_1,zplsc_c_board_number_channel_1,,,,1,CE01ISSM,MFD37,ZPLSC
CE01ISSM-MFD37-07-ZPLSCC000,zplsc_c_frequency_channel_1,zplsc_c_frequency_channel_1,,,,kHz,CE01ISSM,MFD37,ZPLSC
CE01ISSM-MFD37-07-ZPLSCC000,zplsc_c_values_channel_1,zplsc_c_values_channel_1,,,,counts,CE01ISSM,MFD37,ZPLSC
CE01ISSM-MFD37-07-ZPLSCC000,zplsc_c_board_number_channel_2,zplsc_c_board_number_channel_2,,,,1,CE01ISSM,MFD37,ZPLSC
CE01ISSM-MFD37-07-ZPLSCC000,zplsc_c_frequency_channel_2,zplsc_c_frequency_channel_2,,,,kHz,CE01ISSM,MFD37,ZPLSC
CE01ISSM-MFD37-07-ZPLSCC000,zplsc_c_values_channel_2,zplsc_c_values_channel_2,,,,counts,CE01ISSM,MFD37,ZPLSC
CE01ISSM-MFD37-07-ZPLSCC000,zplsc_c_board_number_channel_3,zplsc_c_board_number_channel_3,,,,1,CE01ISSM,MFD37,ZPLSC
CE01ISSM-MFD37-07-ZPLSCC000,zplsc_c_frequency_channel_3,zplsc_c_frequency_channel_3,,,,kHz,CE01ISSM,MFD37,ZPLSC
CE01ISSM-MFD37-07-ZPLSCC000,zplsc_c_values_channel_3,zplsc_c_values_channel_3,,,,counts,CE01ISSM,MFD37,ZPLSC
CE01ISSM-MFD37-07-ZPLSCC000,zplsc_c_board_number_channel_4,zplsc_c_board_number_channel_4,,,,1,CE01ISSM,MFD37,ZPLSC
CE01ISSM-MFD37-07-ZPLSCC000,zplsc_c_frequency_channel_4,zplsc_c_frequency_channel_4,,,,kHz,CE01ISSM,MFD37,ZPLSC
CE01ISSM-MFD37-07-ZPLSCC000,zplsc_c_values_channel_4,zplsc_c_values_channel_4,,,,counts,CE01ISSM,MFD37,ZPLSC
CE01ISSM-MFD37-07-ZPLSCC000,time,time,,,ENG,seconds since 1900-01-01,CE01ISSM,MFD37,ZPLSC
CE01ISSM-MFD37-07-ZPLSCC000,burst_number,burst_number,,,,1,CE01ISSM,MFD37,ZPLSC
CE01ISSM-RID16-01-OPTAAD000,driver_timestamp,driver_timestamp,,,ENG,seconds since 1900-01-01,CE01ISSM,RID16,OPTAA
CE01ISSM-RID16-01-OPTAAD000,internal_timestamp,internal_timestamp,,,ENG,seconds since 1900-01-01,CE01ISSM,RID16,OPTAA
CE01ISSM-RID16-01-OPTAAD000,preferred_timestamp,preferred_timestamp,,,ENG,1,CE01ISSM,RID16,OPTAA
CE01ISSM-RID16-01-OPTAAD000,start_date,start_date,,,,1,CE01ISSM,RID16,OPTAA
CE01ISSM-RID16-01-OPTAAD000,serial_number,serial_number,,,ENG,1,CE01ISSM,RID16,OPTAA
CE01ISSM-RID16-01-OPTAAD000,optaa_dj_dcl_beam_attenuation,optaa_dj_dcl_beam_attenuation,0,100,L2,m-1,CE01ISSM,RID16,OPTAA
CE01ISSM-RID16-01-OPTAAD000,optaa_dj_dcl_optical_absorption,optaa_dj_dcl_optical_absorption,0,100,L2,m-1,CE01ISSM,RID16,OPTAA
CE01ISSM-RID16-01-OPTAAD000,packet_type,packet_type,,,,1,CE01ISSM,RID16,OPTAA
CE01ISSM-RID16-01-OPTAAD000,meter_type,meter_type,,,,1,CE01ISSM,RID16,OPTAA
CE01ISSM-RID16-01-OPTAAD000,a_reference_dark_counts,a_reference_dark_counts,,,,counts,CE01ISSM,RID16,OPTAA
CE01ISSM-RID16-01-OPTAAD000,pressure_counts,pressure_counts,,,,counts,CE01ISSM,RID16,OPTAA
CE01ISSM-RID16-01-OPTAAD000,a_signal_dark_counts,a_signal_dark_counts,,,,counts,CE01ISSM,RID16,OPTAA
CE01ISSM-RID16-01-OPTAAD000,external_temp_raw,external_temp_raw,,,,counts,CE01ISSM,RID16,OPTAA
CE01ISSM-RID16-01-OPTAAD000,internal_temp_raw,internal_temp_raw,,,L0,counts,CE01ISSM,RID16,OPTAA
CE01ISSM-RID16-01-OPTAAD000,c_reference_dark_counts,c_reference_dark_counts,,,,counts,CE01ISSM,RID16,OPTAA
CE01ISSM-RID16-01-OPTAAD000,c_signal_dark_counts,c_signal_dark_counts,,,,counts,CE01ISSM,RID16,OPTAA
CE01ISSM-RID16-01-OPTAAD000,elapsed_run_time,elapsed_run_time,,,,ms,CE01ISSM,RID16,OPTAA
CE01ISSM-RID16-01-OPTAAD000,num_wavelengths,num_wavelengths,,,,1,CE01ISSM,RID16,OPTAA
CE01ISSM-RID16-01-OPTAAD000,c_reference_counts,c_reference_counts,,,L0,counts,CE01ISSM,RID16,OPTAA
CE01ISSM-RID16-01-OPTAAD000,a_reference_counts,a_reference_counts,,,L0,counts,CE01ISSM,RID16,OPTAA
CE01ISSM-RID16-01-OPTAAD000,c_signal_counts,c_signal_counts,,,L0,counts,CE01ISSM,RID16,OPTAA
CE01ISSM-RID16-01-OPTAAD000,a_signal_counts,a_signal_counts,,,L0,counts,CE01ISSM,RID16,OPTAA
CE01ISSM-RID16-01-OPTAAD000,time,time,,,ENG,seconds since 1900-01-01,CE01ISSM,RID16,OPTAA
CE01ISSM-RID16-01-OPTAAD000,ingestion_timestamp,ingestion_timestamp,,,ENG,seconds since 1900-01-01,CE01ISSM,RID16,OPTAA
CE01ISSM-RID16-02-FLORTD000,driver_timestamp,driver_timestamp,,,ENG,seconds since 1900-01-01,CE01ISSM,RID16,FLORT
CE01ISSM-RID16-02-FLORTD000,date_string,date_string,,,ENG,1,CE01ISSM,RID16,FLORT
CE01ISSM-RID16-02-FLORTD000,time_string,time_string,,,ENG,1,CE01ISSM,RID16,FLORT
CE01ISSM-RID16-02-FLORTD000,measurement_wavelength_beta,measurement_wavelength_beta,,,,nm,CE01ISSM,RID16,FLORT
CE01ISSM-RID16-02-FLORTD000,raw_signal_beta,raw_signal_beta,,,L0,counts,CE01ISSM,RID16,FLORT
CE01ISSM-RID16-02-FLORTD000,measurement_wavelength_chl,measurement_wavelength_chl,,,,nm,CE01ISSM,RID16,FLORT
CE01ISSM-RID16-02-FLORTD000,raw_signal_chl,raw_signal_chl,,,L0,counts,CE01ISSM,RID16,FLORT
CE01ISSM-RID16-02-FLORTD000,measurement_wavelength_cdom,measurement_wavelength_cdom,,,,nm,CE01ISSM,RID16,FLORT
CE01ISSM-RID16-02-FLORTD000,raw_signal_cdom,raw_signal_cdom,,,L0,counts,CE01ISSM,RID16,FLORT
CE01ISSM-RID16-02-FLORTD000,raw_internal_temp,raw_internal_temp,,,,counts,CE01ISSM,RID16,FLORT
CE01ISSM-RID16-02-FLORTD000,internal_timestamp,internal_timestamp,,,ENG,seconds since 1900-01-01,CE01ISSM,RID16,FLORT
CE01ISSM-RID16-02-FLORTD000,preferred_timestamp,preferred_timestamp,,,ENG,1,CE01ISSM,RID16,FLORT
CE01ISSM-RID16-02-FLORTD000,flort_k_total_volume_scattering_coefficient,flort_k_total_volume_scattering_coefficient,,,L1,m-1 sr-1,CE01ISSM,RID16,FLORT
CE01ISSM-RID16-02-FLORTD000,fluorometric_chlorophyll_a,fluorometric_chlorophyll_a,0,50,L1,ug L-1,CE01ISSM,RID16,FLORT
CE01ISSM-RID16-02-FLORTD000,fluorometric_cdom,fluorometric_cdom,0,375,L1,ppb,CE01ISSM,RID16,FLORT
CE01ISSM-RID16-02-FLORTD000,dcl_controller_timestamp,dcl_controller_timestamp,,,ENG,1,CE01ISSM,RID16,FLORT
CE01ISSM-RID16-02-FLORTD000,flort_dj_dcl_bback_total,flort_dj_dcl_bback_total,0.0003,1,L2,m-1,CE01ISSM,RID16,FLORT
CE01ISSM-RID16-02-FLORTD000,flort_d_dcl_ctdbp_scat_seawater,flort_d_dcl_ctdbp_scat_seawater,,,AUX,m-1,CE01ISSM,RID16,FLORT
CE01ISSM-RID16-02-FLORTD000,time,time,,,ENG,seconds since 1900-01-01,CE01ISSM,RID16,FLORT
CE01ISSM-RID16-02-FLORTD000,ingestion_timestamp,ingestion_timestamp,,,ENG,seconds since 1900-01-01,CE01ISSM,RID16,FLORT
CE01ISSM-RID16-03-CTDBPC000,conductivity,conductivity,0,6,L1,S m-1,CE01ISSM,RID16,CTDBP
CE01ISSM-RID16-03-CTDBPC000,driver_timestamp,driver_timestamp,,,ENG,seconds since 1900-01-01,CE01ISSM,RID16,CTDBP
CE01ISSM-RID16-03-CTDBPC000,internal_timestamp,internal_timestamp,,,ENG,seconds since 1900-01-01,CE01ISSM,RID16,CTDBP
CE01ISSM-RID16-03-CTDBPC000,preferred_timestamp,preferred_timestamp,,,ENG,1,CE01ISSM,RID16,CTDBP
CE01ISSM-RID16-03-CTDBPC000,temperature,temperature,,,L0,counts,CE01ISSM,RID16,CTDBP
CE01ISSM-RID16-03-CTDBPC000,conductivity,conductivity,,,L0,counts,CE01ISSM,RID16,CTDBP
CE01ISSM-RID16-03-CTDBPC000,pressure,pressure,,,L0,counts,CE01ISSM,RID16,CTDBP
CE01ISSM-RID16-03-CTDBPC000,pressure_temp,pressure_temp,,,L0,counts,CE01ISSM,RID16,CTDBP
CE01ISSM-RID16-03-CTDBPC000,ctd_time,ctd_time,,,ENG,seconds since 2000-01-01,CE01ISSM,RID16,CTDBP
CE01ISSM-RID16-03-CTDBPC000,pressure,pressure,0,6000,L1,dbar,CE01ISSM,RID16,CTDBP
CE01ISSM-RID16-03-CTDBPC000,dcl_controller_timestamp,dcl_controller_timestamp,,,ENG,1,CE01ISSM,RID16,CTDBP
CE01ISSM-RID16-03-CTDBPC000,ctdbp_seawater_temperature,ctdbp_seawater_temperature,-2,40,L1,deg_C,CE01ISSM,RID16,CTDBP
CE01ISSM-RID16-03-CTDBPC000,ctdbp_seawater_pressure,ctdbp_seawater_pressure,0,6000,L1,dbar,CE01ISSM,RID16,CTDBP
CE01ISSM-RID16-03-CTDBPC000,ctdbp_seawater_conductivity,ctdbp_seawater_conductivity,0,6,L1,S m-1,CE01ISSM,RID16,CTDBP
CE01ISSM-RID16-03-CTDBPC000,ctdbp_practical_salinity,ctdbp_practical_salinity,0,42,L2,1,CE01ISSM,RID16,CTDBP
CE01ISSM-RID16-03-CTDBPC000,ctdbp_seawater_density,ctdbp_seawater_density,1000,1100,L2,kg m-3,CE01ISSM,RID16,CTDBP
CE01ISSM-RID16-03-CTDBPC000,ctdbp_cdef_dcl_ce_density,ctdbp_cdef_dcl_ce_density,1000,1100,L2,kg m-3,CE01ISSM,RID16,CTDBP
CE01ISSM-RID16-03-CTDBPC000,temp,temp,-2,40,L1,deg_C,CE01ISSM,RID16,CTDBP
CE01ISSM-RID16-03-CTDBPC000,time,time,,,ENG,seconds since 1900-01-01,CE01ISSM,RID16,CTDBP
CE01ISSM-RID16-03-CTDBPC000,ingestion_timestamp,ingestion_timestamp,,,ENG,seconds since 1900-01-01,CE01ISSM,RID16,CTDBP
CE01ISSM-RID16-03-CTDBPC000,salinity,salinity,0,42,L2,(unitless),CE01ISSM,RID16,CTDBP
CE01ISSM-RID16-03-CTDBPC000,date_time_string,date_time_string,,,,1,CE01ISSM,RID16,CTDBP
CE01ISSM-RID16-03-DOSTAD000,product_number,product_number,,,,1,CE01ISSM,RID16,DOSTA
CE01ISSM-RID16-03-DOSTAD000,driver_timestamp,driver_timestamp,,,ENG,seconds since 1900-01-01,CE01ISSM,RID16,DOSTA
CE01ISSM-RID16-03-DOSTAD000,internal_timestamp,internal_timestamp,,,ENG,seconds since 1900-01-01,CE01ISSM,RID16,DOSTA
CE01ISSM-RID16-03-DOSTAD000,preferred_timestamp,preferred_timestamp,,,ENG,1,CE01ISSM,RID16,DOSTA
CE01ISSM-RID16-03-DOSTAD000,dcl_controller_timestamp,dcl_controller_timestamp,,,ENG,1,CE01ISSM,RID16,DOSTA
CE01ISSM-RID16-03-DOSTAD000,dosta_abcdjm_cspp_tc_oxygen,dosta_abcdjm_cspp_tc_oxygen,0,400,L1,umol L-1,CE01ISSM,RID16,DOSTA
CE01ISSM-RID16-03-DOSTAD000,serial_number,serial_number,,,ENG,1,CE01ISSM,RID16,DOSTA
CE01ISSM-RID16-03-DOSTAD000,dosta_abcdjm_dcl_abs_oxygen,dosta_abcdjm_dcl_abs_oxygen,0,400,L2,umol kg-1,CE01ISSM,RID16,DOSTA
CE01ISSM-RID16-03-DOSTAD000,dosta_abcdjm_dcl_metbk_abs_oxygen,dosta_abcdjm_dcl_metbk_abs_oxygen,0,400,L2,umol kg-1,CE01ISSM,RID16,DOSTA
CE01ISSM-RID16-03-DOSTAD000,dosta_abcdjm_dcl_ctdbp_abs_oxygen,dosta_abcdjm_dcl_ctdbp_abs_oxygen,0,400,L2,umol kg-1,CE01ISSM,RID16,DOSTA
CE01ISSM-RID16-03-DOSTAD000,time,time,,,ENG,seconds since 1900-01-01,CE01ISSM,RID16,DOSTA
CE01ISSM-RID16-03-DOSTAD000,ingestion_timestamp,ingestion_timestamp,,,ENG,seconds since 1900-01-01,CE01ISSM,RID16,DOSTA
CE01ISSM-RID16-03-DOSTAD000,estimated_oxygen_concentration,estimated_oxygen_concentration,0,400,L1,umol L-1,CE01ISSM,RID16,DOSTA
CE01ISSM-RID16-03-DOSTAD000,estimated_oxygen_saturation,estimated_oxygen_saturation,0,110,L1,percent,CE01ISSM,RID16,DOSTA
CE01ISSM-RID16-03-DOSTAD000,optode_temperature,optode_temperature,-2,40,,deg_C,CE01ISSM,RID16,DOSTA
CE01ISSM-RID16-03-DOSTAD000,calibrated_phase,calibrated_phase,,,L0,degrees,CE01ISSM,RID16,DOSTA
CE01ISSM-RID16-03-DOSTAD000,temp_compensated_phase,temp_compensated_phase,,,,degrees,CE01ISSM,RID16,DOSTA
CE01ISSM-RID16-03-DOSTAD000,blue_phase,blue_phase,,,,degrees,CE01ISSM,RID16,DOSTA
CE01ISSM-RID16-03-DOSTAD000,red_phase,red_phase,,,,degrees,CE01ISSM,RID16,DOSTA
CE01ISSM-RID16-03-DOSTAD000,blue_amplitude,blue_amplitude,,,,mV,CE01ISSM,RID16,DOSTA
CE01ISSM-RID16-03-DOSTAD000,red_amplitude,red_amplitude,,,,mV,CE01ISSM,RID16,DOSTA
CE01ISSM-RID16-03-DOSTAD000,raw_temperature,raw_temperature,,,,mV,CE01ISSM,RID16,DOSTA
CE01ISSM-RID16-04-VELPTA000,driver_timestamp,driver_timestamp,,,ENG,seconds since 1900-01-01,CE01ISSM,RID16,VELPT
CE01ISSM-RID16-04-VELPTA000,firmware_version,firmware_version,,,,1,CE01ISSM,RID16,VELPT
CE01ISSM-RID16-04-VELPTA000,eastward_velocity,eastward_velocity,-3,3,L1,m s-1,CE01ISSM,RID16,VELPT
CE01ISSM-RID16-04-VELPTA000,northward_velocity,northward_velocity,-3,3,L1,m s-1,CE01ISSM,RID16,VELPT
CE01ISSM-RID16-04-VELPTA000,upward_velocity,upward_velocity,-1,1,L1,m s-1,CE01ISSM,RID16,VELPT
CE01ISSM-RID16-04-VELPTA000,internal_timestamp,internal_timestamp,,,ENG,seconds since 1900-01-01,CE01ISSM,RID16,VELPT
CE01ISSM-RID16-04-VELPTA000,preferred_timestamp,preferred_timestamp,,,ENG,1,CE01ISSM,RID16,VELPT
CE01ISSM-RID16-04-VELPTA000,velpt_ab_eastward_velocity,velpt_ab_eastward_velocity,-3,3,L1,m s-1,CE01ISSM,RID16,VELPT
CE01ISSM-RID16-04-VELPTA000,velpt_ab_northward_velocity,velpt_ab_northward_velocity,-3,3,L1,m s-1,CE01ISSM,RID16,VELPT
CE01ISSM-RID16-04-VELPTA000,velpt_ab_upward_velocity,velpt_ab_upward_velocity,-1,1,L1,m s-1,CE01ISSM,RID16,VELPT
CE01ISSM-RID16-04-VELPTA000,number_of_beam_sequences,number_of_beam_sequences,,,,counts,CE01ISSM,RID16,VELPT
CE01ISSM-RID16-04-VELPTA000,number_of_beams_in_diagnostics_mode,number_of_beams_in_diagnostics_mode,,,,counts,CE01ISSM,RID16,VELPT
CE01ISSM-RID16-04-VELPTA000,reserved_bit_easyq,reserved_bit_easyq,,,,1,CE01ISSM,RID16,VELPT
CE01ISSM-RID16-04-VELPTA000,battery_voltage_dv,battery_voltage_dv,,,AUX,dV,CE01ISSM,RID16,VELPT
CE01ISSM-RID16-04-VELPTA000,sound_speed_dms,sound_speed_dms,,,AUX,dm s-1,CE01ISSM,RID16,VELPT
CE01ISSM-RID16-04-VELPTA000,heading_decidegree,heading_decidegree,,,AUX,deci-degrees,CE01ISSM,RID16,VELPT
CE01ISSM-RID16-04-VELPTA000,roll_decidegree,roll_decidegree,,,AUX,deci-degrees,CE01ISSM,RID16,VELPT
CE01ISSM-RID16-04-VELPTA000,pitch_decidegree,pitch_decidegree,,,AUX,deci-degrees,CE01ISSM,RID16,VELPT
CE01ISSM-RID16-04-VELPTA000,temperature_centidegree,temperature_centidegree,,,AUX,cdeg_C,CE01ISSM,RID16,VELPT
CE01ISSM-RID16-04-VELPTA000,pressure_mbar,pressure_mbar,,,AUX,0.001 dbar,CE01ISSM,RID16,VELPT
CE01ISSM-RID16-04-VELPTA000,error_code,error_code,,,,1,CE01ISSM,RID16,VELPT
CE01ISSM-RID16-04-VELPTA000,analog1,analog1,,,,1,CE01ISSM,RID16,VELPT
CE01ISSM-RID16-04-VELPTA000,status,status,,,,1,CE01ISSM,RID16,VELPT
CE01ISSM-RID16-04-VELPTA000,velocity_beam1,velocity_beam1,,,L0,mm s-1,CE01ISSM,RID16,VELPT
CE01ISSM-RID16-04-VELPTA000,velocity_beam2,velocity_beam2,,,L0,mm s-1,CE01ISSM,RID16,VELPT
CE01ISSM-RID16-04-VELPTA000,velocity_beam3,velocity_beam3,,,L0,mm s-1,CE01ISSM,RID16,VELPT
CE01ISSM-RID16-04-VELPTA000,amplitude_beam1,amplitude_beam1,,,AUX,counts,CE01ISSM,RID16,VELPT
CE01ISSM-RID16-04-VELPTA000,amplitude_beam2,amplitude_beam2,,,AUX,counts,CE01ISSM,RID16,VELPT
CE01ISSM-RID16-04-VELPTA000,amplitude_beam3,amplitude_beam3,,,AUX,counts,CE01ISSM,RID16,VELPT
CE01ISSM-RID16-04-VELPTA000,records_to_follow,records_to_follow,,,,1,CE01ISSM,RID16,VELPT
CE01ISSM-RID16-04-VELPTA000,cell_number_diagnostics,cell_number_diagnostics,,,,1,CE01ISSM,RID16,VELPT
CE01ISSM-RID16-04-VELPTA000,noise_amplitude_beam1,noise_amplitude_beam1,,,,counts,CE01ISSM,RID16,VELPT
CE01ISSM-RID16-04-VELPTA000,noise_amplitude_beam2,noise_amplitude_beam2,,,,counts,CE01ISSM,RID16,VELPT
CE01ISSM-RID16-04-VELPTA000,noise_amplitude_beam3,noise_amplitude_beam3,,,,counts,CE01ISSM,RID16,VELPT
CE01ISSM-RID16-04-VELPTA000,noise_amplitude_beam4,noise_amplitude_beam4,,,,counts,CE01ISSM,RID16,VELPT
CE01ISSM-RID16-04-VELPTA000,processing_magnitude_beam1,processing_magnitude_beam1,,,,1,CE01ISSM,RID16,VELPT
CE01ISSM-RID16-04-VELPTA000,processing_magnitude_beam2,processing_magnitude_beam2,,,,1,CE01ISSM,RID16,VELPT
CE01ISSM-RID16-04-VELPTA000,processing_magnitude_beam3,processing_magnitude_beam3,,,,1,CE01ISSM,RID16,VELPT
CE01ISSM-RID16-04-VELPTA000,processing_magnitude_beam4,processing_magnitude_beam4,,,,1,CE01ISSM,RID16,VELPT
CE01ISSM-RID16-04-VELPTA000,distance_beam1,distance_beam1,,,,1,CE01ISSM,RID16,VELPT
CE01ISSM-RID16-04-VELPTA000,distance_beam2,distance_beam2,,,,1,CE01ISSM,RID16,VELPT
CE01ISSM-RID16-04-VELPTA000,distance_beam3,distance_beam3,,,,1,CE01ISSM,RID16,VELPT
CE01ISSM-RID16-04-VELPTA000,distance_beam4,distance_beam4,,,,1,CE01ISSM,RID16,VELPT
CE01ISSM-RID16-04-VELPTA000,instrmt_type_serial_number,instrmt_type_serial_number,,,,1,CE01ISSM,RID16,VELPT
CE01ISSM-RID16-04-VELPTA000,pic_version,pic_version,,,,1,CE01ISSM,RID16,VELPT
CE01ISSM-RID16-04-VELPTA000,hardware_revision,hardware_revision,,,,1,CE01ISSM,RID16,VELPT
CE01ISSM-RID16-04-VELPTA000,recorder_size,recorder_size,,,,bytes,CE01ISSM,RID16,VELPT
CE01ISSM-RID16-04-VELPTA000,velocity_range,velocity_range,,,,1,CE01ISSM,RID16,VELPT
CE01ISSM-RID16-04-VELPTA000,pressure_sensor,pressure_sensor,,,,1,CE01ISSM,RID16,VELPT
CE01ISSM-RID16-04-VELPTA000,magnetometer_sensor,magnetometer_sensor,,,,1,CE01ISSM,RID16,VELPT
CE01ISSM-RID16-04-VELPTA000,tilt_sensor,tilt_sensor,,,,1,CE01ISSM,RID16,VELPT
CE01ISSM-RID16-04-VELPTA000,tilt_sensor_mounting,tilt_sensor_mounting,,,,1,CE01ISSM,RID16,VELPT
CE01ISSM-RID16-04-VELPTA000,head_frequency,head_frequency,,,,kHz,CE01ISSM,RID16,VELPT
CE01ISSM-RID16-04-VELPTA000,head_type,head_type,,,,1,CE01ISSM,RID16,VELPT
CE01ISSM-RID16-04-VELPTA000,head_serial_number,head_serial_number,,,,1,CE01ISSM,RID16,VELPT
CE01ISSM-RID16-04-VELPTA000,number_beams,number_beams,,,,1,CE01ISSM,RID16,VELPT
CE01ISSM-RID16-04-VELPTA000,transmit_pulse_length,transmit_pulse_length,,,,counts,CE01ISSM,RID16,VELPT
CE01ISSM-RID16-04-VELPTA000,blanking_distance,blanking_distance,,,,counts,CE01ISSM,RID16,VELPT
CE01ISSM-RID16-04-VELPTA000,receive_length,receive_length,,,,counts,CE01ISSM,RID16,VELPT
CE01ISSM-RID16-04-VELPTA000,time_between_pings,time_between_pings,,,,counts,CE01ISSM,RID16,VELPT
CE01ISSM-RID16-04-VELPTA000,time_between_bursts,time_between_bursts,,,,counts,CE01ISSM,RID16,VELPT
CE01ISSM-RID16-04-VELPTA000,average_interval,average_interval,,,,s,CE01ISSM,RID16,VELPT
CE01ISSM-RID16-04-VELPTA000,compass_update_rate,compass_update_rate,,,,Hz,CE01ISSM,RID16,VELPT
CE01ISSM-RID16-04-VELPTA000,coordinate_system,coordinate_system,,,,1,CE01ISSM,RID16,VELPT
CE01ISSM-RID16-04-VELPTA000,number_cells,number_cells,,,,1,CE01ISSM,RID16,VELPT
CE01ISSM-RID16-04-VELPTA000,measurement_interval,measurement_interval,,,,s,CE01ISSM,RID16,VELPT
CE01ISSM-RID16-04-VELPTA000,deployment_name,deployment_name,,,,1,CE01ISSM,RID16,VELPT
CE01ISSM-RID16-04-VELPTA000,diagnostics_interval,diagnostics_interval,,,,s,CE01ISSM,RID16,VELPT
CE01ISSM-RID16-04-VELPTA000,use_specified_sound_speed,use_specified_sound_speed,,,,1,CE01ISSM,RID16,VELPT
CE01ISSM-RID16-04-VELPTA000,diagnostics_mode_enable,diagnostics_mode_enable,,,,1,CE01ISSM,RID16,VELPT
CE01ISSM-RID16-04-VELPTA000,analog_output_enable,analog_output_enable,,,,1,CE01ISSM,RID16,VELPT
CE01ISSM-RID16-04-VELPTA000,output_format_nortek,output_format_nortek,,,,1,CE01ISSM,RID16,VELPT
CE01ISSM-RID16-04-VELPTA000,scaling,scaling,,,,1,CE01ISSM,RID16,VELPT
CE01ISSM-RID16-04-VELPTA000,serial_output_enable,serial_output_enable,,,,1,CE01ISSM,RID16,VELPT
CE01ISSM-RID16-04-VELPTA000,stage_enable,stage_enable,,,,1,CE01ISSM,RID16,VELPT
CE01ISSM-RID16-04-VELPTA000,analog_power_output,analog_power_output,,,,1,CE01ISSM,RID16,VELPT
CE01ISSM-RID16-04-VELPTA000,sound_speed_adjust_factor,sound_speed_adjust_factor,,,,m s-1,CE01ISSM,RID16,VELPT
CE01ISSM-RID16-04-VELPTA000,number_diagnostics_samples,number_diagnostics_samples,,,,1,CE01ISSM,RID16,VELPT
CE01ISSM-RID16-04-VELPTA000,number_pings_diagnostic,number_pings_diagnostic,,,,1,CE01ISSM,RID16,VELPT
CE01ISSM-RID16-04-VELPTA000,software_version,software_version,,,,1,CE01ISSM,RID16,VELPT
CE01ISSM-RID16-04-VELPTA000,correlation_threshold,correlation_threshold,,,,1,CE01ISSM,RID16,VELPT
CE01ISSM-RID16-04-VELPTA000,time,time,,,ENG,seconds since 1900-01-01,CE01ISSM,RID16,VELPT
CE01ISSM-RID16-04-VELPTA000,ingestion_timestamp,ingestion_timestamp,,,ENG,seconds since 1900-01-01,CE01ISSM,RID16,VELPT
CE01ISSM-RID16-04-VELPTA000,date_time_string,date_time_string,,,,1,CE01ISSM,RID16,VELPT
CE01ISSM-RID16-05-PCO2WB000,driver_timestamp,driver_timestamp,,,ENG,seconds since 1900-01-01,CE01ISSM,RID16,PCO2W
CE01ISSM-RID16-05-PCO2WB000,external_device2_fault,external_device2_fault,,,,1,CE01ISSM,RID16,PCO2W
CE01ISSM-RID16-05-PCO2WB000,external_device3_fault,external_device3_fault,,,,1,CE01ISSM,RID16,PCO2W
CE01ISSM-RID16-05-PCO2WB000,num_data_records,num_data_records,,,,1,CE01ISSM,RID16,PCO2W
CE01ISSM-RID16-05-PCO2WB000,num_error_records,num_error_records,,,,1,CE01ISSM,RID16,PCO2W
CE01ISSM-RID16-05-PCO2WB000,num_bytes_stored,num_bytes_stored,,,,bytes,CE01ISSM,RID16,PCO2W
CE01ISSM-RID16-05-PCO2WB000,internal_timestamp,internal_timestamp,,,ENG,seconds since 1900-01-01,CE01ISSM,RID16,PCO2W
CE01ISSM-RID16-05-PCO2WB000,preferred_timestamp,preferred_timestamp,,,ENG,1,CE01ISSM,RID16,PCO2W
CE01ISSM-RID16-05-PCO2WB000,passed_checksum,passed_checksum,,,ENG,1,CE01ISSM,RID16,PCO2W
CE01ISSM-RID16-05-PCO2WB000,dcl_controller_timestamp,dcl_controller_timestamp,,,ENG,1,CE01ISSM,RID16,PCO2W
CE01ISSM-RID16-05-PCO2WB000,blank_light_measurements,blank_light_measurements,,,,counts,CE01ISSM,RID16,PCO2W
CE01ISSM-RID16-05-PCO2WB000,battery_low_blank,battery_low_blank,,,,1,CE01ISSM,RID16,PCO2W
CE01ISSM-RID16-05-PCO2WB000,unique_id,unique_id,,,,1,CE01ISSM,RID16,PCO2W
CE01ISSM-RID16-05-PCO2WB000,record_type,record_type,,,,1,CE01ISSM,RID16,PCO2W
CE01ISSM-RID16-05-PCO2WB000,record_time,record_time,,,,seconds since 1904-01-01,CE01ISSM,RID16,PCO2W
CE01ISSM-RID16-05-PCO2WB000,light_measurements,light_measurements,,,,counts,CE01ISSM,RID16,PCO2W
CE01ISSM-RID16-05-PCO2WB000,voltage_battery,voltage_battery,,,,counts,CE01ISSM,RID16,PCO2W
CE01ISSM-RID16-05-PCO2WB000,thermistor_raw,thermistor_raw,,,L0,V,CE01ISSM,RID16,PCO2W
CE01ISSM-RID16-05-PCO2WB000,clock_active,clock_active,,,,1,CE01ISSM,RID16,PCO2W
CE01ISSM-RID16-05-PCO2WB000,recording_active,recording_active,,,,1,CE01ISSM,RID16,PCO2W
CE01ISSM-RID16-05-PCO2WB000,record_end_on_time,record_end_on_time,,,,1,CE01ISSM,RID16,PCO2W
CE01ISSM-RID16-05-PCO2WB000,record_memory_full,record_memory_full,,,,1,CE01ISSM,RID16,PCO2W
CE01ISSM-RID16-05-PCO2WB000,record_end_on_error,record_end_on_error,,,,1,CE01ISSM,RID16,PCO2W
CE01ISSM-RID16-05-PCO2WB000,data_download_ok,data_download_ok,,,,1,CE01ISSM,RID16,PCO2W
CE01ISSM-RID16-05-PCO2WB000,flash_memory_open,flash_memory_open,,,,1,CE01ISSM,RID16,PCO2W
CE01ISSM-RID16-05-PCO2WB000,battery_low_prestart,battery_low_prestart,,,,1,CE01ISSM,RID16,PCO2W
CE01ISSM-RID16-05-PCO2WB000,battery_low_measurement,battery_low_measurement,,,,1,CE01ISSM,RID16,PCO2W
CE01ISSM-RID16-05-PCO2WB000,battery_low_external,battery_low_external,,,,1,CE01ISSM,RID16,PCO2W
CE01ISSM-RID16-05-PCO2WB000,external_device1_fault,external_device1_fault,,,,1,CE01ISSM,RID16,PCO2W
CE01ISSM-RID16-05-PCO2WB000,flash_erased,flash_erased,,,,1,CE01ISSM,RID16,PCO2W
CE01ISSM-RID16-05-PCO2WB000,power_on_invalid,power_on_invalid,,,,1,CE01ISSM,RID16,PCO2W
CE01ISSM-RID16-05-PCO2WB000,time,time,,,ENG,seconds since 1900-01-01,CE01ISSM,RID16,PCO2W
CE01ISSM-RID16-05-PCO2WB000,ingestion_timestamp,ingestion_timestamp,,,ENG,seconds since 1900-01-01,CE01ISSM,RID16,PCO2W
CE01ISSM-RID16-05-PCO2WB000,absorbance_ratio_434,absorbance_ratio_434,0,100000,L0,counts,CE01ISSM,RID16,PCO2W
CE01ISSM-RID16-05-PCO2WB000,absorbance_ratio_620,absorbance_ratio_620,0,100000,L0,counts,CE01ISSM,RID16,PCO2W
CE01ISSM-RID16-05-PCO2WB000,absorbance_blank_434,absorbance_blank_434,,,L0,1,CE01ISSM,RID16,PCO2W
CE01ISSM-RID16-05-PCO2WB000,absorbance_blank_620,absorbance_blank_620,,,L0,1,CE01ISSM,RID16,PCO2W
CE01ISSM-RID16-05-PCO2WB000,pco2w_thermistor_temperature,pco2w_thermistor_temperature,-2,40,,deg_C,CE01ISSM,RID16,PCO2W
CE01ISSM-RID16-05-PCO2WB000,pco2_seawater,pco2_seawater,100,600,L1,uatm,CE01ISSM,RID16,PCO2W
CE01ISSM-RID16-06-PHSEND000,driver_timestamp,driver_timestamp,,,ENG,seconds since 1900-01-01,CE01ISSM,RID16,PHSEN
CE01ISSM-RID16-06-PHSEND000,external_device2_fault,external_device2_fault,,,,1,CE01ISSM,RID16,PHSEN
CE01ISSM-RID16-06-PHSEND000,external_device3_fault,external_device3_fault,,,,1,CE01ISSM,RID16,PHSEN
CE01ISSM-RID16-06-PHSEND000,num_data_records,num_data_records,,,,1,CE01ISSM,RID16,PHSEN
CE01ISSM-RID16-06-PHSEND000,num_error_records,num_error_records,,,,1,CE01ISSM,RID16,PHSEN
CE01ISSM-RID16-06-PHSEND000,num_bytes_stored,num_bytes_stored,,,,bytes,CE01ISSM,RID16,PHSEN
CE01ISSM-RID16-06-PHSEND000,internal_timestamp,internal_timestamp,,,ENG,seconds since 1900-01-01,CE01ISSM,RID16,PHSEN
CE01ISSM-RID16-06-PHSEND000,preferred_timestamp,preferred_timestamp,,,ENG,1,CE01ISSM,RID16,PHSEN
CE01ISSM-RID16-06-PHSEND000,passed_checksum,passed_checksum,,,ENG,1,CE01ISSM,RID16,PHSEN
CE01ISSM-RID16-06-PHSEND000,dcl_controller_timestamp,dcl_controller_timestamp,,,ENG,1,CE01ISSM,RID16,PHSEN
CE01ISSM-RID16-06-PHSEND000,phsen_abcdef_ph_seawater,phsen_abcdef_ph_seawater,7.3,8.5,L1,(unitless),CE01ISSM,RID16,PHSEN
CE01ISSM-RID16-06-PHSEND000,battery_low_blank,battery_low_blank,,,,1,CE01ISSM,RID16,PHSEN
CE01ISSM-RID16-06-PHSEND000,unique_id,unique_id,,,,1,CE01ISSM,RID16,PHSEN
CE01ISSM-RID16-06-PHSEND000,record_type,record_type,,,,1,CE01ISSM,RID16,PHSEN
CE01ISSM-RID16-06-PHSEND000,record_time,record_time,,,,seconds since 1904-01-01,CE01ISSM,RID16,PHSEN
CE01ISSM-RID16-06-PHSEND000,light_measurements,light_measurements,,,,counts,CE01ISSM,RID16,PHSEN
CE01ISSM-RID16-06-PHSEND000,voltage_battery,voltage_battery,,,,counts,CE01ISSM,RID16,PHSEN
CE01ISSM-RID16-06-PHSEND000,clock_active,clock_active,,,,1,CE01ISSM,RID16,PHSEN
CE01ISSM-RID16-06-PHSEND000,recording_active,recording_active,,,,1,CE01ISSM,RID16,PHSEN
CE01ISSM-RID16-06-PHSEND000,record_end_on_time,record_end_on_time,,,,1,CE01ISSM,RID16,PHSEN
CE01ISSM-RID16-06-PHSEND000,record_memory_full,record_memory_full,,,,1,CE01ISSM,RID16,PHSEN
CE01ISSM-RID16-06-PHSEND000,phsen_abcdef_signal_intensity_434,phsen_abcdef_signal_intensity_434,,,L0,counts,CE01ISSM,RID16,PHSEN
CE01ISSM-RID16-06-PHSEND000,phsen_abcdef_signal_intensity_578,phsen_abcdef_signal_intensity_578,,,L0,counts,CE01ISSM,RID16,PHSEN
CE01ISSM-RID16-06-PHSEND000,record_end_on_error,record_end_on_error,,,,1,CE01ISSM,RID16,PHSEN
CE01ISSM-RID16-06-PHSEND000,data_download_ok,data_download_ok,,,,1,CE01ISSM,RID16,PHSEN
CE01ISSM-RID16-06-PHSEND000,flash_memory_open,flash_memory_open,,,,1,CE01ISSM,RID16,PHSEN
CE01ISSM-RID16-06-PHSEND000,battery_low_prestart,battery_low_prestart,,,,1,CE01ISSM,RID16,PHSEN
CE01ISSM-RID16-06-PHSEND000,battery_low_measurement,battery_low_measurement,,,,1,CE01ISSM,RID16,PHSEN
CE01ISSM-RID16-06-PHSEND000,battery_low_external,battery_low_external,,,,1,CE01ISSM,RID16,PHSEN
CE01ISSM-RID16-06-PHSEND000,external_device1_fault,external_device1_fault,,,,1,CE01ISSM,RID16,PHSEN
CE01ISSM-RID16-06-PHSEND000,flash_erased,flash_erased,,,,1,CE01ISSM,RID16,PHSEN
CE01ISSM-RID16-06-PHSEND000,power_on_invalid,power_on_invalid,,,,1,CE01ISSM,RID16,PHSEN
CE01ISSM-RID16-06-PHSEND000,time,time,,,ENG,seconds since 1900-01-01,CE01ISSM,RID16,PHSEN
CE01ISSM-RID16-06-PHSEND000,ingestion_timestamp,ingestion_timestamp,,,ENG,seconds since 1900-01-01,CE01ISSM,RID16,PHSEN
CE01ISSM-RID16-06-PHSEND000,thermistor_start,thermistor_start,,,,counts,CE01ISSM,RID16,PHSEN
CE01ISSM-RID16-06-PHSEND000,reference_light_measurements,reference_light_measurements,,,,counts,CE01ISSM,RID16,PHSEN
CE01ISSM-RID16-06-PHSEND000,thermistor_end,thermistor_end,,,,counts,CE01ISSM,RID16,PHSEN
CE01ISSM-RID16-06-PHSEND000,phsen_thermistor_temperature,phsen_thermistor_temperature,,,L0,V,CE01ISSM,RID16,PHSEN
CE01ISSM-RID16-07-NUTNRB000,driver_timestamp,driver_timestamp,,,ENG,seconds since 1900-01-01,CE01ISSM,RID16,NUTNR
CE01ISSM-RID16-07-NUTNRB000,firmware_version,firmware_version,,,,1,CE01ISSM,RID16,NUTNR
CE01ISSM-RID16-07-NUTNRB000,internal_timestamp,internal_timestamp,,,ENG,seconds since 1900-01-01,CE01ISSM,RID16,NUTNR
CE01ISSM-RID16-07-NUTNRB000,preferred_timestamp,preferred_timestamp,,,ENG,1,CE01ISSM,RID16,NUTNR
CE01ISSM-RID16-07-NUTNRB000,dcl_controller_timestamp,dcl_controller_timestamp,,,ENG,1,CE01ISSM,RID16,NUTNR
CE01ISSM-RID16-07-NUTNRB000,startup_time_string,startup_time_string,,,,1,CE01ISSM,RID16,NUTNR
CE01ISSM-RID16-07-NUTNRB000,nutnr_b_temp_sal_corrected_nitrate,nutnr_b_temp_sal_corrected_nitrate,0,40,L2,umol L-1,CE01ISSM,RID16,NUTNR
CE01ISSM-RID16-07-NUTNRB000,firmware_date,firmware_date,,,,1,CE01ISSM,RID16,NUTNR
CE01ISSM-RID16-07-NUTNRB000,frame_header,frame_header,,,,1,CE01ISSM,RID16,NUTNR
CE01ISSM-RID16-07-NUTNRB000,frame_type,frame_type,,,,1,CE01ISSM,RID16,NUTNR
CE01ISSM-RID16-07-NUTNRB000,serial_number,serial_number,,,ENG,1,CE01ISSM,RID16,NUTNR
CE01ISSM-RID16-07-NUTNRB000,date_of_sample,date_of_sample,,,AUX,1,CE01ISSM,RID16,NUTNR
CE01ISSM-RID16-07-NUTNRB000,time_of_sample,time_of_sample,,,AUX,h,CE01ISSM,RID16,NUTNR
CE01ISSM-RID16-07-NUTNRB000,nitrate_concentration,nitrate_concentration,0,40,L1,umol L-1,CE01ISSM,RID16,NUTNR
CE01ISSM-RID16-07-NUTNRB000,aux_fitting_1,aux_fitting_1,,,AUX,1,CE01ISSM,RID16,NUTNR
CE01ISSM-RID16-07-NUTNRB000,aux_fitting_2,aux_fitting_2,,,AUX,1,CE01ISSM,RID16,NUTNR
CE01ISSM-RID16-07-NUTNRB000,aux_fitting_3,aux_fitting_3,,,AUX,1,CE01ISSM,RID16,NUTNR
CE01ISSM-RID16-07-NUTNRB000,rms_error,rms_error,,,AUX,umol L-1,CE01ISSM,RID16,NUTNR
CE01ISSM-RID16-07-NUTNRB000,temp_interior,temp_interior,,,AUX,deg_C,CE01ISSM,RID16,NUTNR
CE01ISSM-RID16-07-NUTNRB000,temp_spectrometer,temp_spectrometer,,,AUX,deg_C,CE01ISSM,RID16,NUTNR
CE01ISSM-RID16-07-NUTNRB000,temp_lamp,temp_lamp,,,AUX,deg_C,CE01ISSM,RID16,NUTNR
CE01ISSM-RID16-07-NUTNRB000,humidity,humidity,,,AUX,%,CE01ISSM,RID16,NUTNR
CE01ISSM-RID16-07-NUTNRB000,voltage_lamp,voltage_lamp,,,AUX,V,CE01ISSM,RID16,NUTNR
CE01ISSM-RID16-07-NUTNRB000,voltage_analog,voltage_analog,,,AUX,V,CE01ISSM,RID16,NUTNR
CE01ISSM-RID16-07-NUTNRB000,voltage_main,voltage_main,,,AUX,V,CE01ISSM,RID16,NUTNR
CE01ISSM-RID16-07-NUTNRB000,ref_channel_average,ref_channel_average,,,,counts,CE01ISSM,RID16,NUTNR
CE01ISSM-RID16-07-NUTNRB000,ref_channel_variance,ref_channel_variance,,,,1,CE01ISSM,RID16,NUTNR
CE01ISSM-RID16-07-NUTNRB000,sea_water_dark,sea_water_dark,,,AUX,counts,CE01ISSM,RID16,NUTNR
CE01ISSM-RID16-07-NUTNRB000,spec_channel_average,spec_channel_average,,,,counts,CE01ISSM,RID16,NUTNR
CE01ISSM-RID16-07-NUTNRB000,spectral_channels,spectral_channels,,,L0,counts,CE01ISSM,RID16,NUTNR
CE01ISSM-RID16-07-NUTNRB000,startup_time,startup_time,,,,seconds since 1970-01-01,CE01ISSM,RID16,NUTNR
CE01ISSM-RID16-07-NUTNRB000,lamp_time,lamp_time,,,AUX,s,CE01ISSM,RID16,NUTNR
CE01ISSM-RID16-07-NUTNRB000,spec_on_time,spec_on_time,,,,seconds since 1970-01-01,CE01ISSM,RID16,NUTNR
CE01ISSM-RID16-07-NUTNRB000,spec_powered_time,spec_powered_time,,,,seconds since 1970-01-01,CE01ISSM,RID16,NUTNR
CE01ISSM-RID16-07-NUTNRB000,lamp_on_time,lamp_on_time,,,,seconds since 1970-01-01,CE01ISSM,RID16,NUTNR
CE01ISSM-RID16-07-NUTNRB000,lamp_powered_time,lamp_powered_time,,,,seconds since 1970-01-01,CE01ISSM,RID16,NUTNR
CE01ISSM-RID16-07-NUTNRB000,data_log_file,data_log_file,,,,1,CE01ISSM,RID16,NUTNR
CE01ISSM-RID16-07-NUTNRB000,dark_frame_spectral_channels,dark_frame_spectral_channels,,,AUX,counts,CE01ISSM,RID16,NUTNR
CE01ISSM-RID16-07-NUTNRB000,time,time,,,ENG,seconds since 1900-01-01,CE01ISSM,RID16,NUTNR
CE01ISSM-RID16-07-NUTNRB000,ingestion_timestamp,ingestion_timestamp,,,ENG,seconds since 1900-01-01,CE01ISSM,RID16,NUTNR
CE01ISSM-RID16-08-SPKIRB000,instrument_id,instrument_id,,,ENG,1,CE01ISSM,RID16,SPKIR
CE01ISSM-RID16-08-SPKIRB000,timer,timer,,,ENG,s,CE01ISSM,RID16,SPKIR
CE01ISSM-RID16-08-SPKIRB000,sample_delay,sample_delay,,,ENG,ms,CE01ISSM,RID16,SPKIR
CE01ISSM-RID16-08-SPKIRB000,driver_timestamp,driver_timestamp,,,ENG,seconds since 1900-01-01,CE01ISSM,RID16,SPKIR
CE01ISSM-RID16-08-SPKIRB000,vin_sense,vin_sense,,,ENG,counts,CE01ISSM,RID16,SPKIR
CE01ISSM-RID16-08-SPKIRB000,va_sense,va_sense,,,ENG,counts,CE01ISSM,RID16,SPKIR
CE01ISSM-RID16-08-SPKIRB000,internal_temperature,internal_temperature,,,AUX,counts,CE01ISSM,RID16,SPKIR
CE01ISSM-RID16-08-SPKIRB000,frame_counter,frame_counter,,,ENG,counts,CE01ISSM,RID16,SPKIR
CE01ISSM-RID16-08-SPKIRB000,internal_timestamp,internal_timestamp,,,ENG,seconds since 1900-01-01,CE01ISSM,RID16,SPKIR
CE01ISSM-RID16-08-SPKIRB000,preferred_timestamp,preferred_timestamp,,,ENG,1,CE01ISSM,RID16,SPKIR
CE01ISSM-RID16-08-SPKIRB000,passed_checksum,passed_checksum,,,ENG,1,CE01ISSM,RID16,SPKIR
CE01ISSM-RID16-08-SPKIRB000,channel_array,channel_array,,,L0,counts,CE01ISSM,RID16,SPKIR
CE01ISSM-RID16-08-SPKIRB000,dcl_controller_timestamp,dcl_controller_timestamp,,,ENG,1,CE01ISSM,RID16,SPKIR
CE01ISSM-RID16-08-SPKIRB000,spkir_abj_cspp_downwelling_vector,spkir_abj_cspp_downwelling_vector,0,300,L1,uW cm-2 nm-1,CE01ISSM,RID16,SPKIR
CE01ISSM-RID16-08-SPKIRB000,serial_number,serial_number,,,ENG,1,CE01ISSM,RID16,SPKIR
CE01ISSM-RID16-08-SPKIRB000,time,time,,,ENG,seconds since 1900-01-01,CE01ISSM,RID16,SPKIR
CE01ISSM-RID16-08-SPKIRB000,ingestion_timestamp,ingestion_timestamp,,,ENG,seconds since 1900-01-01,CE01ISSM,RID16,SPKIR
CE01ISSM-SBD17-01-MOPAK0000,driver_timestamp,driver_timestamp,,,ENG,seconds since 1900-01-01,CE01ISSM,SBD17,MOPAK
CE01ISSM-SBD17-01-MOPAK0000,internal_timestamp,internal_timestamp,,,ENG,seconds since 1900-01-01,CE01ISSM,SBD17,MOPAK
CE01ISSM-SBD17-01-MOPAK0000,mopak_accelx,mopak_accelx,,,ENG,g0,CE01ISSM,SBD17,MOPAK
CE01ISSM-SBD17-01-MOPAK0000,mopak_accely,mopak_accely,,,ENG,g0,CE01ISSM,SBD17,MOPAK
CE01ISSM-SBD17-01-MOPAK0000,mopak_accelz,mopak_accelz,,,ENG,g0,CE01ISSM,SBD17,MOPAK
CE01ISSM-SBD17-01-MOPAK0000,mopak_ang_ratex,mopak_ang_ratex,,,ENG,rad s-1,CE01ISSM,SBD17,MOPAK
CE01ISSM-SBD17-01-MOPAK0000,mopak_ang_ratey,mopak_ang_ratey,,,ENG,rad s-1,CE01ISSM,SBD17,MOPAK
CE01ISSM-SBD17-01-MOPAK0000,preferred_timestamp,preferred_timestamp,,,ENG,1,CE01ISSM,SBD17,MOPAK
CE01ISSM-SBD17-01-MOPAK0000,mopak_ang_ratez,mopak_ang_ratez,,,ENG,rad s-1,CE01ISSM,SBD17,MOPAK
CE01ISSM-SBD17-01-MOPAK0000,mopak_magx,mopak_magx,,,ENG,Gs,CE01ISSM,SBD17,MOPAK
CE01ISSM-SBD17-01-MOPAK0000,mopak_magy,mopak_magy,,,ENG,Gs,CE01ISSM,SBD17,MOPAK
CE01ISSM-SBD17-01-MOPAK0000,mopak_magz,mopak_magz,,,ENG,Gs,CE01ISSM,SBD17,MOPAK
CE01ISSM-SBD17-01-MOPAK0000,mopak_timer,mopak_timer,,,ENG,counts,CE01ISSM,SBD17,MOPAK
CE01ISSM-SBD17-01-MOPAK0000,mopak_roll,mopak_roll,,,ENG,degrees,CE01ISSM,SBD17,MOPAK
CE01ISSM-SBD17-01-MOPAK0000,mopak_pitch,mopak_pitch,,,ENG,degrees,CE01ISSM,SBD17,MOPAK
CE01ISSM-SBD17-01-MOPAK0000,mopak_yaw,mopak_yaw,,,ENG,degrees,CE01ISSM,SBD17,MOPAK
CE01ISSM-SBD17-01-MOPAK0000,time,time,,,ENG,seconds since 1900-01-01,CE01ISSM,SBD17,MOPAK
CE01ISSM-SBD17-01-MOPAK0000,ingestion_timestamp,ingestion_timestamp,,,ENG,seconds since 1900-01-01,CE01ISSM,SBD17,MOPAK
CE01ISSM-SBD17-04-VELPTA000,driver_timestamp,driver_timestamp,,,ENG,seconds since 1900-01-01,CE01ISSM,SBD17,VELPT
CE01ISSM-SBD17-04-VELPTA000,firmware_version,firmware_version,,,,1,CE01ISSM,SBD17,VELPT
CE01ISSM-SBD17-04-VELPTA000,eastward_velocity,eastward_velocity,-3,3,L1,m s-1,CE01ISSM,SBD17,VELPT
CE01ISSM-SBD17-04-VELPTA000,northward_velocity,northward_velocity,-3,3,L1,m s-1,CE01ISSM,SBD17,VELPT
CE01ISSM-SBD17-04-VELPTA000,upward_velocity,upward_velocity,-1,1,L1,m s-1,CE01ISSM,SBD17,VELPT
CE01ISSM-SBD17-04-VELPTA000,internal_timestamp,internal_timestamp,,,ENG,seconds since 1900-01-01,CE01ISSM,SBD17,VELPT
CE01ISSM-SBD17-04-VELPTA000,preferred_timestamp,preferred_timestamp,,,ENG,1,CE01ISSM,SBD17,VELPT
CE01ISSM-SBD17-04-VELPTA000,velpt_ab_eastward_velocity,velpt_ab_eastward_velocity,-3,3,L1,m s-1,CE01ISSM,SBD17,VELPT
CE01ISSM-SBD17-04-VELPTA000,velpt_ab_northward_velocity,velpt_ab_northward_velocity,-3,3,L1,m s-1,CE01ISSM,SBD17,VELPT
CE01ISSM-SBD17-04-VELPTA000,velpt_ab_upward_velocity,velpt_ab_upward_velocity,-1,1,L1,m s-1,CE01ISSM,SBD17,VELPT
CE01ISSM-SBD17-04-VELPTA000,number_of_beam_sequences,number_of_beam_sequences,,,,counts,CE01ISSM,SBD17,VELPT
CE01ISSM-SBD17-04-VELPTA000,number_of_beams_in_diagnostics_mode,number_of_beams_in_diagnostics_mode,,,,counts,CE01ISSM,SBD17,VELPT
CE01ISSM-SBD17-04-VELPTA000,reserved_bit_easyq,reserved_bit_easyq,,,,1,CE01ISSM,SBD17,VELPT
CE01ISSM-SBD17-04-VELPTA000,battery_voltage_dv,battery_voltage_dv,,,AUX,dV,CE01ISSM,SBD17,VELPT
CE01ISSM-SBD17-04-VELPTA000,sound_speed_dms,sound_speed_dms,,,AUX,dm s-1,CE01ISSM,SBD17,VELPT
CE01ISSM-SBD17-04-VELPTA000,heading_decidegree,heading_decidegree,,,AUX,deci-degrees,CE01ISSM,SBD17,VELPT
CE01ISSM-SBD17-04-VELPTA000,roll_decidegree,roll_decidegree,,,AUX,deci-degrees,CE01ISSM,SBD17,VELPT
CE01ISSM-SBD17-04-VELPTA000,pitch_decidegree,pitch_decidegree,,,AUX,deci-degrees,CE01ISSM,SBD17,VELPT
CE01ISSM-SBD17-04-VELPTA000,temperature_centidegree,temperature_centidegree,,,AUX,cdeg_C,CE01ISSM,SBD17,VELPT
CE01ISSM-SBD17-04-VELPTA000,pressure_mbar,pressure_mbar,,,AUX,0.001 dbar,CE01ISSM,SBD17,VELPT
CE01ISSM-SBD17-04-VELPTA000,error_code,error_code,,,,1,CE01ISSM,SBD17,VELPT
CE01ISSM-SBD17-04-VELPTA000,analog1,analog1,,,,1,CE01ISSM,SBD17,VELPT
CE01ISSM-SBD17-04-VELPTA000,status,status,,,,1,CE01ISSM,SBD17,VELPT
CE01ISSM-SBD17-04-VELPTA000,velocity_beam1,velocity_beam1,,,L0,mm s-1,CE01ISSM,SBD17,VELPT
CE01ISSM-SBD17-04-VELPTA000,velocity_beam2,velocity_beam2,,,L0,mm s-1,CE01ISSM,SBD17,VELPT
CE01ISSM-SBD17-04-VELPTA000,velocity_beam3,velocity_beam3,,,L0,mm s-1,CE01ISSM,SBD17,VELPT
CE01ISSM-SBD17-04-VELPTA000,amplitude_beam1,amplitude_beam1,,,AUX,counts,CE01ISSM,SBD17,VELPT
CE01ISSM-SBD17-04-VELPTA000,amplitude_beam2,amplitude_beam2,,,AUX,counts,CE01ISSM,SBD17,VELPT
CE01ISSM-SBD17-04-VELPTA000,amplitude_beam3,amplitude_beam3,,,AUX,counts,CE01ISSM,SBD17,VELPT
CE01ISSM-SBD17-04-VELPTA000,records_to_follow,records_to_follow,,,,1,CE01ISSM,SBD17,VELPT
CE01ISSM-SBD17-04-VELPTA000,cell_number_diagnostics,cell_number_diagnostics,,,,1,CE01ISSM,SBD17,VELPT
CE01ISSM-SBD17-04-VELPTA000,noise_amplitude_beam1,noise_amplitude_beam1,,,,counts,CE01ISSM,SBD17,VELPT
CE01ISSM-SBD17-04-VELPTA000,noise_amplitude_beam2,noise_amplitude_beam2,,,,counts,CE01ISSM,SBD17,VELPT
CE01ISSM-SBD17-04-VELPTA000,noise_amplitude_beam3,noise_amplitude_beam3,,,,counts,CE01ISSM,SBD17,VELPT
CE01ISSM-SBD17-04-VELPTA000,noise_amplitude_beam4,noise_amplitude_beam4,,,,counts,CE01ISSM,SBD17,VELPT
CE01ISSM-SBD17-04-VELPTA000,processing_magnitude_beam1,processing_magnitude_beam1,,,,1,CE01ISSM,SBD17,VELPT
CE01ISSM-SBD17-04-VELPTA000,processing_magnitude_beam2,processing_magnitude_beam2,,,,1,CE01ISSM,SBD17,VELPT
CE01ISSM-SBD17-04-VELPTA000,processing_magnitude_beam3,processing_magnitude_beam3,,,,1,CE01ISSM,SBD17,VELPT
CE01ISSM-SBD17-04-VELPTA000,processing_magnitude_beam4,processing_magnitude_beam4,,,,1,CE01ISSM,SBD17,VELPT
CE01ISSM-SBD17-04-VELPTA000,distance_beam1,distance_beam1,,,,1,CE01ISSM,SBD17,VELPT
CE01ISSM-SBD17-04-VELPTA000,distance_beam2,distance_beam2,,,,1,CE01ISSM,SBD17,VELPT
CE01ISSM-SBD17-04-VELPTA000,distance_beam3,distance_beam3,,,,1,CE01ISSM,SBD17,VELPT
CE01ISSM-SBD17-04-VELPTA000,distance_beam4,distance_beam4,,,,1,CE01ISSM,SBD17,VELPT
CE01ISSM-SBD17-04-VELPTA000,instrmt_type_serial_number,instrmt_type_serial_number,,,,1,CE01ISSM,SBD17,VELPT
CE01ISSM-SBD17-04-VELPTA000,pic_version,pic_version,,,,1,CE01ISSM,SBD17,VELPT
CE01ISSM-SBD17-04-VELPTA000,hardware_revision,hardware_revision,,,,1,CE01ISSM,SBD17,VELPT
CE01ISSM-SBD17-04-VELPTA000,recorder_size,recorder_size,,,,bytes,CE01ISSM,SBD17,VELPT
CE01ISSM-SBD17-04-VELPTA000,velocity_range,velocity_range,,,,1,CE01ISSM,SBD17,VELPT
CE01ISSM-SBD17-04-VELPTA000,pressure_sensor,pressure_sensor,,,,1,CE01ISSM,SBD17,VELPT
CE01ISSM-SBD17-04-VELPTA000,magnetometer_sensor,magnetometer_sensor,,,,1,CE01ISSM,SBD17,VELPT
CE01ISSM-SBD17-04-VELPTA000,tilt_sensor,tilt_sensor,,,,1,CE01ISSM,SBD17,VELPT
CE01ISSM-SBD17-04-VELPTA000,tilt_sensor_mounting,tilt_sensor_mounting,,,,1,CE01ISSM,SBD17,VELPT
CE01ISSM-SBD17-04-VELPTA000,head_frequency,head_frequency,,,,kHz,CE01ISSM,SBD17,VELPT
CE01ISSM-SBD17-04-VELPTA000,head_type,head_type,,,,1,CE01ISSM,SBD17,VELPT
CE01ISSM-SBD17-04-VELPTA000,head_serial_number,head_serial_number,,,,1,CE01ISSM,SBD17,VELPT
CE01ISSM-SBD17-04-VELPTA000,number_beams,number_beams,,,,1,CE01ISSM,SBD17,VELPT
CE01ISSM-SBD17-04-VELPTA000,transmit_pulse_length,transmit_pulse_length,,,,counts,CE01ISSM,SBD17,VELPT
CE01ISSM-SBD17-04-VELPTA000,blanking_distance,blanking_distance,,,,counts,CE01ISSM,SBD17,VELPT
CE01ISSM-SBD17-04-VELPTA000,receive_length,receive_length,,,,counts,CE01ISSM,SBD17,VELPT
CE01ISSM-SBD17-04-VELPTA000,time_between_pings,time_between_pings,,,,counts,CE01ISSM,SBD17,VELPT
CE01ISSM-SBD17-04-VELPTA000,time_between_bursts,time_between_bursts,,,,counts,CE01ISSM,SBD17,VELPT
CE01ISSM-SBD17-04-VELPTA000,average_interval,average_interval,,,,s,CE01ISSM,SBD17,VELPT
CE01ISSM-SBD17-04-VELPTA000,compass_update_rate,compass_update_rate,,,,Hz,CE01ISSM,SBD17,VELPT
CE01ISSM-SBD17-04-VELPTA000,coordinate_system,coordinate_system,,,,1,CE01ISSM,SBD17,VELPT
CE01ISSM-SBD17-04-VELPTA000,number_cells,number_cells,,,,1,CE01ISSM,SBD17,VELPT
CE01ISSM-SBD17-04-VELPTA000,measurement_interval,measurement_interval,,,,s,CE01ISSM,SBD17,VELPT
CE01ISSM-SBD17-04-VELPTA000,deployment_name,deployment_name,,,,1,CE01ISSM,SBD17,VELPT
CE01ISSM-SBD17-04-VELPTA000,diagnostics_interval,diagnostics_interval,,,,s,CE01ISSM,SBD17,VELPT
CE01ISSM-SBD17-04-VELPTA000,use_specified_sound_speed,use_specified_sound_speed,,,,1,CE01ISSM,SBD17,VELPT
CE01ISSM-SBD17-04-VELPTA000,diagnostics_mode_enable,diagnostics_mode_enable,,,,1,CE01ISSM,SBD17,VELPT
CE01ISSM-SBD17-04-VELPTA000,analog_output_enable,analog_output_enable,,,,1,CE01ISSM,SBD17,VELPT
CE01ISSM-SBD17-04-VELPTA000,output_format_nortek,output_format_nortek,,,,1,CE01ISSM,SBD17,VELPT
CE01ISSM-SBD17-04-VELPTA000,scaling,scaling,,,,1,CE01ISSM,SBD17,VELPT
CE01ISSM-SBD17-04-VELPTA000,serial_output_enable,serial_output_enable,,,,1,CE01ISSM,SBD17,VELPT
CE01ISSM-SBD17-04-VELPTA000,stage_enable,stage_enable,,,,1,CE01ISSM,SBD17,VELPT
CE01ISSM-SBD17-04-VELPTA000,analog_power_output,analog_power_output,,,,1,CE01ISSM,SBD17,VELPT
CE01ISSM-SBD17-04-VELPTA000,sound_speed_adjust_factor,sound_speed_adjust_factor,,,,m s-1,CE01ISSM,SBD17,VELPT
CE01ISSM-SBD17-04-VELPTA000,number_diagnostics_samples,number_diagnostics_samples,,,,1,CE01ISSM,SBD17,VELPT
CE01ISSM-SBD17-04-VELPTA000,number_pings_diagnostic,number_pings_diagnostic,,,,1,CE01ISSM,SBD17,VELPT
CE01ISSM-SBD17-04-VELPTA000,software_version,software_version,,,,1,CE01ISSM,SBD17,VELPT
CE01ISSM-SBD17-04-VELPTA000,correlation_threshold,correlation_threshold,,,,1,CE01ISSM,SBD17,VELPT
CE01ISSM-SBD17-04-VELPTA000,time,time,,,ENG,seconds since 1900-01-01,CE01ISSM,SBD17,VELPT
CE01ISSM-SBD17-04-VELPTA000,ingestion_timestamp,ingestion_timestamp,,,ENG,seconds since 1900-01-01,CE01ISSM,SBD17,VELPT
CE01ISSM-SBD17-04-VELPTA000,date_time_string,date_time_string,,,,1,CE01ISSM,SBD17,VELPT
CE01ISSP-SP001-02-DOSTAJ000,product_number,product_number,,,,1,CE01ISSP,SP001,DOSTA
CE01ISSP-SP001-02-DOSTAJ000,driver_timestamp,driver_timestamp,,,ENG,seconds since 1900-01-01,CE01ISSP,SP001,DOSTA
CE01ISSP-SP001-02-DOSTAJ000,internal_timestamp,internal_timestamp,,,ENG,seconds since 1900-01-01,CE01ISSP,SP001,DOSTA
CE01ISSP-SP001-02-DOSTAJ000,preferred_timestamp,preferred_timestamp,,,ENG,1,CE01ISSP,SP001,DOSTA
CE01ISSP-SP001-02-DOSTAJ000,profiler_timestamp,profiler_timestamp,,,ENG,seconds since 1970-01-01,CE01ISSP,SP001,DOSTA
CE01ISSP-SP001-02-DOSTAJ000,last_character_controller_id,last_character_controller_id,,,,1,CE01ISSP,SP001,DOSTA
CE01ISSP-SP001-02-DOSTAJ000,day_of_year_number,day_of_year_number,,,,1,CE01ISSP,SP001,DOSTA
CE01ISSP-SP001-02-DOSTAJ000,fraction_of_day,fraction_of_day,,,,1,CE01ISSP,SP001,DOSTA
CE01ISSP-SP001-02-DOSTAJ000,source_file,source_file,,,,1,CE01ISSP,SP001,DOSTA
CE01ISSP-SP001-02-DOSTAJ000,processing_time,processing_time,,,,1,CE01ISSP,SP001,DOSTA
CE01ISSP-SP001-02-DOSTAJ000,preprocessing_software_version,preprocessing_software_version,,,ENG,1,CE01ISSP,SP001,DOSTA
CE01ISSP-SP001-02-DOSTAJ000,start_date,start_date,,,,1,CE01ISSP,SP001,DOSTA
CE01ISSP-SP001-02-DOSTAJ000,pressure_depth,pressure_depth,,,AUX,dbar,CE01ISSP,SP001,DOSTA
CE01ISSP-SP001-02-DOSTAJ000,suspect_timestamp,suspect_timestamp,,,,1,CE01ISSP,SP001,DOSTA
CE01ISSP-SP001-02-DOSTAJ000,dosta_abcdjm_cspp_tc_oxygen,dosta_abcdjm_cspp_tc_oxygen,0,400,L1,umol L-1,CE01ISSP,SP001,DOSTA
CE01ISSP-SP001-02-DOSTAJ000,serial_number,serial_number,,,ENG,1,CE01ISSP,SP001,DOSTA
CE01ISSP-SP001-02-DOSTAJ000,dosta_abcdjm_cspp_abs_oxygen,dosta_abcdjm_cspp_abs_oxygen,0,400,L2,umol kg-1,CE01ISSP,SP001,DOSTA
CE01ISSP-SP001-02-DOSTAJ000,time,time,,,ENG,seconds since 1900-01-01,CE01ISSP,SP001,DOSTA
CE01ISSP-SP001-02-DOSTAJ000,ingestion_timestamp,ingestion_timestamp,,,ENG,seconds since 1900-01-01,CE01ISSP,SP001,DOSTA
CE01ISSP-SP001-02-DOSTAJ000,estimated_oxygen_concentration,estimated_oxygen_concentration,0,400,L1,umol L-1,CE01ISSP,SP001,DOSTA
CE01ISSP-SP001-02-DOSTAJ000,optode_temperature,optode_temperature,-2,40,,deg_C,CE01ISSP,SP001,DOSTA
CE01ISSP-SP001-02-DOSTAJ000,calibrated_phase,calibrated_phase,,,L0,degrees,CE01ISSP,SP001,DOSTA
CE01ISSP-SP001-02-DOSTAJ000,temp_compensated_phase,temp_compensated_phase,,,,degrees,CE01ISSP,SP001,DOSTA
CE01ISSP-SP001-02-DOSTAJ000,blue_phase,blue_phase,,,,degrees,CE01ISSP,SP001,DOSTA
CE01ISSP-SP001-02-DOSTAJ000,red_phase,red_phase,,,,degrees,CE01ISSP,SP001,DOSTA
CE01ISSP-SP001-02-DOSTAJ000,blue_amplitude,blue_amplitude,,,,mV,CE01ISSP,SP001,DOSTA
CE01ISSP-SP001-02-DOSTAJ000,red_amplitude,red_amplitude,,,,mV,CE01ISSP,SP001,DOSTA
CE01ISSP-SP001-02-DOSTAJ000,raw_temperature,raw_temperature,,,,mV,CE01ISSP,SP001,DOSTA
CE01ISSP-SP001-04-OPTAAJ000,driver_timestamp,driver_timestamp,,,ENG,seconds since 1900-01-01,CE01ISSP,SP001,OPTAA
CE01ISSP-SP001-04-OPTAAJ000,internal_timestamp,internal_timestamp,,,ENG,seconds since 1900-01-01,CE01ISSP,SP001,OPTAA
CE01ISSP-SP001-04-OPTAAJ000,preferred_timestamp,preferred_timestamp,,,ENG,1,CE01ISSP,SP001,OPTAA
CE01ISSP-SP001-04-OPTAAJ000,profiler_timestamp,profiler_timestamp,,,ENG,seconds since 1970-01-01,CE01ISSP,SP001,OPTAA
CE01ISSP-SP001-04-OPTAAJ000,last_character_controller_id,last_character_controller_id,,,,1,CE01ISSP,SP001,OPTAA
CE01ISSP-SP001-04-OPTAAJ000,day_of_year_number,day_of_year_number,,,,1,CE01ISSP,SP001,OPTAA
CE01ISSP-SP001-04-OPTAAJ000,fraction_of_day,fraction_of_day,,,,1,CE01ISSP,SP001,OPTAA
CE01ISSP-SP001-04-OPTAAJ000,source_file,source_file,,,,1,CE01ISSP,SP001,OPTAA
CE01ISSP-SP001-04-OPTAAJ000,processing_time,processing_time,,,,1,CE01ISSP,SP001,OPTAA
CE01ISSP-SP001-04-OPTAAJ000,preprocessing_software_version,preprocessing_software_version,,,ENG,1,CE01ISSP,SP001,OPTAA
CE01ISSP-SP001-04-OPTAAJ000,start_date,start_date,,,,1,CE01ISSP,SP001,OPTAA
CE01ISSP-SP001-04-OPTAAJ000,pressure_depth,pressure_depth,,,AUX,dbar,CE01ISSP,SP001,OPTAA
CE01ISSP-SP001-04-OPTAAJ000,on_seconds,on_seconds,,,,s,CE01ISSP,SP001,OPTAA
CE01ISSP-SP001-04-OPTAAJ000,suspect_timestamp,suspect_timestamp,,,,1,CE01ISSP,SP001,OPTAA
CE01ISSP-SP001-04-OPTAAJ000,serial_number,serial_number,,,ENG,1,CE01ISSP,SP001,OPTAA
CE01ISSP-SP001-04-OPTAAJ000,optaa_dj_cspp_beam_attenuation,optaa_dj_cspp_beam_attenuation,0,100,L2,m-1,CE01ISSP,SP001,OPTAA
CE01ISSP-SP001-04-OPTAAJ000,optaa_dj_cspp_optical_absorption,optaa_dj_cspp_optical_absorption,0,100,L2,m-1,CE01ISSP,SP001,OPTAA
CE01ISSP-SP001-04-OPTAAJ000,a_reference_dark_counts,a_reference_dark_counts,,,,counts,CE01ISSP,SP001,OPTAA
CE01ISSP-SP001-04-OPTAAJ000,pressure_counts,pressure_counts,,,,counts,CE01ISSP,SP001,OPTAA
CE01ISSP-SP001-04-OPTAAJ000,a_signal_dark_counts,a_signal_dark_counts,,,,counts,CE01ISSP,SP001,OPTAA
CE01ISSP-SP001-04-OPTAAJ000,external_temp_raw,external_temp_raw,,,,counts,CE01ISSP,SP001,OPTAA
CE01ISSP-SP001-04-OPTAAJ000,internal_temp_raw,internal_temp_raw,,,L0,counts,CE01ISSP,SP001,OPTAA
CE01ISSP-SP001-04-OPTAAJ000,c_reference_dark_counts,c_reference_dark_counts,,,,counts,CE01ISSP,SP001,OPTAA
CE01ISSP-SP001-04-OPTAAJ000,c_signal_dark_counts,c_signal_dark_counts,,,,counts,CE01ISSP,SP001,OPTAA
CE01ISSP-SP001-04-OPTAAJ000,num_wavelengths,num_wavelengths,,,,1,CE01ISSP,SP001,OPTAA
CE01ISSP-SP001-04-OPTAAJ000,c_reference_counts,c_reference_counts,,,L0,counts,CE01ISSP,SP001,OPTAA
CE01ISSP-SP001-04-OPTAAJ000,a_reference_counts,a_reference_counts,,,L0,counts,CE01ISSP,SP001,OPTAA
CE01ISSP-SP001-04-OPTAAJ000,c_signal_counts,c_signal_counts,,,L0,counts,CE01ISSP,SP001,OPTAA
CE01ISSP-SP001-04-OPTAAJ000,a_signal_counts,a_signal_counts,,,L0,counts,CE01ISSP,SP001,OPTAA
CE01ISSP-SP001-04-OPTAAJ000,time,time,,,ENG,seconds since 1900-01-01,CE01ISSP,SP001,OPTAA
CE01ISSP-SP001-04-OPTAAJ000,ingestion_timestamp,ingestion_timestamp,,,ENG,seconds since 1900-01-01,CE01ISSP,SP001,OPTAA
CE01ISSP-SP001-05-VELPTJ000,driver_timestamp,driver_timestamp,,,ENG,seconds since 1900-01-01,CE01ISSP,SP001,VELPT
CE01ISSP-SP001-05-VELPTJ000,internal_timestamp,internal_timestamp,,,ENG,seconds since 1900-01-01,CE01ISSP,SP001,VELPT
CE01ISSP-SP001-05-VELPTJ000,preferred_timestamp,preferred_timestamp,,,ENG,1,CE01ISSP,SP001,VELPT
CE01ISSP-SP001-05-VELPTJ000,profiler_timestamp,profiler_timestamp,,,ENG,seconds since 1970-01-01,CE01ISSP,SP001,VELPT
CE01ISSP-SP001-05-VELPTJ000,last_character_controller_id,last_character_controller_id,,,,1,CE01ISSP,SP001,VELPT
CE01ISSP-SP001-05-VELPTJ000,day_of_year_number,day_of_year_number,,,,1,CE01ISSP,SP001,VELPT
CE01ISSP-SP001-05-VELPTJ000,fraction_of_day,fraction_of_day,,,,1,CE01ISSP,SP001,VELPT
CE01ISSP-SP001-05-VELPTJ000,source_file,source_file,,,,1,CE01ISSP,SP001,VELPT
CE01ISSP-SP001-05-VELPTJ000,processing_time,processing_time,,,,1,CE01ISSP,SP001,VELPT
CE01ISSP-SP001-05-VELPTJ000,preprocessing_software_version,preprocessing_software_version,,,ENG,1,CE01ISSP,SP001,VELPT
CE01ISSP-SP001-05-VELPTJ000,start_date,start_date,,,,1,CE01ISSP,SP001,VELPT
CE01ISSP-SP001-05-VELPTJ000,pressure_depth,pressure_depth,,,AUX,dbar,CE01ISSP,SP001,VELPT
CE01ISSP-SP001-05-VELPTJ000,velpt_pressure,velpt_pressure,,,AUX,dbar,CE01ISSP,SP001,VELPT
CE01ISSP-SP001-05-VELPTJ000,velocity_beam1_m_s,velocity_beam1_m_s,,,,m s-1,CE01ISSP,SP001,VELPT
CE01ISSP-SP001-05-VELPTJ000,velocity_beam2_m_s,velocity_beam2_m_s,,,,m s-1,CE01ISSP,SP001,VELPT
CE01ISSP-SP001-05-VELPTJ000,velocity_beam3_m_s,velocity_beam3_m_s,,,,m s-1,CE01ISSP,SP001,VELPT
CE01ISSP-SP001-05-VELPTJ000,suspect_timestamp,suspect_timestamp,,,,1,CE01ISSP,SP001,VELPT
CE01ISSP-SP001-05-VELPTJ000,velpt_j_eastward_velocity,velpt_j_eastward_velocity,-3,3,L1,m s-1,CE01ISSP,SP001,VELPT
CE01ISSP-SP001-05-VELPTJ000,velpt_j_northward_velocity,velpt_j_northward_velocity,-3,3,L1,m s-1,CE01ISSP,SP001,VELPT
CE01ISSP-SP001-05-VELPTJ000,velpt_j_upward_velocity,velpt_j_upward_velocity,-1,1,L1,m s-1,CE01ISSP,SP001,VELPT
CE01ISSP-SP001-05-VELPTJ000,heading,heading,,,AUX,rad,CE01ISSP,SP001,VELPT
CE01ISSP-SP001-05-VELPTJ000,pitch,pitch,,,AUX,rad,CE01ISSP,SP001,VELPT
CE01ISSP-SP001-05-VELPTJ000,roll,roll,,,AUX,rad,CE01ISSP,SP001,VELPT
CE01ISSP-SP001-05-VELPTJ000,temperature,temperature,-2,40,L1,deg_C,CE01ISSP,SP001,VELPT
CE01ISSP-SP001-05-VELPTJ000,amplitude_beam1,amplitude_beam1,,,AUX,counts,CE01ISSP,SP001,VELPT
CE01ISSP-SP001-05-VELPTJ000,amplitude_beam2,amplitude_beam2,,,AUX,counts,CE01ISSP,SP001,VELPT
CE01ISSP-SP001-05-VELPTJ000,amplitude_beam3,amplitude_beam3,,,AUX,counts,CE01ISSP,SP001,VELPT
CE01ISSP-SP001-05-VELPTJ000,speed_of_sound,speed_of_sound,,,AUX,m s-1,CE01ISSP,SP001,VELPT
CE01ISSP-SP001-05-VELPTJ000,time,time,,,ENG,seconds since 1900-01-01,CE01ISSP,SP001,VELPT
CE01ISSP-SP001-05-VELPTJ000,ingestion_timestamp,ingestion_timestamp,,,ENG,seconds since 1900-01-01,CE01ISSP,SP001,VELPT
CE01ISSP-SP001-06-NUTNRJ000,driver_timestamp,driver_timestamp,,,ENG,seconds since 1900-01-01,CE01ISSP,SP001,NUTNR
CE01ISSP-SP001-06-NUTNRJ000,internal_timestamp,internal_timestamp,,,ENG,seconds since 1900-01-01,CE01ISSP,SP001,NUTNR
CE01ISSP-SP001-06-NUTNRJ000,preferred_timestamp,preferred_timestamp,,,ENG,1,CE01ISSP,SP001,NUTNR
CE01ISSP-SP001-06-NUTNRJ000,profiler_timestamp,profiler_timestamp,,,ENG,seconds since 1970-01-01,CE01ISSP,SP001,NUTNR
CE01ISSP-SP001-06-NUTNRJ000,last_character_controller_id,last_character_controller_id,,,,1,CE01ISSP,SP001,NUTNR
CE01ISSP-SP001-06-NUTNRJ000,day_of_year_number,day_of_year_number,,,,1,CE01ISSP,SP001,NUTNR
CE01ISSP-SP001-06-NUTNRJ000,fraction_of_day,fraction_of_day,,,,1,CE01ISSP,SP001,NUTNR
CE01ISSP-SP001-06-NUTNRJ000,source_file,source_file,,,,1,CE01ISSP,SP001,NUTNR
CE01ISSP-SP001-06-NUTNRJ000,processing_time,processing_time,,,,1,CE01ISSP,SP001,NUTNR
CE01ISSP-SP001-06-NUTNRJ000,preprocessing_software_version,preprocessing_software_version,,,ENG,1,CE01ISSP,SP001,NUTNR
CE01ISSP-SP001-06-NUTNRJ000,start_date,start_date,,,,1,CE01ISSP,SP001,NUTNR
CE01ISSP-SP001-06-NUTNRJ000,nutnr_nitrogen_in_nitrate,nutnr_nitrogen_in_nitrate,,,,mg/L,CE01ISSP,SP001,NUTNR
CE01ISSP-SP001-06-NUTNRJ000,nutnr_absorbance_at_254_nm,nutnr_absorbance_at_254_nm,,,,1,CE01ISSP,SP001,NUTNR
CE01ISSP-SP001-06-NUTNRJ000,nutnr_absorbance_at_350_nm,nutnr_absorbance_at_350_nm,,,,1,CE01ISSP,SP001,NUTNR
CE01ISSP-SP001-06-NUTNRJ000,nutnr_bromide_trace,nutnr_bromide_trace,,,,mg/L,CE01ISSP,SP001,NUTNR
CE01ISSP-SP001-06-NUTNRJ000,nutnr_spectrum_average,nutnr_spectrum_average,,,,1,CE01ISSP,SP001,NUTNR
CE01ISSP-SP001-06-NUTNRJ000,nutnr_dark_value_used_for_fit,nutnr_dark_value_used_for_fit,,,AUX,1,CE01ISSP,SP001,NUTNR
CE01ISSP-SP001-06-NUTNRJ000,nutnr_integration_time_factor,nutnr_integration_time_factor,,,,1,CE01ISSP,SP001,NUTNR
CE01ISSP-SP001-06-NUTNRJ000,nutnr_voltage_int,nutnr_voltage_int,,,,V,CE01ISSP,SP001,NUTNR
CE01ISSP-SP001-06-NUTNRJ000,nutnr_current_main,nutnr_current_main,,,,mA,CE01ISSP,SP001,NUTNR
CE01ISSP-SP001-06-NUTNRJ000,nutnr_fit_base_1,nutnr_fit_base_1,,,,1,CE01ISSP,SP001,NUTNR
CE01ISSP-SP001-06-NUTNRJ000,nutnr_fit_base_2,nutnr_fit_base_2,,,,1,CE01ISSP,SP001,NUTNR
CE01ISSP-SP001-06-NUTNRJ000,nutnr_fit_rmse,nutnr_fit_rmse,,,AUX,1,CE01ISSP,SP001,NUTNR
CE01ISSP-SP001-06-NUTNRJ000,pressure_depth,pressure_depth,,,AUX,dbar,CE01ISSP,SP001,NUTNR
CE01ISSP-SP001-06-NUTNRJ000,year,year,,,,year,CE01ISSP,SP001,NUTNR
CE01ISSP-SP001-06-NUTNRJ000,day_of_year,day_of_year,,,,1,CE01ISSP,SP001,NUTNR
CE01ISSP-SP001-06-NUTNRJ000,ctd_time_uint32,ctd_time_uint32,,,,seconds since 1970-01-01,CE01ISSP,SP001,NUTNR
CE01ISSP-SP001-06-NUTNRJ000,ctd_psu,ctd_psu,,,AUX,(unitless),CE01ISSP,SP001,NUTNR
CE01ISSP-SP001-06-NUTNRJ000,ctd_temp,ctd_temp,,,AUX,deg_C,CE01ISSP,SP001,NUTNR
CE01ISSP-SP001-06-NUTNRJ000,ctd_dbar,ctd_dbar,,,AUX,dbar,CE01ISSP,SP001,NUTNR
CE01ISSP-SP001-06-NUTNRJ000,suspect_timestamp,suspect_timestamp,,,,1,CE01ISSP,SP001,NUTNR
CE01ISSP-SP001-06-NUTNRJ000,frame_type,frame_type,,,,1,CE01ISSP,SP001,NUTNR
CE01ISSP-SP001-06-NUTNRJ000,time_of_sample,time_of_sample,,,AUX,h,CE01ISSP,SP001,NUTNR
CE01ISSP-SP001-06-NUTNRJ000,nitrate_concentration,nitrate_concentration,0,40,L1,umol L-1,CE01ISSP,SP001,NUTNR
CE01ISSP-SP001-06-NUTNRJ000,aux_fitting_1,aux_fitting_1,,,AUX,1,CE01ISSP,SP001,NUTNR
CE01ISSP-SP001-06-NUTNRJ000,aux_fitting_2,aux_fitting_2,,,AUX,1,CE01ISSP,SP001,NUTNR
CE01ISSP-SP001-06-NUTNRJ000,temp_interior,temp_interior,,,AUX,deg_C,CE01ISSP,SP001,NUTNR
CE01ISSP-SP001-06-NUTNRJ000,temp_spectrometer,temp_spectrometer,,,AUX,deg_C,CE01ISSP,SP001,NUTNR
CE01ISSP-SP001-06-NUTNRJ000,temp_lamp,temp_lamp,,,AUX,deg_C,CE01ISSP,SP001,NUTNR
CE01ISSP-SP001-06-NUTNRJ000,humidity,humidity,,,AUX,%,CE01ISSP,SP001,NUTNR
CE01ISSP-SP001-06-NUTNRJ000,voltage_lamp,voltage_lamp,,,AUX,V,CE01ISSP,SP001,NUTNR
CE01ISSP-SP001-06-NUTNRJ000,voltage_main,voltage_main,,,AUX,V,CE01ISSP,SP001,NUTNR
CE01ISSP-SP001-06-NUTNRJ000,spectral_channels,spectral_channels,,,L0,counts,CE01ISSP,SP001,NUTNR
CE01ISSP-SP001-06-NUTNRJ000,lamp_time,lamp_time,,,AUX,s,CE01ISSP,SP001,NUTNR
CE01ISSP-SP001-06-NUTNRJ000,nutnr_j_cspp_temp_sal_corrected_nitrate,nutnr_j_cspp_temp_sal_corrected_nitrate,0,40,L2,umol L-1,CE01ISSP,SP001,NUTNR
CE01ISSP-SP001-06-NUTNRJ000,dark_frame_spectral_channels,dark_frame_spectral_channels,,,AUX,counts,CE01ISSP,SP001,NUTNR
CE01ISSP-SP001-06-NUTNRJ000,time,time,,,ENG,seconds since 1900-01-01,CE01ISSP,SP001,NUTNR
CE01ISSP-SP001-06-NUTNRJ000,ingestion_timestamp,ingestion_timestamp,,,ENG,seconds since 1900-01-01,CE01ISSP,SP001,NUTNR
CE01ISSP-SP001-07-SPKIRJ000,instrument_id,instrument_id,,,ENG,1,CE01ISSP,SP001,SPKIR
CE01ISSP-SP001-07-SPKIRJ000,timer,timer,,,ENG,s,CE01ISSP,SP001,SPKIR
CE01ISSP-SP001-07-SPKIRJ000,sample_delay,sample_delay,,,ENG,ms,CE01ISSP,SP001,SPKIR
CE01ISSP-SP001-07-SPKIRJ000,driver_timestamp,driver_timestamp,,,ENG,seconds since 1900-01-01,CE01ISSP,SP001,SPKIR
CE01ISSP-SP001-07-SPKIRJ000,vin_sense,vin_sense,,,ENG,counts,CE01ISSP,SP001,SPKIR
CE01ISSP-SP001-07-SPKIRJ000,va_sense,va_sense,,,ENG,counts,CE01ISSP,SP001,SPKIR
CE01ISSP-SP001-07-SPKIRJ000,internal_temperature,internal_temperature,,,AUX,counts,CE01ISSP,SP001,SPKIR
CE01ISSP-SP001-07-SPKIRJ000,frame_counter,frame_counter,,,ENG,counts,CE01ISSP,SP001,SPKIR
CE01ISSP-SP001-07-SPKIRJ000,internal_timestamp,internal_timestamp,,,ENG,seconds since 1900-01-01,CE01ISSP,SP001,SPKIR
CE01ISSP-SP001-07-SPKIRJ000,preferred_timestamp,preferred_timestamp,,,ENG,1,CE01ISSP,SP001,SPKIR
CE01ISSP-SP001-07-SPKIRJ000,profiler_timestamp,profiler_timestamp,,,ENG,seconds since 1970-01-01,CE01ISSP,SP001,SPKIR
CE01ISSP-SP001-07-SPKIRJ000,last_character_controller_id,last_character_controller_id,,,,1,CE01ISSP,SP001,SPKIR
CE01ISSP-SP001-07-SPKIRJ000,day_of_year_number,day_of_year_number,,,,1,CE01ISSP,SP001,SPKIR
CE01ISSP-SP001-07-SPKIRJ000,fraction_of_day,fraction_of_day,,,,1,CE01ISSP,SP001,SPKIR
CE01ISSP-SP001-07-SPKIRJ000,source_file,source_file,,,,1,CE01ISSP,SP001,SPKIR
CE01ISSP-SP001-07-SPKIRJ000,processing_time,processing_time,,,,1,CE01ISSP,SP001,SPKIR
CE01ISSP-SP001-07-SPKIRJ000,preprocessing_software_version,preprocessing_software_version,,,ENG,1,CE01ISSP,SP001,SPKIR
CE01ISSP-SP001-07-SPKIRJ000,start_date,start_date,,,,1,CE01ISSP,SP001,SPKIR
CE01ISSP-SP001-07-SPKIRJ000,channel_array,channel_array,,,L0,counts,CE01ISSP,SP001,SPKIR
CE01ISSP-SP001-07-SPKIRJ000,pressure_depth,pressure_depth,,,AUX,dbar,CE01ISSP,SP001,SPKIR
CE01ISSP-SP001-07-SPKIRJ000,suspect_timestamp,suspect_timestamp,,,,1,CE01ISSP,SP001,SPKIR
CE01ISSP-SP001-07-SPKIRJ000,spkir_abj_cspp_downwelling_vector,spkir_abj_cspp_downwelling_vector,0,300,L1,uW cm-2 nm-1,CE01ISSP,SP001,SPKIR
CE01ISSP-SP001-07-SPKIRJ000,serial_number,serial_number,,,ENG,1,CE01ISSP,SP001,SPKIR
CE01ISSP-SP001-07-SPKIRJ000,time,time,,,ENG,seconds since 1900-01-01,CE01ISSP,SP001,SPKIR
CE01ISSP-SP001-07-SPKIRJ000,ingestion_timestamp,ingestion_timestamp,,,ENG,seconds since 1900-01-01,CE01ISSP,SP001,SPKIR
CE01ISSP-SP001-08-FLORTJ000,driver_timestamp,driver_timestamp,,,ENG,seconds since 1900-01-01,CE01ISSP,SP001,FLORT
CE01ISSP-SP001-08-FLORTJ000,date_string,date_string,,,ENG,1,CE01ISSP,SP001,FLORT
CE01ISSP-SP001-08-FLORTJ000,time_string,time_string,,,ENG,1,CE01ISSP,SP001,FLORT
CE01ISSP-SP001-08-FLORTJ000,measurement_wavelength_beta,measurement_wavelength_beta,,,,nm,CE01ISSP,SP001,FLORT
CE01ISSP-SP001-08-FLORTJ000,raw_signal_beta,raw_signal_beta,,,L0,counts,CE01ISSP,SP001,FLORT
CE01ISSP-SP001-08-FLORTJ000,measurement_wavelength_chl,measurement_wavelength_chl,,,,nm,CE01ISSP,SP001,FLORT
CE01ISSP-SP001-08-FLORTJ000,raw_signal_chl,raw_signal_chl,,,L0,counts,CE01ISSP,SP001,FLORT
CE01ISSP-SP001-08-FLORTJ000,measurement_wavelength_cdom,measurement_wavelength_cdom,,,,nm,CE01ISSP,SP001,FLORT
CE01ISSP-SP001-08-FLORTJ000,raw_signal_cdom,raw_signal_cdom,,,L0,counts,CE01ISSP,SP001,FLORT
CE01ISSP-SP001-08-FLORTJ000,raw_internal_temp,raw_internal_temp,,,,counts,CE01ISSP,SP001,FLORT
CE01ISSP-SP001-08-FLORTJ000,internal_timestamp,internal_timestamp,,,ENG,seconds since 1900-01-01,CE01ISSP,SP001,FLORT
CE01ISSP-SP001-08-FLORTJ000,preferred_timestamp,preferred_timestamp,,,ENG,1,CE01ISSP,SP001,FLORT
CE01ISSP-SP001-08-FLORTJ000,flort_k_total_volume_scattering_coefficient,flort_k_total_volume_scattering_coefficient,,,L1,m-1 sr-1,CE01ISSP,SP001,FLORT
CE01ISSP-SP001-08-FLORTJ000,fluorometric_chlorophyll_a,fluorometric_chlorophyll_a,0,50,L1,ug L-1,CE01ISSP,SP001,FLORT
CE01ISSP-SP001-08-FLORTJ000,fluorometric_cdom,fluorometric_cdom,0,375,L1,ppb,CE01ISSP,SP001,FLORT
CE01ISSP-SP001-08-FLORTJ000,profiler_timestamp,profiler_timestamp,,,ENG,seconds since 1970-01-01,CE01ISSP,SP001,FLORT
CE01ISSP-SP001-08-FLORTJ000,last_character_controller_id,last_character_controller_id,,,,1,CE01ISSP,SP001,FLORT
CE01ISSP-SP001-08-FLORTJ000,day_of_year_number,day_of_year_number,,,,1,CE01ISSP,SP001,FLORT
CE01ISSP-SP001-08-FLORTJ000,fraction_of_day,fraction_of_day,,,,1,CE01ISSP,SP001,FLORT
CE01ISSP-SP001-08-FLORTJ000,source_file,source_file,,,,1,CE01ISSP,SP001,FLORT
CE01ISSP-SP001-08-FLORTJ000,processing_time,processing_time,,,,1,CE01ISSP,SP001,FLORT
CE01ISSP-SP001-08-FLORTJ000,preprocessing_software_version,preprocessing_software_version,,,ENG,1,CE01ISSP,SP001,FLORT
CE01ISSP-SP001-08-FLORTJ000,start_date,start_date,,,,1,CE01ISSP,SP001,FLORT
CE01ISSP-SP001-08-FLORTJ000,pressure_depth,pressure_depth,,,AUX,dbar,CE01ISSP,SP001,FLORT
CE01ISSP-SP001-08-FLORTJ000,suspect_timestamp,suspect_timestamp,,,,1,CE01ISSP,SP001,FLORT
CE01ISSP-SP001-08-FLORTJ000,flort_dj_cspp_bback_total,flort_dj_cspp_bback_total,0.0003,1,L2,m-1,CE01ISSP,SP001,FLORT
CE01ISSP-SP001-08-FLORTJ000,flort_dj_cspp_scat_seawater,flort_dj_cspp_scat_seawater,,,AUX,m-1,CE01ISSP,SP001,FLORT
CE01ISSP-SP001-08-FLORTJ000,time,time,,,ENG,seconds since 1900-01-01,CE01ISSP,SP001,FLORT
CE01ISSP-SP001-08-FLORTJ000,ingestion_timestamp,ingestion_timestamp,,,ENG,seconds since 1900-01-01,CE01ISSP,SP001,FLORT
CE01ISSP-SP001-09-CTDPFJ000,conductivity,conductivity,0,6,L1,S m-1,CE01ISSP,SP001,CTDPF
CE01ISSP-SP001-09-CTDPFJ000,driver_timestamp,driver_timestamp,,,ENG,seconds since 1900-01-01,CE01ISSP,SP001,CTDPF
CE01ISSP-SP001-09-CTDPFJ000,internal_timestamp,internal_timestamp,,,ENG,seconds since 1900-01-01,CE01ISSP,SP001,CTDPF
CE01ISSP-SP001-09-CTDPFJ000,preferred_timestamp,preferred_timestamp,,,ENG,1,CE01ISSP,SP001,CTDPF
CE01ISSP-SP001-09-CTDPFJ000,pressure,pressure,0,6000,L1,dbar,CE01ISSP,SP001,CTDPF
CE01ISSP-SP001-09-CTDPFJ000,profiler_timestamp,profiler_timestamp,,,ENG,seconds since 1970-01-01,CE01ISSP,SP001,CTDPF
CE01ISSP-SP001-09-CTDPFJ000,last_character_controller_id,last_character_controller_id,,,,1,CE01ISSP,SP001,CTDPF
CE01ISSP-SP001-09-CTDPFJ000,day_of_year_number,day_of_year_number,,,,1,CE01ISSP,SP001,CTDPF
CE01ISSP-SP001-09-CTDPFJ000,fraction_of_day,fraction_of_day,,,,1,CE01ISSP,SP001,CTDPF
CE01ISSP-SP001-09-CTDPFJ000,source_file,source_file,,,,1,CE01ISSP,SP001,CTDPF
CE01ISSP-SP001-09-CTDPFJ000,processing_time,processing_time,,,,1,CE01ISSP,SP001,CTDPF
CE01ISSP-SP001-09-CTDPFJ000,preprocessing_software_version,preprocessing_software_version,,,ENG,1,CE01ISSP,SP001,CTDPF
CE01ISSP-SP001-09-CTDPFJ000,start_date,start_date,,,,1,CE01ISSP,SP001,CTDPF
CE01ISSP-SP001-09-CTDPFJ000,suspect_timestamp,suspect_timestamp,,,,1,CE01ISSP,SP001,CTDPF
CE01ISSP-SP001-09-CTDPFJ000,ctdpf_j_density,ctdpf_j_density,1000,1100,L2,kg m-3,CE01ISSP,SP001,CTDPF
CE01ISSP-SP001-09-CTDPFJ000,salinity,salinity,0,42,L2,1,CE01ISSP,SP001,CTDPF
CE01ISSP-SP001-09-CTDPFJ000,temperature,temperature,-2,40,L1,deg_C,CE01ISSP,SP001,CTDPF
CE01ISSP-SP001-09-CTDPFJ000,time,time,,,ENG,seconds since 1900-01-01,CE01ISSP,SP001,CTDPF
CE01ISSP-SP001-09-CTDPFJ000,ingestion_timestamp,ingestion_timestamp,,,ENG,seconds since 1900-01-01,CE01ISSP,SP001,CTDPF
CE01ISSP-SP001-10-PARADJ000,driver_timestamp,driver_timestamp,,,ENG,seconds since 1900-01-01,CE01ISSP,SP001,PARAD
CE01ISSP-SP001-10-PARADJ000,date_string,date_string,,,ENG,1,CE01ISSP,SP001,PARAD
CE01ISSP-SP001-10-PARADJ000,time_string,time_string,,,ENG,1,CE01ISSP,SP001,PARAD
CE01ISSP-SP001-10-PARADJ000,internal_timestamp,internal_timestamp,,,ENG,seconds since 1900-01-01,CE01ISSP,SP001,PARAD
CE01ISSP-SP001-10-PARADJ000,preferred_timestamp,preferred_timestamp,,,ENG,1,CE01ISSP,SP001,PARAD
CE01ISSP-SP001-10-PARADJ000,par,par,,,L0,counts,CE01ISSP,SP001,PARAD
CE01ISSP-SP001-10-PARADJ000,profiler_timestamp,profiler_timestamp,,,ENG,seconds since 1970-01-01,CE01ISSP,SP001,PARAD
CE01ISSP-SP001-10-PARADJ000,last_character_controller_id,last_character_controller_id,,,,1,CE01ISSP,SP001,PARAD
CE01ISSP-SP001-10-PARADJ000,day_of_year_number,day_of_year_number,,,,1,CE01ISSP,SP001,PARAD
CE01ISSP-SP001-10-PARADJ000,fraction_of_day,fraction_of_day,,,,1,CE01ISSP,SP001,PARAD
CE01ISSP-SP001-10-PARADJ000,source_file,source_file,,,,1,CE01ISSP,SP001,PARAD
CE01ISSP-SP001-10-PARADJ000,processing_time,processing_time,,,,1,CE01ISSP,SP001,PARAD
CE01ISSP-SP001-10-PARADJ000,preprocessing_software_version,preprocessing_software_version,,,ENG,1,CE01ISSP,SP001,PARAD
CE01ISSP-SP001-10-PARADJ000,start_date,start_date,,,,1,CE01ISSP,SP001,PARAD
CE01ISSP-SP001-10-PARADJ000,pressure_depth,pressure_depth,,,AUX,dbar,CE01ISSP,SP001,PARAD
CE01ISSP-SP001-10-PARADJ000,suspect_timestamp,suspect_timestamp,,,,1,CE01ISSP,SP001,PARAD
CE01ISSP-SP001-10-PARADJ000,parad_j_par_counts_output,parad_j_par_counts_output,0,2500,L1,umol photons m-2 s-1,CE01ISSP,SP001,PARAD
CE01ISSP-SP001-10-PARADJ000,time,time,,,ENG,seconds since 1900-01-01,CE01ISSP,SP001,PARAD
CE01ISSP-SP001-10-PARADJ000,ingestion_timestamp,ingestion_timestamp,,,ENG,seconds since 1900-01-01,CE01ISSP,SP001,PARAD
CE02SHBP-LJ01D-05-ADCPTB104,port_timestamp,port_timestamp,,,,seconds since 1900-01-01,CE02SHBP,LJ01D,ADCPT
CE02SHBP-LJ01D-05-ADCPTB104,port_timestamp,port_timestamp,,,ENG,seconds since 1900-01-01,CE02SHBP,LJ01D,ADCPT
CE02SHBP-LJ01D-05-ADCPTB104,driver_timestamp,driver_timestamp,,,,seconds since 1900-01-01,CE02SHBP,LJ01D,ADCPT
CE02SHBP-LJ01D-05-ADCPTB104,driver_timestamp,driver_timestamp,,,ENG,seconds since 1900-01-01,CE02SHBP,LJ01D,ADCPT
CE02SHBP-LJ01D-05-ADCPTB104,internal_timestamp,internal_timestamp,,,,seconds since 1900-01-01,CE02SHBP,LJ01D,ADCPT
CE02SHBP-LJ01D-05-ADCPTB104,internal_timestamp,internal_timestamp,,,ENG,seconds since 1900-01-01,CE02SHBP,LJ01D,ADCPT
CE02SHBP-LJ01D-05-ADCPTB104,preferred_timestamp,preferred_timestamp,,,,1,CE02SHBP,LJ01D,ADCPT
CE02SHBP-LJ01D-05-ADCPTB104,preferred_timestamp,preferred_timestamp,,,ENG,1,CE02SHBP,LJ01D,ADCPT
CE02SHBP-LJ01D-05-ADCPTB104,adcp_ambient_temp,adcp_ambient_temp,,,,deg_C,CE02SHBP,LJ01D,ADCPT
CE02SHBP-LJ01D-05-ADCPTB104,adcp_attitude_temp,adcp_attitude_temp,,,,deg_C,CE02SHBP,LJ01D,ADCPT
CE02SHBP-LJ01D-05-ADCPTB104,adcp_internal_moisture,adcp_internal_moisture,,,,1,CE02SHBP,LJ01D,ADCPT
CE02SHBP-LJ01D-05-ADCPTB104,adcp_transmit_current,adcp_transmit_current,,,,Amps,CE02SHBP,LJ01D,ADCPT
CE02SHBP-LJ01D-05-ADCPTB104,adcp_transmit_voltage,adcp_transmit_voltage,,,,V,CE02SHBP,LJ01D,ADCPT
CE02SHBP-LJ01D-05-ADCPTB104,adcp_transmit_impedance,adcp_transmit_impedance,,,,Ohms,CE02SHBP,LJ01D,ADCPT
CE02SHBP-LJ01D-05-ADCPTB104,adcp_transmit_test_results,adcp_transmit_test_results,,,,1,CE02SHBP,LJ01D,ADCPT
CE02SHBP-LJ01D-05-ADCPTB104,corrected_echo_intensity_beam1,corrected_echo_intensity_beam1,0,255,L1,dB,CE02SHBP,LJ01D,ADCPT
CE02SHBP-LJ01D-05-ADCPTB104,corrected_echo_intensity_beam2,corrected_echo_intensity_beam2,0,255,L1,dB,CE02SHBP,LJ01D,ADCPT
CE02SHBP-LJ01D-05-ADCPTB104,corrected_echo_intensity_beam3,corrected_echo_intensity_beam3,0,255,L1,dB,CE02SHBP,LJ01D,ADCPT
CE02SHBP-LJ01D-05-ADCPTB104,corrected_echo_intensity_beam4,corrected_echo_intensity_beam4,0,255,L1,dB,CE02SHBP,LJ01D,ADCPT
CE02SHBP-LJ01D-05-ADCPTB104,serial_number,serial_number,,,,1,CE02SHBP,LJ01D,ADCPT
CE02SHBP-LJ01D-05-ADCPTB104,serial_number,serial_number,,,ENG,1,CE02SHBP,LJ01D,ADCPT
CE02SHBP-LJ01D-05-ADCPTB104,header_id,header_id,,,,1,CE02SHBP,LJ01D,ADCPT
CE02SHBP-LJ01D-05-ADCPTB104,header_id,header_id,,,ENG,1,CE02SHBP,LJ01D,ADCPT
CE02SHBP-LJ01D-05-ADCPTB104,data_source_id,data_source_id,,,,1,CE02SHBP,LJ01D,ADCPT
CE02SHBP-LJ01D-05-ADCPTB104,data_source_id,data_source_id,,,ENG,1,CE02SHBP,LJ01D,ADCPT
CE02SHBP-LJ01D-05-ADCPTB104,num_bytes,num_bytes,,,,1,CE02SHBP,LJ01D,ADCPT
CE02SHBP-LJ01D-05-ADCPTB104,num_bytes,num_bytes,,,ENG,1,CE02SHBP,LJ01D,ADCPT
CE02SHBP-LJ01D-05-ADCPTB104,num_data_types,num_data_types,,,,1,CE02SHBP,LJ01D,ADCPT
CE02SHBP-LJ01D-05-ADCPTB104,num_data_types,num_data_types,,,ENG,1,CE02SHBP,LJ01D,ADCPT
CE02SHBP-LJ01D-05-ADCPTB104,offset_data_types,offset_data_types,,,,1,CE02SHBP,LJ01D,ADCPT
CE02SHBP-LJ01D-05-ADCPTB104,offset_data_types,offset_data_types,,,ENG,1,CE02SHBP,LJ01D,ADCPT
CE02SHBP-LJ01D-05-ADCPTB104,fixed_leader_id,fixed_leader_id,,,,1,CE02SHBP,LJ01D,ADCPT
CE02SHBP-LJ01D-05-ADCPTB104,fixed_leader_id,fixed_leader_id,,,ENG,1,CE02SHBP,LJ01D,ADCPT
CE02SHBP-LJ01D-05-ADCPTB104,firmware_version,firmware_version,,,,1,CE02SHBP,LJ01D,ADCPT
CE02SHBP-LJ01D-05-ADCPTB104,firmware_version,firmware_version,,,ENG,1,CE02SHBP,LJ01D,ADCPT
CE02SHBP-LJ01D-05-ADCPTB104,firmware_revision,firmware_revision,,,,1,CE02SHBP,LJ01D,ADCPT
CE02SHBP-LJ01D-05-ADCPTB104,firmware_revision,firmware_revision,,,ENG,1,CE02SHBP,LJ01D,ADCPT
CE02SHBP-LJ01D-05-ADCPTB104,sysconfig_frequency,sysconfig_frequency,,,,kHz,CE02SHBP,LJ01D,ADCPT
CE02SHBP-LJ01D-05-ADCPTB104,sysconfig_frequency,sysconfig_frequency,,,AUX,kHz,CE02SHBP,LJ01D,ADCPT
CE02SHBP-LJ01D-05-ADCPTB104,sysconfig_beam_pattern,sysconfig_beam_pattern,,,,1,CE02SHBP,LJ01D,ADCPT
CE02SHBP-LJ01D-05-ADCPTB104,sysconfig_beam_pattern,sysconfig_beam_pattern,,,AUX,1,CE02SHBP,LJ01D,ADCPT
CE02SHBP-LJ01D-05-ADCPTB104,sysconfig_sensor_config,sysconfig_sensor_config,,,,1,CE02SHBP,LJ01D,ADCPT
CE02SHBP-LJ01D-05-ADCPTB104,sysconfig_sensor_config,sysconfig_sensor_config,,,ENG,1,CE02SHBP,LJ01D,ADCPT
CE02SHBP-LJ01D-05-ADCPTB104,sysconfig_head_attached,sysconfig_head_attached,,,,1,CE02SHBP,LJ01D,ADCPT
CE02SHBP-LJ01D-05-ADCPTB104,sysconfig_head_attached,sysconfig_head_attached,,,ENG,1,CE02SHBP,LJ01D,ADCPT
CE02SHBP-LJ01D-05-ADCPTB104,sysconfig_vertical_orientation,sysconfig_vertical_orientation,,,,1,CE02SHBP,LJ01D,ADCPT
CE02SHBP-LJ01D-05-ADCPTB104,sysconfig_vertical_orientation,sysconfig_vertical_orientation,,,AUX,1,CE02SHBP,LJ01D,ADCPT
CE02SHBP-LJ01D-05-ADCPTB104,data_flag,data_flag,,,,1,CE02SHBP,LJ01D,ADCPT
CE02SHBP-LJ01D-05-ADCPTB104,data_flag,data_flag,,,ENG,1,CE02SHBP,LJ01D,ADCPT
CE02SHBP-LJ01D-05-ADCPTB104,lag_length,lag_length,,,,s,CE02SHBP,LJ01D,ADCPT
CE02SHBP-LJ01D-05-ADCPTB104,lag_length,lag_length,,,ENG,s,CE02SHBP,LJ01D,ADCPT
CE02SHBP-LJ01D-05-ADCPTB104,num_beams,num_beams,,,,1,CE02SHBP,LJ01D,ADCPT
CE02SHBP-LJ01D-05-ADCPTB104,num_beams,num_beams,,,ENG,1,CE02SHBP,LJ01D,ADCPT
CE02SHBP-LJ01D-05-ADCPTB104,num_cells,num_cells,,,,1,CE02SHBP,LJ01D,ADCPT
CE02SHBP-LJ01D-05-ADCPTB104,num_cells,num_cells,,,ENG,1,CE02SHBP,LJ01D,ADCPT
CE02SHBP-LJ01D-05-ADCPTB104,pings_per_ensemble,pings_per_ensemble,,,,1,CE02SHBP,LJ01D,ADCPT
CE02SHBP-LJ01D-05-ADCPTB104,pings_per_ensemble,pings_per_ensemble,,,ENG,1,CE02SHBP,LJ01D,ADCPT
CE02SHBP-LJ01D-05-ADCPTB104,cell_length,cell_length,,,,cm,CE02SHBP,LJ01D,ADCPT
CE02SHBP-LJ01D-05-ADCPTB104,depth_cell_length,depth_cell_length,,,AUX,cm,CE02SHBP,LJ01D,ADCPT
CE02SHBP-LJ01D-05-ADCPTB104,blank_after_transmit,blank_after_transmit,,,,cm,CE02SHBP,LJ01D,ADCPT
CE02SHBP-LJ01D-05-ADCPTB104,blank_after_transmit,blank_after_transmit,,,AUX,cm,CE02SHBP,LJ01D,ADCPT
CE02SHBP-LJ01D-05-ADCPTB104,signal_processing_mode,signal_processing_mode,,,,1,CE02SHBP,LJ01D,ADCPT
CE02SHBP-LJ01D-05-ADCPTB104,signal_processing_mode,signal_processing_mode,,,ENG,1,CE02SHBP,LJ01D,ADCPT
CE02SHBP-LJ01D-05-ADCPTB104,low_corr_threshold,low_corr_threshold,,,,counts,CE02SHBP,LJ01D,ADCPT
CE02SHBP-LJ01D-05-ADCPTB104,low_corr_threshold,low_corr_threshold,,,ENG,counts,CE02SHBP,LJ01D,ADCPT
CE02SHBP-LJ01D-05-ADCPTB104,num_code_repetitions,num_code_repetitions,,,,counts,CE02SHBP,LJ01D,ADCPT
CE02SHBP-LJ01D-05-ADCPTB104,num_code_repetitions,num_code_repetitions,,,ENG,counts,CE02SHBP,LJ01D,ADCPT
CE02SHBP-LJ01D-05-ADCPTB104,percent_good_min,percent_good_min,,,,percent,CE02SHBP,LJ01D,ADCPT
CE02SHBP-LJ01D-05-ADCPTB104,percent_good_min,percent_good_min,,,ENG,percent,CE02SHBP,LJ01D,ADCPT
CE02SHBP-LJ01D-05-ADCPTB104,error_vel_threshold,error_vel_threshold,,,,mm s-1,CE02SHBP,LJ01D,ADCPT
CE02SHBP-LJ01D-05-ADCPTB104,error_vel_threshold,error_vel_threshold,,,ENG,mm s-1,CE02SHBP,LJ01D,ADCPT
CE02SHBP-LJ01D-05-ADCPTB104,time_per_ping_minutes,time_per_ping_minutes,,,,min,CE02SHBP,LJ01D,ADCPT
CE02SHBP-LJ01D-05-ADCPTB104,time_per_ping_minutes,time_per_ping_minutes,,,ENG,min,CE02SHBP,LJ01D,ADCPT
CE02SHBP-LJ01D-05-ADCPTB104,time_per_ping_seconds,time_per_ping_seconds,,,,s,CE02SHBP,LJ01D,ADCPT
CE02SHBP-LJ01D-05-ADCPTB104,time_per_ping_seconds,time_per_ping_seconds,,,ENG,s,CE02SHBP,LJ01D,ADCPT
CE02SHBP-LJ01D-05-ADCPTB104,coord_transform_type,coord_transform_type,,,,1,CE02SHBP,LJ01D,ADCPT
CE02SHBP-LJ01D-05-ADCPTB104,coord_transform_type,coord_transform_type,,,ENG,1,CE02SHBP,LJ01D,ADCPT
CE02SHBP-LJ01D-05-ADCPTB104,coord_transform_tilts,coord_transform_tilts,,,,1,CE02SHBP,LJ01D,ADCPT
CE02SHBP-LJ01D-05-ADCPTB104,coord_transform_tilts,coord_transform_tilts,,,ENG,1,CE02SHBP,LJ01D,ADCPT
CE02SHBP-LJ01D-05-ADCPTB104,coord_transform_beams,coord_transform_beams,,,,1,CE02SHBP,LJ01D,ADCPT
CE02SHBP-LJ01D-05-ADCPTB104,coord_transform_beams,coord_transform_beams,,,ENG,1,CE02SHBP,LJ01D,ADCPT
CE02SHBP-LJ01D-05-ADCPTB104,coord_transform_mapping,coord_transform_mapping,,,,1,CE02SHBP,LJ01D,ADCPT
CE02SHBP-LJ01D-05-ADCPTB104,coord_transform_mapping,coord_transform_mapping,,,ENG,1,CE02SHBP,LJ01D,ADCPT
CE02SHBP-LJ01D-05-ADCPTB104,heading_alignment,heading_alignment,,,,cdegrees,CE02SHBP,LJ01D,ADCPT
CE02SHBP-LJ01D-05-ADCPTB104,heading_alignment,heading_alignment,,,ENG,cdegrees,CE02SHBP,LJ01D,ADCPT
CE02SHBP-LJ01D-05-ADCPTB104,heading_bias,heading_bias,,,,cdegrees,CE02SHBP,LJ01D,ADCPT
CE02SHBP-LJ01D-05-ADCPTB104,heading_bias,heading_bias,,,ENG,cdegrees,CE02SHBP,LJ01D,ADCPT
CE02SHBP-LJ01D-05-ADCPTB104,sensor_source_speed,sensor_source_speed,,,,1,CE02SHBP,LJ01D,ADCPT
CE02SHBP-LJ01D-05-ADCPTB104,sensor_source_speed,sensor_source_speed,,,ENG,1,CE02SHBP,LJ01D,ADCPT
CE02SHBP-LJ01D-05-ADCPTB104,sensor_source_depth,sensor_source_depth,,,,1,CE02SHBP,LJ01D,ADCPT
CE02SHBP-LJ01D-05-ADCPTB104,sensor_source_depth,sensor_source_depth,,,ENG,1,CE02SHBP,LJ01D,ADCPT
CE02SHBP-LJ01D-05-ADCPTB104,sensor_source_heading,sensor_source_heading,,,,1,CE02SHBP,LJ01D,ADCPT
CE02SHBP-LJ01D-05-ADCPTB104,sensor_source_heading,sensor_source_heading,,,ENG,1,CE02SHBP,LJ01D,ADCPT
CE02SHBP-LJ01D-05-ADCPTB104,sensor_source_pitch,sensor_source_pitch,,,,1,CE02SHBP,LJ01D,ADCPT
CE02SHBP-LJ01D-05-ADCPTB104,sensor_source_pitch,sensor_source_pitch,,,ENG,1,CE02SHBP,LJ01D,ADCPT
CE02SHBP-LJ01D-05-ADCPTB104,sensor_source_roll,sensor_source_roll,,,,1,CE02SHBP,LJ01D,ADCPT
CE02SHBP-LJ01D-05-ADCPTB104,sensor_source_roll,sensor_source_roll,,,ENG,1,CE02SHBP,LJ01D,ADCPT
CE02SHBP-LJ01D-05-ADCPTB104,sensor_source_conductivity,sensor_source_conductivity,,,,1,CE02SHBP,LJ01D,ADCPT
CE02SHBP-LJ01D-05-ADCPTB104,sensor_source_conductivity,sensor_source_conductivity,,,ENG,1,CE02SHBP,LJ01D,ADCPT
CE02SHBP-LJ01D-05-ADCPTB104,sensor_source_temperature,sensor_source_temperature,,,,1,CE02SHBP,LJ01D,ADCPT
CE02SHBP-LJ01D-05-ADCPTB104,sensor_source_temperature,sensor_source_temperature,,,ENG,1,CE02SHBP,LJ01D,ADCPT
CE02SHBP-LJ01D-05-ADCPTB104,sensor_available_depth,sensor_available_depth,,,,1,CE02SHBP,LJ01D,ADCPT
CE02SHBP-LJ01D-05-ADCPTB104,sensor_available_depth,sensor_available_depth,,,ENG,1,CE02SHBP,LJ01D,ADCPT
CE02SHBP-LJ01D-05-ADCPTB104,sensor_available_heading,sensor_available_heading,,,,1,CE02SHBP,LJ01D,ADCPT
CE02SHBP-LJ01D-05-ADCPTB104,sensor_available_heading,sensor_available_heading,,,ENG,1,CE02SHBP,LJ01D,ADCPT
CE02SHBP-LJ01D-05-ADCPTB104,sensor_available_pitch,sensor_available_pitch,,,,1,CE02SHBP,LJ01D,ADCPT
CE02SHBP-LJ01D-05-ADCPTB104,sensor_available_pitch,sensor_available_pitch,,,ENG,1,CE02SHBP,LJ01D,ADCPT
CE02SHBP-LJ01D-05-ADCPTB104,sensor_available_roll,sensor_available_roll,,,,1,CE02SHBP,LJ01D,ADCPT
CE02SHBP-LJ01D-05-ADCPTB104,sensor_available_roll,sensor_available_roll,,,ENG,1,CE02SHBP,LJ01D,ADCPT
CE02SHBP-LJ01D-05-ADCPTB104,sensor_available_conductivity,sensor_available_conductivity,,,,1,CE02SHBP,LJ01D,ADCPT
CE02SHBP-LJ01D-05-ADCPTB104,sensor_available_conductivity,sensor_available_conductivity,,,ENG,1,CE02SHBP,LJ01D,ADCPT
CE02SHBP-LJ01D-05-ADCPTB104,sensor_available_temperature,sensor_available_temperature,,,,1,CE02SHBP,LJ01D,ADCPT
CE02SHBP-LJ01D-05-ADCPTB104,sensor_available_temperature,sensor_available_temperature,,,ENG,1,CE02SHBP,LJ01D,ADCPT
CE02SHBP-LJ01D-05-ADCPTB104,bin_1_distance,bin_1_distance,,,,cm,CE02SHBP,LJ01D,ADCPT
CE02SHBP-LJ01D-05-ADCPTB104,bin_1_distance,bin_1_distance,,,AUX,cm,CE02SHBP,LJ01D,ADCPT
CE02SHBP-LJ01D-05-ADCPTB104,transmit_pulse_length,transmit_pulse_length,,,,cm,CE02SHBP,LJ01D,ADCPT
CE02SHBP-LJ01D-05-ADCPTB104,transmit_pulse_length,transmit_pulse_length,,,AUX,cm,CE02SHBP,LJ01D,ADCPT
CE02SHBP-LJ01D-05-ADCPTB104,reference_layer_start,reference_layer_start,,,,1,CE02SHBP,LJ01D,ADCPT
CE02SHBP-LJ01D-05-ADCPTB104,reference_layer_start,reference_layer_start,,,ENG,1,CE02SHBP,LJ01D,ADCPT
CE02SHBP-LJ01D-05-ADCPTB104,reference_layer_stop,reference_layer_stop,,,,1,CE02SHBP,LJ01D,ADCPT
CE02SHBP-LJ01D-05-ADCPTB104,reference_layer_stop,reference_layer_stop,,,ENG,1,CE02SHBP,LJ01D,ADCPT
CE02SHBP-LJ01D-05-ADCPTB104,false_target_threshold,false_target_threshold,,,,counts,CE02SHBP,LJ01D,ADCPT
CE02SHBP-LJ01D-05-ADCPTB104,false_target_threshold,false_target_threshold,,,ENG,counts,CE02SHBP,LJ01D,ADCPT
CE02SHBP-LJ01D-05-ADCPTB104,low_latency_trigger,low_latency_trigger,,,,1,CE02SHBP,LJ01D,ADCPT
CE02SHBP-LJ01D-05-ADCPTB104,low_latency_trigger,low_latency_trigger,,,ENG,1,CE02SHBP,LJ01D,ADCPT
CE02SHBP-LJ01D-05-ADCPTB104,transmit_lag_distance,transmit_lag_distance,,,,cm,CE02SHBP,LJ01D,ADCPT
CE02SHBP-LJ01D-05-ADCPTB104,transmit_lag_distance,transmit_lag_distance,,,ENG,cm,CE02SHBP,LJ01D,ADCPT
CE02SHBP-LJ01D-05-ADCPTB104,cpu_board_serial_number,cpu_board_serial_number,,,,1,CE02SHBP,LJ01D,ADCPT
CE02SHBP-LJ01D-05-ADCPTB104,cpu_board_serial_number,cpu_board_serial_number,,,ENG,1,CE02SHBP,LJ01D,ADCPT
CE02SHBP-LJ01D-05-ADCPTB104,system_bandwidth,system_bandwidth,,,,1,CE02SHBP,LJ01D,ADCPT
CE02SHBP-LJ01D-05-ADCPTB104,system_bandwidth,system_bandwidth,,,AUX,1,CE02SHBP,LJ01D,ADCPT
CE02SHBP-LJ01D-05-ADCPTB104,system_power,system_power,,,,1,CE02SHBP,LJ01D,ADCPT
CE02SHBP-LJ01D-05-ADCPTB104,system_power,system_power,,,AUX,1,CE02SHBP,LJ01D,ADCPT
CE02SHBP-LJ01D-05-ADCPTB104,beam_angle,beam_angle,,,,degrees,CE02SHBP,LJ01D,ADCPT
CE02SHBP-LJ01D-05-ADCPTB104,beam_angle,beam_angle,,,ENG,degrees,CE02SHBP,LJ01D,ADCPT
CE02SHBP-LJ01D-05-ADCPTB104,variable_leader_id,variable_leader_id,,,,1,CE02SHBP,LJ01D,ADCPT
CE02SHBP-LJ01D-05-ADCPTB104,variable_leader_id,variable_leader_id,,,ENG,1,CE02SHBP,LJ01D,ADCPT
CE02SHBP-LJ01D-05-ADCPTB104,ensemble_number,ensemble_number,,,,1,CE02SHBP,LJ01D,ADCPT
CE02SHBP-LJ01D-05-ADCPTB104,ensemble_number,ensemble_number,,,ENG,1,CE02SHBP,LJ01D,ADCPT
CE02SHBP-LJ01D-05-ADCPTB104,ensemble_number_increment,ensemble_number_increment,,,,1,CE02SHBP,LJ01D,ADCPT
CE02SHBP-LJ01D-05-ADCPTB104,ensemble_number_increment,ensemble_number_increment,,,ENG,1,CE02SHBP,LJ01D,ADCPT
CE02SHBP-LJ01D-05-ADCPTB104,bit_result_demod_1,bit_result_demod_1,,,,1,CE02SHBP,LJ01D,ADCPT
CE02SHBP-LJ01D-05-ADCPTB104,bit_result_demod_1,bit_result_demod_1,,,ENG,1,CE02SHBP,LJ01D,ADCPT
CE02SHBP-LJ01D-05-ADCPTB104,bit_result_demod_0,bit_result_demod_0,,,,1,CE02SHBP,LJ01D,ADCPT
CE02SHBP-LJ01D-05-ADCPTB104,bit_result_demod_0,bit_result_demod_0,,,ENG,1,CE02SHBP,LJ01D,ADCPT
CE02SHBP-LJ01D-05-ADCPTB104,bit_result_timing,bit_result_timing,,,,1,CE02SHBP,LJ01D,ADCPT
CE02SHBP-LJ01D-05-ADCPTB104,bit_result_timing,bit_result_timing,,,ENG,1,CE02SHBP,LJ01D,ADCPT
CE02SHBP-LJ01D-05-ADCPTB104,speed_of_sound,speed_of_sound,,,,m s-1,CE02SHBP,LJ01D,ADCPT
CE02SHBP-LJ01D-05-ADCPTB104,speed_of_sound,speed_of_sound,,,AUX,m s-1,CE02SHBP,LJ01D,ADCPT
CE02SHBP-LJ01D-05-ADCPTB104,transducer_depth,transducer_depth,,,,dm,CE02SHBP,LJ01D,ADCPT
CE02SHBP-LJ01D-05-ADCPTB104,transducer_depth,transducer_depth,,,AUX,dm,CE02SHBP,LJ01D,ADCPT
CE02SHBP-LJ01D-05-ADCPTB104,heading,heading,,,,cdegrees,CE02SHBP,LJ01D,ADCPT
CE02SHBP-LJ01D-05-ADCPTB104,heading,heading,,,AUX,cdegrees,CE02SHBP,LJ01D,ADCPT
CE02SHBP-LJ01D-05-ADCPTB104,pitch,pitch,,,,cdegrees,CE02SHBP,LJ01D,ADCPT
CE02SHBP-LJ01D-05-ADCPTB104,pitch,pitch,,,AUX,cdegrees,CE02SHBP,LJ01D,ADCPT
CE02SHBP-LJ01D-05-ADCPTB104,roll,roll,,,,cdegrees,CE02SHBP,LJ01D,ADCPT
CE02SHBP-LJ01D-05-ADCPTB104,roll,roll,,,AUX,cdegrees,CE02SHBP,LJ01D,ADCPT
CE02SHBP-LJ01D-05-ADCPTB104,salinity,salinity,,,,1,CE02SHBP,LJ01D,ADCPT
CE02SHBP-LJ01D-05-ADCPTB104,salinity,salinity,,,ENG,1,CE02SHBP,LJ01D,ADCPT
CE02SHBP-LJ01D-05-ADCPTB104,temperature,temperature,,,,cdeg_C,CE02SHBP,LJ01D,ADCPT
CE02SHBP-LJ01D-05-ADCPTB104,temperature,temperature,,,ENG,cdeg_C,CE02SHBP,LJ01D,ADCPT
CE02SHBP-LJ01D-05-ADCPTB104,mpt_minutes,mpt_minutes,,,,min,CE02SHBP,LJ01D,ADCPT
CE02SHBP-LJ01D-05-ADCPTB104,mpt_minutes,mpt_minutes,,,ENG,min,CE02SHBP,LJ01D,ADCPT
CE02SHBP-LJ01D-05-ADCPTB104,mpt_seconds,mpt_seconds,,,,s,CE02SHBP,LJ01D,ADCPT
CE02SHBP-LJ01D-05-ADCPTB104,mpt_seconds,mpt_seconds,,,ENG,s,CE02SHBP,LJ01D,ADCPT
CE02SHBP-LJ01D-05-ADCPTB104,heading_stdev,heading_stdev,,,,degrees,CE02SHBP,LJ01D,ADCPT
CE02SHBP-LJ01D-05-ADCPTB104,heading_stdev,heading_stdev,,,ENG,degrees,CE02SHBP,LJ01D,ADCPT
CE02SHBP-LJ01D-05-ADCPTB104,pitch_stdev,pitch_stdev,,,,ddegrees,CE02SHBP,LJ01D,ADCPT
CE02SHBP-LJ01D-05-ADCPTB104,pitch_stdev,pitch_stdev,,,ENG,ddegrees,CE02SHBP,LJ01D,ADCPT
CE02SHBP-LJ01D-05-ADCPTB104,roll_stdev,roll_stdev,,,,ddegrees,CE02SHBP,LJ01D,ADCPT
CE02SHBP-LJ01D-05-ADCPTB104,roll_stdev,roll_stdev,,,ENG,ddegrees,CE02SHBP,LJ01D,ADCPT
CE02SHBP-LJ01D-05-ADCPTB104,adc_transmit_current,adc_transmit_current,,,,counts,CE02SHBP,LJ01D,ADCPT
CE02SHBP-LJ01D-05-ADCPTB104,adc_transmit_current,adc_transmit_current,,,ENG,counts,CE02SHBP,LJ01D,ADCPT
CE02SHBP-LJ01D-05-ADCPTB104,adc_transmit_voltage,adc_transmit_voltage,,,,counts,CE02SHBP,LJ01D,ADCPT
CE02SHBP-LJ01D-05-ADCPTB104,adc_transmit_voltage,adc_transmit_voltage,,,ENG,counts,CE02SHBP,LJ01D,ADCPT
CE02SHBP-LJ01D-05-ADCPTB104,adc_ambient_temp,adc_ambient_temp,,,,counts,CE02SHBP,LJ01D,ADCPT
CE02SHBP-LJ01D-05-ADCPTB104,adc_ambient_temp,adc_ambient_temp,,,ENG,counts,CE02SHBP,LJ01D,ADCPT
CE02SHBP-LJ01D-05-ADCPTB104,adc_pressure_plus,adc_pressure_plus,,,,counts,CE02SHBP,LJ01D,ADCPT
CE02SHBP-LJ01D-05-ADCPTB104,adc_pressure_plus,adc_pressure_plus,,,ENG,counts,CE02SHBP,LJ01D,ADCPT
CE02SHBP-LJ01D-05-ADCPTB104,adc_pressure_minus,adc_pressure_minus,,,,counts,CE02SHBP,LJ01D,ADCPT
CE02SHBP-LJ01D-05-ADCPTB104,adc_pressure_minus,adc_pressure_minus,,,ENG,counts,CE02SHBP,LJ01D,ADCPT
CE02SHBP-LJ01D-05-ADCPTB104,adc_attitude_temp,adc_attitude_temp,,,,counts,CE02SHBP,LJ01D,ADCPT
CE02SHBP-LJ01D-05-ADCPTB104,adc_attitude_temp,adc_attitude_temp,,,ENG,counts,CE02SHBP,LJ01D,ADCPT
CE02SHBP-LJ01D-05-ADCPTB104,adc_attitude,adc_attitude,,,,counts,CE02SHBP,LJ01D,ADCPT
CE02SHBP-LJ01D-05-ADCPTB104,adc_attitude,adc_attitude,,,ENG,counts,CE02SHBP,LJ01D,ADCPT
CE02SHBP-LJ01D-05-ADCPTB104,adc_contamination_sensor,adc_contamination_sensor,,,,counts,CE02SHBP,LJ01D,ADCPT
CE02SHBP-LJ01D-05-ADCPTB104,adc_contamination_sensor,adc_contamination_sensor,,,ENG,counts,CE02SHBP,LJ01D,ADCPT
CE02SHBP-LJ01D-05-ADCPTB104,bus_error_exception,bus_error_exception,,,,1,CE02SHBP,LJ01D,ADCPT
CE02SHBP-LJ01D-05-ADCPTB104,bus_error_exception,bus_error_exception,,,ENG,1,CE02SHBP,LJ01D,ADCPT
CE02SHBP-LJ01D-05-ADCPTB104,address_error_exception,address_error_exception,,,,1,CE02SHBP,LJ01D,ADCPT
CE02SHBP-LJ01D-05-ADCPTB104,address_error_exception,address_error_exception,,,ENG,1,CE02SHBP,LJ01D,ADCPT
CE02SHBP-LJ01D-05-ADCPTB104,illegal_instruction_exception,illegal_instruction_exception,,,,1,CE02SHBP,LJ01D,ADCPT
CE02SHBP-LJ01D-05-ADCPTB104,illegal_instruction_exception,illegal_instruction_exception,,,ENG,1,CE02SHBP,LJ01D,ADCPT
CE02SHBP-LJ01D-05-ADCPTB104,zero_divide_instruction,zero_divide_instruction,,,,1,CE02SHBP,LJ01D,ADCPT
CE02SHBP-LJ01D-05-ADCPTB104,zero_divide_instruction,zero_divide_instruction,,,ENG,1,CE02SHBP,LJ01D,ADCPT
CE02SHBP-LJ01D-05-ADCPTB104,emulator_exception,emulator_exception,,,,1,CE02SHBP,LJ01D,ADCPT
CE02SHBP-LJ01D-05-ADCPTB104,emulator_exception,emulator_exception,,,ENG,1,CE02SHBP,LJ01D,ADCPT
CE02SHBP-LJ01D-05-ADCPTB104,unassigned_exception,unassigned_exception,,,,1,CE02SHBP,LJ01D,ADCPT
CE02SHBP-LJ01D-05-ADCPTB104,unassigned_exception,unassigned_exception,,,ENG,1,CE02SHBP,LJ01D,ADCPT
CE02SHBP-LJ01D-05-ADCPTB104,watchdog_restart_occurred,watchdog_restart_occurred,,,,1,CE02SHBP,LJ01D,ADCPT
CE02SHBP-LJ01D-05-ADCPTB104,watchdog_restart_occurred,watchdog_restart_occurred,,,ENG,1,CE02SHBP,LJ01D,ADCPT
CE02SHBP-LJ01D-05-ADCPTB104,battery_saver_power,battery_saver_power,,,,1,CE02SHBP,LJ01D,ADCPT
CE02SHBP-LJ01D-05-ADCPTB104,battery_saver_power,battery_saver_power,,,ENG,1,CE02SHBP,LJ01D,ADCPT
CE02SHBP-LJ01D-05-ADCPTB104,pinging,pinging,,,,1,CE02SHBP,LJ01D,ADCPT
CE02SHBP-LJ01D-05-ADCPTB104,pinging,pinging,,,ENG,1,CE02SHBP,LJ01D,ADCPT
CE02SHBP-LJ01D-05-ADCPTB104,cold_wakeup_occurred,cold_wakeup_occurred,,,,1,CE02SHBP,LJ01D,ADCPT
CE02SHBP-LJ01D-05-ADCPTB104,cold_wakeup_occurred,cold_wakeup_occurred,,,ENG,1,CE02SHBP,LJ01D,ADCPT
CE02SHBP-LJ01D-05-ADCPTB104,time,time,,,,seconds since 1900-01-01,CE02SHBP,LJ01D,ADCPT
CE02SHBP-LJ01D-05-ADCPTB104,unknown_wakeup_occurred,unknown_wakeup_occurred,,,,1,CE02SHBP,LJ01D,ADCPT
CE02SHBP-LJ01D-05-ADCPTB104,unknown_wakeup_occurred,unknown_wakeup_occurred,,,ENG,1,CE02SHBP,LJ01D,ADCPT
CE02SHBP-LJ01D-05-ADCPTB104,clock_read_error,clock_read_error,,,,1,CE02SHBP,LJ01D,ADCPT
CE02SHBP-LJ01D-05-ADCPTB104,clock_read_error,clock_read_error,,,ENG,1,CE02SHBP,LJ01D,ADCPT
CE02SHBP-LJ01D-05-ADCPTB104,unexpected_alarm,unexpected_alarm,,,,1,CE02SHBP,LJ01D,ADCPT
CE02SHBP-LJ01D-05-ADCPTB104,unexpected_alarm,unexpected_alarm,,,ENG,1,CE02SHBP,LJ01D,ADCPT
CE02SHBP-LJ01D-05-ADCPTB104,clock_jump_forward,clock_jump_forward,,,,1,CE02SHBP,LJ01D,ADCPT
CE02SHBP-LJ01D-05-ADCPTB104,clock_jump_forward,clock_jump_forward,,,ENG,1,CE02SHBP,LJ01D,ADCPT
CE02SHBP-LJ01D-05-ADCPTB104,clock_jump_backward,clock_jump_backward,,,,1,CE02SHBP,LJ01D,ADCPT
CE02SHBP-LJ01D-05-ADCPTB104,clock_jump_backward,clock_jump_backward,,,ENG,1,CE02SHBP,LJ01D,ADCPT
CE02SHBP-LJ01D-05-ADCPTB104,power_fail,power_fail,,,,1,CE02SHBP,LJ01D,ADCPT
CE02SHBP-LJ01D-05-ADCPTB104,power_fail,power_fail,,,ENG,1,CE02SHBP,LJ01D,ADCPT
CE02SHBP-LJ01D-05-ADCPTB104,spurious_dsp_interrupt,spurious_dsp_interrupt,,,,1,CE02SHBP,LJ01D,ADCPT
CE02SHBP-LJ01D-05-ADCPTB104,spurious_dsp_interrupt,spurious_dsp_interrupt,,,ENG,1,CE02SHBP,LJ01D,ADCPT
CE02SHBP-LJ01D-05-ADCPTB104,spurious_uart_interrupt,spurious_uart_interrupt,,,,1,CE02SHBP,LJ01D,ADCPT
CE02SHBP-LJ01D-05-ADCPTB104,spurious_uart_interrupt,spurious_uart_interrupt,,,ENG,1,CE02SHBP,LJ01D,ADCPT
CE02SHBP-LJ01D-05-ADCPTB104,spurious_clock_interrupt,spurious_clock_interrupt,,,,1,CE02SHBP,LJ01D,ADCPT
CE02SHBP-LJ01D-05-ADCPTB104,spurious_clock_interrupt,spurious_clock_interrupt,,,ENG,1,CE02SHBP,LJ01D,ADCPT
CE02SHBP-LJ01D-05-ADCPTB104,level_7_interrupt,level_7_interrupt,,,,1,CE02SHBP,LJ01D,ADCPT
CE02SHBP-LJ01D-05-ADCPTB104,level_7_interrupt,level_7_interrupt,,,ENG,1,CE02SHBP,LJ01D,ADCPT
CE02SHBP-LJ01D-05-ADCPTB104,pressure,pressure,,,,daPa,CE02SHBP,LJ01D,ADCPT
CE02SHBP-LJ01D-05-ADCPTB104,pressure,pressure,,,ENG,daPa,CE02SHBP,LJ01D,ADCPT
CE02SHBP-LJ01D-05-ADCPTB104,pressure_variance,pressure_variance,,,,daPa,CE02SHBP,LJ01D,ADCPT
CE02SHBP-LJ01D-05-ADCPTB104,pressure_variance,pressure_variance,,,ENG,daPa,CE02SHBP,LJ01D,ADCPT
CE02SHBP-LJ01D-05-ADCPTB104,velocity_data_id,velocity_data_id,,,,1,CE02SHBP,LJ01D,ADCPT
CE02SHBP-LJ01D-05-ADCPTB104,velocity_data_id,velocity_data_id,,,ENG,1,CE02SHBP,LJ01D,ADCPT
CE02SHBP-LJ01D-05-ADCPTB104,water_velocity_east,water_velocity_east,,,L0,mm s-1,CE02SHBP,LJ01D,ADCPT
CE02SHBP-LJ01D-05-ADCPTB104,water_velocity_north,water_velocity_north,,,L0,mm s-1,CE02SHBP,LJ01D,ADCPT
CE02SHBP-LJ01D-05-ADCPTB104,water_velocity_up,water_velocity_up,,,L0,mm s-1,CE02SHBP,LJ01D,ADCPT
CE02SHBP-LJ01D-05-ADCPTB104,error_velocity,error_velocity,,,L0,mm s-1,CE02SHBP,LJ01D,ADCPT
CE02SHBP-LJ01D-05-ADCPTB104,correlation_magnitude_id,correlation_magnitude_id,,,,1,CE02SHBP,LJ01D,ADCPT
CE02SHBP-LJ01D-05-ADCPTB104,correlation_magnitude_id,correlation_magnitude_id,,,ENG,1,CE02SHBP,LJ01D,ADCPT
CE02SHBP-LJ01D-05-ADCPTB104,correlation_magnitude_beam1,correlation_magnitude_beam1,,,,1,CE02SHBP,LJ01D,ADCPT
CE02SHBP-LJ01D-05-ADCPTB104,correlation_magnitude_beam1,correlation_magnitude_beam1,,,AUX,1,CE02SHBP,LJ01D,ADCPT
CE02SHBP-LJ01D-05-ADCPTB104,correlation_magnitude_beam2,correlation_magnitude_beam2,,,,1,CE02SHBP,LJ01D,ADCPT
CE02SHBP-LJ01D-05-ADCPTB104,correlation_magnitude_beam2,correlation_magnitude_beam2,,,AUX,1,CE02SHBP,LJ01D,ADCPT
CE02SHBP-LJ01D-05-ADCPTB104,correlation_magnitude_beam3,correlation_magnitude_beam3,,,,1,CE02SHBP,LJ01D,ADCPT
CE02SHBP-LJ01D-05-ADCPTB104,correlation_magnitude_beam3,correlation_magnitude_beam3,,,AUX,1,CE02SHBP,LJ01D,ADCPT
CE02SHBP-LJ01D-05-ADCPTB104,correlation_magnitude_beam4,correlation_magnitude_beam4,,,,1,CE02SHBP,LJ01D,ADCPT
CE02SHBP-LJ01D-05-ADCPTB104,correlation_magnitude_beam4,correlation_magnitude_beam4,,,AUX,1,CE02SHBP,LJ01D,ADCPT
CE02SHBP-LJ01D-05-ADCPTB104,echo_intensity_id,echo_intensity_id,,,,1,CE02SHBP,LJ01D,ADCPT
CE02SHBP-LJ01D-05-ADCPTB104,echo_intensity_id,echo_intensity_id,,,ENG,1,CE02SHBP,LJ01D,ADCPT
CE02SHBP-LJ01D-05-ADCPTB104,echo_intensity_beam1,echo_intensity_beam1,,,L0,counts,CE02SHBP,LJ01D,ADCPT
CE02SHBP-LJ01D-05-ADCPTB104,echo_intensity_beam2,echo_intensity_beam2,,,L0,counts,CE02SHBP,LJ01D,ADCPT
CE02SHBP-LJ01D-05-ADCPTB104,echo_intensity_beam3,echo_intensity_beam3,,,L0,counts,CE02SHBP,LJ01D,ADCPT
CE02SHBP-LJ01D-05-ADCPTB104,echo_intensity_beam4,echo_intensity_beam4,,,L0,counts,CE02SHBP,LJ01D,ADCPT
CE02SHBP-LJ01D-05-ADCPTB104,percent_good_id,percent_good_id,,,,1,CE02SHBP,LJ01D,ADCPT
CE02SHBP-LJ01D-05-ADCPTB104,percent_good_id,percent_good_id,,,ENG,1,CE02SHBP,LJ01D,ADCPT
CE02SHBP-LJ01D-05-ADCPTB104,percent_good_3beam,percent_good_3beam,,,,percent,CE02SHBP,LJ01D,ADCPT
CE02SHBP-LJ01D-05-ADCPTB104,percent_transforms_reject,percent_transforms_reject,,,,percent,CE02SHBP,LJ01D,ADCPT
CE02SHBP-LJ01D-05-ADCPTB104,percent_bad_beams,percent_bad_beams,,,,percent,CE02SHBP,LJ01D,ADCPT
CE02SHBP-LJ01D-05-ADCPTB104,percent_good_4beam,percent_good_4beam,,,,percent,CE02SHBP,LJ01D,ADCPT
CE02SHBP-LJ01D-05-ADCPTB104,checksum,checksum,,,,1,CE02SHBP,LJ01D,ADCPT
CE02SHBP-LJ01D-05-ADCPTB104,checksum,checksum,,,ENG,1,CE02SHBP,LJ01D,ADCPT
CE02SHBP-LJ01D-05-ADCPTB104,ensemble_start_time,ensemble_start_time,,,,seconds since 1900-01-01,CE02SHBP,LJ01D,ADCPT
CE02SHBP-LJ01D-05-ADCPTB104,ensemble_start_time,ensemble_start_time,,,ENG,seconds since 1900-01-01,CE02SHBP,LJ01D,ADCPT
CE02SHBP-LJ01D-05-ADCPTB104,fluxgate_calibration_timestamp,fluxgate_calibration_timestamp,,,,seconds since 1900-01-01,CE02SHBP,LJ01D,ADCPT
CE02SHBP-LJ01D-05-ADCPTB104,s_inverse_bx,s_inverse_bx,,,,1,CE02SHBP,LJ01D,ADCPT
CE02SHBP-LJ01D-05-ADCPTB104,s_inverse_by,s_inverse_by,,,,1,CE02SHBP,LJ01D,ADCPT
CE02SHBP-LJ01D-05-ADCPTB104,s_inverse_bz,s_inverse_bz,,,,1,CE02SHBP,LJ01D,ADCPT
CE02SHBP-LJ01D-05-ADCPTB104,s_inverse_err,s_inverse_err,,,,1,CE02SHBP,LJ01D,ADCPT
CE02SHBP-LJ01D-05-ADCPTB104,coil_offset,coil_offset,,,,1,CE02SHBP,LJ01D,ADCPT
CE02SHBP-LJ01D-05-ADCPTB104,electrical_null,electrical_null,,,,1,CE02SHBP,LJ01D,ADCPT
CE02SHBP-LJ01D-05-ADCPTB104,tilt_calibration_timestamp,tilt_calibration_timestamp,,,,seconds since 1900-01-01,CE02SHBP,LJ01D,ADCPT
CE02SHBP-LJ01D-05-ADCPTB104,roll_up_down,roll_up_down,,,,1,CE02SHBP,LJ01D,ADCPT
CE02SHBP-LJ01D-05-ADCPTB104,pitch_up_down,pitch_up_down,,,,1,CE02SHBP,LJ01D,ADCPT
CE02SHBP-LJ01D-05-ADCPTB104,offset_up_down,offset_up_down,,,,1,CE02SHBP,LJ01D,ADCPT
CE02SHBP-LJ01D-05-ADCPTB104,tilt_null,tilt_null,,,,1,CE02SHBP,LJ01D,ADCPT
CE02SHBP-LJ01D-05-ADCPTB104,transducer_frequency,transducer_frequency,,,,Hz,CE02SHBP,LJ01D,ADCPT
CE02SHBP-LJ01D-05-ADCPTB104,configuration,configuration,,,,1,CE02SHBP,LJ01D,ADCPT
CE02SHBP-LJ01D-05-ADCPTB104,match_layer,match_layer,,,,1,CE02SHBP,LJ01D,ADCPT
CE02SHBP-LJ01D-05-ADCPTB104,beam_pattern,beam_pattern,,,,1,CE02SHBP,LJ01D,ADCPT
CE02SHBP-LJ01D-05-ADCPTB104,orientation,orientation,,,,1,CE02SHBP,LJ01D,ADCPT
CE02SHBP-LJ01D-05-ADCPTB104,sensors,sensors,,,,1,CE02SHBP,LJ01D,ADCPT
CE02SHBP-LJ01D-05-ADCPTB104,pressure_coeff_c3,pressure_coeff_c3,,,,1,CE02SHBP,LJ01D,ADCPT
CE02SHBP-LJ01D-05-ADCPTB104,pressure_coeff_c2,pressure_coeff_c2,,,,1,CE02SHBP,LJ01D,ADCPT
CE02SHBP-LJ01D-05-ADCPTB104,pressure_coeff_c1,pressure_coeff_c1,,,,1,CE02SHBP,LJ01D,ADCPT
CE02SHBP-LJ01D-05-ADCPTB104,pressure_coeff_offset,pressure_coeff_offset,,,,1,CE02SHBP,LJ01D,ADCPT
CE02SHBP-LJ01D-05-ADCPTB104,temperature_sensor_offset,temperature_sensor_offset,,,,deg_C,CE02SHBP,LJ01D,ADCPT
CE02SHBP-LJ01D-05-ADCPTB104,cpu_firmware,cpu_firmware,,,,1,CE02SHBP,LJ01D,ADCPT
CE02SHBP-LJ01D-05-ADCPTB104,boot_code_required,boot_code_required,,,,1,CE02SHBP,LJ01D,ADCPT
CE02SHBP-LJ01D-05-ADCPTB104,boot_code_actual,boot_code_actual,,,,1,CE02SHBP,LJ01D,ADCPT
CE02SHBP-LJ01D-05-ADCPTB104,demod_1_version,demod_1_version,,,,1,CE02SHBP,LJ01D,ADCPT
CE02SHBP-LJ01D-05-ADCPTB104,demod_1_type,demod_1_type,,,,1,CE02SHBP,LJ01D,ADCPT
CE02SHBP-LJ01D-05-ADCPTB104,demod_2_version,demod_2_version,,,,1,CE02SHBP,LJ01D,ADCPT
CE02SHBP-LJ01D-05-ADCPTB104,demod_2_type,demod_2_type,,,,1,CE02SHBP,LJ01D,ADCPT
CE02SHBP-LJ01D-05-ADCPTB104,power_timing_version,power_timing_version,,,,1,CE02SHBP,LJ01D,ADCPT
CE02SHBP-LJ01D-05-ADCPTB104,power_timing_type,power_timing_type,,,,1,CE02SHBP,LJ01D,ADCPT
CE02SHBP-LJ01D-05-ADCPTB104,board_serial_numbers,board_serial_numbers,,,,1,CE02SHBP,LJ01D,ADCPT
CE02SHBP-LJ01D-05-ADCPTB104,beam_1_velocity,beam_1_velocity,,,L0,mm s-1,CE02SHBP,LJ01D,ADCPT
CE02SHBP-LJ01D-05-ADCPTB104,beam_2_velocity,beam_2_velocity,,,L0,mm s-1,CE02SHBP,LJ01D,ADCPT
CE02SHBP-LJ01D-05-ADCPTB104,beam_3_velocity,beam_3_velocity,,,L0,mm s-1,CE02SHBP,LJ01D,ADCPT
CE02SHBP-LJ01D-05-ADCPTB104,beam_4_velocity,beam_4_velocity,,,L0,mm s-1,CE02SHBP,LJ01D,ADCPT
CE02SHBP-LJ01D-05-ADCPTB104,percent_good_beam1,percent_good_beam1,,,AUX,percent,CE02SHBP,LJ01D,ADCPT
CE02SHBP-LJ01D-05-ADCPTB104,percent_good_beam2,percent_good_beam2,,,AUX,percent,CE02SHBP,LJ01D,ADCPT
CE02SHBP-LJ01D-05-ADCPTB104,percent_good_beam3,percent_good_beam3,,,AUX,percent,CE02SHBP,LJ01D,ADCPT
CE02SHBP-LJ01D-05-ADCPTB104,percent_good_beam4,percent_good_beam4,,,AUX,percent,CE02SHBP,LJ01D,ADCPT
CE02SHBP-LJ01D-05-ADCPTB104,real_time_clock,real_time_clock,,,,1,CE02SHBP,LJ01D,ADCPT
CE02SHBP-LJ01D-05-ADCPTB104,real_time_clock,real_time_clock,,,ENG,1,CE02SHBP,LJ01D,ADCPT
CE02SHBP-LJ01D-05-ADCPTB104,calibration_temp,calibration_temp,,,,deg_C,CE02SHBP,LJ01D,ADCPT
CE02SHBP-LJ01D-05-ADCPTB104,eastward_beam_seawater_velocity,eastward_beam_seawater_velocity,-3,3,L1,m s-1,CE02SHBP,LJ01D,ADCPT
CE02SHBP-LJ01D-05-ADCPTB104,northward_beam_seawater_velocity,northward_beam_seawater_velocity,-3,3,L1,m s-1,CE02SHBP,LJ01D,ADCPT
CE02SHBP-LJ01D-05-ADCPTB104,upward_seawater_velocity,upward_seawater_velocity,-1,1,L1,m s-1,CE02SHBP,LJ01D,ADCPT
CE02SHBP-LJ01D-05-ADCPTB104,beam_error_velocity,beam_error_velocity,-1,1,L1,m s-1,CE02SHBP,LJ01D,ADCPT
CE02SHBP-LJ01D-06-CTDBPN106,port_timestamp,port_timestamp,,,ENG,seconds since 1900-01-01,CE02SHBP,LJ01D,CTDBP
CE02SHBP-LJ01D-06-CTDBPN106,enable_text,enable_text,,,ENG,1,CE02SHBP,LJ01D,CTDBP
CE02SHBP-LJ01D-06-CTDBPN106,driver_timestamp,driver_timestamp,,,ENG,seconds since 1900-01-01,CE02SHBP,LJ01D,CTDBP
CE02SHBP-LJ01D-06-CTDBPN106,firmware_version,firmware_version,,,ENG,1,CE02SHBP,LJ01D,CTDBP
CE02SHBP-LJ01D-06-CTDBPN106,quartz_pressure_sensor_serial_number,quartz_pressure_sensor_serial_number,,,ENG,counts,CE02SHBP,LJ01D,CTDBP
CE02SHBP-LJ01D-06-CTDBPN106,operational_current,operational_current,,,ENG,mA,CE02SHBP,LJ01D,CTDBP
CE02SHBP-LJ01D-06-CTDBPN106,battery_voltage_main,battery_voltage_main,,,ENG,V,CE02SHBP,LJ01D,CTDBP
CE02SHBP-LJ01D-06-CTDBPN106,battery_voltage_lithium,battery_voltage_lithium,,,ENG,V,CE02SHBP,LJ01D,CTDBP
CE02SHBP-LJ01D-06-CTDBPN106,calibration_date_pressure,calibration_date_pressure,,,ENG,1,CE02SHBP,LJ01D,CTDBP
CE02SHBP-LJ01D-06-CTDBPN106,preferred_timestamp,preferred_timestamp,,,ENG,1,CE02SHBP,LJ01D,CTDBP
CE02SHBP-LJ01D-06-CTDBPN106,press_coeff_pc1,press_coeff_pc1,,,ENG,counts,CE02SHBP,LJ01D,CTDBP
CE02SHBP-LJ01D-06-CTDBPN106,press_coeff_pc2,press_coeff_pc2,,,ENG,counts,CE02SHBP,LJ01D,CTDBP
CE02SHBP-LJ01D-06-CTDBPN106,press_coeff_pc3,press_coeff_pc3,,,ENG,counts,CE02SHBP,LJ01D,CTDBP
CE02SHBP-LJ01D-06-CTDBPN106,press_coeff_pd1,press_coeff_pd1,,,ENG,counts,CE02SHBP,LJ01D,CTDBP
CE02SHBP-LJ01D-06-CTDBPN106,press_coeff_pd2,press_coeff_pd2,,,ENG,counts,CE02SHBP,LJ01D,CTDBP
CE02SHBP-LJ01D-06-CTDBPN106,press_coeff_pt1,press_coeff_pt1,,,ENG,counts,CE02SHBP,LJ01D,CTDBP
CE02SHBP-LJ01D-06-CTDBPN106,press_coeff_pt2,press_coeff_pt2,,,ENG,counts,CE02SHBP,LJ01D,CTDBP
CE02SHBP-LJ01D-06-CTDBPN106,press_coeff_pt3,press_coeff_pt3,,,ENG,counts,CE02SHBP,LJ01D,CTDBP
CE02SHBP-LJ01D-06-CTDBPN106,press_coeff_pt4,press_coeff_pt4,,,ENG,counts,CE02SHBP,LJ01D,CTDBP
CE02SHBP-LJ01D-06-CTDBPN106,press_coeff_poffset,press_coeff_poffset,,,ENG,psi,CE02SHBP,LJ01D,CTDBP
CE02SHBP-LJ01D-06-CTDBPN106,calibration_date_temperature,calibration_date_temperature,,,ENG,1,CE02SHBP,LJ01D,CTDBP
CE02SHBP-LJ01D-06-CTDBPN106,temp_coeff_ta0,temp_coeff_ta0,,,ENG,counts,CE02SHBP,LJ01D,CTDBP
CE02SHBP-LJ01D-06-CTDBPN106,temp_coeff_ta1,temp_coeff_ta1,,,ENG,counts,CE02SHBP,LJ01D,CTDBP
CE02SHBP-LJ01D-06-CTDBPN106,temp_coeff_ta2,temp_coeff_ta2,,,ENG,counts,CE02SHBP,LJ01D,CTDBP
CE02SHBP-LJ01D-06-CTDBPN106,temp_coeff_ta3,temp_coeff_ta3,,,ENG,counts,CE02SHBP,LJ01D,CTDBP
CE02SHBP-LJ01D-06-CTDBPN106,calibration_date_conductivity,calibration_date_conductivity,,,ENG,1,CE02SHBP,LJ01D,CTDBP
CE02SHBP-LJ01D-06-CTDBPN106,cond_coeff_cg,cond_coeff_cg,,,ENG,counts,CE02SHBP,LJ01D,CTDBP
CE02SHBP-LJ01D-06-CTDBPN106,cond_coeff_ch,cond_coeff_ch,,,ENG,counts,CE02SHBP,LJ01D,CTDBP
CE02SHBP-LJ01D-06-CTDBPN106,cond_coeff_ci,cond_coeff_ci,,,ENG,counts,CE02SHBP,LJ01D,CTDBP
CE02SHBP-LJ01D-06-CTDBPN106,cond_coeff_cj,cond_coeff_cj,,,ENG,counts,CE02SHBP,LJ01D,CTDBP
CE02SHBP-LJ01D-06-CTDBPN106,cond_coeff_ctcor,cond_coeff_ctcor,,,ENG,counts,CE02SHBP,LJ01D,CTDBP
CE02SHBP-LJ01D-06-CTDBPN106,cond_coeff_cpcor,cond_coeff_cpcor,,,ENG,counts,CE02SHBP,LJ01D,CTDBP
CE02SHBP-LJ01D-06-CTDBPN106,cond_coeff_cslope,cond_coeff_cslope,,,ENG,counts,CE02SHBP,LJ01D,CTDBP
CE02SHBP-LJ01D-06-CTDBPN106,temperature,temperature,,,L0,counts,CE02SHBP,LJ01D,CTDBP
CE02SHBP-LJ01D-06-CTDBPN106,conductivity,conductivity,,,L0,counts,CE02SHBP,LJ01D,CTDBP
CE02SHBP-LJ01D-06-CTDBPN106,pressure,pressure,,,L0,counts,CE02SHBP,LJ01D,CTDBP
CE02SHBP-LJ01D-06-CTDBPN106,pressure_temp,pressure_temp,,,L0,counts,CE02SHBP,LJ01D,CTDBP
CE02SHBP-LJ01D-06-CTDBPN106,oxygen,oxygen,,,L0,counts,CE02SHBP,LJ01D,CTDBP
CE02SHBP-LJ01D-06-CTDBPN106,pump_current,pump_current,,,ENG,mA,CE02SHBP,LJ01D,CTDBP
CE02SHBP-LJ01D-06-CTDBPN106,ext_v01_current,ext_v01_current,,,ENG,mA,CE02SHBP,LJ01D,CTDBP
CE02SHBP-LJ01D-06-CTDBPN106,serial_current,serial_current,,,ENG,mA,CE02SHBP,LJ01D,CTDBP
CE02SHBP-LJ01D-06-CTDBPN106,logging_status,logging_status,,,ENG,1,CE02SHBP,LJ01D,CTDBP
CE02SHBP-LJ01D-06-CTDBPN106,num_samples,num_samples,,,ENG,counts,CE02SHBP,LJ01D,CTDBP
CE02SHBP-LJ01D-06-CTDBPN106,mem_free,mem_free,,,ENG,bytes,CE02SHBP,LJ01D,CTDBP
CE02SHBP-LJ01D-06-CTDBPN106,battery_cutoff,battery_cutoff,,,ENG,V,CE02SHBP,LJ01D,CTDBP
CE02SHBP-LJ01D-06-CTDBPN106,pressure_sensor_type,pressure_sensor_type,,,ENG,1,CE02SHBP,LJ01D,CTDBP
CE02SHBP-LJ01D-06-CTDBPN106,sbe38,sbe38,,,ENG,1,CE02SHBP,LJ01D,CTDBP
CE02SHBP-LJ01D-06-CTDBPN106,wetlabs,wetlabs,,,ENG,1,CE02SHBP,LJ01D,CTDBP
CE02SHBP-LJ01D-06-CTDBPN106,optode,optode,,,ENG,1,CE02SHBP,LJ01D,CTDBP
CE02SHBP-LJ01D-06-CTDBPN106,gas_tension_device,gas_tension_device,,,ENG,1,CE02SHBP,LJ01D,CTDBP
CE02SHBP-LJ01D-06-CTDBPN106,ext_volt_0,ext_volt_0,,,ENG,1,CE02SHBP,LJ01D,CTDBP
CE02SHBP-LJ01D-06-CTDBPN106,ext_volt_1,ext_volt_1,,,ENG,1,CE02SHBP,LJ01D,CTDBP
CE02SHBP-LJ01D-06-CTDBPN106,ext_volt_2,ext_volt_2,,,ENG,1,CE02SHBP,LJ01D,CTDBP
CE02SHBP-LJ01D-06-CTDBPN106,ext_volt_3,ext_volt_3,,,ENG,1,CE02SHBP,LJ01D,CTDBP
CE02SHBP-LJ01D-06-CTDBPN106,ext_volt_4,ext_volt_4,,,ENG,1,CE02SHBP,LJ01D,CTDBP
CE02SHBP-LJ01D-06-CTDBPN106,ext_volt_5,ext_volt_5,,,ENG,1,CE02SHBP,LJ01D,CTDBP
CE02SHBP-LJ01D-06-CTDBPN106,echo_characters,echo_characters,,,ENG,1,CE02SHBP,LJ01D,CTDBP
CE02SHBP-LJ01D-06-CTDBPN106,output_format,output_format,,,ENG,1,CE02SHBP,LJ01D,CTDBP
CE02SHBP-LJ01D-06-CTDBPN106,volt0_type,volt0_type,,,ENG,1,CE02SHBP,LJ01D,CTDBP
CE02SHBP-LJ01D-06-CTDBPN106,volt0_serial_number,volt0_serial_number,,,ENG,1,CE02SHBP,LJ01D,CTDBP
CE02SHBP-LJ01D-06-CTDBPN106,volt1_type,volt1_type,,,ENG,1,CE02SHBP,LJ01D,CTDBP
CE02SHBP-LJ01D-06-CTDBPN106,volt1_serial_number,volt1_serial_number,,,ENG,1,CE02SHBP,LJ01D,CTDBP
CE02SHBP-LJ01D-06-CTDBPN106,temp_coeff_offset,temp_coeff_offset,,,ENG,counts,CE02SHBP,LJ01D,CTDBP
CE02SHBP-LJ01D-06-CTDBPN106,profiles,profiles,,,ENG,counts,CE02SHBP,LJ01D,CTDBP
CE02SHBP-LJ01D-06-CTDBPN106,scans_to_average,scans_to_average,,,ENG,counts,CE02SHBP,LJ01D,CTDBP
CE02SHBP-LJ01D-06-CTDBPN106,min_cond_freq,min_cond_freq,,,ENG,counts,CE02SHBP,LJ01D,CTDBP
CE02SHBP-LJ01D-06-CTDBPN106,pump_delay,pump_delay,,,ENG,counts,CE02SHBP,LJ01D,CTDBP
CE02SHBP-LJ01D-06-CTDBPN106,auto_run,auto_run,,,ENG,1,CE02SHBP,LJ01D,CTDBP
CE02SHBP-LJ01D-06-CTDBPN106,ignore_switch,ignore_switch,,,ENG,1,CE02SHBP,LJ01D,CTDBP
CE02SHBP-LJ01D-06-CTDBPN106,battery_type,battery_type,,,ENG,1,CE02SHBP,LJ01D,CTDBP
CE02SHBP-LJ01D-06-CTDBPN106,sbe63,sbe63,,,ENG,1,CE02SHBP,LJ01D,CTDBP
CE02SHBP-LJ01D-06-CTDBPN106,calphase,calphase,,,ENG,degrees,CE02SHBP,LJ01D,CTDBP
CE02SHBP-LJ01D-06-CTDBPN106,enable_temperature,enable_temperature,,,ENG,1,CE02SHBP,LJ01D,CTDBP
CE02SHBP-LJ01D-06-CTDBPN106,enable_humiditycomp,enable_humiditycomp,,,ENG,1,CE02SHBP,LJ01D,CTDBP
CE02SHBP-LJ01D-06-CTDBPN106,enable_airsaturation,enable_airsaturation,,,ENG,1,CE02SHBP,LJ01D,CTDBP
CE02SHBP-LJ01D-06-CTDBPN106,enable_rawdata,enable_rawdata,,,ENG,1,CE02SHBP,LJ01D,CTDBP
CE02SHBP-LJ01D-06-CTDBPN106,analog_output,analog_output,,,ENG,1,CE02SHBP,LJ01D,CTDBP
CE02SHBP-LJ01D-06-CTDBPN106,interval,interval,,,ENG,seconds,CE02SHBP,LJ01D,CTDBP
CE02SHBP-LJ01D-06-CTDBPN106,ext_volt0_slope,ext_volt0_slope,,,ENG,counts,CE02SHBP,LJ01D,CTDBP
CE02SHBP-LJ01D-06-CTDBPN106,ext_volt0_offset,ext_volt0_offset,,,ENG,counts,CE02SHBP,LJ01D,CTDBP
CE02SHBP-LJ01D-06-CTDBPN106,ext_volt1_slope,ext_volt1_slope,,,ENG,counts,CE02SHBP,LJ01D,CTDBP
CE02SHBP-LJ01D-06-CTDBPN106,ext_volt1_offset,ext_volt1_offset,,,ENG,counts,CE02SHBP,LJ01D,CTDBP
CE02SHBP-LJ01D-06-CTDBPN106,ext_volt2_slope,ext_volt2_slope,,,ENG,counts,CE02SHBP,LJ01D,CTDBP
CE02SHBP-LJ01D-06-CTDBPN106,ext_volt2_offset,ext_volt2_offset,,,ENG,counts,CE02SHBP,LJ01D,CTDBP
CE02SHBP-LJ01D-06-CTDBPN106,ext_volt3_slope,ext_volt3_slope,,,ENG,counts,CE02SHBP,LJ01D,CTDBP
CE02SHBP-LJ01D-06-CTDBPN106,ext_volt3_offset,ext_volt3_offset,,,ENG,counts,CE02SHBP,LJ01D,CTDBP
CE02SHBP-LJ01D-06-CTDBPN106,ext_volt4_slope,ext_volt4_slope,,,ENG,counts,CE02SHBP,LJ01D,CTDBP
CE02SHBP-LJ01D-06-CTDBPN106,ext_volt4_offset,ext_volt4_offset,,,ENG,counts,CE02SHBP,LJ01D,CTDBP
CE02SHBP-LJ01D-06-CTDBPN106,ext_volt5_slope,ext_volt5_slope,,,ENG,counts,CE02SHBP,LJ01D,CTDBP
CE02SHBP-LJ01D-06-CTDBPN106,ext_volt5_offset,ext_volt5_offset,,,ENG,counts,CE02SHBP,LJ01D,CTDBP
CE02SHBP-LJ01D-06-CTDBPN106,ext_freq_sf,ext_freq_sf,,,ENG,counts,CE02SHBP,LJ01D,CTDBP
CE02SHBP-LJ01D-06-CTDBPN106,press_coeff_pslope,press_coeff_pslope,,,ENG,counts,CE02SHBP,LJ01D,CTDBP
CE02SHBP-LJ01D-06-CTDBPN106,temp_sensor_serial_number,temp_sensor_serial_number,,,ENG,counts,CE02SHBP,LJ01D,CTDBP
CE02SHBP-LJ01D-06-CTDBPN106,cond_sensor_serial_number,cond_sensor_serial_number,,,ENG,counts,CE02SHBP,LJ01D,CTDBP
CE02SHBP-LJ01D-06-CTDBPN106,command_set_version,command_set_version,,,ENG,1,CE02SHBP,LJ01D,CTDBP
CE02SHBP-LJ01D-06-CTDBPN106,assembly_number,assembly_number,,,ENG,1,CE02SHBP,LJ01D,CTDBP
CE02SHBP-LJ01D-06-CTDBPN106,num_events,num_events,,,ENG,counts,CE02SHBP,LJ01D,CTDBP
CE02SHBP-LJ01D-06-CTDBPN106,samples_free,samples_free,,,ENG,counts,CE02SHBP,LJ01D,CTDBP
CE02SHBP-LJ01D-06-CTDBPN106,sample_length,sample_length,,,ENG,bytes,CE02SHBP,LJ01D,CTDBP
CE02SHBP-LJ01D-06-CTDBPN106,output_executed_tag,output_executed_tag,,,ENG,1,CE02SHBP,LJ01D,CTDBP
CE02SHBP-LJ01D-06-CTDBPN106,pressure_sensor_serial_number,pressure_sensor_serial_number,,,ENG,counts,CE02SHBP,LJ01D,CTDBP
CE02SHBP-LJ01D-06-CTDBPN106,pressure_sensor_range,pressure_sensor_range,,,ENG,psi,CE02SHBP,LJ01D,CTDBP
CE02SHBP-LJ01D-06-CTDBPN106,mode,mode,,,ENG,1,CE02SHBP,LJ01D,CTDBP
CE02SHBP-LJ01D-06-CTDBPN106,firmware_date,firmware_date,,,ENG,1,CE02SHBP,LJ01D,CTDBP
CE02SHBP-LJ01D-06-CTDBPN106,pcb_serial_number,pcb_serial_number,,,ENG,1,CE02SHBP,LJ01D,CTDBP
CE02SHBP-LJ01D-06-CTDBPN106,manufacture_date,manufacture_date,,,ENG,1,CE02SHBP,LJ01D,CTDBP
CE02SHBP-LJ01D-06-CTDBPN106,serial_number,serial_number,,,ENG,counts,CE02SHBP,LJ01D,CTDBP
CE02SHBP-LJ01D-06-CTDBPN106,ctdbp_no_seawater_pressure,ctdbp_no_seawater_pressure,0,6000,L1,dbar,CE02SHBP,LJ01D,CTDBP
CE02SHBP-LJ01D-06-CTDBPN106,ctdbp_no_seawater_conductivity,ctdbp_no_seawater_conductivity,0,6,L1,S m-1,CE02SHBP,LJ01D,CTDBP
CE02SHBP-LJ01D-06-CTDBPN106,ctdbp_no_practical_salinity,ctdbp_no_practical_salinity,0,42,L2,1,CE02SHBP,LJ01D,CTDBP
CE02SHBP-LJ01D-06-CTDBPN106,ctdbp_no_seawater_density,ctdbp_no_seawater_density,1000,1100,L2,kg m-3,CE02SHBP,LJ01D,CTDBP
CE02SHBP-LJ01D-06-CTDBPN106,ctdbp_no_abs_oxygen,ctdbp_no_abs_oxygen,0,400,L2,umol kg-1,CE02SHBP,LJ01D,CTDBP
CE02SHBP-LJ01D-06-CTDBPN106,oxy_calphase,oxy_calphase,,,L0,counts,CE02SHBP,LJ01D,CTDBP
CE02SHBP-LJ01D-06-CTDBPN106,oxy_temp,oxy_temp,,,L0,counts,CE02SHBP,LJ01D,CTDBP
CE02SHBP-LJ01D-06-CTDBPN106,seawater_temperature,seawater_temperature,-2,40,L1,deg_C,CE02SHBP,LJ01D,CTDBP
CE02SHBP-LJ01D-06-CTDBPN106,date_time_string,date_time_string,,,ENG,1,CE02SHBP,LJ01D,CTDBP
CE02SHBP-LJ01D-06-CTDBPN106,ctd_tc_oxygen,ctd_tc_oxygen,,,L1,umol L-1,CE02SHBP,LJ01D,CTDBP
CE02SHBP-LJ01D-06-DOSTAD106,port_timestamp,port_timestamp,,,ENG,seconds since 1900-01-01,CE02SHBP,LJ01D,DOSTA
CE02SHBP-LJ01D-06-DOSTAD106,driver_timestamp,driver_timestamp,,,ENG,seconds since 1900-01-01,CE02SHBP,LJ01D,DOSTA
CE02SHBP-LJ01D-06-DOSTAD106,preferred_timestamp,preferred_timestamp,,,ENG,1,CE02SHBP,LJ01D,DOSTA
CE02SHBP-LJ01D-06-DOSTAD106,temperature,temperature,,,L0,counts,CE02SHBP,LJ01D,DOSTA
CE02SHBP-LJ01D-06-DOSTAD106,conductivity,conductivity,,,L0,counts,CE02SHBP,LJ01D,DOSTA
CE02SHBP-LJ01D-06-DOSTAD106,pressure,pressure,,,L0,counts,CE02SHBP,LJ01D,DOSTA
CE02SHBP-LJ01D-06-DOSTAD106,pressure_temp,pressure_temp,,,L0,counts,CE02SHBP,LJ01D,DOSTA
CE02SHBP-LJ01D-06-DOSTAD106,oxygen,oxygen,,,L0,counts,CE02SHBP,LJ01D,DOSTA
CE02SHBP-LJ01D-06-DOSTAD106,ctdbp_no_seawater_pressure,ctdbp_no_seawater_pressure,0,6000,L1,dbar,CE02SHBP,LJ01D,DOSTA
CE02SHBP-LJ01D-06-DOSTAD106,ctdbp_no_seawater_conductivity,ctdbp_no_seawater_conductivity,0,6,L1,S m-1,CE02SHBP,LJ01D,DOSTA
CE02SHBP-LJ01D-06-DOSTAD106,ctdbp_no_practical_salinity,ctdbp_no_practical_salinity,0,42,L2,1,CE02SHBP,LJ01D,DOSTA
CE02SHBP-LJ01D-06-DOSTAD106,ctdbp_no_seawater_density,ctdbp_no_seawater_density,1000,1100,L2,kg m-3,CE02SHBP,LJ01D,DOSTA
CE02SHBP-LJ01D-06-DOSTAD106,ctdbp_no_abs_oxygen,ctdbp_no_abs_oxygen,0,400,L2,umol kg-1,CE02SHBP,LJ01D,DOSTA
CE02SHBP-LJ01D-06-DOSTAD106,oxy_calphase,oxy_calphase,,,L0,counts,CE02SHBP,LJ01D,DOSTA
CE02SHBP-LJ01D-06-DOSTAD106,oxy_temp,oxy_temp,,,L0,counts,CE02SHBP,LJ01D,DOSTA
CE02SHBP-LJ01D-06-DOSTAD106,seawater_temperature,seawater_temperature,-2,40,L1,deg_C,CE02SHBP,LJ01D,DOSTA
CE02SHBP-LJ01D-06-DOSTAD106,ctd_tc_oxygen,ctd_tc_oxygen,,,L1,umol L-1,CE02SHBP,LJ01D,DOSTA
CE02SHBP-LJ01D-07-VEL3DC108,port_timestamp,port_timestamp,,,ENG,seconds since 1900-01-01,CE02SHBP,LJ01D,VEL3D
CE02SHBP-LJ01D-07-VEL3DC108,vel3d_c_eastward_turbulent_velocity,vel3d_c_eastward_turbulent_velocity,-3,3,L1,m s-1,CE02SHBP,LJ01D,VEL3D
CE02SHBP-LJ01D-07-VEL3DC108,vel3d_c_northward_turbulent_velocity,vel3d_c_northward_turbulent_velocity,-3,3,L1,m s-1,CE02SHBP,LJ01D,VEL3D
CE02SHBP-LJ01D-07-VEL3DC108,vel3d_c_upward_turbulent_velocity,vel3d_c_upward_turbulent_velocity,-1,1,L1,m s-1,CE02SHBP,LJ01D,VEL3D
CE02SHBP-LJ01D-07-VEL3DC108,transmit_pulse_length_2nd,transmit_pulse_length_2nd,,,ENG,counts,CE02SHBP,LJ01D,VEL3D
CE02SHBP-LJ01D-07-VEL3DC108,driver_timestamp,driver_timestamp,,,ENG,seconds since 1900-01-01,CE02SHBP,LJ01D,VEL3D
CE02SHBP-LJ01D-07-VEL3DC108,firmware_version,firmware_version,,,ENG,1,CE02SHBP,LJ01D,VEL3D
CE02SHBP-LJ01D-07-VEL3DC108,battery_voltage_dv,battery_voltage_dv,,,ENG,dV,CE02SHBP,LJ01D,VEL3D
CE02SHBP-LJ01D-07-VEL3DC108,sound_speed_dms,sound_speed_dms,,,ENG,dm s-1,CE02SHBP,LJ01D,VEL3D
CE02SHBP-LJ01D-07-VEL3DC108,heading_decidegree,heading_decidegree,,,ENG,deci-degrees,CE02SHBP,LJ01D,VEL3D
CE02SHBP-LJ01D-07-VEL3DC108,roll_decidegree,roll_decidegree,,,ENG,deci-degrees,CE02SHBP,LJ01D,VEL3D
CE02SHBP-LJ01D-07-VEL3DC108,pitch_decidegree,pitch_decidegree,,,ENG,deci-degrees,CE02SHBP,LJ01D,VEL3D
CE02SHBP-LJ01D-07-VEL3DC108,temperature_centidegree,temperature_centidegree,,,ENG,cdeg_C,CE02SHBP,LJ01D,VEL3D
CE02SHBP-LJ01D-07-VEL3DC108,seawater_pressure_mbar,seawater_pressure_mbar,,,ENG,0.001 dbar,CE02SHBP,LJ01D,VEL3D
CE02SHBP-LJ01D-07-VEL3DC108,instrmt_type_serial_number,instrmt_type_serial_number,,,ENG,1,CE02SHBP,LJ01D,VEL3D
CE02SHBP-LJ01D-07-VEL3DC108,recorder_installed,recorder_installed,,,ENG,1,CE02SHBP,LJ01D,VEL3D
CE02SHBP-LJ01D-07-VEL3DC108,compass_installed,compass_installed,,,ENG,1,CE02SHBP,LJ01D,VEL3D
CE02SHBP-LJ01D-07-VEL3DC108,board_frequency,board_frequency,,,ENG,kHz,CE02SHBP,LJ01D,VEL3D
CE02SHBP-LJ01D-07-VEL3DC108,pic_version,pic_version,,,ENG,1,CE02SHBP,LJ01D,VEL3D
CE02SHBP-LJ01D-07-VEL3DC108,hardware_revision,hardware_revision,,,ENG,1,CE02SHBP,LJ01D,VEL3D
CE02SHBP-LJ01D-07-VEL3DC108,recorder_size,recorder_size,,,ENG,bytes,CE02SHBP,LJ01D,VEL3D
CE02SHBP-LJ01D-07-VEL3DC108,velocity_range,velocity_range,,,ENG,1,CE02SHBP,LJ01D,VEL3D
CE02SHBP-LJ01D-07-VEL3DC108,pressure_sensor,pressure_sensor,,,ENG,1,CE02SHBP,LJ01D,VEL3D
CE02SHBP-LJ01D-07-VEL3DC108,magnetometer_sensor,magnetometer_sensor,,,ENG,1,CE02SHBP,LJ01D,VEL3D
CE02SHBP-LJ01D-07-VEL3DC108,tilt_sensor,tilt_sensor,,,ENG,1,CE02SHBP,LJ01D,VEL3D
CE02SHBP-LJ01D-07-VEL3DC108,tilt_sensor_mounting,tilt_sensor_mounting,,,ENG,1,CE02SHBP,LJ01D,VEL3D
CE02SHBP-LJ01D-07-VEL3DC108,head_frequency,head_frequency,,,ENG,kHz,CE02SHBP,LJ01D,VEL3D
CE02SHBP-LJ01D-07-VEL3DC108,head_type,head_type,,,ENG,1,CE02SHBP,LJ01D,VEL3D
CE02SHBP-LJ01D-07-VEL3DC108,head_serial_number,head_serial_number,,,ENG,1,CE02SHBP,LJ01D,VEL3D
CE02SHBP-LJ01D-07-VEL3DC108,system_data,system_data,,,ENG,1,CE02SHBP,LJ01D,VEL3D
CE02SHBP-LJ01D-07-VEL3DC108,number_beams,number_beams,,,ENG,1,CE02SHBP,LJ01D,VEL3D
CE02SHBP-LJ01D-07-VEL3DC108,transmit_pulse_length,transmit_pulse_length,,,ENG,counts,CE02SHBP,LJ01D,VEL3D
CE02SHBP-LJ01D-07-VEL3DC108,blanking_distance,blanking_distance,,,ENG,counts,CE02SHBP,LJ01D,VEL3D
CE02SHBP-LJ01D-07-VEL3DC108,receive_length,receive_length,,,ENG,counts,CE02SHBP,LJ01D,VEL3D
CE02SHBP-LJ01D-07-VEL3DC108,time_between_pings,time_between_pings,,,ENG,counts,CE02SHBP,LJ01D,VEL3D
CE02SHBP-LJ01D-07-VEL3DC108,time_between_bursts,time_between_bursts,,,ENG,counts,CE02SHBP,LJ01D,VEL3D
CE02SHBP-LJ01D-07-VEL3DC108,number_pings,number_pings,,,ENG,1,CE02SHBP,LJ01D,VEL3D
CE02SHBP-LJ01D-07-VEL3DC108,average_interval,average_interval,,,ENG,s,CE02SHBP,LJ01D,VEL3D
CE02SHBP-LJ01D-07-VEL3DC108,profile_type,profile_type,,,ENG,1,CE02SHBP,LJ01D,VEL3D
CE02SHBP-LJ01D-07-VEL3DC108,mode_type,mode_type,,,ENG,1,CE02SHBP,LJ01D,VEL3D
CE02SHBP-LJ01D-07-VEL3DC108,power_level_tcm1,power_level_tcm1,,,ENG,1,CE02SHBP,LJ01D,VEL3D
CE02SHBP-LJ01D-07-VEL3DC108,power_level_tcm2,power_level_tcm2,,,ENG,1,CE02SHBP,LJ01D,VEL3D
CE02SHBP-LJ01D-07-VEL3DC108,sync_out_position,sync_out_position,,,ENG,1,CE02SHBP,LJ01D,VEL3D
CE02SHBP-LJ01D-07-VEL3DC108,sample_on_sync,sample_on_sync,,,ENG,1,CE02SHBP,LJ01D,VEL3D
CE02SHBP-LJ01D-07-VEL3DC108,start_on_sync,start_on_sync,,,ENG,1,CE02SHBP,LJ01D,VEL3D
CE02SHBP-LJ01D-07-VEL3DC108,power_level_pcr1,power_level_pcr1,,,ENG,1,CE02SHBP,LJ01D,VEL3D
CE02SHBP-LJ01D-07-VEL3DC108,power_level_pcr2,power_level_pcr2,,,ENG,1,CE02SHBP,LJ01D,VEL3D
CE02SHBP-LJ01D-07-VEL3DC108,compass_update_rate,compass_update_rate,,,ENG,Hz,CE02SHBP,LJ01D,VEL3D
CE02SHBP-LJ01D-07-VEL3DC108,coordinate_system,coordinate_system,,,ENG,1,CE02SHBP,LJ01D,VEL3D
CE02SHBP-LJ01D-07-VEL3DC108,number_cells,number_cells,,,ENG,1,CE02SHBP,LJ01D,VEL3D
CE02SHBP-LJ01D-07-VEL3DC108,cell_size,cell_size,,,ENG,m,CE02SHBP,LJ01D,VEL3D
CE02SHBP-LJ01D-07-VEL3DC108,measurement_interval,measurement_interval,,,ENG,s,CE02SHBP,LJ01D,VEL3D
CE02SHBP-LJ01D-07-VEL3DC108,deployment_name,deployment_name,,,ENG,1,CE02SHBP,LJ01D,VEL3D
CE02SHBP-LJ01D-07-VEL3DC108,wrap_mode,wrap_mode,,,ENG,1,CE02SHBP,LJ01D,VEL3D
CE02SHBP-LJ01D-07-VEL3DC108,deployment_start_time,deployment_start_time,,,ENG,1,CE02SHBP,LJ01D,VEL3D
CE02SHBP-LJ01D-07-VEL3DC108,diagnostics_interval,diagnostics_interval,,,ENG,s,CE02SHBP,LJ01D,VEL3D
CE02SHBP-LJ01D-07-VEL3DC108,use_specified_sound_speed,use_specified_sound_speed,,,ENG,1,CE02SHBP,LJ01D,VEL3D
CE02SHBP-LJ01D-07-VEL3DC108,diagnostics_mode_enable,diagnostics_mode_enable,,,ENG,1,CE02SHBP,LJ01D,VEL3D
CE02SHBP-LJ01D-07-VEL3DC108,analog_output_enable,analog_output_enable,,,ENG,1,CE02SHBP,LJ01D,VEL3D
CE02SHBP-LJ01D-07-VEL3DC108,output_format_nortek,output_format_nortek,,,ENG,1,CE02SHBP,LJ01D,VEL3D
CE02SHBP-LJ01D-07-VEL3DC108,scaling,scaling,,,ENG,1,CE02SHBP,LJ01D,VEL3D
CE02SHBP-LJ01D-07-VEL3DC108,serial_output_enable,serial_output_enable,,,ENG,1,CE02SHBP,LJ01D,VEL3D
CE02SHBP-LJ01D-07-VEL3DC108,stage_enable,stage_enable,,,ENG,1,CE02SHBP,LJ01D,VEL3D
CE02SHBP-LJ01D-07-VEL3DC108,analog_power_output,analog_power_output,,,ENG,1,CE02SHBP,LJ01D,VEL3D
CE02SHBP-LJ01D-07-VEL3DC108,sound_speed_adjust_factor,sound_speed_adjust_factor,,,ENG,m s-1,CE02SHBP,LJ01D,VEL3D
CE02SHBP-LJ01D-07-VEL3DC108,number_diagnostics_samples,number_diagnostics_samples,,,ENG,1,CE02SHBP,LJ01D,VEL3D
CE02SHBP-LJ01D-07-VEL3DC108,number_beams_per_cell,number_beams_per_cell,,,ENG,1,CE02SHBP,LJ01D,VEL3D
CE02SHBP-LJ01D-07-VEL3DC108,number_pings_diagnostic,number_pings_diagnostic,,,ENG,1,CE02SHBP,LJ01D,VEL3D
CE02SHBP-LJ01D-07-VEL3DC108,use_dsp_filter,use_dsp_filter,,,ENG,1,CE02SHBP,LJ01D,VEL3D
CE02SHBP-LJ01D-07-VEL3DC108,filter_data_output,filter_data_output,,,ENG,1,CE02SHBP,LJ01D,VEL3D
CE02SHBP-LJ01D-07-VEL3DC108,analog_input_address,analog_input_address,,,ENG,1,CE02SHBP,LJ01D,VEL3D
CE02SHBP-LJ01D-07-VEL3DC108,software_version,software_version,,,ENG,1,CE02SHBP,LJ01D,VEL3D
CE02SHBP-LJ01D-07-VEL3DC108,velocity_adjustment_factor,velocity_adjustment_factor,,,ENG,1,CE02SHBP,LJ01D,VEL3D
CE02SHBP-LJ01D-07-VEL3DC108,file_comments,file_comments,,,ENG,1,CE02SHBP,LJ01D,VEL3D
CE02SHBP-LJ01D-07-VEL3DC108,wave_data_rate,wave_data_rate,,,ENG,Hz,CE02SHBP,LJ01D,VEL3D
CE02SHBP-LJ01D-07-VEL3DC108,wave_cell_position,wave_cell_position,,,ENG,1,CE02SHBP,LJ01D,VEL3D
CE02SHBP-LJ01D-07-VEL3DC108,dynamic_position_type,dynamic_position_type,,,ENG,1,CE02SHBP,LJ01D,VEL3D
CE02SHBP-LJ01D-07-VEL3DC108,percent_wave_cell_position,percent_wave_cell_position,,,ENG,1,CE02SHBP,LJ01D,VEL3D
CE02SHBP-LJ01D-07-VEL3DC108,wave_transmit_pulse,wave_transmit_pulse,,,ENG,1,CE02SHBP,LJ01D,VEL3D
CE02SHBP-LJ01D-07-VEL3DC108,fixed_wave_blanking_distance,fixed_wave_blanking_distance,,,ENG,counts,CE02SHBP,LJ01D,VEL3D
CE02SHBP-LJ01D-07-VEL3DC108,wave_measurement_cell_size,wave_measurement_cell_size,,,ENG,m,CE02SHBP,LJ01D,VEL3D
CE02SHBP-LJ01D-07-VEL3DC108,number_diagnostics_per_wave,number_diagnostics_per_wave,,,ENG,1,CE02SHBP,LJ01D,VEL3D
CE02SHBP-LJ01D-07-VEL3DC108,number_samples_per_burst,number_samples_per_burst,,,ENG,1,CE02SHBP,LJ01D,VEL3D
CE02SHBP-LJ01D-07-VEL3DC108,analog_scale_factor,analog_scale_factor,,,ENG,1,CE02SHBP,LJ01D,VEL3D
CE02SHBP-LJ01D-07-VEL3DC108,correlation_threshold,correlation_threshold,,,ENG,1,CE02SHBP,LJ01D,VEL3D
CE02SHBP-LJ01D-07-VEL3DC108,filter_constants,filter_constants,,,ENG,1,CE02SHBP,LJ01D,VEL3D
CE02SHBP-LJ01D-07-VEL3DC108,analog_input_2,analog_input_2,,,ENG,1,CE02SHBP,LJ01D,VEL3D
CE02SHBP-LJ01D-07-VEL3DC108,ensemble_counter,ensemble_counter,,,ENG,1,CE02SHBP,LJ01D,VEL3D
CE02SHBP-LJ01D-07-VEL3DC108,analog_input_1,analog_input_1,,,ENG,1,CE02SHBP,LJ01D,VEL3D
CE02SHBP-LJ01D-07-VEL3DC108,turbulent_velocity_east,turbulent_velocity_east,,,L0,mm s-1,CE02SHBP,LJ01D,VEL3D
CE02SHBP-LJ01D-07-VEL3DC108,turbulent_velocity_north,turbulent_velocity_north,,,L0,mm s-1,CE02SHBP,LJ01D,VEL3D
CE02SHBP-LJ01D-07-VEL3DC108,turbulent_velocity_vertical,turbulent_velocity_vertical,,,L0,mm s-1,CE02SHBP,LJ01D,VEL3D
CE02SHBP-LJ01D-07-VEL3DC108,amplitude_beam_1,amplitude_beam_1,,,ENG,counts,CE02SHBP,LJ01D,VEL3D
CE02SHBP-LJ01D-07-VEL3DC108,amplitude_beam_2,amplitude_beam_2,,,ENG,counts,CE02SHBP,LJ01D,VEL3D
CE02SHBP-LJ01D-07-VEL3DC108,amplitude_beam_3,amplitude_beam_3,,,ENG,counts,CE02SHBP,LJ01D,VEL3D
CE02SHBP-LJ01D-07-VEL3DC108,correlation_beam_1,correlation_beam_1,,,ENG,Percentage,CE02SHBP,LJ01D,VEL3D
CE02SHBP-LJ01D-07-VEL3DC108,correlation_beam_2,correlation_beam_2,,,ENG,Percentage,CE02SHBP,LJ01D,VEL3D
CE02SHBP-LJ01D-07-VEL3DC108,correlation_beam_3,correlation_beam_3,,,ENG,Percentage,CE02SHBP,LJ01D,VEL3D
CE02SHBP-LJ01D-07-VEL3DC108,error_code,error_code,,,ENG,1,CE02SHBP,LJ01D,VEL3D
CE02SHBP-LJ01D-07-VEL3DC108,status_code,status_code,,,ENG,1,CE02SHBP,LJ01D,VEL3D
CE02SHBP-LJ01D-07-VEL3DC108,analog_input,analog_input,,,ENG,1,CE02SHBP,LJ01D,VEL3D
CE02SHBP-LJ01D-07-VEL3DC108,number_velocity_records,number_velocity_records,,,ENG,1,CE02SHBP,LJ01D,VEL3D
CE02SHBP-LJ01D-07-VEL3DC108,noise_amp_beam1,noise_amp_beam1,,,ENG,counts,CE02SHBP,LJ01D,VEL3D
CE02SHBP-LJ01D-07-VEL3DC108,noise_amp_beam2,noise_amp_beam2,,,ENG,counts,CE02SHBP,LJ01D,VEL3D
CE02SHBP-LJ01D-07-VEL3DC108,noise_amp_beam3,noise_amp_beam3,,,ENG,counts,CE02SHBP,LJ01D,VEL3D
CE02SHBP-LJ01D-07-VEL3DC108,noise_correlation_beam1,noise_correlation_beam1,,,ENG,1,CE02SHBP,LJ01D,VEL3D
CE02SHBP-LJ01D-07-VEL3DC108,noise_correlation_beam2,noise_correlation_beam2,,,ENG,1,CE02SHBP,LJ01D,VEL3D
CE02SHBP-LJ01D-07-VEL3DC108,noise_correlation_beam3,noise_correlation_beam3,,,ENG,1,CE02SHBP,LJ01D,VEL3D
CE02SHBP-LJ01D-07-VEL3DC108,date_time_array,date_time_array,,,ENG,1,CE02SHBP,LJ01D,VEL3D
CE02SHBP-LJ01D-07-VEL3DC108,battery_voltage_mv,battery_voltage_mv,,,ENG,mV,CE02SHBP,LJ01D,VEL3D
CE02SHBP-LJ01D-07-VEL3DC108,identification_string,identification_string,,,ENG,1,CE02SHBP,LJ01D,VEL3D
CE02SHBP-LJ01D-07-VEL3DC108,date_time_string,date_time_string,,,ENG,1,CE02SHBP,LJ01D,VEL3D
CE02SHBP-LJ01D-08-OPTAAD106,port_timestamp,port_timestamp,,,ENG,seconds since 1900-01-01,CE02SHBP,LJ01D,OPTAA
CE02SHBP-LJ01D-08-OPTAAD106,driver_timestamp,driver_timestamp,,,ENG,seconds since 1900-01-01,CE02SHBP,LJ01D,OPTAA
CE02SHBP-LJ01D-08-OPTAAD106,firmware_version,firmware_version,,,ENG,1,CE02SHBP,LJ01D,OPTAA
CE02SHBP-LJ01D-08-OPTAAD106,preferred_timestamp,preferred_timestamp,,,ENG,1,CE02SHBP,LJ01D,OPTAA
CE02SHBP-LJ01D-08-OPTAAD106,firmware_date,firmware_date,,,ENG,1,CE02SHBP,LJ01D,OPTAA
CE02SHBP-LJ01D-08-OPTAAD106,serial_number,serial_number,,,ENG,1,CE02SHBP,LJ01D,OPTAA
CE02SHBP-LJ01D-08-OPTAAD106,beam_attenuation_ctdbp_no,beam_attenuation_ctdbp_no,0,100,L2,m-1,CE02SHBP,LJ01D,OPTAA
CE02SHBP-LJ01D-08-OPTAAD106,optical_absorption_ctdbp_no,optical_absorption_ctdbp_no,,,,,CE02SHBP,LJ01D,OPTAA
CE02SHBP-LJ01D-08-OPTAAD106,record_length,record_length,,,ENG,1,CE02SHBP,LJ01D,OPTAA
CE02SHBP-LJ01D-08-OPTAAD106,packet_type,packet_type,,,ENG,1,CE02SHBP,LJ01D,OPTAA
CE02SHBP-LJ01D-08-OPTAAD106,meter_type,meter_type,,,ENG,1,CE02SHBP,LJ01D,OPTAA
CE02SHBP-LJ01D-08-OPTAAD106,a_reference_dark_counts,a_reference_dark_counts,,,ENG,counts,CE02SHBP,LJ01D,OPTAA
CE02SHBP-LJ01D-08-OPTAAD106,pressure_counts,pressure_counts,,,ENG,counts,CE02SHBP,LJ01D,OPTAA
CE02SHBP-LJ01D-08-OPTAAD106,a_signal_dark_counts,a_signal_dark_counts,,,ENG,counts,CE02SHBP,LJ01D,OPTAA
CE02SHBP-LJ01D-08-OPTAAD106,external_temp_raw,external_temp_raw,,,ENG,counts,CE02SHBP,LJ01D,OPTAA
CE02SHBP-LJ01D-08-OPTAAD106,internal_temp_raw,internal_temp_raw,,,L0,counts,CE02SHBP,LJ01D,OPTAA
CE02SHBP-LJ01D-08-OPTAAD106,c_reference_dark_counts,c_reference_dark_counts,,,ENG,counts,CE02SHBP,LJ01D,OPTAA
CE02SHBP-LJ01D-08-OPTAAD106,c_signal_dark_counts,c_signal_dark_counts,,,ENG,counts,CE02SHBP,LJ01D,OPTAA
CE02SHBP-LJ01D-08-OPTAAD106,elapsed_run_time,elapsed_run_time,,,ENG,ms,CE02SHBP,LJ01D,OPTAA
CE02SHBP-LJ01D-08-OPTAAD106,num_wavelengths,num_wavelengths,,,ENG,1,CE02SHBP,LJ01D,OPTAA
CE02SHBP-LJ01D-08-OPTAAD106,c_reference_counts,c_reference_counts,,,L0,counts,CE02SHBP,LJ01D,OPTAA
CE02SHBP-LJ01D-08-OPTAAD106,a_reference_counts,a_reference_counts,,,L0,counts,CE02SHBP,LJ01D,OPTAA
CE02SHBP-LJ01D-08-OPTAAD106,c_signal_counts,c_signal_counts,,,L0,counts,CE02SHBP,LJ01D,OPTAA
CE02SHBP-LJ01D-08-OPTAAD106,a_signal_counts,a_signal_counts,,,L0,counts,CE02SHBP,LJ01D,OPTAA
CE02SHBP-LJ01D-08-OPTAAD106,persistor_cf_serial_number,persistor_cf_serial_number,,,ENG,1,CE02SHBP,LJ01D,OPTAA
CE02SHBP-LJ01D-08-OPTAAD106,persistor_cf_bios_version,persistor_cf_bios_version,,,ENG,1,CE02SHBP,LJ01D,OPTAA
CE02SHBP-LJ01D-08-OPTAAD106,persistor_cf_picodos_version,persistor_cf_picodos_version,,,ENG,1,CE02SHBP,LJ01D,OPTAA
CE02SHBP-LJ01D-08-OPTAAD106,checksum,checksum,,,ENG,1,CE02SHBP,LJ01D,OPTAA
CE02SHBP-LJ01D-08-OPTAAD106,beam_attenuation,beam_attenuation,0,100,L2,m-1,CE02SHBP,LJ01D,OPTAA
CE02SHBP-LJ01D-08-OPTAAD106,optical_absorption,optical_absorption,0,100,L2,m-1,CE02SHBP,LJ01D,OPTAA
CE02SHBP-LJ01D-09-PCO2WB103,port_timestamp,port_timestamp,,,ENG,seconds since 1900-01-01,CE02SHBP,LJ01D,PCO2W
CE02SHBP-LJ01D-09-PCO2WB103,driver_timestamp,driver_timestamp,,,ENG,seconds since 1900-01-01,CE02SHBP,LJ01D,PCO2W
CE02SHBP-LJ01D-09-PCO2WB103,external_device2_fault,external_device2_fault,,,ENG,1,CE02SHBP,LJ01D,PCO2W
CE02SHBP-LJ01D-09-PCO2WB103,external_device3_fault,external_device3_fault,,,ENG,1,CE02SHBP,LJ01D,PCO2W
CE02SHBP-LJ01D-09-PCO2WB103,num_data_records,num_data_records,,,ENG,1,CE02SHBP,LJ01D,PCO2W
CE02SHBP-LJ01D-09-PCO2WB103,num_error_records,num_error_records,,,ENG,1,CE02SHBP,LJ01D,PCO2W
CE02SHBP-LJ01D-09-PCO2WB103,num_bytes_stored,num_bytes_stored,,,ENG,bytes,CE02SHBP,LJ01D,PCO2W
CE02SHBP-LJ01D-09-PCO2WB103,external_pump_setting,external_pump_setting,,,ENG,1,CE02SHBP,LJ01D,PCO2W
CE02SHBP-LJ01D-09-PCO2WB103,internal_timestamp,internal_timestamp,,,ENG,seconds since 1900-01-01,CE02SHBP,LJ01D,PCO2W
CE02SHBP-LJ01D-09-PCO2WB103,preferred_timestamp,preferred_timestamp,,,ENG,1,CE02SHBP,LJ01D,PCO2W
CE02SHBP-LJ01D-09-PCO2WB103,pco2w_battery_voltage,pco2w_battery_voltage,,,ENG,counts,CE02SHBP,LJ01D,PCO2W
CE02SHBP-LJ01D-09-PCO2WB103,pco2w_thermistor_voltage,pco2w_thermistor_voltage,,,ENG,counts,CE02SHBP,LJ01D,PCO2W
CE02SHBP-LJ01D-09-PCO2WB103,checksum,checksum,,,ENG,1,CE02SHBP,LJ01D,PCO2W
CE02SHBP-LJ01D-09-PCO2WB103,unique_id,unique_id,,,ENG,1,CE02SHBP,LJ01D,PCO2W
CE02SHBP-LJ01D-09-PCO2WB103,record_length,record_length,,,ENG,1,CE02SHBP,LJ01D,PCO2W
CE02SHBP-LJ01D-09-PCO2WB103,record_type,record_type,,,ENG,1,CE02SHBP,LJ01D,PCO2W
CE02SHBP-LJ01D-09-PCO2WB103,record_time,record_time,,,ENG,seconds since 1904-01-01,CE02SHBP,LJ01D,PCO2W
CE02SHBP-LJ01D-09-PCO2WB103,light_measurements,light_measurements,,,ENG,counts,CE02SHBP,LJ01D,PCO2W
CE02SHBP-LJ01D-09-PCO2WB103,voltage_battery,voltage_battery,,,ENG,counts,CE02SHBP,LJ01D,PCO2W
CE02SHBP-LJ01D-09-PCO2WB103,thermistor_raw,thermistor_raw,,,L0,V,CE02SHBP,LJ01D,PCO2W
CE02SHBP-LJ01D-09-PCO2WB103,elapsed_time_config,elapsed_time_config,,,ENG,s,CE02SHBP,LJ01D,PCO2W
CE02SHBP-LJ01D-09-PCO2WB103,clock_active,clock_active,,,ENG,1,CE02SHBP,LJ01D,PCO2W
CE02SHBP-LJ01D-09-PCO2WB103,recording_active,recording_active,,,ENG,1,CE02SHBP,LJ01D,PCO2W
CE02SHBP-LJ01D-09-PCO2WB103,record_end_on_time,record_end_on_time,,,ENG,1,CE02SHBP,LJ01D,PCO2W
CE02SHBP-LJ01D-09-PCO2WB103,record_memory_full,record_memory_full,,,ENG,1,CE02SHBP,LJ01D,PCO2W
CE02SHBP-LJ01D-09-PCO2WB103,record_end_on_error,record_end_on_error,,,ENG,1,CE02SHBP,LJ01D,PCO2W
CE02SHBP-LJ01D-09-PCO2WB103,data_download_ok,data_download_ok,,,ENG,1,CE02SHBP,LJ01D,PCO2W
CE02SHBP-LJ01D-09-PCO2WB103,flash_memory_open,flash_memory_open,,,ENG,1,CE02SHBP,LJ01D,PCO2W
CE02SHBP-LJ01D-09-PCO2WB103,battery_low_prestart,battery_low_prestart,,,ENG,1,CE02SHBP,LJ01D,PCO2W
CE02SHBP-LJ01D-09-PCO2WB103,battery_low_measurement,battery_low_measurement,,,ENG,1,CE02SHBP,LJ01D,PCO2W
CE02SHBP-LJ01D-09-PCO2WB103,battery_low_bank,battery_low_bank,,,ENG,1,CE02SHBP,LJ01D,PCO2W
CE02SHBP-LJ01D-09-PCO2WB103,battery_low_external,battery_low_external,,,ENG,1,CE02SHBP,LJ01D,PCO2W
CE02SHBP-LJ01D-09-PCO2WB103,external_device1_fault,external_device1_fault,,,ENG,1,CE02SHBP,LJ01D,PCO2W
CE02SHBP-LJ01D-09-PCO2WB103,flash_erased,flash_erased,,,ENG,1,CE02SHBP,LJ01D,PCO2W
CE02SHBP-LJ01D-09-PCO2WB103,pco2w_b_seawater,pco2w_b_seawater,,,L1,uatm,CE02SHBP,LJ01D,PCO2W
CE02SHBP-LJ01D-09-PCO2WB103,pco2w_b_absorbance_blank_434,pco2w_b_absorbance_blank_434,,,L0,1,CE02SHBP,LJ01D,PCO2W
CE02SHBP-LJ01D-09-PCO2WB103,pco2w_b_absorbance_blank_620,pco2w_b_absorbance_blank_620,,,L0,1,CE02SHBP,LJ01D,PCO2W
CE02SHBP-LJ01D-09-PCO2WB103,power_on_invalid,power_on_invalid,,,ENG,1,CE02SHBP,LJ01D,PCO2W
CE02SHBP-LJ01D-09-PCO2WB103,launch_time,launch_time,,,ENG,seconds since 1904-01-01,CE02SHBP,LJ01D,PCO2W
CE02SHBP-LJ01D-09-PCO2WB103,start_time_offset,start_time_offset,,,ENG,s,CE02SHBP,LJ01D,PCO2W
CE02SHBP-LJ01D-09-PCO2WB103,recording_time,recording_time,,,ENG,s,CE02SHBP,LJ01D,PCO2W
CE02SHBP-LJ01D-09-PCO2WB103,pmi_sample_schedule,pmi_sample_schedule,,,ENG,1,CE02SHBP,LJ01D,PCO2W
CE02SHBP-LJ01D-09-PCO2WB103,sami_sample_schedule,sami_sample_schedule,,,ENG,1,CE02SHBP,LJ01D,PCO2W
CE02SHBP-LJ01D-09-PCO2WB103,slot1_follows_sami_sample,slot1_follows_sami_sample,,,ENG,1,CE02SHBP,LJ01D,PCO2W
CE02SHBP-LJ01D-09-PCO2WB103,slot1_independent_schedule,slot1_independent_schedule,,,ENG,1,CE02SHBP,LJ01D,PCO2W
CE02SHBP-LJ01D-09-PCO2WB103,slot2_follows_sami_sample,slot2_follows_sami_sample,,,ENG,1,CE02SHBP,LJ01D,PCO2W
CE02SHBP-LJ01D-09-PCO2WB103,slot2_independent_schedule,slot2_independent_schedule,,,ENG,1,CE02SHBP,LJ01D,PCO2W
CE02SHBP-LJ01D-09-PCO2WB103,slot3_follows_sami_sample,slot3_follows_sami_sample,,,ENG,1,CE02SHBP,LJ01D,PCO2W
CE02SHBP-LJ01D-09-PCO2WB103,slot3_independent_schedule,slot3_independent_schedule,,,ENG,1,CE02SHBP,LJ01D,PCO2W
CE02SHBP-LJ01D-09-PCO2WB103,timer_interval_sami,timer_interval_sami,,,ENG,s,CE02SHBP,LJ01D,PCO2W
CE02SHBP-LJ01D-09-PCO2WB103,driver_id_sami,driver_id_sami,,,ENG,1,CE02SHBP,LJ01D,PCO2W
CE02SHBP-LJ01D-09-PCO2WB103,parameter_pointer_sami,parameter_pointer_sami,,,ENG,1,CE02SHBP,LJ01D,PCO2W
CE02SHBP-LJ01D-09-PCO2WB103,timer_interval_device1,timer_interval_device1,,,ENG,s,CE02SHBP,LJ01D,PCO2W
CE02SHBP-LJ01D-09-PCO2WB103,driver_id_device1,driver_id_device1,,,ENG,1,CE02SHBP,LJ01D,PCO2W
CE02SHBP-LJ01D-09-PCO2WB103,parameter_pointer_device1,parameter_pointer_device1,,,ENG,1,CE02SHBP,LJ01D,PCO2W
CE02SHBP-LJ01D-09-PCO2WB103,timer_interval_device2,timer_interval_device2,,,ENG,s,CE02SHBP,LJ01D,PCO2W
CE02SHBP-LJ01D-09-PCO2WB103,driver_id_device2,driver_id_device2,,,ENG,1,CE02SHBP,LJ01D,PCO2W
CE02SHBP-LJ01D-09-PCO2WB103,parameter_pointer_device2,parameter_pointer_device2,,,ENG,1,CE02SHBP,LJ01D,PCO2W
CE02SHBP-LJ01D-09-PCO2WB103,timer_interval_device3,timer_interval_device3,,,ENG,s,CE02SHBP,LJ01D,PCO2W
CE02SHBP-LJ01D-09-PCO2WB103,driver_id_device3,driver_id_device3,,,ENG,1,CE02SHBP,LJ01D,PCO2W
CE02SHBP-LJ01D-09-PCO2WB103,parameter_pointer_device3,parameter_pointer_device3,,,ENG,1,CE02SHBP,LJ01D,PCO2W
CE02SHBP-LJ01D-09-PCO2WB103,timer_interval_prestart,timer_interval_prestart,,,ENG,s,CE02SHBP,LJ01D,PCO2W
CE02SHBP-LJ01D-09-PCO2WB103,driver_id_prestart,driver_id_prestart,,,ENG,1,CE02SHBP,LJ01D,PCO2W
CE02SHBP-LJ01D-09-PCO2WB103,parameter_pointer_prestart,parameter_pointer_prestart,,,ENG,1,CE02SHBP,LJ01D,PCO2W
CE02SHBP-LJ01D-09-PCO2WB103,use_baud_rate_57600,use_baud_rate_57600,,,ENG,1,CE02SHBP,LJ01D,PCO2W
CE02SHBP-LJ01D-09-PCO2WB103,send_record_type,send_record_type,,,ENG,1,CE02SHBP,LJ01D,PCO2W
CE02SHBP-LJ01D-09-PCO2WB103,send_live_records,send_live_records,,,ENG,1,CE02SHBP,LJ01D,PCO2W
CE02SHBP-LJ01D-09-PCO2WB103,extend_global_config,extend_global_config,,,ENG,1,CE02SHBP,LJ01D,PCO2W
CE02SHBP-LJ01D-09-PCO2WB103,pump_pulse,pump_pulse,,,ENG,s,CE02SHBP,LJ01D,PCO2W
CE02SHBP-LJ01D-09-PCO2WB103,pump_on_to_measure,pump_on_to_measure,,,ENG,s,CE02SHBP,LJ01D,PCO2W
CE02SHBP-LJ01D-09-PCO2WB103,samples_per_measure,samples_per_measure,,,ENG,counts,CE02SHBP,LJ01D,PCO2W
CE02SHBP-LJ01D-09-PCO2WB103,cycles_between_blanks,cycles_between_blanks,,,ENG,counts,CE02SHBP,LJ01D,PCO2W
CE02SHBP-LJ01D-09-PCO2WB103,num_reagent_cycles,num_reagent_cycles,,,ENG,counts,CE02SHBP,LJ01D,PCO2W
CE02SHBP-LJ01D-09-PCO2WB103,num_blank_cycles,num_blank_cycles,,,ENG,counts,CE02SHBP,LJ01D,PCO2W
CE02SHBP-LJ01D-09-PCO2WB103,flush_pump_interval,flush_pump_interval,,,ENG,s,CE02SHBP,LJ01D,PCO2W
CE02SHBP-LJ01D-09-PCO2WB103,disable_start_blank_flush,disable_start_blank_flush,,,ENG,1,CE02SHBP,LJ01D,PCO2W
CE02SHBP-LJ01D-09-PCO2WB103,measure_after_pump_pulse,measure_after_pump_pulse,,,ENG,1,CE02SHBP,LJ01D,PCO2W
CE02SHBP-LJ01D-09-PCO2WB103,time,time,,,ENG,seconds since 1900-01-01,CE02SHBP,LJ01D,PCO2W
CE02SHBP-LJ01D-09-PCO2WB103,ingestion_timestamp,ingestion_timestamp,,,ENG,seconds since 1900-01-01,CE02SHBP,LJ01D,PCO2W
CE02SHBP-LJ01D-09-PCO2WB103,cycle_rate,cycle_rate,,,ENG,s,CE02SHBP,LJ01D,PCO2W
CE02SHBP-LJ01D-09-PCO2WB103,absorbance_ratio_434,absorbance_ratio_434,0,100000,L0,counts,CE02SHBP,LJ01D,PCO2W
CE02SHBP-LJ01D-09-PCO2WB103,absorbance_ratio_620,absorbance_ratio_620,0,100000,L0,counts,CE02SHBP,LJ01D,PCO2W
CE02SHBP-LJ01D-09-PCO2WB103,pco2w_thermistor_temperature,pco2w_thermistor_temperature,-2,40,L1,deg_C,CE02SHBP,LJ01D,PCO2W
CE02SHBP-LJ01D-10-PHSEND103,port_timestamp,port_timestamp,,,ENG,seconds since 1900-01-01,CE02SHBP,LJ01D,PHSEN
CE02SHBP-LJ01D-10-PHSEND103,driver_timestamp,driver_timestamp,,,ENG,seconds since 1900-01-01,CE02SHBP,LJ01D,PHSEN
CE02SHBP-LJ01D-10-PHSEND103,external_device2_fault,external_device2_fault,,,ENG,1,CE02SHBP,LJ01D,PHSEN
CE02SHBP-LJ01D-10-PHSEND103,external_device3_fault,external_device3_fault,,,ENG,1,CE02SHBP,LJ01D,PHSEN
CE02SHBP-LJ01D-10-PHSEND103,num_data_records,num_data_records,,,ENG,1,CE02SHBP,LJ01D,PHSEN
CE02SHBP-LJ01D-10-PHSEND103,num_error_records,num_error_records,,,ENG,1,CE02SHBP,LJ01D,PHSEN
CE02SHBP-LJ01D-10-PHSEND103,num_bytes_stored,num_bytes_stored,,,ENG,bytes,CE02SHBP,LJ01D,PHSEN
CE02SHBP-LJ01D-10-PHSEND103,number_samples_averaged,number_samples_averaged,,,ENG,counts,CE02SHBP,LJ01D,PHSEN
CE02SHBP-LJ01D-10-PHSEND103,number_flushes,number_flushes,,,ENG,counts,CE02SHBP,LJ01D,PHSEN
CE02SHBP-LJ01D-10-PHSEND103,pump_on_flush,pump_on_flush,,,ENG,counts,CE02SHBP,LJ01D,PHSEN
CE02SHBP-LJ01D-10-PHSEND103,pump_off_flush,pump_off_flush,,,ENG,counts,CE02SHBP,LJ01D,PHSEN
CE02SHBP-LJ01D-10-PHSEND103,number_reagent_pumps,number_reagent_pumps,,,ENG,counts,CE02SHBP,LJ01D,PHSEN
CE02SHBP-LJ01D-10-PHSEND103,valve_delay,valve_delay,,,ENG,counts,CE02SHBP,LJ01D,PHSEN
CE02SHBP-LJ01D-10-PHSEND103,pump_on_ind,pump_on_ind,,,ENG,counts,CE02SHBP,LJ01D,PHSEN
CE02SHBP-LJ01D-10-PHSEND103,pv_off_ind,pv_off_ind,,,ENG,counts,CE02SHBP,LJ01D,PHSEN
CE02SHBP-LJ01D-10-PHSEND103,number_blanks,number_blanks,,,ENG,counts,CE02SHBP,LJ01D,PHSEN
CE02SHBP-LJ01D-10-PHSEND103,pump_measure_t,pump_measure_t,,,ENG,counts,CE02SHBP,LJ01D,PHSEN
CE02SHBP-LJ01D-10-PHSEND103,pump_off_to_measure,pump_off_to_measure,,,ENG,counts,CE02SHBP,LJ01D,PHSEN
CE02SHBP-LJ01D-10-PHSEND103,measure_to_pump_on,measure_to_pump_on,,,ENG,counts,CE02SHBP,LJ01D,PHSEN
CE02SHBP-LJ01D-10-PHSEND103,number_measurements,number_measurements,,,ENG,counts,CE02SHBP,LJ01D,PHSEN
CE02SHBP-LJ01D-10-PHSEND103,salinity_delay,salinity_delay,,,ENG,counts,CE02SHBP,LJ01D,PHSEN
CE02SHBP-LJ01D-10-PHSEND103,internal_timestamp,internal_timestamp,,,ENG,seconds since 1900-01-01,CE02SHBP,LJ01D,PHSEN
CE02SHBP-LJ01D-10-PHSEND103,pco2w_battery_voltage,pco2w_battery_voltage,,,ENG,counts,CE02SHBP,LJ01D,PHSEN
CE02SHBP-LJ01D-10-PHSEND103,pco2w_thermistor_voltage,pco2w_thermistor_voltage,,,ENG,counts,CE02SHBP,LJ01D,PHSEN
CE02SHBP-LJ01D-10-PHSEND103,phsen_battery_volts,phsen_battery_volts,,,ENG,V,CE02SHBP,LJ01D,PHSEN
CE02SHBP-LJ01D-10-PHSEND103,ph_light_measurements,ph_light_measurements,,,ENG,counts,CE02SHBP,LJ01D,PHSEN
CE02SHBP-LJ01D-10-PHSEND103,checksum,checksum,,,ENG,1,CE02SHBP,LJ01D,PHSEN
CE02SHBP-LJ01D-10-PHSEND103,unique_id,unique_id,,,ENG,1,CE02SHBP,LJ01D,PHSEN
CE02SHBP-LJ01D-10-PHSEND103,record_length,record_length,,,ENG,1,CE02SHBP,LJ01D,PHSEN
CE02SHBP-LJ01D-10-PHSEND103,record_type,record_type,,,ENG,1,CE02SHBP,LJ01D,PHSEN
CE02SHBP-LJ01D-10-PHSEND103,record_time,record_time,,,ENG,seconds since 1904-01-01,CE02SHBP,LJ01D,PHSEN
CE02SHBP-LJ01D-10-PHSEND103,voltage_battery,voltage_battery,,,ENG,counts,CE02SHBP,LJ01D,PHSEN
CE02SHBP-LJ01D-10-PHSEND103,elapsed_time_config,elapsed_time_config,,,ENG,s,CE02SHBP,LJ01D,PHSEN
CE02SHBP-LJ01D-10-PHSEND103,clock_active,clock_active,,,ENG,1,CE02SHBP,LJ01D,PHSEN
CE02SHBP-LJ01D-10-PHSEND103,recording_active,recording_active,,,ENG,1,CE02SHBP,LJ01D,PHSEN
CE02SHBP-LJ01D-10-PHSEND103,record_end_on_time,record_end_on_time,,,ENG,1,CE02SHBP,LJ01D,PHSEN
CE02SHBP-LJ01D-10-PHSEND103,record_memory_full,record_memory_full,,,ENG,1,CE02SHBP,LJ01D,PHSEN
CE02SHBP-LJ01D-10-PHSEND103,record_end_on_error,record_end_on_error,,,ENG,1,CE02SHBP,LJ01D,PHSEN
CE02SHBP-LJ01D-10-PHSEND103,data_download_ok,data_download_ok,,,ENG,1,CE02SHBP,LJ01D,PHSEN
CE02SHBP-LJ01D-10-PHSEND103,flash_memory_open,flash_memory_open,,,ENG,1,CE02SHBP,LJ01D,PHSEN
CE02SHBP-LJ01D-10-PHSEND103,battery_low_prestart,battery_low_prestart,,,ENG,1,CE02SHBP,LJ01D,PHSEN
CE02SHBP-LJ01D-10-PHSEND103,battery_low_measurement,battery_low_measurement,,,ENG,1,CE02SHBP,LJ01D,PHSEN
CE02SHBP-LJ01D-10-PHSEND103,battery_low_bank,battery_low_bank,,,ENG,1,CE02SHBP,LJ01D,PHSEN
CE02SHBP-LJ01D-10-PHSEND103,battery_low_external,battery_low_external,,,ENG,1,CE02SHBP,LJ01D,PHSEN
CE02SHBP-LJ01D-10-PHSEND103,external_device1_fault,external_device1_fault,,,ENG,1,CE02SHBP,LJ01D,PHSEN
CE02SHBP-LJ01D-10-PHSEND103,flash_erased,flash_erased,,,ENG,1,CE02SHBP,LJ01D,PHSEN
CE02SHBP-LJ01D-10-PHSEND103,power_on_invalid,power_on_invalid,,,ENG,1,CE02SHBP,LJ01D,PHSEN
CE02SHBP-LJ01D-10-PHSEND103,launch_time,launch_time,,,ENG,seconds since 1904-01-01,CE02SHBP,LJ01D,PHSEN
CE02SHBP-LJ01D-10-PHSEND103,start_time_offset,start_time_offset,,,ENG,s,CE02SHBP,LJ01D,PHSEN
CE02SHBP-LJ01D-10-PHSEND103,recording_time,recording_time,,,ENG,s,CE02SHBP,LJ01D,PHSEN
CE02SHBP-LJ01D-10-PHSEND103,pmi_sample_schedule,pmi_sample_schedule,,,ENG,1,CE02SHBP,LJ01D,PHSEN
CE02SHBP-LJ01D-10-PHSEND103,sami_sample_schedule,sami_sample_schedule,,,ENG,1,CE02SHBP,LJ01D,PHSEN
CE02SHBP-LJ01D-10-PHSEND103,slot1_follows_sami_sample,slot1_follows_sami_sample,,,ENG,1,CE02SHBP,LJ01D,PHSEN
CE02SHBP-LJ01D-10-PHSEND103,slot1_independent_schedule,slot1_independent_schedule,,,ENG,1,CE02SHBP,LJ01D,PHSEN
CE02SHBP-LJ01D-10-PHSEND103,slot2_follows_sami_sample,slot2_follows_sami_sample,,,ENG,1,CE02SHBP,LJ01D,PHSEN
CE02SHBP-LJ01D-10-PHSEND103,slot2_independent_schedule,slot2_independent_schedule,,,ENG,1,CE02SHBP,LJ01D,PHSEN
CE02SHBP-LJ01D-10-PHSEND103,slot3_follows_sami_sample,slot3_follows_sami_sample,,,ENG,1,CE02SHBP,LJ01D,PHSEN
CE02SHBP-LJ01D-10-PHSEND103,slot3_independent_schedule,slot3_independent_schedule,,,ENG,1,CE02SHBP,LJ01D,PHSEN
CE02SHBP-LJ01D-10-PHSEND103,timer_interval_sami,timer_interval_sami,,,ENG,s,CE02SHBP,LJ01D,PHSEN
CE02SHBP-LJ01D-10-PHSEND103,driver_id_sami,driver_id_sami,,,ENG,1,CE02SHBP,LJ01D,PHSEN
CE02SHBP-LJ01D-10-PHSEND103,parameter_pointer_sami,parameter_pointer_sami,,,ENG,1,CE02SHBP,LJ01D,PHSEN
CE02SHBP-LJ01D-10-PHSEND103,timer_interval_device1,timer_interval_device1,,,ENG,s,CE02SHBP,LJ01D,PHSEN
CE02SHBP-LJ01D-10-PHSEND103,driver_id_device1,driver_id_device1,,,ENG,1,CE02SHBP,LJ01D,PHSEN
CE02SHBP-LJ01D-10-PHSEND103,parameter_pointer_device1,parameter_pointer_device1,,,ENG,1,CE02SHBP,LJ01D,PHSEN
CE02SHBP-LJ01D-10-PHSEND103,timer_interval_device2,timer_interval_device2,,,ENG,s,CE02SHBP,LJ01D,PHSEN
CE02SHBP-LJ01D-10-PHSEND103,driver_id_device2,driver_id_device2,,,ENG,1,CE02SHBP,LJ01D,PHSEN
CE02SHBP-LJ01D-10-PHSEND103,parameter_pointer_device2,parameter_pointer_device2,,,ENG,1,CE02SHBP,LJ01D,PHSEN
CE02SHBP-LJ01D-10-PHSEND103,timer_interval_device3,timer_interval_device3,,,ENG,s,CE02SHBP,LJ01D,PHSEN
CE02SHBP-LJ01D-10-PHSEND103,driver_id_device3,driver_id_device3,,,ENG,1,CE02SHBP,LJ01D,PHSEN
CE02SHBP-LJ01D-10-PHSEND103,parameter_pointer_device3,parameter_pointer_device3,,,ENG,1,CE02SHBP,LJ01D,PHSEN
CE02SHBP-LJ01D-10-PHSEND103,timer_interval_prestart,timer_interval_prestart,,,ENG,s,CE02SHBP,LJ01D,PHSEN
CE02SHBP-LJ01D-10-PHSEND103,driver_id_prestart,driver_id_prestart,,,ENG,1,CE02SHBP,LJ01D,PHSEN
CE02SHBP-LJ01D-10-PHSEND103,parameter_pointer_prestart,parameter_pointer_prestart,,,ENG,1,CE02SHBP,LJ01D,PHSEN
CE02SHBP-LJ01D-10-PHSEND103,use_baud_rate_57600,use_baud_rate_57600,,,ENG,1,CE02SHBP,LJ01D,PHSEN
CE02SHBP-LJ01D-10-PHSEND103,send_record_type,send_record_type,,,ENG,1,CE02SHBP,LJ01D,PHSEN
CE02SHBP-LJ01D-10-PHSEND103,send_live_records,send_live_records,,,ENG,1,CE02SHBP,LJ01D,PHSEN
CE02SHBP-LJ01D-10-PHSEND103,extend_global_config,extend_global_config,,,ENG,1,CE02SHBP,LJ01D,PHSEN
CE02SHBP-LJ01D-10-PHSEND103,time,time,,,ENG,seconds since 1900-01-01,CE02SHBP,LJ01D,PHSEN
CE02SHBP-LJ01D-10-PHSEND103,ingestion_timestamp,ingestion_timestamp,,,ENG,seconds since 1900-01-01,CE02SHBP,LJ01D,PHSEN
CE02SHBP-LJ01D-10-PHSEND103,thermistor_start,thermistor_start,,,ENG,counts,CE02SHBP,LJ01D,PHSEN
CE02SHBP-LJ01D-10-PHSEND103,reference_light_measurements,reference_light_measurements,,,ENG,counts,CE02SHBP,LJ01D,PHSEN
CE02SHBP-LJ01D-10-PHSEND103,thermistor_end,thermistor_end,,,L0,counts,CE02SHBP,LJ01D,PHSEN
CE02SHBP-LJ01D-10-PHSEND103,signal_intensity_434,signal_intensity_434,,,L0,counts,CE02SHBP,LJ01D,PHSEN
CE02SHBP-LJ01D-10-PHSEND103,signal_intensity_578,signal_intensity_578,,,L0,counts,CE02SHBP,LJ01D,PHSEN
CE02SHBP-LJ01D-10-PHSEND103,phsen_thermistor_temperature,phsen_thermistor_temperature,,,L1,deg_C,CE02SHBP,LJ01D,PHSEN
CE02SHBP-LJ01D-10-PHSEND103,ph_seawater,ph_seawater,7.3,8.5,L1,1,CE02SHBP,LJ01D,PHSEN
CE02SHBP-MJ01C-07-ZPLSCB101,,,,,L1,(echogram),CE02SHBP,MJ01C,ZPLSC
CE02SHBP-MJ01C-07-ZPLSCB101,echograms,echograms,,,,,CE02SHBP,MJ01C,ZPLSC
CE02SHBP-MJ01C-07-ZPLSCB101,raw data,raw data,,,,,CE02SHBP,MJ01C,ZPLSC
CE02SHBP-MJ01C-07-ZPLSCB101,port_timestamp,port_timestamp,,,,seconds since 1900-01-01,CE02SHBP,MJ01C,ZPLSC
CE02SHBP-MJ01C-07-ZPLSCB101,driver_timestamp,driver_timestamp,,,,seconds since 1900-01-01,CE02SHBP,MJ01C,ZPLSC
CE02SHBP-MJ01C-07-ZPLSCB101,driver_timestamp,driver_timestamp,,,ENG,seconds since 1900-01-01,CE02SHBP,MJ01C,ZPLSC
CE02SHBP-MJ01C-07-ZPLSCB101,internal_timestamp,internal_timestamp,,,,seconds since 1900-01-01,CE02SHBP,MJ01C,ZPLSC
CE02SHBP-MJ01C-07-ZPLSCB101,internal_timestamp,internal_timestamp,,,ENG,seconds since 1900-01-01,CE02SHBP,MJ01C,ZPLSC
CE02SHBP-MJ01C-07-ZPLSCB101,preferred_timestamp,preferred_timestamp,,,,1,CE02SHBP,MJ01C,ZPLSC
CE02SHBP-MJ01C-07-ZPLSCB101,preferred_timestamp,preferred_timestamp,,,ENG,1,CE02SHBP,MJ01C,ZPLSC
CE02SHBP-MJ01C-07-ZPLSCB101,zplsc_connected,zplsc_connected,,,,,CE02SHBP,MJ01C,ZPLSC
CE02SHBP-MJ01C-07-ZPLSCB101,zplsc_active_38k_mode,zplsc_active_38k_mode,,,,,CE02SHBP,MJ01C,ZPLSC
CE02SHBP-MJ01C-07-ZPLSCB101,zplsc_active_38k_power,zplsc_active_38k_power,,,,W,CE02SHBP,MJ01C,ZPLSC
CE02SHBP-MJ01C-07-ZPLSCB101,zplsc_active_38k_pulse_length,zplsc_active_38k_pulse_length,,,,sec,CE02SHBP,MJ01C,ZPLSC
CE02SHBP-MJ01C-07-ZPLSCB101,zplsc_active_38k_sample_interval,zplsc_active_38k_sample_interval,,,,sec,CE02SHBP,MJ01C,ZPLSC
CE02SHBP-MJ01C-07-ZPLSCB101,zplsc_active_120k_mode,zplsc_active_120k_mode,,,,,CE02SHBP,MJ01C,ZPLSC
CE02SHBP-MJ01C-07-ZPLSCB101,zplsc_active_120k_power,zplsc_active_120k_power,,,,W,CE02SHBP,MJ01C,ZPLSC
CE02SHBP-MJ01C-07-ZPLSCB101,zplsc_active_120k_pulse_length,zplsc_active_120k_pulse_length,,,,sec,CE02SHBP,MJ01C,ZPLSC
CE02SHBP-MJ01C-07-ZPLSCB101,zplsc_active_120k_sample_interval,zplsc_active_120k_sample_interval,,,,sec,CE02SHBP,MJ01C,ZPLSC
CE02SHBP-MJ01C-07-ZPLSCB101,zplsc_active_200k_mode,zplsc_active_200k_mode,,,,,CE02SHBP,MJ01C,ZPLSC
CE02SHBP-MJ01C-07-ZPLSCB101,zplsc_active_200k_power,zplsc_active_200k_power,,,,W,CE02SHBP,MJ01C,ZPLSC
CE02SHBP-MJ01C-07-ZPLSCB101,zplsc_active_200k_pulse_length,zplsc_active_200k_pulse_length,,,,sec,CE02SHBP,MJ01C,ZPLSC
CE02SHBP-MJ01C-07-ZPLSCB101,zplsc_active_200k_sample_interval,zplsc_active_200k_sample_interval,,,,sec,CE02SHBP,MJ01C,ZPLSC
CE02SHBP-MJ01C-07-ZPLSCB101,zplsc_current_utc_time,zplsc_current_utc_time,,,,,CE02SHBP,MJ01C,ZPLSC
CE02SHBP-MJ01C-07-ZPLSCB101,zplsc_executable,zplsc_executable,,,,,CE02SHBP,MJ01C,ZPLSC
CE02SHBP-MJ01C-07-ZPLSCB101,zplsc_fs_root,zplsc_fs_root,,,,,CE02SHBP,MJ01C,ZPLSC
CE02SHBP-MJ01C-07-ZPLSCB101,zplsc_next_scheduled_interval,zplsc_next_scheduled_interval,,,,,CE02SHBP,MJ01C,ZPLSC
CE02SHBP-MJ01C-07-ZPLSCB101,zplsc_host,zplsc_host,,,,,CE02SHBP,MJ01C,ZPLSC
CE02SHBP-MJ01C-07-ZPLSCB101,zplsc_pid,zplsc_pid,,,,,CE02SHBP,MJ01C,ZPLSC
CE02SHBP-MJ01C-07-ZPLSCB101,zplsc_port,zplsc_port,,,,,CE02SHBP,MJ01C,ZPLSC
CE02SHBP-MJ01C-07-ZPLSCB101,zplsc_current_raw_filename,zplsc_current_raw_filename,,,,,CE02SHBP,MJ01C,ZPLSC
CE02SHBP-MJ01C-07-ZPLSCB101,zplsc_current_raw_filesize,zplsc_current_raw_filesize,,,,bytes,CE02SHBP,MJ01C,ZPLSC
CE02SHBP-MJ01C-07-ZPLSCB101,zplsc_file_path,zplsc_file_path,,,,,CE02SHBP,MJ01C,ZPLSC
CE02SHBP-MJ01C-07-ZPLSCB101,zplsc_file_prefix,zplsc_file_prefix,,,,,CE02SHBP,MJ01C,ZPLSC
CE02SHBP-MJ01C-07-ZPLSCB101,zplsc_max_file_size,zplsc_max_file_size,,,,,CE02SHBP,MJ01C,ZPLSC
CE02SHBP-MJ01C-07-ZPLSCB101,zplsc_sample_range,zplsc_sample_range,,,,,CE02SHBP,MJ01C,ZPLSC
CE02SHBP-MJ01C-07-ZPLSCB101,zplsc_save_bottom,zplsc_save_bottom,,,,,CE02SHBP,MJ01C,ZPLSC
CE02SHBP-MJ01C-07-ZPLSCB101,zplsc_save_index,zplsc_save_index,,,,,CE02SHBP,MJ01C,ZPLSC
CE02SHBP-MJ01C-07-ZPLSCB101,zplsc_save_raw,zplsc_save_raw,,,,,CE02SHBP,MJ01C,ZPLSC
CE02SHBP-MJ01C-07-ZPLSCB101,zplsc_scheduled_intervals_remaining,zplsc_scheduled_intervals_remaining,,,,,CE02SHBP,MJ01C,ZPLSC
CE02SHBP-MJ01C-07-ZPLSCB101,zplsc_gpts_enabled,zplsc_gpts_enabled,,,,,CE02SHBP,MJ01C,ZPLSC
CE02SHBP-MJ01C-07-ZPLSCB101,zplsc_schedule_filename,zplsc_schedule_filename,,,,,CE02SHBP,MJ01C,ZPLSC
CE02SHBP-MJ01C-07-ZPLSCB101,zplsc_timestamp,zplsc_timestamp,,,,1,CE02SHBP,MJ01C,ZPLSC
CE02SHBP-MJ01C-07-ZPLSCB101,zplsc_timestamp,zplsc_timestamp,,,AUX,1,CE02SHBP,MJ01C,ZPLSC
CE02SHBP-MJ01C-07-ZPLSCB101,zplsc_transducer_depth,zplsc_transducer_depth,,,,m,CE02SHBP,MJ01C,ZPLSC
CE02SHBP-MJ01C-07-ZPLSCB101,zplsc_transducer_depth,zplsc_transducer_depth,,,AUX,m,CE02SHBP,MJ01C,ZPLSC
CE02SHBP-MJ01C-07-ZPLSCB101,zplsc_frequency,zplsc_frequency,,,,Hz,CE02SHBP,MJ01C,ZPLSC
CE02SHBP-MJ01C-07-ZPLSCB101,zplsc_frequency,zplsc_frequency,,,AUX,Hz,CE02SHBP,MJ01C,ZPLSC
CE02SHBP-MJ01C-07-ZPLSCB101,zplsc_transmit_power,zplsc_transmit_power,,,,W,CE02SHBP,MJ01C,ZPLSC
CE02SHBP-MJ01C-07-ZPLSCB101,zplsc_transmit_power,zplsc_transmit_power,,,AUX,W,CE02SHBP,MJ01C,ZPLSC
CE02SHBP-MJ01C-07-ZPLSCB101,zplsc_pulse_length,zplsc_pulse_length,,,,sec,CE02SHBP,MJ01C,ZPLSC
CE02SHBP-MJ01C-07-ZPLSCB101,zplsc_pulse_length,zplsc_pulse_length,,,AUX,sec,CE02SHBP,MJ01C,ZPLSC
CE02SHBP-MJ01C-07-ZPLSCB101,zplsc_bandwidth,zplsc_bandwidth,,,,Hz,CE02SHBP,MJ01C,ZPLSC
CE02SHBP-MJ01C-07-ZPLSCB101,zplsc_bandwidth,zplsc_bandwidth,,,AUX,Hz,CE02SHBP,MJ01C,ZPLSC
CE02SHBP-MJ01C-07-ZPLSCB101,zplsc_sample_interval,zplsc_sample_interval,,,,sec,CE02SHBP,MJ01C,ZPLSC
CE02SHBP-MJ01C-07-ZPLSCB101,zplsc_sample_interval,zplsc_sample_interval,,,AUX,sec,CE02SHBP,MJ01C,ZPLSC
CE02SHBP-MJ01C-07-ZPLSCB101,zplsc_sound_velocity,zplsc_sound_velocity,,,,m s-1,CE02SHBP,MJ01C,ZPLSC
CE02SHBP-MJ01C-07-ZPLSCB101,zplsc_sound_velocity,zplsc_sound_velocity,,,AUX,m s-1,CE02SHBP,MJ01C,ZPLSC
CE02SHBP-MJ01C-07-ZPLSCB101,zplsc_absorption_coeff,zplsc_absorption_coeff,,,,dB m-1,CE02SHBP,MJ01C,ZPLSC
CE02SHBP-MJ01C-07-ZPLSCB101,zplsc_absorption_coeff,zplsc_absorption_coeff,,,AUX,dB m-1,CE02SHBP,MJ01C,ZPLSC
CE02SHBP-MJ01C-07-ZPLSCB101,zplsc_temperature,zplsc_temperature,,,,deg_C,CE02SHBP,MJ01C,ZPLSC
CE02SHBP-MJ01C-07-ZPLSCB101,zplsc_temperature,zplsc_temperature,,,AUX,deg_C,CE02SHBP,MJ01C,ZPLSC
CE02SHBP-MJ01C-07-ZPLSCB101,zplsc_echogram,zplsc_echogram,,,,1,CE02SHBP,MJ01C,ZPLSC
CE02SHBP-MJ01C-07-ZPLSCB101,zplsc_channel,zplsc_channel,,,,1,CE02SHBP,MJ01C,ZPLSC
CE02SHBP-MJ01C-07-ZPLSCB101,zplsc_channel,zplsc_channel,,,AUX,1,CE02SHBP,MJ01C,ZPLSC
CE02SHBP-MJ01C-07-ZPLSCB101,time,time,,,,seconds since 1900-01-01,CE02SHBP,MJ01C,ZPLSC
CE02SHBP-MJ01C-07-ZPLSCB101,time,time,,,ENG,seconds since 1900-01-01,CE02SHBP,MJ01C,ZPLSC
CE02SHBP-MJ01C-07-ZPLSCB101,ingestion_timestamp,ingestion_timestamp,,,,seconds since 1900-01-01,CE02SHBP,MJ01C,ZPLSC
CE02SHBP-MJ01C-08-CAMDSB107,,,,,,,CE02SHBP,MJ01C,CAMDS
CE02SHBP-MJ01C-08-CAMDSB107,port_timestamp,port_timestamp,,,ENG,seconds since 1900-01-01,CE02SHBP,MJ01C,CAMDS
CE02SHBP-MJ01C-08-CAMDSB107,driver_timestamp,driver_timestamp,,,ENG,seconds since 1900-01-01,CE02SHBP,MJ01C,CAMDS
CE02SHBP-MJ01C-08-CAMDSB107,internal_timestamp,internal_timestamp,,,ENG,seconds since 1900-01-01,CE02SHBP,MJ01C,CAMDS
CE02SHBP-MJ01C-08-CAMDSB107,preferred_timestamp,preferred_timestamp,,,ENG,1,CE02SHBP,MJ01C,CAMDS
CE02SHBP-MJ01C-08-CAMDSB107,camds_pan_position,camds_pan_position,,,,degrees,CE02SHBP,MJ01C,CAMDS
CE02SHBP-MJ01C-08-CAMDSB107,camds_tilt_position,camds_tilt_position,,,,degrees,CE02SHBP,MJ01C,CAMDS
CE02SHBP-MJ01C-08-CAMDSB107,camds_focus_position,camds_focus_position,,,,1,CE02SHBP,MJ01C,CAMDS
CE02SHBP-MJ01C-08-CAMDSB107,camds_zoom_position,camds_zoom_position,,,,1,CE02SHBP,MJ01C,CAMDS
CE02SHBP-MJ01C-08-CAMDSB107,camds_iris_position,camds_iris_position,,,,1,CE02SHBP,MJ01C,CAMDS
CE02SHBP-MJ01C-08-CAMDSB107,camds_gain,camds_gain,,,,1,CE02SHBP,MJ01C,CAMDS
CE02SHBP-MJ01C-08-CAMDSB107,camds_resolution,camds_resolution,,,,1,CE02SHBP,MJ01C,CAMDS
CE02SHBP-MJ01C-08-CAMDSB107,camds_brightness,camds_brightness,,,,1,CE02SHBP,MJ01C,CAMDS
CE02SHBP-MJ01C-08-CAMDSB107,camds_temp,camds_temp,,,ENG,deg_C,CE02SHBP,MJ01C,CAMDS
CE02SHBP-MJ01C-08-CAMDSB107,camds_humidity,camds_humidity,,,ENG,%,CE02SHBP,MJ01C,CAMDS
CE02SHBP-MJ01C-08-CAMDSB107,camds_error,camds_error,,,ENG,1,CE02SHBP,MJ01C,CAMDS
CE02SHBP-MJ01C-08-CAMDSB107,camds_disk_size,camds_disk_size,,,ENG,MB,CE02SHBP,MJ01C,CAMDS
CE02SHBP-MJ01C-08-CAMDSB107,camds_disk_remaining,camds_disk_remaining,,,ENG,%,CE02SHBP,MJ01C,CAMDS
CE02SHBP-MJ01C-08-CAMDSB107,camds_images_remaining,camds_images_remaining,,,ENG,counts,CE02SHBP,MJ01C,CAMDS
CE02SHBP-MJ01C-08-CAMDSB107,camds_images_on_disk,camds_images_on_disk,,,ENG,counts,CE02SHBP,MJ01C,CAMDS
CE02SHBP-MJ01C-08-CAMDSB107,raw,raw,,,,,CE02SHBP,MJ01C,CAMDS
CE02SHBP-MJ01C-08-CAMDSB107,time,time,,,ENG,seconds since 1900-01-01,CE02SHBP,MJ01C,CAMDS
CE02SHBP-MJ01C-08-CAMDSB107,ingestion_timestamp,ingestion_timestamp,,,ENG,seconds since 1900-01-01,CE02SHBP,MJ01C,CAMDS
CE02SHSM-RID26-01-ADCPTA000,bin_depths,bin_depths,,,,m,CE02SHSM,RID26,ADCPT
CE02SHSM-RID26-01-ADCPTA000,driver_timestamp,driver_timestamp,,,ENG,seconds since 1900-01-01,CE02SHSM,RID26,ADCPT
CE02SHSM-RID26-01-ADCPTA000,ensemble_start_time_2,ensemble_start_time_2,,,,seconds since 1900-01-01,CE02SHSM,RID26,ADCPT
CE02SHSM-RID26-01-ADCPTA000,real_time_clock_2,real_time_clock_2,,,,1,CE02SHSM,RID26,ADCPT
CE02SHSM-RID26-01-ADCPTA000,internal_timestamp,internal_timestamp,,,ENG,seconds since 1900-01-01,CE02SHSM,RID26,ADCPT
CE02SHSM-RID26-01-ADCPTA000,preferred_timestamp,preferred_timestamp,,,ENG,1,CE02SHSM,RID26,ADCPT
CE02SHSM-RID26-01-ADCPTA000,sensor_available_speed,sensor_available_speed,,,,1,CE02SHSM,RID26,ADCPT
CE02SHSM-RID26-01-ADCPTA000,sysconfig_beam_angle,sysconfig_beam_angle,,,,1,CE02SHSM,RID26,ADCPT
CE02SHSM-RID26-01-ADCPTA000,sysconfig_beam_config,sysconfig_beam_config,,,,1,CE02SHSM,RID26,ADCPT
CE02SHSM-RID26-01-ADCPTA000,adcps_jln_upward_seawater_velocity2,adcps_jln_upward_seawater_velocity2,-1,1,L1,m s-1,CE02SHSM,RID26,ADCPT
CE02SHSM-RID26-01-ADCPTA000,adcps_jln_error_velocity2,adcps_jln_error_velocity2,-1,1,L1,m s-1,CE02SHSM,RID26,ADCPT
CE02SHSM-RID26-01-ADCPTA000,dcl_controller_timestamp,dcl_controller_timestamp,,,ENG,1,CE02SHSM,RID26,ADCPT
CE02SHSM-RID26-01-ADCPTA000,adcps_jln_echo_intensity_beam1,adcps_jln_echo_intensity_beam1,0,255,L1,dB,CE02SHSM,RID26,ADCPT
CE02SHSM-RID26-01-ADCPTA000,adcps_jln_echo_intensity_beam2,adcps_jln_echo_intensity_beam2,0,255,L1,dB,CE02SHSM,RID26,ADCPT
CE02SHSM-RID26-01-ADCPTA000,adcps_jln_echo_intensity_beam3,adcps_jln_echo_intensity_beam3,0,255,L1,dB,CE02SHSM,RID26,ADCPT
CE02SHSM-RID26-01-ADCPTA000,adcps_jln_echo_intensity_beam4,adcps_jln_echo_intensity_beam4,0,255,L1,dB,CE02SHSM,RID26,ADCPT
CE02SHSM-RID26-01-ADCPTA000,dcl_controller_starting_timestamp,dcl_controller_starting_timestamp,,,,1,CE02SHSM,RID26,ADCPT
CE02SHSM-RID26-01-ADCPTA000,corrected_echo_intensity_beam1,corrected_echo_intensity_beam1,0,255,L1,dB,CE02SHSM,RID26,ADCPT
CE02SHSM-RID26-01-ADCPTA000,corrected_echo_intensity_beam2,corrected_echo_intensity_beam2,0,255,L1,dB,CE02SHSM,RID26,ADCPT
CE02SHSM-RID26-01-ADCPTA000,corrected_echo_intensity_beam3,corrected_echo_intensity_beam3,0,255,L1,dB,CE02SHSM,RID26,ADCPT
CE02SHSM-RID26-01-ADCPTA000,corrected_echo_intensity_beam4,corrected_echo_intensity_beam4,0,255,L1,dB,CE02SHSM,RID26,ADCPT
CE02SHSM-RID26-01-ADCPTA000,adcpt_acfgm_dcl_eastward_earth_seawater_velocity,adcpt_acfgm_dcl_eastward_earth_seawater_velocity,-3,3,L1,m s-1,CE02SHSM,RID26,ADCPT
CE02SHSM-RID26-01-ADCPTA000,adcpt_acfgm_dcl_northward_earth_seawater_velocity,adcpt_acfgm_dcl_northward_earth_seawater_velocity,-3,3,L1,m s-1,CE02SHSM,RID26,ADCPT
CE02SHSM-RID26-01-ADCPTA000,serial_number,serial_number,,,ENG,1,CE02SHSM,RID26,ADCPT
CE02SHSM-RID26-01-ADCPTA000,adcps_jln_recovered_eastward_seawater_velocity,adcps_jln_recovered_eastward_seawater_velocity,-3,3,L1,m s-1,CE02SHSM,RID26,ADCPT
CE02SHSM-RID26-01-ADCPTA000,adcps_jln_recovered_northward_seawater_velocity,adcps_jln_recovered_northward_seawater_velocity,-3,3,L1,m s-1,CE02SHSM,RID26,ADCPT
CE02SHSM-RID26-01-ADCPTA000,firmware_version,firmware_version,,,,1,CE02SHSM,RID26,ADCPT
CE02SHSM-RID26-01-ADCPTA000,firmware_revision,firmware_revision,,,,1,CE02SHSM,RID26,ADCPT
CE02SHSM-RID26-01-ADCPTA000,sysconfig_frequency,sysconfig_frequency,,,,kHz,CE02SHSM,RID26,ADCPT
CE02SHSM-RID26-01-ADCPTA000,sysconfig_beam_pattern,sysconfig_beam_pattern,,,,1,CE02SHSM,RID26,ADCPT
CE02SHSM-RID26-01-ADCPTA000,sysconfig_sensor_config,sysconfig_sensor_config,,,,1,CE02SHSM,RID26,ADCPT
CE02SHSM-RID26-01-ADCPTA000,sysconfig_head_attached,sysconfig_head_attached,,,,1,CE02SHSM,RID26,ADCPT
CE02SHSM-RID26-01-ADCPTA000,sysconfig_vertical_orientation,sysconfig_vertical_orientation,,,,1,CE02SHSM,RID26,ADCPT
CE02SHSM-RID26-01-ADCPTA000,data_flag,data_flag,,,,1,CE02SHSM,RID26,ADCPT
CE02SHSM-RID26-01-ADCPTA000,lag_length,lag_length,,,,s,CE02SHSM,RID26,ADCPT
CE02SHSM-RID26-01-ADCPTA000,num_beams,num_beams,,,,1,CE02SHSM,RID26,ADCPT
CE02SHSM-RID26-01-ADCPTA000,num_cells,num_cells,,,,1,CE02SHSM,RID26,ADCPT
CE02SHSM-RID26-01-ADCPTA000,pings_per_ensemble,pings_per_ensemble,,,,1,CE02SHSM,RID26,ADCPT
CE02SHSM-RID26-01-ADCPTA000,cell_length,cell_length,,,,cm,CE02SHSM,RID26,ADCPT
CE02SHSM-RID26-01-ADCPTA000,blank_after_transmit,blank_after_transmit,,,,cm,CE02SHSM,RID26,ADCPT
CE02SHSM-RID26-01-ADCPTA000,signal_processing_mode,signal_processing_mode,,,,1,CE02SHSM,RID26,ADCPT
CE02SHSM-RID26-01-ADCPTA000,low_corr_threshold,low_corr_threshold,,,,counts,CE02SHSM,RID26,ADCPT
CE02SHSM-RID26-01-ADCPTA000,num_code_repetitions,num_code_repetitions,,,,counts,CE02SHSM,RID26,ADCPT
CE02SHSM-RID26-01-ADCPTA000,percent_good_min,percent_good_min,,,,percent,CE02SHSM,RID26,ADCPT
CE02SHSM-RID26-01-ADCPTA000,error_vel_threshold,error_vel_threshold,,,,mm s-1,CE02SHSM,RID26,ADCPT
CE02SHSM-RID26-01-ADCPTA000,time_per_ping_minutes,time_per_ping_minutes,,,,min,CE02SHSM,RID26,ADCPT
CE02SHSM-RID26-01-ADCPTA000,time_per_ping_seconds,time_per_ping_seconds,,,,s,CE02SHSM,RID26,ADCPT
CE02SHSM-RID26-01-ADCPTA000,coord_transform_type,coord_transform_type,,,,1,CE02SHSM,RID26,ADCPT
CE02SHSM-RID26-01-ADCPTA000,coord_transform_tilts,coord_transform_tilts,,,,1,CE02SHSM,RID26,ADCPT
CE02SHSM-RID26-01-ADCPTA000,coord_transform_beams,coord_transform_beams,,,,1,CE02SHSM,RID26,ADCPT
CE02SHSM-RID26-01-ADCPTA000,coord_transform_mapping,coord_transform_mapping,,,,1,CE02SHSM,RID26,ADCPT
CE02SHSM-RID26-01-ADCPTA000,heading_alignment,heading_alignment,,,,cdegrees,CE02SHSM,RID26,ADCPT
CE02SHSM-RID26-01-ADCPTA000,heading_bias,heading_bias,,,,cdegrees,CE02SHSM,RID26,ADCPT
CE02SHSM-RID26-01-ADCPTA000,sensor_source_speed,sensor_source_speed,,,,1,CE02SHSM,RID26,ADCPT
CE02SHSM-RID26-01-ADCPTA000,sensor_source_depth,sensor_source_depth,,,,1,CE02SHSM,RID26,ADCPT
CE02SHSM-RID26-01-ADCPTA000,sensor_source_heading,sensor_source_heading,,,,1,CE02SHSM,RID26,ADCPT
CE02SHSM-RID26-01-ADCPTA000,sensor_source_pitch,sensor_source_pitch,,,,1,CE02SHSM,RID26,ADCPT
CE02SHSM-RID26-01-ADCPTA000,sensor_source_roll,sensor_source_roll,,,,1,CE02SHSM,RID26,ADCPT
CE02SHSM-RID26-01-ADCPTA000,sensor_source_conductivity,sensor_source_conductivity,,,,1,CE02SHSM,RID26,ADCPT
CE02SHSM-RID26-01-ADCPTA000,sensor_source_temperature,sensor_source_temperature,,,,1,CE02SHSM,RID26,ADCPT
CE02SHSM-RID26-01-ADCPTA000,sensor_available_depth,sensor_available_depth,,,,1,CE02SHSM,RID26,ADCPT
CE02SHSM-RID26-01-ADCPTA000,sensor_available_heading,sensor_available_heading,,,,1,CE02SHSM,RID26,ADCPT
CE02SHSM-RID26-01-ADCPTA000,sensor_available_pitch,sensor_available_pitch,,,,1,CE02SHSM,RID26,ADCPT
CE02SHSM-RID26-01-ADCPTA000,sensor_available_roll,sensor_available_roll,,,,1,CE02SHSM,RID26,ADCPT
CE02SHSM-RID26-01-ADCPTA000,sensor_available_conductivity,sensor_available_conductivity,,,,1,CE02SHSM,RID26,ADCPT
CE02SHSM-RID26-01-ADCPTA000,sensor_available_temperature,sensor_available_temperature,,,,1,CE02SHSM,RID26,ADCPT
CE02SHSM-RID26-01-ADCPTA000,bin_1_distance,bin_1_distance,,,,cm,CE02SHSM,RID26,ADCPT
CE02SHSM-RID26-01-ADCPTA000,transmit_pulse_length,transmit_pulse_length,,,,cm,CE02SHSM,RID26,ADCPT
CE02SHSM-RID26-01-ADCPTA000,reference_layer_start,reference_layer_start,,,,1,CE02SHSM,RID26,ADCPT
CE02SHSM-RID26-01-ADCPTA000,reference_layer_stop,reference_layer_stop,,,,1,CE02SHSM,RID26,ADCPT
CE02SHSM-RID26-01-ADCPTA000,false_target_threshold,false_target_threshold,,,,counts,CE02SHSM,RID26,ADCPT
CE02SHSM-RID26-01-ADCPTA000,low_latency_trigger,low_latency_trigger,,,,1,CE02SHSM,RID26,ADCPT
CE02SHSM-RID26-01-ADCPTA000,transmit_lag_distance,transmit_lag_distance,,,,cm,CE02SHSM,RID26,ADCPT
CE02SHSM-RID26-01-ADCPTA000,cpu_board_serial_number,cpu_board_serial_number,,,,1,CE02SHSM,RID26,ADCPT
CE02SHSM-RID26-01-ADCPTA000,system_bandwidth,system_bandwidth,,,,1,CE02SHSM,RID26,ADCPT
CE02SHSM-RID26-01-ADCPTA000,system_power,system_power,,,,1,CE02SHSM,RID26,ADCPT
CE02SHSM-RID26-01-ADCPTA000,beam_angle,beam_angle,,,,degrees,CE02SHSM,RID26,ADCPT
CE02SHSM-RID26-01-ADCPTA000,ensemble_number,ensemble_number,,,,1,CE02SHSM,RID26,ADCPT
CE02SHSM-RID26-01-ADCPTA000,ensemble_number_increment,ensemble_number_increment,,,,1,CE02SHSM,RID26,ADCPT
CE02SHSM-RID26-01-ADCPTA000,bit_result_demod_1,bit_result_demod_1,,,,1,CE02SHSM,RID26,ADCPT
CE02SHSM-RID26-01-ADCPTA000,bit_result_demod_0,bit_result_demod_0,,,,1,CE02SHSM,RID26,ADCPT
CE02SHSM-RID26-01-ADCPTA000,bit_result_timing,bit_result_timing,,,,1,CE02SHSM,RID26,ADCPT
CE02SHSM-RID26-01-ADCPTA000,speed_of_sound,speed_of_sound,,,,m s-1,CE02SHSM,RID26,ADCPT
CE02SHSM-RID26-01-ADCPTA000,transducer_depth,transducer_depth,,,,dm,CE02SHSM,RID26,ADCPT
CE02SHSM-RID26-01-ADCPTA000,heading,heading,,,,cdegrees,CE02SHSM,RID26,ADCPT
CE02SHSM-RID26-01-ADCPTA000,pitch,pitch,,,,cdegrees,CE02SHSM,RID26,ADCPT
CE02SHSM-RID26-01-ADCPTA000,roll,roll,,,,cdegrees,CE02SHSM,RID26,ADCPT
CE02SHSM-RID26-01-ADCPTA000,salinity,salinity,,,,1,CE02SHSM,RID26,ADCPT
CE02SHSM-RID26-01-ADCPTA000,temperature,temperature,,,,cdeg_C,CE02SHSM,RID26,ADCPT
CE02SHSM-RID26-01-ADCPTA000,mpt_minutes,mpt_minutes,,,,min,CE02SHSM,RID26,ADCPT
CE02SHSM-RID26-01-ADCPTA000,mpt_seconds,mpt_seconds,,,,s,CE02SHSM,RID26,ADCPT
CE02SHSM-RID26-01-ADCPTA000,heading_stdev,heading_stdev,,,,degrees,CE02SHSM,RID26,ADCPT
CE02SHSM-RID26-01-ADCPTA000,pitch_stdev,pitch_stdev,,,,ddegrees,CE02SHSM,RID26,ADCPT
CE02SHSM-RID26-01-ADCPTA000,roll_stdev,roll_stdev,,,,ddegrees,CE02SHSM,RID26,ADCPT
CE02SHSM-RID26-01-ADCPTA000,adc_transmit_current,adc_transmit_current,,,,counts,CE02SHSM,RID26,ADCPT
CE02SHSM-RID26-01-ADCPTA000,adc_transmit_voltage,adc_transmit_voltage,,,,counts,CE02SHSM,RID26,ADCPT
CE02SHSM-RID26-01-ADCPTA000,adc_ambient_temp,adc_ambient_temp,,,,counts,CE02SHSM,RID26,ADCPT
CE02SHSM-RID26-01-ADCPTA000,adc_pressure_plus,adc_pressure_plus,,,,counts,CE02SHSM,RID26,ADCPT
CE02SHSM-RID26-01-ADCPTA000,adc_pressure_minus,adc_pressure_minus,,,,counts,CE02SHSM,RID26,ADCPT
CE02SHSM-RID26-01-ADCPTA000,adc_attitude_temp,adc_attitude_temp,,,,counts,CE02SHSM,RID26,ADCPT
CE02SHSM-RID26-01-ADCPTA000,adc_attitude,adc_attitude,,,,counts,CE02SHSM,RID26,ADCPT
CE02SHSM-RID26-01-ADCPTA000,adc_contamination_sensor,adc_contamination_sensor,,,,counts,CE02SHSM,RID26,ADCPT
CE02SHSM-RID26-01-ADCPTA000,bus_error_exception,bus_error_exception,,,,1,CE02SHSM,RID26,ADCPT
CE02SHSM-RID26-01-ADCPTA000,address_error_exception,address_error_exception,,,,1,CE02SHSM,RID26,ADCPT
CE02SHSM-RID26-01-ADCPTA000,illegal_instruction_exception,illegal_instruction_exception,,,,1,CE02SHSM,RID26,ADCPT
CE02SHSM-RID26-01-ADCPTA000,zero_divide_instruction,zero_divide_instruction,,,,1,CE02SHSM,RID26,ADCPT
CE02SHSM-RID26-01-ADCPTA000,emulator_exception,emulator_exception,,,,1,CE02SHSM,RID26,ADCPT
CE02SHSM-RID26-01-ADCPTA000,unassigned_exception,unassigned_exception,,,,1,CE02SHSM,RID26,ADCPT
CE02SHSM-RID26-01-ADCPTA000,watchdog_restart_occurred,watchdog_restart_occurred,,,,1,CE02SHSM,RID26,ADCPT
CE02SHSM-RID26-01-ADCPTA000,battery_saver_power,battery_saver_power,,,,1,CE02SHSM,RID26,ADCPT
CE02SHSM-RID26-01-ADCPTA000,pinging,pinging,,,,1,CE02SHSM,RID26,ADCPT
CE02SHSM-RID26-01-ADCPTA000,cold_wakeup_occurred,cold_wakeup_occurred,,,,1,CE02SHSM,RID26,ADCPT
CE02SHSM-RID26-01-ADCPTA000,time,time,,,ENG,seconds since 1900-01-01,CE02SHSM,RID26,ADCPT
CE02SHSM-RID26-01-ADCPTA000,unknown_wakeup_occurred,unknown_wakeup_occurred,,,,1,CE02SHSM,RID26,ADCPT
CE02SHSM-RID26-01-ADCPTA000,clock_read_error,clock_read_error,,,,1,CE02SHSM,RID26,ADCPT
CE02SHSM-RID26-01-ADCPTA000,unexpected_alarm,unexpected_alarm,,,,1,CE02SHSM,RID26,ADCPT
CE02SHSM-RID26-01-ADCPTA000,clock_jump_forward,clock_jump_forward,,,,1,CE02SHSM,RID26,ADCPT
CE02SHSM-RID26-01-ADCPTA000,clock_jump_backward,clock_jump_backward,,,,1,CE02SHSM,RID26,ADCPT
CE02SHSM-RID26-01-ADCPTA000,power_fail,power_fail,,,,1,CE02SHSM,RID26,ADCPT
CE02SHSM-RID26-01-ADCPTA000,spurious_dsp_interrupt,spurious_dsp_interrupt,,,,1,CE02SHSM,RID26,ADCPT
CE02SHSM-RID26-01-ADCPTA000,spurious_uart_interrupt,spurious_uart_interrupt,,,,1,CE02SHSM,RID26,ADCPT
CE02SHSM-RID26-01-ADCPTA000,spurious_clock_interrupt,spurious_clock_interrupt,,,,1,CE02SHSM,RID26,ADCPT
CE02SHSM-RID26-01-ADCPTA000,level_7_interrupt,level_7_interrupt,,,,1,CE02SHSM,RID26,ADCPT
CE02SHSM-RID26-01-ADCPTA000,pressure,pressure,,,,daPa,CE02SHSM,RID26,ADCPT
CE02SHSM-RID26-01-ADCPTA000,pressure_variance,pressure_variance,,,,daPa,CE02SHSM,RID26,ADCPT
CE02SHSM-RID26-01-ADCPTA000,water_velocity_east,water_velocity_east,,,L0,mm s-1,CE02SHSM,RID26,ADCPT
CE02SHSM-RID26-01-ADCPTA000,water_velocity_north,water_velocity_north,,,L0,mm s-1,CE02SHSM,RID26,ADCPT
CE02SHSM-RID26-01-ADCPTA000,water_velocity_up,water_velocity_up,,,L0,mm s-1,CE02SHSM,RID26,ADCPT
CE02SHSM-RID26-01-ADCPTA000,error_velocity,error_velocity,,,L0,mm s-1,CE02SHSM,RID26,ADCPT
CE02SHSM-RID26-01-ADCPTA000,correlation_magnitude_beam1,correlation_magnitude_beam1,,,,1,CE02SHSM,RID26,ADCPT
CE02SHSM-RID26-01-ADCPTA000,correlation_magnitude_beam2,correlation_magnitude_beam2,,,,1,CE02SHSM,RID26,ADCPT
CE02SHSM-RID26-01-ADCPTA000,correlation_magnitude_beam3,correlation_magnitude_beam3,,,,1,CE02SHSM,RID26,ADCPT
CE02SHSM-RID26-01-ADCPTA000,correlation_magnitude_beam4,correlation_magnitude_beam4,,,,1,CE02SHSM,RID26,ADCPT
CE02SHSM-RID26-01-ADCPTA000,echo_intensity_beam1,echo_intensity_beam1,,,L0,counts,CE02SHSM,RID26,ADCPT
CE02SHSM-RID26-01-ADCPTA000,echo_intensity_beam2,echo_intensity_beam2,,,L0,counts,CE02SHSM,RID26,ADCPT
CE02SHSM-RID26-01-ADCPTA000,echo_intensity_beam3,echo_intensity_beam3,,,L0,counts,CE02SHSM,RID26,ADCPT
CE02SHSM-RID26-01-ADCPTA000,echo_intensity_beam4,echo_intensity_beam4,,,L0,counts,CE02SHSM,RID26,ADCPT
CE02SHSM-RID26-01-ADCPTA000,percent_good_3beam,percent_good_3beam,,,,percent,CE02SHSM,RID26,ADCPT
CE02SHSM-RID26-01-ADCPTA000,percent_transforms_reject,percent_transforms_reject,,,,percent,CE02SHSM,RID26,ADCPT
CE02SHSM-RID26-01-ADCPTA000,percent_bad_beams,percent_bad_beams,,,,percent,CE02SHSM,RID26,ADCPT
CE02SHSM-RID26-01-ADCPTA000,percent_good_4beam,percent_good_4beam,,,,percent,CE02SHSM,RID26,ADCPT
CE02SHSM-RID26-01-ADCPTA000,ensemble_start_time,ensemble_start_time,,,,seconds since 1900-01-01,CE02SHSM,RID26,ADCPT
CE02SHSM-RID26-01-ADCPTA000,ingestion_timestamp,ingestion_timestamp,,,ENG,seconds since 1900-01-01,CE02SHSM,RID26,ADCPT
CE02SHSM-RID26-01-ADCPTA000,real_time_clock,real_time_clock,,,,1,CE02SHSM,RID26,ADCPT
CE02SHSM-RID26-01-ADCPTA000,upward_earth_seawater_velocity,upward_earth_seawater_velocity,-1,1,L1,m s-1,CE02SHSM,RID26,ADCPT
CE02SHSM-RID26-01-ADCPTA000,earth_error_velocity,earth_error_velocity,-1,1,L1,m s-1,CE02SHSM,RID26,ADCPT
CE02SHSM-RID26-04-VELPTA000,driver_timestamp,driver_timestamp,,,ENG,seconds since 1900-01-01,CE02SHSM,RID26,VELPT
CE02SHSM-RID26-04-VELPTA000,firmware_version,firmware_version,,,,1,CE02SHSM,RID26,VELPT
CE02SHSM-RID26-04-VELPTA000,eastward_velocity,eastward_velocity,-3,3,L1,m s-1,CE02SHSM,RID26,VELPT
CE02SHSM-RID26-04-VELPTA000,northward_velocity,northward_velocity,-3,3,L1,m s-1,CE02SHSM,RID26,VELPT
CE02SHSM-RID26-04-VELPTA000,upward_velocity,upward_velocity,-1,1,L1,m s-1,CE02SHSM,RID26,VELPT
CE02SHSM-RID26-04-VELPTA000,internal_timestamp,internal_timestamp,,,ENG,seconds since 1900-01-01,CE02SHSM,RID26,VELPT
CE02SHSM-RID26-04-VELPTA000,preferred_timestamp,preferred_timestamp,,,ENG,1,CE02SHSM,RID26,VELPT
CE02SHSM-RID26-04-VELPTA000,velpt_ab_eastward_velocity,velpt_ab_eastward_velocity,-3,3,L1,m s-1,CE02SHSM,RID26,VELPT
CE02SHSM-RID26-04-VELPTA000,velpt_ab_northward_velocity,velpt_ab_northward_velocity,-3,3,L1,m s-1,CE02SHSM,RID26,VELPT
CE02SHSM-RID26-04-VELPTA000,velpt_ab_upward_velocity,velpt_ab_upward_velocity,-1,1,L1,m s-1,CE02SHSM,RID26,VELPT
CE02SHSM-RID26-04-VELPTA000,number_of_beam_sequences,number_of_beam_sequences,,,,counts,CE02SHSM,RID26,VELPT
CE02SHSM-RID26-04-VELPTA000,number_of_beams_in_diagnostics_mode,number_of_beams_in_diagnostics_mode,,,,counts,CE02SHSM,RID26,VELPT
CE02SHSM-RID26-04-VELPTA000,reserved_bit_easyq,reserved_bit_easyq,,,,1,CE02SHSM,RID26,VELPT
CE02SHSM-RID26-04-VELPTA000,battery_voltage_dv,battery_voltage_dv,,,AUX,dV,CE02SHSM,RID26,VELPT
CE02SHSM-RID26-04-VELPTA000,sound_speed_dms,sound_speed_dms,,,AUX,dm s-1,CE02SHSM,RID26,VELPT
CE02SHSM-RID26-04-VELPTA000,heading_decidegree,heading_decidegree,,,AUX,deci-degrees,CE02SHSM,RID26,VELPT
CE02SHSM-RID26-04-VELPTA000,roll_decidegree,roll_decidegree,,,AUX,deci-degrees,CE02SHSM,RID26,VELPT
CE02SHSM-RID26-04-VELPTA000,pitch_decidegree,pitch_decidegree,,,AUX,deci-degrees,CE02SHSM,RID26,VELPT
CE02SHSM-RID26-04-VELPTA000,temperature_centidegree,temperature_centidegree,,,AUX,cdeg_C,CE02SHSM,RID26,VELPT
CE02SHSM-RID26-04-VELPTA000,pressure_mbar,pressure_mbar,,,AUX,0.001 dbar,CE02SHSM,RID26,VELPT
CE02SHSM-RID26-04-VELPTA000,error_code,error_code,,,,1,CE02SHSM,RID26,VELPT
CE02SHSM-RID26-04-VELPTA000,analog1,analog1,,,,1,CE02SHSM,RID26,VELPT
CE02SHSM-RID26-04-VELPTA000,status,status,,,,1,CE02SHSM,RID26,VELPT
CE02SHSM-RID26-04-VELPTA000,velocity_beam1,velocity_beam1,,,L0,mm s-1,CE02SHSM,RID26,VELPT
CE02SHSM-RID26-04-VELPTA000,velocity_beam2,velocity_beam2,,,L0,mm s-1,CE02SHSM,RID26,VELPT
CE02SHSM-RID26-04-VELPTA000,velocity_beam3,velocity_beam3,,,L0,mm s-1,CE02SHSM,RID26,VELPT
CE02SHSM-RID26-04-VELPTA000,amplitude_beam1,amplitude_beam1,,,AUX,counts,CE02SHSM,RID26,VELPT
CE02SHSM-RID26-04-VELPTA000,amplitude_beam2,amplitude_beam2,,,AUX,counts,CE02SHSM,RID26,VELPT
CE02SHSM-RID26-04-VELPTA000,amplitude_beam3,amplitude_beam3,,,AUX,counts,CE02SHSM,RID26,VELPT
CE02SHSM-RID26-04-VELPTA000,records_to_follow,records_to_follow,,,,1,CE02SHSM,RID26,VELPT
CE02SHSM-RID26-04-VELPTA000,cell_number_diagnostics,cell_number_diagnostics,,,,1,CE02SHSM,RID26,VELPT
CE02SHSM-RID26-04-VELPTA000,noise_amplitude_beam1,noise_amplitude_beam1,,,,counts,CE02SHSM,RID26,VELPT
CE02SHSM-RID26-04-VELPTA000,noise_amplitude_beam2,noise_amplitude_beam2,,,,counts,CE02SHSM,RID26,VELPT
CE02SHSM-RID26-04-VELPTA000,noise_amplitude_beam3,noise_amplitude_beam3,,,,counts,CE02SHSM,RID26,VELPT
CE02SHSM-RID26-04-VELPTA000,noise_amplitude_beam4,noise_amplitude_beam4,,,,counts,CE02SHSM,RID26,VELPT
CE02SHSM-RID26-04-VELPTA000,processing_magnitude_beam1,processing_magnitude_beam1,,,,1,CE02SHSM,RID26,VELPT
CE02SHSM-RID26-04-VELPTA000,processing_magnitude_beam2,processing_magnitude_beam2,,,,1,CE02SHSM,RID26,VELPT
CE02SHSM-RID26-04-VELPTA000,processing_magnitude_beam3,processing_magnitude_beam3,,,,1,CE02SHSM,RID26,VELPT
CE02SHSM-RID26-04-VELPTA000,processing_magnitude_beam4,processing_magnitude_beam4,,,,1,CE02SHSM,RID26,VELPT
CE02SHSM-RID26-04-VELPTA000,distance_beam1,distance_beam1,,,,1,CE02SHSM,RID26,VELPT
CE02SHSM-RID26-04-VELPTA000,distance_beam2,distance_beam2,,,,1,CE02SHSM,RID26,VELPT
CE02SHSM-RID26-04-VELPTA000,distance_beam3,distance_beam3,,,,1,CE02SHSM,RID26,VELPT
CE02SHSM-RID26-04-VELPTA000,distance_beam4,distance_beam4,,,,1,CE02SHSM,RID26,VELPT
CE02SHSM-RID26-04-VELPTA000,instrmt_type_serial_number,instrmt_type_serial_number,,,,1,CE02SHSM,RID26,VELPT
CE02SHSM-RID26-04-VELPTA000,pic_version,pic_version,,,,1,CE02SHSM,RID26,VELPT
CE02SHSM-RID26-04-VELPTA000,hardware_revision,hardware_revision,,,,1,CE02SHSM,RID26,VELPT
CE02SHSM-RID26-04-VELPTA000,recorder_size,recorder_size,,,,bytes,CE02SHSM,RID26,VELPT
CE02SHSM-RID26-04-VELPTA000,velocity_range,velocity_range,,,,1,CE02SHSM,RID26,VELPT
CE02SHSM-RID26-04-VELPTA000,pressure_sensor,pressure_sensor,,,,1,CE02SHSM,RID26,VELPT
CE02SHSM-RID26-04-VELPTA000,magnetometer_sensor,magnetometer_sensor,,,,1,CE02SHSM,RID26,VELPT
CE02SHSM-RID26-04-VELPTA000,tilt_sensor,tilt_sensor,,,,1,CE02SHSM,RID26,VELPT
CE02SHSM-RID26-04-VELPTA000,tilt_sensor_mounting,tilt_sensor_mounting,,,,1,CE02SHSM,RID26,VELPT
CE02SHSM-RID26-04-VELPTA000,head_frequency,head_frequency,,,,kHz,CE02SHSM,RID26,VELPT
CE02SHSM-RID26-04-VELPTA000,head_type,head_type,,,,1,CE02SHSM,RID26,VELPT
CE02SHSM-RID26-04-VELPTA000,head_serial_number,head_serial_number,,,,1,CE02SHSM,RID26,VELPT
CE02SHSM-RID26-04-VELPTA000,number_beams,number_beams,,,,1,CE02SHSM,RID26,VELPT
CE02SHSM-RID26-04-VELPTA000,transmit_pulse_length,transmit_pulse_length,,,,counts,CE02SHSM,RID26,VELPT
CE02SHSM-RID26-04-VELPTA000,blanking_distance,blanking_distance,,,,counts,CE02SHSM,RID26,VELPT
CE02SHSM-RID26-04-VELPTA000,receive_length,receive_length,,,,counts,CE02SHSM,RID26,VELPT
CE02SHSM-RID26-04-VELPTA000,time_between_pings,time_between_pings,,,,counts,CE02SHSM,RID26,VELPT
CE02SHSM-RID26-04-VELPTA000,time_between_bursts,time_between_bursts,,,,counts,CE02SHSM,RID26,VELPT
CE02SHSM-RID26-04-VELPTA000,average_interval,average_interval,,,,s,CE02SHSM,RID26,VELPT
CE02SHSM-RID26-04-VELPTA000,compass_update_rate,compass_update_rate,,,,Hz,CE02SHSM,RID26,VELPT
CE02SHSM-RID26-04-VELPTA000,coordinate_system,coordinate_system,,,,1,CE02SHSM,RID26,VELPT
CE02SHSM-RID26-04-VELPTA000,number_cells,number_cells,,,,1,CE02SHSM,RID26,VELPT
CE02SHSM-RID26-04-VELPTA000,measurement_interval,measurement_interval,,,,s,CE02SHSM,RID26,VELPT
CE02SHSM-RID26-04-VELPTA000,deployment_name,deployment_name,,,,1,CE02SHSM,RID26,VELPT
CE02SHSM-RID26-04-VELPTA000,diagnostics_interval,diagnostics_interval,,,,s,CE02SHSM,RID26,VELPT
CE02SHSM-RID26-04-VELPTA000,use_specified_sound_speed,use_specified_sound_speed,,,,1,CE02SHSM,RID26,VELPT
CE02SHSM-RID26-04-VELPTA000,diagnostics_mode_enable,diagnostics_mode_enable,,,,1,CE02SHSM,RID26,VELPT
CE02SHSM-RID26-04-VELPTA000,analog_output_enable,analog_output_enable,,,,1,CE02SHSM,RID26,VELPT
CE02SHSM-RID26-04-VELPTA000,output_format_nortek,output_format_nortek,,,,1,CE02SHSM,RID26,VELPT
CE02SHSM-RID26-04-VELPTA000,scaling,scaling,,,,1,CE02SHSM,RID26,VELPT
CE02SHSM-RID26-04-VELPTA000,serial_output_enable,serial_output_enable,,,,1,CE02SHSM,RID26,VELPT
CE02SHSM-RID26-04-VELPTA000,stage_enable,stage_enable,,,,1,CE02SHSM,RID26,VELPT
CE02SHSM-RID26-04-VELPTA000,analog_power_output,analog_power_output,,,,1,CE02SHSM,RID26,VELPT
CE02SHSM-RID26-04-VELPTA000,sound_speed_adjust_factor,sound_speed_adjust_factor,,,,m s-1,CE02SHSM,RID26,VELPT
CE02SHSM-RID26-04-VELPTA000,number_diagnostics_samples,number_diagnostics_samples,,,,1,CE02SHSM,RID26,VELPT
CE02SHSM-RID26-04-VELPTA000,number_pings_diagnostic,number_pings_diagnostic,,,,1,CE02SHSM,RID26,VELPT
CE02SHSM-RID26-04-VELPTA000,software_version,software_version,,,,1,CE02SHSM,RID26,VELPT
CE02SHSM-RID26-04-VELPTA000,correlation_threshold,correlation_threshold,,,,1,CE02SHSM,RID26,VELPT
CE02SHSM-RID26-04-VELPTA000,time,time,,,ENG,seconds since 1900-01-01,CE02SHSM,RID26,VELPT
CE02SHSM-RID26-04-VELPTA000,ingestion_timestamp,ingestion_timestamp,,,ENG,seconds since 1900-01-01,CE02SHSM,RID26,VELPT
CE02SHSM-RID26-04-VELPTA000,date_time_string,date_time_string,,,,1,CE02SHSM,RID26,VELPT
CE02SHSM-RID26-06-PHSEND000,driver_timestamp,driver_timestamp,,,ENG,seconds since 1900-01-01,CE02SHSM,RID26,PHSEN
CE02SHSM-RID26-06-PHSEND000,external_device2_fault,external_device2_fault,,,,1,CE02SHSM,RID26,PHSEN
CE02SHSM-RID26-06-PHSEND000,external_device3_fault,external_device3_fault,,,,1,CE02SHSM,RID26,PHSEN
CE02SHSM-RID26-06-PHSEND000,num_data_records,num_data_records,,,,1,CE02SHSM,RID26,PHSEN
CE02SHSM-RID26-06-PHSEND000,num_error_records,num_error_records,,,,1,CE02SHSM,RID26,PHSEN
CE02SHSM-RID26-06-PHSEND000,num_bytes_stored,num_bytes_stored,,,,bytes,CE02SHSM,RID26,PHSEN
CE02SHSM-RID26-06-PHSEND000,internal_timestamp,internal_timestamp,,,ENG,seconds since 1900-01-01,CE02SHSM,RID26,PHSEN
CE02SHSM-RID26-06-PHSEND000,preferred_timestamp,preferred_timestamp,,,ENG,1,CE02SHSM,RID26,PHSEN
CE02SHSM-RID26-06-PHSEND000,passed_checksum,passed_checksum,,,ENG,1,CE02SHSM,RID26,PHSEN
CE02SHSM-RID26-06-PHSEND000,dcl_controller_timestamp,dcl_controller_timestamp,,,ENG,1,CE02SHSM,RID26,PHSEN
CE02SHSM-RID26-06-PHSEND000,phsen_abcdef_ph_seawater,phsen_abcdef_ph_seawater,7.3,8.5,L1,(unitless),CE02SHSM,RID26,PHSEN
CE02SHSM-RID26-06-PHSEND000,battery_low_blank,battery_low_blank,,,,1,CE02SHSM,RID26,PHSEN
CE02SHSM-RID26-06-PHSEND000,unique_id,unique_id,,,,1,CE02SHSM,RID26,PHSEN
CE02SHSM-RID26-06-PHSEND000,record_type,record_type,,,,1,CE02SHSM,RID26,PHSEN
CE02SHSM-RID26-06-PHSEND000,record_time,record_time,,,,seconds since 1904-01-01,CE02SHSM,RID26,PHSEN
CE02SHSM-RID26-06-PHSEND000,light_measurements,light_measurements,,,,counts,CE02SHSM,RID26,PHSEN
CE02SHSM-RID26-06-PHSEND000,voltage_battery,voltage_battery,,,,counts,CE02SHSM,RID26,PHSEN
CE02SHSM-RID26-06-PHSEND000,clock_active,clock_active,,,,1,CE02SHSM,RID26,PHSEN
CE02SHSM-RID26-06-PHSEND000,recording_active,recording_active,,,,1,CE02SHSM,RID26,PHSEN
CE02SHSM-RID26-06-PHSEND000,record_end_on_time,record_end_on_time,,,,1,CE02SHSM,RID26,PHSEN
CE02SHSM-RID26-06-PHSEND000,record_memory_full,record_memory_full,,,,1,CE02SHSM,RID26,PHSEN
CE02SHSM-RID26-06-PHSEND000,phsen_abcdef_signal_intensity_434,phsen_abcdef_signal_intensity_434,,,L0,counts,CE02SHSM,RID26,PHSEN
CE02SHSM-RID26-06-PHSEND000,phsen_abcdef_signal_intensity_578,phsen_abcdef_signal_intensity_578,,,L0,counts,CE02SHSM,RID26,PHSEN
CE02SHSM-RID26-06-PHSEND000,record_end_on_error,record_end_on_error,,,,1,CE02SHSM,RID26,PHSEN
CE02SHSM-RID26-06-PHSEND000,data_download_ok,data_download_ok,,,,1,CE02SHSM,RID26,PHSEN
CE02SHSM-RID26-06-PHSEND000,flash_memory_open,flash_memory_open,,,,1,CE02SHSM,RID26,PHSEN
CE02SHSM-RID26-06-PHSEND000,battery_low_prestart,battery_low_prestart,,,,1,CE02SHSM,RID26,PHSEN
CE02SHSM-RID26-06-PHSEND000,battery_low_measurement,battery_low_measurement,,,,1,CE02SHSM,RID26,PHSEN
CE02SHSM-RID26-06-PHSEND000,battery_low_external,battery_low_external,,,,1,CE02SHSM,RID26,PHSEN
CE02SHSM-RID26-06-PHSEND000,external_device1_fault,external_device1_fault,,,,1,CE02SHSM,RID26,PHSEN
CE02SHSM-RID26-06-PHSEND000,flash_erased,flash_erased,,,,1,CE02SHSM,RID26,PHSEN
CE02SHSM-RID26-06-PHSEND000,power_on_invalid,power_on_invalid,,,,1,CE02SHSM,RID26,PHSEN
CE02SHSM-RID26-06-PHSEND000,time,time,,,ENG,seconds since 1900-01-01,CE02SHSM,RID26,PHSEN
CE02SHSM-RID26-06-PHSEND000,ingestion_timestamp,ingestion_timestamp,,,ENG,seconds since 1900-01-01,CE02SHSM,RID26,PHSEN
CE02SHSM-RID26-06-PHSEND000,thermistor_start,thermistor_start,,,,counts,CE02SHSM,RID26,PHSEN
CE02SHSM-RID26-06-PHSEND000,reference_light_measurements,reference_light_measurements,,,,counts,CE02SHSM,RID26,PHSEN
CE02SHSM-RID26-06-PHSEND000,thermistor_end,thermistor_end,,,,counts,CE02SHSM,RID26,PHSEN
CE02SHSM-RID26-06-PHSEND000,phsen_thermistor_temperature,phsen_thermistor_temperature,,,L0,V,CE02SHSM,RID26,PHSEN
CE02SHSM-RID26-07-NUTNRB000,driver_timestamp,driver_timestamp,,,ENG,seconds since 1900-01-01,CE02SHSM,RID26,NUTNR
CE02SHSM-RID26-07-NUTNRB000,firmware_version,firmware_version,,,,1,CE02SHSM,RID26,NUTNR
CE02SHSM-RID26-07-NUTNRB000,internal_timestamp,internal_timestamp,,,ENG,seconds since 1900-01-01,CE02SHSM,RID26,NUTNR
CE02SHSM-RID26-07-NUTNRB000,preferred_timestamp,preferred_timestamp,,,ENG,1,CE02SHSM,RID26,NUTNR
CE02SHSM-RID26-07-NUTNRB000,dcl_controller_timestamp,dcl_controller_timestamp,,,ENG,1,CE02SHSM,RID26,NUTNR
CE02SHSM-RID26-07-NUTNRB000,startup_time_string,startup_time_string,,,,1,CE02SHSM,RID26,NUTNR
CE02SHSM-RID26-07-NUTNRB000,nutnr_b_temp_sal_corrected_nitrate,nutnr_b_temp_sal_corrected_nitrate,0,40,L2,umol L-1,CE02SHSM,RID26,NUTNR
CE02SHSM-RID26-07-NUTNRB000,firmware_date,firmware_date,,,,1,CE02SHSM,RID26,NUTNR
CE02SHSM-RID26-07-NUTNRB000,frame_header,frame_header,,,,1,CE02SHSM,RID26,NUTNR
CE02SHSM-RID26-07-NUTNRB000,frame_type,frame_type,,,,1,CE02SHSM,RID26,NUTNR
CE02SHSM-RID26-07-NUTNRB000,serial_number,serial_number,,,ENG,1,CE02SHSM,RID26,NUTNR
CE02SHSM-RID26-07-NUTNRB000,date_of_sample,date_of_sample,,,AUX,1,CE02SHSM,RID26,NUTNR
CE02SHSM-RID26-07-NUTNRB000,time_of_sample,time_of_sample,,,AUX,h,CE02SHSM,RID26,NUTNR
CE02SHSM-RID26-07-NUTNRB000,nitrate_concentration,nitrate_concentration,0,40,L1,umol L-1,CE02SHSM,RID26,NUTNR
CE02SHSM-RID26-07-NUTNRB000,aux_fitting_1,aux_fitting_1,,,AUX,1,CE02SHSM,RID26,NUTNR
CE02SHSM-RID26-07-NUTNRB000,aux_fitting_2,aux_fitting_2,,,AUX,1,CE02SHSM,RID26,NUTNR
CE02SHSM-RID26-07-NUTNRB000,aux_fitting_3,aux_fitting_3,,,AUX,1,CE02SHSM,RID26,NUTNR
CE02SHSM-RID26-07-NUTNRB000,rms_error,rms_error,,,AUX,umol L-1,CE02SHSM,RID26,NUTNR
CE02SHSM-RID26-07-NUTNRB000,temp_interior,temp_interior,,,AUX,deg_C,CE02SHSM,RID26,NUTNR
CE02SHSM-RID26-07-NUTNRB000,temp_spectrometer,temp_spectrometer,,,AUX,deg_C,CE02SHSM,RID26,NUTNR
CE02SHSM-RID26-07-NUTNRB000,temp_lamp,temp_lamp,,,AUX,deg_C,CE02SHSM,RID26,NUTNR
CE02SHSM-RID26-07-NUTNRB000,humidity,humidity,,,AUX,%,CE02SHSM,RID26,NUTNR
CE02SHSM-RID26-07-NUTNRB000,voltage_lamp,voltage_lamp,,,AUX,V,CE02SHSM,RID26,NUTNR
CE02SHSM-RID26-07-NUTNRB000,voltage_analog,voltage_analog,,,AUX,V,CE02SHSM,RID26,NUTNR
CE02SHSM-RID26-07-NUTNRB000,voltage_main,voltage_main,,,AUX,V,CE02SHSM,RID26,NUTNR
CE02SHSM-RID26-07-NUTNRB000,ref_channel_average,ref_channel_average,,,,counts,CE02SHSM,RID26,NUTNR
CE02SHSM-RID26-07-NUTNRB000,ref_channel_variance,ref_channel_variance,,,,1,CE02SHSM,RID26,NUTNR
CE02SHSM-RID26-07-NUTNRB000,sea_water_dark,sea_water_dark,,,AUX,counts,CE02SHSM,RID26,NUTNR
CE02SHSM-RID26-07-NUTNRB000,spec_channel_average,spec_channel_average,,,,counts,CE02SHSM,RID26,NUTNR
CE02SHSM-RID26-07-NUTNRB000,spectral_channels,spectral_channels,,,L0,counts,CE02SHSM,RID26,NUTNR
CE02SHSM-RID26-07-NUTNRB000,startup_time,startup_time,,,,seconds since 1970-01-01,CE02SHSM,RID26,NUTNR
CE02SHSM-RID26-07-NUTNRB000,lamp_time,lamp_time,,,AUX,s,CE02SHSM,RID26,NUTNR
CE02SHSM-RID26-07-NUTNRB000,spec_on_time,spec_on_time,,,,seconds since 1970-01-01,CE02SHSM,RID26,NUTNR
CE02SHSM-RID26-07-NUTNRB000,spec_powered_time,spec_powered_time,,,,seconds since 1970-01-01,CE02SHSM,RID26,NUTNR
CE02SHSM-RID26-07-NUTNRB000,lamp_on_time,lamp_on_time,,,,seconds since 1970-01-01,CE02SHSM,RID26,NUTNR
CE02SHSM-RID26-07-NUTNRB000,lamp_powered_time,lamp_powered_time,,,,seconds since 1970-01-01,CE02SHSM,RID26,NUTNR
CE02SHSM-RID26-07-NUTNRB000,data_log_file,data_log_file,,,,1,CE02SHSM,RID26,NUTNR
CE02SHSM-RID26-07-NUTNRB000,dark_frame_spectral_channels,dark_frame_spectral_channels,,,AUX,counts,CE02SHSM,RID26,NUTNR
CE02SHSM-RID26-07-NUTNRB000,time,time,,,ENG,seconds since 1900-01-01,CE02SHSM,RID26,NUTNR
CE02SHSM-RID26-07-NUTNRB000,ingestion_timestamp,ingestion_timestamp,,,ENG,seconds since 1900-01-01,CE02SHSM,RID26,NUTNR
CE02SHSM-RID26-08-SPKIRB000,instrument_id,instrument_id,,,ENG,1,CE02SHSM,RID26,SPKIR
CE02SHSM-RID26-08-SPKIRB000,timer,timer,,,ENG,s,CE02SHSM,RID26,SPKIR
CE02SHSM-RID26-08-SPKIRB000,sample_delay,sample_delay,,,ENG,ms,CE02SHSM,RID26,SPKIR
CE02SHSM-RID26-08-SPKIRB000,driver_timestamp,driver_timestamp,,,ENG,seconds since 1900-01-01,CE02SHSM,RID26,SPKIR
CE02SHSM-RID26-08-SPKIRB000,vin_sense,vin_sense,,,ENG,counts,CE02SHSM,RID26,SPKIR
CE02SHSM-RID26-08-SPKIRB000,va_sense,va_sense,,,ENG,counts,CE02SHSM,RID26,SPKIR
CE02SHSM-RID26-08-SPKIRB000,internal_temperature,internal_temperature,,,AUX,counts,CE02SHSM,RID26,SPKIR
CE02SHSM-RID26-08-SPKIRB000,frame_counter,frame_counter,,,ENG,counts,CE02SHSM,RID26,SPKIR
CE02SHSM-RID26-08-SPKIRB000,internal_timestamp,internal_timestamp,,,ENG,seconds since 1900-01-01,CE02SHSM,RID26,SPKIR
CE02SHSM-RID26-08-SPKIRB000,preferred_timestamp,preferred_timestamp,,,ENG,1,CE02SHSM,RID26,SPKIR
CE02SHSM-RID26-08-SPKIRB000,passed_checksum,passed_checksum,,,ENG,1,CE02SHSM,RID26,SPKIR
CE02SHSM-RID26-08-SPKIRB000,channel_array,channel_array,,,L0,counts,CE02SHSM,RID26,SPKIR
CE02SHSM-RID26-08-SPKIRB000,dcl_controller_timestamp,dcl_controller_timestamp,,,ENG,1,CE02SHSM,RID26,SPKIR
CE02SHSM-RID26-08-SPKIRB000,spkir_abj_cspp_downwelling_vector,spkir_abj_cspp_downwelling_vector,0,300,L1,uW cm-2 nm-1,CE02SHSM,RID26,SPKIR
CE02SHSM-RID26-08-SPKIRB000,serial_number,serial_number,,,ENG,1,CE02SHSM,RID26,SPKIR
CE02SHSM-RID26-08-SPKIRB000,time,time,,,ENG,seconds since 1900-01-01,CE02SHSM,RID26,SPKIR
CE02SHSM-RID26-08-SPKIRB000,ingestion_timestamp,ingestion_timestamp,,,ENG,seconds since 1900-01-01,CE02SHSM,RID26,SPKIR
CE02SHSM-RID27-01-OPTAAD000,driver_timestamp,driver_timestamp,,,ENG,seconds since 1900-01-01,CE02SHSM,RID27,OPTAA
CE02SHSM-RID27-01-OPTAAD000,internal_timestamp,internal_timestamp,,,ENG,seconds since 1900-01-01,CE02SHSM,RID27,OPTAA
CE02SHSM-RID27-01-OPTAAD000,preferred_timestamp,preferred_timestamp,,,ENG,1,CE02SHSM,RID27,OPTAA
CE02SHSM-RID27-01-OPTAAD000,start_date,start_date,,,,1,CE02SHSM,RID27,OPTAA
CE02SHSM-RID27-01-OPTAAD000,serial_number,serial_number,,,ENG,1,CE02SHSM,RID27,OPTAA
CE02SHSM-RID27-01-OPTAAD000,optaa_dj_dcl_beam_attenuation,optaa_dj_dcl_beam_attenuation,0,100,L2,m-1,CE02SHSM,RID27,OPTAA
CE02SHSM-RID27-01-OPTAAD000,optaa_dj_dcl_optical_absorption,optaa_dj_dcl_optical_absorption,0,100,L2,m-1,CE02SHSM,RID27,OPTAA
CE02SHSM-RID27-01-OPTAAD000,packet_type,packet_type,,,,1,CE02SHSM,RID27,OPTAA
CE02SHSM-RID27-01-OPTAAD000,meter_type,meter_type,,,,1,CE02SHSM,RID27,OPTAA
CE02SHSM-RID27-01-OPTAAD000,a_reference_dark_counts,a_reference_dark_counts,,,,counts,CE02SHSM,RID27,OPTAA
CE02SHSM-RID27-01-OPTAAD000,pressure_counts,pressure_counts,,,,counts,CE02SHSM,RID27,OPTAA
CE02SHSM-RID27-01-OPTAAD000,a_signal_dark_counts,a_signal_dark_counts,,,,counts,CE02SHSM,RID27,OPTAA
CE02SHSM-RID27-01-OPTAAD000,external_temp_raw,external_temp_raw,,,,counts,CE02SHSM,RID27,OPTAA
CE02SHSM-RID27-01-OPTAAD000,internal_temp_raw,internal_temp_raw,,,L0,counts,CE02SHSM,RID27,OPTAA
CE02SHSM-RID27-01-OPTAAD000,c_reference_dark_counts,c_reference_dark_counts,,,,counts,CE02SHSM,RID27,OPTAA
CE02SHSM-RID27-01-OPTAAD000,c_signal_dark_counts,c_signal_dark_counts,,,,counts,CE02SHSM,RID27,OPTAA
CE02SHSM-RID27-01-OPTAAD000,elapsed_run_time,elapsed_run_time,,,,ms,CE02SHSM,RID27,OPTAA
CE02SHSM-RID27-01-OPTAAD000,num_wavelengths,num_wavelengths,,,,1,CE02SHSM,RID27,OPTAA
CE02SHSM-RID27-01-OPTAAD000,c_reference_counts,c_reference_counts,,,L0,counts,CE02SHSM,RID27,OPTAA
CE02SHSM-RID27-01-OPTAAD000,a_reference_counts,a_reference_counts,,,L0,counts,CE02SHSM,RID27,OPTAA
CE02SHSM-RID27-01-OPTAAD000,c_signal_counts,c_signal_counts,,,L0,counts,CE02SHSM,RID27,OPTAA
CE02SHSM-RID27-01-OPTAAD000,a_signal_counts,a_signal_counts,,,L0,counts,CE02SHSM,RID27,OPTAA
CE02SHSM-RID27-01-OPTAAD000,time,time,,,ENG,seconds since 1900-01-01,CE02SHSM,RID27,OPTAA
CE02SHSM-RID27-01-OPTAAD000,ingestion_timestamp,ingestion_timestamp,,,ENG,seconds since 1900-01-01,CE02SHSM,RID27,OPTAA
CE02SHSM-RID27-02-FLORTD000,driver_timestamp,driver_timestamp,,,ENG,seconds since 1900-01-01,CE02SHSM,RID27,FLORT
CE02SHSM-RID27-02-FLORTD000,date_string,date_string,,,ENG,1,CE02SHSM,RID27,FLORT
CE02SHSM-RID27-02-FLORTD000,time_string,time_string,,,ENG,1,CE02SHSM,RID27,FLORT
CE02SHSM-RID27-02-FLORTD000,measurement_wavelength_beta,measurement_wavelength_beta,,,,nm,CE02SHSM,RID27,FLORT
CE02SHSM-RID27-02-FLORTD000,raw_signal_beta,raw_signal_beta,,,L0,counts,CE02SHSM,RID27,FLORT
CE02SHSM-RID27-02-FLORTD000,measurement_wavelength_chl,measurement_wavelength_chl,,,,nm,CE02SHSM,RID27,FLORT
CE02SHSM-RID27-02-FLORTD000,raw_signal_chl,raw_signal_chl,,,L0,counts,CE02SHSM,RID27,FLORT
CE02SHSM-RID27-02-FLORTD000,measurement_wavelength_cdom,measurement_wavelength_cdom,,,,nm,CE02SHSM,RID27,FLORT
CE02SHSM-RID27-02-FLORTD000,raw_signal_cdom,raw_signal_cdom,,,L0,counts,CE02SHSM,RID27,FLORT
CE02SHSM-RID27-02-FLORTD000,raw_internal_temp,raw_internal_temp,,,,counts,CE02SHSM,RID27,FLORT
CE02SHSM-RID27-02-FLORTD000,internal_timestamp,internal_timestamp,,,ENG,seconds since 1900-01-01,CE02SHSM,RID27,FLORT
CE02SHSM-RID27-02-FLORTD000,preferred_timestamp,preferred_timestamp,,,ENG,1,CE02SHSM,RID27,FLORT
CE02SHSM-RID27-02-FLORTD000,flort_k_total_volume_scattering_coefficient,flort_k_total_volume_scattering_coefficient,,,L1,m-1 sr-1,CE02SHSM,RID27,FLORT
CE02SHSM-RID27-02-FLORTD000,fluorometric_chlorophyll_a,fluorometric_chlorophyll_a,0,50,L1,ug L-1,CE02SHSM,RID27,FLORT
CE02SHSM-RID27-02-FLORTD000,fluorometric_cdom,fluorometric_cdom,0,375,L1,ppb,CE02SHSM,RID27,FLORT
CE02SHSM-RID27-02-FLORTD000,dcl_controller_timestamp,dcl_controller_timestamp,,,ENG,1,CE02SHSM,RID27,FLORT
CE02SHSM-RID27-02-FLORTD000,flort_dj_dcl_bback_total,flort_dj_dcl_bback_total,0.0003,1,L2,m-1,CE02SHSM,RID27,FLORT
CE02SHSM-RID27-02-FLORTD000,flort_d_dcl_ctdbp_scat_seawater,flort_d_dcl_ctdbp_scat_seawater,,,AUX,m-1,CE02SHSM,RID27,FLORT
CE02SHSM-RID27-02-FLORTD000,time,time,,,ENG,seconds since 1900-01-01,CE02SHSM,RID27,FLORT
CE02SHSM-RID27-02-FLORTD000,ingestion_timestamp,ingestion_timestamp,,,ENG,seconds since 1900-01-01,CE02SHSM,RID27,FLORT
CE02SHSM-RID27-03-CTDBPC000,conductivity,conductivity,0,6,L1,S m-1,CE02SHSM,RID27,CTDBP
CE02SHSM-RID27-03-CTDBPC000,driver_timestamp,driver_timestamp,,,ENG,seconds since 1900-01-01,CE02SHSM,RID27,CTDBP
CE02SHSM-RID27-03-CTDBPC000,internal_timestamp,internal_timestamp,,,ENG,seconds since 1900-01-01,CE02SHSM,RID27,CTDBP
CE02SHSM-RID27-03-CTDBPC000,preferred_timestamp,preferred_timestamp,,,ENG,1,CE02SHSM,RID27,CTDBP
CE02SHSM-RID27-03-CTDBPC000,temperature,temperature,,,L0,counts,CE02SHSM,RID27,CTDBP
CE02SHSM-RID27-03-CTDBPC000,conductivity,conductivity,,,L0,counts,CE02SHSM,RID27,CTDBP
CE02SHSM-RID27-03-CTDBPC000,pressure,pressure,,,L0,counts,CE02SHSM,RID27,CTDBP
CE02SHSM-RID27-03-CTDBPC000,pressure_temp,pressure_temp,,,L0,counts,CE02SHSM,RID27,CTDBP
CE02SHSM-RID27-03-CTDBPC000,ctd_time,ctd_time,,,ENG,seconds since 2000-01-01,CE02SHSM,RID27,CTDBP
CE02SHSM-RID27-03-CTDBPC000,pressure,pressure,0,6000,L1,dbar,CE02SHSM,RID27,CTDBP
CE02SHSM-RID27-03-CTDBPC000,dcl_controller_timestamp,dcl_controller_timestamp,,,ENG,1,CE02SHSM,RID27,CTDBP
CE02SHSM-RID27-03-CTDBPC000,ctdbp_seawater_temperature,ctdbp_seawater_temperature,-2,40,L1,deg_C,CE02SHSM,RID27,CTDBP
CE02SHSM-RID27-03-CTDBPC000,ctdbp_seawater_pressure,ctdbp_seawater_pressure,0,6000,L1,dbar,CE02SHSM,RID27,CTDBP
CE02SHSM-RID27-03-CTDBPC000,ctdbp_seawater_conductivity,ctdbp_seawater_conductivity,0,6,L1,S m-1,CE02SHSM,RID27,CTDBP
CE02SHSM-RID27-03-CTDBPC000,ctdbp_practical_salinity,ctdbp_practical_salinity,0,42,L2,1,CE02SHSM,RID27,CTDBP
CE02SHSM-RID27-03-CTDBPC000,ctdbp_seawater_density,ctdbp_seawater_density,1000,1100,L2,kg m-3,CE02SHSM,RID27,CTDBP
CE02SHSM-RID27-03-CTDBPC000,ctdbp_cdef_dcl_ce_density,ctdbp_cdef_dcl_ce_density,1000,1100,L2,kg m-3,CE02SHSM,RID27,CTDBP
CE02SHSM-RID27-03-CTDBPC000,temp,temp,-2,40,L1,deg_C,CE02SHSM,RID27,CTDBP
CE02SHSM-RID27-03-CTDBPC000,time,time,,,ENG,seconds since 1900-01-01,CE02SHSM,RID27,CTDBP
CE02SHSM-RID27-03-CTDBPC000,ingestion_timestamp,ingestion_timestamp,,,ENG,seconds since 1900-01-01,CE02SHSM,RID27,CTDBP
CE02SHSM-RID27-03-CTDBPC000,salinity,salinity,0,42,L2,(unitless),CE02SHSM,RID27,CTDBP
CE02SHSM-RID27-03-CTDBPC000,date_time_string,date_time_string,,,,1,CE02SHSM,RID27,CTDBP
CE02SHSM-RID27-04-DOSTAD000,product_number,product_number,,,,1,CE02SHSM,RID27,DOSTA
CE02SHSM-RID27-04-DOSTAD000,driver_timestamp,driver_timestamp,,,ENG,seconds since 1900-01-01,CE02SHSM,RID27,DOSTA
CE02SHSM-RID27-04-DOSTAD000,internal_timestamp,internal_timestamp,,,ENG,seconds since 1900-01-01,CE02SHSM,RID27,DOSTA
CE02SHSM-RID27-04-DOSTAD000,preferred_timestamp,preferred_timestamp,,,ENG,1,CE02SHSM,RID27,DOSTA
CE02SHSM-RID27-04-DOSTAD000,dcl_controller_timestamp,dcl_controller_timestamp,,,ENG,1,CE02SHSM,RID27,DOSTA
CE02SHSM-RID27-04-DOSTAD000,dosta_abcdjm_cspp_tc_oxygen,dosta_abcdjm_cspp_tc_oxygen,0,400,L1,umol L-1,CE02SHSM,RID27,DOSTA
CE02SHSM-RID27-04-DOSTAD000,serial_number,serial_number,,,ENG,1,CE02SHSM,RID27,DOSTA
CE02SHSM-RID27-04-DOSTAD000,dosta_abcdjm_dcl_abs_oxygen,dosta_abcdjm_dcl_abs_oxygen,0,400,L2,umol kg-1,CE02SHSM,RID27,DOSTA
CE02SHSM-RID27-04-DOSTAD000,dosta_abcdjm_dcl_metbk_abs_oxygen,dosta_abcdjm_dcl_metbk_abs_oxygen,0,400,L2,umol kg-1,CE02SHSM,RID27,DOSTA
CE02SHSM-RID27-04-DOSTAD000,dosta_abcdjm_dcl_ctdbp_abs_oxygen,dosta_abcdjm_dcl_ctdbp_abs_oxygen,0,400,L2,umol kg-1,CE02SHSM,RID27,DOSTA
CE02SHSM-RID27-04-DOSTAD000,time,time,,,ENG,seconds since 1900-01-01,CE02SHSM,RID27,DOSTA
CE02SHSM-RID27-04-DOSTAD000,ingestion_timestamp,ingestion_timestamp,,,ENG,seconds since 1900-01-01,CE02SHSM,RID27,DOSTA
CE02SHSM-RID27-04-DOSTAD000,estimated_oxygen_concentration,estimated_oxygen_concentration,0,400,L1,umol L-1,CE02SHSM,RID27,DOSTA
CE02SHSM-RID27-04-DOSTAD000,estimated_oxygen_saturation,estimated_oxygen_saturation,0,110,L1,percent,CE02SHSM,RID27,DOSTA
CE02SHSM-RID27-04-DOSTAD000,optode_temperature,optode_temperature,-2,40,,deg_C,CE02SHSM,RID27,DOSTA
CE02SHSM-RID27-04-DOSTAD000,calibrated_phase,calibrated_phase,,,L0,degrees,CE02SHSM,RID27,DOSTA
CE02SHSM-RID27-04-DOSTAD000,temp_compensated_phase,temp_compensated_phase,,,,degrees,CE02SHSM,RID27,DOSTA
CE02SHSM-RID27-04-DOSTAD000,blue_phase,blue_phase,,,,degrees,CE02SHSM,RID27,DOSTA
CE02SHSM-RID27-04-DOSTAD000,red_phase,red_phase,,,,degrees,CE02SHSM,RID27,DOSTA
CE02SHSM-RID27-04-DOSTAD000,blue_amplitude,blue_amplitude,,,,mV,CE02SHSM,RID27,DOSTA
CE02SHSM-RID27-04-DOSTAD000,red_amplitude,red_amplitude,,,,mV,CE02SHSM,RID27,DOSTA
CE02SHSM-RID27-04-DOSTAD000,raw_temperature,raw_temperature,,,,mV,CE02SHSM,RID27,DOSTA
CE02SHSM-SBD11-01-MOPAK0000,driver_timestamp,driver_timestamp,,,ENG,seconds since 1900-01-01,CE02SHSM,SBD11,MOPAK
CE02SHSM-SBD11-01-MOPAK0000,internal_timestamp,internal_timestamp,,,ENG,seconds since 1900-01-01,CE02SHSM,SBD11,MOPAK
CE02SHSM-SBD11-01-MOPAK0000,mopak_accelx,mopak_accelx,,,ENG,g0,CE02SHSM,SBD11,MOPAK
CE02SHSM-SBD11-01-MOPAK0000,mopak_accely,mopak_accely,,,ENG,g0,CE02SHSM,SBD11,MOPAK
CE02SHSM-SBD11-01-MOPAK0000,mopak_accelz,mopak_accelz,,,ENG,g0,CE02SHSM,SBD11,MOPAK
CE02SHSM-SBD11-01-MOPAK0000,mopak_ang_ratex,mopak_ang_ratex,,,ENG,rad s-1,CE02SHSM,SBD11,MOPAK
CE02SHSM-SBD11-01-MOPAK0000,mopak_ang_ratey,mopak_ang_ratey,,,ENG,rad s-1,CE02SHSM,SBD11,MOPAK
CE02SHSM-SBD11-01-MOPAK0000,preferred_timestamp,preferred_timestamp,,,ENG,1,CE02SHSM,SBD11,MOPAK
CE02SHSM-SBD11-01-MOPAK0000,mopak_ang_ratez,mopak_ang_ratez,,,ENG,rad s-1,CE02SHSM,SBD11,MOPAK
CE02SHSM-SBD11-01-MOPAK0000,mopak_magx,mopak_magx,,,ENG,Gs,CE02SHSM,SBD11,MOPAK
CE02SHSM-SBD11-01-MOPAK0000,mopak_magy,mopak_magy,,,ENG,Gs,CE02SHSM,SBD11,MOPAK
CE02SHSM-SBD11-01-MOPAK0000,mopak_magz,mopak_magz,,,ENG,Gs,CE02SHSM,SBD11,MOPAK
CE02SHSM-SBD11-01-MOPAK0000,mopak_timer,mopak_timer,,,ENG,counts,CE02SHSM,SBD11,MOPAK
CE02SHSM-SBD11-01-MOPAK0000,mopak_roll,mopak_roll,,,ENG,degrees,CE02SHSM,SBD11,MOPAK
CE02SHSM-SBD11-01-MOPAK0000,mopak_pitch,mopak_pitch,,,ENG,degrees,CE02SHSM,SBD11,MOPAK
CE02SHSM-SBD11-01-MOPAK0000,mopak_yaw,mopak_yaw,,,ENG,degrees,CE02SHSM,SBD11,MOPAK
CE02SHSM-SBD11-01-MOPAK0000,time,time,,,ENG,seconds since 1900-01-01,CE02SHSM,SBD11,MOPAK
CE02SHSM-SBD11-01-MOPAK0000,ingestion_timestamp,ingestion_timestamp,,,ENG,seconds since 1900-01-01,CE02SHSM,SBD11,MOPAK
CE02SHSM-SBD11-02-HYDGN0000,driver_timestamp,driver_timestamp,,,ENG,seconds since 1900-01-01,CE02SHSM,SBD11,HYDGN
CE02SHSM-SBD11-02-HYDGN0000,internal_timestamp,internal_timestamp,,,ENG,seconds since 1900-01-01,CE02SHSM,SBD11,HYDGN
CE02SHSM-SBD11-02-HYDGN0000,preferred_timestamp,preferred_timestamp,,,ENG,1,CE02SHSM,SBD11,HYDGN
CE02SHSM-SBD11-02-HYDGN0000,dcl_controller_timestamp,dcl_controller_timestamp,,,ENG,1,CE02SHSM,SBD11,HYDGN
CE02SHSM-SBD11-02-HYDGN0000,hyd_raw,hyd_raw,,,AUX,counts,CE02SHSM,SBD11,HYDGN
CE02SHSM-SBD11-02-HYDGN0000,hyd_percent,hyd_percent,,,AUX,Percentage,CE02SHSM,SBD11,HYDGN
CE02SHSM-SBD11-02-HYDGN0000,time,time,,,ENG,seconds since 1900-01-01,CE02SHSM,SBD11,HYDGN
CE02SHSM-SBD11-02-HYDGN0000,ingestion_timestamp,ingestion_timestamp,,,ENG,seconds since 1900-01-01,CE02SHSM,SBD11,HYDGN
CE02SHSM-SBD11-04-VELPTA000,driver_timestamp,driver_timestamp,,,ENG,seconds since 1900-01-01,CE02SHSM,SBD11,VELPT
CE02SHSM-SBD11-04-VELPTA000,firmware_version,firmware_version,,,,1,CE02SHSM,SBD11,VELPT
CE02SHSM-SBD11-04-VELPTA000,eastward_velocity,eastward_velocity,-3,3,L1,m s-1,CE02SHSM,SBD11,VELPT
CE02SHSM-SBD11-04-VELPTA000,northward_velocity,northward_velocity,-3,3,L1,m s-1,CE02SHSM,SBD11,VELPT
CE02SHSM-SBD11-04-VELPTA000,upward_velocity,upward_velocity,-1,1,L1,m s-1,CE02SHSM,SBD11,VELPT
CE02SHSM-SBD11-04-VELPTA000,internal_timestamp,internal_timestamp,,,ENG,seconds since 1900-01-01,CE02SHSM,SBD11,VELPT
CE02SHSM-SBD11-04-VELPTA000,preferred_timestamp,preferred_timestamp,,,ENG,1,CE02SHSM,SBD11,VELPT
CE02SHSM-SBD11-04-VELPTA000,velpt_ab_eastward_velocity,velpt_ab_eastward_velocity,-3,3,L1,m s-1,CE02SHSM,SBD11,VELPT
CE02SHSM-SBD11-04-VELPTA000,velpt_ab_northward_velocity,velpt_ab_northward_velocity,-3,3,L1,m s-1,CE02SHSM,SBD11,VELPT
CE02SHSM-SBD11-04-VELPTA000,velpt_ab_upward_velocity,velpt_ab_upward_velocity,-1,1,L1,m s-1,CE02SHSM,SBD11,VELPT
CE02SHSM-SBD11-04-VELPTA000,number_of_beam_sequences,number_of_beam_sequences,,,,counts,CE02SHSM,SBD11,VELPT
CE02SHSM-SBD11-04-VELPTA000,number_of_beams_in_diagnostics_mode,number_of_beams_in_diagnostics_mode,,,,counts,CE02SHSM,SBD11,VELPT
CE02SHSM-SBD11-04-VELPTA000,reserved_bit_easyq,reserved_bit_easyq,,,,1,CE02SHSM,SBD11,VELPT
CE02SHSM-SBD11-04-VELPTA000,battery_voltage_dv,battery_voltage_dv,,,AUX,dV,CE02SHSM,SBD11,VELPT
CE02SHSM-SBD11-04-VELPTA000,sound_speed_dms,sound_speed_dms,,,AUX,dm s-1,CE02SHSM,SBD11,VELPT
CE02SHSM-SBD11-04-VELPTA000,heading_decidegree,heading_decidegree,,,AUX,deci-degrees,CE02SHSM,SBD11,VELPT
CE02SHSM-SBD11-04-VELPTA000,roll_decidegree,roll_decidegree,,,AUX,deci-degrees,CE02SHSM,SBD11,VELPT
CE02SHSM-SBD11-04-VELPTA000,pitch_decidegree,pitch_decidegree,,,AUX,deci-degrees,CE02SHSM,SBD11,VELPT
CE02SHSM-SBD11-04-VELPTA000,temperature_centidegree,temperature_centidegree,,,AUX,cdeg_C,CE02SHSM,SBD11,VELPT
CE02SHSM-SBD11-04-VELPTA000,pressure_mbar,pressure_mbar,,,AUX,0.001 dbar,CE02SHSM,SBD11,VELPT
CE02SHSM-SBD11-04-VELPTA000,error_code,error_code,,,,1,CE02SHSM,SBD11,VELPT
CE02SHSM-SBD11-04-VELPTA000,analog1,analog1,,,,1,CE02SHSM,SBD11,VELPT
CE02SHSM-SBD11-04-VELPTA000,status,status,,,,1,CE02SHSM,SBD11,VELPT
CE02SHSM-SBD11-04-VELPTA000,velocity_beam1,velocity_beam1,,,L0,mm s-1,CE02SHSM,SBD11,VELPT
CE02SHSM-SBD11-04-VELPTA000,velocity_beam2,velocity_beam2,,,L0,mm s-1,CE02SHSM,SBD11,VELPT
CE02SHSM-SBD11-04-VELPTA000,velocity_beam3,velocity_beam3,,,L0,mm s-1,CE02SHSM,SBD11,VELPT
CE02SHSM-SBD11-04-VELPTA000,amplitude_beam1,amplitude_beam1,,,AUX,counts,CE02SHSM,SBD11,VELPT
CE02SHSM-SBD11-04-VELPTA000,amplitude_beam2,amplitude_beam2,,,AUX,counts,CE02SHSM,SBD11,VELPT
CE02SHSM-SBD11-04-VELPTA000,amplitude_beam3,amplitude_beam3,,,AUX,counts,CE02SHSM,SBD11,VELPT
CE02SHSM-SBD11-04-VELPTA000,records_to_follow,records_to_follow,,,,1,CE02SHSM,SBD11,VELPT
CE02SHSM-SBD11-04-VELPTA000,cell_number_diagnostics,cell_number_diagnostics,,,,1,CE02SHSM,SBD11,VELPT
CE02SHSM-SBD11-04-VELPTA000,noise_amplitude_beam1,noise_amplitude_beam1,,,,counts,CE02SHSM,SBD11,VELPT
CE02SHSM-SBD11-04-VELPTA000,noise_amplitude_beam2,noise_amplitude_beam2,,,,counts,CE02SHSM,SBD11,VELPT
CE02SHSM-SBD11-04-VELPTA000,noise_amplitude_beam3,noise_amplitude_beam3,,,,counts,CE02SHSM,SBD11,VELPT
CE02SHSM-SBD11-04-VELPTA000,noise_amplitude_beam4,noise_amplitude_beam4,,,,counts,CE02SHSM,SBD11,VELPT
CE02SHSM-SBD11-04-VELPTA000,processing_magnitude_beam1,processing_magnitude_beam1,,,,1,CE02SHSM,SBD11,VELPT
CE02SHSM-SBD11-04-VELPTA000,processing_magnitude_beam2,processing_magnitude_beam2,,,,1,CE02SHSM,SBD11,VELPT
CE02SHSM-SBD11-04-VELPTA000,processing_magnitude_beam3,processing_magnitude_beam3,,,,1,CE02SHSM,SBD11,VELPT
CE02SHSM-SBD11-04-VELPTA000,processing_magnitude_beam4,processing_magnitude_beam4,,,,1,CE02SHSM,SBD11,VELPT
CE02SHSM-SBD11-04-VELPTA000,distance_beam1,distance_beam1,,,,1,CE02SHSM,SBD11,VELPT
CE02SHSM-SBD11-04-VELPTA000,distance_beam2,distance_beam2,,,,1,CE02SHSM,SBD11,VELPT
CE02SHSM-SBD11-04-VELPTA000,distance_beam3,distance_beam3,,,,1,CE02SHSM,SBD11,VELPT
CE02SHSM-SBD11-04-VELPTA000,distance_beam4,distance_beam4,,,,1,CE02SHSM,SBD11,VELPT
CE02SHSM-SBD11-04-VELPTA000,instrmt_type_serial_number,instrmt_type_serial_number,,,,1,CE02SHSM,SBD11,VELPT
CE02SHSM-SBD11-04-VELPTA000,pic_version,pic_version,,,,1,CE02SHSM,SBD11,VELPT
CE02SHSM-SBD11-04-VELPTA000,hardware_revision,hardware_revision,,,,1,CE02SHSM,SBD11,VELPT
CE02SHSM-SBD11-04-VELPTA000,recorder_size,recorder_size,,,,bytes,CE02SHSM,SBD11,VELPT
CE02SHSM-SBD11-04-VELPTA000,velocity_range,velocity_range,,,,1,CE02SHSM,SBD11,VELPT
CE02SHSM-SBD11-04-VELPTA000,pressure_sensor,pressure_sensor,,,,1,CE02SHSM,SBD11,VELPT
CE02SHSM-SBD11-04-VELPTA000,magnetometer_sensor,magnetometer_sensor,,,,1,CE02SHSM,SBD11,VELPT
CE02SHSM-SBD11-04-VELPTA000,tilt_sensor,tilt_sensor,,,,1,CE02SHSM,SBD11,VELPT
CE02SHSM-SBD11-04-VELPTA000,tilt_sensor_mounting,tilt_sensor_mounting,,,,1,CE02SHSM,SBD11,VELPT
CE02SHSM-SBD11-04-VELPTA000,head_frequency,head_frequency,,,,kHz,CE02SHSM,SBD11,VELPT
CE02SHSM-SBD11-04-VELPTA000,head_type,head_type,,,,1,CE02SHSM,SBD11,VELPT
CE02SHSM-SBD11-04-VELPTA000,head_serial_number,head_serial_number,,,,1,CE02SHSM,SBD11,VELPT
CE02SHSM-SBD11-04-VELPTA000,number_beams,number_beams,,,,1,CE02SHSM,SBD11,VELPT
CE02SHSM-SBD11-04-VELPTA000,transmit_pulse_length,transmit_pulse_length,,,,counts,CE02SHSM,SBD11,VELPT
CE02SHSM-SBD11-04-VELPTA000,blanking_distance,blanking_distance,,,,counts,CE02SHSM,SBD11,VELPT
CE02SHSM-SBD11-04-VELPTA000,receive_length,receive_length,,,,counts,CE02SHSM,SBD11,VELPT
CE02SHSM-SBD11-04-VELPTA000,time_between_pings,time_between_pings,,,,counts,CE02SHSM,SBD11,VELPT
CE02SHSM-SBD11-04-VELPTA000,time_between_bursts,time_between_bursts,,,,counts,CE02SHSM,SBD11,VELPT
CE02SHSM-SBD11-04-VELPTA000,average_interval,average_interval,,,,s,CE02SHSM,SBD11,VELPT
CE02SHSM-SBD11-04-VELPTA000,compass_update_rate,compass_update_rate,,,,Hz,CE02SHSM,SBD11,VELPT
CE02SHSM-SBD11-04-VELPTA000,coordinate_system,coordinate_system,,,,1,CE02SHSM,SBD11,VELPT
CE02SHSM-SBD11-04-VELPTA000,number_cells,number_cells,,,,1,CE02SHSM,SBD11,VELPT
CE02SHSM-SBD11-04-VELPTA000,measurement_interval,measurement_interval,,,,s,CE02SHSM,SBD11,VELPT
CE02SHSM-SBD11-04-VELPTA000,deployment_name,deployment_name,,,,1,CE02SHSM,SBD11,VELPT
CE02SHSM-SBD11-04-VELPTA000,diagnostics_interval,diagnostics_interval,,,,s,CE02SHSM,SBD11,VELPT
CE02SHSM-SBD11-04-VELPTA000,use_specified_sound_speed,use_specified_sound_speed,,,,1,CE02SHSM,SBD11,VELPT
CE02SHSM-SBD11-04-VELPTA000,diagnostics_mode_enable,diagnostics_mode_enable,,,,1,CE02SHSM,SBD11,VELPT
CE02SHSM-SBD11-04-VELPTA000,analog_output_enable,analog_output_enable,,,,1,CE02SHSM,SBD11,VELPT
CE02SHSM-SBD11-04-VELPTA000,output_format_nortek,output_format_nortek,,,,1,CE02SHSM,SBD11,VELPT
CE02SHSM-SBD11-04-VELPTA000,scaling,scaling,,,,1,CE02SHSM,SBD11,VELPT
CE02SHSM-SBD11-04-VELPTA000,serial_output_enable,serial_output_enable,,,,1,CE02SHSM,SBD11,VELPT
CE02SHSM-SBD11-04-VELPTA000,stage_enable,stage_enable,,,,1,CE02SHSM,SBD11,VELPT
CE02SHSM-SBD11-04-VELPTA000,analog_power_output,analog_power_output,,,,1,CE02SHSM,SBD11,VELPT
CE02SHSM-SBD11-04-VELPTA000,sound_speed_adjust_factor,sound_speed_adjust_factor,,,,m s-1,CE02SHSM,SBD11,VELPT
CE02SHSM-SBD11-04-VELPTA000,number_diagnostics_samples,number_diagnostics_samples,,,,1,CE02SHSM,SBD11,VELPT
CE02SHSM-SBD11-04-VELPTA000,number_pings_diagnostic,number_pings_diagnostic,,,,1,CE02SHSM,SBD11,VELPT
CE02SHSM-SBD11-04-VELPTA000,software_version,software_version,,,,1,CE02SHSM,SBD11,VELPT
CE02SHSM-SBD11-04-VELPTA000,correlation_threshold,correlation_threshold,,,,1,CE02SHSM,SBD11,VELPT
CE02SHSM-SBD11-04-VELPTA000,time,time,,,ENG,seconds since 1900-01-01,CE02SHSM,SBD11,VELPT
CE02SHSM-SBD11-04-VELPTA000,ingestion_timestamp,ingestion_timestamp,,,ENG,seconds since 1900-01-01,CE02SHSM,SBD11,VELPT
CE02SHSM-SBD11-04-VELPTA000,date_time_string,date_time_string,,,,1,CE02SHSM,SBD11,VELPT
CE02SHSM-SBD11-06-METBKA000,port_timestamp,port_timestamp,,,ENG,seconds since 1900-01-01,CE02SHSM,SBD11,METBK
CE02SHSM-SBD11-06-METBKA000,barometric_pressure,barometric_pressure,,,L0,mbar,CE02SHSM,SBD11,METBK
CE02SHSM-SBD11-06-METBKA000,relative_humidity,relative_humidity,0,100,L1,%,CE02SHSM,SBD11,METBK
CE02SHSM-SBD11-06-METBKA000,air_temperature,air_temperature,-50,50,L1,deg_C,CE02SHSM,SBD11,METBK
CE02SHSM-SBD11-06-METBKA000,longwave_irradiance,longwave_irradiance,200,500,L1,W m-2,CE02SHSM,SBD11,METBK
CE02SHSM-SBD11-06-METBKA000,precipitation,precipitation,0,50,L1,mm,CE02SHSM,SBD11,METBK
CE02SHSM-SBD11-06-METBKA000,sea_surface_temperature,sea_surface_temperature,-2,40,L1,deg_C,CE02SHSM,SBD11,METBK
CE02SHSM-SBD11-06-METBKA000,sea_surface_conductivity,sea_surface_conductivity,0,6,L1,S m-1,CE02SHSM,SBD11,METBK
CE02SHSM-SBD11-06-METBKA000,shortwave_irradiance,shortwave_irradiance,0,1000,L1,W m-2,CE02SHSM,SBD11,METBK
CE02SHSM-SBD11-06-METBKA000,eastward_wind_velocity,eastward_wind_velocity,-10,10,L0,m s-1,CE02SHSM,SBD11,METBK
CE02SHSM-SBD11-06-METBKA000,northward_wind_velocity,northward_wind_velocity,-10,10,L0,m s-1,CE02SHSM,SBD11,METBK
CE02SHSM-SBD11-06-METBKA000,driver_timestamp,driver_timestamp,,,ENG,seconds since 1900-01-01,CE02SHSM,SBD11,METBK
CE02SHSM-SBD11-06-METBKA000,internal_timestamp,internal_timestamp,,,ENG,seconds since 1900-01-01,CE02SHSM,SBD11,METBK
CE02SHSM-SBD11-06-METBKA000,preferred_timestamp,preferred_timestamp,,,ENG,1,CE02SHSM,SBD11,METBK
CE02SHSM-SBD11-06-METBKA000,dcl_controller_timestamp,dcl_controller_timestamp,,,ENG,1,CE02SHSM,SBD11,METBK
CE02SHSM-SBD11-06-METBKA000,met_barpres,met_barpres,87000,108330,L1,Pa,CE02SHSM,SBD11,METBK
CE02SHSM-SBD11-06-METBKA000,met_windavg_mag_corr_east,met_windavg_mag_corr_east,-33,33,L1,m s-1,CE02SHSM,SBD11,METBK
CE02SHSM-SBD11-06-METBKA000,met_windavg_mag_corr_north,met_windavg_mag_corr_north,-33,33,L1,m s-1,CE02SHSM,SBD11,METBK
CE02SHSM-SBD11-06-METBKA000,met_current_direction,met_current_direction,0,360,L1,degrees,CE02SHSM,SBD11,METBK
CE02SHSM-SBD11-06-METBKA000,met_current_speed,met_current_speed,-3,3,L1,m s-1,CE02SHSM,SBD11,METBK
CE02SHSM-SBD11-06-METBKA000,met_relwind_direction,met_relwind_direction,0,360,L1,degrees,CE02SHSM,SBD11,METBK
CE02SHSM-SBD11-06-METBKA000,met_relwind_speed,met_relwind_speed,-33,33,L1,m s-1,CE02SHSM,SBD11,METBK
CE02SHSM-SBD11-06-METBKA000,met_timeflx,met_timeflx,,,L1,seconds since 01-01-1900,CE02SHSM,SBD11,METBK
CE02SHSM-SBD11-06-METBKA000,met_netsirr,met_netsirr,0,500,L1,W m-2,CE02SHSM,SBD11,METBK
CE02SHSM-SBD11-06-METBKA000,met_rainrte,met_rainrte,0,50,L2,mm hr-1,CE02SHSM,SBD11,METBK
CE02SHSM-SBD11-06-METBKA000,met_salsurf,met_salsurf,0,42,L2,1,CE02SHSM,SBD11,METBK
CE02SHSM-SBD11-06-METBKA000,met_spechum,met_spechum,0,47,L2,g kg-1,CE02SHSM,SBD11,METBK
CE02SHSM-SBD11-06-METBKA000,met_buoyfls,met_buoyfls,,,L2,W m-2,CE02SHSM,SBD11,METBK
CE02SHSM-SBD11-06-METBKA000,met_buoyflx,met_buoyflx,,,L2,W m-2,CE02SHSM,SBD11,METBK
CE02SHSM-SBD11-06-METBKA000,met_frshflx,met_frshflx,,,L2,mm hr-1,CE02SHSM,SBD11,METBK
CE02SHSM-SBD11-06-METBKA000,met_heatflx,met_heatflx,,,L2,W m-2,CE02SHSM,SBD11,METBK
CE02SHSM-SBD11-06-METBKA000,met_latnflx,met_latnflx,,,L2,W m-2,CE02SHSM,SBD11,METBK
CE02SHSM-SBD11-06-METBKA000,met_mommflx,met_mommflx,,,L2,N m-2,CE02SHSM,SBD11,METBK
CE02SHSM-SBD11-06-METBKA000,met_netlirr,met_netlirr,,,L2,W m-2,CE02SHSM,SBD11,METBK
CE02SHSM-SBD11-06-METBKA000,met_rainflx,met_rainflx,,,L2,W m-2,CE02SHSM,SBD11,METBK
CE02SHSM-SBD11-06-METBKA000,met_sensflx,met_sensflx,,,L2,W m-2,CE02SHSM,SBD11,METBK
CE02SHSM-SBD11-06-METBKA000,met_sphum2m,met_sphum2m,0,47,L2,g kg-1,CE02SHSM,SBD11,METBK
CE02SHSM-SBD11-06-METBKA000,met_stablty,met_stablty,,,L2,1,CE02SHSM,SBD11,METBK
CE02SHSM-SBD11-06-METBKA000,met_tempa2m,met_tempa2m,-50,50,L2,deg_C,CE02SHSM,SBD11,METBK
CE02SHSM-SBD11-06-METBKA000,met_tempskn,met_tempskn,-2,40,L2,degC,CE02SHSM,SBD11,METBK
CE02SHSM-SBD11-06-METBKA000,met_wind10m,met_wind10m,-33,33,L2,m s-1,CE02SHSM,SBD11,METBK
CE02SHSM-SBD11-06-METBKA000,time,time,,,ENG,seconds since 1900-01-01,CE02SHSM,SBD11,METBK
CE02SHSM-SBD11-06-METBKA000,ingestion_timestamp,ingestion_timestamp,,,ENG,seconds since 1900-01-01,CE02SHSM,SBD11,METBK
CE02SHSM-SBD12-03-HYDGN0000,driver_timestamp,driver_timestamp,,,ENG,seconds since 1900-01-01,CE02SHSM,SBD12,HYDGN
CE02SHSM-SBD12-03-HYDGN0000,internal_timestamp,internal_timestamp,,,ENG,seconds since 1900-01-01,CE02SHSM,SBD12,HYDGN
CE02SHSM-SBD12-03-HYDGN0000,preferred_timestamp,preferred_timestamp,,,ENG,1,CE02SHSM,SBD12,HYDGN
CE02SHSM-SBD12-03-HYDGN0000,dcl_controller_timestamp,dcl_controller_timestamp,,,ENG,1,CE02SHSM,SBD12,HYDGN
CE02SHSM-SBD12-03-HYDGN0000,hyd_raw,hyd_raw,,,AUX,counts,CE02SHSM,SBD12,HYDGN
CE02SHSM-SBD12-03-HYDGN0000,hyd_percent,hyd_percent,,,AUX,Percentage,CE02SHSM,SBD12,HYDGN
CE02SHSM-SBD12-03-HYDGN0000,time,time,,,ENG,seconds since 1900-01-01,CE02SHSM,SBD12,HYDGN
CE02SHSM-SBD12-03-HYDGN0000,ingestion_timestamp,ingestion_timestamp,,,ENG,seconds since 1900-01-01,CE02SHSM,SBD12,HYDGN
CE02SHSM-SBD12-04-PCO2AA000,irga_detector_temperature,irga_detector_temperature,,,AUX,deg_C,CE02SHSM,SBD12,PCO2A
CE02SHSM-SBD12-04-PCO2AA000,irga_source_temperature,irga_source_temperature,,,AUX,deg_C,CE02SHSM,SBD12,PCO2A
CE02SHSM-SBD12-04-PCO2AA000,partial_pressure_co2_atm,partial_pressure_co2_atm,180,500,L1,uatm,CE02SHSM,SBD12,PCO2A
CE02SHSM-SBD12-04-PCO2AA000,partial_pressure_co2_ssw,partial_pressure_co2_ssw,100,600,L1,uatm,CE02SHSM,SBD12,PCO2A
CE02SHSM-SBD12-04-PCO2AA000,driver_timestamp,driver_timestamp,,,ENG,seconds since 1900-01-01,CE02SHSM,SBD12,PCO2A
CE02SHSM-SBD12-04-PCO2AA000,internal_timestamp,internal_timestamp,,,ENG,seconds since 1900-01-01,CE02SHSM,SBD12,PCO2A
CE02SHSM-SBD12-04-PCO2AA000,preferred_timestamp,preferred_timestamp,,,ENG,1,CE02SHSM,SBD12,PCO2A
CE02SHSM-SBD12-04-PCO2AA000,dcl_controller_timestamp,dcl_controller_timestamp,,,ENG,1,CE02SHSM,SBD12,PCO2A
CE02SHSM-SBD12-04-PCO2AA000,pco2_co2flux,pco2_co2flux,,,L2,mol m-2 s-1,CE02SHSM,SBD12,PCO2A
CE02SHSM-SBD12-04-PCO2AA000,time,time,,,ENG,seconds since 1900-01-01,CE02SHSM,SBD12,PCO2A
CE02SHSM-SBD12-04-PCO2AA000,ingestion_timestamp,ingestion_timestamp,,,ENG,seconds since 1900-01-01,CE02SHSM,SBD12,PCO2A
CE02SHSM-SBD12-04-PCO2AA000,date_time_string,date_time_string,,,,1,CE02SHSM,SBD12,PCO2A
CE02SHSM-SBD12-04-PCO2AA000,zero_a2d,zero_a2d,,,,counts,CE02SHSM,SBD12,PCO2A
CE02SHSM-SBD12-04-PCO2AA000,current_a2d,current_a2d,,,,counts,CE02SHSM,SBD12,PCO2A
CE02SHSM-SBD12-04-PCO2AA000,measured_air_co2,measured_air_co2,,,L0,ppm,CE02SHSM,SBD12,PCO2A
CE02SHSM-SBD12-04-PCO2AA000,measured_water_co2,measured_water_co2,,,L0,ppm,CE02SHSM,SBD12,PCO2A
CE02SHSM-SBD12-04-PCO2AA000,avg_irga_temperature,avg_irga_temperature,,,AUX,deg_C,CE02SHSM,SBD12,PCO2A
CE02SHSM-SBD12-04-PCO2AA000,humidity,humidity,,,AUX,mbar,CE02SHSM,SBD12,PCO2A
CE02SHSM-SBD12-04-PCO2AA000,humidity_temperature,humidity_temperature,,,AUX,deg_C,CE02SHSM,SBD12,PCO2A
CE02SHSM-SBD12-04-PCO2AA000,gas_stream_pressure,gas_stream_pressure,,,L0,mbar,CE02SHSM,SBD12,PCO2A
CE02SHSM-SBD12-05-WAVSSA000,driver_timestamp,driver_timestamp,,,ENG,seconds since 1900-01-01,CE02SHSM,SBD12,WAVSS
CE02SHSM-SBD12-05-WAVSSA000,date_string,date_string,,,ENG,1,CE02SHSM,SBD12,WAVSS
CE02SHSM-SBD12-05-WAVSSA000,time_string,time_string,,,ENG,1,CE02SHSM,SBD12,WAVSS
CE02SHSM-SBD12-05-WAVSSA000,internal_timestamp,internal_timestamp,,,ENG,seconds since 1900-01-01,CE02SHSM,SBD12,WAVSS
CE02SHSM-SBD12-05-WAVSSA000,preferred_timestamp,preferred_timestamp,,,ENG,1,CE02SHSM,SBD12,WAVSS
CE02SHSM-SBD12-05-WAVSSA000,dcl_controller_timestamp,dcl_controller_timestamp,,,ENG,1,CE02SHSM,SBD12,WAVSS
CE02SHSM-SBD12-05-WAVSSA000,number_zero_crossings,number_zero_crossings,,,L0,counts,CE02SHSM,SBD12,WAVSS
CE02SHSM-SBD12-05-WAVSSA000,average_wave_height,average_wave_height,0,12,L0,m,CE02SHSM,SBD12,WAVSS
CE02SHSM-SBD12-05-WAVSSA000,mean_spectral_period,mean_spectral_period,,,,sec,CE02SHSM,SBD12,WAVSS
CE02SHSM-SBD12-05-WAVSSA000,max_wave_height,max_wave_height,0,30,L0,m,CE02SHSM,SBD12,WAVSS
CE02SHSM-SBD12-05-WAVSSA000,significant_wave_height,significant_wave_height,0,18,L0,m,CE02SHSM,SBD12,WAVSS
CE02SHSM-SBD12-05-WAVSSA000,significant_period,significant_period,3,20,L0,sec,CE02SHSM,SBD12,WAVSS
CE02SHSM-SBD12-05-WAVSSA000,wave_height_10,wave_height_10,0,23,L0,m,CE02SHSM,SBD12,WAVSS
CE02SHSM-SBD12-05-WAVSSA000,wave_period_10,wave_period_10,3,30,L0,sec,CE02SHSM,SBD12,WAVSS
CE02SHSM-SBD12-05-WAVSSA000,mean_wave_period,mean_wave_period,3,30,L0,sec,CE02SHSM,SBD12,WAVSS
CE02SHSM-SBD12-05-WAVSSA000,peak_wave_period,peak_wave_period,3,30,L0,sec,CE02SHSM,SBD12,WAVSS
CE02SHSM-SBD12-05-WAVSSA000,wave_period_tp5,wave_period_tp5,3,30,L0,sec,CE02SHSM,SBD12,WAVSS
CE02SHSM-SBD12-05-WAVSSA000,wave_height_hmo,wave_height_hmo,0,30,L0,m,CE02SHSM,SBD12,WAVSS
CE02SHSM-SBD12-05-WAVSSA000,mean_direction,mean_direction,0,360,L0,degrees,CE02SHSM,SBD12,WAVSS
CE02SHSM-SBD12-05-WAVSSA000,mean_spread,mean_spread,,,,degrees,CE02SHSM,SBD12,WAVSS
CE02SHSM-SBD12-05-WAVSSA000,number_bands,number_bands,,,,1,CE02SHSM,SBD12,WAVSS
CE02SHSM-SBD12-05-WAVSSA000,initial_frequency,initial_frequency,,,,Hz,CE02SHSM,SBD12,WAVSS
CE02SHSM-SBD12-05-WAVSSA000,frequency_spacing,frequency_spacing,,,,Hz,CE02SHSM,SBD12,WAVSS
CE02SHSM-SBD12-05-WAVSSA000,psd_non_directional,psd_non_directional,,,L0,m2 Hz-1,CE02SHSM,SBD12,WAVSS
CE02SHSM-SBD12-05-WAVSSA000,psd_mean_directional,psd_mean_directional,,,L0,m2 Hz-1,CE02SHSM,SBD12,WAVSS
CE02SHSM-SBD12-05-WAVSSA000,mean_direction_array,mean_direction_array,0,360,L0,degrees,CE02SHSM,SBD12,WAVSS
CE02SHSM-SBD12-05-WAVSSA000,directional_spread_array,directional_spread_array,0,360,L0,degrees,CE02SHSM,SBD12,WAVSS
CE02SHSM-SBD12-05-WAVSSA000,number_time_samples,number_time_samples,,,,1,CE02SHSM,SBD12,WAVSS
CE02SHSM-SBD12-05-WAVSSA000,initial_time,initial_time,,,,sec,CE02SHSM,SBD12,WAVSS
CE02SHSM-SBD12-05-WAVSSA000,time_spacing,time_spacing,,,,sec,CE02SHSM,SBD12,WAVSS
CE02SHSM-SBD12-05-WAVSSA000,solution_found,solution_found,,,,1,CE02SHSM,SBD12,WAVSS
CE02SHSM-SBD12-05-WAVSSA000,heave_offset_array,heave_offset_array,0,3,L0,m,CE02SHSM,SBD12,WAVSS
CE02SHSM-SBD12-05-WAVSSA000,north_offset_array,north_offset_array,0,50,L0,m,CE02SHSM,SBD12,WAVSS
CE02SHSM-SBD12-05-WAVSSA000,east_offset_array,east_offset_array,0,50,L0,m,CE02SHSM,SBD12,WAVSS
CE02SHSM-SBD12-05-WAVSSA000,number_directional_bands,number_directional_bands,,,,1,CE02SHSM,SBD12,WAVSS
CE02SHSM-SBD12-05-WAVSSA000,initial_directional_frequency,initial_directional_frequency,,,,Hz,CE02SHSM,SBD12,WAVSS
CE02SHSM-SBD12-05-WAVSSA000,directional_frequency_spacing,directional_frequency_spacing,,,,Hz,CE02SHSM,SBD12,WAVSS
CE02SHSM-SBD12-05-WAVSSA000,fourier_coefficient_2d_array,fourier_coefficient_2d_array,,,,1,CE02SHSM,SBD12,WAVSS
CE02SHSM-SBD12-05-WAVSSA000,spread_direction,spread_direction,0,360,L0,degrees,CE02SHSM,SBD12,WAVSS
CE02SHSM-SBD12-05-WAVSSA000,wavss_a_directional_frequency,wavss_a_directional_frequency,,,L1,Hz,CE02SHSM,SBD12,WAVSS
CE02SHSM-SBD12-05-WAVSSA000,wavss_a_non_directional_frequency,wavss_a_non_directional_frequency,,,L1,Hz,CE02SHSM,SBD12,WAVSS
CE02SHSM-SBD12-05-WAVSSA000,wavss_a_buoymotion_time,wavss_a_buoymotion_time,,,L1,seconds since 1900-01-01,CE02SHSM,SBD12,WAVSS
CE02SHSM-SBD12-05-WAVSSA000,wavss_a_corrected_mean_wave_direction,wavss_a_corrected_mean_wave_direction,0,360,L1,deg,CE02SHSM,SBD12,WAVSS
CE02SHSM-SBD12-05-WAVSSA000,wavss_a_corrected_directional_wave_direction,wavss_a_corrected_directional_wave_direction,0,360,L1,deg,CE02SHSM,SBD12,WAVSS
CE02SHSM-SBD12-05-WAVSSA000,wavss_a_magcor_buoymotion_x,wavss_a_magcor_buoymotion_x,0,50,L1,m,CE02SHSM,SBD12,WAVSS
CE02SHSM-SBD12-05-WAVSSA000,wavss_a_magcor_buoymotion_y,wavss_a_magcor_buoymotion_y,0,50,L1,m,CE02SHSM,SBD12,WAVSS
CE02SHSM-SBD12-05-WAVSSA000,serial_number,serial_number,,,ENG,1,CE02SHSM,SBD12,WAVSS
CE02SHSM-SBD12-05-WAVSSA000,time,time,,,ENG,seconds since 1900-01-01,CE02SHSM,SBD12,WAVSS
CE02SHSM-SBD12-05-WAVSSA000,ingestion_timestamp,ingestion_timestamp,,,ENG,seconds since 1900-01-01,CE02SHSM,SBD12,WAVSS
CE02SHSM-SBD12-08-FDCHPA000,driver_timestamp,driver_timestamp,,,ENG,seconds since 1900-01-01,CE02SHSM,SBD12,FDCHP
CE02SHSM-SBD12-08-FDCHPA000,internal_timestamp,internal_timestamp,,,ENG,seconds since 1900-01-01,CE02SHSM,SBD12,FDCHP
CE02SHSM-SBD12-08-FDCHPA000,preferred_timestamp,preferred_timestamp,,,ENG,1,CE02SHSM,SBD12,FDCHP
CE02SHSM-SBD12-08-FDCHPA000,dcl_controller_timestamp,dcl_controller_timestamp,,,ENG,1,CE02SHSM,SBD12,FDCHP
CE02SHSM-SBD12-08-FDCHPA000,year,year,,,,year,CE02SHSM,SBD12,FDCHP
CE02SHSM-SBD12-08-FDCHPA000,instrument_start_timestamp,instrument_start_timestamp,,,ENG,1,CE02SHSM,SBD12,FDCHP
CE02SHSM-SBD12-08-FDCHPA000,time_datacollection,time_datacollection,,,ENG,sec,CE02SHSM,SBD12,FDCHP
CE02SHSM-SBD12-08-FDCHPA000,v_num_datacollection,v_num_datacollection,,,ENG,1,CE02SHSM,SBD12,FDCHP
CE02SHSM-SBD12-08-FDCHPA000,status_datacollection,status_datacollection,,,ENG,1,CE02SHSM,SBD12,FDCHP
CE02SHSM-SBD12-08-FDCHPA000,wind_u_avg,wind_u_avg,,,AUX,m s-1,CE02SHSM,SBD12,FDCHP
CE02SHSM-SBD12-08-FDCHPA000,wind_v_avg,wind_v_avg,,,AUX,m s-1,CE02SHSM,SBD12,FDCHP
CE02SHSM-SBD12-08-FDCHPA000,wind_w_avg,wind_w_avg,,,AUX,m s-1,CE02SHSM,SBD12,FDCHP
CE02SHSM-SBD12-08-FDCHPA000,speed_of_sound_avg,speed_of_sound_avg,,,AUX,m s-1,CE02SHSM,SBD12,FDCHP
CE02SHSM-SBD12-08-FDCHPA000,wind_u_std,wind_u_std,,,AUX,m s-1,CE02SHSM,SBD12,FDCHP
CE02SHSM-SBD12-08-FDCHPA000,wind_v_std,wind_v_std,,,AUX,m s-1,CE02SHSM,SBD12,FDCHP
CE02SHSM-SBD12-08-FDCHPA000,wind_w_std,wind_w_std,,,AUX,m s-1,CE02SHSM,SBD12,FDCHP
CE02SHSM-SBD12-08-FDCHPA000,speed_of_sound_std,speed_of_sound_std,,,AUX,m s-1,CE02SHSM,SBD12,FDCHP
CE02SHSM-SBD12-08-FDCHPA000,wind_u_max,wind_u_max,,,AUX,m s-1,CE02SHSM,SBD12,FDCHP
CE02SHSM-SBD12-08-FDCHPA000,wind_v_max,wind_v_max,,,AUX,m s-1,CE02SHSM,SBD12,FDCHP
CE02SHSM-SBD12-08-FDCHPA000,wind_w_max,wind_w_max,,,AUX,m s-1,CE02SHSM,SBD12,FDCHP
CE02SHSM-SBD12-08-FDCHPA000,speed_of_sound_max,speed_of_sound_max,,,AUX,m s-1,CE02SHSM,SBD12,FDCHP
CE02SHSM-SBD12-08-FDCHPA000,wind_u_min,wind_u_min,,,AUX,m s-1,CE02SHSM,SBD12,FDCHP
CE02SHSM-SBD12-08-FDCHPA000,wind_v_min,wind_v_min,,,AUX,m s-1,CE02SHSM,SBD12,FDCHP
CE02SHSM-SBD12-08-FDCHPA000,wind_w_min,wind_w_min,,,AUX,m s-1,CE02SHSM,SBD12,FDCHP
CE02SHSM-SBD12-08-FDCHPA000,speed_of_sound_min,speed_of_sound_min,,,AUX,m s-1,CE02SHSM,SBD12,FDCHP
CE02SHSM-SBD12-08-FDCHPA000,x_accel,x_accel,,,AUX,m s-2,CE02SHSM,SBD12,FDCHP
CE02SHSM-SBD12-08-FDCHPA000,y_accel,y_accel,,,AUX,m s-2,CE02SHSM,SBD12,FDCHP
CE02SHSM-SBD12-08-FDCHPA000,z_accel,z_accel,,,AUX,m s-2,CE02SHSM,SBD12,FDCHP
CE02SHSM-SBD12-08-FDCHPA000,x_accel_std,x_accel_std,,,AUX,m s-2,CE02SHSM,SBD12,FDCHP
CE02SHSM-SBD12-08-FDCHPA000,y_accel_std,y_accel_std,,,AUX,m s-2,CE02SHSM,SBD12,FDCHP
CE02SHSM-SBD12-08-FDCHPA000,z_accel_std,z_accel_std,,,AUX,m s-2,CE02SHSM,SBD12,FDCHP
CE02SHSM-SBD12-08-FDCHPA000,x_accel_max,x_accel_max,,,AUX,m s-2,CE02SHSM,SBD12,FDCHP
CE02SHSM-SBD12-08-FDCHPA000,y_accel_max,y_accel_max,,,AUX,m s-2,CE02SHSM,SBD12,FDCHP
CE02SHSM-SBD12-08-FDCHPA000,z_accel_max,z_accel_max,,,AUX,m s-2,CE02SHSM,SBD12,FDCHP
CE02SHSM-SBD12-08-FDCHPA000,x_accel_min,x_accel_min,,,AUX,m s-2,CE02SHSM,SBD12,FDCHP
CE02SHSM-SBD12-08-FDCHPA000,y_accel_min,y_accel_min,,,AUX,m s-2,CE02SHSM,SBD12,FDCHP
CE02SHSM-SBD12-08-FDCHPA000,z_accel_min,z_accel_min,,,AUX,m s-2,CE02SHSM,SBD12,FDCHP
CE02SHSM-SBD12-08-FDCHPA000,x_ang_rate,x_ang_rate,,,AUX,rad s-1,CE02SHSM,SBD12,FDCHP
CE02SHSM-SBD12-08-FDCHPA000,x_ang_rate,x_ang_rate,,,L0,rad s-1,CE02SHSM,SBD12,FDCHP
CE02SHSM-SBD12-08-FDCHPA000,y_ang_rate,y_ang_rate,,,AUX,rad s-1,CE02SHSM,SBD12,FDCHP
CE02SHSM-SBD12-08-FDCHPA000,y_ang_rate,y_ang_rate,,,L0,rad s-1,CE02SHSM,SBD12,FDCHP
CE02SHSM-SBD12-08-FDCHPA000,z_ang_rate,z_ang_rate,,,AUX,rad s-1,CE02SHSM,SBD12,FDCHP
CE02SHSM-SBD12-08-FDCHPA000,z_ang_rate,z_ang_rate,,,L0,rad s-1,CE02SHSM,SBD12,FDCHP
CE02SHSM-SBD12-08-FDCHPA000,x_ang_rate_std,x_ang_rate_std,,,AUX,rad s-1,CE02SHSM,SBD12,FDCHP
CE02SHSM-SBD12-08-FDCHPA000,y_ang_rate_std,y_ang_rate_std,,,AUX,rad s-1,CE02SHSM,SBD12,FDCHP
CE02SHSM-SBD12-08-FDCHPA000,z_ang_rate_std,z_ang_rate_std,,,AUX,rad s-1,CE02SHSM,SBD12,FDCHP
CE02SHSM-SBD12-08-FDCHPA000,x_ang_rate_max,x_ang_rate_max,,,AUX,rad s-1,CE02SHSM,SBD12,FDCHP
CE02SHSM-SBD12-08-FDCHPA000,y_ang_rate_max,y_ang_rate_max,,,AUX,rad s-1,CE02SHSM,SBD12,FDCHP
CE02SHSM-SBD12-08-FDCHPA000,z_ang_rate_max,z_ang_rate_max,,,AUX,rad s-1,CE02SHSM,SBD12,FDCHP
CE02SHSM-SBD12-08-FDCHPA000,x_ang_rate_min,x_ang_rate_min,,,AUX,rad s-1,CE02SHSM,SBD12,FDCHP
CE02SHSM-SBD12-08-FDCHPA000,y_ang_rate_min,y_ang_rate_min,,,AUX,rad s-1,CE02SHSM,SBD12,FDCHP
CE02SHSM-SBD12-08-FDCHPA000,z_ang_rate_min,z_ang_rate_min,,,AUX,rad s-1,CE02SHSM,SBD12,FDCHP
CE02SHSM-SBD12-08-FDCHPA000,heading_std,heading_std,,,AUX,rad,CE02SHSM,SBD12,FDCHP
CE02SHSM-SBD12-08-FDCHPA000,pitch_std,pitch_std,,,AUX,rad,CE02SHSM,SBD12,FDCHP
CE02SHSM-SBD12-08-FDCHPA000,roll_std,roll_std,,,AUX,rad,CE02SHSM,SBD12,FDCHP
CE02SHSM-SBD12-08-FDCHPA000,heading_max,heading_max,,,AUX,rad,CE02SHSM,SBD12,FDCHP
CE02SHSM-SBD12-08-FDCHPA000,pitch_max,pitch_max,,,AUX,rad,CE02SHSM,SBD12,FDCHP
CE02SHSM-SBD12-08-FDCHPA000,roll_max,roll_max,,,AUX,rad,CE02SHSM,SBD12,FDCHP
CE02SHSM-SBD12-08-FDCHPA000,heading_min,heading_min,,,AUX,rad,CE02SHSM,SBD12,FDCHP
CE02SHSM-SBD12-08-FDCHPA000,pitch_min,pitch_min,,,AUX,rad,CE02SHSM,SBD12,FDCHP
CE02SHSM-SBD12-08-FDCHPA000,roll_min,roll_min,,,AUX,rad,CE02SHSM,SBD12,FDCHP
CE02SHSM-SBD12-08-FDCHPA000,u_corr,u_corr,,,AUX,m s-1,CE02SHSM,SBD12,FDCHP
CE02SHSM-SBD12-08-FDCHPA000,v_corr,v_corr,,,AUX,m s-1,CE02SHSM,SBD12,FDCHP
CE02SHSM-SBD12-08-FDCHPA000,w_corr,w_corr,,,AUX,m s-1,CE02SHSM,SBD12,FDCHP
CE02SHSM-SBD12-08-FDCHPA000,u_corr_std,u_corr_std,,,AUX,m s-1,CE02SHSM,SBD12,FDCHP
CE02SHSM-SBD12-08-FDCHPA000,v_corr_std,v_corr_std,,,AUX,m s-1,CE02SHSM,SBD12,FDCHP
CE02SHSM-SBD12-08-FDCHPA000,w_corr_std,w_corr_std,,,AUX,m s-1,CE02SHSM,SBD12,FDCHP
CE02SHSM-SBD12-08-FDCHPA000,wind_speed,wind_speed,,,AUX,m s-1,CE02SHSM,SBD12,FDCHP
CE02SHSM-SBD12-08-FDCHPA000,uw_momentum_flux,uw_momentum_flux,,,L2,m2 s-2,CE02SHSM,SBD12,FDCHP
CE02SHSM-SBD12-08-FDCHPA000,vw_momentum_flux,vw_momentum_flux,,,L2,m2 s-2,CE02SHSM,SBD12,FDCHP
CE02SHSM-SBD12-08-FDCHPA000,buoyance_flux,buoyance_flux,,,L2,m s-1 K,CE02SHSM,SBD12,FDCHP
CE02SHSM-SBD12-08-FDCHPA000,eng_wave_motion,eng_wave_motion,,,ENG,1,CE02SHSM,SBD12,FDCHP
CE02SHSM-SBD12-08-FDCHPA000,month,month,,,ENG,month,CE02SHSM,SBD12,FDCHP
CE02SHSM-SBD12-08-FDCHPA000,day,day,,,ENG,day,CE02SHSM,SBD12,FDCHP
CE02SHSM-SBD12-08-FDCHPA000,hour,hour,,,ENG,hour,CE02SHSM,SBD12,FDCHP
CE02SHSM-SBD12-08-FDCHPA000,minute,minute,,,ENG,minute,CE02SHSM,SBD12,FDCHP
CE02SHSM-SBD12-08-FDCHPA000,second,second,,,ENG,second,CE02SHSM,SBD12,FDCHP
CE02SHSM-SBD12-08-FDCHPA000,millisecond,millisecond,,,ENG,millisecond,CE02SHSM,SBD12,FDCHP
CE02SHSM-SBD12-08-FDCHPA000,fdchp_wind_x,fdchp_wind_x,,,L0,cm s-1,CE02SHSM,SBD12,FDCHP
CE02SHSM-SBD12-08-FDCHPA000,fdchp_wind_y,fdchp_wind_y,,,L0,cm s-1,CE02SHSM,SBD12,FDCHP
CE02SHSM-SBD12-08-FDCHPA000,fdchp_wind_z,fdchp_wind_z,,,L0,cm s-1,CE02SHSM,SBD12,FDCHP
CE02SHSM-SBD12-08-FDCHPA000,fdchp_speed_of_sound_sonic,fdchp_speed_of_sound_sonic,,,L0,cm s-1,CE02SHSM,SBD12,FDCHP
CE02SHSM-SBD12-08-FDCHPA000,fdchp_x_accel_g,fdchp_x_accel_g,,,L0,g [m s-2],CE02SHSM,SBD12,FDCHP
CE02SHSM-SBD12-08-FDCHPA000,fdchp_y_accel_g,fdchp_y_accel_g,,,L0,g [m s-2],CE02SHSM,SBD12,FDCHP
CE02SHSM-SBD12-08-FDCHPA000,fdchp_z_accel_g,fdchp_z_accel_g,,,L0,g [m s-2],CE02SHSM,SBD12,FDCHP
CE02SHSM-SBD12-08-FDCHPA000,fdchp_roll,fdchp_roll,0,360,L0,rad,CE02SHSM,SBD12,FDCHP
CE02SHSM-SBD12-08-FDCHPA000,fdchp_pitch,fdchp_pitch,0,360,L0,rad,CE02SHSM,SBD12,FDCHP
CE02SHSM-SBD12-08-FDCHPA000,fdchp_heading,fdchp_heading,0,360,L0,rad,CE02SHSM,SBD12,FDCHP
CE02SHSM-SBD12-08-FDCHPA000,fdchp_status_1,fdchp_status_1,,,ENG,1,CE02SHSM,SBD12,FDCHP
CE02SHSM-SBD12-08-FDCHPA000,fdchp_status_2,fdchp_status_2,,,ENG,1,CE02SHSM,SBD12,FDCHP
CE02SHSM-SBD12-08-FDCHPA000,fdchp_a_tmpatur,fdchp_a_tmpatur,-50,50,L1,deg_C,CE02SHSM,SBD12,FDCHP
CE02SHSM-SBD12-08-FDCHPA000,fdchp_a_windtur_north,fdchp_a_windtur_north,-33,33,L1,m s-1,CE02SHSM,SBD12,FDCHP
CE02SHSM-SBD12-08-FDCHPA000,fdchp_a_windtur_up,fdchp_a_windtur_up,-10,10,L1,m s-1,CE02SHSM,SBD12,FDCHP
CE02SHSM-SBD12-08-FDCHPA000,fdchp_a_windtur_west,fdchp_a_windtur_west,-33,33,L1,m s-1,CE02SHSM,SBD12,FDCHP
CE02SHSM-SBD12-08-FDCHPA000,fdchp_a_fluxhot,fdchp_a_fluxhot,,,L2,m s-1 K,CE02SHSM,SBD12,FDCHP
CE02SHSM-SBD12-08-FDCHPA000,fdchp_a_fluxmom_alongwind,fdchp_a_fluxmom_alongwind,,,L2,m2 s-2,CE02SHSM,SBD12,FDCHP
CE02SHSM-SBD12-08-FDCHPA000,fdchp_a_fluxmom_crosswind,fdchp_a_fluxmom_crosswind,,,L2,m2 s-2,CE02SHSM,SBD12,FDCHP
CE02SHSM-SBD12-08-FDCHPA000,fdchp_a_time_L1,fdchp_a_time_L1,,,L1,seconds since 1900-01-01,CE02SHSM,SBD12,FDCHP
CE02SHSM-SBD12-08-FDCHPA000,fdchp_a_time_L2,fdchp_a_time_L2,,,L1,seconds since 1900-01-01,CE02SHSM,SBD12,FDCHP
CE02SHSM-SBD12-08-FDCHPA000,heading,heading,,,AUX,rad,CE02SHSM,SBD12,FDCHP
CE02SHSM-SBD12-08-FDCHPA000,pitch,pitch,,,AUX,rad,CE02SHSM,SBD12,FDCHP
CE02SHSM-SBD12-08-FDCHPA000,roll,roll,,,AUX,rad,CE02SHSM,SBD12,FDCHP
CE02SHSM-SBD12-08-FDCHPA000,time,time,,,ENG,seconds since 1900-01-01,CE02SHSM,SBD12,FDCHP
CE02SHSM-SBD12-08-FDCHPA000,ingestion_timestamp,ingestion_timestamp,,,ENG,seconds since 1900-01-01,CE02SHSM,SBD12,FDCHP
CE04OSBP-LJ01C-05-ADCPSI103,port_timestamp,port_timestamp,,,,seconds since 1900-01-01,CE04OSBP,LJ01C,ADCPS
CE04OSBP-LJ01C-05-ADCPSI103,port_timestamp,port_timestamp,,,ENG,seconds since 1900-01-01,CE04OSBP,LJ01C,ADCPS
CE04OSBP-LJ01C-05-ADCPSI103,driver_timestamp,driver_timestamp,,,,seconds since 1900-01-01,CE04OSBP,LJ01C,ADCPS
CE04OSBP-LJ01C-05-ADCPSI103,driver_timestamp,driver_timestamp,,,ENG,seconds since 1900-01-01,CE04OSBP,LJ01C,ADCPS
CE04OSBP-LJ01C-05-ADCPSI103,internal_timestamp,internal_timestamp,,,,seconds since 1900-01-01,CE04OSBP,LJ01C,ADCPS
CE04OSBP-LJ01C-05-ADCPSI103,internal_timestamp,internal_timestamp,,,ENG,seconds since 1900-01-01,CE04OSBP,LJ01C,ADCPS
CE04OSBP-LJ01C-05-ADCPSI103,preferred_timestamp,preferred_timestamp,,,,1,CE04OSBP,LJ01C,ADCPS
CE04OSBP-LJ01C-05-ADCPSI103,preferred_timestamp,preferred_timestamp,,,ENG,1,CE04OSBP,LJ01C,ADCPS
CE04OSBP-LJ01C-05-ADCPSI103,adcp_ambient_temp,adcp_ambient_temp,,,,deg_C,CE04OSBP,LJ01C,ADCPS
CE04OSBP-LJ01C-05-ADCPSI103,adcp_attitude_temp,adcp_attitude_temp,,,,deg_C,CE04OSBP,LJ01C,ADCPS
CE04OSBP-LJ01C-05-ADCPSI103,adcp_internal_moisture,adcp_internal_moisture,,,,1,CE04OSBP,LJ01C,ADCPS
CE04OSBP-LJ01C-05-ADCPSI103,adcp_transmit_current,adcp_transmit_current,,,,Amps,CE04OSBP,LJ01C,ADCPS
CE04OSBP-LJ01C-05-ADCPSI103,adcp_transmit_voltage,adcp_transmit_voltage,,,,V,CE04OSBP,LJ01C,ADCPS
CE04OSBP-LJ01C-05-ADCPSI103,adcp_transmit_impedance,adcp_transmit_impedance,,,,Ohms,CE04OSBP,LJ01C,ADCPS
CE04OSBP-LJ01C-05-ADCPSI103,adcp_transmit_test_results,adcp_transmit_test_results,,,,1,CE04OSBP,LJ01C,ADCPS
CE04OSBP-LJ01C-05-ADCPSI103,corrected_echo_intensity_beam1,corrected_echo_intensity_beam1,0,255,L1,dB,CE04OSBP,LJ01C,ADCPS
CE04OSBP-LJ01C-05-ADCPSI103,corrected_echo_intensity_beam2,corrected_echo_intensity_beam2,0,255,L1,dB,CE04OSBP,LJ01C,ADCPS
CE04OSBP-LJ01C-05-ADCPSI103,corrected_echo_intensity_beam3,corrected_echo_intensity_beam3,0,255,L1,dB,CE04OSBP,LJ01C,ADCPS
CE04OSBP-LJ01C-05-ADCPSI103,corrected_echo_intensity_beam4,corrected_echo_intensity_beam4,0,255,L1,dB,CE04OSBP,LJ01C,ADCPS
CE04OSBP-LJ01C-05-ADCPSI103,serial_number,serial_number,,,,1,CE04OSBP,LJ01C,ADCPS
CE04OSBP-LJ01C-05-ADCPSI103,serial_number,serial_number,,,ENG,1,CE04OSBP,LJ01C,ADCPS
CE04OSBP-LJ01C-05-ADCPSI103,header_id,header_id,,,,1,CE04OSBP,LJ01C,ADCPS
CE04OSBP-LJ01C-05-ADCPSI103,header_id,header_id,,,ENG,1,CE04OSBP,LJ01C,ADCPS
CE04OSBP-LJ01C-05-ADCPSI103,data_source_id,data_source_id,,,,1,CE04OSBP,LJ01C,ADCPS
CE04OSBP-LJ01C-05-ADCPSI103,data_source_id,data_source_id,,,ENG,1,CE04OSBP,LJ01C,ADCPS
CE04OSBP-LJ01C-05-ADCPSI103,num_bytes,num_bytes,,,,1,CE04OSBP,LJ01C,ADCPS
CE04OSBP-LJ01C-05-ADCPSI103,num_bytes,num_bytes,,,ENG,1,CE04OSBP,LJ01C,ADCPS
CE04OSBP-LJ01C-05-ADCPSI103,num_data_types,num_data_types,,,,1,CE04OSBP,LJ01C,ADCPS
CE04OSBP-LJ01C-05-ADCPSI103,num_data_types,num_data_types,,,ENG,1,CE04OSBP,LJ01C,ADCPS
CE04OSBP-LJ01C-05-ADCPSI103,offset_data_types,offset_data_types,,,,1,CE04OSBP,LJ01C,ADCPS
CE04OSBP-LJ01C-05-ADCPSI103,offset_data_types,offset_data_types,,,ENG,1,CE04OSBP,LJ01C,ADCPS
CE04OSBP-LJ01C-05-ADCPSI103,fixed_leader_id,fixed_leader_id,,,,1,CE04OSBP,LJ01C,ADCPS
CE04OSBP-LJ01C-05-ADCPSI103,fixed_leader_id,fixed_leader_id,,,ENG,1,CE04OSBP,LJ01C,ADCPS
CE04OSBP-LJ01C-05-ADCPSI103,firmware_version,firmware_version,,,,1,CE04OSBP,LJ01C,ADCPS
CE04OSBP-LJ01C-05-ADCPSI103,firmware_version,firmware_version,,,ENG,1,CE04OSBP,LJ01C,ADCPS
CE04OSBP-LJ01C-05-ADCPSI103,firmware_revision,firmware_revision,,,,1,CE04OSBP,LJ01C,ADCPS
CE04OSBP-LJ01C-05-ADCPSI103,firmware_revision,firmware_revision,,,ENG,1,CE04OSBP,LJ01C,ADCPS
CE04OSBP-LJ01C-05-ADCPSI103,sysconfig_frequency,sysconfig_frequency,,,,kHz,CE04OSBP,LJ01C,ADCPS
CE04OSBP-LJ01C-05-ADCPSI103,sysconfig_frequency,sysconfig_frequency,,,AUX,kHz,CE04OSBP,LJ01C,ADCPS
CE04OSBP-LJ01C-05-ADCPSI103,sysconfig_beam_pattern,sysconfig_beam_pattern,,,,1,CE04OSBP,LJ01C,ADCPS
CE04OSBP-LJ01C-05-ADCPSI103,sysconfig_beam_pattern,sysconfig_beam_pattern,,,AUX,1,CE04OSBP,LJ01C,ADCPS
CE04OSBP-LJ01C-05-ADCPSI103,sysconfig_sensor_config,sysconfig_sensor_config,,,,1,CE04OSBP,LJ01C,ADCPS
CE04OSBP-LJ01C-05-ADCPSI103,sysconfig_sensor_config,sysconfig_sensor_config,,,ENG,1,CE04OSBP,LJ01C,ADCPS
CE04OSBP-LJ01C-05-ADCPSI103,sysconfig_head_attached,sysconfig_head_attached,,,,1,CE04OSBP,LJ01C,ADCPS
CE04OSBP-LJ01C-05-ADCPSI103,sysconfig_head_attached,sysconfig_head_attached,,,ENG,1,CE04OSBP,LJ01C,ADCPS
CE04OSBP-LJ01C-05-ADCPSI103,sysconfig_vertical_orientation,sysconfig_vertical_orientation,,,,1,CE04OSBP,LJ01C,ADCPS
CE04OSBP-LJ01C-05-ADCPSI103,sysconfig_vertical_orientation,sysconfig_vertical_orientation,,,AUX,1,CE04OSBP,LJ01C,ADCPS
CE04OSBP-LJ01C-05-ADCPSI103,data_flag,data_flag,,,,1,CE04OSBP,LJ01C,ADCPS
CE04OSBP-LJ01C-05-ADCPSI103,data_flag,data_flag,,,ENG,1,CE04OSBP,LJ01C,ADCPS
CE04OSBP-LJ01C-05-ADCPSI103,lag_length,lag_length,,,,s,CE04OSBP,LJ01C,ADCPS
CE04OSBP-LJ01C-05-ADCPSI103,lag_length,lag_length,,,ENG,s,CE04OSBP,LJ01C,ADCPS
CE04OSBP-LJ01C-05-ADCPSI103,num_beams,num_beams,,,,1,CE04OSBP,LJ01C,ADCPS
CE04OSBP-LJ01C-05-ADCPSI103,num_beams,num_beams,,,ENG,1,CE04OSBP,LJ01C,ADCPS
CE04OSBP-LJ01C-05-ADCPSI103,num_cells,num_cells,,,,1,CE04OSBP,LJ01C,ADCPS
CE04OSBP-LJ01C-05-ADCPSI103,num_cells,num_cells,,,ENG,1,CE04OSBP,LJ01C,ADCPS
CE04OSBP-LJ01C-05-ADCPSI103,pings_per_ensemble,pings_per_ensemble,,,,1,CE04OSBP,LJ01C,ADCPS
CE04OSBP-LJ01C-05-ADCPSI103,pings_per_ensemble,pings_per_ensemble,,,ENG,1,CE04OSBP,LJ01C,ADCPS
CE04OSBP-LJ01C-05-ADCPSI103,cell_length,cell_length,,,,cm,CE04OSBP,LJ01C,ADCPS
CE04OSBP-LJ01C-05-ADCPSI103,cell_length,cell_length,,,AUX,cm,CE04OSBP,LJ01C,ADCPS
CE04OSBP-LJ01C-05-ADCPSI103,blank_after_transmit,blank_after_transmit,,,,cm,CE04OSBP,LJ01C,ADCPS
CE04OSBP-LJ01C-05-ADCPSI103,blank_after_transmit,blank_after_transmit,,,AUX,cm,CE04OSBP,LJ01C,ADCPS
CE04OSBP-LJ01C-05-ADCPSI103,signal_processing_mode,signal_processing_mode,,,,1,CE04OSBP,LJ01C,ADCPS
CE04OSBP-LJ01C-05-ADCPSI103,signal_processing_mode,signal_processing_mode,,,ENG,1,CE04OSBP,LJ01C,ADCPS
CE04OSBP-LJ01C-05-ADCPSI103,low_corr_threshold,low_corr_threshold,,,,counts,CE04OSBP,LJ01C,ADCPS
CE04OSBP-LJ01C-05-ADCPSI103,low_corr_threshold,low_corr_threshold,,,ENG,counts,CE04OSBP,LJ01C,ADCPS
CE04OSBP-LJ01C-05-ADCPSI103,num_code_repetitions,num_code_repetitions,,,,counts,CE04OSBP,LJ01C,ADCPS
CE04OSBP-LJ01C-05-ADCPSI103,num_code_repetitions,num_code_repetitions,,,ENG,counts,CE04OSBP,LJ01C,ADCPS
CE04OSBP-LJ01C-05-ADCPSI103,percent_good_min,percent_good_min,,,,percent,CE04OSBP,LJ01C,ADCPS
CE04OSBP-LJ01C-05-ADCPSI103,percent_good_min,percent_good_min,,,ENG,percent,CE04OSBP,LJ01C,ADCPS
CE04OSBP-LJ01C-05-ADCPSI103,error_vel_threshold,error_vel_threshold,,,,mm s-1,CE04OSBP,LJ01C,ADCPS
CE04OSBP-LJ01C-05-ADCPSI103,error_vel_threshold,error_vel_threshold,,,ENG,mm s-1,CE04OSBP,LJ01C,ADCPS
CE04OSBP-LJ01C-05-ADCPSI103,time_per_ping_minutes,time_per_ping_minutes,,,,min,CE04OSBP,LJ01C,ADCPS
CE04OSBP-LJ01C-05-ADCPSI103,time_per_ping_minutes,time_per_ping_minutes,,,ENG,min,CE04OSBP,LJ01C,ADCPS
CE04OSBP-LJ01C-05-ADCPSI103,time_per_ping_seconds,time_per_ping_seconds,,,,s,CE04OSBP,LJ01C,ADCPS
CE04OSBP-LJ01C-05-ADCPSI103,time_per_ping_seconds,time_per_ping_seconds,,,ENG,s,CE04OSBP,LJ01C,ADCPS
CE04OSBP-LJ01C-05-ADCPSI103,coord_transform_type,coord_transform_type,,,,1,CE04OSBP,LJ01C,ADCPS
CE04OSBP-LJ01C-05-ADCPSI103,coord_transform_type,coord_transform_type,,,ENG,1,CE04OSBP,LJ01C,ADCPS
CE04OSBP-LJ01C-05-ADCPSI103,coord_transform_tilts,coord_transform_tilts,,,,1,CE04OSBP,LJ01C,ADCPS
CE04OSBP-LJ01C-05-ADCPSI103,coord_transform_tilts,coord_transform_tilts,,,ENG,1,CE04OSBP,LJ01C,ADCPS
CE04OSBP-LJ01C-05-ADCPSI103,coord_transform_beams,coord_transform_beams,,,,1,CE04OSBP,LJ01C,ADCPS
CE04OSBP-LJ01C-05-ADCPSI103,coord_transform_beams,coord_transform_beams,,,ENG,1,CE04OSBP,LJ01C,ADCPS
CE04OSBP-LJ01C-05-ADCPSI103,coord_transform_mapping,coord_transform_mapping,,,,1,CE04OSBP,LJ01C,ADCPS
CE04OSBP-LJ01C-05-ADCPSI103,coord_transform_mapping,coord_transform_mapping,,,ENG,1,CE04OSBP,LJ01C,ADCPS
CE04OSBP-LJ01C-05-ADCPSI103,heading_alignment,heading_alignment,,,,cdegrees,CE04OSBP,LJ01C,ADCPS
CE04OSBP-LJ01C-05-ADCPSI103,heading_alignment,heading_alignment,,,ENG,cdegrees,CE04OSBP,LJ01C,ADCPS
CE04OSBP-LJ01C-05-ADCPSI103,heading_bias,heading_bias,,,,cdegrees,CE04OSBP,LJ01C,ADCPS
CE04OSBP-LJ01C-05-ADCPSI103,heading_bias,heading_bias,,,ENG,cdegrees,CE04OSBP,LJ01C,ADCPS
CE04OSBP-LJ01C-05-ADCPSI103,sensor_source_speed,sensor_source_speed,,,,1,CE04OSBP,LJ01C,ADCPS
CE04OSBP-LJ01C-05-ADCPSI103,sensor_source_speed,sensor_source_speed,,,ENG,1,CE04OSBP,LJ01C,ADCPS
CE04OSBP-LJ01C-05-ADCPSI103,sensor_source_depth,sensor_source_depth,,,,1,CE04OSBP,LJ01C,ADCPS
CE04OSBP-LJ01C-05-ADCPSI103,sensor_source_depth,sensor_source_depth,,,ENG,1,CE04OSBP,LJ01C,ADCPS
CE04OSBP-LJ01C-05-ADCPSI103,sensor_source_heading,sensor_source_heading,,,,1,CE04OSBP,LJ01C,ADCPS
CE04OSBP-LJ01C-05-ADCPSI103,sensor_source_heading,sensor_source_heading,,,ENG,1,CE04OSBP,LJ01C,ADCPS
CE04OSBP-LJ01C-05-ADCPSI103,sensor_source_pitch,sensor_source_pitch,,,,1,CE04OSBP,LJ01C,ADCPS
CE04OSBP-LJ01C-05-ADCPSI103,sensor_source_pitch,sensor_source_pitch,,,ENG,1,CE04OSBP,LJ01C,ADCPS
CE04OSBP-LJ01C-05-ADCPSI103,sensor_source_roll,sensor_source_roll,,,,1,CE04OSBP,LJ01C,ADCPS
CE04OSBP-LJ01C-05-ADCPSI103,sensor_source_roll,sensor_source_roll,,,ENG,1,CE04OSBP,LJ01C,ADCPS
CE04OSBP-LJ01C-05-ADCPSI103,sensor_source_conductivity,sensor_source_conductivity,,,,1,CE04OSBP,LJ01C,ADCPS
CE04OSBP-LJ01C-05-ADCPSI103,sensor_source_conductivity,sensor_source_conductivity,,,ENG,1,CE04OSBP,LJ01C,ADCPS
CE04OSBP-LJ01C-05-ADCPSI103,sensor_source_temperature,sensor_source_temperature,,,,1,CE04OSBP,LJ01C,ADCPS
CE04OSBP-LJ01C-05-ADCPSI103,sensor_source_temperature,sensor_source_temperature,,,ENG,1,CE04OSBP,LJ01C,ADCPS
CE04OSBP-LJ01C-05-ADCPSI103,sensor_available_depth,sensor_available_depth,,,,1,CE04OSBP,LJ01C,ADCPS
CE04OSBP-LJ01C-05-ADCPSI103,sensor_available_depth,sensor_available_depth,,,ENG,1,CE04OSBP,LJ01C,ADCPS
CE04OSBP-LJ01C-05-ADCPSI103,sensor_available_heading,sensor_available_heading,,,,1,CE04OSBP,LJ01C,ADCPS
CE04OSBP-LJ01C-05-ADCPSI103,sensor_available_heading,sensor_available_heading,,,ENG,1,CE04OSBP,LJ01C,ADCPS
CE04OSBP-LJ01C-05-ADCPSI103,sensor_available_pitch,sensor_available_pitch,,,,1,CE04OSBP,LJ01C,ADCPS
CE04OSBP-LJ01C-05-ADCPSI103,sensor_available_pitch,sensor_available_pitch,,,ENG,1,CE04OSBP,LJ01C,ADCPS
CE04OSBP-LJ01C-05-ADCPSI103,sensor_available_roll,sensor_available_roll,,,,1,CE04OSBP,LJ01C,ADCPS
CE04OSBP-LJ01C-05-ADCPSI103,sensor_available_roll,sensor_available_roll,,,ENG,1,CE04OSBP,LJ01C,ADCPS
CE04OSBP-LJ01C-05-ADCPSI103,sensor_available_conductivity,sensor_available_conductivity,,,,1,CE04OSBP,LJ01C,ADCPS
CE04OSBP-LJ01C-05-ADCPSI103,sensor_available_conductivity,sensor_available_conductivity,,,ENG,1,CE04OSBP,LJ01C,ADCPS
CE04OSBP-LJ01C-05-ADCPSI103,sensor_available_temperature,sensor_available_temperature,,,,1,CE04OSBP,LJ01C,ADCPS
CE04OSBP-LJ01C-05-ADCPSI103,sensor_available_temperature,sensor_available_temperature,,,ENG,1,CE04OSBP,LJ01C,ADCPS
CE04OSBP-LJ01C-05-ADCPSI103,bin_1_distance,bin_1_distance,,,,cm,CE04OSBP,LJ01C,ADCPS
CE04OSBP-LJ01C-05-ADCPSI103,bin_1_distance,bin_1_distance,,,AUX,cm,CE04OSBP,LJ01C,ADCPS
CE04OSBP-LJ01C-05-ADCPSI103,transmit_pulse_length,transmit_pulse_length,,,,cm,CE04OSBP,LJ01C,ADCPS
CE04OSBP-LJ01C-05-ADCPSI103,transmit_pulse_length,transmit_pulse_length,,,AUX,cm,CE04OSBP,LJ01C,ADCPS
CE04OSBP-LJ01C-05-ADCPSI103,reference_layer_start,reference_layer_start,,,,1,CE04OSBP,LJ01C,ADCPS
CE04OSBP-LJ01C-05-ADCPSI103,reference_layer_start,reference_layer_start,,,ENG,1,CE04OSBP,LJ01C,ADCPS
CE04OSBP-LJ01C-05-ADCPSI103,reference_layer_stop,reference_layer_stop,,,,1,CE04OSBP,LJ01C,ADCPS
CE04OSBP-LJ01C-05-ADCPSI103,reference_layer_stop,reference_layer_stop,,,ENG,1,CE04OSBP,LJ01C,ADCPS
CE04OSBP-LJ01C-05-ADCPSI103,false_target_threshold,false_target_threshold,,,,counts,CE04OSBP,LJ01C,ADCPS
CE04OSBP-LJ01C-05-ADCPSI103,false_target_threshold,false_target_threshold,,,ENG,counts,CE04OSBP,LJ01C,ADCPS
CE04OSBP-LJ01C-05-ADCPSI103,low_latency_trigger,low_latency_trigger,,,,1,CE04OSBP,LJ01C,ADCPS
CE04OSBP-LJ01C-05-ADCPSI103,low_latency_trigger,low_latency_trigger,,,ENG,1,CE04OSBP,LJ01C,ADCPS
CE04OSBP-LJ01C-05-ADCPSI103,transmit_lag_distance,transmit_lag_distance,,,,cm,CE04OSBP,LJ01C,ADCPS
CE04OSBP-LJ01C-05-ADCPSI103,transmit_lag_distance,transmit_lag_distance,,,ENG,cm,CE04OSBP,LJ01C,ADCPS
CE04OSBP-LJ01C-05-ADCPSI103,cpu_board_serial_number,cpu_board_serial_number,,,,1,CE04OSBP,LJ01C,ADCPS
CE04OSBP-LJ01C-05-ADCPSI103,cpu_board_serial_number,cpu_board_serial_number,,,ENG,1,CE04OSBP,LJ01C,ADCPS
CE04OSBP-LJ01C-05-ADCPSI103,system_bandwidth,system_bandwidth,,,,1,CE04OSBP,LJ01C,ADCPS
CE04OSBP-LJ01C-05-ADCPSI103,system_bandwidth,system_bandwidth,,,AUX,1,CE04OSBP,LJ01C,ADCPS
CE04OSBP-LJ01C-05-ADCPSI103,system_power,system_power,,,,1,CE04OSBP,LJ01C,ADCPS
CE04OSBP-LJ01C-05-ADCPSI103,system_power,system_power,,,AUX,1,CE04OSBP,LJ01C,ADCPS
CE04OSBP-LJ01C-05-ADCPSI103,beam_angle,beam_angle,,,,degrees,CE04OSBP,LJ01C,ADCPS
CE04OSBP-LJ01C-05-ADCPSI103,beam_angle,beam_angle,,,ENG,degrees,CE04OSBP,LJ01C,ADCPS
CE04OSBP-LJ01C-05-ADCPSI103,variable_leader_id,variable_leader_id,,,,1,CE04OSBP,LJ01C,ADCPS
CE04OSBP-LJ01C-05-ADCPSI103,variable_leader_id,variable_leader_id,,,ENG,1,CE04OSBP,LJ01C,ADCPS
CE04OSBP-LJ01C-05-ADCPSI103,ensemble_number,ensemble_number,,,,1,CE04OSBP,LJ01C,ADCPS
CE04OSBP-LJ01C-05-ADCPSI103,ensemble_number,ensemble_number,,,ENG,1,CE04OSBP,LJ01C,ADCPS
CE04OSBP-LJ01C-05-ADCPSI103,ensemble_number_increment,ensemble_number_increment,,,,1,CE04OSBP,LJ01C,ADCPS
CE04OSBP-LJ01C-05-ADCPSI103,ensemble_number_increment,ensemble_number_increment,,,ENG,1,CE04OSBP,LJ01C,ADCPS
CE04OSBP-LJ01C-05-ADCPSI103,bit_result_demod_1,bit_result_demod_1,,,,1,CE04OSBP,LJ01C,ADCPS
CE04OSBP-LJ01C-05-ADCPSI103,bit_result_demod_1,bit_result_demod_1,,,ENG,1,CE04OSBP,LJ01C,ADCPS
CE04OSBP-LJ01C-05-ADCPSI103,bit_result_demod_0,bit_result_demod_0,,,,1,CE04OSBP,LJ01C,ADCPS
CE04OSBP-LJ01C-05-ADCPSI103,bit_result_demod_0,bit_result_demod_0,,,ENG,1,CE04OSBP,LJ01C,ADCPS
CE04OSBP-LJ01C-05-ADCPSI103,bit_result_timing,bit_result_timing,,,,1,CE04OSBP,LJ01C,ADCPS
CE04OSBP-LJ01C-05-ADCPSI103,bit_result_timing,bit_result_timing,,,ENG,1,CE04OSBP,LJ01C,ADCPS
CE04OSBP-LJ01C-05-ADCPSI103,speed_of_sound,speed_of_sound,,,,m s-1,CE04OSBP,LJ01C,ADCPS
CE04OSBP-LJ01C-05-ADCPSI103,speed_of_sound,speed_of_sound,,,AUX,m s-1,CE04OSBP,LJ01C,ADCPS
CE04OSBP-LJ01C-05-ADCPSI103,transducer_depth,transducer_depth,,,,dm,CE04OSBP,LJ01C,ADCPS
CE04OSBP-LJ01C-05-ADCPSI103,transducer_depth,transducer_depth,,,AUX,dm,CE04OSBP,LJ01C,ADCPS
CE04OSBP-LJ01C-05-ADCPSI103,heading,heading,,,,cdegrees,CE04OSBP,LJ01C,ADCPS
CE04OSBP-LJ01C-05-ADCPSI103,heading,heading,,,AUX,cdegrees,CE04OSBP,LJ01C,ADCPS
CE04OSBP-LJ01C-05-ADCPSI103,pitch,pitch,,,,cdegrees,CE04OSBP,LJ01C,ADCPS
CE04OSBP-LJ01C-05-ADCPSI103,pitch,pitch,,,AUX,cdegrees,CE04OSBP,LJ01C,ADCPS
CE04OSBP-LJ01C-05-ADCPSI103,roll,roll,,,,cdegrees,CE04OSBP,LJ01C,ADCPS
CE04OSBP-LJ01C-05-ADCPSI103,roll,roll,,,AUX,cdegrees,CE04OSBP,LJ01C,ADCPS
CE04OSBP-LJ01C-05-ADCPSI103,salinity,salinity,,,,1,CE04OSBP,LJ01C,ADCPS
CE04OSBP-LJ01C-05-ADCPSI103,salinity,salinity,,,ENG,1,CE04OSBP,LJ01C,ADCPS
CE04OSBP-LJ01C-05-ADCPSI103,temperature,temperature,,,,cdeg_C,CE04OSBP,LJ01C,ADCPS
CE04OSBP-LJ01C-05-ADCPSI103,temperature,temperature,,,ENG,cdeg_C,CE04OSBP,LJ01C,ADCPS
CE04OSBP-LJ01C-05-ADCPSI103,mpt_minutes,mpt_minutes,,,,min,CE04OSBP,LJ01C,ADCPS
CE04OSBP-LJ01C-05-ADCPSI103,mpt_minutes,mpt_minutes,,,ENG,min,CE04OSBP,LJ01C,ADCPS
CE04OSBP-LJ01C-05-ADCPSI103,mpt_seconds,mpt_seconds,,,,s,CE04OSBP,LJ01C,ADCPS
CE04OSBP-LJ01C-05-ADCPSI103,mpt_seconds,mpt_seconds,,,ENG,s,CE04OSBP,LJ01C,ADCPS
CE04OSBP-LJ01C-05-ADCPSI103,heading_stdev,heading_stdev,,,,degrees,CE04OSBP,LJ01C,ADCPS
CE04OSBP-LJ01C-05-ADCPSI103,heading_stdev,heading_stdev,,,ENG,degrees,CE04OSBP,LJ01C,ADCPS
CE04OSBP-LJ01C-05-ADCPSI103,pitch_stdev,pitch_stdev,,,,ddegrees,CE04OSBP,LJ01C,ADCPS
CE04OSBP-LJ01C-05-ADCPSI103,pitch_stdev,pitch_stdev,,,ENG,ddegrees,CE04OSBP,LJ01C,ADCPS
CE04OSBP-LJ01C-05-ADCPSI103,roll_stdev,roll_stdev,,,,ddegrees,CE04OSBP,LJ01C,ADCPS
CE04OSBP-LJ01C-05-ADCPSI103,roll_stdev,roll_stdev,,,ENG,ddegrees,CE04OSBP,LJ01C,ADCPS
CE04OSBP-LJ01C-05-ADCPSI103,adc_transmit_current,adc_transmit_current,,,,counts,CE04OSBP,LJ01C,ADCPS
CE04OSBP-LJ01C-05-ADCPSI103,adc_transmit_current,adc_transmit_current,,,ENG,counts,CE04OSBP,LJ01C,ADCPS
CE04OSBP-LJ01C-05-ADCPSI103,adc_transmit_voltage,adc_transmit_voltage,,,,counts,CE04OSBP,LJ01C,ADCPS
CE04OSBP-LJ01C-05-ADCPSI103,adc_transmit_voltage,adc_transmit_voltage,,,ENG,counts,CE04OSBP,LJ01C,ADCPS
CE04OSBP-LJ01C-05-ADCPSI103,adc_ambient_temp,adc_ambient_temp,,,,counts,CE04OSBP,LJ01C,ADCPS
CE04OSBP-LJ01C-05-ADCPSI103,adc_ambient_temp,adc_ambient_temp,,,ENG,counts,CE04OSBP,LJ01C,ADCPS
CE04OSBP-LJ01C-05-ADCPSI103,adc_pressure_plus,adc_pressure_plus,,,,counts,CE04OSBP,LJ01C,ADCPS
CE04OSBP-LJ01C-05-ADCPSI103,adc_pressure_plus,adc_pressure_plus,,,ENG,counts,CE04OSBP,LJ01C,ADCPS
CE04OSBP-LJ01C-05-ADCPSI103,adc_pressure_minus,adc_pressure_minus,,,,counts,CE04OSBP,LJ01C,ADCPS
CE04OSBP-LJ01C-05-ADCPSI103,adc_pressure_minus,adc_pressure_minus,,,ENG,counts,CE04OSBP,LJ01C,ADCPS
CE04OSBP-LJ01C-05-ADCPSI103,adc_attitude_temp,adc_attitude_temp,,,,counts,CE04OSBP,LJ01C,ADCPS
CE04OSBP-LJ01C-05-ADCPSI103,adc_attitude_temp,adc_attitude_temp,,,ENG,counts,CE04OSBP,LJ01C,ADCPS
CE04OSBP-LJ01C-05-ADCPSI103,adc_attitude,adc_attitude,,,,counts,CE04OSBP,LJ01C,ADCPS
CE04OSBP-LJ01C-05-ADCPSI103,adc_attitude,adc_attitude,,,ENG,counts,CE04OSBP,LJ01C,ADCPS
CE04OSBP-LJ01C-05-ADCPSI103,adc_contamination_sensor,adc_contamination_sensor,,,,counts,CE04OSBP,LJ01C,ADCPS
CE04OSBP-LJ01C-05-ADCPSI103,adc_contamination_sensor,adc_contamination_sensor,,,ENG,counts,CE04OSBP,LJ01C,ADCPS
CE04OSBP-LJ01C-05-ADCPSI103,bus_error_exception,bus_error_exception,,,,1,CE04OSBP,LJ01C,ADCPS
CE04OSBP-LJ01C-05-ADCPSI103,bus_error_exception,bus_error_exception,,,ENG,1,CE04OSBP,LJ01C,ADCPS
CE04OSBP-LJ01C-05-ADCPSI103,address_error_exception,address_error_exception,,,,1,CE04OSBP,LJ01C,ADCPS
CE04OSBP-LJ01C-05-ADCPSI103,address_error_exception,address_error_exception,,,ENG,1,CE04OSBP,LJ01C,ADCPS
CE04OSBP-LJ01C-05-ADCPSI103,illegal_instruction_exception,illegal_instruction_exception,,,,1,CE04OSBP,LJ01C,ADCPS
CE04OSBP-LJ01C-05-ADCPSI103,illegal_instruction_exception,illegal_instruction_exception,,,ENG,1,CE04OSBP,LJ01C,ADCPS
CE04OSBP-LJ01C-05-ADCPSI103,zero_divide_instruction,zero_divide_instruction,,,,1,CE04OSBP,LJ01C,ADCPS
CE04OSBP-LJ01C-05-ADCPSI103,zero_divide_instruction,zero_divide_instruction,,,ENG,1,CE04OSBP,LJ01C,ADCPS
CE04OSBP-LJ01C-05-ADCPSI103,emulator_exception,emulator_exception,,,,1,CE04OSBP,LJ01C,ADCPS
CE04OSBP-LJ01C-05-ADCPSI103,emulator_exception,emulator_exception,,,ENG,1,CE04OSBP,LJ01C,ADCPS
CE04OSBP-LJ01C-05-ADCPSI103,unassigned_exception,unassigned_exception,,,,1,CE04OSBP,LJ01C,ADCPS
CE04OSBP-LJ01C-05-ADCPSI103,unassigned_exception,unassigned_exception,,,ENG,1,CE04OSBP,LJ01C,ADCPS
CE04OSBP-LJ01C-05-ADCPSI103,watchdog_restart_occurred,watchdog_restart_occurred,,,,1,CE04OSBP,LJ01C,ADCPS
CE04OSBP-LJ01C-05-ADCPSI103,watchdog_restart_occurred,watchdog_restart_occurred,,,ENG,1,CE04OSBP,LJ01C,ADCPS
CE04OSBP-LJ01C-05-ADCPSI103,battery_saver_power,battery_saver_power,,,,1,CE04OSBP,LJ01C,ADCPS
CE04OSBP-LJ01C-05-ADCPSI103,battery_saver_power,battery_saver_power,,,ENG,1,CE04OSBP,LJ01C,ADCPS
CE04OSBP-LJ01C-05-ADCPSI103,pinging,pinging,,,,1,CE04OSBP,LJ01C,ADCPS
CE04OSBP-LJ01C-05-ADCPSI103,pinging,pinging,,,ENG,1,CE04OSBP,LJ01C,ADCPS
CE04OSBP-LJ01C-05-ADCPSI103,cold_wakeup_occurred,cold_wakeup_occurred,,,,1,CE04OSBP,LJ01C,ADCPS
CE04OSBP-LJ01C-05-ADCPSI103,cold_wakeup_occurred,cold_wakeup_occurred,,,ENG,1,CE04OSBP,LJ01C,ADCPS
CE04OSBP-LJ01C-05-ADCPSI103,time,time,,,,seconds since 1900-01-01,CE04OSBP,LJ01C,ADCPS
CE04OSBP-LJ01C-05-ADCPSI103,unknown_wakeup_occurred,unknown_wakeup_occurred,,,,1,CE04OSBP,LJ01C,ADCPS
CE04OSBP-LJ01C-05-ADCPSI103,unknown_wakeup_occurred,unknown_wakeup_occurred,,,ENG,1,CE04OSBP,LJ01C,ADCPS
CE04OSBP-LJ01C-05-ADCPSI103,clock_read_error,clock_read_error,,,,1,CE04OSBP,LJ01C,ADCPS
CE04OSBP-LJ01C-05-ADCPSI103,clock_read_error,clock_read_error,,,ENG,1,CE04OSBP,LJ01C,ADCPS
CE04OSBP-LJ01C-05-ADCPSI103,unexpected_alarm,unexpected_alarm,,,,1,CE04OSBP,LJ01C,ADCPS
CE04OSBP-LJ01C-05-ADCPSI103,unexpected_alarm,unexpected_alarm,,,ENG,1,CE04OSBP,LJ01C,ADCPS
CE04OSBP-LJ01C-05-ADCPSI103,clock_jump_forward,clock_jump_forward,,,,1,CE04OSBP,LJ01C,ADCPS
CE04OSBP-LJ01C-05-ADCPSI103,clock_jump_forward,clock_jump_forward,,,ENG,1,CE04OSBP,LJ01C,ADCPS
CE04OSBP-LJ01C-05-ADCPSI103,clock_jump_backward,clock_jump_backward,,,,1,CE04OSBP,LJ01C,ADCPS
CE04OSBP-LJ01C-05-ADCPSI103,clock_jump_backward,clock_jump_backward,,,ENG,1,CE04OSBP,LJ01C,ADCPS
CE04OSBP-LJ01C-05-ADCPSI103,power_fail,power_fail,,,,1,CE04OSBP,LJ01C,ADCPS
CE04OSBP-LJ01C-05-ADCPSI103,power_fail,power_fail,,,ENG,1,CE04OSBP,LJ01C,ADCPS
CE04OSBP-LJ01C-05-ADCPSI103,spurious_dsp_interrupt,spurious_dsp_interrupt,,,,1,CE04OSBP,LJ01C,ADCPS
CE04OSBP-LJ01C-05-ADCPSI103,spurious_dsp_interrupt,spurious_dsp_interrupt,,,ENG,1,CE04OSBP,LJ01C,ADCPS
CE04OSBP-LJ01C-05-ADCPSI103,spurious_uart_interrupt,spurious_uart_interrupt,,,,1,CE04OSBP,LJ01C,ADCPS
CE04OSBP-LJ01C-05-ADCPSI103,spurious_uart_interrupt,spurious_uart_interrupt,,,ENG,1,CE04OSBP,LJ01C,ADCPS
CE04OSBP-LJ01C-05-ADCPSI103,spurious_clock_interrupt,spurious_clock_interrupt,,,,1,CE04OSBP,LJ01C,ADCPS
CE04OSBP-LJ01C-05-ADCPSI103,spurious_clock_interrupt,spurious_clock_interrupt,,,ENG,1,CE04OSBP,LJ01C,ADCPS
CE04OSBP-LJ01C-05-ADCPSI103,level_7_interrupt,level_7_interrupt,,,,1,CE04OSBP,LJ01C,ADCPS
CE04OSBP-LJ01C-05-ADCPSI103,level_7_interrupt,level_7_interrupt,,,ENG,1,CE04OSBP,LJ01C,ADCPS
CE04OSBP-LJ01C-05-ADCPSI103,pressure,pressure,,,,daPa,CE04OSBP,LJ01C,ADCPS
CE04OSBP-LJ01C-05-ADCPSI103,pressure,pressure,,,ENG,daPa,CE04OSBP,LJ01C,ADCPS
CE04OSBP-LJ01C-05-ADCPSI103,pressure_variance,pressure_variance,,,,daPa,CE04OSBP,LJ01C,ADCPS
CE04OSBP-LJ01C-05-ADCPSI103,pressure_variance,pressure_variance,,,ENG,daPa,CE04OSBP,LJ01C,ADCPS
CE04OSBP-LJ01C-05-ADCPSI103,velocity_data_id,velocity_data_id,,,,1,CE04OSBP,LJ01C,ADCPS
CE04OSBP-LJ01C-05-ADCPSI103,velocity_data_id,velocity_data_id,,,ENG,1,CE04OSBP,LJ01C,ADCPS
CE04OSBP-LJ01C-05-ADCPSI103,water_velocity_east,water_velocity_east,,,L0,mm s-1,CE04OSBP,LJ01C,ADCPS
CE04OSBP-LJ01C-05-ADCPSI103,water_velocity_north,water_velocity_north,,,L0,mm s-1,CE04OSBP,LJ01C,ADCPS
CE04OSBP-LJ01C-05-ADCPSI103,water_velocity_up,water_velocity_up,,,L0,mm s-1,CE04OSBP,LJ01C,ADCPS
CE04OSBP-LJ01C-05-ADCPSI103,error_velocity,error_velocity,,,L0,mm s-1,CE04OSBP,LJ01C,ADCPS
CE04OSBP-LJ01C-05-ADCPSI103,correlation_magnitude_id,correlation_magnitude_id,,,,1,CE04OSBP,LJ01C,ADCPS
CE04OSBP-LJ01C-05-ADCPSI103,correlation_magnitude_id,correlation_magnitude_id,,,ENG,1,CE04OSBP,LJ01C,ADCPS
CE04OSBP-LJ01C-05-ADCPSI103,correlation_magnitude_beam1,correlation_magnitude_beam1,,,,1,CE04OSBP,LJ01C,ADCPS
CE04OSBP-LJ01C-05-ADCPSI103,correlation_magnitude_beam1,correlation_magnitude_beam1,,,AUX,1,CE04OSBP,LJ01C,ADCPS
CE04OSBP-LJ01C-05-ADCPSI103,correlation_magnitude_beam2,correlation_magnitude_beam2,,,,1,CE04OSBP,LJ01C,ADCPS
CE04OSBP-LJ01C-05-ADCPSI103,correlation_magnitude_beam2,correlation_magnitude_beam2,,,AUX,1,CE04OSBP,LJ01C,ADCPS
CE04OSBP-LJ01C-05-ADCPSI103,correlation_magnitude_beam3,correlation_magnitude_beam3,,,,1,CE04OSBP,LJ01C,ADCPS
CE04OSBP-LJ01C-05-ADCPSI103,correlation_magnitude_beam3,correlation_magnitude_beam3,,,AUX,1,CE04OSBP,LJ01C,ADCPS
CE04OSBP-LJ01C-05-ADCPSI103,correlation_magnitude_beam4,correlation_magnitude_beam4,,,,1,CE04OSBP,LJ01C,ADCPS
CE04OSBP-LJ01C-05-ADCPSI103,correlation_magnitude_beam4,correlation_magnitude_beam4,,,AUX,1,CE04OSBP,LJ01C,ADCPS
CE04OSBP-LJ01C-05-ADCPSI103,echo_intensity_id,echo_intensity_id,,,,1,CE04OSBP,LJ01C,ADCPS
CE04OSBP-LJ01C-05-ADCPSI103,echo_intensity_id,echo_intensity_id,,,ENG,1,CE04OSBP,LJ01C,ADCPS
CE04OSBP-LJ01C-05-ADCPSI103,echo_intensity_beam1,echo_intensity_beam1,,,L0,counts,CE04OSBP,LJ01C,ADCPS
CE04OSBP-LJ01C-05-ADCPSI103,echo_intensity_beam2,echo_intensity_beam2,,,L0,counts,CE04OSBP,LJ01C,ADCPS
CE04OSBP-LJ01C-05-ADCPSI103,echo_intensity_beam3,echo_intensity_beam3,,,L0,counts,CE04OSBP,LJ01C,ADCPS
CE04OSBP-LJ01C-05-ADCPSI103,echo_intensity_beam4,echo_intensity_beam4,,,L0,counts,CE04OSBP,LJ01C,ADCPS
CE04OSBP-LJ01C-05-ADCPSI103,percent_good_id,percent_good_id,,,,1,CE04OSBP,LJ01C,ADCPS
CE04OSBP-LJ01C-05-ADCPSI103,percent_good_id,percent_good_id,,,ENG,1,CE04OSBP,LJ01C,ADCPS
CE04OSBP-LJ01C-05-ADCPSI103,percent_good_3beam,percent_good_3beam,,,,percent,CE04OSBP,LJ01C,ADCPS
CE04OSBP-LJ01C-05-ADCPSI103,percent_transforms_reject,percent_transforms_reject,,,,percent,CE04OSBP,LJ01C,ADCPS
CE04OSBP-LJ01C-05-ADCPSI103,percent_bad_beams,percent_bad_beams,,,,percent,CE04OSBP,LJ01C,ADCPS
CE04OSBP-LJ01C-05-ADCPSI103,percent_good_4beam,percent_good_4beam,,,,percent,CE04OSBP,LJ01C,ADCPS
CE04OSBP-LJ01C-05-ADCPSI103,checksum,checksum,,,,1,CE04OSBP,LJ01C,ADCPS
CE04OSBP-LJ01C-05-ADCPSI103,checksum,checksum,,,ENG,1,CE04OSBP,LJ01C,ADCPS
CE04OSBP-LJ01C-05-ADCPSI103,ensemble_start_time,ensemble_start_time,,,,seconds since 1900-01-01,CE04OSBP,LJ01C,ADCPS
CE04OSBP-LJ01C-05-ADCPSI103,ensemble_start_time,ensemble_start_time,,,ENG,seconds since 1900-01-01,CE04OSBP,LJ01C,ADCPS
CE04OSBP-LJ01C-05-ADCPSI103,fluxgate_calibration_timestamp,fluxgate_calibration_timestamp,,,,seconds since 1900-01-01,CE04OSBP,LJ01C,ADCPS
CE04OSBP-LJ01C-05-ADCPSI103,s_inverse_bx,s_inverse_bx,,,,1,CE04OSBP,LJ01C,ADCPS
CE04OSBP-LJ01C-05-ADCPSI103,s_inverse_by,s_inverse_by,,,,1,CE04OSBP,LJ01C,ADCPS
CE04OSBP-LJ01C-05-ADCPSI103,s_inverse_bz,s_inverse_bz,,,,1,CE04OSBP,LJ01C,ADCPS
CE04OSBP-LJ01C-05-ADCPSI103,s_inverse_err,s_inverse_err,,,,1,CE04OSBP,LJ01C,ADCPS
CE04OSBP-LJ01C-05-ADCPSI103,coil_offset,coil_offset,,,,1,CE04OSBP,LJ01C,ADCPS
CE04OSBP-LJ01C-05-ADCPSI103,electrical_null,electrical_null,,,,1,CE04OSBP,LJ01C,ADCPS
CE04OSBP-LJ01C-05-ADCPSI103,tilt_calibration_timestamp,tilt_calibration_timestamp,,,,seconds since 1900-01-01,CE04OSBP,LJ01C,ADCPS
CE04OSBP-LJ01C-05-ADCPSI103,roll_up_down,roll_up_down,,,,1,CE04OSBP,LJ01C,ADCPS
CE04OSBP-LJ01C-05-ADCPSI103,pitch_up_down,pitch_up_down,,,,1,CE04OSBP,LJ01C,ADCPS
CE04OSBP-LJ01C-05-ADCPSI103,offset_up_down,offset_up_down,,,,1,CE04OSBP,LJ01C,ADCPS
CE04OSBP-LJ01C-05-ADCPSI103,tilt_null,tilt_null,,,,1,CE04OSBP,LJ01C,ADCPS
CE04OSBP-LJ01C-05-ADCPSI103,transducer_frequency,transducer_frequency,,,,Hz,CE04OSBP,LJ01C,ADCPS
CE04OSBP-LJ01C-05-ADCPSI103,configuration,configuration,,,,1,CE04OSBP,LJ01C,ADCPS
CE04OSBP-LJ01C-05-ADCPSI103,match_layer,match_layer,,,,1,CE04OSBP,LJ01C,ADCPS
CE04OSBP-LJ01C-05-ADCPSI103,beam_pattern,beam_pattern,,,,1,CE04OSBP,LJ01C,ADCPS
CE04OSBP-LJ01C-05-ADCPSI103,orientation,orientation,,,,1,CE04OSBP,LJ01C,ADCPS
CE04OSBP-LJ01C-05-ADCPSI103,sensors,sensors,,,,1,CE04OSBP,LJ01C,ADCPS
CE04OSBP-LJ01C-05-ADCPSI103,pressure_coeff_c3,pressure_coeff_c3,,,,1,CE04OSBP,LJ01C,ADCPS
CE04OSBP-LJ01C-05-ADCPSI103,pressure_coeff_c2,pressure_coeff_c2,,,,1,CE04OSBP,LJ01C,ADCPS
CE04OSBP-LJ01C-05-ADCPSI103,pressure_coeff_c1,pressure_coeff_c1,,,,1,CE04OSBP,LJ01C,ADCPS
CE04OSBP-LJ01C-05-ADCPSI103,pressure_coeff_offset,pressure_coeff_offset,,,,1,CE04OSBP,LJ01C,ADCPS
CE04OSBP-LJ01C-05-ADCPSI103,temperature_sensor_offset,temperature_sensor_offset,,,,deg_C,CE04OSBP,LJ01C,ADCPS
CE04OSBP-LJ01C-05-ADCPSI103,cpu_firmware,cpu_firmware,,,,1,CE04OSBP,LJ01C,ADCPS
CE04OSBP-LJ01C-05-ADCPSI103,boot_code_required,boot_code_required,,,,1,CE04OSBP,LJ01C,ADCPS
CE04OSBP-LJ01C-05-ADCPSI103,boot_code_actual,boot_code_actual,,,,1,CE04OSBP,LJ01C,ADCPS
CE04OSBP-LJ01C-05-ADCPSI103,demod_1_version,demod_1_version,,,,1,CE04OSBP,LJ01C,ADCPS
CE04OSBP-LJ01C-05-ADCPSI103,demod_1_type,demod_1_type,,,,1,CE04OSBP,LJ01C,ADCPS
CE04OSBP-LJ01C-05-ADCPSI103,demod_2_version,demod_2_version,,,,1,CE04OSBP,LJ01C,ADCPS
CE04OSBP-LJ01C-05-ADCPSI103,demod_2_type,demod_2_type,,,,1,CE04OSBP,LJ01C,ADCPS
CE04OSBP-LJ01C-05-ADCPSI103,power_timing_version,power_timing_version,,,,1,CE04OSBP,LJ01C,ADCPS
CE04OSBP-LJ01C-05-ADCPSI103,power_timing_type,power_timing_type,,,,1,CE04OSBP,LJ01C,ADCPS
CE04OSBP-LJ01C-05-ADCPSI103,board_serial_numbers,board_serial_numbers,,,,1,CE04OSBP,LJ01C,ADCPS
CE04OSBP-LJ01C-05-ADCPSI103,beam_1_velocity,beam_1_velocity,,,L0,mm s-1,CE04OSBP,LJ01C,ADCPS
CE04OSBP-LJ01C-05-ADCPSI103,beam_2_velocity,beam_2_velocity,,,L0,mm s-1,CE04OSBP,LJ01C,ADCPS
CE04OSBP-LJ01C-05-ADCPSI103,beam_3_velocity,beam_3_velocity,,,L0,mm s-1,CE04OSBP,LJ01C,ADCPS
CE04OSBP-LJ01C-05-ADCPSI103,beam_4_velocity,beam_4_velocity,,,L0,mm s-1,CE04OSBP,LJ01C,ADCPS
CE04OSBP-LJ01C-05-ADCPSI103,percent_good_beam1,percent_good_beam1,,,AUX,percent,CE04OSBP,LJ01C,ADCPS
CE04OSBP-LJ01C-05-ADCPSI103,percent_good_beam2,percent_good_beam2,,,AUX,percent,CE04OSBP,LJ01C,ADCPS
CE04OSBP-LJ01C-05-ADCPSI103,percent_good_beam3,percent_good_beam3,,,AUX,percent,CE04OSBP,LJ01C,ADCPS
CE04OSBP-LJ01C-05-ADCPSI103,percent_good_beam4,percent_good_beam4,,,AUX,percent,CE04OSBP,LJ01C,ADCPS
CE04OSBP-LJ01C-05-ADCPSI103,real_time_clock,real_time_clock,,,,1,CE04OSBP,LJ01C,ADCPS
CE04OSBP-LJ01C-05-ADCPSI103,real_time_clock,real_time_clock,,,ENG,1,CE04OSBP,LJ01C,ADCPS
CE04OSBP-LJ01C-05-ADCPSI103,calibration_temp,calibration_temp,,,,deg_C,CE04OSBP,LJ01C,ADCPS
CE04OSBP-LJ01C-05-ADCPSI103,eastward_beam_seawater_velocity,eastward_beam_seawater_velocity,-3,3,L1,m s-1,CE04OSBP,LJ01C,ADCPS
CE04OSBP-LJ01C-05-ADCPSI103,northward_beam_seawater_velocity,northward_beam_seawater_velocity,-3,3,L1,m s-1,CE04OSBP,LJ01C,ADCPS
CE04OSBP-LJ01C-05-ADCPSI103,upward_seawater_velocity,upward_seawater_velocity,-1,1,L1,m s-1,CE04OSBP,LJ01C,ADCPS
CE04OSBP-LJ01C-05-ADCPSI103,beam_error_velocity,beam_error_velocity,-1,1,L1,m s-1,CE04OSBP,LJ01C,ADCPS
CE04OSBP-LJ01C-06-CTDBPO108,port_timestamp,port_timestamp,,,ENG,seconds since 1900-01-01,CE04OSBP,LJ01C,CTDBP
CE04OSBP-LJ01C-06-CTDBPO108,enable_text,enable_text,,,ENG,1,CE04OSBP,LJ01C,CTDBP
CE04OSBP-LJ01C-06-CTDBPO108,driver_timestamp,driver_timestamp,,,ENG,seconds since 1900-01-01,CE04OSBP,LJ01C,CTDBP
CE04OSBP-LJ01C-06-CTDBPO108,firmware_version,firmware_version,,,ENG,1,CE04OSBP,LJ01C,CTDBP
CE04OSBP-LJ01C-06-CTDBPO108,quartz_pressure_sensor_serial_number,quartz_pressure_sensor_serial_number,,,ENG,counts,CE04OSBP,LJ01C,CTDBP
CE04OSBP-LJ01C-06-CTDBPO108,operational_current,operational_current,,,ENG,mA,CE04OSBP,LJ01C,CTDBP
CE04OSBP-LJ01C-06-CTDBPO108,battery_voltage_main,battery_voltage_main,,,ENG,V,CE04OSBP,LJ01C,CTDBP
CE04OSBP-LJ01C-06-CTDBPO108,battery_voltage_lithium,battery_voltage_lithium,,,ENG,V,CE04OSBP,LJ01C,CTDBP
CE04OSBP-LJ01C-06-CTDBPO108,calibration_date_pressure,calibration_date_pressure,,,ENG,1,CE04OSBP,LJ01C,CTDBP
CE04OSBP-LJ01C-06-CTDBPO108,preferred_timestamp,preferred_timestamp,,,ENG,1,CE04OSBP,LJ01C,CTDBP
CE04OSBP-LJ01C-06-CTDBPO108,press_coeff_pc1,press_coeff_pc1,,,ENG,counts,CE04OSBP,LJ01C,CTDBP
CE04OSBP-LJ01C-06-CTDBPO108,press_coeff_pc2,press_coeff_pc2,,,ENG,counts,CE04OSBP,LJ01C,CTDBP
CE04OSBP-LJ01C-06-CTDBPO108,press_coeff_pc3,press_coeff_pc3,,,ENG,counts,CE04OSBP,LJ01C,CTDBP
CE04OSBP-LJ01C-06-CTDBPO108,press_coeff_pd1,press_coeff_pd1,,,ENG,counts,CE04OSBP,LJ01C,CTDBP
CE04OSBP-LJ01C-06-CTDBPO108,press_coeff_pd2,press_coeff_pd2,,,ENG,counts,CE04OSBP,LJ01C,CTDBP
CE04OSBP-LJ01C-06-CTDBPO108,press_coeff_pt1,press_coeff_pt1,,,ENG,counts,CE04OSBP,LJ01C,CTDBP
CE04OSBP-LJ01C-06-CTDBPO108,press_coeff_pt2,press_coeff_pt2,,,ENG,counts,CE04OSBP,LJ01C,CTDBP
CE04OSBP-LJ01C-06-CTDBPO108,press_coeff_pt3,press_coeff_pt3,,,ENG,counts,CE04OSBP,LJ01C,CTDBP
CE04OSBP-LJ01C-06-CTDBPO108,press_coeff_pt4,press_coeff_pt4,,,ENG,counts,CE04OSBP,LJ01C,CTDBP
CE04OSBP-LJ01C-06-CTDBPO108,press_coeff_poffset,press_coeff_poffset,,,ENG,psi,CE04OSBP,LJ01C,CTDBP
CE04OSBP-LJ01C-06-CTDBPO108,calibration_date_temperature,calibration_date_temperature,,,ENG,1,CE04OSBP,LJ01C,CTDBP
CE04OSBP-LJ01C-06-CTDBPO108,temp_coeff_ta0,temp_coeff_ta0,,,ENG,counts,CE04OSBP,LJ01C,CTDBP
CE04OSBP-LJ01C-06-CTDBPO108,temp_coeff_ta1,temp_coeff_ta1,,,ENG,counts,CE04OSBP,LJ01C,CTDBP
CE04OSBP-LJ01C-06-CTDBPO108,temp_coeff_ta2,temp_coeff_ta2,,,ENG,counts,CE04OSBP,LJ01C,CTDBP
CE04OSBP-LJ01C-06-CTDBPO108,temp_coeff_ta3,temp_coeff_ta3,,,ENG,counts,CE04OSBP,LJ01C,CTDBP
CE04OSBP-LJ01C-06-CTDBPO108,calibration_date_conductivity,calibration_date_conductivity,,,ENG,1,CE04OSBP,LJ01C,CTDBP
CE04OSBP-LJ01C-06-CTDBPO108,cond_coeff_cg,cond_coeff_cg,,,ENG,counts,CE04OSBP,LJ01C,CTDBP
CE04OSBP-LJ01C-06-CTDBPO108,cond_coeff_ch,cond_coeff_ch,,,ENG,counts,CE04OSBP,LJ01C,CTDBP
CE04OSBP-LJ01C-06-CTDBPO108,cond_coeff_ci,cond_coeff_ci,,,ENG,counts,CE04OSBP,LJ01C,CTDBP
CE04OSBP-LJ01C-06-CTDBPO108,cond_coeff_cj,cond_coeff_cj,,,ENG,counts,CE04OSBP,LJ01C,CTDBP
CE04OSBP-LJ01C-06-CTDBPO108,cond_coeff_ctcor,cond_coeff_ctcor,,,ENG,counts,CE04OSBP,LJ01C,CTDBP
CE04OSBP-LJ01C-06-CTDBPO108,cond_coeff_cpcor,cond_coeff_cpcor,,,ENG,counts,CE04OSBP,LJ01C,CTDBP
CE04OSBP-LJ01C-06-CTDBPO108,cond_coeff_cslope,cond_coeff_cslope,,,ENG,counts,CE04OSBP,LJ01C,CTDBP
CE04OSBP-LJ01C-06-CTDBPO108,temperature,temperature,,,L0,counts,CE04OSBP,LJ01C,CTDBP
CE04OSBP-LJ01C-06-CTDBPO108,conductivity,conductivity,,,L0,counts,CE04OSBP,LJ01C,CTDBP
CE04OSBP-LJ01C-06-CTDBPO108,pressure,pressure,,,L0,counts,CE04OSBP,LJ01C,CTDBP
CE04OSBP-LJ01C-06-CTDBPO108,pressure_temp,pressure_temp,,,L0,counts,CE04OSBP,LJ01C,CTDBP
CE04OSBP-LJ01C-06-CTDBPO108,oxygen,oxygen,,,L0,counts,CE04OSBP,LJ01C,CTDBP
CE04OSBP-LJ01C-06-CTDBPO108,pump_current,pump_current,,,ENG,mA,CE04OSBP,LJ01C,CTDBP
CE04OSBP-LJ01C-06-CTDBPO108,ext_v01_current,ext_v01_current,,,ENG,mA,CE04OSBP,LJ01C,CTDBP
CE04OSBP-LJ01C-06-CTDBPO108,serial_current,serial_current,,,ENG,mA,CE04OSBP,LJ01C,CTDBP
CE04OSBP-LJ01C-06-CTDBPO108,logging_status,logging_status,,,ENG,1,CE04OSBP,LJ01C,CTDBP
CE04OSBP-LJ01C-06-CTDBPO108,num_samples,num_samples,,,ENG,counts,CE04OSBP,LJ01C,CTDBP
CE04OSBP-LJ01C-06-CTDBPO108,mem_free,mem_free,,,ENG,bytes,CE04OSBP,LJ01C,CTDBP
CE04OSBP-LJ01C-06-CTDBPO108,battery_cutoff,battery_cutoff,,,ENG,V,CE04OSBP,LJ01C,CTDBP
CE04OSBP-LJ01C-06-CTDBPO108,pressure_sensor_type,pressure_sensor_type,,,ENG,1,CE04OSBP,LJ01C,CTDBP
CE04OSBP-LJ01C-06-CTDBPO108,sbe38,sbe38,,,ENG,1,CE04OSBP,LJ01C,CTDBP
CE04OSBP-LJ01C-06-CTDBPO108,wetlabs,wetlabs,,,ENG,1,CE04OSBP,LJ01C,CTDBP
CE04OSBP-LJ01C-06-CTDBPO108,optode,optode,,,ENG,1,CE04OSBP,LJ01C,CTDBP
CE04OSBP-LJ01C-06-CTDBPO108,gas_tension_device,gas_tension_device,,,ENG,1,CE04OSBP,LJ01C,CTDBP
CE04OSBP-LJ01C-06-CTDBPO108,ext_volt_0,ext_volt_0,,,ENG,1,CE04OSBP,LJ01C,CTDBP
CE04OSBP-LJ01C-06-CTDBPO108,ext_volt_1,ext_volt_1,,,ENG,1,CE04OSBP,LJ01C,CTDBP
CE04OSBP-LJ01C-06-CTDBPO108,ext_volt_2,ext_volt_2,,,ENG,1,CE04OSBP,LJ01C,CTDBP
CE04OSBP-LJ01C-06-CTDBPO108,ext_volt_3,ext_volt_3,,,ENG,1,CE04OSBP,LJ01C,CTDBP
CE04OSBP-LJ01C-06-CTDBPO108,ext_volt_4,ext_volt_4,,,ENG,1,CE04OSBP,LJ01C,CTDBP
CE04OSBP-LJ01C-06-CTDBPO108,ext_volt_5,ext_volt_5,,,ENG,1,CE04OSBP,LJ01C,CTDBP
CE04OSBP-LJ01C-06-CTDBPO108,echo_characters,echo_characters,,,ENG,1,CE04OSBP,LJ01C,CTDBP
CE04OSBP-LJ01C-06-CTDBPO108,output_format,output_format,,,ENG,1,CE04OSBP,LJ01C,CTDBP
CE04OSBP-LJ01C-06-CTDBPO108,volt0_type,volt0_type,,,ENG,1,CE04OSBP,LJ01C,CTDBP
CE04OSBP-LJ01C-06-CTDBPO108,volt0_serial_number,volt0_serial_number,,,ENG,1,CE04OSBP,LJ01C,CTDBP
CE04OSBP-LJ01C-06-CTDBPO108,volt1_type,volt1_type,,,ENG,1,CE04OSBP,LJ01C,CTDBP
CE04OSBP-LJ01C-06-CTDBPO108,volt1_serial_number,volt1_serial_number,,,ENG,1,CE04OSBP,LJ01C,CTDBP
CE04OSBP-LJ01C-06-CTDBPO108,temp_coeff_offset,temp_coeff_offset,,,ENG,counts,CE04OSBP,LJ01C,CTDBP
CE04OSBP-LJ01C-06-CTDBPO108,profiles,profiles,,,ENG,counts,CE04OSBP,LJ01C,CTDBP
CE04OSBP-LJ01C-06-CTDBPO108,scans_to_average,scans_to_average,,,ENG,counts,CE04OSBP,LJ01C,CTDBP
CE04OSBP-LJ01C-06-CTDBPO108,min_cond_freq,min_cond_freq,,,ENG,counts,CE04OSBP,LJ01C,CTDBP
CE04OSBP-LJ01C-06-CTDBPO108,pump_delay,pump_delay,,,ENG,counts,CE04OSBP,LJ01C,CTDBP
CE04OSBP-LJ01C-06-CTDBPO108,auto_run,auto_run,,,ENG,1,CE04OSBP,LJ01C,CTDBP
CE04OSBP-LJ01C-06-CTDBPO108,ignore_switch,ignore_switch,,,ENG,1,CE04OSBP,LJ01C,CTDBP
CE04OSBP-LJ01C-06-CTDBPO108,battery_type,battery_type,,,ENG,1,CE04OSBP,LJ01C,CTDBP
CE04OSBP-LJ01C-06-CTDBPO108,sbe63,sbe63,,,ENG,1,CE04OSBP,LJ01C,CTDBP
CE04OSBP-LJ01C-06-CTDBPO108,calphase,calphase,,,ENG,degrees,CE04OSBP,LJ01C,CTDBP
CE04OSBP-LJ01C-06-CTDBPO108,enable_temperature,enable_temperature,,,ENG,1,CE04OSBP,LJ01C,CTDBP
CE04OSBP-LJ01C-06-CTDBPO108,enable_humiditycomp,enable_humiditycomp,,,ENG,1,CE04OSBP,LJ01C,CTDBP
CE04OSBP-LJ01C-06-CTDBPO108,enable_airsaturation,enable_airsaturation,,,ENG,1,CE04OSBP,LJ01C,CTDBP
CE04OSBP-LJ01C-06-CTDBPO108,enable_rawdata,enable_rawdata,,,ENG,1,CE04OSBP,LJ01C,CTDBP
CE04OSBP-LJ01C-06-CTDBPO108,analog_output,analog_output,,,ENG,1,CE04OSBP,LJ01C,CTDBP
CE04OSBP-LJ01C-06-CTDBPO108,interval,interval,,,ENG,seconds,CE04OSBP,LJ01C,CTDBP
CE04OSBP-LJ01C-06-CTDBPO108,ext_volt0_slope,ext_volt0_slope,,,ENG,counts,CE04OSBP,LJ01C,CTDBP
CE04OSBP-LJ01C-06-CTDBPO108,ext_volt0_offset,ext_volt0_offset,,,ENG,counts,CE04OSBP,LJ01C,CTDBP
CE04OSBP-LJ01C-06-CTDBPO108,ext_volt1_slope,ext_volt1_slope,,,ENG,counts,CE04OSBP,LJ01C,CTDBP
CE04OSBP-LJ01C-06-CTDBPO108,ext_volt1_offset,ext_volt1_offset,,,ENG,counts,CE04OSBP,LJ01C,CTDBP
CE04OSBP-LJ01C-06-CTDBPO108,ext_volt2_slope,ext_volt2_slope,,,ENG,counts,CE04OSBP,LJ01C,CTDBP
CE04OSBP-LJ01C-06-CTDBPO108,ext_volt2_offset,ext_volt2_offset,,,ENG,counts,CE04OSBP,LJ01C,CTDBP
CE04OSBP-LJ01C-06-CTDBPO108,ext_volt3_slope,ext_volt3_slope,,,ENG,counts,CE04OSBP,LJ01C,CTDBP
CE04OSBP-LJ01C-06-CTDBPO108,ext_volt3_offset,ext_volt3_offset,,,ENG,counts,CE04OSBP,LJ01C,CTDBP
CE04OSBP-LJ01C-06-CTDBPO108,ext_volt4_slope,ext_volt4_slope,,,ENG,counts,CE04OSBP,LJ01C,CTDBP
CE04OSBP-LJ01C-06-CTDBPO108,ext_volt4_offset,ext_volt4_offset,,,ENG,counts,CE04OSBP,LJ01C,CTDBP
CE04OSBP-LJ01C-06-CTDBPO108,ext_volt5_slope,ext_volt5_slope,,,ENG,counts,CE04OSBP,LJ01C,CTDBP
CE04OSBP-LJ01C-06-CTDBPO108,ext_volt5_offset,ext_volt5_offset,,,ENG,counts,CE04OSBP,LJ01C,CTDBP
CE04OSBP-LJ01C-06-CTDBPO108,ext_freq_sf,ext_freq_sf,,,ENG,counts,CE04OSBP,LJ01C,CTDBP
CE04OSBP-LJ01C-06-CTDBPO108,press_coeff_pslope,press_coeff_pslope,,,ENG,counts,CE04OSBP,LJ01C,CTDBP
CE04OSBP-LJ01C-06-CTDBPO108,temp_sensor_serial_number,temp_sensor_serial_number,,,ENG,counts,CE04OSBP,LJ01C,CTDBP
CE04OSBP-LJ01C-06-CTDBPO108,cond_sensor_serial_number,cond_sensor_serial_number,,,ENG,counts,CE04OSBP,LJ01C,CTDBP
CE04OSBP-LJ01C-06-CTDBPO108,command_set_version,command_set_version,,,ENG,1,CE04OSBP,LJ01C,CTDBP
CE04OSBP-LJ01C-06-CTDBPO108,assembly_number,assembly_number,,,ENG,1,CE04OSBP,LJ01C,CTDBP
CE04OSBP-LJ01C-06-CTDBPO108,num_events,num_events,,,ENG,counts,CE04OSBP,LJ01C,CTDBP
CE04OSBP-LJ01C-06-CTDBPO108,samples_free,samples_free,,,ENG,counts,CE04OSBP,LJ01C,CTDBP
CE04OSBP-LJ01C-06-CTDBPO108,sample_length,sample_length,,,ENG,bytes,CE04OSBP,LJ01C,CTDBP
CE04OSBP-LJ01C-06-CTDBPO108,output_executed_tag,output_executed_tag,,,ENG,1,CE04OSBP,LJ01C,CTDBP
CE04OSBP-LJ01C-06-CTDBPO108,pressure_sensor_serial_number,pressure_sensor_serial_number,,,ENG,counts,CE04OSBP,LJ01C,CTDBP
CE04OSBP-LJ01C-06-CTDBPO108,pressure_sensor_range,pressure_sensor_range,,,ENG,psi,CE04OSBP,LJ01C,CTDBP
CE04OSBP-LJ01C-06-CTDBPO108,mode,mode,,,ENG,1,CE04OSBP,LJ01C,CTDBP
CE04OSBP-LJ01C-06-CTDBPO108,firmware_date,firmware_date,,,ENG,1,CE04OSBP,LJ01C,CTDBP
CE04OSBP-LJ01C-06-CTDBPO108,pcb_serial_number,pcb_serial_number,,,ENG,1,CE04OSBP,LJ01C,CTDBP
CE04OSBP-LJ01C-06-CTDBPO108,manufacture_date,manufacture_date,,,ENG,1,CE04OSBP,LJ01C,CTDBP
CE04OSBP-LJ01C-06-CTDBPO108,serial_number,serial_number,,,ENG,counts,CE04OSBP,LJ01C,CTDBP
CE04OSBP-LJ01C-06-CTDBPO108,ctdbp_no_seawater_pressure,ctdbp_no_seawater_pressure,0,6000,L1,dbar,CE04OSBP,LJ01C,CTDBP
CE04OSBP-LJ01C-06-CTDBPO108,ctdbp_no_seawater_conductivity,ctdbp_no_seawater_conductivity,0,6,L1,S m-1,CE04OSBP,LJ01C,CTDBP
CE04OSBP-LJ01C-06-CTDBPO108,ctdbp_no_practical_salinity,ctdbp_no_practical_salinity,0,42,L2,1,CE04OSBP,LJ01C,CTDBP
CE04OSBP-LJ01C-06-CTDBPO108,ctdbp_no_seawater_density,ctdbp_no_seawater_density,1000,1100,L2,kg m-3,CE04OSBP,LJ01C,CTDBP
CE04OSBP-LJ01C-06-CTDBPO108,ctdbp_no_abs_oxygen,ctdbp_no_abs_oxygen,0,400,L2,umol kg-1,CE04OSBP,LJ01C,CTDBP
CE04OSBP-LJ01C-06-CTDBPO108,oxy_calphase,oxy_calphase,,,L0,counts,CE04OSBP,LJ01C,CTDBP
CE04OSBP-LJ01C-06-CTDBPO108,oxy_temp,oxy_temp,,,L0,counts,CE04OSBP,LJ01C,CTDBP
CE04OSBP-LJ01C-06-CTDBPO108,seawater_temperature,seawater_temperature,-2,40,L1,deg_C,CE04OSBP,LJ01C,CTDBP
CE04OSBP-LJ01C-06-CTDBPO108,date_time_string,date_time_string,,,ENG,1,CE04OSBP,LJ01C,CTDBP
CE04OSBP-LJ01C-06-CTDBPO108,ctd_tc_oxygen,ctd_tc_oxygen,,,L1,umol L-1,CE04OSBP,LJ01C,CTDBP
CE04OSBP-LJ01C-06-DOSTAD108,port_timestamp,port_timestamp,,,ENG,seconds since 1900-01-01,CE04OSBP,LJ01C,DOSTA
CE04OSBP-LJ01C-06-DOSTAD108,driver_timestamp,driver_timestamp,,,ENG,seconds since 1900-01-01,CE04OSBP,LJ01C,DOSTA
CE04OSBP-LJ01C-06-DOSTAD108,preferred_timestamp,preferred_timestamp,,,ENG,1,CE04OSBP,LJ01C,DOSTA
CE04OSBP-LJ01C-06-DOSTAD108,temperature,temperature,,,L0,counts,CE04OSBP,LJ01C,DOSTA
CE04OSBP-LJ01C-06-DOSTAD108,conductivity,conductivity,,,L0,counts,CE04OSBP,LJ01C,DOSTA
CE04OSBP-LJ01C-06-DOSTAD108,pressure,pressure,,,L0,counts,CE04OSBP,LJ01C,DOSTA
CE04OSBP-LJ01C-06-DOSTAD108,pressure_temp,pressure_temp,,,L0,counts,CE04OSBP,LJ01C,DOSTA
CE04OSBP-LJ01C-06-DOSTAD108,oxygen,oxygen,,,L0,counts,CE04OSBP,LJ01C,DOSTA
CE04OSBP-LJ01C-06-DOSTAD108,ctdbp_no_seawater_pressure,ctdbp_no_seawater_pressure,0,6000,L1,dbar,CE04OSBP,LJ01C,DOSTA
CE04OSBP-LJ01C-06-DOSTAD108,ctdbp_no_seawater_conductivity,ctdbp_no_seawater_conductivity,0,6,L1,S m-1,CE04OSBP,LJ01C,DOSTA
CE04OSBP-LJ01C-06-DOSTAD108,ctdbp_no_practical_salinity,ctdbp_no_practical_salinity,0,42,L2,1,CE04OSBP,LJ01C,DOSTA
CE04OSBP-LJ01C-06-DOSTAD108,ctdbp_no_seawater_density,ctdbp_no_seawater_density,1000,1100,L2,kg m-3,CE04OSBP,LJ01C,DOSTA
CE04OSBP-LJ01C-06-DOSTAD108,ctdbp_no_abs_oxygen,ctdbp_no_abs_oxygen,0,400,L2,umol kg-1,CE04OSBP,LJ01C,DOSTA
CE04OSBP-LJ01C-06-DOSTAD108,oxy_calphase,oxy_calphase,,,L0,counts,CE04OSBP,LJ01C,DOSTA
CE04OSBP-LJ01C-06-DOSTAD108,oxy_temp,oxy_temp,,,L0,counts,CE04OSBP,LJ01C,DOSTA
CE04OSBP-LJ01C-06-DOSTAD108,seawater_temperature,seawater_temperature,-2,40,L1,deg_C,CE04OSBP,LJ01C,DOSTA
CE04OSBP-LJ01C-06-DOSTAD108,ctd_tc_oxygen,ctd_tc_oxygen,,,L1,umol L-1,CE04OSBP,LJ01C,DOSTA
CE04OSBP-LJ01C-07-VEL3DC107,port_timestamp,port_timestamp,,,ENG,seconds since 1900-01-01,CE04OSBP,LJ01C,VEL3D
CE04OSBP-LJ01C-07-VEL3DC107,vel3d_c_eastward_turbulent_velocity,vel3d_c_eastward_turbulent_velocity,-3,3,L1,m s-1,CE04OSBP,LJ01C,VEL3D
CE04OSBP-LJ01C-07-VEL3DC107,vel3d_c_northward_turbulent_velocity,vel3d_c_northward_turbulent_velocity,-3,3,L1,m s-1,CE04OSBP,LJ01C,VEL3D
CE04OSBP-LJ01C-07-VEL3DC107,vel3d_c_upward_turbulent_velocity,vel3d_c_upward_turbulent_velocity,-1,1,L1,m s-1,CE04OSBP,LJ01C,VEL3D
CE04OSBP-LJ01C-07-VEL3DC107,transmit_pulse_length_2nd,transmit_pulse_length_2nd,,,ENG,counts,CE04OSBP,LJ01C,VEL3D
CE04OSBP-LJ01C-07-VEL3DC107,driver_timestamp,driver_timestamp,,,ENG,seconds since 1900-01-01,CE04OSBP,LJ01C,VEL3D
CE04OSBP-LJ01C-07-VEL3DC107,firmware_version,firmware_version,,,ENG,1,CE04OSBP,LJ01C,VEL3D
CE04OSBP-LJ01C-07-VEL3DC107,battery_voltage_dv,battery_voltage_dv,,,ENG,dV,CE04OSBP,LJ01C,VEL3D
CE04OSBP-LJ01C-07-VEL3DC107,sound_speed_dms,sound_speed_dms,,,ENG,dm s-1,CE04OSBP,LJ01C,VEL3D
CE04OSBP-LJ01C-07-VEL3DC107,heading_decidegree,heading_decidegree,,,ENG,deci-degrees,CE04OSBP,LJ01C,VEL3D
CE04OSBP-LJ01C-07-VEL3DC107,roll_decidegree,roll_decidegree,,,ENG,deci-degrees,CE04OSBP,LJ01C,VEL3D
CE04OSBP-LJ01C-07-VEL3DC107,pitch_decidegree,pitch_decidegree,,,ENG,deci-degrees,CE04OSBP,LJ01C,VEL3D
CE04OSBP-LJ01C-07-VEL3DC107,temperature_centidegree,temperature_centidegree,,,ENG,cdeg_C,CE04OSBP,LJ01C,VEL3D
CE04OSBP-LJ01C-07-VEL3DC107,seawater_pressure_mbar,seawater_pressure_mbar,,,ENG,0.001 dbar,CE04OSBP,LJ01C,VEL3D
CE04OSBP-LJ01C-07-VEL3DC107,instrmt_type_serial_number,instrmt_type_serial_number,,,ENG,1,CE04OSBP,LJ01C,VEL3D
CE04OSBP-LJ01C-07-VEL3DC107,recorder_installed,recorder_installed,,,ENG,1,CE04OSBP,LJ01C,VEL3D
CE04OSBP-LJ01C-07-VEL3DC107,compass_installed,compass_installed,,,ENG,1,CE04OSBP,LJ01C,VEL3D
CE04OSBP-LJ01C-07-VEL3DC107,board_frequency,board_frequency,,,ENG,kHz,CE04OSBP,LJ01C,VEL3D
CE04OSBP-LJ01C-07-VEL3DC107,pic_version,pic_version,,,ENG,1,CE04OSBP,LJ01C,VEL3D
CE04OSBP-LJ01C-07-VEL3DC107,hardware_revision,hardware_revision,,,ENG,1,CE04OSBP,LJ01C,VEL3D
CE04OSBP-LJ01C-07-VEL3DC107,recorder_size,recorder_size,,,ENG,bytes,CE04OSBP,LJ01C,VEL3D
CE04OSBP-LJ01C-07-VEL3DC107,velocity_range,velocity_range,,,ENG,1,CE04OSBP,LJ01C,VEL3D
CE04OSBP-LJ01C-07-VEL3DC107,pressure_sensor,pressure_sensor,,,ENG,1,CE04OSBP,LJ01C,VEL3D
CE04OSBP-LJ01C-07-VEL3DC107,magnetometer_sensor,magnetometer_sensor,,,ENG,1,CE04OSBP,LJ01C,VEL3D
CE04OSBP-LJ01C-07-VEL3DC107,tilt_sensor,tilt_sensor,,,ENG,1,CE04OSBP,LJ01C,VEL3D
CE04OSBP-LJ01C-07-VEL3DC107,tilt_sensor_mounting,tilt_sensor_mounting,,,ENG,1,CE04OSBP,LJ01C,VEL3D
CE04OSBP-LJ01C-07-VEL3DC107,head_frequency,head_frequency,,,ENG,kHz,CE04OSBP,LJ01C,VEL3D
CE04OSBP-LJ01C-07-VEL3DC107,head_type,head_type,,,ENG,1,CE04OSBP,LJ01C,VEL3D
CE04OSBP-LJ01C-07-VEL3DC107,head_serial_number,head_serial_number,,,ENG,1,CE04OSBP,LJ01C,VEL3D
CE04OSBP-LJ01C-07-VEL3DC107,system_data,system_data,,,ENG,1,CE04OSBP,LJ01C,VEL3D
CE04OSBP-LJ01C-07-VEL3DC107,number_beams,number_beams,,,ENG,1,CE04OSBP,LJ01C,VEL3D
CE04OSBP-LJ01C-07-VEL3DC107,transmit_pulse_length,transmit_pulse_length,,,ENG,counts,CE04OSBP,LJ01C,VEL3D
CE04OSBP-LJ01C-07-VEL3DC107,blanking_distance,blanking_distance,,,ENG,counts,CE04OSBP,LJ01C,VEL3D
CE04OSBP-LJ01C-07-VEL3DC107,receive_length,receive_length,,,ENG,counts,CE04OSBP,LJ01C,VEL3D
CE04OSBP-LJ01C-07-VEL3DC107,time_between_pings,time_between_pings,,,ENG,counts,CE04OSBP,LJ01C,VEL3D
CE04OSBP-LJ01C-07-VEL3DC107,time_between_bursts,time_between_bursts,,,ENG,counts,CE04OSBP,LJ01C,VEL3D
CE04OSBP-LJ01C-07-VEL3DC107,number_pings,number_pings,,,ENG,1,CE04OSBP,LJ01C,VEL3D
CE04OSBP-LJ01C-07-VEL3DC107,average_interval,average_interval,,,ENG,s,CE04OSBP,LJ01C,VEL3D
CE04OSBP-LJ01C-07-VEL3DC107,profile_type,profile_type,,,ENG,1,CE04OSBP,LJ01C,VEL3D
CE04OSBP-LJ01C-07-VEL3DC107,mode_type,mode_type,,,ENG,1,CE04OSBP,LJ01C,VEL3D
CE04OSBP-LJ01C-07-VEL3DC107,power_level_tcm1,power_level_tcm1,,,ENG,1,CE04OSBP,LJ01C,VEL3D
CE04OSBP-LJ01C-07-VEL3DC107,power_level_tcm2,power_level_tcm2,,,ENG,1,CE04OSBP,LJ01C,VEL3D
CE04OSBP-LJ01C-07-VEL3DC107,sync_out_position,sync_out_position,,,ENG,1,CE04OSBP,LJ01C,VEL3D
CE04OSBP-LJ01C-07-VEL3DC107,sample_on_sync,sample_on_sync,,,ENG,1,CE04OSBP,LJ01C,VEL3D
CE04OSBP-LJ01C-07-VEL3DC107,start_on_sync,start_on_sync,,,ENG,1,CE04OSBP,LJ01C,VEL3D
CE04OSBP-LJ01C-07-VEL3DC107,power_level_pcr1,power_level_pcr1,,,ENG,1,CE04OSBP,LJ01C,VEL3D
CE04OSBP-LJ01C-07-VEL3DC107,power_level_pcr2,power_level_pcr2,,,ENG,1,CE04OSBP,LJ01C,VEL3D
CE04OSBP-LJ01C-07-VEL3DC107,compass_update_rate,compass_update_rate,,,ENG,Hz,CE04OSBP,LJ01C,VEL3D
CE04OSBP-LJ01C-07-VEL3DC107,coordinate_system,coordinate_system,,,ENG,1,CE04OSBP,LJ01C,VEL3D
CE04OSBP-LJ01C-07-VEL3DC107,number_cells,number_cells,,,ENG,1,CE04OSBP,LJ01C,VEL3D
CE04OSBP-LJ01C-07-VEL3DC107,cell_size,cell_size,,,ENG,m,CE04OSBP,LJ01C,VEL3D
CE04OSBP-LJ01C-07-VEL3DC107,measurement_interval,measurement_interval,,,ENG,s,CE04OSBP,LJ01C,VEL3D
CE04OSBP-LJ01C-07-VEL3DC107,deployment_name,deployment_name,,,ENG,1,CE04OSBP,LJ01C,VEL3D
CE04OSBP-LJ01C-07-VEL3DC107,wrap_mode,wrap_mode,,,ENG,1,CE04OSBP,LJ01C,VEL3D
CE04OSBP-LJ01C-07-VEL3DC107,deployment_start_time,deployment_start_time,,,ENG,1,CE04OSBP,LJ01C,VEL3D
CE04OSBP-LJ01C-07-VEL3DC107,diagnostics_interval,diagnostics_interval,,,ENG,s,CE04OSBP,LJ01C,VEL3D
CE04OSBP-LJ01C-07-VEL3DC107,use_specified_sound_speed,use_specified_sound_speed,,,ENG,1,CE04OSBP,LJ01C,VEL3D
CE04OSBP-LJ01C-07-VEL3DC107,diagnostics_mode_enable,diagnostics_mode_enable,,,ENG,1,CE04OSBP,LJ01C,VEL3D
CE04OSBP-LJ01C-07-VEL3DC107,analog_output_enable,analog_output_enable,,,ENG,1,CE04OSBP,LJ01C,VEL3D
CE04OSBP-LJ01C-07-VEL3DC107,output_format_nortek,output_format_nortek,,,ENG,1,CE04OSBP,LJ01C,VEL3D
CE04OSBP-LJ01C-07-VEL3DC107,scaling,scaling,,,ENG,1,CE04OSBP,LJ01C,VEL3D
CE04OSBP-LJ01C-07-VEL3DC107,serial_output_enable,serial_output_enable,,,ENG,1,CE04OSBP,LJ01C,VEL3D
CE04OSBP-LJ01C-07-VEL3DC107,stage_enable,stage_enable,,,ENG,1,CE04OSBP,LJ01C,VEL3D
CE04OSBP-LJ01C-07-VEL3DC107,analog_power_output,analog_power_output,,,ENG,1,CE04OSBP,LJ01C,VEL3D
CE04OSBP-LJ01C-07-VEL3DC107,sound_speed_adjust_factor,sound_speed_adjust_factor,,,ENG,m s-1,CE04OSBP,LJ01C,VEL3D
CE04OSBP-LJ01C-07-VEL3DC107,number_diagnostics_samples,number_diagnostics_samples,,,ENG,1,CE04OSBP,LJ01C,VEL3D
CE04OSBP-LJ01C-07-VEL3DC107,number_beams_per_cell,number_beams_per_cell,,,ENG,1,CE04OSBP,LJ01C,VEL3D
CE04OSBP-LJ01C-07-VEL3DC107,number_pings_diagnostic,number_pings_diagnostic,,,ENG,1,CE04OSBP,LJ01C,VEL3D
CE04OSBP-LJ01C-07-VEL3DC107,use_dsp_filter,use_dsp_filter,,,ENG,1,CE04OSBP,LJ01C,VEL3D
CE04OSBP-LJ01C-07-VEL3DC107,filter_data_output,filter_data_output,,,ENG,1,CE04OSBP,LJ01C,VEL3D
CE04OSBP-LJ01C-07-VEL3DC107,analog_input_address,analog_input_address,,,ENG,1,CE04OSBP,LJ01C,VEL3D
CE04OSBP-LJ01C-07-VEL3DC107,software_version,software_version,,,ENG,1,CE04OSBP,LJ01C,VEL3D
CE04OSBP-LJ01C-07-VEL3DC107,velocity_adjustment_factor,velocity_adjustment_factor,,,ENG,1,CE04OSBP,LJ01C,VEL3D
CE04OSBP-LJ01C-07-VEL3DC107,file_comments,file_comments,,,ENG,1,CE04OSBP,LJ01C,VEL3D
CE04OSBP-LJ01C-07-VEL3DC107,wave_data_rate,wave_data_rate,,,ENG,Hz,CE04OSBP,LJ01C,VEL3D
CE04OSBP-LJ01C-07-VEL3DC107,wave_cell_position,wave_cell_position,,,ENG,1,CE04OSBP,LJ01C,VEL3D
CE04OSBP-LJ01C-07-VEL3DC107,dynamic_position_type,dynamic_position_type,,,ENG,1,CE04OSBP,LJ01C,VEL3D
CE04OSBP-LJ01C-07-VEL3DC107,percent_wave_cell_position,percent_wave_cell_position,,,ENG,1,CE04OSBP,LJ01C,VEL3D
CE04OSBP-LJ01C-07-VEL3DC107,wave_transmit_pulse,wave_transmit_pulse,,,ENG,1,CE04OSBP,LJ01C,VEL3D
CE04OSBP-LJ01C-07-VEL3DC107,fixed_wave_blanking_distance,fixed_wave_blanking_distance,,,ENG,counts,CE04OSBP,LJ01C,VEL3D
CE04OSBP-LJ01C-07-VEL3DC107,wave_measurement_cell_size,wave_measurement_cell_size,,,ENG,m,CE04OSBP,LJ01C,VEL3D
CE04OSBP-LJ01C-07-VEL3DC107,number_diagnostics_per_wave,number_diagnostics_per_wave,,,ENG,1,CE04OSBP,LJ01C,VEL3D
CE04OSBP-LJ01C-07-VEL3DC107,number_samples_per_burst,number_samples_per_burst,,,ENG,1,CE04OSBP,LJ01C,VEL3D
CE04OSBP-LJ01C-07-VEL3DC107,analog_scale_factor,analog_scale_factor,,,ENG,1,CE04OSBP,LJ01C,VEL3D
CE04OSBP-LJ01C-07-VEL3DC107,correlation_threshold,correlation_threshold,,,ENG,1,CE04OSBP,LJ01C,VEL3D
CE04OSBP-LJ01C-07-VEL3DC107,filter_constants,filter_constants,,,ENG,1,CE04OSBP,LJ01C,VEL3D
CE04OSBP-LJ01C-07-VEL3DC107,analog_input_2,analog_input_2,,,ENG,1,CE04OSBP,LJ01C,VEL3D
CE04OSBP-LJ01C-07-VEL3DC107,ensemble_counter,ensemble_counter,,,ENG,1,CE04OSBP,LJ01C,VEL3D
CE04OSBP-LJ01C-07-VEL3DC107,analog_input_1,analog_input_1,,,ENG,1,CE04OSBP,LJ01C,VEL3D
CE04OSBP-LJ01C-07-VEL3DC107,turbulent_velocity_east,turbulent_velocity_east,,,L0,mm s-1,CE04OSBP,LJ01C,VEL3D
CE04OSBP-LJ01C-07-VEL3DC107,turbulent_velocity_north,turbulent_velocity_north,,,L0,mm s-1,CE04OSBP,LJ01C,VEL3D
CE04OSBP-LJ01C-07-VEL3DC107,turbulent_velocity_vertical,turbulent_velocity_vertical,,,L0,mm s-1,CE04OSBP,LJ01C,VEL3D
CE04OSBP-LJ01C-07-VEL3DC107,amplitude_beam_1,amplitude_beam_1,,,ENG,counts,CE04OSBP,LJ01C,VEL3D
CE04OSBP-LJ01C-07-VEL3DC107,amplitude_beam_2,amplitude_beam_2,,,ENG,counts,CE04OSBP,LJ01C,VEL3D
CE04OSBP-LJ01C-07-VEL3DC107,amplitude_beam_3,amplitude_beam_3,,,ENG,counts,CE04OSBP,LJ01C,VEL3D
CE04OSBP-LJ01C-07-VEL3DC107,correlation_beam_1,correlation_beam_1,,,ENG,Percentage,CE04OSBP,LJ01C,VEL3D
CE04OSBP-LJ01C-07-VEL3DC107,correlation_beam_2,correlation_beam_2,,,ENG,Percentage,CE04OSBP,LJ01C,VEL3D
CE04OSBP-LJ01C-07-VEL3DC107,correlation_beam_3,correlation_beam_3,,,ENG,Percentage,CE04OSBP,LJ01C,VEL3D
CE04OSBP-LJ01C-07-VEL3DC107,error_code,error_code,,,ENG,1,CE04OSBP,LJ01C,VEL3D
CE04OSBP-LJ01C-07-VEL3DC107,status_code,status_code,,,ENG,1,CE04OSBP,LJ01C,VEL3D
CE04OSBP-LJ01C-07-VEL3DC107,analog_input,analog_input,,,ENG,1,CE04OSBP,LJ01C,VEL3D
CE04OSBP-LJ01C-07-VEL3DC107,number_velocity_records,number_velocity_records,,,ENG,1,CE04OSBP,LJ01C,VEL3D
CE04OSBP-LJ01C-07-VEL3DC107,noise_amp_beam1,noise_amp_beam1,,,ENG,counts,CE04OSBP,LJ01C,VEL3D
CE04OSBP-LJ01C-07-VEL3DC107,noise_amp_beam2,noise_amp_beam2,,,ENG,counts,CE04OSBP,LJ01C,VEL3D
CE04OSBP-LJ01C-07-VEL3DC107,noise_amp_beam3,noise_amp_beam3,,,ENG,counts,CE04OSBP,LJ01C,VEL3D
CE04OSBP-LJ01C-07-VEL3DC107,noise_correlation_beam1,noise_correlation_beam1,,,ENG,1,CE04OSBP,LJ01C,VEL3D
CE04OSBP-LJ01C-07-VEL3DC107,noise_correlation_beam2,noise_correlation_beam2,,,ENG,1,CE04OSBP,LJ01C,VEL3D
CE04OSBP-LJ01C-07-VEL3DC107,noise_correlation_beam3,noise_correlation_beam3,,,ENG,1,CE04OSBP,LJ01C,VEL3D
CE04OSBP-LJ01C-07-VEL3DC107,date_time_array,date_time_array,,,ENG,1,CE04OSBP,LJ01C,VEL3D
CE04OSBP-LJ01C-07-VEL3DC107,battery_voltage_mv,battery_voltage_mv,,,ENG,mV,CE04OSBP,LJ01C,VEL3D
CE04OSBP-LJ01C-07-VEL3DC107,identification_string,identification_string,,,ENG,1,CE04OSBP,LJ01C,VEL3D
CE04OSBP-LJ01C-07-VEL3DC107,date_time_string,date_time_string,,,ENG,1,CE04OSBP,LJ01C,VEL3D
CE04OSBP-LJ01C-08-OPTAAC104,port_timestamp,port_timestamp,,,,seconds since 1900-01-01,CE04OSBP,LJ01C,OPTAA
CE04OSBP-LJ01C-08-OPTAAC104,driver_timestamp,driver_timestamp,,,,seconds since 1900-01-01,CE04OSBP,LJ01C,OPTAA
CE04OSBP-LJ01C-08-OPTAAC104,firmware_version,firmware_version,,,,1,CE04OSBP,LJ01C,OPTAA
CE04OSBP-LJ01C-08-OPTAAC104,preferred_timestamp,preferred_timestamp,,,,1,CE04OSBP,LJ01C,OPTAA
CE04OSBP-LJ01C-08-OPTAAC104,firmware_date,firmware_date,,,,1,CE04OSBP,LJ01C,OPTAA
CE04OSBP-LJ01C-08-OPTAAC104,serial_number,serial_number,,,,1,CE04OSBP,LJ01C,OPTAA
CE04OSBP-LJ01C-08-OPTAAC104,beam_attenuation_ctdbp_no,beam_attenuation_ctdbp_no,0,100,L2,m-1,CE04OSBP,LJ01C,OPTAA
CE04OSBP-LJ01C-08-OPTAAC104,optical_absorption_ctdbp_no,optical_absorption_ctdbp_no,,,,,CE04OSBP,LJ01C,OPTAA
CE04OSBP-LJ01C-08-OPTAAC104,record_length,record_length,,,,1,CE04OSBP,LJ01C,OPTAA
CE04OSBP-LJ01C-08-OPTAAC104,packet_type,packet_type,,,,1,CE04OSBP,LJ01C,OPTAA
CE04OSBP-LJ01C-08-OPTAAC104,meter_type,meter_type,,,,1,CE04OSBP,LJ01C,OPTAA
CE04OSBP-LJ01C-08-OPTAAC104,a_reference_dark_counts,a_reference_dark_counts,,,,counts,CE04OSBP,LJ01C,OPTAA
CE04OSBP-LJ01C-08-OPTAAC104,pressure_counts,pressure_counts,,,,counts,CE04OSBP,LJ01C,OPTAA
CE04OSBP-LJ01C-08-OPTAAC104,a_signal_dark_counts,a_signal_dark_counts,,,,counts,CE04OSBP,LJ01C,OPTAA
CE04OSBP-LJ01C-08-OPTAAC104,external_temp_raw,external_temp_raw,,,,counts,CE04OSBP,LJ01C,OPTAA
CE04OSBP-LJ01C-08-OPTAAC104,internal_temp_raw,internal_temp_raw,,,L0,counts,CE04OSBP,LJ01C,OPTAA
CE04OSBP-LJ01C-08-OPTAAC104,c_reference_dark_counts,c_reference_dark_counts,,,,counts,CE04OSBP,LJ01C,OPTAA
CE04OSBP-LJ01C-08-OPTAAC104,c_signal_dark_counts,c_signal_dark_counts,,,,counts,CE04OSBP,LJ01C,OPTAA
CE04OSBP-LJ01C-08-OPTAAC104,elapsed_run_time,elapsed_run_time,,,,ms,CE04OSBP,LJ01C,OPTAA
CE04OSBP-LJ01C-08-OPTAAC104,num_wavelengths,num_wavelengths,,,,1,CE04OSBP,LJ01C,OPTAA
CE04OSBP-LJ01C-08-OPTAAC104,c_reference_counts,c_reference_counts,,,L0,counts,CE04OSBP,LJ01C,OPTAA
CE04OSBP-LJ01C-08-OPTAAC104,a_reference_counts,a_reference_counts,,,L0,counts,CE04OSBP,LJ01C,OPTAA
CE04OSBP-LJ01C-08-OPTAAC104,c_signal_counts,c_signal_counts,,,L0,counts,CE04OSBP,LJ01C,OPTAA
CE04OSBP-LJ01C-08-OPTAAC104,a_signal_counts,a_signal_counts,,,L0,counts,CE04OSBP,LJ01C,OPTAA
CE04OSBP-LJ01C-08-OPTAAC104,persistor_cf_serial_number,persistor_cf_serial_number,,,,1,CE04OSBP,LJ01C,OPTAA
CE04OSBP-LJ01C-08-OPTAAC104,persistor_cf_bios_version,persistor_cf_bios_version,,,,1,CE04OSBP,LJ01C,OPTAA
CE04OSBP-LJ01C-08-OPTAAC104,persistor_cf_picodos_version,persistor_cf_picodos_version,,,,1,CE04OSBP,LJ01C,OPTAA
CE04OSBP-LJ01C-08-OPTAAC104,checksum,checksum,,,,1,CE04OSBP,LJ01C,OPTAA
CE04OSBP-LJ01C-08-OPTAAC104,beam_attenuation,beam_attenuation,0,100,L2,m-1,CE04OSBP,LJ01C,OPTAA
CE04OSBP-LJ01C-08-OPTAAC104,optical_absorption,optical_absorption,0,100,L2,m-1,CE04OSBP,LJ01C,OPTAA
CE04OSBP-LJ01C-09-PCO2WB104,port_timestamp,port_timestamp,,,ENG,seconds since 1900-01-01,CE04OSBP,LJ01C,PCO2W
CE04OSBP-LJ01C-09-PCO2WB104,driver_timestamp,driver_timestamp,,,ENG,seconds since 1900-01-01,CE04OSBP,LJ01C,PCO2W
CE04OSBP-LJ01C-09-PCO2WB104,external_device2_fault,external_device2_fault,,,ENG,1,CE04OSBP,LJ01C,PCO2W
CE04OSBP-LJ01C-09-PCO2WB104,external_device3_fault,external_device3_fault,,,ENG,1,CE04OSBP,LJ01C,PCO2W
CE04OSBP-LJ01C-09-PCO2WB104,num_data_records,num_data_records,,,ENG,1,CE04OSBP,LJ01C,PCO2W
CE04OSBP-LJ01C-09-PCO2WB104,num_error_records,num_error_records,,,ENG,1,CE04OSBP,LJ01C,PCO2W
CE04OSBP-LJ01C-09-PCO2WB104,num_bytes_stored,num_bytes_stored,,,ENG,bytes,CE04OSBP,LJ01C,PCO2W
CE04OSBP-LJ01C-09-PCO2WB104,external_pump_setting,external_pump_setting,,,ENG,1,CE04OSBP,LJ01C,PCO2W
CE04OSBP-LJ01C-09-PCO2WB104,internal_timestamp,internal_timestamp,,,ENG,seconds since 1900-01-01,CE04OSBP,LJ01C,PCO2W
CE04OSBP-LJ01C-09-PCO2WB104,preferred_timestamp,preferred_timestamp,,,ENG,1,CE04OSBP,LJ01C,PCO2W
CE04OSBP-LJ01C-09-PCO2WB104,pco2w_battery_voltage,pco2w_battery_voltage,,,ENG,counts,CE04OSBP,LJ01C,PCO2W
CE04OSBP-LJ01C-09-PCO2WB104,pco2w_thermistor_voltage,pco2w_thermistor_voltage,,,ENG,counts,CE04OSBP,LJ01C,PCO2W
CE04OSBP-LJ01C-09-PCO2WB104,checksum,checksum,,,ENG,1,CE04OSBP,LJ01C,PCO2W
CE04OSBP-LJ01C-09-PCO2WB104,unique_id,unique_id,,,ENG,1,CE04OSBP,LJ01C,PCO2W
CE04OSBP-LJ01C-09-PCO2WB104,record_length,record_length,,,ENG,1,CE04OSBP,LJ01C,PCO2W
CE04OSBP-LJ01C-09-PCO2WB104,record_type,record_type,,,ENG,1,CE04OSBP,LJ01C,PCO2W
CE04OSBP-LJ01C-09-PCO2WB104,record_time,record_time,,,ENG,seconds since 1904-01-01,CE04OSBP,LJ01C,PCO2W
CE04OSBP-LJ01C-09-PCO2WB104,light_measurements,light_measurements,,,ENG,counts,CE04OSBP,LJ01C,PCO2W
CE04OSBP-LJ01C-09-PCO2WB104,voltage_battery,voltage_battery,,,ENG,counts,CE04OSBP,LJ01C,PCO2W
CE04OSBP-LJ01C-09-PCO2WB104,thermistor_raw,thermistor_raw,,,L0,V,CE04OSBP,LJ01C,PCO2W
CE04OSBP-LJ01C-09-PCO2WB104,elapsed_time_config,elapsed_time_config,,,ENG,s,CE04OSBP,LJ01C,PCO2W
CE04OSBP-LJ01C-09-PCO2WB104,clock_active,clock_active,,,ENG,1,CE04OSBP,LJ01C,PCO2W
CE04OSBP-LJ01C-09-PCO2WB104,recording_active,recording_active,,,ENG,1,CE04OSBP,LJ01C,PCO2W
CE04OSBP-LJ01C-09-PCO2WB104,record_end_on_time,record_end_on_time,,,ENG,1,CE04OSBP,LJ01C,PCO2W
CE04OSBP-LJ01C-09-PCO2WB104,record_memory_full,record_memory_full,,,ENG,1,CE04OSBP,LJ01C,PCO2W
CE04OSBP-LJ01C-09-PCO2WB104,record_end_on_error,record_end_on_error,,,ENG,1,CE04OSBP,LJ01C,PCO2W
CE04OSBP-LJ01C-09-PCO2WB104,data_download_ok,data_download_ok,,,ENG,1,CE04OSBP,LJ01C,PCO2W
CE04OSBP-LJ01C-09-PCO2WB104,flash_memory_open,flash_memory_open,,,ENG,1,CE04OSBP,LJ01C,PCO2W
CE04OSBP-LJ01C-09-PCO2WB104,battery_low_prestart,battery_low_prestart,,,ENG,1,CE04OSBP,LJ01C,PCO2W
CE04OSBP-LJ01C-09-PCO2WB104,battery_low_measurement,battery_low_measurement,,,ENG,1,CE04OSBP,LJ01C,PCO2W
CE04OSBP-LJ01C-09-PCO2WB104,battery_low_bank,battery_low_bank,,,ENG,1,CE04OSBP,LJ01C,PCO2W
CE04OSBP-LJ01C-09-PCO2WB104,battery_low_external,battery_low_external,,,ENG,1,CE04OSBP,LJ01C,PCO2W
CE04OSBP-LJ01C-09-PCO2WB104,external_device1_fault,external_device1_fault,,,ENG,1,CE04OSBP,LJ01C,PCO2W
CE04OSBP-LJ01C-09-PCO2WB104,flash_erased,flash_erased,,,ENG,1,CE04OSBP,LJ01C,PCO2W
CE04OSBP-LJ01C-09-PCO2WB104,pco2w_b_seawater,pco2w_b_seawater,,,L1,uatm,CE04OSBP,LJ01C,PCO2W
CE04OSBP-LJ01C-09-PCO2WB104,pco2w_b_absorbance_blank_434,pco2w_b_absorbance_blank_434,,,L0,1,CE04OSBP,LJ01C,PCO2W
CE04OSBP-LJ01C-09-PCO2WB104,pco2w_b_absorbance_blank_620,pco2w_b_absorbance_blank_620,,,L0,1,CE04OSBP,LJ01C,PCO2W
CE04OSBP-LJ01C-09-PCO2WB104,power_on_invalid,power_on_invalid,,,ENG,1,CE04OSBP,LJ01C,PCO2W
CE04OSBP-LJ01C-09-PCO2WB104,launch_time,launch_time,,,ENG,seconds since 1904-01-03,CE04OSBP,LJ01C,PCO2W
CE04OSBP-LJ01C-09-PCO2WB104,start_time_offset,start_time_offset,,,ENG,s,CE04OSBP,LJ01C,PCO2W
CE04OSBP-LJ01C-09-PCO2WB104,recording_time,recording_time,,,ENG,s,CE04OSBP,LJ01C,PCO2W
CE04OSBP-LJ01C-09-PCO2WB104,pmi_sample_schedule,pmi_sample_schedule,,,ENG,1,CE04OSBP,LJ01C,PCO2W
CE04OSBP-LJ01C-09-PCO2WB104,sami_sample_schedule,sami_sample_schedule,,,ENG,1,CE04OSBP,LJ01C,PCO2W
CE04OSBP-LJ01C-09-PCO2WB104,slot1_follows_sami_sample,slot1_follows_sami_sample,,,ENG,1,CE04OSBP,LJ01C,PCO2W
CE04OSBP-LJ01C-09-PCO2WB104,slot1_independent_schedule,slot1_independent_schedule,,,ENG,1,CE04OSBP,LJ01C,PCO2W
CE04OSBP-LJ01C-09-PCO2WB104,slot2_follows_sami_sample,slot2_follows_sami_sample,,,ENG,1,CE04OSBP,LJ01C,PCO2W
CE04OSBP-LJ01C-09-PCO2WB104,slot2_independent_schedule,slot2_independent_schedule,,,ENG,1,CE04OSBP,LJ01C,PCO2W
CE04OSBP-LJ01C-09-PCO2WB104,slot3_follows_sami_sample,slot3_follows_sami_sample,,,ENG,1,CE04OSBP,LJ01C,PCO2W
CE04OSBP-LJ01C-09-PCO2WB104,slot3_independent_schedule,slot3_independent_schedule,,,ENG,1,CE04OSBP,LJ01C,PCO2W
CE04OSBP-LJ01C-09-PCO2WB104,timer_interval_sami,timer_interval_sami,,,ENG,s,CE04OSBP,LJ01C,PCO2W
CE04OSBP-LJ01C-09-PCO2WB104,driver_id_sami,driver_id_sami,,,ENG,1,CE04OSBP,LJ01C,PCO2W
CE04OSBP-LJ01C-09-PCO2WB104,parameter_pointer_sami,parameter_pointer_sami,,,ENG,1,CE04OSBP,LJ01C,PCO2W
CE04OSBP-LJ01C-09-PCO2WB104,timer_interval_device1,timer_interval_device1,,,ENG,s,CE04OSBP,LJ01C,PCO2W
CE04OSBP-LJ01C-09-PCO2WB104,driver_id_device1,driver_id_device1,,,ENG,1,CE04OSBP,LJ01C,PCO2W
CE04OSBP-LJ01C-09-PCO2WB104,parameter_pointer_device1,parameter_pointer_device1,,,ENG,1,CE04OSBP,LJ01C,PCO2W
CE04OSBP-LJ01C-09-PCO2WB104,timer_interval_device2,timer_interval_device2,,,ENG,s,CE04OSBP,LJ01C,PCO2W
CE04OSBP-LJ01C-09-PCO2WB104,driver_id_device2,driver_id_device2,,,ENG,1,CE04OSBP,LJ01C,PCO2W
CE04OSBP-LJ01C-09-PCO2WB104,parameter_pointer_device2,parameter_pointer_device2,,,ENG,1,CE04OSBP,LJ01C,PCO2W
CE04OSBP-LJ01C-09-PCO2WB104,timer_interval_device3,timer_interval_device3,,,ENG,s,CE04OSBP,LJ01C,PCO2W
CE04OSBP-LJ01C-09-PCO2WB104,driver_id_device3,driver_id_device3,,,ENG,1,CE04OSBP,LJ01C,PCO2W
CE04OSBP-LJ01C-09-PCO2WB104,parameter_pointer_device3,parameter_pointer_device3,,,ENG,1,CE04OSBP,LJ01C,PCO2W
CE04OSBP-LJ01C-09-PCO2WB104,timer_interval_prestart,timer_interval_prestart,,,ENG,s,CE04OSBP,LJ01C,PCO2W
CE04OSBP-LJ01C-09-PCO2WB104,driver_id_prestart,driver_id_prestart,,,ENG,1,CE04OSBP,LJ01C,PCO2W
CE04OSBP-LJ01C-09-PCO2WB104,parameter_pointer_prestart,parameter_pointer_prestart,,,ENG,1,CE04OSBP,LJ01C,PCO2W
CE04OSBP-LJ01C-09-PCO2WB104,use_baud_rate_57600,use_baud_rate_57600,,,ENG,1,CE04OSBP,LJ01C,PCO2W
CE04OSBP-LJ01C-09-PCO2WB104,send_record_type,send_record_type,,,ENG,1,CE04OSBP,LJ01C,PCO2W
CE04OSBP-LJ01C-09-PCO2WB104,send_live_records,send_live_records,,,ENG,1,CE04OSBP,LJ01C,PCO2W
CE04OSBP-LJ01C-09-PCO2WB104,extend_global_config,extend_global_config,,,ENG,1,CE04OSBP,LJ01C,PCO2W
CE04OSBP-LJ01C-09-PCO2WB104,pump_pulse,pump_pulse,,,ENG,s,CE04OSBP,LJ01C,PCO2W
CE04OSBP-LJ01C-09-PCO2WB104,pump_on_to_measure,pump_on_to_measure,,,ENG,s,CE04OSBP,LJ01C,PCO2W
CE04OSBP-LJ01C-09-PCO2WB104,samples_per_measure,samples_per_measure,,,ENG,counts,CE04OSBP,LJ01C,PCO2W
CE04OSBP-LJ01C-09-PCO2WB104,cycles_between_blanks,cycles_between_blanks,,,ENG,counts,CE04OSBP,LJ01C,PCO2W
CE04OSBP-LJ01C-09-PCO2WB104,num_reagent_cycles,num_reagent_cycles,,,ENG,counts,CE04OSBP,LJ01C,PCO2W
CE04OSBP-LJ01C-09-PCO2WB104,num_blank_cycles,num_blank_cycles,,,ENG,counts,CE04OSBP,LJ01C,PCO2W
CE04OSBP-LJ01C-09-PCO2WB104,flush_pump_interval,flush_pump_interval,,,ENG,s,CE04OSBP,LJ01C,PCO2W
CE04OSBP-LJ01C-09-PCO2WB104,disable_start_blank_flush,disable_start_blank_flush,,,ENG,1,CE04OSBP,LJ01C,PCO2W
CE04OSBP-LJ01C-09-PCO2WB104,measure_after_pump_pulse,measure_after_pump_pulse,,,ENG,1,CE04OSBP,LJ01C,PCO2W
CE04OSBP-LJ01C-09-PCO2WB104,time,time,,,ENG,seconds since 1900-01-01,CE04OSBP,LJ01C,PCO2W
CE04OSBP-LJ01C-09-PCO2WB104,ingestion_timestamp,ingestion_timestamp,,,ENG,seconds since 1900-01-01,CE04OSBP,LJ01C,PCO2W
CE04OSBP-LJ01C-09-PCO2WB104,cycle_rate,cycle_rate,,,ENG,s,CE04OSBP,LJ01C,PCO2W
CE04OSBP-LJ01C-09-PCO2WB104,absorbance_ratio_434,absorbance_ratio_434,0,100000,L0,counts,CE04OSBP,LJ01C,PCO2W
CE04OSBP-LJ01C-09-PCO2WB104,absorbance_ratio_620,absorbance_ratio_620,0,100000,L0,counts,CE04OSBP,LJ01C,PCO2W
CE04OSBP-LJ01C-09-PCO2WB104,pco2w_thermistor_temperature,pco2w_thermistor_temperature,-2,40,L1,deg_C,CE04OSBP,LJ01C,PCO2W
CE04OSBP-LJ01C-10-PHSEND107,port_timestamp,port_timestamp,,,ENG,seconds since 1900-01-01,CE04OSBP,LJ01C,PHSEN
CE04OSBP-LJ01C-10-PHSEND107,driver_timestamp,driver_timestamp,,,ENG,seconds since 1900-01-01,CE04OSBP,LJ01C,PHSEN
CE04OSBP-LJ01C-10-PHSEND107,external_device2_fault,external_device2_fault,,,ENG,1,CE04OSBP,LJ01C,PHSEN
CE04OSBP-LJ01C-10-PHSEND107,external_device3_fault,external_device3_fault,,,ENG,1,CE04OSBP,LJ01C,PHSEN
CE04OSBP-LJ01C-10-PHSEND107,num_data_records,num_data_records,,,ENG,1,CE04OSBP,LJ01C,PHSEN
CE04OSBP-LJ01C-10-PHSEND107,num_error_records,num_error_records,,,ENG,1,CE04OSBP,LJ01C,PHSEN
CE04OSBP-LJ01C-10-PHSEND107,num_bytes_stored,num_bytes_stored,,,ENG,bytes,CE04OSBP,LJ01C,PHSEN
CE04OSBP-LJ01C-10-PHSEND107,number_samples_averaged,number_samples_averaged,,,ENG,counts,CE04OSBP,LJ01C,PHSEN
CE04OSBP-LJ01C-10-PHSEND107,number_flushes,number_flushes,,,ENG,counts,CE04OSBP,LJ01C,PHSEN
CE04OSBP-LJ01C-10-PHSEND107,pump_on_flush,pump_on_flush,,,ENG,counts,CE04OSBP,LJ01C,PHSEN
CE04OSBP-LJ01C-10-PHSEND107,pump_off_flush,pump_off_flush,,,ENG,counts,CE04OSBP,LJ01C,PHSEN
CE04OSBP-LJ01C-10-PHSEND107,number_reagent_pumps,number_reagent_pumps,,,ENG,counts,CE04OSBP,LJ01C,PHSEN
CE04OSBP-LJ01C-10-PHSEND107,valve_delay,valve_delay,,,ENG,counts,CE04OSBP,LJ01C,PHSEN
CE04OSBP-LJ01C-10-PHSEND107,pump_on_ind,pump_on_ind,,,ENG,counts,CE04OSBP,LJ01C,PHSEN
CE04OSBP-LJ01C-10-PHSEND107,pv_off_ind,pv_off_ind,,,ENG,counts,CE04OSBP,LJ01C,PHSEN
CE04OSBP-LJ01C-10-PHSEND107,number_blanks,number_blanks,,,ENG,counts,CE04OSBP,LJ01C,PHSEN
CE04OSBP-LJ01C-10-PHSEND107,pump_measure_t,pump_measure_t,,,ENG,counts,CE04OSBP,LJ01C,PHSEN
CE04OSBP-LJ01C-10-PHSEND107,pump_off_to_measure,pump_off_to_measure,,,ENG,counts,CE04OSBP,LJ01C,PHSEN
CE04OSBP-LJ01C-10-PHSEND107,measure_to_pump_on,measure_to_pump_on,,,ENG,counts,CE04OSBP,LJ01C,PHSEN
CE04OSBP-LJ01C-10-PHSEND107,number_measurements,number_measurements,,,ENG,counts,CE04OSBP,LJ01C,PHSEN
CE04OSBP-LJ01C-10-PHSEND107,salinity_delay,salinity_delay,,,ENG,counts,CE04OSBP,LJ01C,PHSEN
CE04OSBP-LJ01C-10-PHSEND107,internal_timestamp,internal_timestamp,,,ENG,seconds since 1900-01-01,CE04OSBP,LJ01C,PHSEN
CE04OSBP-LJ01C-10-PHSEND107,pco2w_battery_voltage,pco2w_battery_voltage,,,ENG,counts,CE04OSBP,LJ01C,PHSEN
CE04OSBP-LJ01C-10-PHSEND107,pco2w_thermistor_voltage,pco2w_thermistor_voltage,,,ENG,counts,CE04OSBP,LJ01C,PHSEN
CE04OSBP-LJ01C-10-PHSEND107,phsen_battery_volts,phsen_battery_volts,,,ENG,V,CE04OSBP,LJ01C,PHSEN
CE04OSBP-LJ01C-10-PHSEND107,ph_light_measurements,ph_light_measurements,,,ENG,counts,CE04OSBP,LJ01C,PHSEN
CE04OSBP-LJ01C-10-PHSEND107,checksum,checksum,,,ENG,1,CE04OSBP,LJ01C,PHSEN
CE04OSBP-LJ01C-10-PHSEND107,unique_id,unique_id,,,ENG,1,CE04OSBP,LJ01C,PHSEN
CE04OSBP-LJ01C-10-PHSEND107,record_length,record_length,,,ENG,1,CE04OSBP,LJ01C,PHSEN
CE04OSBP-LJ01C-10-PHSEND107,record_type,record_type,,,ENG,1,CE04OSBP,LJ01C,PHSEN
CE04OSBP-LJ01C-10-PHSEND107,record_time,record_time,,,ENG,seconds since 1904-01-01,CE04OSBP,LJ01C,PHSEN
CE04OSBP-LJ01C-10-PHSEND107,voltage_battery,voltage_battery,,,ENG,counts,CE04OSBP,LJ01C,PHSEN
CE04OSBP-LJ01C-10-PHSEND107,elapsed_time_config,elapsed_time_config,,,ENG,s,CE04OSBP,LJ01C,PHSEN
CE04OSBP-LJ01C-10-PHSEND107,clock_active,clock_active,,,ENG,1,CE04OSBP,LJ01C,PHSEN
CE04OSBP-LJ01C-10-PHSEND107,recording_active,recording_active,,,ENG,1,CE04OSBP,LJ01C,PHSEN
CE04OSBP-LJ01C-10-PHSEND107,record_end_on_time,record_end_on_time,,,ENG,1,CE04OSBP,LJ01C,PHSEN
CE04OSBP-LJ01C-10-PHSEND107,record_memory_full,record_memory_full,,,ENG,1,CE04OSBP,LJ01C,PHSEN
CE04OSBP-LJ01C-10-PHSEND107,record_end_on_error,record_end_on_error,,,ENG,1,CE04OSBP,LJ01C,PHSEN
CE04OSBP-LJ01C-10-PHSEND107,data_download_ok,data_download_ok,,,ENG,1,CE04OSBP,LJ01C,PHSEN
CE04OSBP-LJ01C-10-PHSEND107,flash_memory_open,flash_memory_open,,,ENG,1,CE04OSBP,LJ01C,PHSEN
CE04OSBP-LJ01C-10-PHSEND107,battery_low_prestart,battery_low_prestart,,,ENG,1,CE04OSBP,LJ01C,PHSEN
CE04OSBP-LJ01C-10-PHSEND107,battery_low_measurement,battery_low_measurement,,,ENG,1,CE04OSBP,LJ01C,PHSEN
CE04OSBP-LJ01C-10-PHSEND107,battery_low_bank,battery_low_bank,,,ENG,1,CE04OSBP,LJ01C,PHSEN
CE04OSBP-LJ01C-10-PHSEND107,battery_low_external,battery_low_external,,,ENG,1,CE04OSBP,LJ01C,PHSEN
CE04OSBP-LJ01C-10-PHSEND107,external_device1_fault,external_device1_fault,,,ENG,1,CE04OSBP,LJ01C,PHSEN
CE04OSBP-LJ01C-10-PHSEND107,flash_erased,flash_erased,,,ENG,1,CE04OSBP,LJ01C,PHSEN
CE04OSBP-LJ01C-10-PHSEND107,power_on_invalid,power_on_invalid,,,ENG,1,CE04OSBP,LJ01C,PHSEN
CE04OSBP-LJ01C-10-PHSEND107,launch_time,launch_time,,,ENG,seconds since 1904-01-01,CE04OSBP,LJ01C,PHSEN
CE04OSBP-LJ01C-10-PHSEND107,start_time_offset,start_time_offset,,,ENG,s,CE04OSBP,LJ01C,PHSEN
CE04OSBP-LJ01C-10-PHSEND107,recording_time,recording_time,,,ENG,s,CE04OSBP,LJ01C,PHSEN
CE04OSBP-LJ01C-10-PHSEND107,pmi_sample_schedule,pmi_sample_schedule,,,ENG,1,CE04OSBP,LJ01C,PHSEN
CE04OSBP-LJ01C-10-PHSEND107,sami_sample_schedule,sami_sample_schedule,,,ENG,1,CE04OSBP,LJ01C,PHSEN
CE04OSBP-LJ01C-10-PHSEND107,slot1_follows_sami_sample,slot1_follows_sami_sample,,,ENG,1,CE04OSBP,LJ01C,PHSEN
CE04OSBP-LJ01C-10-PHSEND107,slot1_independent_schedule,slot1_independent_schedule,,,ENG,1,CE04OSBP,LJ01C,PHSEN
CE04OSBP-LJ01C-10-PHSEND107,slot2_follows_sami_sample,slot2_follows_sami_sample,,,ENG,1,CE04OSBP,LJ01C,PHSEN
CE04OSBP-LJ01C-10-PHSEND107,slot2_independent_schedule,slot2_independent_schedule,,,ENG,1,CE04OSBP,LJ01C,PHSEN
CE04OSBP-LJ01C-10-PHSEND107,slot3_follows_sami_sample,slot3_follows_sami_sample,,,ENG,1,CE04OSBP,LJ01C,PHSEN
CE04OSBP-LJ01C-10-PHSEND107,slot3_independent_schedule,slot3_independent_schedule,,,ENG,1,CE04OSBP,LJ01C,PHSEN
CE04OSBP-LJ01C-10-PHSEND107,timer_interval_sami,timer_interval_sami,,,ENG,s,CE04OSBP,LJ01C,PHSEN
CE04OSBP-LJ01C-10-PHSEND107,driver_id_sami,driver_id_sami,,,ENG,1,CE04OSBP,LJ01C,PHSEN
CE04OSBP-LJ01C-10-PHSEND107,parameter_pointer_sami,parameter_pointer_sami,,,ENG,1,CE04OSBP,LJ01C,PHSEN
CE04OSBP-LJ01C-10-PHSEND107,timer_interval_device1,timer_interval_device1,,,ENG,s,CE04OSBP,LJ01C,PHSEN
CE04OSBP-LJ01C-10-PHSEND107,driver_id_device1,driver_id_device1,,,ENG,1,CE04OSBP,LJ01C,PHSEN
CE04OSBP-LJ01C-10-PHSEND107,parameter_pointer_device1,parameter_pointer_device1,,,ENG,1,CE04OSBP,LJ01C,PHSEN
CE04OSBP-LJ01C-10-PHSEND107,timer_interval_device2,timer_interval_device2,,,ENG,s,CE04OSBP,LJ01C,PHSEN
CE04OSBP-LJ01C-10-PHSEND107,driver_id_device2,driver_id_device2,,,ENG,1,CE04OSBP,LJ01C,PHSEN
CE04OSBP-LJ01C-10-PHSEND107,parameter_pointer_device2,parameter_pointer_device2,,,ENG,1,CE04OSBP,LJ01C,PHSEN
CE04OSBP-LJ01C-10-PHSEND107,timer_interval_device3,timer_interval_device3,,,ENG,s,CE04OSBP,LJ01C,PHSEN
CE04OSBP-LJ01C-10-PHSEND107,driver_id_device3,driver_id_device3,,,ENG,1,CE04OSBP,LJ01C,PHSEN
CE04OSBP-LJ01C-10-PHSEND107,parameter_pointer_device3,parameter_pointer_device3,,,ENG,1,CE04OSBP,LJ01C,PHSEN
CE04OSBP-LJ01C-10-PHSEND107,timer_interval_prestart,timer_interval_prestart,,,ENG,s,CE04OSBP,LJ01C,PHSEN
CE04OSBP-LJ01C-10-PHSEND107,driver_id_prestart,driver_id_prestart,,,ENG,1,CE04OSBP,LJ01C,PHSEN
CE04OSBP-LJ01C-10-PHSEND107,parameter_pointer_prestart,parameter_pointer_prestart,,,ENG,1,CE04OSBP,LJ01C,PHSEN
CE04OSBP-LJ01C-10-PHSEND107,use_baud_rate_57600,use_baud_rate_57600,,,ENG,1,CE04OSBP,LJ01C,PHSEN
CE04OSBP-LJ01C-10-PHSEND107,send_record_type,send_record_type,,,ENG,1,CE04OSBP,LJ01C,PHSEN
CE04OSBP-LJ01C-10-PHSEND107,send_live_records,send_live_records,,,ENG,1,CE04OSBP,LJ01C,PHSEN
CE04OSBP-LJ01C-10-PHSEND107,extend_global_config,extend_global_config,,,ENG,1,CE04OSBP,LJ01C,PHSEN
CE04OSBP-LJ01C-10-PHSEND107,time,time,,,ENG,seconds since 1900-01-01,CE04OSBP,LJ01C,PHSEN
CE04OSBP-LJ01C-10-PHSEND107,ingestion_timestamp,ingestion_timestamp,,,ENG,seconds since 1900-01-01,CE04OSBP,LJ01C,PHSEN
CE04OSBP-LJ01C-10-PHSEND107,thermistor_start,thermistor_start,,,ENG,counts,CE04OSBP,LJ01C,PHSEN
CE04OSBP-LJ01C-10-PHSEND107,reference_light_measurements,reference_light_measurements,,,ENG,counts,CE04OSBP,LJ01C,PHSEN
CE04OSBP-LJ01C-10-PHSEND107,thermistor_end,thermistor_end,,,L0,counts,CE04OSBP,LJ01C,PHSEN
CE04OSBP-LJ01C-10-PHSEND107,signal_intensity_434,signal_intensity_434,,,L0,counts,CE04OSBP,LJ01C,PHSEN
CE04OSBP-LJ01C-10-PHSEND107,signal_intensity_578,signal_intensity_578,,,L0,counts,CE04OSBP,LJ01C,PHSEN
CE04OSBP-LJ01C-10-PHSEND107,phsen_thermistor_temperature,phsen_thermistor_temperature,,,L1,deg_C,CE04OSBP,LJ01C,PHSEN
CE04OSBP-LJ01C-10-PHSEND107,ph_seawater,ph_seawater,7.3,8.5,L1,1,CE04OSBP,LJ01C,PHSEN
CE04OSBP-LV01C-06-CAMDSB106,,,,,,,CE04OSBP,LV01C,CAMDS
CE04OSBP-LV01C-06-CAMDSB106,port_timestamp,port_timestamp,,,,seconds since 1900-01-01,CE04OSBP,LV01C,CAMDS
CE04OSBP-LV01C-06-CAMDSB106,driver_timestamp,driver_timestamp,,,,seconds since 1900-01-01,CE04OSBP,LV01C,CAMDS
CE04OSBP-LV01C-06-CAMDSB106,internal_timestamp,internal_timestamp,,,,seconds since 1900-01-01,CE04OSBP,LV01C,CAMDS
CE04OSBP-LV01C-06-CAMDSB106,preferred_timestamp,preferred_timestamp,,,,1,CE04OSBP,LV01C,CAMDS
CE04OSBP-LV01C-06-CAMDSB106,camds_pan_position,camds_pan_position,,,,degrees,CE04OSBP,LV01C,CAMDS
CE04OSBP-LV01C-06-CAMDSB106,camds_tilt_position,camds_tilt_position,,,,degrees,CE04OSBP,LV01C,CAMDS
CE04OSBP-LV01C-06-CAMDSB106,camds_focus_position,camds_focus_position,,,,1,CE04OSBP,LV01C,CAMDS
CE04OSBP-LV01C-06-CAMDSB106,camds_zoom_position,camds_zoom_position,,,,1,CE04OSBP,LV01C,CAMDS
CE04OSBP-LV01C-06-CAMDSB106,camds_iris_position,camds_iris_position,,,,1,CE04OSBP,LV01C,CAMDS
CE04OSBP-LV01C-06-CAMDSB106,camds_gain,camds_gain,,,,1,CE04OSBP,LV01C,CAMDS
CE04OSBP-LV01C-06-CAMDSB106,camds_resolution,camds_resolution,,,,1,CE04OSBP,LV01C,CAMDS
CE04OSBP-LV01C-06-CAMDSB106,camds_brightness,camds_brightness,,,,1,CE04OSBP,LV01C,CAMDS
CE04OSBP-LV01C-06-CAMDSB106,camds_temp,camds_temp,,,,DegreesC,CE04OSBP,LV01C,CAMDS
CE04OSBP-LV01C-06-CAMDSB106,camds_humidity,camds_humidity,,,,percent,CE04OSBP,LV01C,CAMDS
CE04OSBP-LV01C-06-CAMDSB106,camds_error,camds_error,,,,1,CE04OSBP,LV01C,CAMDS
CE04OSBP-LV01C-06-CAMDSB106,camds_disk_size,camds_disk_size,,,,MB,CE04OSBP,LV01C,CAMDS
CE04OSBP-LV01C-06-CAMDSB106,camds_disk_remaining,camds_disk_remaining,,,,%,CE04OSBP,LV01C,CAMDS
CE04OSBP-LV01C-06-CAMDSB106,camds_images_remaining,camds_images_remaining,,,,counts,CE04OSBP,LV01C,CAMDS
CE04OSBP-LV01C-06-CAMDSB106,camds_images_on_disk,camds_images_on_disk,,,,counts,CE04OSBP,LV01C,CAMDS
CE04OSBP-LV01C-06-CAMDSB106,raw,raw,,,,,CE04OSBP,LV01C,CAMDS
CE04OSBP-LV01C-06-CAMDSB106,time,time,,,,seconds since 1900-01-01,CE04OSBP,LV01C,CAMDS
CE04OSBP-LV01C-06-CAMDSB106,ingestion_timestamp,ingestion_timestamp,,,,seconds since 1900-01-01,CE04OSBP,LV01C,CAMDS
CE04OSPD-DP01B-01-CTDPFL105,driver_timestamp,driver_timestamp,,,ENG,seconds since 1900-01-01,CE04OSPD,DP01B,CTDPF
CE04OSPD-DP01B-01-CTDPFL105,internal_timestamp,internal_timestamp,,,ENG,seconds since 1900-01-01,CE04OSPD,DP01B,CTDPF
CE04OSPD-DP01B-01-CTDPFL105,preferred_timestamp,preferred_timestamp,,,ENG,1,CE04OSPD,DP01B,CTDPF
CE04OSPD-DP01B-01-CTDPFL105,pressure,pressure,0,6000,L1,dbar,CE04OSPD,DP01B,CTDPF
CE04OSPD-DP01B-01-CTDPFL105,raw_time_seconds,raw_time_seconds,,,ENG,seconds since 1970-01-01,CE04OSPD,DP01B,CTDPF
CE04OSPD-DP01B-01-CTDPFL105,raw_time_microseconds,raw_time_microseconds,,,ENG,us,CE04OSPD,DP01B,CTDPF
CE04OSPD-DP01B-01-CTDPFL105,conductivity_millisiemens,conductivity_millisiemens,,,ENG,mS cm-1,CE04OSPD,DP01B,CTDPF
CE04OSPD-DP01B-01-CTDPFL105,dpc_ctd_seawater_conductivity,dpc_ctd_seawater_conductivity,0,6,L1,S m-1,CE04OSPD,DP01B,CTDPF
CE04OSPD-DP01B-01-CTDPFL105,dpc_ctd_water_pracsal,dpc_ctd_water_pracsal,0,42,L2,1,CE04OSPD,DP01B,CTDPF
CE04OSPD-DP01B-01-CTDPFL105,dpc_ctd_seawater_density,dpc_ctd_seawater_density,1000,1100,L2,kg m-3,CE04OSPD,DP01B,CTDPF
CE04OSPD-DP01B-01-CTDPFL105,temp,temp,-2,40,L1,deg_C,CE04OSPD,DP01B,CTDPF
CE04OSPD-DP01B-02-VEL3DA105,driver_timestamp,driver_timestamp,,,ENG,seconds since 1900-01-01,CE04OSPD,DP01B,VEL3D
CE04OSPD-DP01B-02-VEL3DA105,internal_timestamp,internal_timestamp,,,ENG,seconds since 1900-01-01,CE04OSPD,DP01B,VEL3D
CE04OSPD-DP01B-02-VEL3DA105,preferred_timestamp,preferred_timestamp,,,ENG,1,CE04OSPD,DP01B,VEL3D
CE04OSPD-DP01B-02-VEL3DA105,raw_time_seconds,raw_time_seconds,,,ENG,seconds since 1970-01-01,CE04OSPD,DP01B,VEL3D
CE04OSPD-DP01B-02-VEL3DA105,raw_time_microseconds,raw_time_microseconds,,,ENG,us,CE04OSPD,DP01B,VEL3D
CE04OSPD-DP01B-02-VEL3DA105,vel3d_a_va,vel3d_a_va,,,ENG,cm s-1,CE04OSPD,DP01B,VEL3D
CE04OSPD-DP01B-02-VEL3DA105,vel3d_a_vb,vel3d_a_vb,,,ENG,cm s-1,CE04OSPD,DP01B,VEL3D
CE04OSPD-DP01B-02-VEL3DA105,vel3d_a_vc,vel3d_a_vc,,,ENG,cm s-1,CE04OSPD,DP01B,VEL3D
CE04OSPD-DP01B-02-VEL3DA105,vel3d_a_vd,vel3d_a_vd,,,ENG,cm s-1,CE04OSPD,DP01B,VEL3D
CE04OSPD-DP01B-02-VEL3DA105,vel3d_a_hx,vel3d_a_hx,,,ENG,1,CE04OSPD,DP01B,VEL3D
CE04OSPD-DP01B-02-VEL3DA105,vel3d_a_hy,vel3d_a_hy,,,ENG,1,CE04OSPD,DP01B,VEL3D
CE04OSPD-DP01B-02-VEL3DA105,vel3d_a_hz,vel3d_a_hz,,,ENG,1,CE04OSPD,DP01B,VEL3D
CE04OSPD-DP01B-02-VEL3DA105,vel3d_a_tx,vel3d_a_tx,,,ENG,degrees,CE04OSPD,DP01B,VEL3D
CE04OSPD-DP01B-02-VEL3DA105,vel3d_a_ty,vel3d_a_ty,,,ENG,degrees,CE04OSPD,DP01B,VEL3D
CE04OSPD-DP01B-02-VEL3DA105,vel3d_a_eastward_velocity,vel3d_a_eastward_velocity,-3,3,L1,m s-1,CE04OSPD,DP01B,VEL3D
CE04OSPD-DP01B-02-VEL3DA105,vel3d_a_northward_velocity,vel3d_a_northward_velocity,-3,3,L1,m s-1,CE04OSPD,DP01B,VEL3D
CE04OSPD-DP01B-02-VEL3DA105,vel3d_a_upward_velocity_ascending,vel3d_a_upward_velocity_ascending,-1,1,L1,m s-1,CE04OSPD,DP01B,VEL3D
CE04OSPD-DP01B-02-VEL3DA105,vel3d_a_upward_velocity_descending,vel3d_a_upward_velocity_descending,-1,1,L1,m s-1,CE04OSPD,DP01B,VEL3D
CE04OSPD-DP01B-04-FLCDRA103,driver_timestamp,driver_timestamp,,,,seconds since 1900-01-01,CE04OSPD,DP01B,FLCDR
CE04OSPD-DP01B-04-FLCDRA103,internal_timestamp,internal_timestamp,,,,seconds since 1900-01-01,CE04OSPD,DP01B,FLCDR
CE04OSPD-DP01B-04-FLCDRA103,preferred_timestamp,preferred_timestamp,,,,1,CE04OSPD,DP01B,FLCDR
CE04OSPD-DP01B-04-FLCDRA103,raw_time_seconds,raw_time_seconds,,,,seconds since 1970-01-01,CE04OSPD,DP01B,FLCDR
CE04OSPD-DP01B-04-FLCDRA103,raw_time_microseconds,raw_time_microseconds,,,,us,CE04OSPD,DP01B,FLCDR
CE04OSPD-DP01B-04-FLCDRA103,cdomflo,cdomflo,,,L0,counts,CE04OSPD,DP01B,FLCDR
CE04OSPD-DP01B-04-FLCDRA103,flcdr_x_mmp_cds_fluorometric_cdom,flcdr_x_mmp_cds_fluorometric_cdom,0,375,L1,ppb,CE04OSPD,DP01B,FLCDR
CE04OSPD-DP01B-04-FLNTUA103,driver_timestamp,driver_timestamp,,,,seconds since 1900-01-01,CE04OSPD,DP01B,FLNTU
CE04OSPD-DP01B-04-FLNTUA103,internal_timestamp,internal_timestamp,,,,seconds since 1900-01-01,CE04OSPD,DP01B,FLNTU
CE04OSPD-DP01B-04-FLNTUA103,preferred_timestamp,preferred_timestamp,,,,1,CE04OSPD,DP01B,FLNTU
CE04OSPD-DP01B-04-FLNTUA103,raw_time_seconds,raw_time_seconds,,,,seconds since 1970-01-01,CE04OSPD,DP01B,FLNTU
CE04OSPD-DP01B-04-FLNTUA103,raw_time_microseconds,raw_time_microseconds,,,,us,CE04OSPD,DP01B,FLNTU
CE04OSPD-DP01B-04-FLNTUA103,chlaflo,chlaflo,,,L0,counts,CE04OSPD,DP01B,FLNTU
CE04OSPD-DP01B-04-FLNTUA103,ntuflo,ntuflo,,,L0,counts,CE04OSPD,DP01B,FLNTU
CE04OSPD-DP01B-04-FLNTUA103,flntu_x_mmp_cds_total_volume_scattering_coefficient,flntu_x_mmp_cds_total_volume_scattering_coefficient,,,L1,m-1 sr-1,CE04OSPD,DP01B,FLNTU
CE04OSPD-DP01B-04-FLNTUA103,flntu_x_mmp_cds_fluorometric_chlorophyll_a,flntu_x_mmp_cds_fluorometric_chlorophyll_a,0,50,L1,ug L-1,CE04OSPD,DP01B,FLNTU
CE04OSPD-DP01B-04-FLNTUA103,flntu_x_mmp_cds_bback_total,flntu_x_mmp_cds_bback_total,0.0003,1,L2,m-1,CE04OSPD,DP01B,FLNTU
CE04OSPD-DP01B-06-DOSTAD105,driver_timestamp,driver_timestamp,,,ENG,seconds since 1900-01-01,CE04OSPD,DP01B,DOSTA
CE04OSPD-DP01B-06-DOSTAD105,internal_timestamp,internal_timestamp,,,ENG,seconds since 1900-01-01,CE04OSPD,DP01B,DOSTA
CE04OSPD-DP01B-06-DOSTAD105,preferred_timestamp,preferred_timestamp,,,ENG,1,CE04OSPD,DP01B,DOSTA
CE04OSPD-DP01B-06-DOSTAD105,raw_time_seconds,raw_time_seconds,,,ENG,seconds since 1970-01-01,CE04OSPD,DP01B,DOSTA
CE04OSPD-DP01B-06-DOSTAD105,raw_time_microseconds,raw_time_microseconds,,,ENG,us,CE04OSPD,DP01B,DOSTA
CE04OSPD-DP01B-06-DOSTAD105,dosta_abcdjm_cspp_tc_oxygen,dosta_abcdjm_cspp_tc_oxygen,0,400,L1,umol L-1,CE04OSPD,DP01B,DOSTA
CE04OSPD-DP01B-06-DOSTAD105,dpc_optode_abs_oxygen,dpc_optode_abs_oxygen,0,400,L2,umol kg-1,CE04OSPD,DP01B,DOSTA
CE04OSPD-DP01B-06-DOSTAD105,optode_temperature,optode_temperature,-2,40,L0,deg_C,CE04OSPD,DP01B,DOSTA
CE04OSPD-DP01B-06-DOSTAD105,calibrated_phase,calibrated_phase,,,L0,degrees,CE04OSPD,DP01B,DOSTA
CE04OSPS-PC01B-05-ZPLSCB102,,,,,L1,(echogram),CE04OSPS,PC01B,ZPLSC
CE04OSPS-PC01B-05-ZPLSCB102,echograms,echograms,,,,,CE04OSPS,PC01B,ZPLSC
CE04OSPS-PC01B-05-ZPLSCB102,raw data,raw data,,,,,CE04OSPS,PC01B,ZPLSC
CE04OSPS-PC01B-05-ZPLSCB102,port_timestamp,port_timestamp,,,,seconds since 1900-01-01,CE04OSPS,PC01B,ZPLSC
CE04OSPS-PC01B-05-ZPLSCB102,driver_timestamp,driver_timestamp,,,,seconds since 1900-01-01,CE04OSPS,PC01B,ZPLSC
CE04OSPS-PC01B-05-ZPLSCB102,internal_timestamp,internal_timestamp,,,,seconds since 1900-01-01,CE04OSPS,PC01B,ZPLSC
CE04OSPS-PC01B-05-ZPLSCB102,preferred_timestamp,preferred_timestamp,,,,1,CE04OSPS,PC01B,ZPLSC
CE04OSPS-PC01B-05-ZPLSCB102,zplsc_connected,zplsc_connected,,,,,CE04OSPS,PC01B,ZPLSC
CE04OSPS-PC01B-05-ZPLSCB102,zplsc_active_38k_mode,zplsc_active_38k_mode,,,,,CE04OSPS,PC01B,ZPLSC
CE04OSPS-PC01B-05-ZPLSCB102,zplsc_active_38k_power,zplsc_active_38k_power,,,,W,CE04OSPS,PC01B,ZPLSC
CE04OSPS-PC01B-05-ZPLSCB102,zplsc_active_38k_pulse_length,zplsc_active_38k_pulse_length,,,,sec,CE04OSPS,PC01B,ZPLSC
CE04OSPS-PC01B-05-ZPLSCB102,zplsc_active_38k_sample_interval,zplsc_active_38k_sample_interval,,,,sec,CE04OSPS,PC01B,ZPLSC
CE04OSPS-PC01B-05-ZPLSCB102,zplsc_active_120k_mode,zplsc_active_120k_mode,,,,,CE04OSPS,PC01B,ZPLSC
CE04OSPS-PC01B-05-ZPLSCB102,zplsc_active_120k_power,zplsc_active_120k_power,,,,W,CE04OSPS,PC01B,ZPLSC
CE04OSPS-PC01B-05-ZPLSCB102,zplsc_active_120k_pulse_length,zplsc_active_120k_pulse_length,,,,sec,CE04OSPS,PC01B,ZPLSC
CE04OSPS-PC01B-05-ZPLSCB102,zplsc_active_120k_sample_interval,zplsc_active_120k_sample_interval,,,,sec,CE04OSPS,PC01B,ZPLSC
CE04OSPS-PC01B-05-ZPLSCB102,zplsc_active_200k_mode,zplsc_active_200k_mode,,,,,CE04OSPS,PC01B,ZPLSC
CE04OSPS-PC01B-05-ZPLSCB102,zplsc_active_200k_power,zplsc_active_200k_power,,,,W,CE04OSPS,PC01B,ZPLSC
CE04OSPS-PC01B-05-ZPLSCB102,zplsc_active_200k_pulse_length,zplsc_active_200k_pulse_length,,,,sec,CE04OSPS,PC01B,ZPLSC
CE04OSPS-PC01B-05-ZPLSCB102,zplsc_active_200k_sample_interval,zplsc_active_200k_sample_interval,,,,sec,CE04OSPS,PC01B,ZPLSC
CE04OSPS-PC01B-05-ZPLSCB102,zplsc_current_utc_time,zplsc_current_utc_time,,,,,CE04OSPS,PC01B,ZPLSC
CE04OSPS-PC01B-05-ZPLSCB102,zplsc_executable,zplsc_executable,,,,,CE04OSPS,PC01B,ZPLSC
CE04OSPS-PC01B-05-ZPLSCB102,zplsc_fs_root,zplsc_fs_root,,,,,CE04OSPS,PC01B,ZPLSC
CE04OSPS-PC01B-05-ZPLSCB102,zplsc_next_scheduled_interval,zplsc_next_scheduled_interval,,,,,CE04OSPS,PC01B,ZPLSC
CE04OSPS-PC01B-05-ZPLSCB102,zplsc_host,zplsc_host,,,,,CE04OSPS,PC01B,ZPLSC
CE04OSPS-PC01B-05-ZPLSCB102,zplsc_pid,zplsc_pid,,,,,CE04OSPS,PC01B,ZPLSC
CE04OSPS-PC01B-05-ZPLSCB102,zplsc_port,zplsc_port,,,,,CE04OSPS,PC01B,ZPLSC
CE04OSPS-PC01B-05-ZPLSCB102,zplsc_current_raw_filename,zplsc_current_raw_filename,,,,,CE04OSPS,PC01B,ZPLSC
CE04OSPS-PC01B-05-ZPLSCB102,zplsc_current_raw_filesize,zplsc_current_raw_filesize,,,,bytes,CE04OSPS,PC01B,ZPLSC
CE04OSPS-PC01B-05-ZPLSCB102,zplsc_file_path,zplsc_file_path,,,,,CE04OSPS,PC01B,ZPLSC
CE04OSPS-PC01B-05-ZPLSCB102,zplsc_file_prefix,zplsc_file_prefix,,,,,CE04OSPS,PC01B,ZPLSC
CE04OSPS-PC01B-05-ZPLSCB102,zplsc_max_file_size,zplsc_max_file_size,,,,,CE04OSPS,PC01B,ZPLSC
CE04OSPS-PC01B-05-ZPLSCB102,zplsc_sample_range,zplsc_sample_range,,,,,CE04OSPS,PC01B,ZPLSC
CE04OSPS-PC01B-05-ZPLSCB102,zplsc_save_bottom,zplsc_save_bottom,,,,,CE04OSPS,PC01B,ZPLSC
CE04OSPS-PC01B-05-ZPLSCB102,zplsc_save_index,zplsc_save_index,,,,,CE04OSPS,PC01B,ZPLSC
CE04OSPS-PC01B-05-ZPLSCB102,zplsc_save_raw,zplsc_save_raw,,,,,CE04OSPS,PC01B,ZPLSC
CE04OSPS-PC01B-05-ZPLSCB102,zplsc_scheduled_intervals_remaining,zplsc_scheduled_intervals_remaining,,,,,CE04OSPS,PC01B,ZPLSC
CE04OSPS-PC01B-05-ZPLSCB102,zplsc_gpts_enabled,zplsc_gpts_enabled,,,,,CE04OSPS,PC01B,ZPLSC
CE04OSPS-PC01B-05-ZPLSCB102,zplsc_schedule_filename,zplsc_schedule_filename,,,,,CE04OSPS,PC01B,ZPLSC
CE04OSPS-PC01B-05-ZPLSCB102,zplsc_timestamp,zplsc_timestamp,,,,1,CE04OSPS,PC01B,ZPLSC
CE04OSPS-PC01B-05-ZPLSCB102,zplsc_transducer_depth,zplsc_transducer_depth,,,,m,CE04OSPS,PC01B,ZPLSC
CE04OSPS-PC01B-05-ZPLSCB102,zplsc_frequency,zplsc_frequency,,,,Hz,CE04OSPS,PC01B,ZPLSC
CE04OSPS-PC01B-05-ZPLSCB102,zplsc_transmit_power,zplsc_transmit_power,,,,W,CE04OSPS,PC01B,ZPLSC
CE04OSPS-PC01B-05-ZPLSCB102,zplsc_pulse_length,zplsc_pulse_length,,,,sec,CE04OSPS,PC01B,ZPLSC
CE04OSPS-PC01B-05-ZPLSCB102,zplsc_bandwidth,zplsc_bandwidth,,,,Hz,CE04OSPS,PC01B,ZPLSC
CE04OSPS-PC01B-05-ZPLSCB102,zplsc_sample_interval,zplsc_sample_interval,,,,sec,CE04OSPS,PC01B,ZPLSC
CE04OSPS-PC01B-05-ZPLSCB102,zplsc_sound_velocity,zplsc_sound_velocity,,,,m s-1,CE04OSPS,PC01B,ZPLSC
CE04OSPS-PC01B-05-ZPLSCB102,zplsc_absorption_coeff,zplsc_absorption_coeff,,,,dB m-1,CE04OSPS,PC01B,ZPLSC
CE04OSPS-PC01B-05-ZPLSCB102,zplsc_temperature,zplsc_temperature,,,,deg_C,CE04OSPS,PC01B,ZPLSC
CE04OSPS-PC01B-05-ZPLSCB102,zplsc_echogram,zplsc_echogram,,,,1,CE04OSPS,PC01B,ZPLSC
CE04OSPS-PC01B-05-ZPLSCB102,zplsc_channel,zplsc_channel,,,,1,CE04OSPS,PC01B,ZPLSC
CE04OSPS-PC01B-05-ZPLSCB102,time,time,,,,seconds since 1900-01-01,CE04OSPS,PC01B,ZPLSC
CE04OSPS-PC01B-05-ZPLSCB102,ingestion_timestamp,ingestion_timestamp,,,,seconds since 1900-01-01,CE04OSPS,PC01B,ZPLSC
CE04OSPS-PC01B-4A-CTDPFA109,port_timestamp,port_timestamp,,,ENG,seconds since 1900-01-01,CE04OSPS,PC01B,CTDPF
CE04OSPS-PC01B-4A-CTDPFA109,enable_text,enable_text,,,ENG,1,CE04OSPS,PC01B,CTDPF
CE04OSPS-PC01B-4A-CTDPFA109,driver_timestamp,driver_timestamp,,,ENG,seconds since 1900-01-01,CE04OSPS,PC01B,CTDPF
CE04OSPS-PC01B-4A-CTDPFA109,firmware_version,firmware_version,,,ENG,1,CE04OSPS,PC01B,CTDPF
CE04OSPS-PC01B-4A-CTDPFA109,pressure_sensor_range,pressure_sensor_range,,,ENG,psi,CE04OSPS,PC01B,CTDPF
CE04OSPS-PC01B-4A-CTDPFA109,operational_current,operational_current,,,ENG,mA,CE04OSPS,PC01B,CTDPF
CE04OSPS-PC01B-4A-CTDPFA109,battery_voltage_main,battery_voltage_main,,,ENG,V,CE04OSPS,PC01B,CTDPF
CE04OSPS-PC01B-4A-CTDPFA109,battery_voltage_lithium,battery_voltage_lithium,,,ENG,V,CE04OSPS,PC01B,CTDPF
CE04OSPS-PC01B-4A-CTDPFA109,calibration_date_pressure,calibration_date_pressure,,,ENG,1,CE04OSPS,PC01B,CTDPF
CE04OSPS-PC01B-4A-CTDPFA109,preferred_timestamp,preferred_timestamp,,,ENG,1,CE04OSPS,PC01B,CTDPF
CE04OSPS-PC01B-4A-CTDPFA109,press_coeff_poffset,press_coeff_poffset,,,ENG,counts,CE04OSPS,PC01B,CTDPF
CE04OSPS-PC01B-4A-CTDPFA109,calibration_date_temperature,calibration_date_temperature,,,ENG,1,CE04OSPS,PC01B,CTDPF
CE04OSPS-PC01B-4A-CTDPFA109,temp_coeff_ta0,temp_coeff_ta0,,,ENG,counts,CE04OSPS,PC01B,CTDPF
CE04OSPS-PC01B-4A-CTDPFA109,temp_coeff_ta1,temp_coeff_ta1,,,ENG,counts,CE04OSPS,PC01B,CTDPF
CE04OSPS-PC01B-4A-CTDPFA109,temp_coeff_ta2,temp_coeff_ta2,,,ENG,counts,CE04OSPS,PC01B,CTDPF
CE04OSPS-PC01B-4A-CTDPFA109,temp_coeff_ta3,temp_coeff_ta3,,,ENG,counts,CE04OSPS,PC01B,CTDPF
CE04OSPS-PC01B-4A-CTDPFA109,calibration_date_conductivity,calibration_date_conductivity,,,ENG,1,CE04OSPS,PC01B,CTDPF
CE04OSPS-PC01B-4A-CTDPFA109,cond_coeff_cg,cond_coeff_cg,,,ENG,counts,CE04OSPS,PC01B,CTDPF
CE04OSPS-PC01B-4A-CTDPFA109,cond_coeff_ch,cond_coeff_ch,,,ENG,counts,CE04OSPS,PC01B,CTDPF
CE04OSPS-PC01B-4A-CTDPFA109,cond_coeff_ci,cond_coeff_ci,,,ENG,counts,CE04OSPS,PC01B,CTDPF
CE04OSPS-PC01B-4A-CTDPFA109,cond_coeff_cj,cond_coeff_cj,,,ENG,counts,CE04OSPS,PC01B,CTDPF
CE04OSPS-PC01B-4A-CTDPFA109,cond_coeff_ctcor,cond_coeff_ctcor,,,ENG,counts,CE04OSPS,PC01B,CTDPF
CE04OSPS-PC01B-4A-CTDPFA109,cond_coeff_cpcor,cond_coeff_cpcor,,,ENG,counts,CE04OSPS,PC01B,CTDPF
CE04OSPS-PC01B-4A-CTDPFA109,cond_coeff_cslope,cond_coeff_cslope,,,ENG,counts,CE04OSPS,PC01B,CTDPF
CE04OSPS-PC01B-4A-CTDPFA109,temperature,temperature,,,L0,counts,CE04OSPS,PC01B,CTDPF
CE04OSPS-PC01B-4A-CTDPFA109,conductivity,conductivity,,,L0,counts,CE04OSPS,PC01B,CTDPF
CE04OSPS-PC01B-4A-CTDPFA109,pressure,pressure,,,L0,counts,CE04OSPS,PC01B,CTDPF
CE04OSPS-PC01B-4A-CTDPFA109,pressure_temp,pressure_temp,,,L0,counts,CE04OSPS,PC01B,CTDPF
CE04OSPS-PC01B-4A-CTDPFA109,oxygen,oxygen,,,L0,counts,CE04OSPS,PC01B,CTDPF
CE04OSPS-PC01B-4A-CTDPFA109,pump_current,pump_current,,,ENG,mA,CE04OSPS,PC01B,CTDPF
CE04OSPS-PC01B-4A-CTDPFA109,ext_v01_current,ext_v01_current,,,ENG,mA,CE04OSPS,PC01B,CTDPF
CE04OSPS-PC01B-4A-CTDPFA109,serial_current,serial_current,,,ENG,mA,CE04OSPS,PC01B,CTDPF
CE04OSPS-PC01B-4A-CTDPFA109,logging_status,logging_status,,,ENG,1,CE04OSPS,PC01B,CTDPF
CE04OSPS-PC01B-4A-CTDPFA109,num_samples,num_samples,,,ENG,counts,CE04OSPS,PC01B,CTDPF
CE04OSPS-PC01B-4A-CTDPFA109,mem_free,mem_free,,,ENG,bytes,CE04OSPS,PC01B,CTDPF
CE04OSPS-PC01B-4A-CTDPFA109,battery_cutoff,battery_cutoff,,,ENG,V,CE04OSPS,PC01B,CTDPF
CE04OSPS-PC01B-4A-CTDPFA109,pressure_sensor_type,pressure_sensor_type,,,ENG,1,CE04OSPS,PC01B,CTDPF
CE04OSPS-PC01B-4A-CTDPFA109,sbe38,sbe38,,,ENG,1,CE04OSPS,PC01B,CTDPF
CE04OSPS-PC01B-4A-CTDPFA109,wetlabs,wetlabs,,,ENG,1,CE04OSPS,PC01B,CTDPF
CE04OSPS-PC01B-4A-CTDPFA109,optode,optode,,,ENG,1,CE04OSPS,PC01B,CTDPF
CE04OSPS-PC01B-4A-CTDPFA109,gas_tension_device,gas_tension_device,,,ENG,1,CE04OSPS,PC01B,CTDPF
CE04OSPS-PC01B-4A-CTDPFA109,ext_volt_0,ext_volt_0,,,ENG,1,CE04OSPS,PC01B,CTDPF
CE04OSPS-PC01B-4A-CTDPFA109,ext_volt_1,ext_volt_1,,,ENG,1,CE04OSPS,PC01B,CTDPF
CE04OSPS-PC01B-4A-CTDPFA109,ext_volt_2,ext_volt_2,,,ENG,1,CE04OSPS,PC01B,CTDPF
CE04OSPS-PC01B-4A-CTDPFA109,ext_volt_3,ext_volt_3,,,ENG,1,CE04OSPS,PC01B,CTDPF
CE04OSPS-PC01B-4A-CTDPFA109,ext_volt_4,ext_volt_4,,,ENG,1,CE04OSPS,PC01B,CTDPF
CE04OSPS-PC01B-4A-CTDPFA109,ext_volt_5,ext_volt_5,,,ENG,1,CE04OSPS,PC01B,CTDPF
CE04OSPS-PC01B-4A-CTDPFA109,echo_characters,echo_characters,,,ENG,1,CE04OSPS,PC01B,CTDPF
CE04OSPS-PC01B-4A-CTDPFA109,output_format,output_format,,,ENG,1,CE04OSPS,PC01B,CTDPF
CE04OSPS-PC01B-4A-CTDPFA109,strain_pressure_sensor_serial_number,strain_pressure_sensor_serial_number,,,ENG,1,CE04OSPS,PC01B,CTDPF
CE04OSPS-PC01B-4A-CTDPFA109,volt0_type,volt0_type,,,ENG,1,CE04OSPS,PC01B,CTDPF
CE04OSPS-PC01B-4A-CTDPFA109,volt0_serial_number,volt0_serial_number,,,ENG,1,CE04OSPS,PC01B,CTDPF
CE04OSPS-PC01B-4A-CTDPFA109,volt1_type,volt1_type,,,ENG,1,CE04OSPS,PC01B,CTDPF
CE04OSPS-PC01B-4A-CTDPFA109,volt1_serial_number,volt1_serial_number,,,ENG,1,CE04OSPS,PC01B,CTDPF
CE04OSPS-PC01B-4A-CTDPFA109,temp_coeff_offset,temp_coeff_offset,,,ENG,counts,CE04OSPS,PC01B,CTDPF
CE04OSPS-PC01B-4A-CTDPFA109,profiles,profiles,,,ENG,counts,CE04OSPS,PC01B,CTDPF
CE04OSPS-PC01B-4A-CTDPFA109,scans_to_average,scans_to_average,,,ENG,counts,CE04OSPS,PC01B,CTDPF
CE04OSPS-PC01B-4A-CTDPFA109,min_cond_freq,min_cond_freq,,,ENG,counts,CE04OSPS,PC01B,CTDPF
CE04OSPS-PC01B-4A-CTDPFA109,pump_delay,pump_delay,,,ENG,counts,CE04OSPS,PC01B,CTDPF
CE04OSPS-PC01B-4A-CTDPFA109,auto_run,auto_run,,,ENG,1,CE04OSPS,PC01B,CTDPF
CE04OSPS-PC01B-4A-CTDPFA109,ignore_switch,ignore_switch,,,ENG,1,CE04OSPS,PC01B,CTDPF
CE04OSPS-PC01B-4A-CTDPFA109,battery_type,battery_type,,,ENG,1,CE04OSPS,PC01B,CTDPF
CE04OSPS-PC01B-4A-CTDPFA109,sbe63,sbe63,,,ENG,1,CE04OSPS,PC01B,CTDPF
CE04OSPS-PC01B-4A-CTDPFA109,calphase,calphase,,,ENG,degrees,CE04OSPS,PC01B,CTDPF
CE04OSPS-PC01B-4A-CTDPFA109,enable_temperature,enable_temperature,,,ENG,1,CE04OSPS,PC01B,CTDPF
CE04OSPS-PC01B-4A-CTDPFA109,enable_humiditycomp,enable_humiditycomp,,,ENG,1,CE04OSPS,PC01B,CTDPF
CE04OSPS-PC01B-4A-CTDPFA109,enable_airsaturation,enable_airsaturation,,,ENG,1,CE04OSPS,PC01B,CTDPF
CE04OSPS-PC01B-4A-CTDPFA109,enable_rawdata,enable_rawdata,,,ENG,1,CE04OSPS,PC01B,CTDPF
CE04OSPS-PC01B-4A-CTDPFA109,analog_output,analog_output,,,ENG,1,CE04OSPS,PC01B,CTDPF
CE04OSPS-PC01B-4A-CTDPFA109,interval,interval,,,ENG,seconds,CE04OSPS,PC01B,CTDPF
CE04OSPS-PC01B-4A-CTDPFA109,press_coeff_pa0,press_coeff_pa0,,,ENG,counts,CE04OSPS,PC01B,CTDPF
CE04OSPS-PC01B-4A-CTDPFA109,press_coeff_pa1,press_coeff_pa1,,,ENG,counts,CE04OSPS,PC01B,CTDPF
CE04OSPS-PC01B-4A-CTDPFA109,press_coeff_pa2,press_coeff_pa2,,,ENG,counts,CE04OSPS,PC01B,CTDPF
CE04OSPS-PC01B-4A-CTDPFA109,press_coeff_ptempa0,press_coeff_ptempa0,,,,1,CE04OSPS,PC01B,CTDPF
CE04OSPS-PC01B-4A-CTDPFA109,press_coeff_ptempa1,press_coeff_ptempa1,,,,1,CE04OSPS,PC01B,CTDPF
CE04OSPS-PC01B-4A-CTDPFA109,press_coeff_ptempa2,press_coeff_ptempa2,,,,1,CE04OSPS,PC01B,CTDPF
CE04OSPS-PC01B-4A-CTDPFA109,press_coeff_ptca0,press_coeff_ptca0,,,,1,CE04OSPS,PC01B,CTDPF
CE04OSPS-PC01B-4A-CTDPFA109,press_coeff_ptca1,press_coeff_ptca1,,,,1,CE04OSPS,PC01B,CTDPF
CE04OSPS-PC01B-4A-CTDPFA109,press_coeff_ptca2,press_coeff_ptca2,,,,1,CE04OSPS,PC01B,CTDPF
CE04OSPS-PC01B-4A-CTDPFA109,press_coeff_ptcb0,press_coeff_ptcb0,,,,1,CE04OSPS,PC01B,CTDPF
CE04OSPS-PC01B-4A-CTDPFA109,press_coeff_ptcb1,press_coeff_ptcb1,,,,1,CE04OSPS,PC01B,CTDPF
CE04OSPS-PC01B-4A-CTDPFA109,press_coeff_ptcb2,press_coeff_ptcb2,,,,1,CE04OSPS,PC01B,CTDPF
CE04OSPS-PC01B-4A-CTDPFA109,ext_volt0_slope,ext_volt0_slope,,,ENG,counts,CE04OSPS,PC01B,CTDPF
CE04OSPS-PC01B-4A-CTDPFA109,ext_volt0_offset,ext_volt0_offset,,,ENG,counts,CE04OSPS,PC01B,CTDPF
CE04OSPS-PC01B-4A-CTDPFA109,ext_volt1_slope,ext_volt1_slope,,,ENG,counts,CE04OSPS,PC01B,CTDPF
CE04OSPS-PC01B-4A-CTDPFA109,ext_volt1_offset,ext_volt1_offset,,,ENG,counts,CE04OSPS,PC01B,CTDPF
CE04OSPS-PC01B-4A-CTDPFA109,ext_volt2_slope,ext_volt2_slope,,,ENG,counts,CE04OSPS,PC01B,CTDPF
CE04OSPS-PC01B-4A-CTDPFA109,ext_volt2_offset,ext_volt2_offset,,,ENG,counts,CE04OSPS,PC01B,CTDPF
CE04OSPS-PC01B-4A-CTDPFA109,ext_volt3_slope,ext_volt3_slope,,,ENG,counts,CE04OSPS,PC01B,CTDPF
CE04OSPS-PC01B-4A-CTDPFA109,ext_volt3_offset,ext_volt3_offset,,,ENG,counts,CE04OSPS,PC01B,CTDPF
CE04OSPS-PC01B-4A-CTDPFA109,ext_volt4_slope,ext_volt4_slope,,,ENG,counts,CE04OSPS,PC01B,CTDPF
CE04OSPS-PC01B-4A-CTDPFA109,ext_volt4_offset,ext_volt4_offset,,,ENG,counts,CE04OSPS,PC01B,CTDPF
CE04OSPS-PC01B-4A-CTDPFA109,ext_volt5_slope,ext_volt5_slope,,,ENG,counts,CE04OSPS,PC01B,CTDPF
CE04OSPS-PC01B-4A-CTDPFA109,ext_volt5_offset,ext_volt5_offset,,,ENG,counts,CE04OSPS,PC01B,CTDPF
CE04OSPS-PC01B-4A-CTDPFA109,ext_freq_sf,ext_freq_sf,,,ENG,counts,CE04OSPS,PC01B,CTDPF
CE04OSPS-PC01B-4A-CTDPFA109,temp_sensor_serial_number,temp_sensor_serial_number,,,ENG,counts,CE04OSPS,PC01B,CTDPF
CE04OSPS-PC01B-4A-CTDPFA109,cond_sensor_serial_number,cond_sensor_serial_number,,,ENG,counts,CE04OSPS,PC01B,CTDPF
CE04OSPS-PC01B-4A-CTDPFA109,command_set_version,command_set_version,,,ENG,1,CE04OSPS,PC01B,CTDPF
CE04OSPS-PC01B-4A-CTDPFA109,assembly_number,assembly_number,,,ENG,1,CE04OSPS,PC01B,CTDPF
CE04OSPS-PC01B-4A-CTDPFA109,num_events,num_events,,,ENG,counts,CE04OSPS,PC01B,CTDPF
CE04OSPS-PC01B-4A-CTDPFA109,samples_free,samples_free,,,ENG,counts,CE04OSPS,PC01B,CTDPF
CE04OSPS-PC01B-4A-CTDPFA109,sample_length,sample_length,,,ENG,bytes,CE04OSPS,PC01B,CTDPF
CE04OSPS-PC01B-4A-CTDPFA109,output_executed_tag,output_executed_tag,,,ENG,1,CE04OSPS,PC01B,CTDPF
CE04OSPS-PC01B-4A-CTDPFA109,pressure_sensor_serial_number,pressure_sensor_serial_number,,,ENG,counts,CE04OSPS,PC01B,CTDPF
CE04OSPS-PC01B-4A-CTDPFA109,mode,mode,,,ENG,1,CE04OSPS,PC01B,CTDPF
CE04OSPS-PC01B-4A-CTDPFA109,firmware_date,firmware_date,,,ENG,1,CE04OSPS,PC01B,CTDPF
CE04OSPS-PC01B-4A-CTDPFA109,pcb_serial_number,pcb_serial_number,,,ENG,1,CE04OSPS,PC01B,CTDPF
CE04OSPS-PC01B-4A-CTDPFA109,manufacture_date,manufacture_date,,,ENG,1,CE04OSPS,PC01B,CTDPF
CE04OSPS-PC01B-4A-CTDPFA109,serial_number,serial_number,,,ENG,counts,CE04OSPS,PC01B,CTDPF
CE04OSPS-PC01B-4A-CTDPFA109,oxy_calphase,oxy_calphase,,,L0,counts,CE04OSPS,PC01B,CTDPF
CE04OSPS-PC01B-4A-CTDPFA109,oxy_temp,oxy_temp,,,L0,counts,CE04OSPS,PC01B,CTDPF
CE04OSPS-PC01B-4A-CTDPFA109,seawater_temperature,seawater_temperature,-2,40,L1,deg_C,CE04OSPS,PC01B,CTDPF
CE04OSPS-PC01B-4A-CTDPFA109,seawater_pressure,seawater_pressure,0,6000,L1,dbar,CE04OSPS,PC01B,CTDPF
CE04OSPS-PC01B-4A-CTDPFA109,seawater_conductivity,seawater_conductivity,0,6,L1,S m-1,CE04OSPS,PC01B,CTDPF
CE04OSPS-PC01B-4A-CTDPFA109,practical_salinity,practical_salinity,0,42,L2,1,CE04OSPS,PC01B,CTDPF
CE04OSPS-PC01B-4A-CTDPFA109,seawater_density,seawater_density,1000,1100,L2,kg m-3,CE04OSPS,PC01B,CTDPF
CE04OSPS-PC01B-4A-CTDPFA109,date_time_string,date_time_string,,,ENG,1,CE04OSPS,PC01B,CTDPF
CE04OSPS-PC01B-4A-CTDPFA109,ctd_tc_oxygen,ctd_tc_oxygen,,,L1,umol L-1,CE04OSPS,PC01B,CTDPF
CE04OSPS-PC01B-4A-CTDPFA109,ctd_abs_oxygen,ctd_abs_oxygen,0,400,L2,umol kg-1,CE04OSPS,PC01B,CTDPF
CE04OSPS-PC01B-4A-DOSTAD109,port_timestamp,port_timestamp,,,ENG,seconds since 1900-01-01,CE04OSPS,PC01B,DOSTA
CE04OSPS-PC01B-4A-DOSTAD109,driver_timestamp,driver_timestamp,,,ENG,seconds since 1900-01-01,CE04OSPS,PC01B,DOSTA
CE04OSPS-PC01B-4A-DOSTAD109,preferred_timestamp,preferred_timestamp,,,ENG,1,CE04OSPS,PC01B,DOSTA
CE04OSPS-PC01B-4A-DOSTAD109,temperature,temperature,,,L0,counts,CE04OSPS,PC01B,DOSTA
CE04OSPS-PC01B-4A-DOSTAD109,conductivity,conductivity,,,L0,counts,CE04OSPS,PC01B,DOSTA
CE04OSPS-PC01B-4A-DOSTAD109,pressure,pressure,,,L0,counts,CE04OSPS,PC01B,DOSTA
CE04OSPS-PC01B-4A-DOSTAD109,pressure_temp,pressure_temp,,,L0,counts,CE04OSPS,PC01B,DOSTA
CE04OSPS-PC01B-4A-DOSTAD109,oxygen,oxygen,,,L0,counts,CE04OSPS,PC01B,DOSTA
CE04OSPS-PC01B-4A-DOSTAD109,oxy_calphase,oxy_calphase,,,L0,counts,CE04OSPS,PC01B,DOSTA
CE04OSPS-PC01B-4A-DOSTAD109,oxy_temp,oxy_temp,,,L0,counts,CE04OSPS,PC01B,DOSTA
CE04OSPS-PC01B-4A-DOSTAD109,seawater_temperature,seawater_temperature,-2,40,L1,deg_C,CE04OSPS,PC01B,DOSTA
CE04OSPS-PC01B-4A-DOSTAD109,seawater_pressure,seawater_pressure,0,6000,L1,dbar,CE04OSPS,PC01B,DOSTA
CE04OSPS-PC01B-4A-DOSTAD109,seawater_conductivity,seawater_conductivity,0,6,L1,S m-1,CE04OSPS,PC01B,DOSTA
CE04OSPS-PC01B-4A-DOSTAD109,practical_salinity,practical_salinity,0,42,L2,1,CE04OSPS,PC01B,DOSTA
CE04OSPS-PC01B-4A-DOSTAD109,seawater_density,seawater_density,1000,1100,L2,kg m-3,CE04OSPS,PC01B,DOSTA
CE04OSPS-PC01B-4A-DOSTAD109,ctd_tc_oxygen,ctd_tc_oxygen,,,L1,umol L-1,CE04OSPS,PC01B,DOSTA
CE04OSPS-PC01B-4A-DOSTAD109,ctd_abs_oxygen,ctd_abs_oxygen,0,400,L2,umol kg-1,CE04OSPS,PC01B,DOSTA
CE04OSPS-PC01B-4B-PHSENA106,port_timestamp,port_timestamp,,,ENG,seconds since 1900-01-01,CE04OSPS,PC01B,PHSEN
CE04OSPS-PC01B-4B-PHSENA106,driver_timestamp,driver_timestamp,,,ENG,seconds since 1900-01-01,CE04OSPS,PC01B,PHSEN
CE04OSPS-PC01B-4B-PHSENA106,external_device2_fault,external_device2_fault,,,ENG,1,CE04OSPS,PC01B,PHSEN
CE04OSPS-PC01B-4B-PHSENA106,external_device3_fault,external_device3_fault,,,ENG,1,CE04OSPS,PC01B,PHSEN
CE04OSPS-PC01B-4B-PHSENA106,num_data_records,num_data_records,,,ENG,1,CE04OSPS,PC01B,PHSEN
CE04OSPS-PC01B-4B-PHSENA106,num_error_records,num_error_records,,,ENG,1,CE04OSPS,PC01B,PHSEN
CE04OSPS-PC01B-4B-PHSENA106,num_bytes_stored,num_bytes_stored,,,ENG,bytes,CE04OSPS,PC01B,PHSEN
CE04OSPS-PC01B-4B-PHSENA106,number_samples_averaged,number_samples_averaged,,,ENG,counts,CE04OSPS,PC01B,PHSEN
CE04OSPS-PC01B-4B-PHSENA106,number_flushes,number_flushes,,,ENG,counts,CE04OSPS,PC01B,PHSEN
CE04OSPS-PC01B-4B-PHSENA106,pump_on_flush,pump_on_flush,,,ENG,counts,CE04OSPS,PC01B,PHSEN
CE04OSPS-PC01B-4B-PHSENA106,pump_off_flush,pump_off_flush,,,ENG,counts,CE04OSPS,PC01B,PHSEN
CE04OSPS-PC01B-4B-PHSENA106,number_reagent_pumps,number_reagent_pumps,,,ENG,counts,CE04OSPS,PC01B,PHSEN
CE04OSPS-PC01B-4B-PHSENA106,valve_delay,valve_delay,,,ENG,counts,CE04OSPS,PC01B,PHSEN
CE04OSPS-PC01B-4B-PHSENA106,pump_on_ind,pump_on_ind,,,ENG,counts,CE04OSPS,PC01B,PHSEN
CE04OSPS-PC01B-4B-PHSENA106,pv_off_ind,pv_off_ind,,,ENG,counts,CE04OSPS,PC01B,PHSEN
CE04OSPS-PC01B-4B-PHSENA106,number_blanks,number_blanks,,,ENG,counts,CE04OSPS,PC01B,PHSEN
CE04OSPS-PC01B-4B-PHSENA106,pump_measure_t,pump_measure_t,,,ENG,counts,CE04OSPS,PC01B,PHSEN
CE04OSPS-PC01B-4B-PHSENA106,pump_off_to_measure,pump_off_to_measure,,,ENG,counts,CE04OSPS,PC01B,PHSEN
CE04OSPS-PC01B-4B-PHSENA106,measure_to_pump_on,measure_to_pump_on,,,ENG,counts,CE04OSPS,PC01B,PHSEN
CE04OSPS-PC01B-4B-PHSENA106,number_measurements,number_measurements,,,ENG,counts,CE04OSPS,PC01B,PHSEN
CE04OSPS-PC01B-4B-PHSENA106,salinity_delay,salinity_delay,,,ENG,counts,CE04OSPS,PC01B,PHSEN
CE04OSPS-PC01B-4B-PHSENA106,internal_timestamp,internal_timestamp,,,ENG,seconds since 1900-01-01,CE04OSPS,PC01B,PHSEN
CE04OSPS-PC01B-4B-PHSENA106,pco2w_battery_voltage,pco2w_battery_voltage,,,ENG,counts,CE04OSPS,PC01B,PHSEN
CE04OSPS-PC01B-4B-PHSENA106,pco2w_thermistor_voltage,pco2w_thermistor_voltage,,,ENG,counts,CE04OSPS,PC01B,PHSEN
CE04OSPS-PC01B-4B-PHSENA106,phsen_battery_volts,phsen_battery_volts,,,ENG,V,CE04OSPS,PC01B,PHSEN
CE04OSPS-PC01B-4B-PHSENA106,ph_light_measurements,ph_light_measurements,,,ENG,counts,CE04OSPS,PC01B,PHSEN
CE04OSPS-PC01B-4B-PHSENA106,checksum,checksum,,,ENG,1,CE04OSPS,PC01B,PHSEN
CE04OSPS-PC01B-4B-PHSENA106,unique_id,unique_id,,,ENG,1,CE04OSPS,PC01B,PHSEN
CE04OSPS-PC01B-4B-PHSENA106,record_length,record_length,,,ENG,1,CE04OSPS,PC01B,PHSEN
CE04OSPS-PC01B-4B-PHSENA106,record_type,record_type,,,ENG,1,CE04OSPS,PC01B,PHSEN
CE04OSPS-PC01B-4B-PHSENA106,record_time,record_time,,,ENG,seconds since 1904-01-01,CE04OSPS,PC01B,PHSEN
CE04OSPS-PC01B-4B-PHSENA106,voltage_battery,voltage_battery,,,ENG,counts,CE04OSPS,PC01B,PHSEN
CE04OSPS-PC01B-4B-PHSENA106,elapsed_time_config,elapsed_time_config,,,ENG,s,CE04OSPS,PC01B,PHSEN
CE04OSPS-PC01B-4B-PHSENA106,clock_active,clock_active,,,ENG,1,CE04OSPS,PC01B,PHSEN
CE04OSPS-PC01B-4B-PHSENA106,recording_active,recording_active,,,ENG,1,CE04OSPS,PC01B,PHSEN
CE04OSPS-PC01B-4B-PHSENA106,record_end_on_time,record_end_on_time,,,ENG,1,CE04OSPS,PC01B,PHSEN
CE04OSPS-PC01B-4B-PHSENA106,record_memory_full,record_memory_full,,,ENG,1,CE04OSPS,PC01B,PHSEN
CE04OSPS-PC01B-4B-PHSENA106,record_end_on_error,record_end_on_error,,,ENG,1,CE04OSPS,PC01B,PHSEN
CE04OSPS-PC01B-4B-PHSENA106,data_download_ok,data_download_ok,,,ENG,1,CE04OSPS,PC01B,PHSEN
CE04OSPS-PC01B-4B-PHSENA106,flash_memory_open,flash_memory_open,,,ENG,1,CE04OSPS,PC01B,PHSEN
CE04OSPS-PC01B-4B-PHSENA106,battery_low_prestart,battery_low_prestart,,,ENG,1,CE04OSPS,PC01B,PHSEN
CE04OSPS-PC01B-4B-PHSENA106,battery_low_measurement,battery_low_measurement,,,ENG,1,CE04OSPS,PC01B,PHSEN
CE04OSPS-PC01B-4B-PHSENA106,battery_low_bank,battery_low_bank,,,ENG,1,CE04OSPS,PC01B,PHSEN
CE04OSPS-PC01B-4B-PHSENA106,battery_low_external,battery_low_external,,,ENG,1,CE04OSPS,PC01B,PHSEN
CE04OSPS-PC01B-4B-PHSENA106,external_device1_fault,external_device1_fault,,,ENG,1,CE04OSPS,PC01B,PHSEN
CE04OSPS-PC01B-4B-PHSENA106,flash_erased,flash_erased,,,ENG,1,CE04OSPS,PC01B,PHSEN
CE04OSPS-PC01B-4B-PHSENA106,power_on_invalid,power_on_invalid,,,ENG,1,CE04OSPS,PC01B,PHSEN
CE04OSPS-PC01B-4B-PHSENA106,launch_time,launch_time,,,ENG,seconds since 1904-01-01,CE04OSPS,PC01B,PHSEN
CE04OSPS-PC01B-4B-PHSENA106,start_time_offset,start_time_offset,,,ENG,s,CE04OSPS,PC01B,PHSEN
CE04OSPS-PC01B-4B-PHSENA106,recording_time,recording_time,,,ENG,s,CE04OSPS,PC01B,PHSEN
CE04OSPS-PC01B-4B-PHSENA106,pmi_sample_schedule,pmi_sample_schedule,,,ENG,1,CE04OSPS,PC01B,PHSEN
CE04OSPS-PC01B-4B-PHSENA106,sami_sample_schedule,sami_sample_schedule,,,ENG,1,CE04OSPS,PC01B,PHSEN
CE04OSPS-PC01B-4B-PHSENA106,slot1_follows_sami_sample,slot1_follows_sami_sample,,,ENG,1,CE04OSPS,PC01B,PHSEN
CE04OSPS-PC01B-4B-PHSENA106,slot1_independent_schedule,slot1_independent_schedule,,,ENG,1,CE04OSPS,PC01B,PHSEN
CE04OSPS-PC01B-4B-PHSENA106,slot2_follows_sami_sample,slot2_follows_sami_sample,,,ENG,1,CE04OSPS,PC01B,PHSEN
CE04OSPS-PC01B-4B-PHSENA106,slot2_independent_schedule,slot2_independent_schedule,,,ENG,1,CE04OSPS,PC01B,PHSEN
CE04OSPS-PC01B-4B-PHSENA106,slot3_follows_sami_sample,slot3_follows_sami_sample,,,ENG,1,CE04OSPS,PC01B,PHSEN
CE04OSPS-PC01B-4B-PHSENA106,slot3_independent_schedule,slot3_independent_schedule,,,ENG,1,CE04OSPS,PC01B,PHSEN
CE04OSPS-PC01B-4B-PHSENA106,timer_interval_sami,timer_interval_sami,,,ENG,s,CE04OSPS,PC01B,PHSEN
CE04OSPS-PC01B-4B-PHSENA106,driver_id_sami,driver_id_sami,,,ENG,1,CE04OSPS,PC01B,PHSEN
CE04OSPS-PC01B-4B-PHSENA106,parameter_pointer_sami,parameter_pointer_sami,,,ENG,1,CE04OSPS,PC01B,PHSEN
CE04OSPS-PC01B-4B-PHSENA106,timer_interval_device1,timer_interval_device1,,,ENG,s,CE04OSPS,PC01B,PHSEN
CE04OSPS-PC01B-4B-PHSENA106,driver_id_device1,driver_id_device1,,,ENG,1,CE04OSPS,PC01B,PHSEN
CE04OSPS-PC01B-4B-PHSENA106,parameter_pointer_device1,parameter_pointer_device1,,,ENG,1,CE04OSPS,PC01B,PHSEN
CE04OSPS-PC01B-4B-PHSENA106,timer_interval_device2,timer_interval_device2,,,ENG,s,CE04OSPS,PC01B,PHSEN
CE04OSPS-PC01B-4B-PHSENA106,driver_id_device2,driver_id_device2,,,ENG,1,CE04OSPS,PC01B,PHSEN
CE04OSPS-PC01B-4B-PHSENA106,parameter_pointer_device2,parameter_pointer_device2,,,ENG,1,CE04OSPS,PC01B,PHSEN
CE04OSPS-PC01B-4B-PHSENA106,timer_interval_device3,timer_interval_device3,,,ENG,s,CE04OSPS,PC01B,PHSEN
CE04OSPS-PC01B-4B-PHSENA106,driver_id_device3,driver_id_device3,,,ENG,1,CE04OSPS,PC01B,PHSEN
CE04OSPS-PC01B-4B-PHSENA106,parameter_pointer_device3,parameter_pointer_device3,,,ENG,1,CE04OSPS,PC01B,PHSEN
CE04OSPS-PC01B-4B-PHSENA106,timer_interval_prestart,timer_interval_prestart,,,ENG,s,CE04OSPS,PC01B,PHSEN
CE04OSPS-PC01B-4B-PHSENA106,driver_id_prestart,driver_id_prestart,,,ENG,1,CE04OSPS,PC01B,PHSEN
CE04OSPS-PC01B-4B-PHSENA106,parameter_pointer_prestart,parameter_pointer_prestart,,,ENG,1,CE04OSPS,PC01B,PHSEN
CE04OSPS-PC01B-4B-PHSENA106,use_baud_rate_57600,use_baud_rate_57600,,,ENG,1,CE04OSPS,PC01B,PHSEN
CE04OSPS-PC01B-4B-PHSENA106,send_record_type,send_record_type,,,ENG,1,CE04OSPS,PC01B,PHSEN
CE04OSPS-PC01B-4B-PHSENA106,send_live_records,send_live_records,,,ENG,1,CE04OSPS,PC01B,PHSEN
CE04OSPS-PC01B-4B-PHSENA106,extend_global_config,extend_global_config,,,ENG,1,CE04OSPS,PC01B,PHSEN
CE04OSPS-PC01B-4B-PHSENA106,time,time,,,ENG,seconds since 1900-01-01,CE04OSPS,PC01B,PHSEN
CE04OSPS-PC01B-4B-PHSENA106,ingestion_timestamp,ingestion_timestamp,,,ENG,seconds since 1900-01-01,CE04OSPS,PC01B,PHSEN
CE04OSPS-PC01B-4B-PHSENA106,thermistor_start,thermistor_start,,,ENG,counts,CE04OSPS,PC01B,PHSEN
CE04OSPS-PC01B-4B-PHSENA106,reference_light_measurements,reference_light_measurements,,,ENG,counts,CE04OSPS,PC01B,PHSEN
CE04OSPS-PC01B-4B-PHSENA106,thermistor_end,thermistor_end,,,L0,counts,CE04OSPS,PC01B,PHSEN
CE04OSPS-PC01B-4B-PHSENA106,signal_intensity_434,signal_intensity_434,,,L0,counts,CE04OSPS,PC01B,PHSEN
CE04OSPS-PC01B-4B-PHSENA106,signal_intensity_578,signal_intensity_578,,,L0,counts,CE04OSPS,PC01B,PHSEN
CE04OSPS-PC01B-4B-PHSENA106,phsen_thermistor_temperature,phsen_thermistor_temperature,,,L1,deg_C,CE04OSPS,PC01B,PHSEN
CE04OSPS-PC01B-4B-PHSENA106,ph_seawater,ph_seawater,7.3,8.5,L1,1,CE04OSPS,PC01B,PHSEN
CE04OSPS-PC01B-4C-PCO2WA105,port_timestamp,port_timestamp,,,ENG,seconds since 1900-01-01,CE04OSPS,PC01B,PCO2W
CE04OSPS-PC01B-4C-PCO2WA105,driver_timestamp,driver_timestamp,,,ENG,seconds since 1900-01-01,CE04OSPS,PC01B,PCO2W
CE04OSPS-PC01B-4C-PCO2WA105,external_device2_fault,external_device2_fault,,,ENG,1,CE04OSPS,PC01B,PCO2W
CE04OSPS-PC01B-4C-PCO2WA105,external_device3_fault,external_device3_fault,,,ENG,1,CE04OSPS,PC01B,PCO2W
CE04OSPS-PC01B-4C-PCO2WA105,num_data_records,num_data_records,,,ENG,1,CE04OSPS,PC01B,PCO2W
CE04OSPS-PC01B-4C-PCO2WA105,num_error_records,num_error_records,,,ENG,1,CE04OSPS,PC01B,PCO2W
CE04OSPS-PC01B-4C-PCO2WA105,num_bytes_stored,num_bytes_stored,,,ENG,bytes,CE04OSPS,PC01B,PCO2W
CE04OSPS-PC01B-4C-PCO2WA105,internal_timestamp,internal_timestamp,,,ENG,seconds since 1900-01-01,CE04OSPS,PC01B,PCO2W
CE04OSPS-PC01B-4C-PCO2WA105,preferred_timestamp,preferred_timestamp,,,ENG,1,CE04OSPS,PC01B,PCO2W
CE04OSPS-PC01B-4C-PCO2WA105,pco2w_battery_voltage,pco2w_battery_voltage,,,ENG,counts,CE04OSPS,PC01B,PCO2W
CE04OSPS-PC01B-4C-PCO2WA105,pco2w_thermistor_voltage,pco2w_thermistor_voltage,,,ENG,counts,CE04OSPS,PC01B,PCO2W
CE04OSPS-PC01B-4C-PCO2WA105,checksum,checksum,,,ENG,1,CE04OSPS,PC01B,PCO2W
CE04OSPS-PC01B-4C-PCO2WA105,unique_id,unique_id,,,ENG,1,CE04OSPS,PC01B,PCO2W
CE04OSPS-PC01B-4C-PCO2WA105,record_length,record_length,,,ENG,1,CE04OSPS,PC01B,PCO2W
CE04OSPS-PC01B-4C-PCO2WA105,record_type,record_type,,,ENG,1,CE04OSPS,PC01B,PCO2W
CE04OSPS-PC01B-4C-PCO2WA105,record_time,record_time,,,ENG,seconds since 1904-01-01,CE04OSPS,PC01B,PCO2W
CE04OSPS-PC01B-4C-PCO2WA105,light_measurements,light_measurements,,,ENG,counts,CE04OSPS,PC01B,PCO2W
CE04OSPS-PC01B-4C-PCO2WA105,voltage_battery,voltage_battery,,,ENG,counts,CE04OSPS,PC01B,PCO2W
CE04OSPS-PC01B-4C-PCO2WA105,thermistor_raw,thermistor_raw,,,L0,V,CE04OSPS,PC01B,PCO2W
CE04OSPS-PC01B-4C-PCO2WA105,elapsed_time_config,elapsed_time_config,,,ENG,s,CE04OSPS,PC01B,PCO2W
CE04OSPS-PC01B-4C-PCO2WA105,clock_active,clock_active,,,ENG,1,CE04OSPS,PC01B,PCO2W
CE04OSPS-PC01B-4C-PCO2WA105,recording_active,recording_active,,,ENG,1,CE04OSPS,PC01B,PCO2W
CE04OSPS-PC01B-4C-PCO2WA105,record_end_on_time,record_end_on_time,,,ENG,1,CE04OSPS,PC01B,PCO2W
CE04OSPS-PC01B-4C-PCO2WA105,record_memory_full,record_memory_full,,,ENG,1,CE04OSPS,PC01B,PCO2W
CE04OSPS-PC01B-4C-PCO2WA105,record_end_on_error,record_end_on_error,,,ENG,1,CE04OSPS,PC01B,PCO2W
CE04OSPS-PC01B-4C-PCO2WA105,data_download_ok,data_download_ok,,,ENG,1,CE04OSPS,PC01B,PCO2W
CE04OSPS-PC01B-4C-PCO2WA105,flash_memory_open,flash_memory_open,,,ENG,1,CE04OSPS,PC01B,PCO2W
CE04OSPS-PC01B-4C-PCO2WA105,pco2w_seawater,pco2w_seawater,,,L1,uatm,CE04OSPS,PC01B,PCO2W
CE04OSPS-PC01B-4C-PCO2WA105,battery_low_prestart,battery_low_prestart,,,ENG,1,CE04OSPS,PC01B,PCO2W
CE04OSPS-PC01B-4C-PCO2WA105,battery_low_measurement,battery_low_measurement,,,ENG,1,CE04OSPS,PC01B,PCO2W
CE04OSPS-PC01B-4C-PCO2WA105,battery_low_bank,battery_low_bank,,,ENG,1,CE04OSPS,PC01B,PCO2W
CE04OSPS-PC01B-4C-PCO2WA105,battery_low_external,battery_low_external,,,ENG,1,CE04OSPS,PC01B,PCO2W
CE04OSPS-PC01B-4C-PCO2WA105,external_device1_fault,external_device1_fault,,,ENG,1,CE04OSPS,PC01B,PCO2W
CE04OSPS-PC01B-4C-PCO2WA105,pco2w_a_absorbance_blank_434,pco2w_a_absorbance_blank_434,,,L0,1,CE04OSPS,PC01B,PCO2W
CE04OSPS-PC01B-4C-PCO2WA105,pco2w_a_absorbance_blank_620,pco2w_a_absorbance_blank_620,,,L0,1,CE04OSPS,PC01B,PCO2W
CE04OSPS-PC01B-4C-PCO2WA105,flash_erased,flash_erased,,,ENG,1,CE04OSPS,PC01B,PCO2W
CE04OSPS-PC01B-4C-PCO2WA105,power_on_invalid,power_on_invalid,,,ENG,1,CE04OSPS,PC01B,PCO2W
CE04OSPS-PC01B-4C-PCO2WA105,launch_time,launch_time,,,ENG,seconds since 1904-01-08,CE04OSPS,PC01B,PCO2W
CE04OSPS-PC01B-4C-PCO2WA105,start_time_offset,start_time_offset,,,ENG,s,CE04OSPS,PC01B,PCO2W
CE04OSPS-PC01B-4C-PCO2WA105,recording_time,recording_time,,,ENG,s,CE04OSPS,PC01B,PCO2W
CE04OSPS-PC01B-4C-PCO2WA105,pmi_sample_schedule,pmi_sample_schedule,,,ENG,1,CE04OSPS,PC01B,PCO2W
CE04OSPS-PC01B-4C-PCO2WA105,sami_sample_schedule,sami_sample_schedule,,,ENG,1,CE04OSPS,PC01B,PCO2W
CE04OSPS-PC01B-4C-PCO2WA105,slot1_follows_sami_sample,slot1_follows_sami_sample,,,ENG,1,CE04OSPS,PC01B,PCO2W
CE04OSPS-PC01B-4C-PCO2WA105,slot1_independent_schedule,slot1_independent_schedule,,,ENG,1,CE04OSPS,PC01B,PCO2W
CE04OSPS-PC01B-4C-PCO2WA105,slot2_follows_sami_sample,slot2_follows_sami_sample,,,ENG,1,CE04OSPS,PC01B,PCO2W
CE04OSPS-PC01B-4C-PCO2WA105,slot2_independent_schedule,slot2_independent_schedule,,,ENG,1,CE04OSPS,PC01B,PCO2W
CE04OSPS-PC01B-4C-PCO2WA105,slot3_follows_sami_sample,slot3_follows_sami_sample,,,ENG,1,CE04OSPS,PC01B,PCO2W
CE04OSPS-PC01B-4C-PCO2WA105,slot3_independent_schedule,slot3_independent_schedule,,,ENG,1,CE04OSPS,PC01B,PCO2W
CE04OSPS-PC01B-4C-PCO2WA105,timer_interval_sami,timer_interval_sami,,,ENG,s,CE04OSPS,PC01B,PCO2W
CE04OSPS-PC01B-4C-PCO2WA105,driver_id_sami,driver_id_sami,,,ENG,1,CE04OSPS,PC01B,PCO2W
CE04OSPS-PC01B-4C-PCO2WA105,parameter_pointer_sami,parameter_pointer_sami,,,ENG,1,CE04OSPS,PC01B,PCO2W
CE04OSPS-PC01B-4C-PCO2WA105,timer_interval_device1,timer_interval_device1,,,ENG,s,CE04OSPS,PC01B,PCO2W
CE04OSPS-PC01B-4C-PCO2WA105,driver_id_device1,driver_id_device1,,,ENG,1,CE04OSPS,PC01B,PCO2W
CE04OSPS-PC01B-4C-PCO2WA105,parameter_pointer_device1,parameter_pointer_device1,,,ENG,1,CE04OSPS,PC01B,PCO2W
CE04OSPS-PC01B-4C-PCO2WA105,timer_interval_device2,timer_interval_device2,,,ENG,s,CE04OSPS,PC01B,PCO2W
CE04OSPS-PC01B-4C-PCO2WA105,driver_id_device2,driver_id_device2,,,ENG,1,CE04OSPS,PC01B,PCO2W
CE04OSPS-PC01B-4C-PCO2WA105,parameter_pointer_device2,parameter_pointer_device2,,,ENG,1,CE04OSPS,PC01B,PCO2W
CE04OSPS-PC01B-4C-PCO2WA105,timer_interval_device3,timer_interval_device3,,,ENG,s,CE04OSPS,PC01B,PCO2W
CE04OSPS-PC01B-4C-PCO2WA105,driver_id_device3,driver_id_device3,,,ENG,1,CE04OSPS,PC01B,PCO2W
CE04OSPS-PC01B-4C-PCO2WA105,parameter_pointer_device3,parameter_pointer_device3,,,ENG,1,CE04OSPS,PC01B,PCO2W
CE04OSPS-PC01B-4C-PCO2WA105,timer_interval_prestart,timer_interval_prestart,,,ENG,s,CE04OSPS,PC01B,PCO2W
CE04OSPS-PC01B-4C-PCO2WA105,driver_id_prestart,driver_id_prestart,,,ENG,1,CE04OSPS,PC01B,PCO2W
CE04OSPS-PC01B-4C-PCO2WA105,parameter_pointer_prestart,parameter_pointer_prestart,,,ENG,1,CE04OSPS,PC01B,PCO2W
CE04OSPS-PC01B-4C-PCO2WA105,use_baud_rate_57600,use_baud_rate_57600,,,ENG,1,CE04OSPS,PC01B,PCO2W
CE04OSPS-PC01B-4C-PCO2WA105,send_record_type,send_record_type,,,ENG,1,CE04OSPS,PC01B,PCO2W
CE04OSPS-PC01B-4C-PCO2WA105,send_live_records,send_live_records,,,ENG,1,CE04OSPS,PC01B,PCO2W
CE04OSPS-PC01B-4C-PCO2WA105,extend_global_config,extend_global_config,,,ENG,1,CE04OSPS,PC01B,PCO2W
CE04OSPS-PC01B-4C-PCO2WA105,pump_pulse,pump_pulse,,,ENG,s,CE04OSPS,PC01B,PCO2W
CE04OSPS-PC01B-4C-PCO2WA105,pump_on_to_measure,pump_on_to_measure,,,ENG,s,CE04OSPS,PC01B,PCO2W
CE04OSPS-PC01B-4C-PCO2WA105,samples_per_measure,samples_per_measure,,,ENG,counts,CE04OSPS,PC01B,PCO2W
CE04OSPS-PC01B-4C-PCO2WA105,cycles_between_blanks,cycles_between_blanks,,,ENG,counts,CE04OSPS,PC01B,PCO2W
CE04OSPS-PC01B-4C-PCO2WA105,num_reagent_cycles,num_reagent_cycles,,,ENG,counts,CE04OSPS,PC01B,PCO2W
CE04OSPS-PC01B-4C-PCO2WA105,num_blank_cycles,num_blank_cycles,,,ENG,counts,CE04OSPS,PC01B,PCO2W
CE04OSPS-PC01B-4C-PCO2WA105,flush_pump_interval,flush_pump_interval,,,ENG,s,CE04OSPS,PC01B,PCO2W
CE04OSPS-PC01B-4C-PCO2WA105,disable_start_blank_flush,disable_start_blank_flush,,,ENG,1,CE04OSPS,PC01B,PCO2W
CE04OSPS-PC01B-4C-PCO2WA105,measure_after_pump_pulse,measure_after_pump_pulse,,,ENG,1,CE04OSPS,PC01B,PCO2W
CE04OSPS-PC01B-4C-PCO2WA105,time,time,,,ENG,seconds since 1900-01-01,CE04OSPS,PC01B,PCO2W
CE04OSPS-PC01B-4C-PCO2WA105,ingestion_timestamp,ingestion_timestamp,,,ENG,seconds since 1900-01-01,CE04OSPS,PC01B,PCO2W
CE04OSPS-PC01B-4C-PCO2WA105,cycle_rate,cycle_rate,,,ENG,s,CE04OSPS,PC01B,PCO2W
CE04OSPS-PC01B-4C-PCO2WA105,absorbance_ratio_434,absorbance_ratio_434,0,100000,L0,counts,CE04OSPS,PC01B,PCO2W
CE04OSPS-PC01B-4C-PCO2WA105,absorbance_ratio_620,absorbance_ratio_620,0,100000,L0,counts,CE04OSPS,PC01B,PCO2W
CE04OSPS-PC01B-4C-PCO2WA105,pco2w_thermistor_temperature,pco2w_thermistor_temperature,-2,40,L1,deg_C,CE04OSPS,PC01B,PCO2W
CE04OSPS-SF01B-2A-CTDPFA107,port_timestamp,port_timestamp,,,ENG,seconds since 1900-01-01,CE04OSPS,SF01B,CTDPF
CE04OSPS-SF01B-2A-CTDPFA107,driver_timestamp,driver_timestamp,,,ENG,seconds since 1900-01-01,CE04OSPS,SF01B,CTDPF
CE04OSPS-SF01B-2A-CTDPFA107,firmware_version,firmware_version,,,ENG,1,CE04OSPS,SF01B,CTDPF
CE04OSPS-SF01B-2A-CTDPFA107,pressure_sensor_range,pressure_sensor_range,,,ENG,psi,CE04OSPS,SF01B,CTDPF
CE04OSPS-SF01B-2A-CTDPFA107,operational_current,operational_current,,,ENG,mA,CE04OSPS,SF01B,CTDPF
CE04OSPS-SF01B-2A-CTDPFA107,battery_voltage_main,battery_voltage_main,,,ENG,V,CE04OSPS,SF01B,CTDPF
CE04OSPS-SF01B-2A-CTDPFA107,battery_voltage_lithium,battery_voltage_lithium,,,ENG,V,CE04OSPS,SF01B,CTDPF
CE04OSPS-SF01B-2A-CTDPFA107,calibration_date_pressure,calibration_date_pressure,,,ENG,1,CE04OSPS,SF01B,CTDPF
CE04OSPS-SF01B-2A-CTDPFA107,preferred_timestamp,preferred_timestamp,,,ENG,1,CE04OSPS,SF01B,CTDPF
CE04OSPS-SF01B-2A-CTDPFA107,press_coeff_poffset,press_coeff_poffset,,,ENG,counts,CE04OSPS,SF01B,CTDPF
CE04OSPS-SF01B-2A-CTDPFA107,calibration_date_temperature,calibration_date_temperature,,,ENG,1,CE04OSPS,SF01B,CTDPF
CE04OSPS-SF01B-2A-CTDPFA107,temp_coeff_ta0,temp_coeff_ta0,,,ENG,counts,CE04OSPS,SF01B,CTDPF
CE04OSPS-SF01B-2A-CTDPFA107,temp_coeff_ta1,temp_coeff_ta1,,,ENG,counts,CE04OSPS,SF01B,CTDPF
CE04OSPS-SF01B-2A-CTDPFA107,temp_coeff_ta2,temp_coeff_ta2,,,ENG,counts,CE04OSPS,SF01B,CTDPF
CE04OSPS-SF01B-2A-CTDPFA107,temp_coeff_ta3,temp_coeff_ta3,,,ENG,counts,CE04OSPS,SF01B,CTDPF
CE04OSPS-SF01B-2A-CTDPFA107,calibration_date_conductivity,calibration_date_conductivity,,,ENG,1,CE04OSPS,SF01B,CTDPF
CE04OSPS-SF01B-2A-CTDPFA107,cond_coeff_cg,cond_coeff_cg,,,ENG,counts,CE04OSPS,SF01B,CTDPF
CE04OSPS-SF01B-2A-CTDPFA107,cond_coeff_ch,cond_coeff_ch,,,ENG,counts,CE04OSPS,SF01B,CTDPF
CE04OSPS-SF01B-2A-CTDPFA107,cond_coeff_ci,cond_coeff_ci,,,ENG,counts,CE04OSPS,SF01B,CTDPF
CE04OSPS-SF01B-2A-CTDPFA107,cond_coeff_cj,cond_coeff_cj,,,ENG,counts,CE04OSPS,SF01B,CTDPF
CE04OSPS-SF01B-2A-CTDPFA107,cond_coeff_ctcor,cond_coeff_ctcor,,,ENG,counts,CE04OSPS,SF01B,CTDPF
CE04OSPS-SF01B-2A-CTDPFA107,cond_coeff_cpcor,cond_coeff_cpcor,,,ENG,counts,CE04OSPS,SF01B,CTDPF
CE04OSPS-SF01B-2A-CTDPFA107,cond_coeff_cslope,cond_coeff_cslope,,,ENG,counts,CE04OSPS,SF01B,CTDPF
CE04OSPS-SF01B-2A-CTDPFA107,temperature,temperature,,,L0,counts,CE04OSPS,SF01B,CTDPF
CE04OSPS-SF01B-2A-CTDPFA107,conductivity,conductivity,,,L0,counts,CE04OSPS,SF01B,CTDPF
CE04OSPS-SF01B-2A-CTDPFA107,pressure,pressure,,,L0,counts,CE04OSPS,SF01B,CTDPF
CE04OSPS-SF01B-2A-CTDPFA107,pressure_temp,pressure_temp,,,L0,counts,CE04OSPS,SF01B,CTDPF
CE04OSPS-SF01B-2A-CTDPFA107,pump_current,pump_current,,,ENG,mA,CE04OSPS,SF01B,CTDPF
CE04OSPS-SF01B-2A-CTDPFA107,ext_v01_current,ext_v01_current,,,ENG,mA,CE04OSPS,SF01B,CTDPF
CE04OSPS-SF01B-2A-CTDPFA107,logging_status,logging_status,,,ENG,1,CE04OSPS,SF01B,CTDPF
CE04OSPS-SF01B-2A-CTDPFA107,num_samples,num_samples,,,ENG,counts,CE04OSPS,SF01B,CTDPF
CE04OSPS-SF01B-2A-CTDPFA107,mem_free,mem_free,,,ENG,bytes,CE04OSPS,SF01B,CTDPF
CE04OSPS-SF01B-2A-CTDPFA107,battery_cutoff,battery_cutoff,,,ENG,V,CE04OSPS,SF01B,CTDPF
CE04OSPS-SF01B-2A-CTDPFA107,pressure_sensor_type,pressure_sensor_type,,,ENG,1,CE04OSPS,SF01B,CTDPF
CE04OSPS-SF01B-2A-CTDPFA107,sbe38,sbe38,,,ENG,1,CE04OSPS,SF01B,CTDPF
CE04OSPS-SF01B-2A-CTDPFA107,wetlabs,wetlabs,,,ENG,1,CE04OSPS,SF01B,CTDPF
CE04OSPS-SF01B-2A-CTDPFA107,optode,optode,,,ENG,1,CE04OSPS,SF01B,CTDPF
CE04OSPS-SF01B-2A-CTDPFA107,gas_tension_device,gas_tension_device,,,ENG,1,CE04OSPS,SF01B,CTDPF
CE04OSPS-SF01B-2A-CTDPFA107,ext_volt_0,ext_volt_0,,,ENG,1,CE04OSPS,SF01B,CTDPF
CE04OSPS-SF01B-2A-CTDPFA107,ext_volt_1,ext_volt_1,,,ENG,1,CE04OSPS,SF01B,CTDPF
CE04OSPS-SF01B-2A-CTDPFA107,ext_volt_2,ext_volt_2,,,ENG,1,CE04OSPS,SF01B,CTDPF
CE04OSPS-SF01B-2A-CTDPFA107,ext_volt_3,ext_volt_3,,,ENG,1,CE04OSPS,SF01B,CTDPF
CE04OSPS-SF01B-2A-CTDPFA107,ext_volt_4,ext_volt_4,,,ENG,1,CE04OSPS,SF01B,CTDPF
CE04OSPS-SF01B-2A-CTDPFA107,ext_volt_5,ext_volt_5,,,ENG,1,CE04OSPS,SF01B,CTDPF
CE04OSPS-SF01B-2A-CTDPFA107,echo_characters,echo_characters,,,ENG,1,CE04OSPS,SF01B,CTDPF
CE04OSPS-SF01B-2A-CTDPFA107,output_format,output_format,,,ENG,1,CE04OSPS,SF01B,CTDPF
CE04OSPS-SF01B-2A-CTDPFA107,strain_pressure_sensor_serial_number,strain_pressure_sensor_serial_number,,,ENG,1,CE04OSPS,SF01B,CTDPF
CE04OSPS-SF01B-2A-CTDPFA107,volt0_type,volt0_type,,,ENG,1,CE04OSPS,SF01B,CTDPF
CE04OSPS-SF01B-2A-CTDPFA107,volt0_serial_number,volt0_serial_number,,,ENG,1,CE04OSPS,SF01B,CTDPF
CE04OSPS-SF01B-2A-CTDPFA107,temp_coeff_offset,temp_coeff_offset,,,ENG,counts,CE04OSPS,SF01B,CTDPF
CE04OSPS-SF01B-2A-CTDPFA107,profiles,profiles,,,ENG,counts,CE04OSPS,SF01B,CTDPF
CE04OSPS-SF01B-2A-CTDPFA107,scans_to_average,scans_to_average,,,ENG,counts,CE04OSPS,SF01B,CTDPF
CE04OSPS-SF01B-2A-CTDPFA107,min_cond_freq,min_cond_freq,,,ENG,counts,CE04OSPS,SF01B,CTDPF
CE04OSPS-SF01B-2A-CTDPFA107,pump_delay,pump_delay,,,ENG,counts,CE04OSPS,SF01B,CTDPF
CE04OSPS-SF01B-2A-CTDPFA107,auto_run,auto_run,,,ENG,1,CE04OSPS,SF01B,CTDPF
CE04OSPS-SF01B-2A-CTDPFA107,ignore_switch,ignore_switch,,,ENG,1,CE04OSPS,SF01B,CTDPF
CE04OSPS-SF01B-2A-CTDPFA107,battery_type,battery_type,,,ENG,1,CE04OSPS,SF01B,CTDPF
CE04OSPS-SF01B-2A-CTDPFA107,sbe63,sbe63,,,ENG,1,CE04OSPS,SF01B,CTDPF
CE04OSPS-SF01B-2A-CTDPFA107,press_coeff_pa0,press_coeff_pa0,,,ENG,counts,CE04OSPS,SF01B,CTDPF
CE04OSPS-SF01B-2A-CTDPFA107,ext_volt0,ext_volt0,,,L0,counts,CE04OSPS,SF01B,CTDPF
CE04OSPS-SF01B-2A-CTDPFA107,press_coeff_pa1,press_coeff_pa1,,,ENG,counts,CE04OSPS,SF01B,CTDPF
CE04OSPS-SF01B-2A-CTDPFA107,press_coeff_pa2,press_coeff_pa2,,,ENG,counts,CE04OSPS,SF01B,CTDPF
CE04OSPS-SF01B-2A-CTDPFA107,press_coeff_ptempa0,press_coeff_ptempa0,,,,1,CE04OSPS,SF01B,CTDPF
CE04OSPS-SF01B-2A-CTDPFA107,press_coeff_ptempa1,press_coeff_ptempa1,,,,1,CE04OSPS,SF01B,CTDPF
CE04OSPS-SF01B-2A-CTDPFA107,press_coeff_ptempa2,press_coeff_ptempa2,,,,1,CE04OSPS,SF01B,CTDPF
CE04OSPS-SF01B-2A-CTDPFA107,press_coeff_ptca0,press_coeff_ptca0,,,,1,CE04OSPS,SF01B,CTDPF
CE04OSPS-SF01B-2A-CTDPFA107,press_coeff_ptca1,press_coeff_ptca1,,,,1,CE04OSPS,SF01B,CTDPF
CE04OSPS-SF01B-2A-CTDPFA107,press_coeff_ptca2,press_coeff_ptca2,,,,1,CE04OSPS,SF01B,CTDPF
CE04OSPS-SF01B-2A-CTDPFA107,press_coeff_ptcb0,press_coeff_ptcb0,,,,1,CE04OSPS,SF01B,CTDPF
CE04OSPS-SF01B-2A-CTDPFA107,press_coeff_ptcb1,press_coeff_ptcb1,,,,1,CE04OSPS,SF01B,CTDPF
CE04OSPS-SF01B-2A-CTDPFA107,press_coeff_ptcb2,press_coeff_ptcb2,,,,1,CE04OSPS,SF01B,CTDPF
CE04OSPS-SF01B-2A-CTDPFA107,ext_volt0_slope,ext_volt0_slope,,,ENG,counts,CE04OSPS,SF01B,CTDPF
CE04OSPS-SF01B-2A-CTDPFA107,ext_volt0_offset,ext_volt0_offset,,,ENG,counts,CE04OSPS,SF01B,CTDPF
CE04OSPS-SF01B-2A-CTDPFA107,ext_volt1_slope,ext_volt1_slope,,,ENG,counts,CE04OSPS,SF01B,CTDPF
CE04OSPS-SF01B-2A-CTDPFA107,ext_volt1_offset,ext_volt1_offset,,,ENG,counts,CE04OSPS,SF01B,CTDPF
CE04OSPS-SF01B-2A-CTDPFA107,ext_volt2_slope,ext_volt2_slope,,,ENG,counts,CE04OSPS,SF01B,CTDPF
CE04OSPS-SF01B-2A-CTDPFA107,ext_volt2_offset,ext_volt2_offset,,,ENG,counts,CE04OSPS,SF01B,CTDPF
CE04OSPS-SF01B-2A-CTDPFA107,ext_volt3_slope,ext_volt3_slope,,,ENG,counts,CE04OSPS,SF01B,CTDPF
CE04OSPS-SF01B-2A-CTDPFA107,ext_volt3_offset,ext_volt3_offset,,,ENG,counts,CE04OSPS,SF01B,CTDPF
CE04OSPS-SF01B-2A-CTDPFA107,ext_volt4_slope,ext_volt4_slope,,,ENG,counts,CE04OSPS,SF01B,CTDPF
CE04OSPS-SF01B-2A-CTDPFA107,ext_volt4_offset,ext_volt4_offset,,,ENG,counts,CE04OSPS,SF01B,CTDPF
CE04OSPS-SF01B-2A-CTDPFA107,ext_volt5_slope,ext_volt5_slope,,,ENG,counts,CE04OSPS,SF01B,CTDPF
CE04OSPS-SF01B-2A-CTDPFA107,ext_volt5_offset,ext_volt5_offset,,,ENG,counts,CE04OSPS,SF01B,CTDPF
CE04OSPS-SF01B-2A-CTDPFA107,ext_freq_sf,ext_freq_sf,,,ENG,counts,CE04OSPS,SF01B,CTDPF
CE04OSPS-SF01B-2A-CTDPFA107,temp_sensor_serial_number,temp_sensor_serial_number,,,ENG,counts,CE04OSPS,SF01B,CTDPF
CE04OSPS-SF01B-2A-CTDPFA107,cond_sensor_serial_number,cond_sensor_serial_number,,,ENG,counts,CE04OSPS,SF01B,CTDPF
CE04OSPS-SF01B-2A-CTDPFA107,command_set_version,command_set_version,,,ENG,1,CE04OSPS,SF01B,CTDPF
CE04OSPS-SF01B-2A-CTDPFA107,assembly_number,assembly_number,,,ENG,1,CE04OSPS,SF01B,CTDPF
CE04OSPS-SF01B-2A-CTDPFA107,num_events,num_events,,,ENG,counts,CE04OSPS,SF01B,CTDPF
CE04OSPS-SF01B-2A-CTDPFA107,samples_free,samples_free,,,ENG,counts,CE04OSPS,SF01B,CTDPF
CE04OSPS-SF01B-2A-CTDPFA107,sample_length,sample_length,,,ENG,bytes,CE04OSPS,SF01B,CTDPF
CE04OSPS-SF01B-2A-CTDPFA107,output_executed_tag,output_executed_tag,,,ENG,1,CE04OSPS,SF01B,CTDPF
CE04OSPS-SF01B-2A-CTDPFA107,pressure_sensor_serial_number,pressure_sensor_serial_number,,,ENG,counts,CE04OSPS,SF01B,CTDPF
CE04OSPS-SF01B-2A-CTDPFA107,firmware_date,firmware_date,,,ENG,1,CE04OSPS,SF01B,CTDPF
CE04OSPS-SF01B-2A-CTDPFA107,pcb_serial_number,pcb_serial_number,,,ENG,1,CE04OSPS,SF01B,CTDPF
CE04OSPS-SF01B-2A-CTDPFA107,manufacture_date,manufacture_date,,,ENG,1,CE04OSPS,SF01B,CTDPF
CE04OSPS-SF01B-2A-CTDPFA107,serial_number,serial_number,,,ENG,counts,CE04OSPS,SF01B,CTDPF
CE04OSPS-SF01B-2A-CTDPFA107,corrected_dissolved_oxygen,corrected_dissolved_oxygen,0,400,L2,umol kg-1,CE04OSPS,SF01B,CTDPF
CE04OSPS-SF01B-2A-CTDPFA107,seawater_temperature,seawater_temperature,-2,40,L1,deg_C,CE04OSPS,SF01B,CTDPF
CE04OSPS-SF01B-2A-CTDPFA107,seawater_pressure,seawater_pressure,0,6000,L1,dbar,CE04OSPS,SF01B,CTDPF
CE04OSPS-SF01B-2A-CTDPFA107,seawater_conductivity,seawater_conductivity,0,6,L1,S m-1,CE04OSPS,SF01B,CTDPF
CE04OSPS-SF01B-2A-CTDPFA107,practical_salinity,practical_salinity,0,42,L2,1,CE04OSPS,SF01B,CTDPF
CE04OSPS-SF01B-2A-CTDPFA107,seawater_density,seawater_density,1000,1100,L2,kg m-3,CE04OSPS,SF01B,CTDPF
CE04OSPS-SF01B-2A-CTDPFA107,date_time_string,date_time_string,,,ENG,1,CE04OSPS,SF01B,CTDPF
CE04OSPS-SF01B-2A-DOFSTA107,port_timestamp,port_timestamp,,,ENG,seconds since 1900-01-01,CE04OSPS,SF01B,DOFST
CE04OSPS-SF01B-2A-DOFSTA107,driver_timestamp,driver_timestamp,,,ENG,seconds since 1900-01-01,CE04OSPS,SF01B,DOFST
CE04OSPS-SF01B-2A-DOFSTA107,preferred_timestamp,preferred_timestamp,,,ENG,1,CE04OSPS,SF01B,DOFST
CE04OSPS-SF01B-2A-DOFSTA107,temperature,temperature,,,L0,counts,CE04OSPS,SF01B,DOFST
CE04OSPS-SF01B-2A-DOFSTA107,conductivity,conductivity,,,L0,counts,CE04OSPS,SF01B,DOFST
CE04OSPS-SF01B-2A-DOFSTA107,pressure,pressure,,,L0,counts,CE04OSPS,SF01B,DOFST
CE04OSPS-SF01B-2A-DOFSTA107,pressure_temp,pressure_temp,,,L0,counts,CE04OSPS,SF01B,DOFST
CE04OSPS-SF01B-2A-DOFSTA107,ext_volt0,ext_volt0,,,L0,counts,CE04OSPS,SF01B,DOFST
CE04OSPS-SF01B-2A-DOFSTA107,corrected_dissolved_oxygen,corrected_dissolved_oxygen,0,400,L2,umol kg-1,CE04OSPS,SF01B,DOFST
CE04OSPS-SF01B-2A-DOFSTA107,seawater_temperature,seawater_temperature,-2,40,L1,deg_C,CE04OSPS,SF01B,DOFST
CE04OSPS-SF01B-2A-DOFSTA107,seawater_pressure,seawater_pressure,0,6000,L1,dbar,CE04OSPS,SF01B,DOFST
CE04OSPS-SF01B-2A-DOFSTA107,seawater_conductivity,seawater_conductivity,0,6,L1,S m-1,CE04OSPS,SF01B,DOFST
CE04OSPS-SF01B-2A-DOFSTA107,practical_salinity,practical_salinity,0,42,L2,1,CE04OSPS,SF01B,DOFST
CE04OSPS-SF01B-2A-DOFSTA107,seawater_density,seawater_density,1000,1100,L2,kg m-3,CE04OSPS,SF01B,DOFST
CE04OSPS-SF01B-2B-PHSENA108,port_timestamp,port_timestamp,,,ENG,seconds since 1900-01-01,CE04OSPS,SF01B,PHSEN
CE04OSPS-SF01B-2B-PHSENA108,driver_timestamp,driver_timestamp,,,ENG,seconds since 1900-01-01,CE04OSPS,SF01B,PHSEN
CE04OSPS-SF01B-2B-PHSENA108,external_device2_fault,external_device2_fault,,,ENG,1,CE04OSPS,SF01B,PHSEN
CE04OSPS-SF01B-2B-PHSENA108,external_device3_fault,external_device3_fault,,,ENG,1,CE04OSPS,SF01B,PHSEN
CE04OSPS-SF01B-2B-PHSENA108,num_data_records,num_data_records,,,ENG,1,CE04OSPS,SF01B,PHSEN
CE04OSPS-SF01B-2B-PHSENA108,num_error_records,num_error_records,,,ENG,1,CE04OSPS,SF01B,PHSEN
CE04OSPS-SF01B-2B-PHSENA108,num_bytes_stored,num_bytes_stored,,,ENG,bytes,CE04OSPS,SF01B,PHSEN
CE04OSPS-SF01B-2B-PHSENA108,number_samples_averaged,number_samples_averaged,,,ENG,counts,CE04OSPS,SF01B,PHSEN
CE04OSPS-SF01B-2B-PHSENA108,number_flushes,number_flushes,,,ENG,counts,CE04OSPS,SF01B,PHSEN
CE04OSPS-SF01B-2B-PHSENA108,pump_on_flush,pump_on_flush,,,ENG,counts,CE04OSPS,SF01B,PHSEN
CE04OSPS-SF01B-2B-PHSENA108,pump_off_flush,pump_off_flush,,,ENG,counts,CE04OSPS,SF01B,PHSEN
CE04OSPS-SF01B-2B-PHSENA108,number_reagent_pumps,number_reagent_pumps,,,ENG,counts,CE04OSPS,SF01B,PHSEN
CE04OSPS-SF01B-2B-PHSENA108,valve_delay,valve_delay,,,ENG,counts,CE04OSPS,SF01B,PHSEN
CE04OSPS-SF01B-2B-PHSENA108,pump_on_ind,pump_on_ind,,,ENG,counts,CE04OSPS,SF01B,PHSEN
CE04OSPS-SF01B-2B-PHSENA108,pv_off_ind,pv_off_ind,,,ENG,counts,CE04OSPS,SF01B,PHSEN
CE04OSPS-SF01B-2B-PHSENA108,number_blanks,number_blanks,,,ENG,counts,CE04OSPS,SF01B,PHSEN
CE04OSPS-SF01B-2B-PHSENA108,pump_measure_t,pump_measure_t,,,ENG,counts,CE04OSPS,SF01B,PHSEN
CE04OSPS-SF01B-2B-PHSENA108,pump_off_to_measure,pump_off_to_measure,,,ENG,counts,CE04OSPS,SF01B,PHSEN
CE04OSPS-SF01B-2B-PHSENA108,measure_to_pump_on,measure_to_pump_on,,,ENG,counts,CE04OSPS,SF01B,PHSEN
CE04OSPS-SF01B-2B-PHSENA108,number_measurements,number_measurements,,,ENG,counts,CE04OSPS,SF01B,PHSEN
CE04OSPS-SF01B-2B-PHSENA108,salinity_delay,salinity_delay,,,ENG,counts,CE04OSPS,SF01B,PHSEN
CE04OSPS-SF01B-2B-PHSENA108,internal_timestamp,internal_timestamp,,,ENG,seconds since 1900-01-01,CE04OSPS,SF01B,PHSEN
CE04OSPS-SF01B-2B-PHSENA108,pco2w_battery_voltage,pco2w_battery_voltage,,,ENG,counts,CE04OSPS,SF01B,PHSEN
CE04OSPS-SF01B-2B-PHSENA108,pco2w_thermistor_voltage,pco2w_thermistor_voltage,,,ENG,counts,CE04OSPS,SF01B,PHSEN
CE04OSPS-SF01B-2B-PHSENA108,phsen_battery_volts,phsen_battery_volts,,,ENG,V,CE04OSPS,SF01B,PHSEN
CE04OSPS-SF01B-2B-PHSENA108,ph_light_measurements,ph_light_measurements,,,ENG,counts,CE04OSPS,SF01B,PHSEN
CE04OSPS-SF01B-2B-PHSENA108,checksum,checksum,,,ENG,1,CE04OSPS,SF01B,PHSEN
CE04OSPS-SF01B-2B-PHSENA108,unique_id,unique_id,,,ENG,1,CE04OSPS,SF01B,PHSEN
CE04OSPS-SF01B-2B-PHSENA108,record_length,record_length,,,ENG,1,CE04OSPS,SF01B,PHSEN
CE04OSPS-SF01B-2B-PHSENA108,record_type,record_type,,,ENG,1,CE04OSPS,SF01B,PHSEN
CE04OSPS-SF01B-2B-PHSENA108,record_time,record_time,,,ENG,seconds since 1904-01-01,CE04OSPS,SF01B,PHSEN
CE04OSPS-SF01B-2B-PHSENA108,voltage_battery,voltage_battery,,,ENG,counts,CE04OSPS,SF01B,PHSEN
CE04OSPS-SF01B-2B-PHSENA108,elapsed_time_config,elapsed_time_config,,,ENG,s,CE04OSPS,SF01B,PHSEN
CE04OSPS-SF01B-2B-PHSENA108,clock_active,clock_active,,,ENG,1,CE04OSPS,SF01B,PHSEN
CE04OSPS-SF01B-2B-PHSENA108,recording_active,recording_active,,,ENG,1,CE04OSPS,SF01B,PHSEN
CE04OSPS-SF01B-2B-PHSENA108,record_end_on_time,record_end_on_time,,,ENG,1,CE04OSPS,SF01B,PHSEN
CE04OSPS-SF01B-2B-PHSENA108,record_memory_full,record_memory_full,,,ENG,1,CE04OSPS,SF01B,PHSEN
CE04OSPS-SF01B-2B-PHSENA108,record_end_on_error,record_end_on_error,,,ENG,1,CE04OSPS,SF01B,PHSEN
CE04OSPS-SF01B-2B-PHSENA108,data_download_ok,data_download_ok,,,ENG,1,CE04OSPS,SF01B,PHSEN
CE04OSPS-SF01B-2B-PHSENA108,flash_memory_open,flash_memory_open,,,ENG,1,CE04OSPS,SF01B,PHSEN
CE04OSPS-SF01B-2B-PHSENA108,battery_low_prestart,battery_low_prestart,,,ENG,1,CE04OSPS,SF01B,PHSEN
CE04OSPS-SF01B-2B-PHSENA108,battery_low_measurement,battery_low_measurement,,,ENG,1,CE04OSPS,SF01B,PHSEN
CE04OSPS-SF01B-2B-PHSENA108,battery_low_bank,battery_low_bank,,,ENG,1,CE04OSPS,SF01B,PHSEN
CE04OSPS-SF01B-2B-PHSENA108,battery_low_external,battery_low_external,,,ENG,1,CE04OSPS,SF01B,PHSEN
CE04OSPS-SF01B-2B-PHSENA108,external_device1_fault,external_device1_fault,,,ENG,1,CE04OSPS,SF01B,PHSEN
CE04OSPS-SF01B-2B-PHSENA108,flash_erased,flash_erased,,,ENG,1,CE04OSPS,SF01B,PHSEN
CE04OSPS-SF01B-2B-PHSENA108,power_on_invalid,power_on_invalid,,,ENG,1,CE04OSPS,SF01B,PHSEN
CE04OSPS-SF01B-2B-PHSENA108,launch_time,launch_time,,,ENG,seconds since 1904-01-01,CE04OSPS,SF01B,PHSEN
CE04OSPS-SF01B-2B-PHSENA108,start_time_offset,start_time_offset,,,ENG,s,CE04OSPS,SF01B,PHSEN
CE04OSPS-SF01B-2B-PHSENA108,recording_time,recording_time,,,ENG,s,CE04OSPS,SF01B,PHSEN
CE04OSPS-SF01B-2B-PHSENA108,pmi_sample_schedule,pmi_sample_schedule,,,ENG,1,CE04OSPS,SF01B,PHSEN
CE04OSPS-SF01B-2B-PHSENA108,sami_sample_schedule,sami_sample_schedule,,,ENG,1,CE04OSPS,SF01B,PHSEN
CE04OSPS-SF01B-2B-PHSENA108,slot1_follows_sami_sample,slot1_follows_sami_sample,,,ENG,1,CE04OSPS,SF01B,PHSEN
CE04OSPS-SF01B-2B-PHSENA108,slot1_independent_schedule,slot1_independent_schedule,,,ENG,1,CE04OSPS,SF01B,PHSEN
CE04OSPS-SF01B-2B-PHSENA108,slot2_follows_sami_sample,slot2_follows_sami_sample,,,ENG,1,CE04OSPS,SF01B,PHSEN
CE04OSPS-SF01B-2B-PHSENA108,slot2_independent_schedule,slot2_independent_schedule,,,ENG,1,CE04OSPS,SF01B,PHSEN
CE04OSPS-SF01B-2B-PHSENA108,slot3_follows_sami_sample,slot3_follows_sami_sample,,,ENG,1,CE04OSPS,SF01B,PHSEN
CE04OSPS-SF01B-2B-PHSENA108,slot3_independent_schedule,slot3_independent_schedule,,,ENG,1,CE04OSPS,SF01B,PHSEN
CE04OSPS-SF01B-2B-PHSENA108,timer_interval_sami,timer_interval_sami,,,ENG,s,CE04OSPS,SF01B,PHSEN
CE04OSPS-SF01B-2B-PHSENA108,driver_id_sami,driver_id_sami,,,ENG,1,CE04OSPS,SF01B,PHSEN
CE04OSPS-SF01B-2B-PHSENA108,parameter_pointer_sami,parameter_pointer_sami,,,ENG,1,CE04OSPS,SF01B,PHSEN
CE04OSPS-SF01B-2B-PHSENA108,timer_interval_device1,timer_interval_device1,,,ENG,s,CE04OSPS,SF01B,PHSEN
CE04OSPS-SF01B-2B-PHSENA108,driver_id_device1,driver_id_device1,,,ENG,1,CE04OSPS,SF01B,PHSEN
CE04OSPS-SF01B-2B-PHSENA108,parameter_pointer_device1,parameter_pointer_device1,,,ENG,1,CE04OSPS,SF01B,PHSEN
CE04OSPS-SF01B-2B-PHSENA108,timer_interval_device2,timer_interval_device2,,,ENG,s,CE04OSPS,SF01B,PHSEN
CE04OSPS-SF01B-2B-PHSENA108,driver_id_device2,driver_id_device2,,,ENG,1,CE04OSPS,SF01B,PHSEN
CE04OSPS-SF01B-2B-PHSENA108,parameter_pointer_device2,parameter_pointer_device2,,,ENG,1,CE04OSPS,SF01B,PHSEN
CE04OSPS-SF01B-2B-PHSENA108,timer_interval_device3,timer_interval_device3,,,ENG,s,CE04OSPS,SF01B,PHSEN
CE04OSPS-SF01B-2B-PHSENA108,driver_id_device3,driver_id_device3,,,ENG,1,CE04OSPS,SF01B,PHSEN
CE04OSPS-SF01B-2B-PHSENA108,parameter_pointer_device3,parameter_pointer_device3,,,ENG,1,CE04OSPS,SF01B,PHSEN
CE04OSPS-SF01B-2B-PHSENA108,timer_interval_prestart,timer_interval_prestart,,,ENG,s,CE04OSPS,SF01B,PHSEN
CE04OSPS-SF01B-2B-PHSENA108,driver_id_prestart,driver_id_prestart,,,ENG,1,CE04OSPS,SF01B,PHSEN
CE04OSPS-SF01B-2B-PHSENA108,parameter_pointer_prestart,parameter_pointer_prestart,,,ENG,1,CE04OSPS,SF01B,PHSEN
CE04OSPS-SF01B-2B-PHSENA108,use_baud_rate_57600,use_baud_rate_57600,,,ENG,1,CE04OSPS,SF01B,PHSEN
CE04OSPS-SF01B-2B-PHSENA108,send_record_type,send_record_type,,,ENG,1,CE04OSPS,SF01B,PHSEN
CE04OSPS-SF01B-2B-PHSENA108,send_live_records,send_live_records,,,ENG,1,CE04OSPS,SF01B,PHSEN
CE04OSPS-SF01B-2B-PHSENA108,extend_global_config,extend_global_config,,,ENG,1,CE04OSPS,SF01B,PHSEN
CE04OSPS-SF01B-2B-PHSENA108,time,time,,,ENG,seconds since 1900-01-01,CE04OSPS,SF01B,PHSEN
CE04OSPS-SF01B-2B-PHSENA108,ingestion_timestamp,ingestion_timestamp,,,ENG,seconds since 1900-01-01,CE04OSPS,SF01B,PHSEN
CE04OSPS-SF01B-2B-PHSENA108,thermistor_start,thermistor_start,,,ENG,counts,CE04OSPS,SF01B,PHSEN
CE04OSPS-SF01B-2B-PHSENA108,reference_light_measurements,reference_light_measurements,,,ENG,counts,CE04OSPS,SF01B,PHSEN
CE04OSPS-SF01B-2B-PHSENA108,thermistor_end,thermistor_end,,,L0,counts,CE04OSPS,SF01B,PHSEN
CE04OSPS-SF01B-2B-PHSENA108,signal_intensity_434,signal_intensity_434,,,L0,counts,CE04OSPS,SF01B,PHSEN
CE04OSPS-SF01B-2B-PHSENA108,signal_intensity_578,signal_intensity_578,,,L0,counts,CE04OSPS,SF01B,PHSEN
CE04OSPS-SF01B-2B-PHSENA108,phsen_thermistor_temperature,phsen_thermistor_temperature,,,L1,deg_C,CE04OSPS,SF01B,PHSEN
CE04OSPS-SF01B-2B-PHSENA108,ph_seawater,ph_seawater,7.3,8.5,L1,1,CE04OSPS,SF01B,PHSEN
CE04OSPS-SF01B-3A-FLORTD104,port_timestamp,port_timestamp,,,ENG,seconds since 1900-01-01,CE04OSPS,SF01B,FLORT
CE04OSPS-SF01B-3A-FLORTD104,driver_timestamp,driver_timestamp,,,ENG,seconds since 1900-01-01,CE04OSPS,SF01B,FLORT
CE04OSPS-SF01B-3A-FLORTD104,firmware_version,firmware_version,,,ENG,1,CE04OSPS,SF01B,FLORT
CE04OSPS-SF01B-3A-FLORTD104,date_string,date_string,,,ENG,1,CE04OSPS,SF01B,FLORT
CE04OSPS-SF01B-3A-FLORTD104,time_string,time_string,,,ENG,1,CE04OSPS,SF01B,FLORT
CE04OSPS-SF01B-3A-FLORTD104,measurement_wavelength_beta,measurement_wavelength_beta,,,ENG,nm,CE04OSPS,SF01B,FLORT
CE04OSPS-SF01B-3A-FLORTD104,raw_signal_beta,raw_signal_beta,,,L0,counts,CE04OSPS,SF01B,FLORT
CE04OSPS-SF01B-3A-FLORTD104,measurement_wavelength_chl,measurement_wavelength_chl,,,ENG,nm,CE04OSPS,SF01B,FLORT
CE04OSPS-SF01B-3A-FLORTD104,raw_signal_chl,raw_signal_chl,,,L0,counts,CE04OSPS,SF01B,FLORT
CE04OSPS-SF01B-3A-FLORTD104,measurement_wavelength_cdom,measurement_wavelength_cdom,,,ENG,nm,CE04OSPS,SF01B,FLORT
CE04OSPS-SF01B-3A-FLORTD104,raw_signal_cdom,raw_signal_cdom,,,L0,counts,CE04OSPS,SF01B,FLORT
CE04OSPS-SF01B-3A-FLORTD104,raw_internal_temp,raw_internal_temp,,,ENG,counts,CE04OSPS,SF01B,FLORT
CE04OSPS-SF01B-3A-FLORTD104,signal_1_scale_factor,signal_1_scale_factor,,,AUX,m-1 sr-1 counts-1,CE04OSPS,SF01B,FLORT
CE04OSPS-SF01B-3A-FLORTD104,signal_1_offset,signal_1_offset,,,AUX,counts,CE04OSPS,SF01B,FLORT
CE04OSPS-SF01B-3A-FLORTD104,signal_2_scale_factor,signal_2_scale_factor,,,AUX,ug L-1 counts-1,CE04OSPS,SF01B,FLORT
CE04OSPS-SF01B-3A-FLORTD104,signal_2_offset,signal_2_offset,,,AUX,counts,CE04OSPS,SF01B,FLORT
CE04OSPS-SF01B-3A-FLORTD104,signal_3_scale_factor,signal_3_scale_factor,,,AUX,ppb counts-1,CE04OSPS,SF01B,FLORT
CE04OSPS-SF01B-3A-FLORTD104,signal_3_offset,signal_3_offset,,,AUX,counts,CE04OSPS,SF01B,FLORT
CE04OSPS-SF01B-3A-FLORTD104,total_volume_scattering_coefficient,total_volume_scattering_coefficient,,,L1,m-1 sr-1,CE04OSPS,SF01B,FLORT
CE04OSPS-SF01B-3A-FLORTD104,fluorometric_chlorophyll_a,fluorometric_chlorophyll_a,0,50,L1,ug L-1,CE04OSPS,SF01B,FLORT
CE04OSPS-SF01B-3A-FLORTD104,fluorometric_cdom,fluorometric_cdom,0,375,L1,ppb,CE04OSPS,SF01B,FLORT
CE04OSPS-SF01B-3A-FLORTD104,internal_timestamp,internal_timestamp,,,ENG,seconds since 1900-01-01,CE04OSPS,SF01B,FLORT
CE04OSPS-SF01B-3A-FLORTD104,preferred_timestamp,preferred_timestamp,,,ENG,1,CE04OSPS,SF01B,FLORT
CE04OSPS-SF01B-3A-FLORTD104,number_measurements_per_reported_value,number_measurements_per_reported_value,,,ENG,counts,CE04OSPS,SF01B,FLORT
CE04OSPS-SF01B-3A-FLORTD104,number_of_reported_values_per_packet,number_of_reported_values_per_packet,,,ENG,counts,CE04OSPS,SF01B,FLORT
CE04OSPS-SF01B-3A-FLORTD104,measurement_1_dark_count_value,measurement_1_dark_count_value,,,ENG,counts,CE04OSPS,SF01B,FLORT
CE04OSPS-SF01B-3A-FLORTD104,measurement_2_dark_count_value,measurement_2_dark_count_value,,,ENG,counts,CE04OSPS,SF01B,FLORT
CE04OSPS-SF01B-3A-FLORTD104,measurement_3_dark_count_value,measurement_3_dark_count_value,,,ENG,counts,CE04OSPS,SF01B,FLORT
CE04OSPS-SF01B-3A-FLORTD104,measurement_1_slope_value,measurement_1_slope_value,,,ENG,m-1 sr-1 counts-1,CE04OSPS,SF01B,FLORT
CE04OSPS-SF01B-3A-FLORTD104,measurement_2_slope_value,measurement_2_slope_value,,,ENG,ug L-1 counts-1,CE04OSPS,SF01B,FLORT
CE04OSPS-SF01B-3A-FLORTD104,measurement_3_slope_value,measurement_3_slope_value,,,ENG,ppb counts-1,CE04OSPS,SF01B,FLORT
CE04OSPS-SF01B-3A-FLORTD104,predefined_output_sequence,predefined_output_sequence,,,ENG,mode,CE04OSPS,SF01B,FLORT
CE04OSPS-SF01B-3A-FLORTD104,baud_rate,baud_rate,,,ENG,Bd,CE04OSPS,SF01B,FLORT
CE04OSPS-SF01B-3A-FLORTD104,number_of_packets_per_set,number_of_packets_per_set,,,ENG,counts,CE04OSPS,SF01B,FLORT
CE04OSPS-SF01B-3A-FLORTD104,recording_mode,recording_mode,,,ENG,mode,CE04OSPS,SF01B,FLORT
CE04OSPS-SF01B-3A-FLORTD104,manual_mode,manual_mode,,,ENG,mode,CE04OSPS,SF01B,FLORT
CE04OSPS-SF01B-3A-FLORTD104,sampling_interval,sampling_interval,,,ENG,1,CE04OSPS,SF01B,FLORT
CE04OSPS-SF01B-3A-FLORTD104,date,date,,,ENG,1,CE04OSPS,SF01B,FLORT
CE04OSPS-SF01B-3A-FLORTD104,clock,clock,,,ENG,1,CE04OSPS,SF01B,FLORT
CE04OSPS-SF01B-3A-FLORTD104,manual_start_time,manual_start_time,,,ENG,1,CE04OSPS,SF01B,FLORT
CE04OSPS-SF01B-3A-FLORTD104,internal_memory,internal_memory,,,ENG,bytes,CE04OSPS,SF01B,FLORT
CE04OSPS-SF01B-3A-FLORTD104,serial_number,serial_number,,,ENG,1,CE04OSPS,SF01B,FLORT
CE04OSPS-SF01B-3A-FLORTD104,flort_d_bback_total,flort_d_bback_total,0.0003,1,L2,m-1,CE04OSPS,SF01B,FLORT
CE04OSPS-SF01B-3A-FLORTD104,flort_d_scat_seawater,flort_d_scat_seawater,,,AUX,m-1,CE04OSPS,SF01B,FLORT
CE04OSPS-SF01B-3A-FLORTD104,time,time,,,ENG,seconds since 1900-01-01,CE04OSPS,SF01B,FLORT
CE04OSPS-SF01B-3A-FLORTD104,ingestion_timestamp,ingestion_timestamp,,,ENG,seconds since 1900-01-01,CE04OSPS,SF01B,FLORT
CE04OSPS-SF01B-3B-OPTAAD105,port_timestamp,port_timestamp,,,,seconds since 1900-01-01,CE04OSPS,SF01B,OPTAA
CE04OSPS-SF01B-3B-OPTAAD105,driver_timestamp,driver_timestamp,,,,seconds since 1900-01-01,CE04OSPS,SF01B,OPTAA
CE04OSPS-SF01B-3B-OPTAAD105,firmware_version,firmware_version,,,,1,CE04OSPS,SF01B,OPTAA
CE04OSPS-SF01B-3B-OPTAAD105,preferred_timestamp,preferred_timestamp,,,,1,CE04OSPS,SF01B,OPTAA
CE04OSPS-SF01B-3B-OPTAAD105,firmware_date,firmware_date,,,,1,CE04OSPS,SF01B,OPTAA
CE04OSPS-SF01B-3B-OPTAAD105,serial_number,serial_number,,,,1,CE04OSPS,SF01B,OPTAA
CE04OSPS-SF01B-3B-OPTAAD105,beam_attenuation_ctdbp_no,beam_attenuation_ctdbp_no,0,100,L2,m-1,CE04OSPS,SF01B,OPTAA
CE04OSPS-SF01B-3B-OPTAAD105,optical_absorption_ctdbp_no,optical_absorption_ctdbp_no,,,,,CE04OSPS,SF01B,OPTAA
CE04OSPS-SF01B-3B-OPTAAD105,record_length,record_length,,,,1,CE04OSPS,SF01B,OPTAA
CE04OSPS-SF01B-3B-OPTAAD105,packet_type,packet_type,,,,1,CE04OSPS,SF01B,OPTAA
CE04OSPS-SF01B-3B-OPTAAD105,meter_type,meter_type,,,,1,CE04OSPS,SF01B,OPTAA
CE04OSPS-SF01B-3B-OPTAAD105,a_reference_dark_counts,a_reference_dark_counts,,,,counts,CE04OSPS,SF01B,OPTAA
CE04OSPS-SF01B-3B-OPTAAD105,pressure_counts,pressure_counts,,,,counts,CE04OSPS,SF01B,OPTAA
CE04OSPS-SF01B-3B-OPTAAD105,a_signal_dark_counts,a_signal_dark_counts,,,,counts,CE04OSPS,SF01B,OPTAA
CE04OSPS-SF01B-3B-OPTAAD105,external_temp_raw,external_temp_raw,,,,counts,CE04OSPS,SF01B,OPTAA
CE04OSPS-SF01B-3B-OPTAAD105,internal_temp_raw,internal_temp_raw,,,L0,counts,CE04OSPS,SF01B,OPTAA
CE04OSPS-SF01B-3B-OPTAAD105,c_reference_dark_counts,c_reference_dark_counts,,,,counts,CE04OSPS,SF01B,OPTAA
CE04OSPS-SF01B-3B-OPTAAD105,c_signal_dark_counts,c_signal_dark_counts,,,,counts,CE04OSPS,SF01B,OPTAA
CE04OSPS-SF01B-3B-OPTAAD105,elapsed_run_time,elapsed_run_time,,,,ms,CE04OSPS,SF01B,OPTAA
CE04OSPS-SF01B-3B-OPTAAD105,num_wavelengths,num_wavelengths,,,,1,CE04OSPS,SF01B,OPTAA
CE04OSPS-SF01B-3B-OPTAAD105,c_reference_counts,c_reference_counts,,,L0,counts,CE04OSPS,SF01B,OPTAA
CE04OSPS-SF01B-3B-OPTAAD105,a_reference_counts,a_reference_counts,,,L0,counts,CE04OSPS,SF01B,OPTAA
CE04OSPS-SF01B-3B-OPTAAD105,c_signal_counts,c_signal_counts,,,L0,counts,CE04OSPS,SF01B,OPTAA
CE04OSPS-SF01B-3B-OPTAAD105,a_signal_counts,a_signal_counts,,,L0,counts,CE04OSPS,SF01B,OPTAA
CE04OSPS-SF01B-3B-OPTAAD105,persistor_cf_serial_number,persistor_cf_serial_number,,,,1,CE04OSPS,SF01B,OPTAA
CE04OSPS-SF01B-3B-OPTAAD105,persistor_cf_bios_version,persistor_cf_bios_version,,,,1,CE04OSPS,SF01B,OPTAA
CE04OSPS-SF01B-3B-OPTAAD105,persistor_cf_picodos_version,persistor_cf_picodos_version,,,,1,CE04OSPS,SF01B,OPTAA
CE04OSPS-SF01B-3B-OPTAAD105,checksum,checksum,,,,1,CE04OSPS,SF01B,OPTAA
CE04OSPS-SF01B-3B-OPTAAD105,beam_attenuation,beam_attenuation,0,100,L2,m-1,CE04OSPS,SF01B,OPTAA
CE04OSPS-SF01B-3B-OPTAAD105,optical_absorption,optical_absorption,0,100,L2,m-1,CE04OSPS,SF01B,OPTAA
CE04OSPS-SF01B-3C-PARADA102,port_timestamp,port_timestamp,,,ENG,seconds since 1900-01-01,CE04OSPS,SF01B,PARAD
CE04OSPS-SF01B-3C-PARADA102,driver_timestamp,driver_timestamp,,,ENG,seconds since 1900-01-01,CE04OSPS,SF01B,PARAD
CE04OSPS-SF01B-3C-PARADA102,internal_timestamp,internal_timestamp,,,ENG,seconds since 1900-01-01,CE04OSPS,SF01B,PARAD
CE04OSPS-SF01B-3C-PARADA102,checksum,checksum,,,ENG,1,CE04OSPS,SF01B,PARAD
CE04OSPS-SF01B-3C-PARADA102,par,par,,,L0,counts,CE04OSPS,SF01B,PARAD
CE04OSPS-SF01B-3C-PARADA102,par_counts_output,par_counts_output,0,2500,L1,umol photons m-2 s-1,CE04OSPS,SF01B,PARAD
CE04OSPS-SF01B-3C-PARADA102,parad_telbaud,parad_telbaud,,,ENG,bps,CE04OSPS,SF01B,PARAD
CE04OSPS-SF01B-3C-PARADA102,parad_maxrate,parad_maxrate,,,ENG,Hz,CE04OSPS,SF01B,PARAD
CE04OSPS-SF01B-3C-PARADA102,parad_firmware,parad_firmware,,,ENG,1,CE04OSPS,SF01B,PARAD
CE04OSPS-SF01B-3C-PARADA102,parad_type,parad_type,,,ENG,1,CE04OSPS,SF01B,PARAD
CE04OSPS-SF01B-3C-PARADA102,elapsed_time,elapsed_time,,,ENG,s,CE04OSPS,SF01B,PARAD
CE04OSPS-SF01B-3C-PARADA102,serial_number,serial_number,,,ENG,1,CE04OSPS,SF01B,PARAD
CE04OSPS-SF01B-3C-PARADA102,time,time,,,ENG,seconds since 1900-01-01,CE04OSPS,SF01B,PARAD
CE04OSPS-SF01B-3C-PARADA102,ingestion_timestamp,ingestion_timestamp,,,ENG,seconds since 1900-01-01,CE04OSPS,SF01B,PARAD
CE04OSPS-SF01B-3D-SPKIRA102,port_timestamp,port_timestamp,,,,seconds since 1900-01-01,CE04OSPS,SF01B,SPKIR
CE04OSPS-SF01B-3D-SPKIRA102,instrument_id,instrument_id,,,,1,CE04OSPS,SF01B,SPKIR
CE04OSPS-SF01B-3D-SPKIRA102,timer,timer,,,,s,CE04OSPS,SF01B,SPKIR
CE04OSPS-SF01B-3D-SPKIRA102,sample_delay,sample_delay,,,,ms,CE04OSPS,SF01B,SPKIR
CE04OSPS-SF01B-3D-SPKIRA102,spkir_samples,spkir_samples,,,L0,counts,CE04OSPS,SF01B,SPKIR
CE04OSPS-SF01B-3D-SPKIRA102,driver_timestamp,driver_timestamp,,,,seconds since 1900-01-01,CE04OSPS,SF01B,SPKIR
CE04OSPS-SF01B-3D-SPKIRA102,vin_sense,vin_sense,,,,counts,CE04OSPS,SF01B,SPKIR
CE04OSPS-SF01B-3D-SPKIRA102,va_sense,va_sense,,,,counts,CE04OSPS,SF01B,SPKIR
CE04OSPS-SF01B-3D-SPKIRA102,internal_temperature,internal_temperature,,,,counts,CE04OSPS,SF01B,SPKIR
CE04OSPS-SF01B-3D-SPKIRA102,frame_counter,frame_counter,,,,counts,CE04OSPS,SF01B,SPKIR
CE04OSPS-SF01B-3D-SPKIRA102,checksum,checksum,,,,,CE04OSPS,SF01B,SPKIR
CE04OSPS-SF01B-3D-SPKIRA102,telemetry_baud_rate,telemetry_baud_rate,,,,bps,CE04OSPS,SF01B,SPKIR
CE04OSPS-SF01B-3D-SPKIRA102,max_frame_rate,max_frame_rate,,,,Hz,CE04OSPS,SF01B,SPKIR
CE04OSPS-SF01B-3D-SPKIRA102,initialize_silent_mode,initialize_silent_mode,,,,1,CE04OSPS,SF01B,SPKIR
CE04OSPS-SF01B-3D-SPKIRA102,initialize_power_down,initialize_power_down,,,,1,CE04OSPS,SF01B,SPKIR
CE04OSPS-SF01B-3D-SPKIRA102,initialize_auto_telemetry,initialize_auto_telemetry,,,,1,CE04OSPS,SF01B,SPKIR
CE04OSPS-SF01B-3D-SPKIRA102,network_mode,network_mode,,,,1,CE04OSPS,SF01B,SPKIR
CE04OSPS-SF01B-3D-SPKIRA102,network_address,network_address,,,,1,CE04OSPS,SF01B,SPKIR
CE04OSPS-SF01B-3D-SPKIRA102,network_baud_rate,network_baud_rate,,,,bps,CE04OSPS,SF01B,SPKIR
CE04OSPS-SF01B-3D-SPKIRA102,internal_timestamp,internal_timestamp,,,,seconds since 1900-01-01,CE04OSPS,SF01B,SPKIR
CE04OSPS-SF01B-3D-SPKIRA102,spkir_a_firmware_version,spkir_a_firmware_version,,,,1,CE04OSPS,SF01B,SPKIR
CE04OSPS-SF01B-3D-SPKIRA102,spkir_downwelling_vector,spkir_downwelling_vector,0,300,L1,uW cm-2 nm-1,CE04OSPS,SF01B,SPKIR
CE04OSPS-SF01B-3D-SPKIRA102,serial_number,serial_number,,,,1,CE04OSPS,SF01B,SPKIR
CE04OSPS-SF01B-3D-SPKIRA102,checksum,checksum,,,,1,CE04OSPS,SF01B,SPKIR
CE04OSPS-SF01B-4A-NUTNRA102,port_timestamp,port_timestamp,,,ENG,seconds since 1900-01-01,CE04OSPS,SF01B,NUTNR
CE04OSPS-SF01B-4A-NUTNRA102,driver_timestamp,driver_timestamp,,,ENG,seconds since 1900-01-01,CE04OSPS,SF01B,NUTNR
CE04OSPS-SF01B-4A-NUTNRA102,internal_timestamp,internal_timestamp,,,ENG,seconds since 1900-01-01,CE04OSPS,SF01B,NUTNR
CE04OSPS-SF01B-4A-NUTNRA102,preferred_timestamp,preferred_timestamp,,,ENG,1,CE04OSPS,SF01B,NUTNR
CE04OSPS-SF01B-4A-NUTNRA102,nutnr_nitrogen_in_nitrate,nutnr_nitrogen_in_nitrate,,,ENG,mg/L,CE04OSPS,SF01B,NUTNR
CE04OSPS-SF01B-4A-NUTNRA102,nutnr_absorbance_at_254_nm,nutnr_absorbance_at_254_nm,,,ENG,1,CE04OSPS,SF01B,NUTNR
CE04OSPS-SF01B-4A-NUTNRA102,nutnr_absorbance_at_350_nm,nutnr_absorbance_at_350_nm,,,ENG,1,CE04OSPS,SF01B,NUTNR
CE04OSPS-SF01B-4A-NUTNRA102,nutnr_bromide_trace,nutnr_bromide_trace,,,ENG,mg/L,CE04OSPS,SF01B,NUTNR
CE04OSPS-SF01B-4A-NUTNRA102,nutnr_spectrum_average,nutnr_spectrum_average,,,ENG,1,CE04OSPS,SF01B,NUTNR
CE04OSPS-SF01B-4A-NUTNRA102,nutnr_dark_value_used_for_fit,nutnr_dark_value_used_for_fit,,,ENG,1,CE04OSPS,SF01B,NUTNR
CE04OSPS-SF01B-4A-NUTNRA102,nutnr_integration_time_factor,nutnr_integration_time_factor,,,ENG,1,CE04OSPS,SF01B,NUTNR
CE04OSPS-SF01B-4A-NUTNRA102,nutnr_voltage_int,nutnr_voltage_int,,,ENG,V,CE04OSPS,SF01B,NUTNR
CE04OSPS-SF01B-4A-NUTNRA102,nutnr_current_main,nutnr_current_main,,,ENG,mA,CE04OSPS,SF01B,NUTNR
CE04OSPS-SF01B-4A-NUTNRA102,nutnr_fit_base_1,nutnr_fit_base_1,,,ENG,1,CE04OSPS,SF01B,NUTNR
CE04OSPS-SF01B-4A-NUTNRA102,nutnr_fit_base_2,nutnr_fit_base_2,,,ENG,1,CE04OSPS,SF01B,NUTNR
CE04OSPS-SF01B-4A-NUTNRA102,nutnr_fit_rmse,nutnr_fit_rmse,,,ENG,1,CE04OSPS,SF01B,NUTNR
CE04OSPS-SF01B-4A-NUTNRA102,nutnr_sensor_type,nutnr_sensor_type,,,ENG,1,CE04OSPS,SF01B,NUTNR
CE04OSPS-SF01B-4A-NUTNRA102,nutnr_sensor_version,nutnr_sensor_version,,,ENG,1,CE04OSPS,SF01B,NUTNR
CE04OSPS-SF01B-4A-NUTNRA102,nutnr_integrated_wiper,nutnr_integrated_wiper,,,ENG,1,CE04OSPS,SF01B,NUTNR
CE04OSPS-SF01B-4A-NUTNRA102,nutnr_ext_power_port,nutnr_ext_power_port,,,ENG,1,CE04OSPS,SF01B,NUTNR
CE04OSPS-SF01B-4A-NUTNRA102,nutnr_lamp_shutter,nutnr_lamp_shutter,,,ENG,1,CE04OSPS,SF01B,NUTNR
CE04OSPS-SF01B-4A-NUTNRA102,nutnr_reference_detector,nutnr_reference_detector,,,ENG,1,CE04OSPS,SF01B,NUTNR
CE04OSPS-SF01B-4A-NUTNRA102,nutnr_wiper_protector,nutnr_wiper_protector,,,ENG,1,CE04OSPS,SF01B,NUTNR
CE04OSPS-SF01B-4A-NUTNRA102,nutnr_super_capacitors,nutnr_super_capacitors,,,ENG,1,CE04OSPS,SF01B,NUTNR
CE04OSPS-SF01B-4A-NUTNRA102,nutnr_psb_supervisor,nutnr_psb_supervisor,,,ENG,1,CE04OSPS,SF01B,NUTNR
CE04OSPS-SF01B-4A-NUTNRA102,nutnr_usb_communication,nutnr_usb_communication,,,ENG,1,CE04OSPS,SF01B,NUTNR
CE04OSPS-SF01B-4A-NUTNRA102,nutnr_relay_module,nutnr_relay_module,,,ENG,1,CE04OSPS,SF01B,NUTNR
CE04OSPS-SF01B-4A-NUTNRA102,nutnr_sdi12_interface,nutnr_sdi12_interface,,,ENG,1,CE04OSPS,SF01B,NUTNR
CE04OSPS-SF01B-4A-NUTNRA102,nutnr_analog_output,nutnr_analog_output,,,ENG,1,CE04OSPS,SF01B,NUTNR
CE04OSPS-SF01B-4A-NUTNRA102,nutnr_int_data_logging,nutnr_int_data_logging,,,ENG,1,CE04OSPS,SF01B,NUTNR
CE04OSPS-SF01B-4A-NUTNRA102,nutnr_apf_interface,nutnr_apf_interface,,,ENG,1,CE04OSPS,SF01B,NUTNR
CE04OSPS-SF01B-4A-NUTNRA102,nutnr_scheduling,nutnr_scheduling,,,ENG,1,CE04OSPS,SF01B,NUTNR
CE04OSPS-SF01B-4A-NUTNRA102,nutnr_lamp_fan,nutnr_lamp_fan,,,ENG,1,CE04OSPS,SF01B,NUTNR
CE04OSPS-SF01B-4A-NUTNRA102,nutnr_sensor_address_lamp_temp,nutnr_sensor_address_lamp_temp,,,ENG,1,CE04OSPS,SF01B,NUTNR
CE04OSPS-SF01B-4A-NUTNRA102,nutnr_sensor_address_spec_temp,nutnr_sensor_address_spec_temp,,,ENG,1,CE04OSPS,SF01B,NUTNR
CE04OSPS-SF01B-4A-NUTNRA102,nutnr_sensor_address_hous_temp,nutnr_sensor_address_hous_temp,,,ENG,1,CE04OSPS,SF01B,NUTNR
CE04OSPS-SF01B-4A-NUTNRA102,nutnr_serial_number_spec,nutnr_serial_number_spec,,,ENG,1,CE04OSPS,SF01B,NUTNR
CE04OSPS-SF01B-4A-NUTNRA102,nutnr_serial_number_lamp,nutnr_serial_number_lamp,,,ENG,1,CE04OSPS,SF01B,NUTNR
CE04OSPS-SF01B-4A-NUTNRA102,nutnr_stupstus,nutnr_stupstus,,,ENG,1,CE04OSPS,SF01B,NUTNR
CE04OSPS-SF01B-4A-NUTNRA102,nutnr_output_dark_frame,nutnr_output_dark_frame,,,ENG,1,CE04OSPS,SF01B,NUTNR
CE04OSPS-SF01B-4A-NUTNRA102,nutnr_logging_dark_frame,nutnr_logging_dark_frame,,,ENG,1,CE04OSPS,SF01B,NUTNR
CE04OSPS-SF01B-4A-NUTNRA102,nutnr_timeresl,nutnr_timeresl,,,ENG,1,CE04OSPS,SF01B,NUTNR
CE04OSPS-SF01B-4A-NUTNRA102,nutnr_log_file_type,nutnr_log_file_type,,,ENG,1,CE04OSPS,SF01B,NUTNR
CE04OSPS-SF01B-4A-NUTNRA102,nutnr_acqcount,nutnr_acqcount,,,ENG,counts,CE04OSPS,SF01B,NUTNR
CE04OSPS-SF01B-4A-NUTNRA102,nutnr_cntcount,nutnr_cntcount,,,ENG,counts,CE04OSPS,SF01B,NUTNR
CE04OSPS-SF01B-4A-NUTNRA102,nutnr_dac_nitrate_min,nutnr_dac_nitrate_min,,,ENG,uMol,CE04OSPS,SF01B,NUTNR
CE04OSPS-SF01B-4A-NUTNRA102,nutnr_dac_nitrate_max,nutnr_dac_nitrate_max,,,ENG,uMol,CE04OSPS,SF01B,NUTNR
CE04OSPS-SF01B-4A-NUTNRA102,nutnr_data_wavelength_low,nutnr_data_wavelength_low,,,ENG,nm,CE04OSPS,SF01B,NUTNR
CE04OSPS-SF01B-4A-NUTNRA102,nutnr_msg_level,nutnr_msg_level,,,ENG,1,CE04OSPS,SF01B,NUTNR
CE04OSPS-SF01B-4A-NUTNRA102,nutnr_msg_file_size,nutnr_msg_file_size,,,ENG,MB,CE04OSPS,SF01B,NUTNR
CE04OSPS-SF01B-4A-NUTNRA102,nutnr_data_file_size,nutnr_data_file_size,,,ENG,MB,CE04OSPS,SF01B,NUTNR
CE04OSPS-SF01B-4A-NUTNRA102,nutnr_output_frame_type,nutnr_output_frame_type,,,ENG,1,CE04OSPS,SF01B,NUTNR
CE04OSPS-SF01B-4A-NUTNRA102,nutnr_logging_frame_type,nutnr_logging_frame_type,,,ENG,1,CE04OSPS,SF01B,NUTNR
CE04OSPS-SF01B-4A-NUTNRA102,nutnr_data_wavelength_high,nutnr_data_wavelength_high,,,ENG,nm,CE04OSPS,SF01B,NUTNR
CE04OSPS-SF01B-4A-NUTNRA102,nutnr_sdi12_address,nutnr_sdi12_address,,,ENG,1,CE04OSPS,SF01B,NUTNR
CE04OSPS-SF01B-4A-NUTNRA102,nutnr_data_mode,nutnr_data_mode,,,ENG,1,CE04OSPS,SF01B,NUTNR
CE04OSPS-SF01B-4A-NUTNRA102,nutnr_operating_mode,nutnr_operating_mode,,,ENG,1,CE04OSPS,SF01B,NUTNR
CE04OSPS-SF01B-4A-NUTNRA102,nutnr_operation_ctrl,nutnr_operation_ctrl,,,ENG,1,CE04OSPS,SF01B,NUTNR
CE04OSPS-SF01B-4A-NUTNRA102,nutnr_extl_dev,nutnr_extl_dev,,,ENG,1,CE04OSPS,SF01B,NUTNR
CE04OSPS-SF01B-4A-NUTNRA102,nutnr_ext_dev_prerun_time,nutnr_ext_dev_prerun_time,,,ENG,s,CE04OSPS,SF01B,NUTNR
CE04OSPS-SF01B-4A-NUTNRA102,nutnr_ext_dev_during_acq,nutnr_ext_dev_during_acq,,,ENG,1,CE04OSPS,SF01B,NUTNR
CE04OSPS-SF01B-4A-NUTNRA102,nutnr_watchdog_timer,nutnr_watchdog_timer,,,ENG,1,CE04OSPS,SF01B,NUTNR
CE04OSPS-SF01B-4A-NUTNRA102,nutnr_countdown,nutnr_countdown,,,ENG,s,CE04OSPS,SF01B,NUTNR
CE04OSPS-SF01B-4A-NUTNRA102,nutnr_fixed_time_duration,nutnr_fixed_time_duration,,,ENG,s,CE04OSPS,SF01B,NUTNR
CE04OSPS-SF01B-4A-NUTNRA102,nutnr_periodic_interval,nutnr_periodic_interval,,,ENG,1,CE04OSPS,SF01B,NUTNR
CE04OSPS-SF01B-4A-NUTNRA102,nutnr_periodic_offset,nutnr_periodic_offset,,,ENG,counts,CE04OSPS,SF01B,NUTNR
CE04OSPS-SF01B-4A-NUTNRA102,nutnr_periodic_duration,nutnr_periodic_duration,,,ENG,s,CE04OSPS,SF01B,NUTNR
CE04OSPS-SF01B-4A-NUTNRA102,nutnr_periodic_samples,nutnr_periodic_samples,,,ENG,counts,CE04OSPS,SF01B,NUTNR
CE04OSPS-SF01B-4A-NUTNRA102,nutnr_polled_timeout,nutnr_polled_timeout,,,ENG,s,CE04OSPS,SF01B,NUTNR
CE04OSPS-SF01B-4A-NUTNRA102,nutnr_apf_timeout,nutnr_apf_timeout,,,ENG,s,CE04OSPS,SF01B,NUTNR
CE04OSPS-SF01B-4A-NUTNRA102,nutnr_lamp_stability_time,nutnr_lamp_stability_time,,,ENG,ds,CE04OSPS,SF01B,NUTNR
CE04OSPS-SF01B-4A-NUTNRA102,nutnr_ref_min_lamp_on,nutnr_ref_min_lamp_on,,,ENG,s,CE04OSPS,SF01B,NUTNR
CE04OSPS-SF01B-4A-NUTNRA102,nutnr_skip_sleep,nutnr_skip_sleep,,,ENG,1,CE04OSPS,SF01B,NUTNR
CE04OSPS-SF01B-4A-NUTNRA102,nutnr_lamp_switchoff_temp,nutnr_lamp_switchoff_temp,,,ENG,deg_C,CE04OSPS,SF01B,NUTNR
CE04OSPS-SF01B-4A-NUTNRA102,nutnr_spec_integration_period,nutnr_spec_integration_period,,,ENG,ms,CE04OSPS,SF01B,NUTNR
CE04OSPS-SF01B-4A-NUTNRA102,nutnr_dark_avg,nutnr_dark_avg,,,ENG,1,CE04OSPS,SF01B,NUTNR
CE04OSPS-SF01B-4A-NUTNRA102,nutnr_light_avg,nutnr_light_avg,,,ENG,1,CE04OSPS,SF01B,NUTNR
CE04OSPS-SF01B-4A-NUTNRA102,nutnr_reference_samples,nutnr_reference_samples,,,ENG,1,CE04OSPS,SF01B,NUTNR
CE04OSPS-SF01B-4A-NUTNRA102,nutnr_dark_samples,nutnr_dark_samples,,,ENG,1,CE04OSPS,SF01B,NUTNR
CE04OSPS-SF01B-4A-NUTNRA102,nutnr_light_samples,nutnr_light_samples,,,ENG,1,CE04OSPS,SF01B,NUTNR
CE04OSPS-SF01B-4A-NUTNRA102,nutnr_dark_duration,nutnr_dark_duration,,,ENG,s,CE04OSPS,SF01B,NUTNR
CE04OSPS-SF01B-4A-NUTNRA102,nutnr_light_duration,nutnr_light_duration,,,ENG,s,CE04OSPS,SF01B,NUTNR
CE04OSPS-SF01B-4A-NUTNRA102,nutnr_temp_comp,nutnr_temp_comp,,,ENG,1,CE04OSPS,SF01B,NUTNR
CE04OSPS-SF01B-4A-NUTNRA102,nutnr_salinity_fit,nutnr_salinity_fit,,,ENG,1,CE04OSPS,SF01B,NUTNR
CE04OSPS-SF01B-4A-NUTNRA102,nutnr_bromide_tracing,nutnr_bromide_tracing,,,ENG,1,CE04OSPS,SF01B,NUTNR
CE04OSPS-SF01B-4A-NUTNRA102,nutnr_baseline_order,nutnr_baseline_order,,,ENG,1,CE04OSPS,SF01B,NUTNR
CE04OSPS-SF01B-4A-NUTNRA102,nutnr_concentrations_fit,nutnr_concentrations_fit,,,ENG,1,CE04OSPS,SF01B,NUTNR
CE04OSPS-SF01B-4A-NUTNRA102,nutnr_dark_corr_method,nutnr_dark_corr_method,,,ENG,1,CE04OSPS,SF01B,NUTNR
CE04OSPS-SF01B-4A-NUTNRA102,nutnr_dark_coefs,nutnr_dark_coefs,,,ENG,1,CE04OSPS,SF01B,NUTNR
CE04OSPS-SF01B-4A-NUTNRA102,nutnr_davgprm0,nutnr_davgprm0,,,ENG,1,CE04OSPS,SF01B,NUTNR
CE04OSPS-SF01B-4A-NUTNRA102,nutnr_davgprm1,nutnr_davgprm1,,,ENG,1,CE04OSPS,SF01B,NUTNR
CE04OSPS-SF01B-4A-NUTNRA102,nutnr_davgprm2,nutnr_davgprm2,,,ENG,1,CE04OSPS,SF01B,NUTNR
CE04OSPS-SF01B-4A-NUTNRA102,nutnr_davgprm3,nutnr_davgprm3,,,ENG,1,CE04OSPS,SF01B,NUTNR
CE04OSPS-SF01B-4A-NUTNRA102,nutnr_absorbance_cutoff,nutnr_absorbance_cutoff,,,ENG,1,CE04OSPS,SF01B,NUTNR
CE04OSPS-SF01B-4A-NUTNRA102,nutnr_int_time_adj,nutnr_int_time_adj,,,ENG,1,CE04OSPS,SF01B,NUTNR
CE04OSPS-SF01B-4A-NUTNRA102,nutnr_int_time_factor,nutnr_int_time_factor,,,ENG,s,CE04OSPS,SF01B,NUTNR
CE04OSPS-SF01B-4A-NUTNRA102,nutnr_int_time_step,nutnr_int_time_step,,,ENG,s,CE04OSPS,SF01B,NUTNR
CE04OSPS-SF01B-4A-NUTNRA102,nutnr_int_time_max,nutnr_int_time_max,,,ENG,s,CE04OSPS,SF01B,NUTNR
CE04OSPS-SF01B-4A-NUTNRA102,nutnr_fit_wavelength_low,nutnr_fit_wavelength_low,,,ENG,nm,CE04OSPS,SF01B,NUTNR
CE04OSPS-SF01B-4A-NUTNRA102,nutnr_fit_wavelength_high,nutnr_fit_wavelength_high,,,ENG,nm,CE04OSPS,SF01B,NUTNR
CE04OSPS-SF01B-4A-NUTNRA102,nutnr_lamp_time,nutnr_lamp_time,,,ENG,s,CE04OSPS,SF01B,NUTNR
CE04OSPS-SF01B-4A-NUTNRA102,nutnr_activecalfile,nutnr_activecalfile,,,ENG,1,CE04OSPS,SF01B,NUTNR
CE04OSPS-SF01B-4A-NUTNRA102,nutnr_external_disk_size,nutnr_external_disk_size,,,ENG,MB,CE04OSPS,SF01B,NUTNR
CE04OSPS-SF01B-4A-NUTNRA102,nutnr_external_disk_free,nutnr_external_disk_free,,,ENG,MB,CE04OSPS,SF01B,NUTNR
CE04OSPS-SF01B-4A-NUTNRA102,nutnr_internal_disk_size,nutnr_internal_disk_size,,,ENG,MB,CE04OSPS,SF01B,NUTNR
CE04OSPS-SF01B-4A-NUTNRA102,nutnr_internal_disk_free,nutnr_internal_disk_free,,,ENG,MB,CE04OSPS,SF01B,NUTNR
CE04OSPS-SF01B-4A-NUTNRA102,nutnr_electrical_mn,nutnr_electrical_mn,,,ENG,V,CE04OSPS,SF01B,NUTNR
CE04OSPS-SF01B-4A-NUTNRA102,nutnr_electrical_bd,nutnr_electrical_bd,,,ENG,V,CE04OSPS,SF01B,NUTNR
CE04OSPS-SF01B-4A-NUTNRA102,nutnr_electrical_pr,nutnr_electrical_pr,,,ENG,V,CE04OSPS,SF01B,NUTNR
CE04OSPS-SF01B-4A-NUTNRA102,nutnr_electrical_c,nutnr_electrical_c,,,ENG,mA,CE04OSPS,SF01B,NUTNR
CE04OSPS-SF01B-4A-NUTNRA102,nutnr_lamp_power,nutnr_lamp_power,,,ENG,mW,CE04OSPS,SF01B,NUTNR
CE04OSPS-SF01B-4A-NUTNRA102,nutnr_spec_dark_av,nutnr_spec_dark_av,,,ENG,counts,CE04OSPS,SF01B,NUTNR
CE04OSPS-SF01B-4A-NUTNRA102,nutnr_spec_dark_sd,nutnr_spec_dark_sd,,,ENG,counts,CE04OSPS,SF01B,NUTNR
CE04OSPS-SF01B-4A-NUTNRA102,nutnr_spec_dark_mi,nutnr_spec_dark_mi,,,ENG,counts,CE04OSPS,SF01B,NUTNR
CE04OSPS-SF01B-4A-NUTNRA102,nutnr_spec_dark_ma,nutnr_spec_dark_ma,,,ENG,counts,CE04OSPS,SF01B,NUTNR
CE04OSPS-SF01B-4A-NUTNRA102,nutnr_spec_lght_av,nutnr_spec_lght_av,,,ENG,counts,CE04OSPS,SF01B,NUTNR
CE04OSPS-SF01B-4A-NUTNRA102,nutnr_spec_lght_sd,nutnr_spec_lght_sd,,,ENG,counts,CE04OSPS,SF01B,NUTNR
CE04OSPS-SF01B-4A-NUTNRA102,nutnr_spec_lght_mi,nutnr_spec_lght_mi,,,ENG,counts,CE04OSPS,SF01B,NUTNR
CE04OSPS-SF01B-4A-NUTNRA102,nutnr_spec_lght_ma,nutnr_spec_lght_ma,,,ENG,counts,CE04OSPS,SF01B,NUTNR
CE04OSPS-SF01B-4A-NUTNRA102,nutnr_test_result,nutnr_test_result,,,ENG,1,CE04OSPS,SF01B,NUTNR
CE04OSPS-SF01B-4A-NUTNRA102,temp_sal_corrected_nitrate,temp_sal_corrected_nitrate,0,40,L2,umol L-1,CE04OSPS,SF01B,NUTNR
CE04OSPS-SF01B-4A-NUTNRA102,baud_rate,baud_rate,,,ENG,Bd,CE04OSPS,SF01B,NUTNR
CE04OSPS-SF01B-4A-NUTNRA102,frame_type,frame_type,,,ENG,1,CE04OSPS,SF01B,NUTNR
CE04OSPS-SF01B-4A-NUTNRA102,serial_number,serial_number,,,ENG,1,CE04OSPS,SF01B,NUTNR
CE04OSPS-SF01B-4A-NUTNRA102,date_of_sample,date_of_sample,,,ENG,1,CE04OSPS,SF01B,NUTNR
CE04OSPS-SF01B-4A-NUTNRA102,time_of_sample,time_of_sample,,,ENG,h,CE04OSPS,SF01B,NUTNR
CE04OSPS-SF01B-4A-NUTNRA102,nitrate_concentration,nitrate_concentration,0,40,L1,umol L-1,CE04OSPS,SF01B,NUTNR
CE04OSPS-SF01B-4A-NUTNRA102,aux_fitting_1,aux_fitting_1,,,ENG,1,CE04OSPS,SF01B,NUTNR
CE04OSPS-SF01B-4A-NUTNRA102,aux_fitting_2,aux_fitting_2,,,ENG,1,CE04OSPS,SF01B,NUTNR
CE04OSPS-SF01B-4A-NUTNRA102,temp_interior,temp_interior,,,ENG,deg_C,CE04OSPS,SF01B,NUTNR
CE04OSPS-SF01B-4A-NUTNRA102,temp_spectrometer,temp_spectrometer,,,ENG,deg_C,CE04OSPS,SF01B,NUTNR
CE04OSPS-SF01B-4A-NUTNRA102,temp_lamp,temp_lamp,,,ENG,deg_C,CE04OSPS,SF01B,NUTNR
CE04OSPS-SF01B-4A-NUTNRA102,humidity,humidity,,,ENG,%,CE04OSPS,SF01B,NUTNR
CE04OSPS-SF01B-4A-NUTNRA102,voltage_lamp,voltage_lamp,,,ENG,V,CE04OSPS,SF01B,NUTNR
CE04OSPS-SF01B-4A-NUTNRA102,voltage_main,voltage_main,,,ENG,V,CE04OSPS,SF01B,NUTNR
CE04OSPS-SF01B-4A-NUTNRA102,spectral_channels,spectral_channels,,,L0,counts,CE04OSPS,SF01B,NUTNR
CE04OSPS-SF01B-4A-NUTNRA102,checksum,checksum,,,ENG,1,CE04OSPS,SF01B,NUTNR
CE04OSPS-SF01B-4A-NUTNRA102,lamp_time,lamp_time,,,ENG,s,CE04OSPS,SF01B,NUTNR
CE04OSPS-SF01B-4A-NUTNRA102,time,time,,,ENG,seconds since 1900-01-01,CE04OSPS,SF01B,NUTNR
CE04OSPS-SF01B-4A-NUTNRA102,ingestion_timestamp,ingestion_timestamp,,,ENG,seconds since 1900-01-01,CE04OSPS,SF01B,NUTNR
CE04OSPS-SF01B-4B-VELPTD106,port_timestamp,port_timestamp,,,ENG,seconds since 1900-01-01,CE04OSPS,SF01B,VELPT
CE04OSPS-SF01B-4B-VELPTD106,transmit_pulse_length_2nd,transmit_pulse_length_2nd,,,ENG,counts,CE04OSPS,SF01B,VELPT
CE04OSPS-SF01B-4B-VELPTD106,driver_timestamp,driver_timestamp,,,ENG,seconds since 1900-01-01,CE04OSPS,SF01B,VELPT
CE04OSPS-SF01B-4B-VELPTD106,firmware_version,firmware_version,,,ENG,1,CE04OSPS,SF01B,VELPT
CE04OSPS-SF01B-4B-VELPTD106,preferred_timestamp,preferred_timestamp,,,ENG,1,CE04OSPS,SF01B,VELPT
CE04OSPS-SF01B-4B-VELPTD106,velpt_d_eastward_velocity,velpt_d_eastward_velocity,-3,3,L1,m s-1,CE04OSPS,SF01B,VELPT
CE04OSPS-SF01B-4B-VELPTD106,velpt_d_northward_velocity,velpt_d_northward_velocity,-3,3,L1,m s-1,CE04OSPS,SF01B,VELPT
CE04OSPS-SF01B-4B-VELPTD106,velpt_d_upward_velocity,velpt_d_upward_velocity,-1,1,L1,m s-1,CE04OSPS,SF01B,VELPT
CE04OSPS-SF01B-4B-VELPTD106,battery_voltage_dv,battery_voltage_dv,,,ENG,dV,CE04OSPS,SF01B,VELPT
CE04OSPS-SF01B-4B-VELPTD106,sound_speed_dms,sound_speed_dms,,,ENG,0.1 m s-1,CE04OSPS,SF01B,VELPT
CE04OSPS-SF01B-4B-VELPTD106,heading_decidegree,heading_decidegree,,,ENG,0.1 Degrees,CE04OSPS,SF01B,VELPT
CE04OSPS-SF01B-4B-VELPTD106,roll_decidegree,roll_decidegree,,,ENG,0.1 Degrees,CE04OSPS,SF01B,VELPT
CE04OSPS-SF01B-4B-VELPTD106,pitch_decidegree,pitch_decidegree,,,ENG,0.1 Degrees,CE04OSPS,SF01B,VELPT
CE04OSPS-SF01B-4B-VELPTD106,temperature_centidegree,temperature_centidegree,,,ENG,0.01 DegC,CE04OSPS,SF01B,VELPT
CE04OSPS-SF01B-4B-VELPTD106,pressure_mbar,pressure_mbar,,,L1,0.001 dbar,CE04OSPS,SF01B,VELPT
CE04OSPS-SF01B-4B-VELPTD106,error_code,error_code,,,ENG,1,CE04OSPS,SF01B,VELPT
CE04OSPS-SF01B-4B-VELPTD106,analog1,analog1,,,ENG,1,CE04OSPS,SF01B,VELPT
CE04OSPS-SF01B-4B-VELPTD106,status,status,,,ENG,1,CE04OSPS,SF01B,VELPT
CE04OSPS-SF01B-4B-VELPTD106,velocity_beam1,velocity_beam1,,,L0,mm s-1,CE04OSPS,SF01B,VELPT
CE04OSPS-SF01B-4B-VELPTD106,velocity_beam2,velocity_beam2,,,L0,mm s-1,CE04OSPS,SF01B,VELPT
CE04OSPS-SF01B-4B-VELPTD106,velocity_beam3,velocity_beam3,,,L0,mm s-1,CE04OSPS,SF01B,VELPT
CE04OSPS-SF01B-4B-VELPTD106,amplitude_beam1,amplitude_beam1,,,ENG,counts,CE04OSPS,SF01B,VELPT
CE04OSPS-SF01B-4B-VELPTD106,amplitude_beam2,amplitude_beam2,,,ENG,counts,CE04OSPS,SF01B,VELPT
CE04OSPS-SF01B-4B-VELPTD106,amplitude_beam3,amplitude_beam3,,,ENG,counts,CE04OSPS,SF01B,VELPT
CE04OSPS-SF01B-4B-VELPTD106,instrmt_type_serial_number,instrmt_type_serial_number,,,ENG,1,CE04OSPS,SF01B,VELPT
CE04OSPS-SF01B-4B-VELPTD106,recorder_installed,recorder_installed,,,ENG,1,CE04OSPS,SF01B,VELPT
CE04OSPS-SF01B-4B-VELPTD106,compass_installed,compass_installed,,,ENG,1,CE04OSPS,SF01B,VELPT
CE04OSPS-SF01B-4B-VELPTD106,board_frequency,board_frequency,,,ENG,kHz,CE04OSPS,SF01B,VELPT
CE04OSPS-SF01B-4B-VELPTD106,pic_version,pic_version,,,ENG,1,CE04OSPS,SF01B,VELPT
CE04OSPS-SF01B-4B-VELPTD106,hardware_revision,hardware_revision,,,ENG,1,CE04OSPS,SF01B,VELPT
CE04OSPS-SF01B-4B-VELPTD106,recorder_size,recorder_size,,,ENG,bytes,CE04OSPS,SF01B,VELPT
CE04OSPS-SF01B-4B-VELPTD106,velocity_range,velocity_range,,,ENG,1,CE04OSPS,SF01B,VELPT
CE04OSPS-SF01B-4B-VELPTD106,pressure_sensor,pressure_sensor,,,ENG,1,CE04OSPS,SF01B,VELPT
CE04OSPS-SF01B-4B-VELPTD106,magnetometer_sensor,magnetometer_sensor,,,ENG,1,CE04OSPS,SF01B,VELPT
CE04OSPS-SF01B-4B-VELPTD106,tilt_sensor,tilt_sensor,,,ENG,1,CE04OSPS,SF01B,VELPT
CE04OSPS-SF01B-4B-VELPTD106,tilt_sensor_mounting,tilt_sensor_mounting,,,ENG,1,CE04OSPS,SF01B,VELPT
CE04OSPS-SF01B-4B-VELPTD106,head_frequency,head_frequency,,,ENG,kHz,CE04OSPS,SF01B,VELPT
CE04OSPS-SF01B-4B-VELPTD106,head_type,head_type,,,ENG,1,CE04OSPS,SF01B,VELPT
CE04OSPS-SF01B-4B-VELPTD106,head_serial_number,head_serial_number,,,ENG,1,CE04OSPS,SF01B,VELPT
CE04OSPS-SF01B-4B-VELPTD106,system_data,system_data,,,ENG,1,CE04OSPS,SF01B,VELPT
CE04OSPS-SF01B-4B-VELPTD106,number_beams,number_beams,,,ENG,1,CE04OSPS,SF01B,VELPT
CE04OSPS-SF01B-4B-VELPTD106,transmit_pulse_length,transmit_pulse_length,,,ENG,counts,CE04OSPS,SF01B,VELPT
CE04OSPS-SF01B-4B-VELPTD106,blanking_distance,blanking_distance,,,ENG,counts,CE04OSPS,SF01B,VELPT
CE04OSPS-SF01B-4B-VELPTD106,receive_length,receive_length,,,ENG,counts,CE04OSPS,SF01B,VELPT
CE04OSPS-SF01B-4B-VELPTD106,time_between_pings,time_between_pings,,,ENG,counts,CE04OSPS,SF01B,VELPT
CE04OSPS-SF01B-4B-VELPTD106,time_between_bursts,time_between_bursts,,,ENG,counts,CE04OSPS,SF01B,VELPT
CE04OSPS-SF01B-4B-VELPTD106,number_pings,number_pings,,,ENG,1,CE04OSPS,SF01B,VELPT
CE04OSPS-SF01B-4B-VELPTD106,average_interval,average_interval,,,ENG,s,CE04OSPS,SF01B,VELPT
CE04OSPS-SF01B-4B-VELPTD106,profile_type,profile_type,,,ENG,1,CE04OSPS,SF01B,VELPT
CE04OSPS-SF01B-4B-VELPTD106,mode_type,mode_type,,,ENG,1,CE04OSPS,SF01B,VELPT
CE04OSPS-SF01B-4B-VELPTD106,power_level_tcm1,power_level_tcm1,,,ENG,1,CE04OSPS,SF01B,VELPT
CE04OSPS-SF01B-4B-VELPTD106,power_level_tcm2,power_level_tcm2,,,ENG,1,CE04OSPS,SF01B,VELPT
CE04OSPS-SF01B-4B-VELPTD106,sync_out_position,sync_out_position,,,ENG,1,CE04OSPS,SF01B,VELPT
CE04OSPS-SF01B-4B-VELPTD106,sample_on_sync,sample_on_sync,,,ENG,1,CE04OSPS,SF01B,VELPT
CE04OSPS-SF01B-4B-VELPTD106,start_on_sync,start_on_sync,,,ENG,1,CE04OSPS,SF01B,VELPT
CE04OSPS-SF01B-4B-VELPTD106,power_level_pcr1,power_level_pcr1,,,ENG,1,CE04OSPS,SF01B,VELPT
CE04OSPS-SF01B-4B-VELPTD106,power_level_pcr2,power_level_pcr2,,,ENG,1,CE04OSPS,SF01B,VELPT
CE04OSPS-SF01B-4B-VELPTD106,compass_update_rate,compass_update_rate,,,ENG,Hz,CE04OSPS,SF01B,VELPT
CE04OSPS-SF01B-4B-VELPTD106,coordinate_system,coordinate_system,,,ENG,1,CE04OSPS,SF01B,VELPT
CE04OSPS-SF01B-4B-VELPTD106,number_cells,number_cells,,,ENG,1,CE04OSPS,SF01B,VELPT
CE04OSPS-SF01B-4B-VELPTD106,cell_size,cell_size,,,ENG,m,CE04OSPS,SF01B,VELPT
CE04OSPS-SF01B-4B-VELPTD106,measurement_interval,measurement_interval,,,ENG,s,CE04OSPS,SF01B,VELPT
CE04OSPS-SF01B-4B-VELPTD106,deployment_name,deployment_name,,,ENG,1,CE04OSPS,SF01B,VELPT
CE04OSPS-SF01B-4B-VELPTD106,wrap_mode,wrap_mode,,,ENG,1,CE04OSPS,SF01B,VELPT
CE04OSPS-SF01B-4B-VELPTD106,deployment_start_time,deployment_start_time,,,ENG,1,CE04OSPS,SF01B,VELPT
CE04OSPS-SF01B-4B-VELPTD106,diagnostics_interval,diagnostics_interval,,,ENG,s,CE04OSPS,SF01B,VELPT
CE04OSPS-SF01B-4B-VELPTD106,use_specified_sound_speed,use_specified_sound_speed,,,ENG,1,CE04OSPS,SF01B,VELPT
CE04OSPS-SF01B-4B-VELPTD106,diagnostics_mode_enable,diagnostics_mode_enable,,,ENG,1,CE04OSPS,SF01B,VELPT
CE04OSPS-SF01B-4B-VELPTD106,analog_output_enable,analog_output_enable,,,ENG,1,CE04OSPS,SF01B,VELPT
CE04OSPS-SF01B-4B-VELPTD106,output_format_nortek,output_format_nortek,,,ENG,1,CE04OSPS,SF01B,VELPT
CE04OSPS-SF01B-4B-VELPTD106,scaling,scaling,,,ENG,1,CE04OSPS,SF01B,VELPT
CE04OSPS-SF01B-4B-VELPTD106,serial_output_enable,serial_output_enable,,,ENG,1,CE04OSPS,SF01B,VELPT
CE04OSPS-SF01B-4B-VELPTD106,stage_enable,stage_enable,,,ENG,1,CE04OSPS,SF01B,VELPT
CE04OSPS-SF01B-4B-VELPTD106,analog_power_output,analog_power_output,,,ENG,1,CE04OSPS,SF01B,VELPT
CE04OSPS-SF01B-4B-VELPTD106,sound_speed_adjust_factor,sound_speed_adjust_factor,,,ENG,m s-1,CE04OSPS,SF01B,VELPT
CE04OSPS-SF01B-4B-VELPTD106,number_diagnostics_samples,number_diagnostics_samples,,,ENG,1,CE04OSPS,SF01B,VELPT
CE04OSPS-SF01B-4B-VELPTD106,number_beams_per_cell,number_beams_per_cell,,,ENG,1,CE04OSPS,SF01B,VELPT
CE04OSPS-SF01B-4B-VELPTD106,number_pings_diagnostic,number_pings_diagnostic,,,ENG,1,CE04OSPS,SF01B,VELPT
CE04OSPS-SF01B-4B-VELPTD106,use_dsp_filter,use_dsp_filter,,,ENG,1,CE04OSPS,SF01B,VELPT
CE04OSPS-SF01B-4B-VELPTD106,filter_data_output,filter_data_output,,,ENG,1,CE04OSPS,SF01B,VELPT
CE04OSPS-SF01B-4B-VELPTD106,analog_input_address,analog_input_address,,,ENG,1,CE04OSPS,SF01B,VELPT
CE04OSPS-SF01B-4B-VELPTD106,software_version,software_version,,,ENG,1,CE04OSPS,SF01B,VELPT
CE04OSPS-SF01B-4B-VELPTD106,velocity_adjustment_factor,velocity_adjustment_factor,,,ENG,1,CE04OSPS,SF01B,VELPT
CE04OSPS-SF01B-4B-VELPTD106,file_comments,file_comments,,,ENG,1,CE04OSPS,SF01B,VELPT
CE04OSPS-SF01B-4B-VELPTD106,wave_data_rate,wave_data_rate,,,ENG,Hz,CE04OSPS,SF01B,VELPT
CE04OSPS-SF01B-4B-VELPTD106,wave_cell_position,wave_cell_position,,,ENG,1,CE04OSPS,SF01B,VELPT
CE04OSPS-SF01B-4B-VELPTD106,dynamic_position_type,dynamic_position_type,,,ENG,1,CE04OSPS,SF01B,VELPT
CE04OSPS-SF01B-4B-VELPTD106,percent_wave_cell_position,percent_wave_cell_position,,,ENG,1,CE04OSPS,SF01B,VELPT
CE04OSPS-SF01B-4B-VELPTD106,wave_transmit_pulse,wave_transmit_pulse,,,ENG,1,CE04OSPS,SF01B,VELPT
CE04OSPS-SF01B-4B-VELPTD106,fixed_wave_blanking_distance,fixed_wave_blanking_distance,,,ENG,counts,CE04OSPS,SF01B,VELPT
CE04OSPS-SF01B-4B-VELPTD106,wave_measurement_cell_size,wave_measurement_cell_size,,,ENG,m,CE04OSPS,SF01B,VELPT
CE04OSPS-SF01B-4B-VELPTD106,number_diagnostics_per_wave,number_diagnostics_per_wave,,,ENG,1,CE04OSPS,SF01B,VELPT
CE04OSPS-SF01B-4B-VELPTD106,number_samples_per_burst,number_samples_per_burst,,,ENG,1,CE04OSPS,SF01B,VELPT
CE04OSPS-SF01B-4B-VELPTD106,analog_scale_factor,analog_scale_factor,,,ENG,1,CE04OSPS,SF01B,VELPT
CE04OSPS-SF01B-4B-VELPTD106,correlation_threshold,correlation_threshold,,,ENG,1,CE04OSPS,SF01B,VELPT
CE04OSPS-SF01B-4B-VELPTD106,filter_constants,filter_constants,,,ENG,1,CE04OSPS,SF01B,VELPT
CE04OSPS-SF01B-4B-VELPTD106,time,time,,,ENG,seconds since 1900-01-01,CE04OSPS,SF01B,VELPT
CE04OSPS-SF01B-4B-VELPTD106,battery_voltage,battery_voltage,,,ENG,V,CE04OSPS,SF01B,VELPT
CE04OSPS-SF01B-4B-VELPTD106,sound_speed_analog2,sound_speed_analog2,,,ENG,m s-1,CE04OSPS,SF01B,VELPT
CE04OSPS-SF01B-4B-VELPTD106,date_time_array,date_time_array,,,ENG,1,CE04OSPS,SF01B,VELPT
CE04OSPS-SF01B-4B-VELPTD106,pitch,pitch,,,ENG,degrees,CE04OSPS,SF01B,VELPT
CE04OSPS-SF01B-4B-VELPTD106,battery_voltage_mv,battery_voltage_mv,,,ENG,mV,CE04OSPS,SF01B,VELPT
CE04OSPS-SF01B-4B-VELPTD106,identification_string,identification_string,,,ENG,1,CE04OSPS,SF01B,VELPT
CE04OSPS-SF01B-4B-VELPTD106,roll,roll,,,ENG,degrees,CE04OSPS,SF01B,VELPT
CE04OSPS-SF01B-4B-VELPTD106,temperature,temperature,,,ENG,deg_C,CE04OSPS,SF01B,VELPT
CE04OSPS-SF01B-4B-VELPTD106,date_time_string,date_time_string,,,ENG,1,CE04OSPS,SF01B,VELPT
CE04OSPS-SF01B-4F-PCO2WA102,port_timestamp,port_timestamp,,,ENG,seconds since 1900-01-01,CE04OSPS,SF01B,PCO2W
CE04OSPS-SF01B-4F-PCO2WA102,driver_timestamp,driver_timestamp,,,ENG,seconds since 1900-01-01,CE04OSPS,SF01B,PCO2W
CE04OSPS-SF01B-4F-PCO2WA102,external_device2_fault,external_device2_fault,,,ENG,1,CE04OSPS,SF01B,PCO2W
CE04OSPS-SF01B-4F-PCO2WA102,external_device3_fault,external_device3_fault,,,ENG,1,CE04OSPS,SF01B,PCO2W
CE04OSPS-SF01B-4F-PCO2WA102,num_data_records,num_data_records,,,ENG,1,CE04OSPS,SF01B,PCO2W
CE04OSPS-SF01B-4F-PCO2WA102,num_error_records,num_error_records,,,ENG,1,CE04OSPS,SF01B,PCO2W
CE04OSPS-SF01B-4F-PCO2WA102,num_bytes_stored,num_bytes_stored,,,ENG,bytes,CE04OSPS,SF01B,PCO2W
CE04OSPS-SF01B-4F-PCO2WA102,internal_timestamp,internal_timestamp,,,ENG,seconds since 1900-01-01,CE04OSPS,SF01B,PCO2W
CE04OSPS-SF01B-4F-PCO2WA102,preferred_timestamp,preferred_timestamp,,,ENG,1,CE04OSPS,SF01B,PCO2W
CE04OSPS-SF01B-4F-PCO2WA102,pco2w_battery_voltage,pco2w_battery_voltage,,,ENG,counts,CE04OSPS,SF01B,PCO2W
CE04OSPS-SF01B-4F-PCO2WA102,pco2w_thermistor_voltage,pco2w_thermistor_voltage,,,ENG,counts,CE04OSPS,SF01B,PCO2W
CE04OSPS-SF01B-4F-PCO2WA102,checksum,checksum,,,ENG,1,CE04OSPS,SF01B,PCO2W
CE04OSPS-SF01B-4F-PCO2WA102,unique_id,unique_id,,,ENG,1,CE04OSPS,SF01B,PCO2W
CE04OSPS-SF01B-4F-PCO2WA102,record_length,record_length,,,ENG,1,CE04OSPS,SF01B,PCO2W
CE04OSPS-SF01B-4F-PCO2WA102,record_type,record_type,,,ENG,1,CE04OSPS,SF01B,PCO2W
CE04OSPS-SF01B-4F-PCO2WA102,record_time,record_time,,,ENG,seconds since 1904-01-01,CE04OSPS,SF01B,PCO2W
CE04OSPS-SF01B-4F-PCO2WA102,light_measurements,light_measurements,,,ENG,counts,CE04OSPS,SF01B,PCO2W
CE04OSPS-SF01B-4F-PCO2WA102,voltage_battery,voltage_battery,,,ENG,counts,CE04OSPS,SF01B,PCO2W
CE04OSPS-SF01B-4F-PCO2WA102,thermistor_raw,thermistor_raw,,,L0,V,CE04OSPS,SF01B,PCO2W
CE04OSPS-SF01B-4F-PCO2WA102,elapsed_time_config,elapsed_time_config,,,ENG,s,CE04OSPS,SF01B,PCO2W
CE04OSPS-SF01B-4F-PCO2WA102,clock_active,clock_active,,,ENG,1,CE04OSPS,SF01B,PCO2W
CE04OSPS-SF01B-4F-PCO2WA102,recording_active,recording_active,,,ENG,1,CE04OSPS,SF01B,PCO2W
CE04OSPS-SF01B-4F-PCO2WA102,record_end_on_time,record_end_on_time,,,ENG,1,CE04OSPS,SF01B,PCO2W
CE04OSPS-SF01B-4F-PCO2WA102,record_memory_full,record_memory_full,,,ENG,1,CE04OSPS,SF01B,PCO2W
CE04OSPS-SF01B-4F-PCO2WA102,record_end_on_error,record_end_on_error,,,ENG,1,CE04OSPS,SF01B,PCO2W
CE04OSPS-SF01B-4F-PCO2WA102,data_download_ok,data_download_ok,,,ENG,1,CE04OSPS,SF01B,PCO2W
CE04OSPS-SF01B-4F-PCO2WA102,flash_memory_open,flash_memory_open,,,ENG,1,CE04OSPS,SF01B,PCO2W
CE04OSPS-SF01B-4F-PCO2WA102,pco2w_seawater,pco2w_seawater,,,L1,uatm,CE04OSPS,SF01B,PCO2W
CE04OSPS-SF01B-4F-PCO2WA102,battery_low_prestart,battery_low_prestart,,,ENG,1,CE04OSPS,SF01B,PCO2W
CE04OSPS-SF01B-4F-PCO2WA102,battery_low_measurement,battery_low_measurement,,,ENG,1,CE04OSPS,SF01B,PCO2W
CE04OSPS-SF01B-4F-PCO2WA102,battery_low_bank,battery_low_bank,,,ENG,1,CE04OSPS,SF01B,PCO2W
CE04OSPS-SF01B-4F-PCO2WA102,battery_low_external,battery_low_external,,,ENG,1,CE04OSPS,SF01B,PCO2W
CE04OSPS-SF01B-4F-PCO2WA102,external_device1_fault,external_device1_fault,,,ENG,1,CE04OSPS,SF01B,PCO2W
CE04OSPS-SF01B-4F-PCO2WA102,pco2w_a_absorbance_blank_434,pco2w_a_absorbance_blank_434,,,L0,1,CE04OSPS,SF01B,PCO2W
CE04OSPS-SF01B-4F-PCO2WA102,pco2w_a_absorbance_blank_620,pco2w_a_absorbance_blank_620,,,L0,1,CE04OSPS,SF01B,PCO2W
CE04OSPS-SF01B-4F-PCO2WA102,flash_erased,flash_erased,,,ENG,1,CE04OSPS,SF01B,PCO2W
CE04OSPS-SF01B-4F-PCO2WA102,power_on_invalid,power_on_invalid,,,ENG,1,CE04OSPS,SF01B,PCO2W
CE04OSPS-SF01B-4F-PCO2WA102,launch_time,launch_time,,,ENG,seconds since 1904-01-10,CE04OSPS,SF01B,PCO2W
CE04OSPS-SF01B-4F-PCO2WA102,start_time_offset,start_time_offset,,,ENG,s,CE04OSPS,SF01B,PCO2W
CE04OSPS-SF01B-4F-PCO2WA102,recording_time,recording_time,,,ENG,s,CE04OSPS,SF01B,PCO2W
CE04OSPS-SF01B-4F-PCO2WA102,pmi_sample_schedule,pmi_sample_schedule,,,ENG,1,CE04OSPS,SF01B,PCO2W
CE04OSPS-SF01B-4F-PCO2WA102,sami_sample_schedule,sami_sample_schedule,,,ENG,1,CE04OSPS,SF01B,PCO2W
CE04OSPS-SF01B-4F-PCO2WA102,slot1_follows_sami_sample,slot1_follows_sami_sample,,,ENG,1,CE04OSPS,SF01B,PCO2W
CE04OSPS-SF01B-4F-PCO2WA102,slot1_independent_schedule,slot1_independent_schedule,,,ENG,1,CE04OSPS,SF01B,PCO2W
CE04OSPS-SF01B-4F-PCO2WA102,slot2_follows_sami_sample,slot2_follows_sami_sample,,,ENG,1,CE04OSPS,SF01B,PCO2W
CE04OSPS-SF01B-4F-PCO2WA102,slot2_independent_schedule,slot2_independent_schedule,,,ENG,1,CE04OSPS,SF01B,PCO2W
CE04OSPS-SF01B-4F-PCO2WA102,slot3_follows_sami_sample,slot3_follows_sami_sample,,,ENG,1,CE04OSPS,SF01B,PCO2W
CE04OSPS-SF01B-4F-PCO2WA102,slot3_independent_schedule,slot3_independent_schedule,,,ENG,1,CE04OSPS,SF01B,PCO2W
CE04OSPS-SF01B-4F-PCO2WA102,timer_interval_sami,timer_interval_sami,,,ENG,s,CE04OSPS,SF01B,PCO2W
CE04OSPS-SF01B-4F-PCO2WA102,driver_id_sami,driver_id_sami,,,ENG,1,CE04OSPS,SF01B,PCO2W
CE04OSPS-SF01B-4F-PCO2WA102,parameter_pointer_sami,parameter_pointer_sami,,,ENG,1,CE04OSPS,SF01B,PCO2W
CE04OSPS-SF01B-4F-PCO2WA102,timer_interval_device1,timer_interval_device1,,,ENG,s,CE04OSPS,SF01B,PCO2W
CE04OSPS-SF01B-4F-PCO2WA102,driver_id_device1,driver_id_device1,,,ENG,1,CE04OSPS,SF01B,PCO2W
CE04OSPS-SF01B-4F-PCO2WA102,parameter_pointer_device1,parameter_pointer_device1,,,ENG,1,CE04OSPS,SF01B,PCO2W
CE04OSPS-SF01B-4F-PCO2WA102,timer_interval_device2,timer_interval_device2,,,ENG,s,CE04OSPS,SF01B,PCO2W
CE04OSPS-SF01B-4F-PCO2WA102,driver_id_device2,driver_id_device2,,,ENG,1,CE04OSPS,SF01B,PCO2W
CE04OSPS-SF01B-4F-PCO2WA102,parameter_pointer_device2,parameter_pointer_device2,,,ENG,1,CE04OSPS,SF01B,PCO2W
CE04OSPS-SF01B-4F-PCO2WA102,timer_interval_device3,timer_interval_device3,,,ENG,s,CE04OSPS,SF01B,PCO2W
CE04OSPS-SF01B-4F-PCO2WA102,driver_id_device3,driver_id_device3,,,ENG,1,CE04OSPS,SF01B,PCO2W
CE04OSPS-SF01B-4F-PCO2WA102,parameter_pointer_device3,parameter_pointer_device3,,,ENG,1,CE04OSPS,SF01B,PCO2W
CE04OSPS-SF01B-4F-PCO2WA102,timer_interval_prestart,timer_interval_prestart,,,ENG,s,CE04OSPS,SF01B,PCO2W
CE04OSPS-SF01B-4F-PCO2WA102,driver_id_prestart,driver_id_prestart,,,ENG,1,CE04OSPS,SF01B,PCO2W
CE04OSPS-SF01B-4F-PCO2WA102,parameter_pointer_prestart,parameter_pointer_prestart,,,ENG,1,CE04OSPS,SF01B,PCO2W
CE04OSPS-SF01B-4F-PCO2WA102,use_baud_rate_57600,use_baud_rate_57600,,,ENG,1,CE04OSPS,SF01B,PCO2W
CE04OSPS-SF01B-4F-PCO2WA102,send_record_type,send_record_type,,,ENG,1,CE04OSPS,SF01B,PCO2W
CE04OSPS-SF01B-4F-PCO2WA102,send_live_records,send_live_records,,,ENG,1,CE04OSPS,SF01B,PCO2W
CE04OSPS-SF01B-4F-PCO2WA102,extend_global_config,extend_global_config,,,ENG,1,CE04OSPS,SF01B,PCO2W
CE04OSPS-SF01B-4F-PCO2WA102,pump_pulse,pump_pulse,,,ENG,s,CE04OSPS,SF01B,PCO2W
CE04OSPS-SF01B-4F-PCO2WA102,pump_on_to_measure,pump_on_to_measure,,,ENG,s,CE04OSPS,SF01B,PCO2W
CE04OSPS-SF01B-4F-PCO2WA102,samples_per_measure,samples_per_measure,,,ENG,counts,CE04OSPS,SF01B,PCO2W
CE04OSPS-SF01B-4F-PCO2WA102,cycles_between_blanks,cycles_between_blanks,,,ENG,counts,CE04OSPS,SF01B,PCO2W
CE04OSPS-SF01B-4F-PCO2WA102,num_reagent_cycles,num_reagent_cycles,,,ENG,counts,CE04OSPS,SF01B,PCO2W
CE04OSPS-SF01B-4F-PCO2WA102,num_blank_cycles,num_blank_cycles,,,ENG,counts,CE04OSPS,SF01B,PCO2W
CE04OSPS-SF01B-4F-PCO2WA102,flush_pump_interval,flush_pump_interval,,,ENG,s,CE04OSPS,SF01B,PCO2W
CE04OSPS-SF01B-4F-PCO2WA102,disable_start_blank_flush,disable_start_blank_flush,,,ENG,1,CE04OSPS,SF01B,PCO2W
CE04OSPS-SF01B-4F-PCO2WA102,measure_after_pump_pulse,measure_after_pump_pulse,,,ENG,1,CE04OSPS,SF01B,PCO2W
CE04OSPS-SF01B-4F-PCO2WA102,time,time,,,ENG,seconds since 1900-01-01,CE04OSPS,SF01B,PCO2W
CE04OSPS-SF01B-4F-PCO2WA102,ingestion_timestamp,ingestion_timestamp,,,ENG,seconds since 1900-01-01,CE04OSPS,SF01B,PCO2W
CE04OSPS-SF01B-4F-PCO2WA102,cycle_rate,cycle_rate,,,ENG,s,CE04OSPS,SF01B,PCO2W
CE04OSPS-SF01B-4F-PCO2WA102,absorbance_ratio_434,absorbance_ratio_434,0,100000,L0,counts,CE04OSPS,SF01B,PCO2W
CE04OSPS-SF01B-4F-PCO2WA102,absorbance_ratio_620,absorbance_ratio_620,0,100000,L0,counts,CE04OSPS,SF01B,PCO2W
CE04OSPS-SF01B-4F-PCO2WA102,pco2w_thermistor_temperature,pco2w_thermistor_temperature,-2,40,L1,deg_C,CE04OSPS,SF01B,PCO2W
CE04OSSM-RID26-01-ADCPTC000,bin_depths,bin_depths,,,,m,CE04OSSM,RID26,ADCPT
CE04OSSM-RID26-01-ADCPTC000,driver_timestamp,driver_timestamp,,,ENG,seconds since 1900-01-01,CE04OSSM,RID26,ADCPT
CE04OSSM-RID26-01-ADCPTC000,ensemble_start_time_2,ensemble_start_time_2,,,,seconds since 1900-01-01,CE04OSSM,RID26,ADCPT
CE04OSSM-RID26-01-ADCPTC000,real_time_clock_2,real_time_clock_2,,,,1,CE04OSSM,RID26,ADCPT
CE04OSSM-RID26-01-ADCPTC000,internal_timestamp,internal_timestamp,,,ENG,seconds since 1900-01-01,CE04OSSM,RID26,ADCPT
CE04OSSM-RID26-01-ADCPTC000,preferred_timestamp,preferred_timestamp,,,ENG,1,CE04OSSM,RID26,ADCPT
CE04OSSM-RID26-01-ADCPTC000,sensor_available_speed,sensor_available_speed,,,,1,CE04OSSM,RID26,ADCPT
CE04OSSM-RID26-01-ADCPTC000,sysconfig_beam_angle,sysconfig_beam_angle,,,,1,CE04OSSM,RID26,ADCPT
CE04OSSM-RID26-01-ADCPTC000,sysconfig_beam_config,sysconfig_beam_config,,,,1,CE04OSSM,RID26,ADCPT
CE04OSSM-RID26-01-ADCPTC000,adcps_jln_upward_seawater_velocity2,adcps_jln_upward_seawater_velocity2,-1,1,L1,m s-1,CE04OSSM,RID26,ADCPT
CE04OSSM-RID26-01-ADCPTC000,adcps_jln_error_velocity2,adcps_jln_error_velocity2,-1,1,L1,m s-1,CE04OSSM,RID26,ADCPT
CE04OSSM-RID26-01-ADCPTC000,dcl_controller_timestamp,dcl_controller_timestamp,,,ENG,1,CE04OSSM,RID26,ADCPT
CE04OSSM-RID26-01-ADCPTC000,adcps_jln_echo_intensity_beam1,adcps_jln_echo_intensity_beam1,0,255,L1,dB,CE04OSSM,RID26,ADCPT
CE04OSSM-RID26-01-ADCPTC000,adcps_jln_echo_intensity_beam2,adcps_jln_echo_intensity_beam2,0,255,L1,dB,CE04OSSM,RID26,ADCPT
CE04OSSM-RID26-01-ADCPTC000,adcps_jln_echo_intensity_beam3,adcps_jln_echo_intensity_beam3,0,255,L1,dB,CE04OSSM,RID26,ADCPT
CE04OSSM-RID26-01-ADCPTC000,adcps_jln_echo_intensity_beam4,adcps_jln_echo_intensity_beam4,0,255,L1,dB,CE04OSSM,RID26,ADCPT
CE04OSSM-RID26-01-ADCPTC000,dcl_controller_starting_timestamp,dcl_controller_starting_timestamp,,,,1,CE04OSSM,RID26,ADCPT
CE04OSSM-RID26-01-ADCPTC000,corrected_echo_intensity_beam1,corrected_echo_intensity_beam1,0,255,L1,dB,CE04OSSM,RID26,ADCPT
CE04OSSM-RID26-01-ADCPTC000,corrected_echo_intensity_beam2,corrected_echo_intensity_beam2,0,255,L1,dB,CE04OSSM,RID26,ADCPT
CE04OSSM-RID26-01-ADCPTC000,corrected_echo_intensity_beam3,corrected_echo_intensity_beam3,0,255,L1,dB,CE04OSSM,RID26,ADCPT
CE04OSSM-RID26-01-ADCPTC000,corrected_echo_intensity_beam4,corrected_echo_intensity_beam4,0,255,L1,dB,CE04OSSM,RID26,ADCPT
CE04OSSM-RID26-01-ADCPTC000,adcpt_acfgm_dcl_eastward_earth_seawater_velocity,adcpt_acfgm_dcl_eastward_earth_seawater_velocity,-3,3,L1,m s-1,CE04OSSM,RID26,ADCPT
CE04OSSM-RID26-01-ADCPTC000,adcpt_acfgm_dcl_northward_earth_seawater_velocity,adcpt_acfgm_dcl_northward_earth_seawater_velocity,-3,3,L1,m s-1,CE04OSSM,RID26,ADCPT
CE04OSSM-RID26-01-ADCPTC000,serial_number,serial_number,,,ENG,1,CE04OSSM,RID26,ADCPT
CE04OSSM-RID26-01-ADCPTC000,adcps_jln_recovered_eastward_seawater_velocity,adcps_jln_recovered_eastward_seawater_velocity,-3,3,L1,m s-1,CE04OSSM,RID26,ADCPT
CE04OSSM-RID26-01-ADCPTC000,adcps_jln_recovered_northward_seawater_velocity,adcps_jln_recovered_northward_seawater_velocity,-3,3,L1,m s-1,CE04OSSM,RID26,ADCPT
CE04OSSM-RID26-01-ADCPTC000,firmware_version,firmware_version,,,,1,CE04OSSM,RID26,ADCPT
CE04OSSM-RID26-01-ADCPTC000,firmware_revision,firmware_revision,,,,1,CE04OSSM,RID26,ADCPT
CE04OSSM-RID26-01-ADCPTC000,sysconfig_frequency,sysconfig_frequency,,,,kHz,CE04OSSM,RID26,ADCPT
CE04OSSM-RID26-01-ADCPTC000,sysconfig_beam_pattern,sysconfig_beam_pattern,,,,1,CE04OSSM,RID26,ADCPT
CE04OSSM-RID26-01-ADCPTC000,sysconfig_sensor_config,sysconfig_sensor_config,,,,1,CE04OSSM,RID26,ADCPT
CE04OSSM-RID26-01-ADCPTC000,sysconfig_head_attached,sysconfig_head_attached,,,,1,CE04OSSM,RID26,ADCPT
CE04OSSM-RID26-01-ADCPTC000,sysconfig_vertical_orientation,sysconfig_vertical_orientation,,,,1,CE04OSSM,RID26,ADCPT
CE04OSSM-RID26-01-ADCPTC000,data_flag,data_flag,,,,1,CE04OSSM,RID26,ADCPT
CE04OSSM-RID26-01-ADCPTC000,lag_length,lag_length,,,,s,CE04OSSM,RID26,ADCPT
CE04OSSM-RID26-01-ADCPTC000,num_beams,num_beams,,,,1,CE04OSSM,RID26,ADCPT
CE04OSSM-RID26-01-ADCPTC000,num_cells,num_cells,,,,1,CE04OSSM,RID26,ADCPT
CE04OSSM-RID26-01-ADCPTC000,pings_per_ensemble,pings_per_ensemble,,,,1,CE04OSSM,RID26,ADCPT
CE04OSSM-RID26-01-ADCPTC000,cell_length,cell_length,,,,cm,CE04OSSM,RID26,ADCPT
CE04OSSM-RID26-01-ADCPTC000,blank_after_transmit,blank_after_transmit,,,,cm,CE04OSSM,RID26,ADCPT
CE04OSSM-RID26-01-ADCPTC000,signal_processing_mode,signal_processing_mode,,,,1,CE04OSSM,RID26,ADCPT
CE04OSSM-RID26-01-ADCPTC000,low_corr_threshold,low_corr_threshold,,,,counts,CE04OSSM,RID26,ADCPT
CE04OSSM-RID26-01-ADCPTC000,num_code_repetitions,num_code_repetitions,,,,counts,CE04OSSM,RID26,ADCPT
CE04OSSM-RID26-01-ADCPTC000,percent_good_min,percent_good_min,,,,percent,CE04OSSM,RID26,ADCPT
CE04OSSM-RID26-01-ADCPTC000,error_vel_threshold,error_vel_threshold,,,,mm s-1,CE04OSSM,RID26,ADCPT
CE04OSSM-RID26-01-ADCPTC000,time_per_ping_minutes,time_per_ping_minutes,,,,min,CE04OSSM,RID26,ADCPT
CE04OSSM-RID26-01-ADCPTC000,time_per_ping_seconds,time_per_ping_seconds,,,,s,CE04OSSM,RID26,ADCPT
CE04OSSM-RID26-01-ADCPTC000,coord_transform_type,coord_transform_type,,,,1,CE04OSSM,RID26,ADCPT
CE04OSSM-RID26-01-ADCPTC000,coord_transform_tilts,coord_transform_tilts,,,,1,CE04OSSM,RID26,ADCPT
CE04OSSM-RID26-01-ADCPTC000,coord_transform_beams,coord_transform_beams,,,,1,CE04OSSM,RID26,ADCPT
CE04OSSM-RID26-01-ADCPTC000,coord_transform_mapping,coord_transform_mapping,,,,1,CE04OSSM,RID26,ADCPT
CE04OSSM-RID26-01-ADCPTC000,heading_alignment,heading_alignment,,,,cdegrees,CE04OSSM,RID26,ADCPT
CE04OSSM-RID26-01-ADCPTC000,heading_bias,heading_bias,,,,cdegrees,CE04OSSM,RID26,ADCPT
CE04OSSM-RID26-01-ADCPTC000,sensor_source_speed,sensor_source_speed,,,,1,CE04OSSM,RID26,ADCPT
CE04OSSM-RID26-01-ADCPTC000,sensor_source_depth,sensor_source_depth,,,,1,CE04OSSM,RID26,ADCPT
CE04OSSM-RID26-01-ADCPTC000,sensor_source_heading,sensor_source_heading,,,,1,CE04OSSM,RID26,ADCPT
CE04OSSM-RID26-01-ADCPTC000,sensor_source_pitch,sensor_source_pitch,,,,1,CE04OSSM,RID26,ADCPT
CE04OSSM-RID26-01-ADCPTC000,sensor_source_roll,sensor_source_roll,,,,1,CE04OSSM,RID26,ADCPT
CE04OSSM-RID26-01-ADCPTC000,sensor_source_conductivity,sensor_source_conductivity,,,,1,CE04OSSM,RID26,ADCPT
CE04OSSM-RID26-01-ADCPTC000,sensor_source_temperature,sensor_source_temperature,,,,1,CE04OSSM,RID26,ADCPT
CE04OSSM-RID26-01-ADCPTC000,sensor_available_depth,sensor_available_depth,,,,1,CE04OSSM,RID26,ADCPT
CE04OSSM-RID26-01-ADCPTC000,sensor_available_heading,sensor_available_heading,,,,1,CE04OSSM,RID26,ADCPT
CE04OSSM-RID26-01-ADCPTC000,sensor_available_pitch,sensor_available_pitch,,,,1,CE04OSSM,RID26,ADCPT
CE04OSSM-RID26-01-ADCPTC000,sensor_available_roll,sensor_available_roll,,,,1,CE04OSSM,RID26,ADCPT
CE04OSSM-RID26-01-ADCPTC000,sensor_available_conductivity,sensor_available_conductivity,,,,1,CE04OSSM,RID26,ADCPT
CE04OSSM-RID26-01-ADCPTC000,sensor_available_temperature,sensor_available_temperature,,,,1,CE04OSSM,RID26,ADCPT
CE04OSSM-RID26-01-ADCPTC000,bin_1_distance,bin_1_distance,,,,cm,CE04OSSM,RID26,ADCPT
CE04OSSM-RID26-01-ADCPTC000,transmit_pulse_length,transmit_pulse_length,,,,cm,CE04OSSM,RID26,ADCPT
CE04OSSM-RID26-01-ADCPTC000,reference_layer_start,reference_layer_start,,,,1,CE04OSSM,RID26,ADCPT
CE04OSSM-RID26-01-ADCPTC000,reference_layer_stop,reference_layer_stop,,,,1,CE04OSSM,RID26,ADCPT
CE04OSSM-RID26-01-ADCPTC000,false_target_threshold,false_target_threshold,,,,counts,CE04OSSM,RID26,ADCPT
CE04OSSM-RID26-01-ADCPTC000,low_latency_trigger,low_latency_trigger,,,,1,CE04OSSM,RID26,ADCPT
CE04OSSM-RID26-01-ADCPTC000,transmit_lag_distance,transmit_lag_distance,,,,cm,CE04OSSM,RID26,ADCPT
CE04OSSM-RID26-01-ADCPTC000,cpu_board_serial_number,cpu_board_serial_number,,,,1,CE04OSSM,RID26,ADCPT
CE04OSSM-RID26-01-ADCPTC000,system_bandwidth,system_bandwidth,,,,1,CE04OSSM,RID26,ADCPT
CE04OSSM-RID26-01-ADCPTC000,system_power,system_power,,,,1,CE04OSSM,RID26,ADCPT
CE04OSSM-RID26-01-ADCPTC000,beam_angle,beam_angle,,,,degrees,CE04OSSM,RID26,ADCPT
CE04OSSM-RID26-01-ADCPTC000,ensemble_number,ensemble_number,,,,1,CE04OSSM,RID26,ADCPT
CE04OSSM-RID26-01-ADCPTC000,ensemble_number_increment,ensemble_number_increment,,,,1,CE04OSSM,RID26,ADCPT
CE04OSSM-RID26-01-ADCPTC000,bit_result_demod_1,bit_result_demod_1,,,,1,CE04OSSM,RID26,ADCPT
CE04OSSM-RID26-01-ADCPTC000,bit_result_demod_0,bit_result_demod_0,,,,1,CE04OSSM,RID26,ADCPT
CE04OSSM-RID26-01-ADCPTC000,bit_result_timing,bit_result_timing,,,,1,CE04OSSM,RID26,ADCPT
CE04OSSM-RID26-01-ADCPTC000,speed_of_sound,speed_of_sound,,,,m s-1,CE04OSSM,RID26,ADCPT
CE04OSSM-RID26-01-ADCPTC000,transducer_depth,transducer_depth,,,,dm,CE04OSSM,RID26,ADCPT
CE04OSSM-RID26-01-ADCPTC000,heading,heading,,,,cdegrees,CE04OSSM,RID26,ADCPT
CE04OSSM-RID26-01-ADCPTC000,pitch,pitch,,,,cdegrees,CE04OSSM,RID26,ADCPT
CE04OSSM-RID26-01-ADCPTC000,roll,roll,,,,cdegrees,CE04OSSM,RID26,ADCPT
CE04OSSM-RID26-01-ADCPTC000,salinity,salinity,,,,1,CE04OSSM,RID26,ADCPT
CE04OSSM-RID26-01-ADCPTC000,temperature,temperature,,,,cdeg_C,CE04OSSM,RID26,ADCPT
CE04OSSM-RID26-01-ADCPTC000,mpt_minutes,mpt_minutes,,,,min,CE04OSSM,RID26,ADCPT
CE04OSSM-RID26-01-ADCPTC000,mpt_seconds,mpt_seconds,,,,s,CE04OSSM,RID26,ADCPT
CE04OSSM-RID26-01-ADCPTC000,heading_stdev,heading_stdev,,,,degrees,CE04OSSM,RID26,ADCPT
CE04OSSM-RID26-01-ADCPTC000,pitch_stdev,pitch_stdev,,,,ddegrees,CE04OSSM,RID26,ADCPT
CE04OSSM-RID26-01-ADCPTC000,roll_stdev,roll_stdev,,,,ddegrees,CE04OSSM,RID26,ADCPT
CE04OSSM-RID26-01-ADCPTC000,adc_transmit_current,adc_transmit_current,,,,counts,CE04OSSM,RID26,ADCPT
CE04OSSM-RID26-01-ADCPTC000,adc_transmit_voltage,adc_transmit_voltage,,,,counts,CE04OSSM,RID26,ADCPT
CE04OSSM-RID26-01-ADCPTC000,adc_ambient_temp,adc_ambient_temp,,,,counts,CE04OSSM,RID26,ADCPT
CE04OSSM-RID26-01-ADCPTC000,adc_pressure_plus,adc_pressure_plus,,,,counts,CE04OSSM,RID26,ADCPT
CE04OSSM-RID26-01-ADCPTC000,adc_pressure_minus,adc_pressure_minus,,,,counts,CE04OSSM,RID26,ADCPT
CE04OSSM-RID26-01-ADCPTC000,adc_attitude_temp,adc_attitude_temp,,,,counts,CE04OSSM,RID26,ADCPT
CE04OSSM-RID26-01-ADCPTC000,adc_attitude,adc_attitude,,,,counts,CE04OSSM,RID26,ADCPT
CE04OSSM-RID26-01-ADCPTC000,adc_contamination_sensor,adc_contamination_sensor,,,,counts,CE04OSSM,RID26,ADCPT
CE04OSSM-RID26-01-ADCPTC000,bus_error_exception,bus_error_exception,,,,1,CE04OSSM,RID26,ADCPT
CE04OSSM-RID26-01-ADCPTC000,address_error_exception,address_error_exception,,,,1,CE04OSSM,RID26,ADCPT
CE04OSSM-RID26-01-ADCPTC000,illegal_instruction_exception,illegal_instruction_exception,,,,1,CE04OSSM,RID26,ADCPT
CE04OSSM-RID26-01-ADCPTC000,zero_divide_instruction,zero_divide_instruction,,,,1,CE04OSSM,RID26,ADCPT
CE04OSSM-RID26-01-ADCPTC000,emulator_exception,emulator_exception,,,,1,CE04OSSM,RID26,ADCPT
CE04OSSM-RID26-01-ADCPTC000,unassigned_exception,unassigned_exception,,,,1,CE04OSSM,RID26,ADCPT
CE04OSSM-RID26-01-ADCPTC000,watchdog_restart_occurred,watchdog_restart_occurred,,,,1,CE04OSSM,RID26,ADCPT
CE04OSSM-RID26-01-ADCPTC000,battery_saver_power,battery_saver_power,,,,1,CE04OSSM,RID26,ADCPT
CE04OSSM-RID26-01-ADCPTC000,pinging,pinging,,,,1,CE04OSSM,RID26,ADCPT
CE04OSSM-RID26-01-ADCPTC000,cold_wakeup_occurred,cold_wakeup_occurred,,,,1,CE04OSSM,RID26,ADCPT
CE04OSSM-RID26-01-ADCPTC000,time,time,,,ENG,seconds since 1900-01-01,CE04OSSM,RID26,ADCPT
CE04OSSM-RID26-01-ADCPTC000,unknown_wakeup_occurred,unknown_wakeup_occurred,,,,1,CE04OSSM,RID26,ADCPT
CE04OSSM-RID26-01-ADCPTC000,clock_read_error,clock_read_error,,,,1,CE04OSSM,RID26,ADCPT
CE04OSSM-RID26-01-ADCPTC000,unexpected_alarm,unexpected_alarm,,,,1,CE04OSSM,RID26,ADCPT
CE04OSSM-RID26-01-ADCPTC000,clock_jump_forward,clock_jump_forward,,,,1,CE04OSSM,RID26,ADCPT
CE04OSSM-RID26-01-ADCPTC000,clock_jump_backward,clock_jump_backward,,,,1,CE04OSSM,RID26,ADCPT
CE04OSSM-RID26-01-ADCPTC000,power_fail,power_fail,,,,1,CE04OSSM,RID26,ADCPT
CE04OSSM-RID26-01-ADCPTC000,spurious_dsp_interrupt,spurious_dsp_interrupt,,,,1,CE04OSSM,RID26,ADCPT
CE04OSSM-RID26-01-ADCPTC000,spurious_uart_interrupt,spurious_uart_interrupt,,,,1,CE04OSSM,RID26,ADCPT
CE04OSSM-RID26-01-ADCPTC000,spurious_clock_interrupt,spurious_clock_interrupt,,,,1,CE04OSSM,RID26,ADCPT
CE04OSSM-RID26-01-ADCPTC000,level_7_interrupt,level_7_interrupt,,,,1,CE04OSSM,RID26,ADCPT
CE04OSSM-RID26-01-ADCPTC000,pressure,pressure,,,,daPa,CE04OSSM,RID26,ADCPT
CE04OSSM-RID26-01-ADCPTC000,pressure_variance,pressure_variance,,,,daPa,CE04OSSM,RID26,ADCPT
CE04OSSM-RID26-01-ADCPTC000,water_velocity_east,water_velocity_east,,,L0,mm s-1,CE04OSSM,RID26,ADCPT
CE04OSSM-RID26-01-ADCPTC000,water_velocity_north,water_velocity_north,,,L0,mm s-1,CE04OSSM,RID26,ADCPT
CE04OSSM-RID26-01-ADCPTC000,water_velocity_up,water_velocity_up,,,L0,mm s-1,CE04OSSM,RID26,ADCPT
CE04OSSM-RID26-01-ADCPTC000,error_velocity,error_velocity,,,L0,mm s-1,CE04OSSM,RID26,ADCPT
CE04OSSM-RID26-01-ADCPTC000,correlation_magnitude_beam1,correlation_magnitude_beam1,,,,1,CE04OSSM,RID26,ADCPT
CE04OSSM-RID26-01-ADCPTC000,correlation_magnitude_beam2,correlation_magnitude_beam2,,,,1,CE04OSSM,RID26,ADCPT
CE04OSSM-RID26-01-ADCPTC000,correlation_magnitude_beam3,correlation_magnitude_beam3,,,,1,CE04OSSM,RID26,ADCPT
CE04OSSM-RID26-01-ADCPTC000,correlation_magnitude_beam4,correlation_magnitude_beam4,,,,1,CE04OSSM,RID26,ADCPT
CE04OSSM-RID26-01-ADCPTC000,echo_intensity_beam1,echo_intensity_beam1,,,L0,counts,CE04OSSM,RID26,ADCPT
CE04OSSM-RID26-01-ADCPTC000,echo_intensity_beam2,echo_intensity_beam2,,,L0,counts,CE04OSSM,RID26,ADCPT
CE04OSSM-RID26-01-ADCPTC000,echo_intensity_beam3,echo_intensity_beam3,,,L0,counts,CE04OSSM,RID26,ADCPT
CE04OSSM-RID26-01-ADCPTC000,echo_intensity_beam4,echo_intensity_beam4,,,L0,counts,CE04OSSM,RID26,ADCPT
CE04OSSM-RID26-01-ADCPTC000,percent_good_3beam,percent_good_3beam,,,,percent,CE04OSSM,RID26,ADCPT
CE04OSSM-RID26-01-ADCPTC000,percent_transforms_reject,percent_transforms_reject,,,,percent,CE04OSSM,RID26,ADCPT
CE04OSSM-RID26-01-ADCPTC000,percent_bad_beams,percent_bad_beams,,,,percent,CE04OSSM,RID26,ADCPT
CE04OSSM-RID26-01-ADCPTC000,percent_good_4beam,percent_good_4beam,,,,percent,CE04OSSM,RID26,ADCPT
CE04OSSM-RID26-01-ADCPTC000,ensemble_start_time,ensemble_start_time,,,,seconds since 1900-01-01,CE04OSSM,RID26,ADCPT
CE04OSSM-RID26-01-ADCPTC000,ingestion_timestamp,ingestion_timestamp,,,ENG,seconds since 1900-01-01,CE04OSSM,RID26,ADCPT
CE04OSSM-RID26-01-ADCPTC000,real_time_clock,real_time_clock,,,,1,CE04OSSM,RID26,ADCPT
CE04OSSM-RID26-01-ADCPTC000,upward_earth_seawater_velocity,upward_earth_seawater_velocity,-1,1,L1,m s-1,CE04OSSM,RID26,ADCPT
CE04OSSM-RID26-01-ADCPTC000,earth_error_velocity,earth_error_velocity,-1,1,L1,m s-1,CE04OSSM,RID26,ADCPT
CE04OSSM-RID26-04-VELPTA000,driver_timestamp,driver_timestamp,,,ENG,seconds since 1900-01-01,CE04OSSM,RID26,VELPT
CE04OSSM-RID26-04-VELPTA000,firmware_version,firmware_version,,,,1,CE04OSSM,RID26,VELPT
CE04OSSM-RID26-04-VELPTA000,eastward_velocity,eastward_velocity,-3,3,L1,m s-1,CE04OSSM,RID26,VELPT
CE04OSSM-RID26-04-VELPTA000,northward_velocity,northward_velocity,-3,3,L1,m s-1,CE04OSSM,RID26,VELPT
CE04OSSM-RID26-04-VELPTA000,upward_velocity,upward_velocity,-1,1,L1,m s-1,CE04OSSM,RID26,VELPT
CE04OSSM-RID26-04-VELPTA000,internal_timestamp,internal_timestamp,,,ENG,seconds since 1900-01-01,CE04OSSM,RID26,VELPT
CE04OSSM-RID26-04-VELPTA000,preferred_timestamp,preferred_timestamp,,,ENG,1,CE04OSSM,RID26,VELPT
CE04OSSM-RID26-04-VELPTA000,velpt_ab_eastward_velocity,velpt_ab_eastward_velocity,-3,3,L1,m s-1,CE04OSSM,RID26,VELPT
CE04OSSM-RID26-04-VELPTA000,velpt_ab_northward_velocity,velpt_ab_northward_velocity,-3,3,L1,m s-1,CE04OSSM,RID26,VELPT
CE04OSSM-RID26-04-VELPTA000,velpt_ab_upward_velocity,velpt_ab_upward_velocity,-1,1,L1,m s-1,CE04OSSM,RID26,VELPT
CE04OSSM-RID26-04-VELPTA000,number_of_beam_sequences,number_of_beam_sequences,,,,counts,CE04OSSM,RID26,VELPT
CE04OSSM-RID26-04-VELPTA000,number_of_beams_in_diagnostics_mode,number_of_beams_in_diagnostics_mode,,,,counts,CE04OSSM,RID26,VELPT
CE04OSSM-RID26-04-VELPTA000,reserved_bit_easyq,reserved_bit_easyq,,,,1,CE04OSSM,RID26,VELPT
CE04OSSM-RID26-04-VELPTA000,battery_voltage_dv,battery_voltage_dv,,,AUX,dV,CE04OSSM,RID26,VELPT
CE04OSSM-RID26-04-VELPTA000,sound_speed_dms,sound_speed_dms,,,AUX,dm s-1,CE04OSSM,RID26,VELPT
CE04OSSM-RID26-04-VELPTA000,heading_decidegree,heading_decidegree,,,AUX,deci-degrees,CE04OSSM,RID26,VELPT
CE04OSSM-RID26-04-VELPTA000,roll_decidegree,roll_decidegree,,,AUX,deci-degrees,CE04OSSM,RID26,VELPT
CE04OSSM-RID26-04-VELPTA000,pitch_decidegree,pitch_decidegree,,,AUX,deci-degrees,CE04OSSM,RID26,VELPT
CE04OSSM-RID26-04-VELPTA000,temperature_centidegree,temperature_centidegree,,,AUX,cdeg_C,CE04OSSM,RID26,VELPT
CE04OSSM-RID26-04-VELPTA000,pressure_mbar,pressure_mbar,,,AUX,0.001 dbar,CE04OSSM,RID26,VELPT
CE04OSSM-RID26-04-VELPTA000,error_code,error_code,,,,1,CE04OSSM,RID26,VELPT
CE04OSSM-RID26-04-VELPTA000,analog1,analog1,,,,1,CE04OSSM,RID26,VELPT
CE04OSSM-RID26-04-VELPTA000,status,status,,,,1,CE04OSSM,RID26,VELPT
CE04OSSM-RID26-04-VELPTA000,velocity_beam1,velocity_beam1,,,L0,mm s-1,CE04OSSM,RID26,VELPT
CE04OSSM-RID26-04-VELPTA000,velocity_beam2,velocity_beam2,,,L0,mm s-1,CE04OSSM,RID26,VELPT
CE04OSSM-RID26-04-VELPTA000,velocity_beam3,velocity_beam3,,,L0,mm s-1,CE04OSSM,RID26,VELPT
CE04OSSM-RID26-04-VELPTA000,amplitude_beam1,amplitude_beam1,,,AUX,counts,CE04OSSM,RID26,VELPT
CE04OSSM-RID26-04-VELPTA000,amplitude_beam2,amplitude_beam2,,,AUX,counts,CE04OSSM,RID26,VELPT
CE04OSSM-RID26-04-VELPTA000,amplitude_beam3,amplitude_beam3,,,AUX,counts,CE04OSSM,RID26,VELPT
CE04OSSM-RID26-04-VELPTA000,records_to_follow,records_to_follow,,,,1,CE04OSSM,RID26,VELPT
CE04OSSM-RID26-04-VELPTA000,cell_number_diagnostics,cell_number_diagnostics,,,,1,CE04OSSM,RID26,VELPT
CE04OSSM-RID26-04-VELPTA000,noise_amplitude_beam1,noise_amplitude_beam1,,,,counts,CE04OSSM,RID26,VELPT
CE04OSSM-RID26-04-VELPTA000,noise_amplitude_beam2,noise_amplitude_beam2,,,,counts,CE04OSSM,RID26,VELPT
CE04OSSM-RID26-04-VELPTA000,noise_amplitude_beam3,noise_amplitude_beam3,,,,counts,CE04OSSM,RID26,VELPT
CE04OSSM-RID26-04-VELPTA000,noise_amplitude_beam4,noise_amplitude_beam4,,,,counts,CE04OSSM,RID26,VELPT
CE04OSSM-RID26-04-VELPTA000,processing_magnitude_beam1,processing_magnitude_beam1,,,,1,CE04OSSM,RID26,VELPT
CE04OSSM-RID26-04-VELPTA000,processing_magnitude_beam2,processing_magnitude_beam2,,,,1,CE04OSSM,RID26,VELPT
CE04OSSM-RID26-04-VELPTA000,processing_magnitude_beam3,processing_magnitude_beam3,,,,1,CE04OSSM,RID26,VELPT
CE04OSSM-RID26-04-VELPTA000,processing_magnitude_beam4,processing_magnitude_beam4,,,,1,CE04OSSM,RID26,VELPT
CE04OSSM-RID26-04-VELPTA000,distance_beam1,distance_beam1,,,,1,CE04OSSM,RID26,VELPT
CE04OSSM-RID26-04-VELPTA000,distance_beam2,distance_beam2,,,,1,CE04OSSM,RID26,VELPT
CE04OSSM-RID26-04-VELPTA000,distance_beam3,distance_beam3,,,,1,CE04OSSM,RID26,VELPT
CE04OSSM-RID26-04-VELPTA000,distance_beam4,distance_beam4,,,,1,CE04OSSM,RID26,VELPT
CE04OSSM-RID26-04-VELPTA000,instrmt_type_serial_number,instrmt_type_serial_number,,,,1,CE04OSSM,RID26,VELPT
CE04OSSM-RID26-04-VELPTA000,pic_version,pic_version,,,,1,CE04OSSM,RID26,VELPT
CE04OSSM-RID26-04-VELPTA000,hardware_revision,hardware_revision,,,,1,CE04OSSM,RID26,VELPT
CE04OSSM-RID26-04-VELPTA000,recorder_size,recorder_size,,,,bytes,CE04OSSM,RID26,VELPT
CE04OSSM-RID26-04-VELPTA000,velocity_range,velocity_range,,,,1,CE04OSSM,RID26,VELPT
CE04OSSM-RID26-04-VELPTA000,pressure_sensor,pressure_sensor,,,,1,CE04OSSM,RID26,VELPT
CE04OSSM-RID26-04-VELPTA000,magnetometer_sensor,magnetometer_sensor,,,,1,CE04OSSM,RID26,VELPT
CE04OSSM-RID26-04-VELPTA000,tilt_sensor,tilt_sensor,,,,1,CE04OSSM,RID26,VELPT
CE04OSSM-RID26-04-VELPTA000,tilt_sensor_mounting,tilt_sensor_mounting,,,,1,CE04OSSM,RID26,VELPT
CE04OSSM-RID26-04-VELPTA000,head_frequency,head_frequency,,,,kHz,CE04OSSM,RID26,VELPT
CE04OSSM-RID26-04-VELPTA000,head_type,head_type,,,,1,CE04OSSM,RID26,VELPT
CE04OSSM-RID26-04-VELPTA000,head_serial_number,head_serial_number,,,,1,CE04OSSM,RID26,VELPT
CE04OSSM-RID26-04-VELPTA000,number_beams,number_beams,,,,1,CE04OSSM,RID26,VELPT
CE04OSSM-RID26-04-VELPTA000,transmit_pulse_length,transmit_pulse_length,,,,counts,CE04OSSM,RID26,VELPT
CE04OSSM-RID26-04-VELPTA000,blanking_distance,blanking_distance,,,,counts,CE04OSSM,RID26,VELPT
CE04OSSM-RID26-04-VELPTA000,receive_length,receive_length,,,,counts,CE04OSSM,RID26,VELPT
CE04OSSM-RID26-04-VELPTA000,time_between_pings,time_between_pings,,,,counts,CE04OSSM,RID26,VELPT
CE04OSSM-RID26-04-VELPTA000,time_between_bursts,time_between_bursts,,,,counts,CE04OSSM,RID26,VELPT
CE04OSSM-RID26-04-VELPTA000,average_interval,average_interval,,,,s,CE04OSSM,RID26,VELPT
CE04OSSM-RID26-04-VELPTA000,compass_update_rate,compass_update_rate,,,,Hz,CE04OSSM,RID26,VELPT
CE04OSSM-RID26-04-VELPTA000,coordinate_system,coordinate_system,,,,1,CE04OSSM,RID26,VELPT
CE04OSSM-RID26-04-VELPTA000,number_cells,number_cells,,,,1,CE04OSSM,RID26,VELPT
CE04OSSM-RID26-04-VELPTA000,measurement_interval,measurement_interval,,,,s,CE04OSSM,RID26,VELPT
CE04OSSM-RID26-04-VELPTA000,deployment_name,deployment_name,,,,1,CE04OSSM,RID26,VELPT
CE04OSSM-RID26-04-VELPTA000,diagnostics_interval,diagnostics_interval,,,,s,CE04OSSM,RID26,VELPT
CE04OSSM-RID26-04-VELPTA000,use_specified_sound_speed,use_specified_sound_speed,,,,1,CE04OSSM,RID26,VELPT
CE04OSSM-RID26-04-VELPTA000,diagnostics_mode_enable,diagnostics_mode_enable,,,,1,CE04OSSM,RID26,VELPT
CE04OSSM-RID26-04-VELPTA000,analog_output_enable,analog_output_enable,,,,1,CE04OSSM,RID26,VELPT
CE04OSSM-RID26-04-VELPTA000,output_format_nortek,output_format_nortek,,,,1,CE04OSSM,RID26,VELPT
CE04OSSM-RID26-04-VELPTA000,scaling,scaling,,,,1,CE04OSSM,RID26,VELPT
CE04OSSM-RID26-04-VELPTA000,serial_output_enable,serial_output_enable,,,,1,CE04OSSM,RID26,VELPT
CE04OSSM-RID26-04-VELPTA000,stage_enable,stage_enable,,,,1,CE04OSSM,RID26,VELPT
CE04OSSM-RID26-04-VELPTA000,analog_power_output,analog_power_output,,,,1,CE04OSSM,RID26,VELPT
CE04OSSM-RID26-04-VELPTA000,sound_speed_adjust_factor,sound_speed_adjust_factor,,,,m s-1,CE04OSSM,RID26,VELPT
CE04OSSM-RID26-04-VELPTA000,number_diagnostics_samples,number_diagnostics_samples,,,,1,CE04OSSM,RID26,VELPT
CE04OSSM-RID26-04-VELPTA000,number_pings_diagnostic,number_pings_diagnostic,,,,1,CE04OSSM,RID26,VELPT
CE04OSSM-RID26-04-VELPTA000,software_version,software_version,,,,1,CE04OSSM,RID26,VELPT
CE04OSSM-RID26-04-VELPTA000,correlation_threshold,correlation_threshold,,,,1,CE04OSSM,RID26,VELPT
CE04OSSM-RID26-04-VELPTA000,time,time,,,ENG,seconds since 1900-01-01,CE04OSSM,RID26,VELPT
CE04OSSM-RID26-04-VELPTA000,ingestion_timestamp,ingestion_timestamp,,,ENG,seconds since 1900-01-01,CE04OSSM,RID26,VELPT
CE04OSSM-RID26-04-VELPTA000,date_time_string,date_time_string,,,,1,CE04OSSM,RID26,VELPT
CE04OSSM-RID26-06-PHSEND000,driver_timestamp,driver_timestamp,,,ENG,seconds since 1900-01-01,CE04OSSM,RID26,PHSEN
CE04OSSM-RID26-06-PHSEND000,external_device2_fault,external_device2_fault,,,,1,CE04OSSM,RID26,PHSEN
CE04OSSM-RID26-06-PHSEND000,external_device3_fault,external_device3_fault,,,,1,CE04OSSM,RID26,PHSEN
CE04OSSM-RID26-06-PHSEND000,num_data_records,num_data_records,,,,1,CE04OSSM,RID26,PHSEN
CE04OSSM-RID26-06-PHSEND000,num_error_records,num_error_records,,,,1,CE04OSSM,RID26,PHSEN
CE04OSSM-RID26-06-PHSEND000,num_bytes_stored,num_bytes_stored,,,,bytes,CE04OSSM,RID26,PHSEN
CE04OSSM-RID26-06-PHSEND000,internal_timestamp,internal_timestamp,,,ENG,seconds since 1900-01-01,CE04OSSM,RID26,PHSEN
CE04OSSM-RID26-06-PHSEND000,preferred_timestamp,preferred_timestamp,,,ENG,1,CE04OSSM,RID26,PHSEN
CE04OSSM-RID26-06-PHSEND000,passed_checksum,passed_checksum,,,ENG,1,CE04OSSM,RID26,PHSEN
CE04OSSM-RID26-06-PHSEND000,dcl_controller_timestamp,dcl_controller_timestamp,,,ENG,1,CE04OSSM,RID26,PHSEN
CE04OSSM-RID26-06-PHSEND000,phsen_abcdef_ph_seawater,phsen_abcdef_ph_seawater,7.3,8.5,L1,(unitless),CE04OSSM,RID26,PHSEN
CE04OSSM-RID26-06-PHSEND000,battery_low_blank,battery_low_blank,,,,1,CE04OSSM,RID26,PHSEN
CE04OSSM-RID26-06-PHSEND000,unique_id,unique_id,,,,1,CE04OSSM,RID26,PHSEN
CE04OSSM-RID26-06-PHSEND000,record_type,record_type,,,,1,CE04OSSM,RID26,PHSEN
CE04OSSM-RID26-06-PHSEND000,record_time,record_time,,,,seconds since 1904-01-01,CE04OSSM,RID26,PHSEN
CE04OSSM-RID26-06-PHSEND000,light_measurements,light_measurements,,,,counts,CE04OSSM,RID26,PHSEN
CE04OSSM-RID26-06-PHSEND000,voltage_battery,voltage_battery,,,,counts,CE04OSSM,RID26,PHSEN
CE04OSSM-RID26-06-PHSEND000,clock_active,clock_active,,,,1,CE04OSSM,RID26,PHSEN
CE04OSSM-RID26-06-PHSEND000,recording_active,recording_active,,,,1,CE04OSSM,RID26,PHSEN
CE04OSSM-RID26-06-PHSEND000,record_end_on_time,record_end_on_time,,,,1,CE04OSSM,RID26,PHSEN
CE04OSSM-RID26-06-PHSEND000,record_memory_full,record_memory_full,,,,1,CE04OSSM,RID26,PHSEN
CE04OSSM-RID26-06-PHSEND000,phsen_abcdef_signal_intensity_434,phsen_abcdef_signal_intensity_434,,,L0,counts,CE04OSSM,RID26,PHSEN
CE04OSSM-RID26-06-PHSEND000,phsen_abcdef_signal_intensity_578,phsen_abcdef_signal_intensity_578,,,L0,counts,CE04OSSM,RID26,PHSEN
CE04OSSM-RID26-06-PHSEND000,record_end_on_error,record_end_on_error,,,,1,CE04OSSM,RID26,PHSEN
CE04OSSM-RID26-06-PHSEND000,data_download_ok,data_download_ok,,,,1,CE04OSSM,RID26,PHSEN
CE04OSSM-RID26-06-PHSEND000,flash_memory_open,flash_memory_open,,,,1,CE04OSSM,RID26,PHSEN
CE04OSSM-RID26-06-PHSEND000,battery_low_prestart,battery_low_prestart,,,,1,CE04OSSM,RID26,PHSEN
CE04OSSM-RID26-06-PHSEND000,battery_low_measurement,battery_low_measurement,,,,1,CE04OSSM,RID26,PHSEN
CE04OSSM-RID26-06-PHSEND000,battery_low_external,battery_low_external,,,,1,CE04OSSM,RID26,PHSEN
CE04OSSM-RID26-06-PHSEND000,external_device1_fault,external_device1_fault,,,,1,CE04OSSM,RID26,PHSEN
CE04OSSM-RID26-06-PHSEND000,flash_erased,flash_erased,,,,1,CE04OSSM,RID26,PHSEN
CE04OSSM-RID26-06-PHSEND000,power_on_invalid,power_on_invalid,,,,1,CE04OSSM,RID26,PHSEN
CE04OSSM-RID26-06-PHSEND000,time,time,,,ENG,seconds since 1900-01-01,CE04OSSM,RID26,PHSEN
CE04OSSM-RID26-06-PHSEND000,ingestion_timestamp,ingestion_timestamp,,,ENG,seconds since 1900-01-01,CE04OSSM,RID26,PHSEN
CE04OSSM-RID26-06-PHSEND000,thermistor_start,thermistor_start,,,,counts,CE04OSSM,RID26,PHSEN
CE04OSSM-RID26-06-PHSEND000,reference_light_measurements,reference_light_measurements,,,,counts,CE04OSSM,RID26,PHSEN
CE04OSSM-RID26-06-PHSEND000,thermistor_end,thermistor_end,,,,counts,CE04OSSM,RID26,PHSEN
CE04OSSM-RID26-06-PHSEND000,phsen_thermistor_temperature,phsen_thermistor_temperature,,,L0,V,CE04OSSM,RID26,PHSEN
CE04OSSM-RID26-07-NUTNRB000,driver_timestamp,driver_timestamp,,,ENG,seconds since 1900-01-01,CE04OSSM,RID26,NUTNR
CE04OSSM-RID26-07-NUTNRB000,firmware_version,firmware_version,,,,1,CE04OSSM,RID26,NUTNR
CE04OSSM-RID26-07-NUTNRB000,internal_timestamp,internal_timestamp,,,ENG,seconds since 1900-01-01,CE04OSSM,RID26,NUTNR
CE04OSSM-RID26-07-NUTNRB000,preferred_timestamp,preferred_timestamp,,,ENG,1,CE04OSSM,RID26,NUTNR
CE04OSSM-RID26-07-NUTNRB000,dcl_controller_timestamp,dcl_controller_timestamp,,,ENG,1,CE04OSSM,RID26,NUTNR
CE04OSSM-RID26-07-NUTNRB000,startup_time_string,startup_time_string,,,,1,CE04OSSM,RID26,NUTNR
CE04OSSM-RID26-07-NUTNRB000,nutnr_b_temp_sal_corrected_nitrate,nutnr_b_temp_sal_corrected_nitrate,0,40,L2,umol L-1,CE04OSSM,RID26,NUTNR
CE04OSSM-RID26-07-NUTNRB000,firmware_date,firmware_date,,,,1,CE04OSSM,RID26,NUTNR
CE04OSSM-RID26-07-NUTNRB000,frame_header,frame_header,,,,1,CE04OSSM,RID26,NUTNR
CE04OSSM-RID26-07-NUTNRB000,frame_type,frame_type,,,,1,CE04OSSM,RID26,NUTNR
CE04OSSM-RID26-07-NUTNRB000,serial_number,serial_number,,,ENG,1,CE04OSSM,RID26,NUTNR
CE04OSSM-RID26-07-NUTNRB000,date_of_sample,date_of_sample,,,AUX,1,CE04OSSM,RID26,NUTNR
CE04OSSM-RID26-07-NUTNRB000,time_of_sample,time_of_sample,,,AUX,h,CE04OSSM,RID26,NUTNR
CE04OSSM-RID26-07-NUTNRB000,nitrate_concentration,nitrate_concentration,0,40,L1,umol L-1,CE04OSSM,RID26,NUTNR
CE04OSSM-RID26-07-NUTNRB000,aux_fitting_1,aux_fitting_1,,,AUX,1,CE04OSSM,RID26,NUTNR
CE04OSSM-RID26-07-NUTNRB000,aux_fitting_2,aux_fitting_2,,,AUX,1,CE04OSSM,RID26,NUTNR
CE04OSSM-RID26-07-NUTNRB000,aux_fitting_3,aux_fitting_3,,,AUX,1,CE04OSSM,RID26,NUTNR
CE04OSSM-RID26-07-NUTNRB000,rms_error,rms_error,,,AUX,umol L-1,CE04OSSM,RID26,NUTNR
CE04OSSM-RID26-07-NUTNRB000,temp_interior,temp_interior,,,AUX,deg_C,CE04OSSM,RID26,NUTNR
CE04OSSM-RID26-07-NUTNRB000,temp_spectrometer,temp_spectrometer,,,AUX,deg_C,CE04OSSM,RID26,NUTNR
CE04OSSM-RID26-07-NUTNRB000,temp_lamp,temp_lamp,,,AUX,deg_C,CE04OSSM,RID26,NUTNR
CE04OSSM-RID26-07-NUTNRB000,humidity,humidity,,,AUX,%,CE04OSSM,RID26,NUTNR
CE04OSSM-RID26-07-NUTNRB000,voltage_lamp,voltage_lamp,,,AUX,V,CE04OSSM,RID26,NUTNR
CE04OSSM-RID26-07-NUTNRB000,voltage_analog,voltage_analog,,,AUX,V,CE04OSSM,RID26,NUTNR
CE04OSSM-RID26-07-NUTNRB000,voltage_main,voltage_main,,,AUX,V,CE04OSSM,RID26,NUTNR
CE04OSSM-RID26-07-NUTNRB000,ref_channel_average,ref_channel_average,,,,counts,CE04OSSM,RID26,NUTNR
CE04OSSM-RID26-07-NUTNRB000,ref_channel_variance,ref_channel_variance,,,,1,CE04OSSM,RID26,NUTNR
CE04OSSM-RID26-07-NUTNRB000,sea_water_dark,sea_water_dark,,,AUX,counts,CE04OSSM,RID26,NUTNR
CE04OSSM-RID26-07-NUTNRB000,spec_channel_average,spec_channel_average,,,,counts,CE04OSSM,RID26,NUTNR
CE04OSSM-RID26-07-NUTNRB000,spectral_channels,spectral_channels,,,L0,counts,CE04OSSM,RID26,NUTNR
CE04OSSM-RID26-07-NUTNRB000,startup_time,startup_time,,,,seconds since 1970-01-01,CE04OSSM,RID26,NUTNR
CE04OSSM-RID26-07-NUTNRB000,lamp_time,lamp_time,,,AUX,s,CE04OSSM,RID26,NUTNR
CE04OSSM-RID26-07-NUTNRB000,spec_on_time,spec_on_time,,,,seconds since 1970-01-01,CE04OSSM,RID26,NUTNR
CE04OSSM-RID26-07-NUTNRB000,spec_powered_time,spec_powered_time,,,,seconds since 1970-01-01,CE04OSSM,RID26,NUTNR
CE04OSSM-RID26-07-NUTNRB000,lamp_on_time,lamp_on_time,,,,seconds since 1970-01-01,CE04OSSM,RID26,NUTNR
CE04OSSM-RID26-07-NUTNRB000,lamp_powered_time,lamp_powered_time,,,,seconds since 1970-01-01,CE04OSSM,RID26,NUTNR
CE04OSSM-RID26-07-NUTNRB000,data_log_file,data_log_file,,,,1,CE04OSSM,RID26,NUTNR
CE04OSSM-RID26-07-NUTNRB000,dark_frame_spectral_channels,dark_frame_spectral_channels,,,AUX,counts,CE04OSSM,RID26,NUTNR
CE04OSSM-RID26-07-NUTNRB000,time,time,,,ENG,seconds since 1900-01-01,CE04OSSM,RID26,NUTNR
CE04OSSM-RID26-07-NUTNRB000,ingestion_timestamp,ingestion_timestamp,,,ENG,seconds since 1900-01-01,CE04OSSM,RID26,NUTNR
CE04OSSM-RID26-08-SPKIRB000,instrument_id,instrument_id,,,ENG,1,CE04OSSM,RID26,SPKIR
CE04OSSM-RID26-08-SPKIRB000,timer,timer,,,ENG,s,CE04OSSM,RID26,SPKIR
CE04OSSM-RID26-08-SPKIRB000,sample_delay,sample_delay,,,ENG,ms,CE04OSSM,RID26,SPKIR
CE04OSSM-RID26-08-SPKIRB000,driver_timestamp,driver_timestamp,,,ENG,seconds since 1900-01-01,CE04OSSM,RID26,SPKIR
CE04OSSM-RID26-08-SPKIRB000,vin_sense,vin_sense,,,ENG,counts,CE04OSSM,RID26,SPKIR
CE04OSSM-RID26-08-SPKIRB000,va_sense,va_sense,,,ENG,counts,CE04OSSM,RID26,SPKIR
CE04OSSM-RID26-08-SPKIRB000,internal_temperature,internal_temperature,,,AUX,counts,CE04OSSM,RID26,SPKIR
CE04OSSM-RID26-08-SPKIRB000,frame_counter,frame_counter,,,ENG,counts,CE04OSSM,RID26,SPKIR
CE04OSSM-RID26-08-SPKIRB000,internal_timestamp,internal_timestamp,,,ENG,seconds since 1900-01-01,CE04OSSM,RID26,SPKIR
CE04OSSM-RID26-08-SPKIRB000,preferred_timestamp,preferred_timestamp,,,ENG,1,CE04OSSM,RID26,SPKIR
CE04OSSM-RID26-08-SPKIRB000,passed_checksum,passed_checksum,,,ENG,1,CE04OSSM,RID26,SPKIR
CE04OSSM-RID26-08-SPKIRB000,channel_array,channel_array,,,L0,counts,CE04OSSM,RID26,SPKIR
CE04OSSM-RID26-08-SPKIRB000,dcl_controller_timestamp,dcl_controller_timestamp,,,ENG,1,CE04OSSM,RID26,SPKIR
CE04OSSM-RID26-08-SPKIRB000,spkir_abj_cspp_downwelling_vector,spkir_abj_cspp_downwelling_vector,0,300,L1,uW cm-2 nm-1,CE04OSSM,RID26,SPKIR
CE04OSSM-RID26-08-SPKIRB000,serial_number,serial_number,,,ENG,1,CE04OSSM,RID26,SPKIR
CE04OSSM-RID26-08-SPKIRB000,time,time,,,ENG,seconds since 1900-01-01,CE04OSSM,RID26,SPKIR
CE04OSSM-RID26-08-SPKIRB000,ingestion_timestamp,ingestion_timestamp,,,ENG,seconds since 1900-01-01,CE04OSSM,RID26,SPKIR
CE04OSSM-RID27-01-OPTAAD000,driver_timestamp,driver_timestamp,,,ENG,seconds since 1900-01-01,CE04OSSM,RID27,OPTAA
CE04OSSM-RID27-01-OPTAAD000,internal_timestamp,internal_timestamp,,,ENG,seconds since 1900-01-01,CE04OSSM,RID27,OPTAA
CE04OSSM-RID27-01-OPTAAD000,preferred_timestamp,preferred_timestamp,,,ENG,1,CE04OSSM,RID27,OPTAA
CE04OSSM-RID27-01-OPTAAD000,start_date,start_date,,,,1,CE04OSSM,RID27,OPTAA
CE04OSSM-RID27-01-OPTAAD000,serial_number,serial_number,,,ENG,1,CE04OSSM,RID27,OPTAA
CE04OSSM-RID27-01-OPTAAD000,optaa_dj_dcl_beam_attenuation,optaa_dj_dcl_beam_attenuation,0,100,L2,m-1,CE04OSSM,RID27,OPTAA
CE04OSSM-RID27-01-OPTAAD000,optaa_dj_dcl_optical_absorption,optaa_dj_dcl_optical_absorption,0,100,L2,m-1,CE04OSSM,RID27,OPTAA
CE04OSSM-RID27-01-OPTAAD000,packet_type,packet_type,,,,1,CE04OSSM,RID27,OPTAA
CE04OSSM-RID27-01-OPTAAD000,meter_type,meter_type,,,,1,CE04OSSM,RID27,OPTAA
CE04OSSM-RID27-01-OPTAAD000,a_reference_dark_counts,a_reference_dark_counts,,,,counts,CE04OSSM,RID27,OPTAA
CE04OSSM-RID27-01-OPTAAD000,pressure_counts,pressure_counts,,,,counts,CE04OSSM,RID27,OPTAA
CE04OSSM-RID27-01-OPTAAD000,a_signal_dark_counts,a_signal_dark_counts,,,,counts,CE04OSSM,RID27,OPTAA
CE04OSSM-RID27-01-OPTAAD000,external_temp_raw,external_temp_raw,,,,counts,CE04OSSM,RID27,OPTAA
CE04OSSM-RID27-01-OPTAAD000,internal_temp_raw,internal_temp_raw,,,L0,counts,CE04OSSM,RID27,OPTAA
CE04OSSM-RID27-01-OPTAAD000,c_reference_dark_counts,c_reference_dark_counts,,,,counts,CE04OSSM,RID27,OPTAA
CE04OSSM-RID27-01-OPTAAD000,c_signal_dark_counts,c_signal_dark_counts,,,,counts,CE04OSSM,RID27,OPTAA
CE04OSSM-RID27-01-OPTAAD000,elapsed_run_time,elapsed_run_time,,,,ms,CE04OSSM,RID27,OPTAA
CE04OSSM-RID27-01-OPTAAD000,num_wavelengths,num_wavelengths,,,,1,CE04OSSM,RID27,OPTAA
CE04OSSM-RID27-01-OPTAAD000,c_reference_counts,c_reference_counts,,,L0,counts,CE04OSSM,RID27,OPTAA
CE04OSSM-RID27-01-OPTAAD000,a_reference_counts,a_reference_counts,,,L0,counts,CE04OSSM,RID27,OPTAA
CE04OSSM-RID27-01-OPTAAD000,c_signal_counts,c_signal_counts,,,L0,counts,CE04OSSM,RID27,OPTAA
CE04OSSM-RID27-01-OPTAAD000,a_signal_counts,a_signal_counts,,,L0,counts,CE04OSSM,RID27,OPTAA
CE04OSSM-RID27-01-OPTAAD000,time,time,,,ENG,seconds since 1900-01-01,CE04OSSM,RID27,OPTAA
CE04OSSM-RID27-01-OPTAAD000,ingestion_timestamp,ingestion_timestamp,,,ENG,seconds since 1900-01-01,CE04OSSM,RID27,OPTAA
CE04OSSM-RID27-02-FLORTD000,driver_timestamp,driver_timestamp,,,ENG,seconds since 1900-01-01,CE04OSSM,RID27,FLORT
CE04OSSM-RID27-02-FLORTD000,date_string,date_string,,,ENG,1,CE04OSSM,RID27,FLORT
CE04OSSM-RID27-02-FLORTD000,time_string,time_string,,,ENG,1,CE04OSSM,RID27,FLORT
CE04OSSM-RID27-02-FLORTD000,measurement_wavelength_beta,measurement_wavelength_beta,,,,nm,CE04OSSM,RID27,FLORT
CE04OSSM-RID27-02-FLORTD000,raw_signal_beta,raw_signal_beta,,,L0,counts,CE04OSSM,RID27,FLORT
CE04OSSM-RID27-02-FLORTD000,measurement_wavelength_chl,measurement_wavelength_chl,,,,nm,CE04OSSM,RID27,FLORT
CE04OSSM-RID27-02-FLORTD000,raw_signal_chl,raw_signal_chl,,,L0,counts,CE04OSSM,RID27,FLORT
CE04OSSM-RID27-02-FLORTD000,measurement_wavelength_cdom,measurement_wavelength_cdom,,,,nm,CE04OSSM,RID27,FLORT
CE04OSSM-RID27-02-FLORTD000,raw_signal_cdom,raw_signal_cdom,,,L0,counts,CE04OSSM,RID27,FLORT
CE04OSSM-RID27-02-FLORTD000,raw_internal_temp,raw_internal_temp,,,,counts,CE04OSSM,RID27,FLORT
CE04OSSM-RID27-02-FLORTD000,internal_timestamp,internal_timestamp,,,ENG,seconds since 1900-01-01,CE04OSSM,RID27,FLORT
CE04OSSM-RID27-02-FLORTD000,preferred_timestamp,preferred_timestamp,,,ENG,1,CE04OSSM,RID27,FLORT
CE04OSSM-RID27-02-FLORTD000,flort_k_total_volume_scattering_coefficient,flort_k_total_volume_scattering_coefficient,,,L1,m-1 sr-1,CE04OSSM,RID27,FLORT
CE04OSSM-RID27-02-FLORTD000,fluorometric_chlorophyll_a,fluorometric_chlorophyll_a,0,50,L1,ug L-1,CE04OSSM,RID27,FLORT
CE04OSSM-RID27-02-FLORTD000,fluorometric_cdom,fluorometric_cdom,0,375,L1,ppb,CE04OSSM,RID27,FLORT
CE04OSSM-RID27-02-FLORTD000,dcl_controller_timestamp,dcl_controller_timestamp,,,ENG,1,CE04OSSM,RID27,FLORT
CE04OSSM-RID27-02-FLORTD000,flort_dj_dcl_bback_total,flort_dj_dcl_bback_total,0.0003,1,L2,m-1,CE04OSSM,RID27,FLORT
CE04OSSM-RID27-02-FLORTD000,flort_d_dcl_ctdbp_scat_seawater,flort_d_dcl_ctdbp_scat_seawater,,,AUX,m-1,CE04OSSM,RID27,FLORT
CE04OSSM-RID27-02-FLORTD000,time,time,,,ENG,seconds since 1900-01-01,CE04OSSM,RID27,FLORT
CE04OSSM-RID27-02-FLORTD000,ingestion_timestamp,ingestion_timestamp,,,ENG,seconds since 1900-01-01,CE04OSSM,RID27,FLORT
CE04OSSM-RID27-03-CTDBPC000,conductivity,conductivity,0,6,L1,S m-1,CE04OSSM,RID27,CTDBP
CE04OSSM-RID27-03-CTDBPC000,driver_timestamp,driver_timestamp,,,ENG,seconds since 1900-01-01,CE04OSSM,RID27,CTDBP
CE04OSSM-RID27-03-CTDBPC000,internal_timestamp,internal_timestamp,,,ENG,seconds since 1900-01-01,CE04OSSM,RID27,CTDBP
CE04OSSM-RID27-03-CTDBPC000,preferred_timestamp,preferred_timestamp,,,ENG,1,CE04OSSM,RID27,CTDBP
CE04OSSM-RID27-03-CTDBPC000,temperature,temperature,,,L0,counts,CE04OSSM,RID27,CTDBP
CE04OSSM-RID27-03-CTDBPC000,conductivity,conductivity,,,L0,counts,CE04OSSM,RID27,CTDBP
CE04OSSM-RID27-03-CTDBPC000,pressure,pressure,,,L0,counts,CE04OSSM,RID27,CTDBP
CE04OSSM-RID27-03-CTDBPC000,pressure_temp,pressure_temp,,,L0,counts,CE04OSSM,RID27,CTDBP
CE04OSSM-RID27-03-CTDBPC000,ctd_time,ctd_time,,,ENG,seconds since 2000-01-01,CE04OSSM,RID27,CTDBP
CE04OSSM-RID27-03-CTDBPC000,pressure,pressure,0,6000,L1,dbar,CE04OSSM,RID27,CTDBP
CE04OSSM-RID27-03-CTDBPC000,dcl_controller_timestamp,dcl_controller_timestamp,,,ENG,1,CE04OSSM,RID27,CTDBP
CE04OSSM-RID27-03-CTDBPC000,ctdbp_seawater_temperature,ctdbp_seawater_temperature,-2,40,L1,deg_C,CE04OSSM,RID27,CTDBP
CE04OSSM-RID27-03-CTDBPC000,ctdbp_seawater_pressure,ctdbp_seawater_pressure,0,6000,L1,dbar,CE04OSSM,RID27,CTDBP
CE04OSSM-RID27-03-CTDBPC000,ctdbp_seawater_conductivity,ctdbp_seawater_conductivity,0,6,L1,S m-1,CE04OSSM,RID27,CTDBP
CE04OSSM-RID27-03-CTDBPC000,ctdbp_practical_salinity,ctdbp_practical_salinity,0,42,L2,1,CE04OSSM,RID27,CTDBP
CE04OSSM-RID27-03-CTDBPC000,ctdbp_seawater_density,ctdbp_seawater_density,1000,1100,L2,kg m-3,CE04OSSM,RID27,CTDBP
CE04OSSM-RID27-03-CTDBPC000,ctdbp_cdef_dcl_ce_density,ctdbp_cdef_dcl_ce_density,1000,1100,L2,kg m-3,CE04OSSM,RID27,CTDBP
CE04OSSM-RID27-03-CTDBPC000,temp,temp,-2,40,L1,deg_C,CE04OSSM,RID27,CTDBP
CE04OSSM-RID27-03-CTDBPC000,time,time,,,ENG,seconds since 1900-01-01,CE04OSSM,RID27,CTDBP
CE04OSSM-RID27-03-CTDBPC000,ingestion_timestamp,ingestion_timestamp,,,ENG,seconds since 1900-01-01,CE04OSSM,RID27,CTDBP
CE04OSSM-RID27-03-CTDBPC000,salinity,salinity,0,42,L2,(unitless),CE04OSSM,RID27,CTDBP
CE04OSSM-RID27-03-CTDBPC000,date_time_string,date_time_string,,,,1,CE04OSSM,RID27,CTDBP
CE04OSSM-RID27-04-DOSTAD000,product_number,product_number,,,,1,CE04OSSM,RID27,DOSTA
CE04OSSM-RID27-04-DOSTAD000,driver_timestamp,driver_timestamp,,,ENG,seconds since 1900-01-01,CE04OSSM,RID27,DOSTA
CE04OSSM-RID27-04-DOSTAD000,internal_timestamp,internal_timestamp,,,ENG,seconds since 1900-01-01,CE04OSSM,RID27,DOSTA
CE04OSSM-RID27-04-DOSTAD000,preferred_timestamp,preferred_timestamp,,,ENG,1,CE04OSSM,RID27,DOSTA
CE04OSSM-RID27-04-DOSTAD000,dcl_controller_timestamp,dcl_controller_timestamp,,,ENG,1,CE04OSSM,RID27,DOSTA
CE04OSSM-RID27-04-DOSTAD000,dosta_abcdjm_cspp_tc_oxygen,dosta_abcdjm_cspp_tc_oxygen,0,400,L1,umol L-1,CE04OSSM,RID27,DOSTA
CE04OSSM-RID27-04-DOSTAD000,serial_number,serial_number,,,ENG,1,CE04OSSM,RID27,DOSTA
CE04OSSM-RID27-04-DOSTAD000,dosta_abcdjm_dcl_abs_oxygen,dosta_abcdjm_dcl_abs_oxygen,0,400,L2,umol kg-1,CE04OSSM,RID27,DOSTA
CE04OSSM-RID27-04-DOSTAD000,dosta_abcdjm_dcl_metbk_abs_oxygen,dosta_abcdjm_dcl_metbk_abs_oxygen,0,400,L2,umol kg-1,CE04OSSM,RID27,DOSTA
CE04OSSM-RID27-04-DOSTAD000,dosta_abcdjm_dcl_ctdbp_abs_oxygen,dosta_abcdjm_dcl_ctdbp_abs_oxygen,0,400,L2,umol kg-1,CE04OSSM,RID27,DOSTA
CE04OSSM-RID27-04-DOSTAD000,time,time,,,ENG,seconds since 1900-01-01,CE04OSSM,RID27,DOSTA
CE04OSSM-RID27-04-DOSTAD000,ingestion_timestamp,ingestion_timestamp,,,ENG,seconds since 1900-01-01,CE04OSSM,RID27,DOSTA
CE04OSSM-RID27-04-DOSTAD000,estimated_oxygen_concentration,estimated_oxygen_concentration,0,400,L1,umol L-1,CE04OSSM,RID27,DOSTA
CE04OSSM-RID27-04-DOSTAD000,estimated_oxygen_saturation,estimated_oxygen_saturation,0,110,L1,percent,CE04OSSM,RID27,DOSTA
CE04OSSM-RID27-04-DOSTAD000,optode_temperature,optode_temperature,-2,40,,deg_C,CE04OSSM,RID27,DOSTA
CE04OSSM-RID27-04-DOSTAD000,calibrated_phase,calibrated_phase,,,L0,degrees,CE04OSSM,RID27,DOSTA
CE04OSSM-RID27-04-DOSTAD000,temp_compensated_phase,temp_compensated_phase,,,,degrees,CE04OSSM,RID27,DOSTA
CE04OSSM-RID27-04-DOSTAD000,blue_phase,blue_phase,,,,degrees,CE04OSSM,RID27,DOSTA
CE04OSSM-RID27-04-DOSTAD000,red_phase,red_phase,,,,degrees,CE04OSSM,RID27,DOSTA
CE04OSSM-RID27-04-DOSTAD000,blue_amplitude,blue_amplitude,,,,mV,CE04OSSM,RID27,DOSTA
CE04OSSM-RID27-04-DOSTAD000,red_amplitude,red_amplitude,,,,mV,CE04OSSM,RID27,DOSTA
CE04OSSM-RID27-04-DOSTAD000,raw_temperature,raw_temperature,,,,mV,CE04OSSM,RID27,DOSTA
CE04OSSM-SBD11-01-MOPAK0000,driver_timestamp,driver_timestamp,,,ENG,seconds since 1900-01-01,CE04OSSM,SBD11,MOPAK
CE04OSSM-SBD11-01-MOPAK0000,internal_timestamp,internal_timestamp,,,ENG,seconds since 1900-01-01,CE04OSSM,SBD11,MOPAK
CE04OSSM-SBD11-01-MOPAK0000,mopak_accelx,mopak_accelx,,,ENG,g0,CE04OSSM,SBD11,MOPAK
CE04OSSM-SBD11-01-MOPAK0000,mopak_accely,mopak_accely,,,ENG,g0,CE04OSSM,SBD11,MOPAK
CE04OSSM-SBD11-01-MOPAK0000,mopak_accelz,mopak_accelz,,,ENG,g0,CE04OSSM,SBD11,MOPAK
CE04OSSM-SBD11-01-MOPAK0000,mopak_ang_ratex,mopak_ang_ratex,,,ENG,rad s-1,CE04OSSM,SBD11,MOPAK
CE04OSSM-SBD11-01-MOPAK0000,mopak_ang_ratey,mopak_ang_ratey,,,ENG,rad s-1,CE04OSSM,SBD11,MOPAK
CE04OSSM-SBD11-01-MOPAK0000,preferred_timestamp,preferred_timestamp,,,ENG,1,CE04OSSM,SBD11,MOPAK
CE04OSSM-SBD11-01-MOPAK0000,mopak_ang_ratez,mopak_ang_ratez,,,ENG,rad s-1,CE04OSSM,SBD11,MOPAK
CE04OSSM-SBD11-01-MOPAK0000,mopak_magx,mopak_magx,,,ENG,Gs,CE04OSSM,SBD11,MOPAK
CE04OSSM-SBD11-01-MOPAK0000,mopak_magy,mopak_magy,,,ENG,Gs,CE04OSSM,SBD11,MOPAK
CE04OSSM-SBD11-01-MOPAK0000,mopak_magz,mopak_magz,,,ENG,Gs,CE04OSSM,SBD11,MOPAK
CE04OSSM-SBD11-01-MOPAK0000,mopak_timer,mopak_timer,,,ENG,counts,CE04OSSM,SBD11,MOPAK
CE04OSSM-SBD11-01-MOPAK0000,mopak_roll,mopak_roll,,,ENG,degrees,CE04OSSM,SBD11,MOPAK
CE04OSSM-SBD11-01-MOPAK0000,mopak_pitch,mopak_pitch,,,ENG,degrees,CE04OSSM,SBD11,MOPAK
CE04OSSM-SBD11-01-MOPAK0000,mopak_yaw,mopak_yaw,,,ENG,degrees,CE04OSSM,SBD11,MOPAK
CE04OSSM-SBD11-01-MOPAK0000,time,time,,,ENG,seconds since 1900-01-01,CE04OSSM,SBD11,MOPAK
CE04OSSM-SBD11-01-MOPAK0000,ingestion_timestamp,ingestion_timestamp,,,ENG,seconds since 1900-01-01,CE04OSSM,SBD11,MOPAK
CE04OSSM-SBD11-02-HYDGN0000,driver_timestamp,driver_timestamp,,,ENG,seconds since 1900-01-01,CE04OSSM,SBD11,HYDGN
CE04OSSM-SBD11-02-HYDGN0000,internal_timestamp,internal_timestamp,,,ENG,seconds since 1900-01-01,CE04OSSM,SBD11,HYDGN
CE04OSSM-SBD11-02-HYDGN0000,preferred_timestamp,preferred_timestamp,,,ENG,1,CE04OSSM,SBD11,HYDGN
CE04OSSM-SBD11-02-HYDGN0000,dcl_controller_timestamp,dcl_controller_timestamp,,,ENG,1,CE04OSSM,SBD11,HYDGN
CE04OSSM-SBD11-02-HYDGN0000,hyd_raw,hyd_raw,,,AUX,counts,CE04OSSM,SBD11,HYDGN
CE04OSSM-SBD11-02-HYDGN0000,hyd_percent,hyd_percent,,,AUX,Percentage,CE04OSSM,SBD11,HYDGN
CE04OSSM-SBD11-02-HYDGN0000,time,time,,,ENG,seconds since 1900-01-01,CE04OSSM,SBD11,HYDGN
CE04OSSM-SBD11-02-HYDGN0000,ingestion_timestamp,ingestion_timestamp,,,ENG,seconds since 1900-01-01,CE04OSSM,SBD11,HYDGN
CE04OSSM-SBD11-04-VELPTA000,driver_timestamp,driver_timestamp,,,ENG,seconds since 1900-01-01,CE04OSSM,SBD11,VELPT
CE04OSSM-SBD11-04-VELPTA000,firmware_version,firmware_version,,,,1,CE04OSSM,SBD11,VELPT
CE04OSSM-SBD11-04-VELPTA000,eastward_velocity,eastward_velocity,-3,3,L1,m s-1,CE04OSSM,SBD11,VELPT
CE04OSSM-SBD11-04-VELPTA000,northward_velocity,northward_velocity,-3,3,L1,m s-1,CE04OSSM,SBD11,VELPT
CE04OSSM-SBD11-04-VELPTA000,upward_velocity,upward_velocity,-1,1,L1,m s-1,CE04OSSM,SBD11,VELPT
CE04OSSM-SBD11-04-VELPTA000,internal_timestamp,internal_timestamp,,,ENG,seconds since 1900-01-01,CE04OSSM,SBD11,VELPT
CE04OSSM-SBD11-04-VELPTA000,preferred_timestamp,preferred_timestamp,,,ENG,1,CE04OSSM,SBD11,VELPT
CE04OSSM-SBD11-04-VELPTA000,velpt_ab_eastward_velocity,velpt_ab_eastward_velocity,-3,3,L1,m s-1,CE04OSSM,SBD11,VELPT
CE04OSSM-SBD11-04-VELPTA000,velpt_ab_northward_velocity,velpt_ab_northward_velocity,-3,3,L1,m s-1,CE04OSSM,SBD11,VELPT
CE04OSSM-SBD11-04-VELPTA000,velpt_ab_upward_velocity,velpt_ab_upward_velocity,-1,1,L1,m s-1,CE04OSSM,SBD11,VELPT
CE04OSSM-SBD11-04-VELPTA000,number_of_beam_sequences,number_of_beam_sequences,,,,counts,CE04OSSM,SBD11,VELPT
CE04OSSM-SBD11-04-VELPTA000,number_of_beams_in_diagnostics_mode,number_of_beams_in_diagnostics_mode,,,,counts,CE04OSSM,SBD11,VELPT
CE04OSSM-SBD11-04-VELPTA000,reserved_bit_easyq,reserved_bit_easyq,,,,1,CE04OSSM,SBD11,VELPT
CE04OSSM-SBD11-04-VELPTA000,battery_voltage_dv,battery_voltage_dv,,,AUX,dV,CE04OSSM,SBD11,VELPT
CE04OSSM-SBD11-04-VELPTA000,sound_speed_dms,sound_speed_dms,,,AUX,dm s-1,CE04OSSM,SBD11,VELPT
CE04OSSM-SBD11-04-VELPTA000,heading_decidegree,heading_decidegree,,,AUX,deci-degrees,CE04OSSM,SBD11,VELPT
CE04OSSM-SBD11-04-VELPTA000,roll_decidegree,roll_decidegree,,,AUX,deci-degrees,CE04OSSM,SBD11,VELPT
CE04OSSM-SBD11-04-VELPTA000,pitch_decidegree,pitch_decidegree,,,AUX,deci-degrees,CE04OSSM,SBD11,VELPT
CE04OSSM-SBD11-04-VELPTA000,temperature_centidegree,temperature_centidegree,,,AUX,cdeg_C,CE04OSSM,SBD11,VELPT
CE04OSSM-SBD11-04-VELPTA000,pressure_mbar,pressure_mbar,,,AUX,0.001 dbar,CE04OSSM,SBD11,VELPT
CE04OSSM-SBD11-04-VELPTA000,error_code,error_code,,,,1,CE04OSSM,SBD11,VELPT
CE04OSSM-SBD11-04-VELPTA000,analog1,analog1,,,,1,CE04OSSM,SBD11,VELPT
CE04OSSM-SBD11-04-VELPTA000,status,status,,,,1,CE04OSSM,SBD11,VELPT
CE04OSSM-SBD11-04-VELPTA000,velocity_beam1,velocity_beam1,,,L0,mm s-1,CE04OSSM,SBD11,VELPT
CE04OSSM-SBD11-04-VELPTA000,velocity_beam2,velocity_beam2,,,L0,mm s-1,CE04OSSM,SBD11,VELPT
CE04OSSM-SBD11-04-VELPTA000,velocity_beam3,velocity_beam3,,,L0,mm s-1,CE04OSSM,SBD11,VELPT
CE04OSSM-SBD11-04-VELPTA000,amplitude_beam1,amplitude_beam1,,,AUX,counts,CE04OSSM,SBD11,VELPT
CE04OSSM-SBD11-04-VELPTA000,amplitude_beam2,amplitude_beam2,,,AUX,counts,CE04OSSM,SBD11,VELPT
CE04OSSM-SBD11-04-VELPTA000,amplitude_beam3,amplitude_beam3,,,AUX,counts,CE04OSSM,SBD11,VELPT
CE04OSSM-SBD11-04-VELPTA000,records_to_follow,records_to_follow,,,,1,CE04OSSM,SBD11,VELPT
CE04OSSM-SBD11-04-VELPTA000,cell_number_diagnostics,cell_number_diagnostics,,,,1,CE04OSSM,SBD11,VELPT
CE04OSSM-SBD11-04-VELPTA000,noise_amplitude_beam1,noise_amplitude_beam1,,,,counts,CE04OSSM,SBD11,VELPT
CE04OSSM-SBD11-04-VELPTA000,noise_amplitude_beam2,noise_amplitude_beam2,,,,counts,CE04OSSM,SBD11,VELPT
CE04OSSM-SBD11-04-VELPTA000,noise_amplitude_beam3,noise_amplitude_beam3,,,,counts,CE04OSSM,SBD11,VELPT
CE04OSSM-SBD11-04-VELPTA000,noise_amplitude_beam4,noise_amplitude_beam4,,,,counts,CE04OSSM,SBD11,VELPT
CE04OSSM-SBD11-04-VELPTA000,processing_magnitude_beam1,processing_magnitude_beam1,,,,1,CE04OSSM,SBD11,VELPT
CE04OSSM-SBD11-04-VELPTA000,processing_magnitude_beam2,processing_magnitude_beam2,,,,1,CE04OSSM,SBD11,VELPT
CE04OSSM-SBD11-04-VELPTA000,processing_magnitude_beam3,processing_magnitude_beam3,,,,1,CE04OSSM,SBD11,VELPT
CE04OSSM-SBD11-04-VELPTA000,processing_magnitude_beam4,processing_magnitude_beam4,,,,1,CE04OSSM,SBD11,VELPT
CE04OSSM-SBD11-04-VELPTA000,distance_beam1,distance_beam1,,,,1,CE04OSSM,SBD11,VELPT
CE04OSSM-SBD11-04-VELPTA000,distance_beam2,distance_beam2,,,,1,CE04OSSM,SBD11,VELPT
CE04OSSM-SBD11-04-VELPTA000,distance_beam3,distance_beam3,,,,1,CE04OSSM,SBD11,VELPT
CE04OSSM-SBD11-04-VELPTA000,distance_beam4,distance_beam4,,,,1,CE04OSSM,SBD11,VELPT
CE04OSSM-SBD11-04-VELPTA000,instrmt_type_serial_number,instrmt_type_serial_number,,,,1,CE04OSSM,SBD11,VELPT
CE04OSSM-SBD11-04-VELPTA000,pic_version,pic_version,,,,1,CE04OSSM,SBD11,VELPT
CE04OSSM-SBD11-04-VELPTA000,hardware_revision,hardware_revision,,,,1,CE04OSSM,SBD11,VELPT
CE04OSSM-SBD11-04-VELPTA000,recorder_size,recorder_size,,,,bytes,CE04OSSM,SBD11,VELPT
CE04OSSM-SBD11-04-VELPTA000,velocity_range,velocity_range,,,,1,CE04OSSM,SBD11,VELPT
CE04OSSM-SBD11-04-VELPTA000,pressure_sensor,pressure_sensor,,,,1,CE04OSSM,SBD11,VELPT
CE04OSSM-SBD11-04-VELPTA000,magnetometer_sensor,magnetometer_sensor,,,,1,CE04OSSM,SBD11,VELPT
CE04OSSM-SBD11-04-VELPTA000,tilt_sensor,tilt_sensor,,,,1,CE04OSSM,SBD11,VELPT
CE04OSSM-SBD11-04-VELPTA000,tilt_sensor_mounting,tilt_sensor_mounting,,,,1,CE04OSSM,SBD11,VELPT
CE04OSSM-SBD11-04-VELPTA000,head_frequency,head_frequency,,,,kHz,CE04OSSM,SBD11,VELPT
CE04OSSM-SBD11-04-VELPTA000,head_type,head_type,,,,1,CE04OSSM,SBD11,VELPT
CE04OSSM-SBD11-04-VELPTA000,head_serial_number,head_serial_number,,,,1,CE04OSSM,SBD11,VELPT
CE04OSSM-SBD11-04-VELPTA000,number_beams,number_beams,,,,1,CE04OSSM,SBD11,VELPT
CE04OSSM-SBD11-04-VELPTA000,transmit_pulse_length,transmit_pulse_length,,,,counts,CE04OSSM,SBD11,VELPT
CE04OSSM-SBD11-04-VELPTA000,blanking_distance,blanking_distance,,,,counts,CE04OSSM,SBD11,VELPT
CE04OSSM-SBD11-04-VELPTA000,receive_length,receive_length,,,,counts,CE04OSSM,SBD11,VELPT
CE04OSSM-SBD11-04-VELPTA000,time_between_pings,time_between_pings,,,,counts,CE04OSSM,SBD11,VELPT
CE04OSSM-SBD11-04-VELPTA000,time_between_bursts,time_between_bursts,,,,counts,CE04OSSM,SBD11,VELPT
CE04OSSM-SBD11-04-VELPTA000,average_interval,average_interval,,,,s,CE04OSSM,SBD11,VELPT
CE04OSSM-SBD11-04-VELPTA000,compass_update_rate,compass_update_rate,,,,Hz,CE04OSSM,SBD11,VELPT
CE04OSSM-SBD11-04-VELPTA000,coordinate_system,coordinate_system,,,,1,CE04OSSM,SBD11,VELPT
CE04OSSM-SBD11-04-VELPTA000,number_cells,number_cells,,,,1,CE04OSSM,SBD11,VELPT
CE04OSSM-SBD11-04-VELPTA000,measurement_interval,measurement_interval,,,,s,CE04OSSM,SBD11,VELPT
CE04OSSM-SBD11-04-VELPTA000,deployment_name,deployment_name,,,,1,CE04OSSM,SBD11,VELPT
CE04OSSM-SBD11-04-VELPTA000,diagnostics_interval,diagnostics_interval,,,,s,CE04OSSM,SBD11,VELPT
CE04OSSM-SBD11-04-VELPTA000,use_specified_sound_speed,use_specified_sound_speed,,,,1,CE04OSSM,SBD11,VELPT
CE04OSSM-SBD11-04-VELPTA000,diagnostics_mode_enable,diagnostics_mode_enable,,,,1,CE04OSSM,SBD11,VELPT
CE04OSSM-SBD11-04-VELPTA000,analog_output_enable,analog_output_enable,,,,1,CE04OSSM,SBD11,VELPT
CE04OSSM-SBD11-04-VELPTA000,output_format_nortek,output_format_nortek,,,,1,CE04OSSM,SBD11,VELPT
CE04OSSM-SBD11-04-VELPTA000,scaling,scaling,,,,1,CE04OSSM,SBD11,VELPT
CE04OSSM-SBD11-04-VELPTA000,serial_output_enable,serial_output_enable,,,,1,CE04OSSM,SBD11,VELPT
CE04OSSM-SBD11-04-VELPTA000,stage_enable,stage_enable,,,,1,CE04OSSM,SBD11,VELPT
CE04OSSM-SBD11-04-VELPTA000,analog_power_output,analog_power_output,,,,1,CE04OSSM,SBD11,VELPT
CE04OSSM-SBD11-04-VELPTA000,sound_speed_adjust_factor,sound_speed_adjust_factor,,,,m s-1,CE04OSSM,SBD11,VELPT
CE04OSSM-SBD11-04-VELPTA000,number_diagnostics_samples,number_diagnostics_samples,,,,1,CE04OSSM,SBD11,VELPT
CE04OSSM-SBD11-04-VELPTA000,number_pings_diagnostic,number_pings_diagnostic,,,,1,CE04OSSM,SBD11,VELPT
CE04OSSM-SBD11-04-VELPTA000,software_version,software_version,,,,1,CE04OSSM,SBD11,VELPT
CE04OSSM-SBD11-04-VELPTA000,correlation_threshold,correlation_threshold,,,,1,CE04OSSM,SBD11,VELPT
CE04OSSM-SBD11-04-VELPTA000,time,time,,,ENG,seconds since 1900-01-01,CE04OSSM,SBD11,VELPT
CE04OSSM-SBD11-04-VELPTA000,ingestion_timestamp,ingestion_timestamp,,,ENG,seconds since 1900-01-01,CE04OSSM,SBD11,VELPT
CE04OSSM-SBD11-04-VELPTA000,date_time_string,date_time_string,,,,1,CE04OSSM,SBD11,VELPT
CE04OSSM-SBD11-06-METBKA000,port_timestamp,port_timestamp,,,ENG,seconds since 1900-01-01,CE04OSSM,SBD11,METBK
CE04OSSM-SBD11-06-METBKA000,barometric_pressure,barometric_pressure,,,L0,mbar,CE04OSSM,SBD11,METBK
CE04OSSM-SBD11-06-METBKA000,relative_humidity,relative_humidity,0,100,L1,%,CE04OSSM,SBD11,METBK
CE04OSSM-SBD11-06-METBKA000,air_temperature,air_temperature,-50,50,L1,deg_C,CE04OSSM,SBD11,METBK
CE04OSSM-SBD11-06-METBKA000,longwave_irradiance,longwave_irradiance,200,500,L1,W m-2,CE04OSSM,SBD11,METBK
CE04OSSM-SBD11-06-METBKA000,precipitation,precipitation,0,50,L1,mm,CE04OSSM,SBD11,METBK
CE04OSSM-SBD11-06-METBKA000,sea_surface_temperature,sea_surface_temperature,-2,40,L1,deg_C,CE04OSSM,SBD11,METBK
CE04OSSM-SBD11-06-METBKA000,sea_surface_conductivity,sea_surface_conductivity,0,6,L1,S m-1,CE04OSSM,SBD11,METBK
CE04OSSM-SBD11-06-METBKA000,shortwave_irradiance,shortwave_irradiance,0,1000,L1,W m-2,CE04OSSM,SBD11,METBK
CE04OSSM-SBD11-06-METBKA000,eastward_wind_velocity,eastward_wind_velocity,-10,10,L0,m s-1,CE04OSSM,SBD11,METBK
CE04OSSM-SBD11-06-METBKA000,northward_wind_velocity,northward_wind_velocity,-10,10,L0,m s-1,CE04OSSM,SBD11,METBK
CE04OSSM-SBD11-06-METBKA000,driver_timestamp,driver_timestamp,,,ENG,seconds since 1900-01-01,CE04OSSM,SBD11,METBK
CE04OSSM-SBD11-06-METBKA000,internal_timestamp,internal_timestamp,,,ENG,seconds since 1900-01-01,CE04OSSM,SBD11,METBK
CE04OSSM-SBD11-06-METBKA000,preferred_timestamp,preferred_timestamp,,,ENG,1,CE04OSSM,SBD11,METBK
CE04OSSM-SBD11-06-METBKA000,dcl_controller_timestamp,dcl_controller_timestamp,,,ENG,1,CE04OSSM,SBD11,METBK
CE04OSSM-SBD11-06-METBKA000,met_barpres,met_barpres,87000,108330,L1,Pa,CE04OSSM,SBD11,METBK
CE04OSSM-SBD11-06-METBKA000,met_windavg_mag_corr_east,met_windavg_mag_corr_east,-33,33,L1,m s-1,CE04OSSM,SBD11,METBK
CE04OSSM-SBD11-06-METBKA000,met_windavg_mag_corr_north,met_windavg_mag_corr_north,-33,33,L1,m s-1,CE04OSSM,SBD11,METBK
CE04OSSM-SBD11-06-METBKA000,met_current_direction,met_current_direction,0,360,L1,degrees,CE04OSSM,SBD11,METBK
CE04OSSM-SBD11-06-METBKA000,met_current_speed,met_current_speed,-3,3,L1,m s-1,CE04OSSM,SBD11,METBK
CE04OSSM-SBD11-06-METBKA000,met_relwind_direction,met_relwind_direction,0,360,L1,degrees,CE04OSSM,SBD11,METBK
CE04OSSM-SBD11-06-METBKA000,met_relwind_speed,met_relwind_speed,-33,33,L1,m s-1,CE04OSSM,SBD11,METBK
CE04OSSM-SBD11-06-METBKA000,met_timeflx,met_timeflx,,,L1,seconds since 01-01-1900,CE04OSSM,SBD11,METBK
CE04OSSM-SBD11-06-METBKA000,met_netsirr,met_netsirr,0,500,L1,W m-2,CE04OSSM,SBD11,METBK
CE04OSSM-SBD11-06-METBKA000,met_rainrte,met_rainrte,0,50,L2,mm hr-1,CE04OSSM,SBD11,METBK
CE04OSSM-SBD11-06-METBKA000,met_salsurf,met_salsurf,0,42,L2,1,CE04OSSM,SBD11,METBK
CE04OSSM-SBD11-06-METBKA000,met_spechum,met_spechum,0,47,L2,g kg-1,CE04OSSM,SBD11,METBK
CE04OSSM-SBD11-06-METBKA000,met_buoyfls,met_buoyfls,,,L2,W m-2,CE04OSSM,SBD11,METBK
CE04OSSM-SBD11-06-METBKA000,met_buoyflx,met_buoyflx,,,L2,W m-2,CE04OSSM,SBD11,METBK
CE04OSSM-SBD11-06-METBKA000,met_frshflx,met_frshflx,,,L2,mm hr-1,CE04OSSM,SBD11,METBK
CE04OSSM-SBD11-06-METBKA000,met_heatflx,met_heatflx,,,L2,W m-2,CE04OSSM,SBD11,METBK
CE04OSSM-SBD11-06-METBKA000,met_latnflx,met_latnflx,,,L2,W m-2,CE04OSSM,SBD11,METBK
CE04OSSM-SBD11-06-METBKA000,met_mommflx,met_mommflx,,,L2,N m-2,CE04OSSM,SBD11,METBK
CE04OSSM-SBD11-06-METBKA000,met_netlirr,met_netlirr,,,L2,W m-2,CE04OSSM,SBD11,METBK
CE04OSSM-SBD11-06-METBKA000,met_rainflx,met_rainflx,,,L2,W m-2,CE04OSSM,SBD11,METBK
CE04OSSM-SBD11-06-METBKA000,met_sensflx,met_sensflx,,,L2,W m-2,CE04OSSM,SBD11,METBK
CE04OSSM-SBD11-06-METBKA000,met_sphum2m,met_sphum2m,0,47,L2,g kg-1,CE04OSSM,SBD11,METBK
CE04OSSM-SBD11-06-METBKA000,met_stablty,met_stablty,,,L2,1,CE04OSSM,SBD11,METBK
CE04OSSM-SBD11-06-METBKA000,met_tempa2m,met_tempa2m,-50,50,L2,deg_C,CE04OSSM,SBD11,METBK
CE04OSSM-SBD11-06-METBKA000,met_tempskn,met_tempskn,-2,40,L2,degC,CE04OSSM,SBD11,METBK
CE04OSSM-SBD11-06-METBKA000,met_wind10m,met_wind10m,-33,33,L2,m s-1,CE04OSSM,SBD11,METBK
CE04OSSM-SBD11-06-METBKA000,time,time,,,ENG,seconds since 1900-01-01,CE04OSSM,SBD11,METBK
CE04OSSM-SBD11-06-METBKA000,ingestion_timestamp,ingestion_timestamp,,,ENG,seconds since 1900-01-01,CE04OSSM,SBD11,METBK
CE04OSSM-SBD12-03-HYDGN0000,driver_timestamp,driver_timestamp,,,ENG,seconds since 1900-01-01,CE04OSSM,SBD12,HYDGN
CE04OSSM-SBD12-03-HYDGN0000,internal_timestamp,internal_timestamp,,,ENG,seconds since 1900-01-01,CE04OSSM,SBD12,HYDGN
CE04OSSM-SBD12-03-HYDGN0000,preferred_timestamp,preferred_timestamp,,,ENG,1,CE04OSSM,SBD12,HYDGN
CE04OSSM-SBD12-03-HYDGN0000,dcl_controller_timestamp,dcl_controller_timestamp,,,ENG,1,CE04OSSM,SBD12,HYDGN
CE04OSSM-SBD12-03-HYDGN0000,hyd_raw,hyd_raw,,,AUX,counts,CE04OSSM,SBD12,HYDGN
CE04OSSM-SBD12-03-HYDGN0000,hyd_percent,hyd_percent,,,AUX,Percentage,CE04OSSM,SBD12,HYDGN
CE04OSSM-SBD12-03-HYDGN0000,time,time,,,ENG,seconds since 1900-01-01,CE04OSSM,SBD12,HYDGN
CE04OSSM-SBD12-03-HYDGN0000,ingestion_timestamp,ingestion_timestamp,,,ENG,seconds since 1900-01-01,CE04OSSM,SBD12,HYDGN
CE04OSSM-SBD12-04-PCO2AA000,irga_detector_temperature,irga_detector_temperature,,,AUX,deg_C,CE04OSSM,SBD12,PCO2A
CE04OSSM-SBD12-04-PCO2AA000,irga_source_temperature,irga_source_temperature,,,AUX,deg_C,CE04OSSM,SBD12,PCO2A
CE04OSSM-SBD12-04-PCO2AA000,partial_pressure_co2_atm,partial_pressure_co2_atm,180,500,L1,uatm,CE04OSSM,SBD12,PCO2A
CE04OSSM-SBD12-04-PCO2AA000,partial_pressure_co2_ssw,partial_pressure_co2_ssw,100,600,L1,uatm,CE04OSSM,SBD12,PCO2A
CE04OSSM-SBD12-04-PCO2AA000,driver_timestamp,driver_timestamp,,,ENG,seconds since 1900-01-01,CE04OSSM,SBD12,PCO2A
CE04OSSM-SBD12-04-PCO2AA000,internal_timestamp,internal_timestamp,,,ENG,seconds since 1900-01-01,CE04OSSM,SBD12,PCO2A
CE04OSSM-SBD12-04-PCO2AA000,preferred_timestamp,preferred_timestamp,,,ENG,1,CE04OSSM,SBD12,PCO2A
CE04OSSM-SBD12-04-PCO2AA000,dcl_controller_timestamp,dcl_controller_timestamp,,,ENG,1,CE04OSSM,SBD12,PCO2A
CE04OSSM-SBD12-04-PCO2AA000,pco2_co2flux,pco2_co2flux,,,L2,mol m-2 s-1,CE04OSSM,SBD12,PCO2A
CE04OSSM-SBD12-04-PCO2AA000,time,time,,,ENG,seconds since 1900-01-01,CE04OSSM,SBD12,PCO2A
CE04OSSM-SBD12-04-PCO2AA000,ingestion_timestamp,ingestion_timestamp,,,ENG,seconds since 1900-01-01,CE04OSSM,SBD12,PCO2A
CE04OSSM-SBD12-04-PCO2AA000,date_time_string,date_time_string,,,,1,CE04OSSM,SBD12,PCO2A
CE04OSSM-SBD12-04-PCO2AA000,zero_a2d,zero_a2d,,,,counts,CE04OSSM,SBD12,PCO2A
CE04OSSM-SBD12-04-PCO2AA000,current_a2d,current_a2d,,,,counts,CE04OSSM,SBD12,PCO2A
CE04OSSM-SBD12-04-PCO2AA000,measured_air_co2,measured_air_co2,,,L0,ppm,CE04OSSM,SBD12,PCO2A
CE04OSSM-SBD12-04-PCO2AA000,measured_water_co2,measured_water_co2,,,L0,ppm,CE04OSSM,SBD12,PCO2A
CE04OSSM-SBD12-04-PCO2AA000,avg_irga_temperature,avg_irga_temperature,,,AUX,deg_C,CE04OSSM,SBD12,PCO2A
CE04OSSM-SBD12-04-PCO2AA000,humidity,humidity,,,AUX,mbar,CE04OSSM,SBD12,PCO2A
CE04OSSM-SBD12-04-PCO2AA000,humidity_temperature,humidity_temperature,,,AUX,deg_C,CE04OSSM,SBD12,PCO2A
CE04OSSM-SBD12-04-PCO2AA000,gas_stream_pressure,gas_stream_pressure,,,L0,mbar,CE04OSSM,SBD12,PCO2A
CE04OSSM-SBD12-05-WAVSSA000,driver_timestamp,driver_timestamp,,,ENG,seconds since 1900-01-01,CE04OSSM,SBD12,WAVSS
CE04OSSM-SBD12-05-WAVSSA000,date_string,date_string,,,ENG,1,CE04OSSM,SBD12,WAVSS
CE04OSSM-SBD12-05-WAVSSA000,time_string,time_string,,,ENG,1,CE04OSSM,SBD12,WAVSS
CE04OSSM-SBD12-05-WAVSSA000,internal_timestamp,internal_timestamp,,,ENG,seconds since 1900-01-01,CE04OSSM,SBD12,WAVSS
CE04OSSM-SBD12-05-WAVSSA000,preferred_timestamp,preferred_timestamp,,,ENG,1,CE04OSSM,SBD12,WAVSS
CE04OSSM-SBD12-05-WAVSSA000,dcl_controller_timestamp,dcl_controller_timestamp,,,ENG,1,CE04OSSM,SBD12,WAVSS
CE04OSSM-SBD12-05-WAVSSA000,number_zero_crossings,number_zero_crossings,,,L0,counts,CE04OSSM,SBD12,WAVSS
CE04OSSM-SBD12-05-WAVSSA000,average_wave_height,average_wave_height,0,12,L0,m,CE04OSSM,SBD12,WAVSS
CE04OSSM-SBD12-05-WAVSSA000,mean_spectral_period,mean_spectral_period,,,,sec,CE04OSSM,SBD12,WAVSS
CE04OSSM-SBD12-05-WAVSSA000,max_wave_height,max_wave_height,0,30,L0,m,CE04OSSM,SBD12,WAVSS
CE04OSSM-SBD12-05-WAVSSA000,significant_wave_height,significant_wave_height,0,18,L0,m,CE04OSSM,SBD12,WAVSS
CE04OSSM-SBD12-05-WAVSSA000,significant_period,significant_period,3,20,L0,sec,CE04OSSM,SBD12,WAVSS
CE04OSSM-SBD12-05-WAVSSA000,wave_height_10,wave_height_10,0,23,L0,m,CE04OSSM,SBD12,WAVSS
CE04OSSM-SBD12-05-WAVSSA000,wave_period_10,wave_period_10,3,30,L0,sec,CE04OSSM,SBD12,WAVSS
CE04OSSM-SBD12-05-WAVSSA000,mean_wave_period,mean_wave_period,3,30,L0,sec,CE04OSSM,SBD12,WAVSS
CE04OSSM-SBD12-05-WAVSSA000,peak_wave_period,peak_wave_period,3,30,L0,sec,CE04OSSM,SBD12,WAVSS
CE04OSSM-SBD12-05-WAVSSA000,wave_period_tp5,wave_period_tp5,3,30,L0,sec,CE04OSSM,SBD12,WAVSS
CE04OSSM-SBD12-05-WAVSSA000,wave_height_hmo,wave_height_hmo,0,30,L0,m,CE04OSSM,SBD12,WAVSS
CE04OSSM-SBD12-05-WAVSSA000,mean_direction,mean_direction,0,360,L0,degrees,CE04OSSM,SBD12,WAVSS
CE04OSSM-SBD12-05-WAVSSA000,mean_spread,mean_spread,,,,degrees,CE04OSSM,SBD12,WAVSS
CE04OSSM-SBD12-05-WAVSSA000,number_bands,number_bands,,,,1,CE04OSSM,SBD12,WAVSS
CE04OSSM-SBD12-05-WAVSSA000,initial_frequency,initial_frequency,,,,Hz,CE04OSSM,SBD12,WAVSS
CE04OSSM-SBD12-05-WAVSSA000,frequency_spacing,frequency_spacing,,,,Hz,CE04OSSM,SBD12,WAVSS
CE04OSSM-SBD12-05-WAVSSA000,psd_non_directional,psd_non_directional,,,L0,m2 Hz-1,CE04OSSM,SBD12,WAVSS
CE04OSSM-SBD12-05-WAVSSA000,psd_mean_directional,psd_mean_directional,,,L0,m2 Hz-1,CE04OSSM,SBD12,WAVSS
CE04OSSM-SBD12-05-WAVSSA000,mean_direction_array,mean_direction_array,0,360,L0,degrees,CE04OSSM,SBD12,WAVSS
CE04OSSM-SBD12-05-WAVSSA000,directional_spread_array,directional_spread_array,0,360,L0,degrees,CE04OSSM,SBD12,WAVSS
CE04OSSM-SBD12-05-WAVSSA000,number_time_samples,number_time_samples,,,,1,CE04OSSM,SBD12,WAVSS
CE04OSSM-SBD12-05-WAVSSA000,initial_time,initial_time,,,,sec,CE04OSSM,SBD12,WAVSS
CE04OSSM-SBD12-05-WAVSSA000,time_spacing,time_spacing,,,,sec,CE04OSSM,SBD12,WAVSS
CE04OSSM-SBD12-05-WAVSSA000,solution_found,solution_found,,,,1,CE04OSSM,SBD12,WAVSS
CE04OSSM-SBD12-05-WAVSSA000,heave_offset_array,heave_offset_array,0,3,L0,m,CE04OSSM,SBD12,WAVSS
CE04OSSM-SBD12-05-WAVSSA000,north_offset_array,north_offset_array,0,50,L0,m,CE04OSSM,SBD12,WAVSS
CE04OSSM-SBD12-05-WAVSSA000,east_offset_array,east_offset_array,0,50,L0,m,CE04OSSM,SBD12,WAVSS
CE04OSSM-SBD12-05-WAVSSA000,number_directional_bands,number_directional_bands,,,,1,CE04OSSM,SBD12,WAVSS
CE04OSSM-SBD12-05-WAVSSA000,initial_directional_frequency,initial_directional_frequency,,,,Hz,CE04OSSM,SBD12,WAVSS
CE04OSSM-SBD12-05-WAVSSA000,directional_frequency_spacing,directional_frequency_spacing,,,,Hz,CE04OSSM,SBD12,WAVSS
CE04OSSM-SBD12-05-WAVSSA000,fourier_coefficient_2d_array,fourier_coefficient_2d_array,,,,1,CE04OSSM,SBD12,WAVSS
CE04OSSM-SBD12-05-WAVSSA000,spread_direction,spread_direction,0,360,L0,degrees,CE04OSSM,SBD12,WAVSS
CE04OSSM-SBD12-05-WAVSSA000,wavss_a_directional_frequency,wavss_a_directional_frequency,,,L1,Hz,CE04OSSM,SBD12,WAVSS
CE04OSSM-SBD12-05-WAVSSA000,wavss_a_non_directional_frequency,wavss_a_non_directional_frequency,,,L1,Hz,CE04OSSM,SBD12,WAVSS
CE04OSSM-SBD12-05-WAVSSA000,wavss_a_buoymotion_time,wavss_a_buoymotion_time,,,L1,seconds since 1900-01-01,CE04OSSM,SBD12,WAVSS
CE04OSSM-SBD12-05-WAVSSA000,wavss_a_corrected_mean_wave_direction,wavss_a_corrected_mean_wave_direction,0,360,L1,deg,CE04OSSM,SBD12,WAVSS
CE04OSSM-SBD12-05-WAVSSA000,wavss_a_corrected_directional_wave_direction,wavss_a_corrected_directional_wave_direction,0,360,L1,deg,CE04OSSM,SBD12,WAVSS
CE04OSSM-SBD12-05-WAVSSA000,wavss_a_magcor_buoymotion_x,wavss_a_magcor_buoymotion_x,0,50,L1,m,CE04OSSM,SBD12,WAVSS
CE04OSSM-SBD12-05-WAVSSA000,wavss_a_magcor_buoymotion_y,wavss_a_magcor_buoymotion_y,0,50,L1,m,CE04OSSM,SBD12,WAVSS
CE04OSSM-SBD12-05-WAVSSA000,serial_number,serial_number,,,ENG,1,CE04OSSM,SBD12,WAVSS
CE04OSSM-SBD12-05-WAVSSA000,time,time,,,ENG,seconds since 1900-01-01,CE04OSSM,SBD12,WAVSS
CE04OSSM-SBD12-05-WAVSSA000,ingestion_timestamp,ingestion_timestamp,,,ENG,seconds since 1900-01-01,CE04OSSM,SBD12,WAVSS
CE05MOAS-GL247-01-PARADM000,driver_timestamp,driver_timestamp,,,ENG,seconds since 1900-01-01,CE05MOAS,GL247,PARAD
CE05MOAS-GL247-01-PARADM000,internal_timestamp,internal_timestamp,,,ENG,seconds since 1900-01-01,CE05MOAS,GL247,PARAD
CE05MOAS-GL247-01-PARADM000,m_present_secs_into_mission,m_present_secs_into_mission,,,ENG,s,CE05MOAS,GL247,PARAD
CE05MOAS-GL247-01-PARADM000,m_present_time,m_present_time,,,AUX,seconds since 1970-01-01,CE05MOAS,GL247,PARAD
CE05MOAS-GL247-01-PARADM000,sci_bsipar_par,sci_bsipar_par,0,2500,L1,umol photons m-2 s-1,CE05MOAS,GL247,PARAD
CE05MOAS-GL247-01-PARADM000,sci_bsipar_sensor_volts,sci_bsipar_sensor_volts,,,L0,V,CE05MOAS,GL247,PARAD
CE05MOAS-GL247-01-PARADM000,sci_bsipar_supply_volts,sci_bsipar_supply_volts,,,,V,CE05MOAS,GL247,PARAD
CE05MOAS-GL247-01-PARADM000,sci_bsipar_temp,sci_bsipar_temp,,,,deg_C,CE05MOAS,GL247,PARAD
CE05MOAS-GL247-01-PARADM000,sci_m_present_secs_into_mission,sci_m_present_secs_into_mission,,,,s,CE05MOAS,GL247,PARAD
CE05MOAS-GL247-01-PARADM000,sci_m_present_time,sci_m_present_time,,,,seconds since 1970-01-01,CE05MOAS,GL247,PARAD
CE05MOAS-GL247-01-PARADM000,preferred_timestamp,preferred_timestamp,,,ENG,1,CE05MOAS,GL247,PARAD
CE05MOAS-GL247-01-PARADM000,time,time,,,ENG,seconds since 1900-01-01,CE05MOAS,GL247,PARAD
CE05MOAS-GL247-01-PARADM000,ingestion_timestamp,ingestion_timestamp,,,ENG,seconds since 1900-01-01,CE05MOAS,GL247,PARAD
CE05MOAS-GL247-02-FLORTM000,driver_timestamp,driver_timestamp,,,ENG,seconds since 1900-01-01,CE05MOAS,GL247,FLORT
CE05MOAS-GL247-02-FLORTM000,internal_timestamp,internal_timestamp,,,ENG,seconds since 1900-01-01,CE05MOAS,GL247,FLORT
CE05MOAS-GL247-02-FLORTM000,m_present_secs_into_mission,m_present_secs_into_mission,,,ENG,s,CE05MOAS,GL247,FLORT
CE05MOAS-GL247-02-FLORTM000,m_present_time,m_present_time,,,AUX,seconds since 1970-01-01,CE05MOAS,GL247,FLORT
CE05MOAS-GL247-02-FLORTM000,sci_flbbcd_bb_ref,sci_flbbcd_bb_ref,,,,nm,CE05MOAS,GL247,FLORT
CE05MOAS-GL247-02-FLORTM000,sci_flbbcd_bb_sig,sci_flbbcd_bb_sig,,,,counts,CE05MOAS,GL247,FLORT
CE05MOAS-GL247-02-FLORTM000,sci_flbbcd_bb_units,sci_flbbcd_bb_units,,,L1,m-1 sr-1,CE05MOAS,GL247,FLORT
CE05MOAS-GL247-02-FLORTM000,sci_flbbcd_cdom_ref,sci_flbbcd_cdom_ref,,,,nm,CE05MOAS,GL247,FLORT
CE05MOAS-GL247-02-FLORTM000,sci_flbbcd_cdom_sig,sci_flbbcd_cdom_sig,,,,counts,CE05MOAS,GL247,FLORT
CE05MOAS-GL247-02-FLORTM000,sci_flbbcd_cdom_units,sci_flbbcd_cdom_units,0,375,L1,ppb,CE05MOAS,GL247,FLORT
CE05MOAS-GL247-02-FLORTM000,sci_flbbcd_chlor_ref,sci_flbbcd_chlor_ref,,,,nm,CE05MOAS,GL247,FLORT
CE05MOAS-GL247-02-FLORTM000,sci_flbbcd_chlor_sig,sci_flbbcd_chlor_sig,,,,counts,CE05MOAS,GL247,FLORT
CE05MOAS-GL247-02-FLORTM000,sci_flbbcd_chlor_units,sci_flbbcd_chlor_units,0,50,L1,ug L-1,CE05MOAS,GL247,FLORT
CE05MOAS-GL247-02-FLORTM000,sci_flbbcd_therm,sci_flbbcd_therm,,,ENG,1,CE05MOAS,GL247,FLORT
CE05MOAS-GL247-02-FLORTM000,sci_flbbcd_timestamp,sci_flbbcd_timestamp,,,ENG,seconds since 1970-01-01,CE05MOAS,GL247,FLORT
CE05MOAS-GL247-02-FLORTM000,sci_m_present_secs_into_mission,sci_m_present_secs_into_mission,,,,s,CE05MOAS,GL247,FLORT
CE05MOAS-GL247-02-FLORTM000,sci_m_present_time,sci_m_present_time,,,,seconds since 1970-01-01,CE05MOAS,GL247,FLORT
CE05MOAS-GL247-02-FLORTM000,preferred_timestamp,preferred_timestamp,,,ENG,1,CE05MOAS,GL247,FLORT
CE05MOAS-GL247-02-FLORTM000,flort_m_bback_total,flort_m_bback_total,0.0003,1,L2,m-1,CE05MOAS,GL247,FLORT
CE05MOAS-GL247-02-FLORTM000,flort_m_scat_seawater,flort_m_scat_seawater,,,AUX,m-1,CE05MOAS,GL247,FLORT
CE05MOAS-GL247-02-FLORTM000,time,time,,,ENG,seconds since 1900-01-01,CE05MOAS,GL247,FLORT
CE05MOAS-GL247-02-FLORTM000,ingestion_timestamp,ingestion_timestamp,,,ENG,seconds since 1900-01-01,CE05MOAS,GL247,FLORT
CE05MOAS-GL247-03-ADCPAM000,bin_depths,bin_depths,,,,m,CE05MOAS,GL247,ADCPA
CE05MOAS-GL247-03-ADCPAM000,driver_timestamp,driver_timestamp,,,ENG,seconds since 1900-01-01,CE05MOAS,GL247,ADCPA
CE05MOAS-GL247-03-ADCPAM000,bt_pings_per_ensemble,bt_pings_per_ensemble,,,,1,CE05MOAS,GL247,ADCPA
CE05MOAS-GL247-03-ADCPAM000,bt_delay_before_reacquire,bt_delay_before_reacquire,,,,1,CE05MOAS,GL247,ADCPA
CE05MOAS-GL247-03-ADCPAM000,bt_corr_magnitude_min,bt_corr_magnitude_min,,,,counts,CE05MOAS,GL247,ADCPA
CE05MOAS-GL247-03-ADCPAM000,bt_eval_magnitude_min,bt_eval_magnitude_min,,,,counts,CE05MOAS,GL247,ADCPA
CE05MOAS-GL247-03-ADCPAM000,bt_percent_good_min,bt_percent_good_min,,,,percent,CE05MOAS,GL247,ADCPA
CE05MOAS-GL247-03-ADCPAM000,bt_mode,bt_mode,,,,1,CE05MOAS,GL247,ADCPA
CE05MOAS-GL247-03-ADCPAM000,bt_error_velocity_max,bt_error_velocity_max,,,,mm s-1,CE05MOAS,GL247,ADCPA
CE05MOAS-GL247-03-ADCPAM000,bt_beam1_range,bt_beam1_range,,,,cm,CE05MOAS,GL247,ADCPA
CE05MOAS-GL247-03-ADCPAM000,bt_beam2_range,bt_beam2_range,,,,cm,CE05MOAS,GL247,ADCPA
CE05MOAS-GL247-03-ADCPAM000,bt_beam3_range,bt_beam3_range,,,,cm,CE05MOAS,GL247,ADCPA
CE05MOAS-GL247-03-ADCPAM000,bt_beam4_range,bt_beam4_range,,,,cm,CE05MOAS,GL247,ADCPA
CE05MOAS-GL247-03-ADCPAM000,bt_eastward_velocity,bt_eastward_velocity,,,,mm s-1,CE05MOAS,GL247,ADCPA
CE05MOAS-GL247-03-ADCPAM000,bt_northward_velocity,bt_northward_velocity,,,,mm s-1,CE05MOAS,GL247,ADCPA
CE05MOAS-GL247-03-ADCPAM000,bt_upward_velocity,bt_upward_velocity,,,,mm s-1,CE05MOAS,GL247,ADCPA
CE05MOAS-GL247-03-ADCPAM000,bt_error_velocity,bt_error_velocity,,,,mm s-1,CE05MOAS,GL247,ADCPA
CE05MOAS-GL247-03-ADCPAM000,bt_beam1_correlation,bt_beam1_correlation,,,,counts,CE05MOAS,GL247,ADCPA
CE05MOAS-GL247-03-ADCPAM000,bt_beam2_correlation,bt_beam2_correlation,,,,counts,CE05MOAS,GL247,ADCPA
CE05MOAS-GL247-03-ADCPAM000,bt_beam3_correlation,bt_beam3_correlation,,,,counts,CE05MOAS,GL247,ADCPA
CE05MOAS-GL247-03-ADCPAM000,bt_beam4_correlation,bt_beam4_correlation,,,,counts,CE05MOAS,GL247,ADCPA
CE05MOAS-GL247-03-ADCPAM000,bt_beam1_eval_amp,bt_beam1_eval_amp,,,,counts,CE05MOAS,GL247,ADCPA
CE05MOAS-GL247-03-ADCPAM000,bt_beam2_eval_amp,bt_beam2_eval_amp,,,,counts,CE05MOAS,GL247,ADCPA
CE05MOAS-GL247-03-ADCPAM000,bt_beam3_eval_amp,bt_beam3_eval_amp,,,,counts,CE05MOAS,GL247,ADCPA
CE05MOAS-GL247-03-ADCPAM000,bt_beam4_eval_amp,bt_beam4_eval_amp,,,,counts,CE05MOAS,GL247,ADCPA
CE05MOAS-GL247-03-ADCPAM000,bt_beam1_percent_good,bt_beam1_percent_good,,,,percent,CE05MOAS,GL247,ADCPA
CE05MOAS-GL247-03-ADCPAM000,bt_beam2_percent_good,bt_beam2_percent_good,,,,percent,CE05MOAS,GL247,ADCPA
CE05MOAS-GL247-03-ADCPAM000,bt_beam3_percent_good,bt_beam3_percent_good,,,,percent,CE05MOAS,GL247,ADCPA
CE05MOAS-GL247-03-ADCPAM000,bt_beam4_percent_good,bt_beam4_percent_good,,,,percent,CE05MOAS,GL247,ADCPA
CE05MOAS-GL247-03-ADCPAM000,bt_ref_layer_min,bt_ref_layer_min,,,,dm,CE05MOAS,GL247,ADCPA
CE05MOAS-GL247-03-ADCPAM000,bt_ref_layer_near,bt_ref_layer_near,,,,dm,CE05MOAS,GL247,ADCPA
CE05MOAS-GL247-03-ADCPAM000,bt_ref_layer_far,bt_ref_layer_far,,,,dm,CE05MOAS,GL247,ADCPA
CE05MOAS-GL247-03-ADCPAM000,bt_eastward_ref_layer_velocity,bt_eastward_ref_layer_velocity,,,,mm s-1,CE05MOAS,GL247,ADCPA
CE05MOAS-GL247-03-ADCPAM000,bt_northward_ref_layer_velocity,bt_northward_ref_layer_velocity,,,,mm s-1,CE05MOAS,GL247,ADCPA
CE05MOAS-GL247-03-ADCPAM000,bt_upward_ref_layer_velocity,bt_upward_ref_layer_velocity,,,,mm s-1,CE05MOAS,GL247,ADCPA
CE05MOAS-GL247-03-ADCPAM000,bt_error_ref_layer_velocity,bt_error_ref_layer_velocity,,,,mm s-1,CE05MOAS,GL247,ADCPA
CE05MOAS-GL247-03-ADCPAM000,bt_beam1_ref_correlation,bt_beam1_ref_correlation,,,,counts,CE05MOAS,GL247,ADCPA
CE05MOAS-GL247-03-ADCPAM000,bt_beam2_ref_correlation,bt_beam2_ref_correlation,,,,counts,CE05MOAS,GL247,ADCPA
CE05MOAS-GL247-03-ADCPAM000,bt_beam3_ref_correlation,bt_beam3_ref_correlation,,,,counts,CE05MOAS,GL247,ADCPA
CE05MOAS-GL247-03-ADCPAM000,bt_beam4_ref_correlation,bt_beam4_ref_correlation,,,,counts,CE05MOAS,GL247,ADCPA
CE05MOAS-GL247-03-ADCPAM000,bt_beam1_ref_intensity,bt_beam1_ref_intensity,,,,counts,CE05MOAS,GL247,ADCPA
CE05MOAS-GL247-03-ADCPAM000,bt_beam2_ref_intensity,bt_beam2_ref_intensity,,,,counts,CE05MOAS,GL247,ADCPA
CE05MOAS-GL247-03-ADCPAM000,internal_timestamp,internal_timestamp,,,ENG,seconds since 1900-01-01,CE05MOAS,GL247,ADCPA
CE05MOAS-GL247-03-ADCPAM000,bt_beam3_ref_intensity,bt_beam3_ref_intensity,,,,counts,CE05MOAS,GL247,ADCPA
CE05MOAS-GL247-03-ADCPAM000,bt_beam4_ref_intensity,bt_beam4_ref_intensity,,,,counts,CE05MOAS,GL247,ADCPA
CE05MOAS-GL247-03-ADCPAM000,bt_beam1_ref_percent_good,bt_beam1_ref_percent_good,,,,percent,CE05MOAS,GL247,ADCPA
CE05MOAS-GL247-03-ADCPAM000,bt_beam2_ref_percent_good,bt_beam2_ref_percent_good,,,,percent,CE05MOAS,GL247,ADCPA
CE05MOAS-GL247-03-ADCPAM000,bt_beam3_ref_percent_good,bt_beam3_ref_percent_good,,,,percent,CE05MOAS,GL247,ADCPA
CE05MOAS-GL247-03-ADCPAM000,bt_beam4_ref_percent_good,bt_beam4_ref_percent_good,,,,percent,CE05MOAS,GL247,ADCPA
CE05MOAS-GL247-03-ADCPAM000,bt_max_depth,bt_max_depth,,,,dm,CE05MOAS,GL247,ADCPA
CE05MOAS-GL247-03-ADCPAM000,bt_beam1_rssi_amplitude,bt_beam1_rssi_amplitude,,,,counts,CE05MOAS,GL247,ADCPA
CE05MOAS-GL247-03-ADCPAM000,bt_beam2_rssi_amplitude,bt_beam2_rssi_amplitude,,,,counts,CE05MOAS,GL247,ADCPA
CE05MOAS-GL247-03-ADCPAM000,bt_beam3_rssi_amplitude,bt_beam3_rssi_amplitude,,,,counts,CE05MOAS,GL247,ADCPA
CE05MOAS-GL247-03-ADCPAM000,bt_beam4_rssi_amplitude,bt_beam4_rssi_amplitude,,,,counts,CE05MOAS,GL247,ADCPA
CE05MOAS-GL247-03-ADCPAM000,bt_gain,bt_gain,,,,1,CE05MOAS,GL247,ADCPA
CE05MOAS-GL247-03-ADCPAM000,preferred_timestamp,preferred_timestamp,,,ENG,1,CE05MOAS,GL247,ADCPA
CE05MOAS-GL247-03-ADCPAM000,sensor_available_speed,sensor_available_speed,,,,1,CE05MOAS,GL247,ADCPA
CE05MOAS-GL247-03-ADCPAM000,sensor_source_temperature_eu,sensor_source_temperature_eu,,,,1,CE05MOAS,GL247,ADCPA
CE05MOAS-GL247-03-ADCPAM000,sensor_available_temperature_eu,sensor_available_temperature_eu,,,,1,CE05MOAS,GL247,ADCPA
CE05MOAS-GL247-03-ADCPAM000,bit_error_number,bit_error_number,,,,1,CE05MOAS,GL247,ADCPA
CE05MOAS-GL247-03-ADCPAM000,bit_error_count,bit_error_count,,,,counts,CE05MOAS,GL247,ADCPA
CE05MOAS-GL247-03-ADCPAM000,sysconfig_beam_angle,sysconfig_beam_angle,,,,1,CE05MOAS,GL247,ADCPA
CE05MOAS-GL247-03-ADCPAM000,sysconfig_beam_config,sysconfig_beam_config,,,,1,CE05MOAS,GL247,ADCPA
CE05MOAS-GL247-03-ADCPAM000,adcpa_m_upward_seawater_velocity,adcpa_m_upward_seawater_velocity,-1,1,L1,m s-1,CE05MOAS,GL247,ADCPA
CE05MOAS-GL247-03-ADCPAM000,adcpa_m_error_velocity,adcpa_m_error_velocity,-1,1,L1,m s-1,CE05MOAS,GL247,ADCPA
CE05MOAS-GL247-03-ADCPAM000,adcpa_m_eastward_seawater_velocity,adcpa_m_eastward_seawater_velocity,-3,3,L1,m s-1,CE05MOAS,GL247,ADCPA
CE05MOAS-GL247-03-ADCPAM000,adcpa_m_northward_seawater_velocity,adcpa_m_northward_seawater_velocity,-3,3,L1,m s-1,CE05MOAS,GL247,ADCPA
CE05MOAS-GL247-03-ADCPAM000,adcpa_m_echo_intensity_beam1,adcpa_m_echo_intensity_beam1,0,255,L1,dB,CE05MOAS,GL247,ADCPA
CE05MOAS-GL247-03-ADCPAM000,adcpa_m_echo_intensity_beam2,adcpa_m_echo_intensity_beam2,0,255,L1,dB,CE05MOAS,GL247,ADCPA
CE05MOAS-GL247-03-ADCPAM000,adcpa_m_echo_intensity_beam3,adcpa_m_echo_intensity_beam3,0,255,L1,dB,CE05MOAS,GL247,ADCPA
CE05MOAS-GL247-03-ADCPAM000,adcpa_m_echo_intensity_beam4,adcpa_m_echo_intensity_beam4,0,255,L1,dB,CE05MOAS,GL247,ADCPA
CE05MOAS-GL247-03-ADCPAM000,serial_number,serial_number,,,ENG,1,CE05MOAS,GL247,ADCPA
CE05MOAS-GL247-03-ADCPAM000,firmware_version,firmware_version,,,,1,CE05MOAS,GL247,ADCPA
CE05MOAS-GL247-03-ADCPAM000,firmware_revision,firmware_revision,,,,1,CE05MOAS,GL247,ADCPA
CE05MOAS-GL247-03-ADCPAM000,sysconfig_frequency,sysconfig_frequency,,,,kHz,CE05MOAS,GL247,ADCPA
CE05MOAS-GL247-03-ADCPAM000,sysconfig_beam_pattern,sysconfig_beam_pattern,,,,1,CE05MOAS,GL247,ADCPA
CE05MOAS-GL247-03-ADCPAM000,sysconfig_sensor_config,sysconfig_sensor_config,,,,1,CE05MOAS,GL247,ADCPA
CE05MOAS-GL247-03-ADCPAM000,sysconfig_head_attached,sysconfig_head_attached,,,,1,CE05MOAS,GL247,ADCPA
CE05MOAS-GL247-03-ADCPAM000,sysconfig_vertical_orientation,sysconfig_vertical_orientation,,,,1,CE05MOAS,GL247,ADCPA
CE05MOAS-GL247-03-ADCPAM000,data_flag,data_flag,,,,1,CE05MOAS,GL247,ADCPA
CE05MOAS-GL247-03-ADCPAM000,lag_length,lag_length,,,,s,CE05MOAS,GL247,ADCPA
CE05MOAS-GL247-03-ADCPAM000,num_beams,num_beams,,,,1,CE05MOAS,GL247,ADCPA
CE05MOAS-GL247-03-ADCPAM000,num_cells,num_cells,,,,1,CE05MOAS,GL247,ADCPA
CE05MOAS-GL247-03-ADCPAM000,pings_per_ensemble,pings_per_ensemble,,,,1,CE05MOAS,GL247,ADCPA
CE05MOAS-GL247-03-ADCPAM000,cell_length,cell_length,,,,cm,CE05MOAS,GL247,ADCPA
CE05MOAS-GL247-03-ADCPAM000,blank_after_transmit,blank_after_transmit,,,,cm,CE05MOAS,GL247,ADCPA
CE05MOAS-GL247-03-ADCPAM000,signal_processing_mode,signal_processing_mode,,,,1,CE05MOAS,GL247,ADCPA
CE05MOAS-GL247-03-ADCPAM000,low_corr_threshold,low_corr_threshold,,,,counts,CE05MOAS,GL247,ADCPA
CE05MOAS-GL247-03-ADCPAM000,num_code_repetitions,num_code_repetitions,,,,counts,CE05MOAS,GL247,ADCPA
CE05MOAS-GL247-03-ADCPAM000,percent_good_min,percent_good_min,,,,percent,CE05MOAS,GL247,ADCPA
CE05MOAS-GL247-03-ADCPAM000,error_vel_threshold,error_vel_threshold,,,,mm s-1,CE05MOAS,GL247,ADCPA
CE05MOAS-GL247-03-ADCPAM000,time_per_ping_minutes,time_per_ping_minutes,,,,min,CE05MOAS,GL247,ADCPA
CE05MOAS-GL247-03-ADCPAM000,time_per_ping_seconds,time_per_ping_seconds,,,,s,CE05MOAS,GL247,ADCPA
CE05MOAS-GL247-03-ADCPAM000,coord_transform_type,coord_transform_type,,,,1,CE05MOAS,GL247,ADCPA
CE05MOAS-GL247-03-ADCPAM000,coord_transform_tilts,coord_transform_tilts,,,,1,CE05MOAS,GL247,ADCPA
CE05MOAS-GL247-03-ADCPAM000,coord_transform_beams,coord_transform_beams,,,,1,CE05MOAS,GL247,ADCPA
CE05MOAS-GL247-03-ADCPAM000,coord_transform_mapping,coord_transform_mapping,,,,1,CE05MOAS,GL247,ADCPA
CE05MOAS-GL247-03-ADCPAM000,heading_alignment,heading_alignment,,,,cdegrees,CE05MOAS,GL247,ADCPA
CE05MOAS-GL247-03-ADCPAM000,heading_bias,heading_bias,,,,cdegrees,CE05MOAS,GL247,ADCPA
CE05MOAS-GL247-03-ADCPAM000,sensor_source_speed,sensor_source_speed,,,,1,CE05MOAS,GL247,ADCPA
CE05MOAS-GL247-03-ADCPAM000,sensor_source_depth,sensor_source_depth,,,,1,CE05MOAS,GL247,ADCPA
CE05MOAS-GL247-03-ADCPAM000,sensor_source_heading,sensor_source_heading,,,,1,CE05MOAS,GL247,ADCPA
CE05MOAS-GL247-03-ADCPAM000,sensor_source_pitch,sensor_source_pitch,,,,1,CE05MOAS,GL247,ADCPA
CE05MOAS-GL247-03-ADCPAM000,sensor_source_roll,sensor_source_roll,,,,1,CE05MOAS,GL247,ADCPA
CE05MOAS-GL247-03-ADCPAM000,sensor_source_conductivity,sensor_source_conductivity,,,,1,CE05MOAS,GL247,ADCPA
CE05MOAS-GL247-03-ADCPAM000,sensor_source_temperature,sensor_source_temperature,,,,1,CE05MOAS,GL247,ADCPA
CE05MOAS-GL247-03-ADCPAM000,sensor_available_depth,sensor_available_depth,,,,1,CE05MOAS,GL247,ADCPA
CE05MOAS-GL247-03-ADCPAM000,sensor_available_heading,sensor_available_heading,,,,1,CE05MOAS,GL247,ADCPA
CE05MOAS-GL247-03-ADCPAM000,sensor_available_pitch,sensor_available_pitch,,,,1,CE05MOAS,GL247,ADCPA
CE05MOAS-GL247-03-ADCPAM000,sensor_available_roll,sensor_available_roll,,,,1,CE05MOAS,GL247,ADCPA
CE05MOAS-GL247-03-ADCPAM000,sensor_available_conductivity,sensor_available_conductivity,,,,1,CE05MOAS,GL247,ADCPA
CE05MOAS-GL247-03-ADCPAM000,sensor_available_temperature,sensor_available_temperature,,,,1,CE05MOAS,GL247,ADCPA
CE05MOAS-GL247-03-ADCPAM000,bin_1_distance,bin_1_distance,,,,cm,CE05MOAS,GL247,ADCPA
CE05MOAS-GL247-03-ADCPAM000,transmit_pulse_length,transmit_pulse_length,,,,cm,CE05MOAS,GL247,ADCPA
CE05MOAS-GL247-03-ADCPAM000,reference_layer_start,reference_layer_start,,,,1,CE05MOAS,GL247,ADCPA
CE05MOAS-GL247-03-ADCPAM000,reference_layer_stop,reference_layer_stop,,,,1,CE05MOAS,GL247,ADCPA
CE05MOAS-GL247-03-ADCPAM000,false_target_threshold,false_target_threshold,,,,counts,CE05MOAS,GL247,ADCPA
CE05MOAS-GL247-03-ADCPAM000,transmit_lag_distance,transmit_lag_distance,,,,cm,CE05MOAS,GL247,ADCPA
CE05MOAS-GL247-03-ADCPAM000,system_bandwidth,system_bandwidth,,,,1,CE05MOAS,GL247,ADCPA
CE05MOAS-GL247-03-ADCPAM000,ensemble_number,ensemble_number,,,,1,CE05MOAS,GL247,ADCPA
CE05MOAS-GL247-03-ADCPAM000,ensemble_number_increment,ensemble_number_increment,,,,1,CE05MOAS,GL247,ADCPA
CE05MOAS-GL247-03-ADCPAM000,speed_of_sound,speed_of_sound,,,,m s-1,CE05MOAS,GL247,ADCPA
CE05MOAS-GL247-03-ADCPAM000,transducer_depth,transducer_depth,,,,dm,CE05MOAS,GL247,ADCPA
CE05MOAS-GL247-03-ADCPAM000,heading,heading,,,,cdegrees,CE05MOAS,GL247,ADCPA
CE05MOAS-GL247-03-ADCPAM000,pitch,pitch,,,,cdegrees,CE05MOAS,GL247,ADCPA
CE05MOAS-GL247-03-ADCPAM000,roll,roll,,,,cdegrees,CE05MOAS,GL247,ADCPA
CE05MOAS-GL247-03-ADCPAM000,salinity,salinity,,,,1,CE05MOAS,GL247,ADCPA
CE05MOAS-GL247-03-ADCPAM000,temperature,temperature,,,,cdeg_C,CE05MOAS,GL247,ADCPA
CE05MOAS-GL247-03-ADCPAM000,mpt_minutes,mpt_minutes,,,,min,CE05MOAS,GL247,ADCPA
CE05MOAS-GL247-03-ADCPAM000,mpt_seconds,mpt_seconds,,,,s,CE05MOAS,GL247,ADCPA
CE05MOAS-GL247-03-ADCPAM000,heading_stdev,heading_stdev,,,,degrees,CE05MOAS,GL247,ADCPA
CE05MOAS-GL247-03-ADCPAM000,pitch_stdev,pitch_stdev,,,,ddegrees,CE05MOAS,GL247,ADCPA
CE05MOAS-GL247-03-ADCPAM000,roll_stdev,roll_stdev,,,,ddegrees,CE05MOAS,GL247,ADCPA
CE05MOAS-GL247-03-ADCPAM000,adc_transmit_voltage,adc_transmit_voltage,,,,counts,CE05MOAS,GL247,ADCPA
CE05MOAS-GL247-03-ADCPAM000,time,time,,,ENG,seconds since 1900-01-01,CE05MOAS,GL247,ADCPA
CE05MOAS-GL247-03-ADCPAM000,pressure,pressure,,,,daPa,CE05MOAS,GL247,ADCPA
CE05MOAS-GL247-03-ADCPAM000,pressure_variance,pressure_variance,,,,daPa,CE05MOAS,GL247,ADCPA
CE05MOAS-GL247-03-ADCPAM000,water_velocity_east,water_velocity_east,,,L0,mm s-1,CE05MOAS,GL247,ADCPA
CE05MOAS-GL247-03-ADCPAM000,water_velocity_north,water_velocity_north,,,L0,mm s-1,CE05MOAS,GL247,ADCPA
CE05MOAS-GL247-03-ADCPAM000,water_velocity_up,water_velocity_up,,,L0,mm s-1,CE05MOAS,GL247,ADCPA
CE05MOAS-GL247-03-ADCPAM000,error_velocity,error_velocity,,,L0,mm s-1,CE05MOAS,GL247,ADCPA
CE05MOAS-GL247-03-ADCPAM000,correlation_magnitude_beam1,correlation_magnitude_beam1,,,,1,CE05MOAS,GL247,ADCPA
CE05MOAS-GL247-03-ADCPAM000,correlation_magnitude_beam2,correlation_magnitude_beam2,,,,1,CE05MOAS,GL247,ADCPA
CE05MOAS-GL247-03-ADCPAM000,correlation_magnitude_beam3,correlation_magnitude_beam3,,,,1,CE05MOAS,GL247,ADCPA
CE05MOAS-GL247-03-ADCPAM000,correlation_magnitude_beam4,correlation_magnitude_beam4,,,,1,CE05MOAS,GL247,ADCPA
CE05MOAS-GL247-03-ADCPAM000,echo_intensity_beam1,echo_intensity_beam1,,,L0,counts,CE05MOAS,GL247,ADCPA
CE05MOAS-GL247-03-ADCPAM000,echo_intensity_beam2,echo_intensity_beam2,,,L0,counts,CE05MOAS,GL247,ADCPA
CE05MOAS-GL247-03-ADCPAM000,echo_intensity_beam3,echo_intensity_beam3,,,L0,counts,CE05MOAS,GL247,ADCPA
CE05MOAS-GL247-03-ADCPAM000,echo_intensity_beam4,echo_intensity_beam4,,,L0,counts,CE05MOAS,GL247,ADCPA
CE05MOAS-GL247-03-ADCPAM000,percent_good_3beam,percent_good_3beam,,,,percent,CE05MOAS,GL247,ADCPA
CE05MOAS-GL247-03-ADCPAM000,percent_transforms_reject,percent_transforms_reject,,,,percent,CE05MOAS,GL247,ADCPA
CE05MOAS-GL247-03-ADCPAM000,percent_bad_beams,percent_bad_beams,,,,percent,CE05MOAS,GL247,ADCPA
CE05MOAS-GL247-03-ADCPAM000,percent_good_4beam,percent_good_4beam,,,,percent,CE05MOAS,GL247,ADCPA
CE05MOAS-GL247-03-ADCPAM000,ensemble_start_time,ensemble_start_time,,,,seconds since 1900-01-01,CE05MOAS,GL247,ADCPA
CE05MOAS-GL247-03-ADCPAM000,ingestion_timestamp,ingestion_timestamp,,,ENG,seconds since 1900-01-01,CE05MOAS,GL247,ADCPA
CE05MOAS-GL247-03-ADCPAM000,real_time_clock,real_time_clock,,,,1,CE05MOAS,GL247,ADCPA
CE05MOAS-GL247-04-DOSTAM000,driver_timestamp,driver_timestamp,,,ENG,seconds since 1900-01-01,CE05MOAS,GL247,DOSTA
CE05MOAS-GL247-04-DOSTAM000,internal_timestamp,internal_timestamp,,,ENG,seconds since 1900-01-01,CE05MOAS,GL247,DOSTA
CE05MOAS-GL247-04-DOSTAM000,m_present_secs_into_mission,m_present_secs_into_mission,,,ENG,s,CE05MOAS,GL247,DOSTA
CE05MOAS-GL247-04-DOSTAM000,m_present_time,m_present_time,,,AUX,seconds since 1970-01-01,CE05MOAS,GL247,DOSTA
CE05MOAS-GL247-04-DOSTAM000,sci_m_present_secs_into_mission,sci_m_present_secs_into_mission,,,,s,CE05MOAS,GL247,DOSTA
CE05MOAS-GL247-04-DOSTAM000,sci_m_present_time,sci_m_present_time,,,,seconds since 1970-01-01,CE05MOAS,GL247,DOSTA
CE05MOAS-GL247-04-DOSTAM000,sci_oxy4_c1amp,sci_oxy4_c1amp,,,,mV,CE05MOAS,GL247,DOSTA
CE05MOAS-GL247-04-DOSTAM000,sci_oxy4_c1rph,sci_oxy4_c1rph,,,,degrees,CE05MOAS,GL247,DOSTA
CE05MOAS-GL247-04-DOSTAM000,sci_oxy4_c2amp,sci_oxy4_c2amp,,,,mV,CE05MOAS,GL247,DOSTA
CE05MOAS-GL247-04-DOSTAM000,sci_oxy4_c2rph,sci_oxy4_c2rph,,,,degrees,CE05MOAS,GL247,DOSTA
CE05MOAS-GL247-04-DOSTAM000,sci_oxy4_calphase,sci_oxy4_calphase,,,L0,degrees,CE05MOAS,GL247,DOSTA
CE05MOAS-GL247-04-DOSTAM000,sci_oxy4_oxygen,sci_oxy4_oxygen,0,400,L1,umol L-1,CE05MOAS,GL247,DOSTA
CE05MOAS-GL247-04-DOSTAM000,sci_oxy4_rawtemp,sci_oxy4_rawtemp,,,,mV,CE05MOAS,GL247,DOSTA
CE05MOAS-GL247-04-DOSTAM000,sci_oxy4_saturation,sci_oxy4_saturation,,,,percent,CE05MOAS,GL247,DOSTA
CE05MOAS-GL247-04-DOSTAM000,sci_oxy4_tcphase,sci_oxy4_tcphase,,,,degrees,CE05MOAS,GL247,DOSTA
CE05MOAS-GL247-04-DOSTAM000,sci_oxy4_temp,sci_oxy4_temp,,,,deg_C,CE05MOAS,GL247,DOSTA
CE05MOAS-GL247-04-DOSTAM000,sci_oxy4_timestamp,sci_oxy4_timestamp,,,,1,CE05MOAS,GL247,DOSTA
CE05MOAS-GL247-04-DOSTAM000,sci_water_cond,sci_water_cond,0,6,L1,S m-1,CE05MOAS,GL247,DOSTA
CE05MOAS-GL247-04-DOSTAM000,sci_water_pressure,sci_water_pressure,0,6000,L1,dbar,CE05MOAS,GL247,DOSTA
CE05MOAS-GL247-04-DOSTAM000,sci_water_temp,sci_water_temp,-2,40,L1,deg_C,CE05MOAS,GL247,DOSTA
CE05MOAS-GL247-04-DOSTAM000,preferred_timestamp,preferred_timestamp,,,ENG,1,CE05MOAS,GL247,DOSTA
CE05MOAS-GL247-04-DOSTAM000,sci_abs_oxygen,sci_abs_oxygen,0,400,L2,umol kg-1,CE05MOAS,GL247,DOSTA
CE05MOAS-GL247-04-DOSTAM000,time,time,,,ENG,seconds since 1900-01-01,CE05MOAS,GL247,DOSTA
CE05MOAS-GL247-04-DOSTAM000,ingestion_timestamp,ingestion_timestamp,,,ENG,seconds since 1900-01-01,CE05MOAS,GL247,DOSTA
CE05MOAS-GL247-05-CTDGVM000,driver_timestamp,driver_timestamp,,,ENG,seconds since 1900-01-01,CE05MOAS,GL247,CTDGV
CE05MOAS-GL247-05-CTDGVM000,internal_timestamp,internal_timestamp,,,ENG,seconds since 1900-01-01,CE05MOAS,GL247,CTDGV
CE05MOAS-GL247-05-CTDGVM000,m_present_secs_into_mission,m_present_secs_into_mission,,,ENG,s,CE05MOAS,GL247,CTDGV
CE05MOAS-GL247-05-CTDGVM000,m_present_time,m_present_time,,,AUX,seconds since 1970-01-01,CE05MOAS,GL247,CTDGV
CE05MOAS-GL247-05-CTDGVM000,sci_ctd41cp_timestamp,sci_ctd41cp_timestamp,,,,seconds since 1970-01-01,CE05MOAS,GL247,CTDGV
CE05MOAS-GL247-05-CTDGVM000,sci_m_present_secs_into_mission,sci_m_present_secs_into_mission,,,,s,CE05MOAS,GL247,CTDGV
CE05MOAS-GL247-05-CTDGVM000,sci_m_present_time,sci_m_present_time,,,,seconds since 1970-01-01,CE05MOAS,GL247,CTDGV
CE05MOAS-GL247-05-CTDGVM000,sci_water_cond,sci_water_cond,0,6,L1,S m-1,CE05MOAS,GL247,CTDGV
CE05MOAS-GL247-05-CTDGVM000,sci_water_pressure,sci_water_pressure,0,6000,L1,dbar,CE05MOAS,GL247,CTDGV
CE05MOAS-GL247-05-CTDGVM000,sci_water_temp,sci_water_temp,-2,40,L1,deg_C,CE05MOAS,GL247,CTDGV
CE05MOAS-GL247-05-CTDGVM000,sci_water_pracsal,sci_water_pracsal,0,42,L2,1,CE05MOAS,GL247,CTDGV
CE05MOAS-GL247-05-CTDGVM000,preferred_timestamp,preferred_timestamp,,,ENG,1,CE05MOAS,GL247,CTDGV
CE05MOAS-GL247-05-CTDGVM000,sci_seawater_density,sci_seawater_density,1000,1100,L2,kg m-3,CE05MOAS,GL247,CTDGV
CE05MOAS-GL247-05-CTDGVM000,time,time,,,ENG,seconds since 1900-01-01,CE05MOAS,GL247,CTDGV
CE05MOAS-GL247-05-CTDGVM000,ingestion_timestamp,ingestion_timestamp,,,ENG,seconds since 1900-01-01,CE05MOAS,GL247,CTDGV
CE05MOAS-GL311-01-PARADM000,driver_timestamp,driver_timestamp,,,ENG,seconds since 1900-01-01,CE05MOAS,GL311,PARAD
CE05MOAS-GL311-01-PARADM000,internal_timestamp,internal_timestamp,,,ENG,seconds since 1900-01-01,CE05MOAS,GL311,PARAD
CE05MOAS-GL311-01-PARADM000,m_present_secs_into_mission,m_present_secs_into_mission,,,ENG,s,CE05MOAS,GL311,PARAD
CE05MOAS-GL311-01-PARADM000,m_present_time,m_present_time,,,AUX,seconds since 1970-01-01,CE05MOAS,GL311,PARAD
CE05MOAS-GL311-01-PARADM000,sci_bsipar_par,sci_bsipar_par,0,2500,L1,umol photons m-2 s-1,CE05MOAS,GL311,PARAD
CE05MOAS-GL311-01-PARADM000,sci_bsipar_sensor_volts,sci_bsipar_sensor_volts,,,L0,V,CE05MOAS,GL311,PARAD
CE05MOAS-GL311-01-PARADM000,sci_bsipar_supply_volts,sci_bsipar_supply_volts,,,,V,CE05MOAS,GL311,PARAD
CE05MOAS-GL311-01-PARADM000,sci_bsipar_temp,sci_bsipar_temp,,,,deg_C,CE05MOAS,GL311,PARAD
CE05MOAS-GL311-01-PARADM000,sci_m_present_secs_into_mission,sci_m_present_secs_into_mission,,,,s,CE05MOAS,GL311,PARAD
CE05MOAS-GL311-01-PARADM000,sci_m_present_time,sci_m_present_time,,,,seconds since 1970-01-01,CE05MOAS,GL311,PARAD
CE05MOAS-GL311-01-PARADM000,preferred_timestamp,preferred_timestamp,,,ENG,1,CE05MOAS,GL311,PARAD
CE05MOAS-GL311-01-PARADM000,time,time,,,ENG,seconds since 1900-01-01,CE05MOAS,GL311,PARAD
CE05MOAS-GL311-01-PARADM000,ingestion_timestamp,ingestion_timestamp,,,ENG,seconds since 1900-01-01,CE05MOAS,GL311,PARAD
CE05MOAS-GL311-02-FLORTM000,driver_timestamp,driver_timestamp,,,ENG,seconds since 1900-01-01,CE05MOAS,GL311,FLORT
CE05MOAS-GL311-02-FLORTM000,internal_timestamp,internal_timestamp,,,ENG,seconds since 1900-01-01,CE05MOAS,GL311,FLORT
CE05MOAS-GL311-02-FLORTM000,m_present_secs_into_mission,m_present_secs_into_mission,,,ENG,s,CE05MOAS,GL311,FLORT
CE05MOAS-GL311-02-FLORTM000,m_present_time,m_present_time,,,AUX,seconds since 1970-01-01,CE05MOAS,GL311,FLORT
CE05MOAS-GL311-02-FLORTM000,sci_flbbcd_bb_ref,sci_flbbcd_bb_ref,,,,nm,CE05MOAS,GL311,FLORT
CE05MOAS-GL311-02-FLORTM000,sci_flbbcd_bb_sig,sci_flbbcd_bb_sig,,,,counts,CE05MOAS,GL311,FLORT
CE05MOAS-GL311-02-FLORTM000,sci_flbbcd_bb_units,sci_flbbcd_bb_units,,,L1,m-1 sr-1,CE05MOAS,GL311,FLORT
CE05MOAS-GL311-02-FLORTM000,sci_flbbcd_cdom_ref,sci_flbbcd_cdom_ref,,,,nm,CE05MOAS,GL311,FLORT
CE05MOAS-GL311-02-FLORTM000,sci_flbbcd_cdom_sig,sci_flbbcd_cdom_sig,,,,counts,CE05MOAS,GL311,FLORT
CE05MOAS-GL311-02-FLORTM000,sci_flbbcd_cdom_units,sci_flbbcd_cdom_units,0,375,L1,ppb,CE05MOAS,GL311,FLORT
CE05MOAS-GL311-02-FLORTM000,sci_flbbcd_chlor_ref,sci_flbbcd_chlor_ref,,,,nm,CE05MOAS,GL311,FLORT
CE05MOAS-GL311-02-FLORTM000,sci_flbbcd_chlor_sig,sci_flbbcd_chlor_sig,,,,counts,CE05MOAS,GL311,FLORT
CE05MOAS-GL311-02-FLORTM000,sci_flbbcd_chlor_units,sci_flbbcd_chlor_units,0,50,L1,ug L-1,CE05MOAS,GL311,FLORT
CE05MOAS-GL311-02-FLORTM000,sci_flbbcd_therm,sci_flbbcd_therm,,,ENG,1,CE05MOAS,GL311,FLORT
CE05MOAS-GL311-02-FLORTM000,sci_flbbcd_timestamp,sci_flbbcd_timestamp,,,ENG,seconds since 1970-01-01,CE05MOAS,GL311,FLORT
CE05MOAS-GL311-02-FLORTM000,sci_m_present_secs_into_mission,sci_m_present_secs_into_mission,,,,s,CE05MOAS,GL311,FLORT
CE05MOAS-GL311-02-FLORTM000,sci_m_present_time,sci_m_present_time,,,,seconds since 1970-01-01,CE05MOAS,GL311,FLORT
CE05MOAS-GL311-02-FLORTM000,preferred_timestamp,preferred_timestamp,,,ENG,1,CE05MOAS,GL311,FLORT
CE05MOAS-GL311-02-FLORTM000,flort_m_bback_total,flort_m_bback_total,0.0003,1,L2,m-1,CE05MOAS,GL311,FLORT
CE05MOAS-GL311-02-FLORTM000,flort_m_scat_seawater,flort_m_scat_seawater,,,AUX,m-1,CE05MOAS,GL311,FLORT
CE05MOAS-GL311-02-FLORTM000,time,time,,,ENG,seconds since 1900-01-01,CE05MOAS,GL311,FLORT
CE05MOAS-GL311-02-FLORTM000,ingestion_timestamp,ingestion_timestamp,,,ENG,seconds since 1900-01-01,CE05MOAS,GL311,FLORT
CE05MOAS-GL311-03-ADCPAM000,bin_depths,bin_depths,,,,m,CE05MOAS,GL311,ADCPA
CE05MOAS-GL311-03-ADCPAM000,driver_timestamp,driver_timestamp,,,ENG,seconds since 1900-01-01,CE05MOAS,GL311,ADCPA
CE05MOAS-GL311-03-ADCPAM000,bt_pings_per_ensemble,bt_pings_per_ensemble,,,,1,CE05MOAS,GL311,ADCPA
CE05MOAS-GL311-03-ADCPAM000,bt_delay_before_reacquire,bt_delay_before_reacquire,,,,1,CE05MOAS,GL311,ADCPA
CE05MOAS-GL311-03-ADCPAM000,bt_corr_magnitude_min,bt_corr_magnitude_min,,,,counts,CE05MOAS,GL311,ADCPA
CE05MOAS-GL311-03-ADCPAM000,bt_eval_magnitude_min,bt_eval_magnitude_min,,,,counts,CE05MOAS,GL311,ADCPA
CE05MOAS-GL311-03-ADCPAM000,bt_percent_good_min,bt_percent_good_min,,,,percent,CE05MOAS,GL311,ADCPA
CE05MOAS-GL311-03-ADCPAM000,bt_mode,bt_mode,,,,1,CE05MOAS,GL311,ADCPA
CE05MOAS-GL311-03-ADCPAM000,bt_error_velocity_max,bt_error_velocity_max,,,,mm s-1,CE05MOAS,GL311,ADCPA
CE05MOAS-GL311-03-ADCPAM000,bt_beam1_range,bt_beam1_range,,,,cm,CE05MOAS,GL311,ADCPA
CE05MOAS-GL311-03-ADCPAM000,bt_beam2_range,bt_beam2_range,,,,cm,CE05MOAS,GL311,ADCPA
CE05MOAS-GL311-03-ADCPAM000,bt_beam3_range,bt_beam3_range,,,,cm,CE05MOAS,GL311,ADCPA
CE05MOAS-GL311-03-ADCPAM000,bt_beam4_range,bt_beam4_range,,,,cm,CE05MOAS,GL311,ADCPA
CE05MOAS-GL311-03-ADCPAM000,bt_eastward_velocity,bt_eastward_velocity,,,,mm s-1,CE05MOAS,GL311,ADCPA
CE05MOAS-GL311-03-ADCPAM000,bt_northward_velocity,bt_northward_velocity,,,,mm s-1,CE05MOAS,GL311,ADCPA
CE05MOAS-GL311-03-ADCPAM000,bt_upward_velocity,bt_upward_velocity,,,,mm s-1,CE05MOAS,GL311,ADCPA
CE05MOAS-GL311-03-ADCPAM000,bt_error_velocity,bt_error_velocity,,,,mm s-1,CE05MOAS,GL311,ADCPA
CE05MOAS-GL311-03-ADCPAM000,bt_beam1_correlation,bt_beam1_correlation,,,,counts,CE05MOAS,GL311,ADCPA
CE05MOAS-GL311-03-ADCPAM000,bt_beam2_correlation,bt_beam2_correlation,,,,counts,CE05MOAS,GL311,ADCPA
CE05MOAS-GL311-03-ADCPAM000,bt_beam3_correlation,bt_beam3_correlation,,,,counts,CE05MOAS,GL311,ADCPA
CE05MOAS-GL311-03-ADCPAM000,bt_beam4_correlation,bt_beam4_correlation,,,,counts,CE05MOAS,GL311,ADCPA
CE05MOAS-GL311-03-ADCPAM000,bt_beam1_eval_amp,bt_beam1_eval_amp,,,,counts,CE05MOAS,GL311,ADCPA
CE05MOAS-GL311-03-ADCPAM000,bt_beam2_eval_amp,bt_beam2_eval_amp,,,,counts,CE05MOAS,GL311,ADCPA
CE05MOAS-GL311-03-ADCPAM000,bt_beam3_eval_amp,bt_beam3_eval_amp,,,,counts,CE05MOAS,GL311,ADCPA
CE05MOAS-GL311-03-ADCPAM000,bt_beam4_eval_amp,bt_beam4_eval_amp,,,,counts,CE05MOAS,GL311,ADCPA
CE05MOAS-GL311-03-ADCPAM000,bt_beam1_percent_good,bt_beam1_percent_good,,,,percent,CE05MOAS,GL311,ADCPA
CE05MOAS-GL311-03-ADCPAM000,bt_beam2_percent_good,bt_beam2_percent_good,,,,percent,CE05MOAS,GL311,ADCPA
CE05MOAS-GL311-03-ADCPAM000,bt_beam3_percent_good,bt_beam3_percent_good,,,,percent,CE05MOAS,GL311,ADCPA
CE05MOAS-GL311-03-ADCPAM000,bt_beam4_percent_good,bt_beam4_percent_good,,,,percent,CE05MOAS,GL311,ADCPA
CE05MOAS-GL311-03-ADCPAM000,bt_ref_layer_min,bt_ref_layer_min,,,,dm,CE05MOAS,GL311,ADCPA
CE05MOAS-GL311-03-ADCPAM000,bt_ref_layer_near,bt_ref_layer_near,,,,dm,CE05MOAS,GL311,ADCPA
CE05MOAS-GL311-03-ADCPAM000,bt_ref_layer_far,bt_ref_layer_far,,,,dm,CE05MOAS,GL311,ADCPA
CE05MOAS-GL311-03-ADCPAM000,bt_eastward_ref_layer_velocity,bt_eastward_ref_layer_velocity,,,,mm s-1,CE05MOAS,GL311,ADCPA
CE05MOAS-GL311-03-ADCPAM000,bt_northward_ref_layer_velocity,bt_northward_ref_layer_velocity,,,,mm s-1,CE05MOAS,GL311,ADCPA
CE05MOAS-GL311-03-ADCPAM000,bt_upward_ref_layer_velocity,bt_upward_ref_layer_velocity,,,,mm s-1,CE05MOAS,GL311,ADCPA
CE05MOAS-GL311-03-ADCPAM000,bt_error_ref_layer_velocity,bt_error_ref_layer_velocity,,,,mm s-1,CE05MOAS,GL311,ADCPA
CE05MOAS-GL311-03-ADCPAM000,bt_beam1_ref_correlation,bt_beam1_ref_correlation,,,,counts,CE05MOAS,GL311,ADCPA
CE05MOAS-GL311-03-ADCPAM000,bt_beam2_ref_correlation,bt_beam2_ref_correlation,,,,counts,CE05MOAS,GL311,ADCPA
CE05MOAS-GL311-03-ADCPAM000,bt_beam3_ref_correlation,bt_beam3_ref_correlation,,,,counts,CE05MOAS,GL311,ADCPA
CE05MOAS-GL311-03-ADCPAM000,bt_beam4_ref_correlation,bt_beam4_ref_correlation,,,,counts,CE05MOAS,GL311,ADCPA
CE05MOAS-GL311-03-ADCPAM000,bt_beam1_ref_intensity,bt_beam1_ref_intensity,,,,counts,CE05MOAS,GL311,ADCPA
CE05MOAS-GL311-03-ADCPAM000,bt_beam2_ref_intensity,bt_beam2_ref_intensity,,,,counts,CE05MOAS,GL311,ADCPA
CE05MOAS-GL311-03-ADCPAM000,internal_timestamp,internal_timestamp,,,ENG,seconds since 1900-01-01,CE05MOAS,GL311,ADCPA
CE05MOAS-GL311-03-ADCPAM000,bt_beam3_ref_intensity,bt_beam3_ref_intensity,,,,counts,CE05MOAS,GL311,ADCPA
CE05MOAS-GL311-03-ADCPAM000,bt_beam4_ref_intensity,bt_beam4_ref_intensity,,,,counts,CE05MOAS,GL311,ADCPA
CE05MOAS-GL311-03-ADCPAM000,bt_beam1_ref_percent_good,bt_beam1_ref_percent_good,,,,percent,CE05MOAS,GL311,ADCPA
CE05MOAS-GL311-03-ADCPAM000,bt_beam2_ref_percent_good,bt_beam2_ref_percent_good,,,,percent,CE05MOAS,GL311,ADCPA
CE05MOAS-GL311-03-ADCPAM000,bt_beam3_ref_percent_good,bt_beam3_ref_percent_good,,,,percent,CE05MOAS,GL311,ADCPA
CE05MOAS-GL311-03-ADCPAM000,bt_beam4_ref_percent_good,bt_beam4_ref_percent_good,,,,percent,CE05MOAS,GL311,ADCPA
CE05MOAS-GL311-03-ADCPAM000,bt_max_depth,bt_max_depth,,,,dm,CE05MOAS,GL311,ADCPA
CE05MOAS-GL311-03-ADCPAM000,bt_beam1_rssi_amplitude,bt_beam1_rssi_amplitude,,,,counts,CE05MOAS,GL311,ADCPA
CE05MOAS-GL311-03-ADCPAM000,bt_beam2_rssi_amplitude,bt_beam2_rssi_amplitude,,,,counts,CE05MOAS,GL311,ADCPA
CE05MOAS-GL311-03-ADCPAM000,bt_beam3_rssi_amplitude,bt_beam3_rssi_amplitude,,,,counts,CE05MOAS,GL311,ADCPA
CE05MOAS-GL311-03-ADCPAM000,bt_beam4_rssi_amplitude,bt_beam4_rssi_amplitude,,,,counts,CE05MOAS,GL311,ADCPA
CE05MOAS-GL311-03-ADCPAM000,bt_gain,bt_gain,,,,1,CE05MOAS,GL311,ADCPA
CE05MOAS-GL311-03-ADCPAM000,preferred_timestamp,preferred_timestamp,,,ENG,1,CE05MOAS,GL311,ADCPA
CE05MOAS-GL311-03-ADCPAM000,sensor_available_speed,sensor_available_speed,,,,1,CE05MOAS,GL311,ADCPA
CE05MOAS-GL311-03-ADCPAM000,sensor_source_temperature_eu,sensor_source_temperature_eu,,,,1,CE05MOAS,GL311,ADCPA
CE05MOAS-GL311-03-ADCPAM000,sensor_available_temperature_eu,sensor_available_temperature_eu,,,,1,CE05MOAS,GL311,ADCPA
CE05MOAS-GL311-03-ADCPAM000,bit_error_number,bit_error_number,,,,1,CE05MOAS,GL311,ADCPA
CE05MOAS-GL311-03-ADCPAM000,bit_error_count,bit_error_count,,,,counts,CE05MOAS,GL311,ADCPA
CE05MOAS-GL311-03-ADCPAM000,sysconfig_beam_angle,sysconfig_beam_angle,,,,1,CE05MOAS,GL311,ADCPA
CE05MOAS-GL311-03-ADCPAM000,sysconfig_beam_config,sysconfig_beam_config,,,,1,CE05MOAS,GL311,ADCPA
CE05MOAS-GL311-03-ADCPAM000,adcpa_m_upward_seawater_velocity,adcpa_m_upward_seawater_velocity,-1,1,L1,m s-1,CE05MOAS,GL311,ADCPA
CE05MOAS-GL311-03-ADCPAM000,adcpa_m_error_velocity,adcpa_m_error_velocity,-1,1,L1,m s-1,CE05MOAS,GL311,ADCPA
CE05MOAS-GL311-03-ADCPAM000,adcpa_m_eastward_seawater_velocity,adcpa_m_eastward_seawater_velocity,-3,3,L1,m s-1,CE05MOAS,GL311,ADCPA
CE05MOAS-GL311-03-ADCPAM000,adcpa_m_northward_seawater_velocity,adcpa_m_northward_seawater_velocity,-3,3,L1,m s-1,CE05MOAS,GL311,ADCPA
CE05MOAS-GL311-03-ADCPAM000,adcpa_m_echo_intensity_beam1,adcpa_m_echo_intensity_beam1,0,255,L1,dB,CE05MOAS,GL311,ADCPA
CE05MOAS-GL311-03-ADCPAM000,adcpa_m_echo_intensity_beam2,adcpa_m_echo_intensity_beam2,0,255,L1,dB,CE05MOAS,GL311,ADCPA
CE05MOAS-GL311-03-ADCPAM000,adcpa_m_echo_intensity_beam3,adcpa_m_echo_intensity_beam3,0,255,L1,dB,CE05MOAS,GL311,ADCPA
CE05MOAS-GL311-03-ADCPAM000,adcpa_m_echo_intensity_beam4,adcpa_m_echo_intensity_beam4,0,255,L1,dB,CE05MOAS,GL311,ADCPA
CE05MOAS-GL311-03-ADCPAM000,serial_number,serial_number,,,ENG,1,CE05MOAS,GL311,ADCPA
CE05MOAS-GL311-03-ADCPAM000,firmware_version,firmware_version,,,,1,CE05MOAS,GL311,ADCPA
CE05MOAS-GL311-03-ADCPAM000,firmware_revision,firmware_revision,,,,1,CE05MOAS,GL311,ADCPA
CE05MOAS-GL311-03-ADCPAM000,sysconfig_frequency,sysconfig_frequency,,,,kHz,CE05MOAS,GL311,ADCPA
CE05MOAS-GL311-03-ADCPAM000,sysconfig_beam_pattern,sysconfig_beam_pattern,,,,1,CE05MOAS,GL311,ADCPA
CE05MOAS-GL311-03-ADCPAM000,sysconfig_sensor_config,sysconfig_sensor_config,,,,1,CE05MOAS,GL311,ADCPA
CE05MOAS-GL311-03-ADCPAM000,sysconfig_head_attached,sysconfig_head_attached,,,,1,CE05MOAS,GL311,ADCPA
CE05MOAS-GL311-03-ADCPAM000,sysconfig_vertical_orientation,sysconfig_vertical_orientation,,,,1,CE05MOAS,GL311,ADCPA
CE05MOAS-GL311-03-ADCPAM000,data_flag,data_flag,,,,1,CE05MOAS,GL311,ADCPA
CE05MOAS-GL311-03-ADCPAM000,lag_length,lag_length,,,,s,CE05MOAS,GL311,ADCPA
CE05MOAS-GL311-03-ADCPAM000,num_beams,num_beams,,,,1,CE05MOAS,GL311,ADCPA
CE05MOAS-GL311-03-ADCPAM000,num_cells,num_cells,,,,1,CE05MOAS,GL311,ADCPA
CE05MOAS-GL311-03-ADCPAM000,pings_per_ensemble,pings_per_ensemble,,,,1,CE05MOAS,GL311,ADCPA
CE05MOAS-GL311-03-ADCPAM000,cell_length,cell_length,,,,cm,CE05MOAS,GL311,ADCPA
CE05MOAS-GL311-03-ADCPAM000,blank_after_transmit,blank_after_transmit,,,,cm,CE05MOAS,GL311,ADCPA
CE05MOAS-GL311-03-ADCPAM000,signal_processing_mode,signal_processing_mode,,,,1,CE05MOAS,GL311,ADCPA
CE05MOAS-GL311-03-ADCPAM000,low_corr_threshold,low_corr_threshold,,,,counts,CE05MOAS,GL311,ADCPA
CE05MOAS-GL311-03-ADCPAM000,num_code_repetitions,num_code_repetitions,,,,counts,CE05MOAS,GL311,ADCPA
CE05MOAS-GL311-03-ADCPAM000,percent_good_min,percent_good_min,,,,percent,CE05MOAS,GL311,ADCPA
CE05MOAS-GL311-03-ADCPAM000,error_vel_threshold,error_vel_threshold,,,,mm s-1,CE05MOAS,GL311,ADCPA
CE05MOAS-GL311-03-ADCPAM000,time_per_ping_minutes,time_per_ping_minutes,,,,min,CE05MOAS,GL311,ADCPA
CE05MOAS-GL311-03-ADCPAM000,time_per_ping_seconds,time_per_ping_seconds,,,,s,CE05MOAS,GL311,ADCPA
CE05MOAS-GL311-03-ADCPAM000,coord_transform_type,coord_transform_type,,,,1,CE05MOAS,GL311,ADCPA
CE05MOAS-GL311-03-ADCPAM000,coord_transform_tilts,coord_transform_tilts,,,,1,CE05MOAS,GL311,ADCPA
CE05MOAS-GL311-03-ADCPAM000,coord_transform_beams,coord_transform_beams,,,,1,CE05MOAS,GL311,ADCPA
CE05MOAS-GL311-03-ADCPAM000,coord_transform_mapping,coord_transform_mapping,,,,1,CE05MOAS,GL311,ADCPA
CE05MOAS-GL311-03-ADCPAM000,heading_alignment,heading_alignment,,,,cdegrees,CE05MOAS,GL311,ADCPA
CE05MOAS-GL311-03-ADCPAM000,heading_bias,heading_bias,,,,cdegrees,CE05MOAS,GL311,ADCPA
CE05MOAS-GL311-03-ADCPAM000,sensor_source_speed,sensor_source_speed,,,,1,CE05MOAS,GL311,ADCPA
CE05MOAS-GL311-03-ADCPAM000,sensor_source_depth,sensor_source_depth,,,,1,CE05MOAS,GL311,ADCPA
CE05MOAS-GL311-03-ADCPAM000,sensor_source_heading,sensor_source_heading,,,,1,CE05MOAS,GL311,ADCPA
CE05MOAS-GL311-03-ADCPAM000,sensor_source_pitch,sensor_source_pitch,,,,1,CE05MOAS,GL311,ADCPA
CE05MOAS-GL311-03-ADCPAM000,sensor_source_roll,sensor_source_roll,,,,1,CE05MOAS,GL311,ADCPA
CE05MOAS-GL311-03-ADCPAM000,sensor_source_conductivity,sensor_source_conductivity,,,,1,CE05MOAS,GL311,ADCPA
CE05MOAS-GL311-03-ADCPAM000,sensor_source_temperature,sensor_source_temperature,,,,1,CE05MOAS,GL311,ADCPA
CE05MOAS-GL311-03-ADCPAM000,sensor_available_depth,sensor_available_depth,,,,1,CE05MOAS,GL311,ADCPA
CE05MOAS-GL311-03-ADCPAM000,sensor_available_heading,sensor_available_heading,,,,1,CE05MOAS,GL311,ADCPA
CE05MOAS-GL311-03-ADCPAM000,sensor_available_pitch,sensor_available_pitch,,,,1,CE05MOAS,GL311,ADCPA
CE05MOAS-GL311-03-ADCPAM000,sensor_available_roll,sensor_available_roll,,,,1,CE05MOAS,GL311,ADCPA
CE05MOAS-GL311-03-ADCPAM000,sensor_available_conductivity,sensor_available_conductivity,,,,1,CE05MOAS,GL311,ADCPA
CE05MOAS-GL311-03-ADCPAM000,sensor_available_temperature,sensor_available_temperature,,,,1,CE05MOAS,GL311,ADCPA
CE05MOAS-GL311-03-ADCPAM000,bin_1_distance,bin_1_distance,,,,cm,CE05MOAS,GL311,ADCPA
CE05MOAS-GL311-03-ADCPAM000,transmit_pulse_length,transmit_pulse_length,,,,cm,CE05MOAS,GL311,ADCPA
CE05MOAS-GL311-03-ADCPAM000,reference_layer_start,reference_layer_start,,,,1,CE05MOAS,GL311,ADCPA
CE05MOAS-GL311-03-ADCPAM000,reference_layer_stop,reference_layer_stop,,,,1,CE05MOAS,GL311,ADCPA
CE05MOAS-GL311-03-ADCPAM000,false_target_threshold,false_target_threshold,,,,counts,CE05MOAS,GL311,ADCPA
CE05MOAS-GL311-03-ADCPAM000,transmit_lag_distance,transmit_lag_distance,,,,cm,CE05MOAS,GL311,ADCPA
CE05MOAS-GL311-03-ADCPAM000,system_bandwidth,system_bandwidth,,,,1,CE05MOAS,GL311,ADCPA
CE05MOAS-GL311-03-ADCPAM000,ensemble_number,ensemble_number,,,,1,CE05MOAS,GL311,ADCPA
CE05MOAS-GL311-03-ADCPAM000,ensemble_number_increment,ensemble_number_increment,,,,1,CE05MOAS,GL311,ADCPA
CE05MOAS-GL311-03-ADCPAM000,speed_of_sound,speed_of_sound,,,,m s-1,CE05MOAS,GL311,ADCPA
CE05MOAS-GL311-03-ADCPAM000,transducer_depth,transducer_depth,,,,dm,CE05MOAS,GL311,ADCPA
CE05MOAS-GL311-03-ADCPAM000,heading,heading,,,,cdegrees,CE05MOAS,GL311,ADCPA
CE05MOAS-GL311-03-ADCPAM000,pitch,pitch,,,,cdegrees,CE05MOAS,GL311,ADCPA
CE05MOAS-GL311-03-ADCPAM000,roll,roll,,,,cdegrees,CE05MOAS,GL311,ADCPA
CE05MOAS-GL311-03-ADCPAM000,salinity,salinity,,,,1,CE05MOAS,GL311,ADCPA
CE05MOAS-GL311-03-ADCPAM000,temperature,temperature,,,,cdeg_C,CE05MOAS,GL311,ADCPA
CE05MOAS-GL311-03-ADCPAM000,mpt_minutes,mpt_minutes,,,,min,CE05MOAS,GL311,ADCPA
CE05MOAS-GL311-03-ADCPAM000,mpt_seconds,mpt_seconds,,,,s,CE05MOAS,GL311,ADCPA
CE05MOAS-GL311-03-ADCPAM000,heading_stdev,heading_stdev,,,,degrees,CE05MOAS,GL311,ADCPA
CE05MOAS-GL311-03-ADCPAM000,pitch_stdev,pitch_stdev,,,,ddegrees,CE05MOAS,GL311,ADCPA
CE05MOAS-GL311-03-ADCPAM000,roll_stdev,roll_stdev,,,,ddegrees,CE05MOAS,GL311,ADCPA
CE05MOAS-GL311-03-ADCPAM000,adc_transmit_voltage,adc_transmit_voltage,,,,counts,CE05MOAS,GL311,ADCPA
CE05MOAS-GL311-03-ADCPAM000,time,time,,,ENG,seconds since 1900-01-01,CE05MOAS,GL311,ADCPA
CE05MOAS-GL311-03-ADCPAM000,pressure,pressure,,,,daPa,CE05MOAS,GL311,ADCPA
CE05MOAS-GL311-03-ADCPAM000,pressure_variance,pressure_variance,,,,daPa,CE05MOAS,GL311,ADCPA
CE05MOAS-GL311-03-ADCPAM000,water_velocity_east,water_velocity_east,,,L0,mm s-1,CE05MOAS,GL311,ADCPA
CE05MOAS-GL311-03-ADCPAM000,water_velocity_north,water_velocity_north,,,L0,mm s-1,CE05MOAS,GL311,ADCPA
CE05MOAS-GL311-03-ADCPAM000,water_velocity_up,water_velocity_up,,,L0,mm s-1,CE05MOAS,GL311,ADCPA
CE05MOAS-GL311-03-ADCPAM000,error_velocity,error_velocity,,,L0,mm s-1,CE05MOAS,GL311,ADCPA
CE05MOAS-GL311-03-ADCPAM000,correlation_magnitude_beam1,correlation_magnitude_beam1,,,,1,CE05MOAS,GL311,ADCPA
CE05MOAS-GL311-03-ADCPAM000,correlation_magnitude_beam2,correlation_magnitude_beam2,,,,1,CE05MOAS,GL311,ADCPA
CE05MOAS-GL311-03-ADCPAM000,correlation_magnitude_beam3,correlation_magnitude_beam3,,,,1,CE05MOAS,GL311,ADCPA
CE05MOAS-GL311-03-ADCPAM000,correlation_magnitude_beam4,correlation_magnitude_beam4,,,,1,CE05MOAS,GL311,ADCPA
CE05MOAS-GL311-03-ADCPAM000,echo_intensity_beam1,echo_intensity_beam1,,,L0,counts,CE05MOAS,GL311,ADCPA
CE05MOAS-GL311-03-ADCPAM000,echo_intensity_beam2,echo_intensity_beam2,,,L0,counts,CE05MOAS,GL311,ADCPA
CE05MOAS-GL311-03-ADCPAM000,echo_intensity_beam3,echo_intensity_beam3,,,L0,counts,CE05MOAS,GL311,ADCPA
CE05MOAS-GL311-03-ADCPAM000,echo_intensity_beam4,echo_intensity_beam4,,,L0,counts,CE05MOAS,GL311,ADCPA
CE05MOAS-GL311-03-ADCPAM000,percent_good_3beam,percent_good_3beam,,,,percent,CE05MOAS,GL311,ADCPA
CE05MOAS-GL311-03-ADCPAM000,percent_transforms_reject,percent_transforms_reject,,,,percent,CE05MOAS,GL311,ADCPA
CE05MOAS-GL311-03-ADCPAM000,percent_bad_beams,percent_bad_beams,,,,percent,CE05MOAS,GL311,ADCPA
CE05MOAS-GL311-03-ADCPAM000,percent_good_4beam,percent_good_4beam,,,,percent,CE05MOAS,GL311,ADCPA
CE05MOAS-GL311-03-ADCPAM000,ensemble_start_time,ensemble_start_time,,,,seconds since 1900-01-01,CE05MOAS,GL311,ADCPA
CE05MOAS-GL311-03-ADCPAM000,ingestion_timestamp,ingestion_timestamp,,,ENG,seconds since 1900-01-01,CE05MOAS,GL311,ADCPA
CE05MOAS-GL311-03-ADCPAM000,real_time_clock,real_time_clock,,,,1,CE05MOAS,GL311,ADCPA
CE05MOAS-GL311-04-DOSTAM000,driver_timestamp,driver_timestamp,,,ENG,seconds since 1900-01-01,CE05MOAS,GL311,DOSTA
CE05MOAS-GL311-04-DOSTAM000,internal_timestamp,internal_timestamp,,,ENG,seconds since 1900-01-01,CE05MOAS,GL311,DOSTA
CE05MOAS-GL311-04-DOSTAM000,m_present_secs_into_mission,m_present_secs_into_mission,,,ENG,s,CE05MOAS,GL311,DOSTA
CE05MOAS-GL311-04-DOSTAM000,m_present_time,m_present_time,,,AUX,seconds since 1970-01-01,CE05MOAS,GL311,DOSTA
CE05MOAS-GL311-04-DOSTAM000,sci_m_present_secs_into_mission,sci_m_present_secs_into_mission,,,,s,CE05MOAS,GL311,DOSTA
CE05MOAS-GL311-04-DOSTAM000,sci_m_present_time,sci_m_present_time,,,,seconds since 1970-01-01,CE05MOAS,GL311,DOSTA
CE05MOAS-GL311-04-DOSTAM000,sci_oxy4_c1amp,sci_oxy4_c1amp,,,,mV,CE05MOAS,GL311,DOSTA
CE05MOAS-GL311-04-DOSTAM000,sci_oxy4_c1rph,sci_oxy4_c1rph,,,,degrees,CE05MOAS,GL311,DOSTA
CE05MOAS-GL311-04-DOSTAM000,sci_oxy4_c2amp,sci_oxy4_c2amp,,,,mV,CE05MOAS,GL311,DOSTA
CE05MOAS-GL311-04-DOSTAM000,sci_oxy4_c2rph,sci_oxy4_c2rph,,,,degrees,CE05MOAS,GL311,DOSTA
CE05MOAS-GL311-04-DOSTAM000,sci_oxy4_calphase,sci_oxy4_calphase,,,L0,degrees,CE05MOAS,GL311,DOSTA
CE05MOAS-GL311-04-DOSTAM000,sci_oxy4_oxygen,sci_oxy4_oxygen,0,400,L1,umol L-1,CE05MOAS,GL311,DOSTA
CE05MOAS-GL311-04-DOSTAM000,sci_oxy4_rawtemp,sci_oxy4_rawtemp,,,,mV,CE05MOAS,GL311,DOSTA
CE05MOAS-GL311-04-DOSTAM000,sci_oxy4_saturation,sci_oxy4_saturation,,,,percent,CE05MOAS,GL311,DOSTA
CE05MOAS-GL311-04-DOSTAM000,sci_oxy4_tcphase,sci_oxy4_tcphase,,,,degrees,CE05MOAS,GL311,DOSTA
CE05MOAS-GL311-04-DOSTAM000,sci_oxy4_temp,sci_oxy4_temp,,,,deg_C,CE05MOAS,GL311,DOSTA
CE05MOAS-GL311-04-DOSTAM000,sci_oxy4_timestamp,sci_oxy4_timestamp,,,,1,CE05MOAS,GL311,DOSTA
CE05MOAS-GL311-04-DOSTAM000,sci_water_cond,sci_water_cond,0,6,L1,S m-1,CE05MOAS,GL311,DOSTA
CE05MOAS-GL311-04-DOSTAM000,sci_water_pressure,sci_water_pressure,0,6000,L1,dbar,CE05MOAS,GL311,DOSTA
CE05MOAS-GL311-04-DOSTAM000,sci_water_temp,sci_water_temp,-2,40,L1,deg_C,CE05MOAS,GL311,DOSTA
CE05MOAS-GL311-04-DOSTAM000,preferred_timestamp,preferred_timestamp,,,ENG,1,CE05MOAS,GL311,DOSTA
CE05MOAS-GL311-04-DOSTAM000,sci_abs_oxygen,sci_abs_oxygen,0,400,L2,umol kg-1,CE05MOAS,GL311,DOSTA
CE05MOAS-GL311-04-DOSTAM000,time,time,,,ENG,seconds since 1900-01-01,CE05MOAS,GL311,DOSTA
CE05MOAS-GL311-04-DOSTAM000,ingestion_timestamp,ingestion_timestamp,,,ENG,seconds since 1900-01-01,CE05MOAS,GL311,DOSTA
CE05MOAS-GL311-05-CTDGVM000,driver_timestamp,driver_timestamp,,,ENG,seconds since 1900-01-01,CE05MOAS,GL311,CTDGV
CE05MOAS-GL311-05-CTDGVM000,internal_timestamp,internal_timestamp,,,ENG,seconds since 1900-01-01,CE05MOAS,GL311,CTDGV
CE05MOAS-GL311-05-CTDGVM000,m_present_secs_into_mission,m_present_secs_into_mission,,,ENG,s,CE05MOAS,GL311,CTDGV
CE05MOAS-GL311-05-CTDGVM000,m_present_time,m_present_time,,,AUX,seconds since 1970-01-01,CE05MOAS,GL311,CTDGV
CE05MOAS-GL311-05-CTDGVM000,sci_ctd41cp_timestamp,sci_ctd41cp_timestamp,,,,seconds since 1970-01-01,CE05MOAS,GL311,CTDGV
CE05MOAS-GL311-05-CTDGVM000,sci_m_present_secs_into_mission,sci_m_present_secs_into_mission,,,,s,CE05MOAS,GL311,CTDGV
CE05MOAS-GL311-05-CTDGVM000,sci_m_present_time,sci_m_present_time,,,,seconds since 1970-01-01,CE05MOAS,GL311,CTDGV
CE05MOAS-GL311-05-CTDGVM000,sci_water_cond,sci_water_cond,0,6,L1,S m-1,CE05MOAS,GL311,CTDGV
CE05MOAS-GL311-05-CTDGVM000,sci_water_pressure,sci_water_pressure,0,6000,L1,dbar,CE05MOAS,GL311,CTDGV
CE05MOAS-GL311-05-CTDGVM000,sci_water_temp,sci_water_temp,-2,40,L1,deg_C,CE05MOAS,GL311,CTDGV
CE05MOAS-GL311-05-CTDGVM000,sci_water_pracsal,sci_water_pracsal,0,42,L2,1,CE05MOAS,GL311,CTDGV
CE05MOAS-GL311-05-CTDGVM000,preferred_timestamp,preferred_timestamp,,,ENG,1,CE05MOAS,GL311,CTDGV
CE05MOAS-GL311-05-CTDGVM000,sci_seawater_density,sci_seawater_density,1000,1100,L2,kg m-3,CE05MOAS,GL311,CTDGV
CE05MOAS-GL311-05-CTDGVM000,time,time,,,ENG,seconds since 1900-01-01,CE05MOAS,GL311,CTDGV
CE05MOAS-GL311-05-CTDGVM000,ingestion_timestamp,ingestion_timestamp,,,ENG,seconds since 1900-01-01,CE05MOAS,GL311,CTDGV
CE05MOAS-GL312-01-PARADM000,driver_timestamp,driver_timestamp,,,ENG,seconds since 1900-01-01,CE05MOAS,GL312,PARAD
CE05MOAS-GL312-01-PARADM000,internal_timestamp,internal_timestamp,,,ENG,seconds since 1900-01-01,CE05MOAS,GL312,PARAD
CE05MOAS-GL312-01-PARADM000,m_present_secs_into_mission,m_present_secs_into_mission,,,ENG,s,CE05MOAS,GL312,PARAD
CE05MOAS-GL312-01-PARADM000,m_present_time,m_present_time,,,AUX,seconds since 1970-01-01,CE05MOAS,GL312,PARAD
CE05MOAS-GL312-01-PARADM000,sci_bsipar_par,sci_bsipar_par,0,2500,L1,umol photons m-2 s-1,CE05MOAS,GL312,PARAD
CE05MOAS-GL312-01-PARADM000,sci_bsipar_sensor_volts,sci_bsipar_sensor_volts,,,L0,V,CE05MOAS,GL312,PARAD
CE05MOAS-GL312-01-PARADM000,sci_bsipar_supply_volts,sci_bsipar_supply_volts,,,,V,CE05MOAS,GL312,PARAD
CE05MOAS-GL312-01-PARADM000,sci_bsipar_temp,sci_bsipar_temp,,,,deg_C,CE05MOAS,GL312,PARAD
CE05MOAS-GL312-01-PARADM000,sci_m_present_secs_into_mission,sci_m_present_secs_into_mission,,,,s,CE05MOAS,GL312,PARAD
CE05MOAS-GL312-01-PARADM000,sci_m_present_time,sci_m_present_time,,,,seconds since 1970-01-01,CE05MOAS,GL312,PARAD
CE05MOAS-GL312-01-PARADM000,preferred_timestamp,preferred_timestamp,,,ENG,1,CE05MOAS,GL312,PARAD
CE05MOAS-GL312-01-PARADM000,time,time,,,ENG,seconds since 1900-01-01,CE05MOAS,GL312,PARAD
CE05MOAS-GL312-01-PARADM000,ingestion_timestamp,ingestion_timestamp,,,ENG,seconds since 1900-01-01,CE05MOAS,GL312,PARAD
CE05MOAS-GL312-02-FLORTM000,driver_timestamp,driver_timestamp,,,ENG,seconds since 1900-01-01,CE05MOAS,GL312,FLORT
CE05MOAS-GL312-02-FLORTM000,internal_timestamp,internal_timestamp,,,ENG,seconds since 1900-01-01,CE05MOAS,GL312,FLORT
CE05MOAS-GL312-02-FLORTM000,m_present_secs_into_mission,m_present_secs_into_mission,,,ENG,s,CE05MOAS,GL312,FLORT
CE05MOAS-GL312-02-FLORTM000,m_present_time,m_present_time,,,AUX,seconds since 1970-01-01,CE05MOAS,GL312,FLORT
CE05MOAS-GL312-02-FLORTM000,sci_flbbcd_bb_ref,sci_flbbcd_bb_ref,,,,nm,CE05MOAS,GL312,FLORT
CE05MOAS-GL312-02-FLORTM000,sci_flbbcd_bb_sig,sci_flbbcd_bb_sig,,,,counts,CE05MOAS,GL312,FLORT
CE05MOAS-GL312-02-FLORTM000,sci_flbbcd_bb_units,sci_flbbcd_bb_units,,,L1,m-1 sr-1,CE05MOAS,GL312,FLORT
CE05MOAS-GL312-02-FLORTM000,sci_flbbcd_cdom_ref,sci_flbbcd_cdom_ref,,,,nm,CE05MOAS,GL312,FLORT
CE05MOAS-GL312-02-FLORTM000,sci_flbbcd_cdom_sig,sci_flbbcd_cdom_sig,,,,counts,CE05MOAS,GL312,FLORT
CE05MOAS-GL312-02-FLORTM000,sci_flbbcd_cdom_units,sci_flbbcd_cdom_units,0,375,L1,ppb,CE05MOAS,GL312,FLORT
CE05MOAS-GL312-02-FLORTM000,sci_flbbcd_chlor_ref,sci_flbbcd_chlor_ref,,,,nm,CE05MOAS,GL312,FLORT
CE05MOAS-GL312-02-FLORTM000,sci_flbbcd_chlor_sig,sci_flbbcd_chlor_sig,,,,counts,CE05MOAS,GL312,FLORT
CE05MOAS-GL312-02-FLORTM000,sci_flbbcd_chlor_units,sci_flbbcd_chlor_units,0,50,L1,ug L-1,CE05MOAS,GL312,FLORT
CE05MOAS-GL312-02-FLORTM000,sci_flbbcd_therm,sci_flbbcd_therm,,,ENG,1,CE05MOAS,GL312,FLORT
CE05MOAS-GL312-02-FLORTM000,sci_flbbcd_timestamp,sci_flbbcd_timestamp,,,ENG,seconds since 1970-01-01,CE05MOAS,GL312,FLORT
CE05MOAS-GL312-02-FLORTM000,sci_m_present_secs_into_mission,sci_m_present_secs_into_mission,,,,s,CE05MOAS,GL312,FLORT
CE05MOAS-GL312-02-FLORTM000,sci_m_present_time,sci_m_present_time,,,,seconds since 1970-01-01,CE05MOAS,GL312,FLORT
CE05MOAS-GL312-02-FLORTM000,preferred_timestamp,preferred_timestamp,,,ENG,1,CE05MOAS,GL312,FLORT
CE05MOAS-GL312-02-FLORTM000,flort_m_bback_total,flort_m_bback_total,0.0003,1,L2,m-1,CE05MOAS,GL312,FLORT
CE05MOAS-GL312-02-FLORTM000,flort_m_scat_seawater,flort_m_scat_seawater,,,AUX,m-1,CE05MOAS,GL312,FLORT
CE05MOAS-GL312-02-FLORTM000,time,time,,,ENG,seconds since 1900-01-01,CE05MOAS,GL312,FLORT
CE05MOAS-GL312-02-FLORTM000,ingestion_timestamp,ingestion_timestamp,,,ENG,seconds since 1900-01-01,CE05MOAS,GL312,FLORT
CE05MOAS-GL312-03-ADCPAM000,bin_depths,bin_depths,,,,m,CE05MOAS,GL312,ADCPA
CE05MOAS-GL312-03-ADCPAM000,driver_timestamp,driver_timestamp,,,ENG,seconds since 1900-01-01,CE05MOAS,GL312,ADCPA
CE05MOAS-GL312-03-ADCPAM000,bt_pings_per_ensemble,bt_pings_per_ensemble,,,,1,CE05MOAS,GL312,ADCPA
CE05MOAS-GL312-03-ADCPAM000,bt_delay_before_reacquire,bt_delay_before_reacquire,,,,1,CE05MOAS,GL312,ADCPA
CE05MOAS-GL312-03-ADCPAM000,bt_corr_magnitude_min,bt_corr_magnitude_min,,,,counts,CE05MOAS,GL312,ADCPA
CE05MOAS-GL312-03-ADCPAM000,bt_eval_magnitude_min,bt_eval_magnitude_min,,,,counts,CE05MOAS,GL312,ADCPA
CE05MOAS-GL312-03-ADCPAM000,bt_percent_good_min,bt_percent_good_min,,,,percent,CE05MOAS,GL312,ADCPA
CE05MOAS-GL312-03-ADCPAM000,bt_mode,bt_mode,,,,1,CE05MOAS,GL312,ADCPA
CE05MOAS-GL312-03-ADCPAM000,bt_error_velocity_max,bt_error_velocity_max,,,,mm s-1,CE05MOAS,GL312,ADCPA
CE05MOAS-GL312-03-ADCPAM000,bt_beam1_range,bt_beam1_range,,,,cm,CE05MOAS,GL312,ADCPA
CE05MOAS-GL312-03-ADCPAM000,bt_beam2_range,bt_beam2_range,,,,cm,CE05MOAS,GL312,ADCPA
CE05MOAS-GL312-03-ADCPAM000,bt_beam3_range,bt_beam3_range,,,,cm,CE05MOAS,GL312,ADCPA
CE05MOAS-GL312-03-ADCPAM000,bt_beam4_range,bt_beam4_range,,,,cm,CE05MOAS,GL312,ADCPA
CE05MOAS-GL312-03-ADCPAM000,bt_eastward_velocity,bt_eastward_velocity,,,,mm s-1,CE05MOAS,GL312,ADCPA
CE05MOAS-GL312-03-ADCPAM000,bt_northward_velocity,bt_northward_velocity,,,,mm s-1,CE05MOAS,GL312,ADCPA
CE05MOAS-GL312-03-ADCPAM000,bt_upward_velocity,bt_upward_velocity,,,,mm s-1,CE05MOAS,GL312,ADCPA
CE05MOAS-GL312-03-ADCPAM000,bt_error_velocity,bt_error_velocity,,,,mm s-1,CE05MOAS,GL312,ADCPA
CE05MOAS-GL312-03-ADCPAM000,bt_beam1_correlation,bt_beam1_correlation,,,,counts,CE05MOAS,GL312,ADCPA
CE05MOAS-GL312-03-ADCPAM000,bt_beam2_correlation,bt_beam2_correlation,,,,counts,CE05MOAS,GL312,ADCPA
CE05MOAS-GL312-03-ADCPAM000,bt_beam3_correlation,bt_beam3_correlation,,,,counts,CE05MOAS,GL312,ADCPA
CE05MOAS-GL312-03-ADCPAM000,bt_beam4_correlation,bt_beam4_correlation,,,,counts,CE05MOAS,GL312,ADCPA
CE05MOAS-GL312-03-ADCPAM000,bt_beam1_eval_amp,bt_beam1_eval_amp,,,,counts,CE05MOAS,GL312,ADCPA
CE05MOAS-GL312-03-ADCPAM000,bt_beam2_eval_amp,bt_beam2_eval_amp,,,,counts,CE05MOAS,GL312,ADCPA
CE05MOAS-GL312-03-ADCPAM000,bt_beam3_eval_amp,bt_beam3_eval_amp,,,,counts,CE05MOAS,GL312,ADCPA
CE05MOAS-GL312-03-ADCPAM000,bt_beam4_eval_amp,bt_beam4_eval_amp,,,,counts,CE05MOAS,GL312,ADCPA
CE05MOAS-GL312-03-ADCPAM000,bt_beam1_percent_good,bt_beam1_percent_good,,,,percent,CE05MOAS,GL312,ADCPA
CE05MOAS-GL312-03-ADCPAM000,bt_beam2_percent_good,bt_beam2_percent_good,,,,percent,CE05MOAS,GL312,ADCPA
CE05MOAS-GL312-03-ADCPAM000,bt_beam3_percent_good,bt_beam3_percent_good,,,,percent,CE05MOAS,GL312,ADCPA
CE05MOAS-GL312-03-ADCPAM000,bt_beam4_percent_good,bt_beam4_percent_good,,,,percent,CE05MOAS,GL312,ADCPA
CE05MOAS-GL312-03-ADCPAM000,bt_ref_layer_min,bt_ref_layer_min,,,,dm,CE05MOAS,GL312,ADCPA
CE05MOAS-GL312-03-ADCPAM000,bt_ref_layer_near,bt_ref_layer_near,,,,dm,CE05MOAS,GL312,ADCPA
CE05MOAS-GL312-03-ADCPAM000,bt_ref_layer_far,bt_ref_layer_far,,,,dm,CE05MOAS,GL312,ADCPA
CE05MOAS-GL312-03-ADCPAM000,bt_eastward_ref_layer_velocity,bt_eastward_ref_layer_velocity,,,,mm s-1,CE05MOAS,GL312,ADCPA
CE05MOAS-GL312-03-ADCPAM000,bt_northward_ref_layer_velocity,bt_northward_ref_layer_velocity,,,,mm s-1,CE05MOAS,GL312,ADCPA
CE05MOAS-GL312-03-ADCPAM000,bt_upward_ref_layer_velocity,bt_upward_ref_layer_velocity,,,,mm s-1,CE05MOAS,GL312,ADCPA
CE05MOAS-GL312-03-ADCPAM000,bt_error_ref_layer_velocity,bt_error_ref_layer_velocity,,,,mm s-1,CE05MOAS,GL312,ADCPA
CE05MOAS-GL312-03-ADCPAM000,bt_beam1_ref_correlation,bt_beam1_ref_correlation,,,,counts,CE05MOAS,GL312,ADCPA
CE05MOAS-GL312-03-ADCPAM000,bt_beam2_ref_correlation,bt_beam2_ref_correlation,,,,counts,CE05MOAS,GL312,ADCPA
CE05MOAS-GL312-03-ADCPAM000,bt_beam3_ref_correlation,bt_beam3_ref_correlation,,,,counts,CE05MOAS,GL312,ADCPA
CE05MOAS-GL312-03-ADCPAM000,bt_beam4_ref_correlation,bt_beam4_ref_correlation,,,,counts,CE05MOAS,GL312,ADCPA
CE05MOAS-GL312-03-ADCPAM000,bt_beam1_ref_intensity,bt_beam1_ref_intensity,,,,counts,CE05MOAS,GL312,ADCPA
CE05MOAS-GL312-03-ADCPAM000,bt_beam2_ref_intensity,bt_beam2_ref_intensity,,,,counts,CE05MOAS,GL312,ADCPA
CE05MOAS-GL312-03-ADCPAM000,internal_timestamp,internal_timestamp,,,ENG,seconds since 1900-01-01,CE05MOAS,GL312,ADCPA
CE05MOAS-GL312-03-ADCPAM000,bt_beam3_ref_intensity,bt_beam3_ref_intensity,,,,counts,CE05MOAS,GL312,ADCPA
CE05MOAS-GL312-03-ADCPAM000,bt_beam4_ref_intensity,bt_beam4_ref_intensity,,,,counts,CE05MOAS,GL312,ADCPA
CE05MOAS-GL312-03-ADCPAM000,bt_beam1_ref_percent_good,bt_beam1_ref_percent_good,,,,percent,CE05MOAS,GL312,ADCPA
CE05MOAS-GL312-03-ADCPAM000,bt_beam2_ref_percent_good,bt_beam2_ref_percent_good,,,,percent,CE05MOAS,GL312,ADCPA
CE05MOAS-GL312-03-ADCPAM000,bt_beam3_ref_percent_good,bt_beam3_ref_percent_good,,,,percent,CE05MOAS,GL312,ADCPA
CE05MOAS-GL312-03-ADCPAM000,bt_beam4_ref_percent_good,bt_beam4_ref_percent_good,,,,percent,CE05MOAS,GL312,ADCPA
CE05MOAS-GL312-03-ADCPAM000,bt_max_depth,bt_max_depth,,,,dm,CE05MOAS,GL312,ADCPA
CE05MOAS-GL312-03-ADCPAM000,bt_beam1_rssi_amplitude,bt_beam1_rssi_amplitude,,,,counts,CE05MOAS,GL312,ADCPA
CE05MOAS-GL312-03-ADCPAM000,bt_beam2_rssi_amplitude,bt_beam2_rssi_amplitude,,,,counts,CE05MOAS,GL312,ADCPA
CE05MOAS-GL312-03-ADCPAM000,bt_beam3_rssi_amplitude,bt_beam3_rssi_amplitude,,,,counts,CE05MOAS,GL312,ADCPA
CE05MOAS-GL312-03-ADCPAM000,bt_beam4_rssi_amplitude,bt_beam4_rssi_amplitude,,,,counts,CE05MOAS,GL312,ADCPA
CE05MOAS-GL312-03-ADCPAM000,bt_gain,bt_gain,,,,1,CE05MOAS,GL312,ADCPA
CE05MOAS-GL312-03-ADCPAM000,preferred_timestamp,preferred_timestamp,,,ENG,1,CE05MOAS,GL312,ADCPA
CE05MOAS-GL312-03-ADCPAM000,sensor_available_speed,sensor_available_speed,,,,1,CE05MOAS,GL312,ADCPA
CE05MOAS-GL312-03-ADCPAM000,sensor_source_temperature_eu,sensor_source_temperature_eu,,,,1,CE05MOAS,GL312,ADCPA
CE05MOAS-GL312-03-ADCPAM000,sensor_available_temperature_eu,sensor_available_temperature_eu,,,,1,CE05MOAS,GL312,ADCPA
CE05MOAS-GL312-03-ADCPAM000,bit_error_number,bit_error_number,,,,1,CE05MOAS,GL312,ADCPA
CE05MOAS-GL312-03-ADCPAM000,bit_error_count,bit_error_count,,,,counts,CE05MOAS,GL312,ADCPA
CE05MOAS-GL312-03-ADCPAM000,sysconfig_beam_angle,sysconfig_beam_angle,,,,1,CE05MOAS,GL312,ADCPA
CE05MOAS-GL312-03-ADCPAM000,sysconfig_beam_config,sysconfig_beam_config,,,,1,CE05MOAS,GL312,ADCPA
CE05MOAS-GL312-03-ADCPAM000,adcpa_m_upward_seawater_velocity,adcpa_m_upward_seawater_velocity,-1,1,L1,m s-1,CE05MOAS,GL312,ADCPA
CE05MOAS-GL312-03-ADCPAM000,adcpa_m_error_velocity,adcpa_m_error_velocity,-1,1,L1,m s-1,CE05MOAS,GL312,ADCPA
CE05MOAS-GL312-03-ADCPAM000,adcpa_m_eastward_seawater_velocity,adcpa_m_eastward_seawater_velocity,-3,3,L1,m s-1,CE05MOAS,GL312,ADCPA
CE05MOAS-GL312-03-ADCPAM000,adcpa_m_northward_seawater_velocity,adcpa_m_northward_seawater_velocity,-3,3,L1,m s-1,CE05MOAS,GL312,ADCPA
CE05MOAS-GL312-03-ADCPAM000,adcpa_m_echo_intensity_beam1,adcpa_m_echo_intensity_beam1,0,255,L1,dB,CE05MOAS,GL312,ADCPA
CE05MOAS-GL312-03-ADCPAM000,adcpa_m_echo_intensity_beam2,adcpa_m_echo_intensity_beam2,0,255,L1,dB,CE05MOAS,GL312,ADCPA
CE05MOAS-GL312-03-ADCPAM000,adcpa_m_echo_intensity_beam3,adcpa_m_echo_intensity_beam3,0,255,L1,dB,CE05MOAS,GL312,ADCPA
CE05MOAS-GL312-03-ADCPAM000,adcpa_m_echo_intensity_beam4,adcpa_m_echo_intensity_beam4,0,255,L1,dB,CE05MOAS,GL312,ADCPA
CE05MOAS-GL312-03-ADCPAM000,serial_number,serial_number,,,ENG,1,CE05MOAS,GL312,ADCPA
CE05MOAS-GL312-03-ADCPAM000,firmware_version,firmware_version,,,,1,CE05MOAS,GL312,ADCPA
CE05MOAS-GL312-03-ADCPAM000,firmware_revision,firmware_revision,,,,1,CE05MOAS,GL312,ADCPA
CE05MOAS-GL312-03-ADCPAM000,sysconfig_frequency,sysconfig_frequency,,,,kHz,CE05MOAS,GL312,ADCPA
CE05MOAS-GL312-03-ADCPAM000,sysconfig_beam_pattern,sysconfig_beam_pattern,,,,1,CE05MOAS,GL312,ADCPA
CE05MOAS-GL312-03-ADCPAM000,sysconfig_sensor_config,sysconfig_sensor_config,,,,1,CE05MOAS,GL312,ADCPA
CE05MOAS-GL312-03-ADCPAM000,sysconfig_head_attached,sysconfig_head_attached,,,,1,CE05MOAS,GL312,ADCPA
CE05MOAS-GL312-03-ADCPAM000,sysconfig_vertical_orientation,sysconfig_vertical_orientation,,,,1,CE05MOAS,GL312,ADCPA
CE05MOAS-GL312-03-ADCPAM000,data_flag,data_flag,,,,1,CE05MOAS,GL312,ADCPA
CE05MOAS-GL312-03-ADCPAM000,lag_length,lag_length,,,,s,CE05MOAS,GL312,ADCPA
CE05MOAS-GL312-03-ADCPAM000,num_beams,num_beams,,,,1,CE05MOAS,GL312,ADCPA
CE05MOAS-GL312-03-ADCPAM000,num_cells,num_cells,,,,1,CE05MOAS,GL312,ADCPA
CE05MOAS-GL312-03-ADCPAM000,pings_per_ensemble,pings_per_ensemble,,,,1,CE05MOAS,GL312,ADCPA
CE05MOAS-GL312-03-ADCPAM000,cell_length,cell_length,,,,cm,CE05MOAS,GL312,ADCPA
CE05MOAS-GL312-03-ADCPAM000,blank_after_transmit,blank_after_transmit,,,,cm,CE05MOAS,GL312,ADCPA
CE05MOAS-GL312-03-ADCPAM000,signal_processing_mode,signal_processing_mode,,,,1,CE05MOAS,GL312,ADCPA
CE05MOAS-GL312-03-ADCPAM000,low_corr_threshold,low_corr_threshold,,,,counts,CE05MOAS,GL312,ADCPA
CE05MOAS-GL312-03-ADCPAM000,num_code_repetitions,num_code_repetitions,,,,counts,CE05MOAS,GL312,ADCPA
CE05MOAS-GL312-03-ADCPAM000,percent_good_min,percent_good_min,,,,percent,CE05MOAS,GL312,ADCPA
CE05MOAS-GL312-03-ADCPAM000,error_vel_threshold,error_vel_threshold,,,,mm s-1,CE05MOAS,GL312,ADCPA
CE05MOAS-GL312-03-ADCPAM000,time_per_ping_minutes,time_per_ping_minutes,,,,min,CE05MOAS,GL312,ADCPA
CE05MOAS-GL312-03-ADCPAM000,time_per_ping_seconds,time_per_ping_seconds,,,,s,CE05MOAS,GL312,ADCPA
CE05MOAS-GL312-03-ADCPAM000,coord_transform_type,coord_transform_type,,,,1,CE05MOAS,GL312,ADCPA
CE05MOAS-GL312-03-ADCPAM000,coord_transform_tilts,coord_transform_tilts,,,,1,CE05MOAS,GL312,ADCPA
CE05MOAS-GL312-03-ADCPAM000,coord_transform_beams,coord_transform_beams,,,,1,CE05MOAS,GL312,ADCPA
CE05MOAS-GL312-03-ADCPAM000,coord_transform_mapping,coord_transform_mapping,,,,1,CE05MOAS,GL312,ADCPA
CE05MOAS-GL312-03-ADCPAM000,heading_alignment,heading_alignment,,,,cdegrees,CE05MOAS,GL312,ADCPA
CE05MOAS-GL312-03-ADCPAM000,heading_bias,heading_bias,,,,cdegrees,CE05MOAS,GL312,ADCPA
CE05MOAS-GL312-03-ADCPAM000,sensor_source_speed,sensor_source_speed,,,,1,CE05MOAS,GL312,ADCPA
CE05MOAS-GL312-03-ADCPAM000,sensor_source_depth,sensor_source_depth,,,,1,CE05MOAS,GL312,ADCPA
CE05MOAS-GL312-03-ADCPAM000,sensor_source_heading,sensor_source_heading,,,,1,CE05MOAS,GL312,ADCPA
CE05MOAS-GL312-03-ADCPAM000,sensor_source_pitch,sensor_source_pitch,,,,1,CE05MOAS,GL312,ADCPA
CE05MOAS-GL312-03-ADCPAM000,sensor_source_roll,sensor_source_roll,,,,1,CE05MOAS,GL312,ADCPA
CE05MOAS-GL312-03-ADCPAM000,sensor_source_conductivity,sensor_source_conductivity,,,,1,CE05MOAS,GL312,ADCPA
CE05MOAS-GL312-03-ADCPAM000,sensor_source_temperature,sensor_source_temperature,,,,1,CE05MOAS,GL312,ADCPA
CE05MOAS-GL312-03-ADCPAM000,sensor_available_depth,sensor_available_depth,,,,1,CE05MOAS,GL312,ADCPA
CE05MOAS-GL312-03-ADCPAM000,sensor_available_heading,sensor_available_heading,,,,1,CE05MOAS,GL312,ADCPA
CE05MOAS-GL312-03-ADCPAM000,sensor_available_pitch,sensor_available_pitch,,,,1,CE05MOAS,GL312,ADCPA
CE05MOAS-GL312-03-ADCPAM000,sensor_available_roll,sensor_available_roll,,,,1,CE05MOAS,GL312,ADCPA
CE05MOAS-GL312-03-ADCPAM000,sensor_available_conductivity,sensor_available_conductivity,,,,1,CE05MOAS,GL312,ADCPA
CE05MOAS-GL312-03-ADCPAM000,sensor_available_temperature,sensor_available_temperature,,,,1,CE05MOAS,GL312,ADCPA
CE05MOAS-GL312-03-ADCPAM000,bin_1_distance,bin_1_distance,,,,cm,CE05MOAS,GL312,ADCPA
CE05MOAS-GL312-03-ADCPAM000,transmit_pulse_length,transmit_pulse_length,,,,cm,CE05MOAS,GL312,ADCPA
CE05MOAS-GL312-03-ADCPAM000,reference_layer_start,reference_layer_start,,,,1,CE05MOAS,GL312,ADCPA
CE05MOAS-GL312-03-ADCPAM000,reference_layer_stop,reference_layer_stop,,,,1,CE05MOAS,GL312,ADCPA
CE05MOAS-GL312-03-ADCPAM000,false_target_threshold,false_target_threshold,,,,counts,CE05MOAS,GL312,ADCPA
CE05MOAS-GL312-03-ADCPAM000,transmit_lag_distance,transmit_lag_distance,,,,cm,CE05MOAS,GL312,ADCPA
CE05MOAS-GL312-03-ADCPAM000,system_bandwidth,system_bandwidth,,,,1,CE05MOAS,GL312,ADCPA
CE05MOAS-GL312-03-ADCPAM000,ensemble_number,ensemble_number,,,,1,CE05MOAS,GL312,ADCPA
CE05MOAS-GL312-03-ADCPAM000,ensemble_number_increment,ensemble_number_increment,,,,1,CE05MOAS,GL312,ADCPA
CE05MOAS-GL312-03-ADCPAM000,speed_of_sound,speed_of_sound,,,,m s-1,CE05MOAS,GL312,ADCPA
CE05MOAS-GL312-03-ADCPAM000,transducer_depth,transducer_depth,,,,dm,CE05MOAS,GL312,ADCPA
CE05MOAS-GL312-03-ADCPAM000,heading,heading,,,,cdegrees,CE05MOAS,GL312,ADCPA
CE05MOAS-GL312-03-ADCPAM000,pitch,pitch,,,,cdegrees,CE05MOAS,GL312,ADCPA
CE05MOAS-GL312-03-ADCPAM000,roll,roll,,,,cdegrees,CE05MOAS,GL312,ADCPA
CE05MOAS-GL312-03-ADCPAM000,salinity,salinity,,,,1,CE05MOAS,GL312,ADCPA
CE05MOAS-GL312-03-ADCPAM000,temperature,temperature,,,,cdeg_C,CE05MOAS,GL312,ADCPA
CE05MOAS-GL312-03-ADCPAM000,mpt_minutes,mpt_minutes,,,,min,CE05MOAS,GL312,ADCPA
CE05MOAS-GL312-03-ADCPAM000,mpt_seconds,mpt_seconds,,,,s,CE05MOAS,GL312,ADCPA
CE05MOAS-GL312-03-ADCPAM000,heading_stdev,heading_stdev,,,,degrees,CE05MOAS,GL312,ADCPA
CE05MOAS-GL312-03-ADCPAM000,pitch_stdev,pitch_stdev,,,,ddegrees,CE05MOAS,GL312,ADCPA
CE05MOAS-GL312-03-ADCPAM000,roll_stdev,roll_stdev,,,,ddegrees,CE05MOAS,GL312,ADCPA
CE05MOAS-GL312-03-ADCPAM000,adc_transmit_voltage,adc_transmit_voltage,,,,counts,CE05MOAS,GL312,ADCPA
CE05MOAS-GL312-03-ADCPAM000,time,time,,,ENG,seconds since 1900-01-01,CE05MOAS,GL312,ADCPA
CE05MOAS-GL312-03-ADCPAM000,pressure,pressure,,,,daPa,CE05MOAS,GL312,ADCPA
CE05MOAS-GL312-03-ADCPAM000,pressure_variance,pressure_variance,,,,daPa,CE05MOAS,GL312,ADCPA
CE05MOAS-GL312-03-ADCPAM000,water_velocity_east,water_velocity_east,,,L0,mm s-1,CE05MOAS,GL312,ADCPA
CE05MOAS-GL312-03-ADCPAM000,water_velocity_north,water_velocity_north,,,L0,mm s-1,CE05MOAS,GL312,ADCPA
CE05MOAS-GL312-03-ADCPAM000,water_velocity_up,water_velocity_up,,,L0,mm s-1,CE05MOAS,GL312,ADCPA
CE05MOAS-GL312-03-ADCPAM000,error_velocity,error_velocity,,,L0,mm s-1,CE05MOAS,GL312,ADCPA
CE05MOAS-GL312-03-ADCPAM000,correlation_magnitude_beam1,correlation_magnitude_beam1,,,,1,CE05MOAS,GL312,ADCPA
CE05MOAS-GL312-03-ADCPAM000,correlation_magnitude_beam2,correlation_magnitude_beam2,,,,1,CE05MOAS,GL312,ADCPA
CE05MOAS-GL312-03-ADCPAM000,correlation_magnitude_beam3,correlation_magnitude_beam3,,,,1,CE05MOAS,GL312,ADCPA
CE05MOAS-GL312-03-ADCPAM000,correlation_magnitude_beam4,correlation_magnitude_beam4,,,,1,CE05MOAS,GL312,ADCPA
CE05MOAS-GL312-03-ADCPAM000,echo_intensity_beam1,echo_intensity_beam1,,,L0,counts,CE05MOAS,GL312,ADCPA
CE05MOAS-GL312-03-ADCPAM000,echo_intensity_beam2,echo_intensity_beam2,,,L0,counts,CE05MOAS,GL312,ADCPA
CE05MOAS-GL312-03-ADCPAM000,echo_intensity_beam3,echo_intensity_beam3,,,L0,counts,CE05MOAS,GL312,ADCPA
CE05MOAS-GL312-03-ADCPAM000,echo_intensity_beam4,echo_intensity_beam4,,,L0,counts,CE05MOAS,GL312,ADCPA
CE05MOAS-GL312-03-ADCPAM000,percent_good_3beam,percent_good_3beam,,,,percent,CE05MOAS,GL312,ADCPA
CE05MOAS-GL312-03-ADCPAM000,percent_transforms_reject,percent_transforms_reject,,,,percent,CE05MOAS,GL312,ADCPA
CE05MOAS-GL312-03-ADCPAM000,percent_bad_beams,percent_bad_beams,,,,percent,CE05MOAS,GL312,ADCPA
CE05MOAS-GL312-03-ADCPAM000,percent_good_4beam,percent_good_4beam,,,,percent,CE05MOAS,GL312,ADCPA
CE05MOAS-GL312-03-ADCPAM000,ensemble_start_time,ensemble_start_time,,,,seconds since 1900-01-01,CE05MOAS,GL312,ADCPA
CE05MOAS-GL312-03-ADCPAM000,ingestion_timestamp,ingestion_timestamp,,,ENG,seconds since 1900-01-01,CE05MOAS,GL312,ADCPA
CE05MOAS-GL312-03-ADCPAM000,real_time_clock,real_time_clock,,,,1,CE05MOAS,GL312,ADCPA
CE05MOAS-GL312-04-DOSTAM000,driver_timestamp,driver_timestamp,,,ENG,seconds since 1900-01-01,CE05MOAS,GL312,DOSTA
CE05MOAS-GL312-04-DOSTAM000,internal_timestamp,internal_timestamp,,,ENG,seconds since 1900-01-01,CE05MOAS,GL312,DOSTA
CE05MOAS-GL312-04-DOSTAM000,m_present_secs_into_mission,m_present_secs_into_mission,,,ENG,s,CE05MOAS,GL312,DOSTA
CE05MOAS-GL312-04-DOSTAM000,m_present_time,m_present_time,,,AUX,seconds since 1970-01-01,CE05MOAS,GL312,DOSTA
CE05MOAS-GL312-04-DOSTAM000,sci_m_present_secs_into_mission,sci_m_present_secs_into_mission,,,,s,CE05MOAS,GL312,DOSTA
CE05MOAS-GL312-04-DOSTAM000,sci_m_present_time,sci_m_present_time,,,,seconds since 1970-01-01,CE05MOAS,GL312,DOSTA
CE05MOAS-GL312-04-DOSTAM000,sci_oxy4_c1amp,sci_oxy4_c1amp,,,,mV,CE05MOAS,GL312,DOSTA
CE05MOAS-GL312-04-DOSTAM000,sci_oxy4_c1rph,sci_oxy4_c1rph,,,,degrees,CE05MOAS,GL312,DOSTA
CE05MOAS-GL312-04-DOSTAM000,sci_oxy4_c2amp,sci_oxy4_c2amp,,,,mV,CE05MOAS,GL312,DOSTA
CE05MOAS-GL312-04-DOSTAM000,sci_oxy4_c2rph,sci_oxy4_c2rph,,,,degrees,CE05MOAS,GL312,DOSTA
CE05MOAS-GL312-04-DOSTAM000,sci_oxy4_calphase,sci_oxy4_calphase,,,L0,degrees,CE05MOAS,GL312,DOSTA
CE05MOAS-GL312-04-DOSTAM000,sci_oxy4_oxygen,sci_oxy4_oxygen,0,400,L1,umol L-1,CE05MOAS,GL312,DOSTA
CE05MOAS-GL312-04-DOSTAM000,sci_oxy4_rawtemp,sci_oxy4_rawtemp,,,,mV,CE05MOAS,GL312,DOSTA
CE05MOAS-GL312-04-DOSTAM000,sci_oxy4_saturation,sci_oxy4_saturation,,,,percent,CE05MOAS,GL312,DOSTA
CE05MOAS-GL312-04-DOSTAM000,sci_oxy4_tcphase,sci_oxy4_tcphase,,,,degrees,CE05MOAS,GL312,DOSTA
CE05MOAS-GL312-04-DOSTAM000,sci_oxy4_temp,sci_oxy4_temp,,,,deg_C,CE05MOAS,GL312,DOSTA
CE05MOAS-GL312-04-DOSTAM000,sci_oxy4_timestamp,sci_oxy4_timestamp,,,,1,CE05MOAS,GL312,DOSTA
CE05MOAS-GL312-04-DOSTAM000,sci_water_cond,sci_water_cond,0,6,L1,S m-1,CE05MOAS,GL312,DOSTA
CE05MOAS-GL312-04-DOSTAM000,sci_water_pressure,sci_water_pressure,0,6000,L1,dbar,CE05MOAS,GL312,DOSTA
CE05MOAS-GL312-04-DOSTAM000,sci_water_temp,sci_water_temp,-2,40,L1,deg_C,CE05MOAS,GL312,DOSTA
CE05MOAS-GL312-04-DOSTAM000,preferred_timestamp,preferred_timestamp,,,ENG,1,CE05MOAS,GL312,DOSTA
CE05MOAS-GL312-04-DOSTAM000,sci_abs_oxygen,sci_abs_oxygen,0,400,L2,umol kg-1,CE05MOAS,GL312,DOSTA
CE05MOAS-GL312-04-DOSTAM000,time,time,,,ENG,seconds since 1900-01-01,CE05MOAS,GL312,DOSTA
CE05MOAS-GL312-04-DOSTAM000,ingestion_timestamp,ingestion_timestamp,,,ENG,seconds since 1900-01-01,CE05MOAS,GL312,DOSTA
CE05MOAS-GL312-05-CTDGVM000,driver_timestamp,driver_timestamp,,,ENG,seconds since 1900-01-01,CE05MOAS,GL312,CTDGV
CE05MOAS-GL312-05-CTDGVM000,internal_timestamp,internal_timestamp,,,ENG,seconds since 1900-01-01,CE05MOAS,GL312,CTDGV
CE05MOAS-GL312-05-CTDGVM000,m_present_secs_into_mission,m_present_secs_into_mission,,,ENG,s,CE05MOAS,GL312,CTDGV
CE05MOAS-GL312-05-CTDGVM000,m_present_time,m_present_time,,,AUX,seconds since 1970-01-01,CE05MOAS,GL312,CTDGV
CE05MOAS-GL312-05-CTDGVM000,sci_ctd41cp_timestamp,sci_ctd41cp_timestamp,,,,seconds since 1970-01-01,CE05MOAS,GL312,CTDGV
CE05MOAS-GL312-05-CTDGVM000,sci_m_present_secs_into_mission,sci_m_present_secs_into_mission,,,,s,CE05MOAS,GL312,CTDGV
CE05MOAS-GL312-05-CTDGVM000,sci_m_present_time,sci_m_present_time,,,,seconds since 1970-01-01,CE05MOAS,GL312,CTDGV
CE05MOAS-GL312-05-CTDGVM000,sci_water_cond,sci_water_cond,0,6,L1,S m-1,CE05MOAS,GL312,CTDGV
CE05MOAS-GL312-05-CTDGVM000,sci_water_pressure,sci_water_pressure,0,6000,L1,dbar,CE05MOAS,GL312,CTDGV
CE05MOAS-GL312-05-CTDGVM000,sci_water_temp,sci_water_temp,-2,40,L1,deg_C,CE05MOAS,GL312,CTDGV
CE05MOAS-GL312-05-CTDGVM000,sci_water_pracsal,sci_water_pracsal,0,42,L2,1,CE05MOAS,GL312,CTDGV
CE05MOAS-GL312-05-CTDGVM000,preferred_timestamp,preferred_timestamp,,,ENG,1,CE05MOAS,GL312,CTDGV
CE05MOAS-GL312-05-CTDGVM000,sci_seawater_density,sci_seawater_density,1000,1100,L2,kg m-3,CE05MOAS,GL312,CTDGV
CE05MOAS-GL312-05-CTDGVM000,time,time,,,ENG,seconds since 1900-01-01,CE05MOAS,GL312,CTDGV
CE05MOAS-GL312-05-CTDGVM000,ingestion_timestamp,ingestion_timestamp,,,ENG,seconds since 1900-01-01,CE05MOAS,GL312,CTDGV
CE05MOAS-GL319-01-PARADM000,driver_timestamp,driver_timestamp,,,ENG,seconds since 1900-01-01,CE05MOAS,GL319,PARAD
CE05MOAS-GL319-01-PARADM000,internal_timestamp,internal_timestamp,,,ENG,seconds since 1900-01-01,CE05MOAS,GL319,PARAD
CE05MOAS-GL319-01-PARADM000,m_present_secs_into_mission,m_present_secs_into_mission,,,ENG,s,CE05MOAS,GL319,PARAD
CE05MOAS-GL319-01-PARADM000,m_present_time,m_present_time,,,AUX,seconds since 1970-01-01,CE05MOAS,GL319,PARAD
CE05MOAS-GL319-01-PARADM000,sci_bsipar_par,sci_bsipar_par,0,2500,L1,umol photons m-2 s-1,CE05MOAS,GL319,PARAD
CE05MOAS-GL319-01-PARADM000,sci_bsipar_sensor_volts,sci_bsipar_sensor_volts,,,L0,V,CE05MOAS,GL319,PARAD
CE05MOAS-GL319-01-PARADM000,sci_bsipar_supply_volts,sci_bsipar_supply_volts,,,,V,CE05MOAS,GL319,PARAD
CE05MOAS-GL319-01-PARADM000,sci_bsipar_temp,sci_bsipar_temp,,,,deg_C,CE05MOAS,GL319,PARAD
CE05MOAS-GL319-01-PARADM000,sci_m_present_secs_into_mission,sci_m_present_secs_into_mission,,,,s,CE05MOAS,GL319,PARAD
CE05MOAS-GL319-01-PARADM000,sci_m_present_time,sci_m_present_time,,,,seconds since 1970-01-01,CE05MOAS,GL319,PARAD
CE05MOAS-GL319-01-PARADM000,preferred_timestamp,preferred_timestamp,,,ENG,1,CE05MOAS,GL319,PARAD
CE05MOAS-GL319-01-PARADM000,time,time,,,ENG,seconds since 1900-01-01,CE05MOAS,GL319,PARAD
CE05MOAS-GL319-01-PARADM000,ingestion_timestamp,ingestion_timestamp,,,ENG,seconds since 1900-01-01,CE05MOAS,GL319,PARAD
CE05MOAS-GL319-02-FLORTM000,driver_timestamp,driver_timestamp,,,ENG,seconds since 1900-01-01,CE05MOAS,GL319,FLORT
CE05MOAS-GL319-02-FLORTM000,internal_timestamp,internal_timestamp,,,ENG,seconds since 1900-01-01,CE05MOAS,GL319,FLORT
CE05MOAS-GL319-02-FLORTM000,m_present_secs_into_mission,m_present_secs_into_mission,,,ENG,s,CE05MOAS,GL319,FLORT
CE05MOAS-GL319-02-FLORTM000,m_present_time,m_present_time,,,AUX,seconds since 1970-01-01,CE05MOAS,GL319,FLORT
CE05MOAS-GL319-02-FLORTM000,sci_flbbcd_bb_ref,sci_flbbcd_bb_ref,,,,nm,CE05MOAS,GL319,FLORT
CE05MOAS-GL319-02-FLORTM000,sci_flbbcd_bb_sig,sci_flbbcd_bb_sig,,,,counts,CE05MOAS,GL319,FLORT
CE05MOAS-GL319-02-FLORTM000,sci_flbbcd_bb_units,sci_flbbcd_bb_units,,,L1,m-1 sr-1,CE05MOAS,GL319,FLORT
CE05MOAS-GL319-02-FLORTM000,sci_flbbcd_cdom_ref,sci_flbbcd_cdom_ref,,,,nm,CE05MOAS,GL319,FLORT
CE05MOAS-GL319-02-FLORTM000,sci_flbbcd_cdom_sig,sci_flbbcd_cdom_sig,,,,counts,CE05MOAS,GL319,FLORT
CE05MOAS-GL319-02-FLORTM000,sci_flbbcd_cdom_units,sci_flbbcd_cdom_units,0,375,L1,ppb,CE05MOAS,GL319,FLORT
CE05MOAS-GL319-02-FLORTM000,sci_flbbcd_chlor_ref,sci_flbbcd_chlor_ref,,,,nm,CE05MOAS,GL319,FLORT
CE05MOAS-GL319-02-FLORTM000,sci_flbbcd_chlor_sig,sci_flbbcd_chlor_sig,,,,counts,CE05MOAS,GL319,FLORT
CE05MOAS-GL319-02-FLORTM000,sci_flbbcd_chlor_units,sci_flbbcd_chlor_units,0,50,L1,ug L-1,CE05MOAS,GL319,FLORT
CE05MOAS-GL319-02-FLORTM000,sci_flbbcd_therm,sci_flbbcd_therm,,,ENG,1,CE05MOAS,GL319,FLORT
CE05MOAS-GL319-02-FLORTM000,sci_flbbcd_timestamp,sci_flbbcd_timestamp,,,ENG,seconds since 1970-01-01,CE05MOAS,GL319,FLORT
CE05MOAS-GL319-02-FLORTM000,sci_m_present_secs_into_mission,sci_m_present_secs_into_mission,,,,s,CE05MOAS,GL319,FLORT
CE05MOAS-GL319-02-FLORTM000,sci_m_present_time,sci_m_present_time,,,,seconds since 1970-01-01,CE05MOAS,GL319,FLORT
CE05MOAS-GL319-02-FLORTM000,preferred_timestamp,preferred_timestamp,,,ENG,1,CE05MOAS,GL319,FLORT
CE05MOAS-GL319-02-FLORTM000,flort_m_bback_total,flort_m_bback_total,0.0003,1,L2,m-1,CE05MOAS,GL319,FLORT
CE05MOAS-GL319-02-FLORTM000,flort_m_scat_seawater,flort_m_scat_seawater,,,AUX,m-1,CE05MOAS,GL319,FLORT
CE05MOAS-GL319-02-FLORTM000,time,time,,,ENG,seconds since 1900-01-01,CE05MOAS,GL319,FLORT
CE05MOAS-GL319-02-FLORTM000,ingestion_timestamp,ingestion_timestamp,,,ENG,seconds since 1900-01-01,CE05MOAS,GL319,FLORT
CE05MOAS-GL319-03-ADCPAM000,bin_depths,bin_depths,,,,m,CE05MOAS,GL319,ADCPA
CE05MOAS-GL319-03-ADCPAM000,driver_timestamp,driver_timestamp,,,ENG,seconds since 1900-01-01,CE05MOAS,GL319,ADCPA
CE05MOAS-GL319-03-ADCPAM000,bt_pings_per_ensemble,bt_pings_per_ensemble,,,,1,CE05MOAS,GL319,ADCPA
CE05MOAS-GL319-03-ADCPAM000,bt_delay_before_reacquire,bt_delay_before_reacquire,,,,1,CE05MOAS,GL319,ADCPA
CE05MOAS-GL319-03-ADCPAM000,bt_corr_magnitude_min,bt_corr_magnitude_min,,,,counts,CE05MOAS,GL319,ADCPA
CE05MOAS-GL319-03-ADCPAM000,bt_eval_magnitude_min,bt_eval_magnitude_min,,,,counts,CE05MOAS,GL319,ADCPA
CE05MOAS-GL319-03-ADCPAM000,bt_percent_good_min,bt_percent_good_min,,,,percent,CE05MOAS,GL319,ADCPA
CE05MOAS-GL319-03-ADCPAM000,bt_mode,bt_mode,,,,1,CE05MOAS,GL319,ADCPA
CE05MOAS-GL319-03-ADCPAM000,bt_error_velocity_max,bt_error_velocity_max,,,,mm s-1,CE05MOAS,GL319,ADCPA
CE05MOAS-GL319-03-ADCPAM000,bt_beam1_range,bt_beam1_range,,,,cm,CE05MOAS,GL319,ADCPA
CE05MOAS-GL319-03-ADCPAM000,bt_beam2_range,bt_beam2_range,,,,cm,CE05MOAS,GL319,ADCPA
CE05MOAS-GL319-03-ADCPAM000,bt_beam3_range,bt_beam3_range,,,,cm,CE05MOAS,GL319,ADCPA
CE05MOAS-GL319-03-ADCPAM000,bt_beam4_range,bt_beam4_range,,,,cm,CE05MOAS,GL319,ADCPA
CE05MOAS-GL319-03-ADCPAM000,bt_eastward_velocity,bt_eastward_velocity,,,,mm s-1,CE05MOAS,GL319,ADCPA
CE05MOAS-GL319-03-ADCPAM000,bt_northward_velocity,bt_northward_velocity,,,,mm s-1,CE05MOAS,GL319,ADCPA
CE05MOAS-GL319-03-ADCPAM000,bt_upward_velocity,bt_upward_velocity,,,,mm s-1,CE05MOAS,GL319,ADCPA
CE05MOAS-GL319-03-ADCPAM000,bt_error_velocity,bt_error_velocity,,,,mm s-1,CE05MOAS,GL319,ADCPA
CE05MOAS-GL319-03-ADCPAM000,bt_beam1_correlation,bt_beam1_correlation,,,,counts,CE05MOAS,GL319,ADCPA
CE05MOAS-GL319-03-ADCPAM000,bt_beam2_correlation,bt_beam2_correlation,,,,counts,CE05MOAS,GL319,ADCPA
CE05MOAS-GL319-03-ADCPAM000,bt_beam3_correlation,bt_beam3_correlation,,,,counts,CE05MOAS,GL319,ADCPA
CE05MOAS-GL319-03-ADCPAM000,bt_beam4_correlation,bt_beam4_correlation,,,,counts,CE05MOAS,GL319,ADCPA
CE05MOAS-GL319-03-ADCPAM000,bt_beam1_eval_amp,bt_beam1_eval_amp,,,,counts,CE05MOAS,GL319,ADCPA
CE05MOAS-GL319-03-ADCPAM000,bt_beam2_eval_amp,bt_beam2_eval_amp,,,,counts,CE05MOAS,GL319,ADCPA
CE05MOAS-GL319-03-ADCPAM000,bt_beam3_eval_amp,bt_beam3_eval_amp,,,,counts,CE05MOAS,GL319,ADCPA
CE05MOAS-GL319-03-ADCPAM000,bt_beam4_eval_amp,bt_beam4_eval_amp,,,,counts,CE05MOAS,GL319,ADCPA
CE05MOAS-GL319-03-ADCPAM000,bt_beam1_percent_good,bt_beam1_percent_good,,,,percent,CE05MOAS,GL319,ADCPA
CE05MOAS-GL319-03-ADCPAM000,bt_beam2_percent_good,bt_beam2_percent_good,,,,percent,CE05MOAS,GL319,ADCPA
CE05MOAS-GL319-03-ADCPAM000,bt_beam3_percent_good,bt_beam3_percent_good,,,,percent,CE05MOAS,GL319,ADCPA
CE05MOAS-GL319-03-ADCPAM000,bt_beam4_percent_good,bt_beam4_percent_good,,,,percent,CE05MOAS,GL319,ADCPA
CE05MOAS-GL319-03-ADCPAM000,bt_ref_layer_min,bt_ref_layer_min,,,,dm,CE05MOAS,GL319,ADCPA
CE05MOAS-GL319-03-ADCPAM000,bt_ref_layer_near,bt_ref_layer_near,,,,dm,CE05MOAS,GL319,ADCPA
CE05MOAS-GL319-03-ADCPAM000,bt_ref_layer_far,bt_ref_layer_far,,,,dm,CE05MOAS,GL319,ADCPA
CE05MOAS-GL319-03-ADCPAM000,bt_eastward_ref_layer_velocity,bt_eastward_ref_layer_velocity,,,,mm s-1,CE05MOAS,GL319,ADCPA
CE05MOAS-GL319-03-ADCPAM000,bt_northward_ref_layer_velocity,bt_northward_ref_layer_velocity,,,,mm s-1,CE05MOAS,GL319,ADCPA
CE05MOAS-GL319-03-ADCPAM000,bt_upward_ref_layer_velocity,bt_upward_ref_layer_velocity,,,,mm s-1,CE05MOAS,GL319,ADCPA
CE05MOAS-GL319-03-ADCPAM000,bt_error_ref_layer_velocity,bt_error_ref_layer_velocity,,,,mm s-1,CE05MOAS,GL319,ADCPA
CE05MOAS-GL319-03-ADCPAM000,bt_beam1_ref_correlation,bt_beam1_ref_correlation,,,,counts,CE05MOAS,GL319,ADCPA
CE05MOAS-GL319-03-ADCPAM000,bt_beam2_ref_correlation,bt_beam2_ref_correlation,,,,counts,CE05MOAS,GL319,ADCPA
CE05MOAS-GL319-03-ADCPAM000,bt_beam3_ref_correlation,bt_beam3_ref_correlation,,,,counts,CE05MOAS,GL319,ADCPA
CE05MOAS-GL319-03-ADCPAM000,bt_beam4_ref_correlation,bt_beam4_ref_correlation,,,,counts,CE05MOAS,GL319,ADCPA
CE05MOAS-GL319-03-ADCPAM000,bt_beam1_ref_intensity,bt_beam1_ref_intensity,,,,counts,CE05MOAS,GL319,ADCPA
CE05MOAS-GL319-03-ADCPAM000,bt_beam2_ref_intensity,bt_beam2_ref_intensity,,,,counts,CE05MOAS,GL319,ADCPA
CE05MOAS-GL319-03-ADCPAM000,internal_timestamp,internal_timestamp,,,ENG,seconds since 1900-01-01,CE05MOAS,GL319,ADCPA
CE05MOAS-GL319-03-ADCPAM000,bt_beam3_ref_intensity,bt_beam3_ref_intensity,,,,counts,CE05MOAS,GL319,ADCPA
CE05MOAS-GL319-03-ADCPAM000,bt_beam4_ref_intensity,bt_beam4_ref_intensity,,,,counts,CE05MOAS,GL319,ADCPA
CE05MOAS-GL319-03-ADCPAM000,bt_beam1_ref_percent_good,bt_beam1_ref_percent_good,,,,percent,CE05MOAS,GL319,ADCPA
CE05MOAS-GL319-03-ADCPAM000,bt_beam2_ref_percent_good,bt_beam2_ref_percent_good,,,,percent,CE05MOAS,GL319,ADCPA
CE05MOAS-GL319-03-ADCPAM000,bt_beam3_ref_percent_good,bt_beam3_ref_percent_good,,,,percent,CE05MOAS,GL319,ADCPA
CE05MOAS-GL319-03-ADCPAM000,bt_beam4_ref_percent_good,bt_beam4_ref_percent_good,,,,percent,CE05MOAS,GL319,ADCPA
CE05MOAS-GL319-03-ADCPAM000,bt_max_depth,bt_max_depth,,,,dm,CE05MOAS,GL319,ADCPA
CE05MOAS-GL319-03-ADCPAM000,bt_beam1_rssi_amplitude,bt_beam1_rssi_amplitude,,,,counts,CE05MOAS,GL319,ADCPA
CE05MOAS-GL319-03-ADCPAM000,bt_beam2_rssi_amplitude,bt_beam2_rssi_amplitude,,,,counts,CE05MOAS,GL319,ADCPA
CE05MOAS-GL319-03-ADCPAM000,bt_beam3_rssi_amplitude,bt_beam3_rssi_amplitude,,,,counts,CE05MOAS,GL319,ADCPA
CE05MOAS-GL319-03-ADCPAM000,bt_beam4_rssi_amplitude,bt_beam4_rssi_amplitude,,,,counts,CE05MOAS,GL319,ADCPA
CE05MOAS-GL319-03-ADCPAM000,bt_gain,bt_gain,,,,1,CE05MOAS,GL319,ADCPA
CE05MOAS-GL319-03-ADCPAM000,preferred_timestamp,preferred_timestamp,,,ENG,1,CE05MOAS,GL319,ADCPA
CE05MOAS-GL319-03-ADCPAM000,sensor_available_speed,sensor_available_speed,,,,1,CE05MOAS,GL319,ADCPA
CE05MOAS-GL319-03-ADCPAM000,sensor_source_temperature_eu,sensor_source_temperature_eu,,,,1,CE05MOAS,GL319,ADCPA
CE05MOAS-GL319-03-ADCPAM000,sensor_available_temperature_eu,sensor_available_temperature_eu,,,,1,CE05MOAS,GL319,ADCPA
CE05MOAS-GL319-03-ADCPAM000,bit_error_number,bit_error_number,,,,1,CE05MOAS,GL319,ADCPA
CE05MOAS-GL319-03-ADCPAM000,bit_error_count,bit_error_count,,,,counts,CE05MOAS,GL319,ADCPA
CE05MOAS-GL319-03-ADCPAM000,sysconfig_beam_angle,sysconfig_beam_angle,,,,1,CE05MOAS,GL319,ADCPA
CE05MOAS-GL319-03-ADCPAM000,sysconfig_beam_config,sysconfig_beam_config,,,,1,CE05MOAS,GL319,ADCPA
CE05MOAS-GL319-03-ADCPAM000,adcpa_m_upward_seawater_velocity,adcpa_m_upward_seawater_velocity,-1,1,L1,m s-1,CE05MOAS,GL319,ADCPA
CE05MOAS-GL319-03-ADCPAM000,adcpa_m_error_velocity,adcpa_m_error_velocity,-1,1,L1,m s-1,CE05MOAS,GL319,ADCPA
CE05MOAS-GL319-03-ADCPAM000,adcpa_m_eastward_seawater_velocity,adcpa_m_eastward_seawater_velocity,-3,3,L1,m s-1,CE05MOAS,GL319,ADCPA
CE05MOAS-GL319-03-ADCPAM000,adcpa_m_northward_seawater_velocity,adcpa_m_northward_seawater_velocity,-3,3,L1,m s-1,CE05MOAS,GL319,ADCPA
CE05MOAS-GL319-03-ADCPAM000,adcpa_m_echo_intensity_beam1,adcpa_m_echo_intensity_beam1,0,255,L1,dB,CE05MOAS,GL319,ADCPA
CE05MOAS-GL319-03-ADCPAM000,adcpa_m_echo_intensity_beam2,adcpa_m_echo_intensity_beam2,0,255,L1,dB,CE05MOAS,GL319,ADCPA
CE05MOAS-GL319-03-ADCPAM000,adcpa_m_echo_intensity_beam3,adcpa_m_echo_intensity_beam3,0,255,L1,dB,CE05MOAS,GL319,ADCPA
CE05MOAS-GL319-03-ADCPAM000,adcpa_m_echo_intensity_beam4,adcpa_m_echo_intensity_beam4,0,255,L1,dB,CE05MOAS,GL319,ADCPA
CE05MOAS-GL319-03-ADCPAM000,serial_number,serial_number,,,ENG,1,CE05MOAS,GL319,ADCPA
CE05MOAS-GL319-03-ADCPAM000,firmware_version,firmware_version,,,,1,CE05MOAS,GL319,ADCPA
CE05MOAS-GL319-03-ADCPAM000,firmware_revision,firmware_revision,,,,1,CE05MOAS,GL319,ADCPA
CE05MOAS-GL319-03-ADCPAM000,sysconfig_frequency,sysconfig_frequency,,,,kHz,CE05MOAS,GL319,ADCPA
CE05MOAS-GL319-03-ADCPAM000,sysconfig_beam_pattern,sysconfig_beam_pattern,,,,1,CE05MOAS,GL319,ADCPA
CE05MOAS-GL319-03-ADCPAM000,sysconfig_sensor_config,sysconfig_sensor_config,,,,1,CE05MOAS,GL319,ADCPA
CE05MOAS-GL319-03-ADCPAM000,sysconfig_head_attached,sysconfig_head_attached,,,,1,CE05MOAS,GL319,ADCPA
CE05MOAS-GL319-03-ADCPAM000,sysconfig_vertical_orientation,sysconfig_vertical_orientation,,,,1,CE05MOAS,GL319,ADCPA
CE05MOAS-GL319-03-ADCPAM000,data_flag,data_flag,,,,1,CE05MOAS,GL319,ADCPA
CE05MOAS-GL319-03-ADCPAM000,lag_length,lag_length,,,,s,CE05MOAS,GL319,ADCPA
CE05MOAS-GL319-03-ADCPAM000,num_beams,num_beams,,,,1,CE05MOAS,GL319,ADCPA
CE05MOAS-GL319-03-ADCPAM000,num_cells,num_cells,,,,1,CE05MOAS,GL319,ADCPA
CE05MOAS-GL319-03-ADCPAM000,pings_per_ensemble,pings_per_ensemble,,,,1,CE05MOAS,GL319,ADCPA
CE05MOAS-GL319-03-ADCPAM000,cell_length,cell_length,,,,cm,CE05MOAS,GL319,ADCPA
CE05MOAS-GL319-03-ADCPAM000,blank_after_transmit,blank_after_transmit,,,,cm,CE05MOAS,GL319,ADCPA
CE05MOAS-GL319-03-ADCPAM000,signal_processing_mode,signal_processing_mode,,,,1,CE05MOAS,GL319,ADCPA
CE05MOAS-GL319-03-ADCPAM000,low_corr_threshold,low_corr_threshold,,,,counts,CE05MOAS,GL319,ADCPA
CE05MOAS-GL319-03-ADCPAM000,num_code_repetitions,num_code_repetitions,,,,counts,CE05MOAS,GL319,ADCPA
CE05MOAS-GL319-03-ADCPAM000,percent_good_min,percent_good_min,,,,percent,CE05MOAS,GL319,ADCPA
CE05MOAS-GL319-03-ADCPAM000,error_vel_threshold,error_vel_threshold,,,,mm s-1,CE05MOAS,GL319,ADCPA
CE05MOAS-GL319-03-ADCPAM000,time_per_ping_minutes,time_per_ping_minutes,,,,min,CE05MOAS,GL319,ADCPA
CE05MOAS-GL319-03-ADCPAM000,time_per_ping_seconds,time_per_ping_seconds,,,,s,CE05MOAS,GL319,ADCPA
CE05MOAS-GL319-03-ADCPAM000,coord_transform_type,coord_transform_type,,,,1,CE05MOAS,GL319,ADCPA
CE05MOAS-GL319-03-ADCPAM000,coord_transform_tilts,coord_transform_tilts,,,,1,CE05MOAS,GL319,ADCPA
CE05MOAS-GL319-03-ADCPAM000,coord_transform_beams,coord_transform_beams,,,,1,CE05MOAS,GL319,ADCPA
CE05MOAS-GL319-03-ADCPAM000,coord_transform_mapping,coord_transform_mapping,,,,1,CE05MOAS,GL319,ADCPA
CE05MOAS-GL319-03-ADCPAM000,heading_alignment,heading_alignment,,,,cdegrees,CE05MOAS,GL319,ADCPA
CE05MOAS-GL319-03-ADCPAM000,heading_bias,heading_bias,,,,cdegrees,CE05MOAS,GL319,ADCPA
CE05MOAS-GL319-03-ADCPAM000,sensor_source_speed,sensor_source_speed,,,,1,CE05MOAS,GL319,ADCPA
CE05MOAS-GL319-03-ADCPAM000,sensor_source_depth,sensor_source_depth,,,,1,CE05MOAS,GL319,ADCPA
CE05MOAS-GL319-03-ADCPAM000,sensor_source_heading,sensor_source_heading,,,,1,CE05MOAS,GL319,ADCPA
CE05MOAS-GL319-03-ADCPAM000,sensor_source_pitch,sensor_source_pitch,,,,1,CE05MOAS,GL319,ADCPA
CE05MOAS-GL319-03-ADCPAM000,sensor_source_roll,sensor_source_roll,,,,1,CE05MOAS,GL319,ADCPA
CE05MOAS-GL319-03-ADCPAM000,sensor_source_conductivity,sensor_source_conductivity,,,,1,CE05MOAS,GL319,ADCPA
CE05MOAS-GL319-03-ADCPAM000,sensor_source_temperature,sensor_source_temperature,,,,1,CE05MOAS,GL319,ADCPA
CE05MOAS-GL319-03-ADCPAM000,sensor_available_depth,sensor_available_depth,,,,1,CE05MOAS,GL319,ADCPA
CE05MOAS-GL319-03-ADCPAM000,sensor_available_heading,sensor_available_heading,,,,1,CE05MOAS,GL319,ADCPA
CE05MOAS-GL319-03-ADCPAM000,sensor_available_pitch,sensor_available_pitch,,,,1,CE05MOAS,GL319,ADCPA
CE05MOAS-GL319-03-ADCPAM000,sensor_available_roll,sensor_available_roll,,,,1,CE05MOAS,GL319,ADCPA
CE05MOAS-GL319-03-ADCPAM000,sensor_available_conductivity,sensor_available_conductivity,,,,1,CE05MOAS,GL319,ADCPA
CE05MOAS-GL319-03-ADCPAM000,sensor_available_temperature,sensor_available_temperature,,,,1,CE05MOAS,GL319,ADCPA
CE05MOAS-GL319-03-ADCPAM000,bin_1_distance,bin_1_distance,,,,cm,CE05MOAS,GL319,ADCPA
CE05MOAS-GL319-03-ADCPAM000,transmit_pulse_length,transmit_pulse_length,,,,cm,CE05MOAS,GL319,ADCPA
CE05MOAS-GL319-03-ADCPAM000,reference_layer_start,reference_layer_start,,,,1,CE05MOAS,GL319,ADCPA
CE05MOAS-GL319-03-ADCPAM000,reference_layer_stop,reference_layer_stop,,,,1,CE05MOAS,GL319,ADCPA
CE05MOAS-GL319-03-ADCPAM000,false_target_threshold,false_target_threshold,,,,counts,CE05MOAS,GL319,ADCPA
CE05MOAS-GL319-03-ADCPAM000,transmit_lag_distance,transmit_lag_distance,,,,cm,CE05MOAS,GL319,ADCPA
CE05MOAS-GL319-03-ADCPAM000,system_bandwidth,system_bandwidth,,,,1,CE05MOAS,GL319,ADCPA
CE05MOAS-GL319-03-ADCPAM000,ensemble_number,ensemble_number,,,,1,CE05MOAS,GL319,ADCPA
CE05MOAS-GL319-03-ADCPAM000,ensemble_number_increment,ensemble_number_increment,,,,1,CE05MOAS,GL319,ADCPA
CE05MOAS-GL319-03-ADCPAM000,speed_of_sound,speed_of_sound,,,,m s-1,CE05MOAS,GL319,ADCPA
CE05MOAS-GL319-03-ADCPAM000,transducer_depth,transducer_depth,,,,dm,CE05MOAS,GL319,ADCPA
CE05MOAS-GL319-03-ADCPAM000,heading,heading,,,,cdegrees,CE05MOAS,GL319,ADCPA
CE05MOAS-GL319-03-ADCPAM000,pitch,pitch,,,,cdegrees,CE05MOAS,GL319,ADCPA
CE05MOAS-GL319-03-ADCPAM000,roll,roll,,,,cdegrees,CE05MOAS,GL319,ADCPA
CE05MOAS-GL319-03-ADCPAM000,salinity,salinity,,,,1,CE05MOAS,GL319,ADCPA
CE05MOAS-GL319-03-ADCPAM000,temperature,temperature,,,,cdeg_C,CE05MOAS,GL319,ADCPA
CE05MOAS-GL319-03-ADCPAM000,mpt_minutes,mpt_minutes,,,,min,CE05MOAS,GL319,ADCPA
CE05MOAS-GL319-03-ADCPAM000,mpt_seconds,mpt_seconds,,,,s,CE05MOAS,GL319,ADCPA
CE05MOAS-GL319-03-ADCPAM000,heading_stdev,heading_stdev,,,,degrees,CE05MOAS,GL319,ADCPA
CE05MOAS-GL319-03-ADCPAM000,pitch_stdev,pitch_stdev,,,,ddegrees,CE05MOAS,GL319,ADCPA
CE05MOAS-GL319-03-ADCPAM000,roll_stdev,roll_stdev,,,,ddegrees,CE05MOAS,GL319,ADCPA
CE05MOAS-GL319-03-ADCPAM000,adc_transmit_voltage,adc_transmit_voltage,,,,counts,CE05MOAS,GL319,ADCPA
CE05MOAS-GL319-03-ADCPAM000,time,time,,,ENG,seconds since 1900-01-01,CE05MOAS,GL319,ADCPA
CE05MOAS-GL319-03-ADCPAM000,pressure,pressure,,,,daPa,CE05MOAS,GL319,ADCPA
CE05MOAS-GL319-03-ADCPAM000,pressure_variance,pressure_variance,,,,daPa,CE05MOAS,GL319,ADCPA
CE05MOAS-GL319-03-ADCPAM000,water_velocity_east,water_velocity_east,,,L0,mm s-1,CE05MOAS,GL319,ADCPA
CE05MOAS-GL319-03-ADCPAM000,water_velocity_north,water_velocity_north,,,L0,mm s-1,CE05MOAS,GL319,ADCPA
CE05MOAS-GL319-03-ADCPAM000,water_velocity_up,water_velocity_up,,,L0,mm s-1,CE05MOAS,GL319,ADCPA
CE05MOAS-GL319-03-ADCPAM000,error_velocity,error_velocity,,,L0,mm s-1,CE05MOAS,GL319,ADCPA
CE05MOAS-GL319-03-ADCPAM000,correlation_magnitude_beam1,correlation_magnitude_beam1,,,,1,CE05MOAS,GL319,ADCPA
CE05MOAS-GL319-03-ADCPAM000,correlation_magnitude_beam2,correlation_magnitude_beam2,,,,1,CE05MOAS,GL319,ADCPA
CE05MOAS-GL319-03-ADCPAM000,correlation_magnitude_beam3,correlation_magnitude_beam3,,,,1,CE05MOAS,GL319,ADCPA
CE05MOAS-GL319-03-ADCPAM000,correlation_magnitude_beam4,correlation_magnitude_beam4,,,,1,CE05MOAS,GL319,ADCPA
CE05MOAS-GL319-03-ADCPAM000,echo_intensity_beam1,echo_intensity_beam1,,,L0,counts,CE05MOAS,GL319,ADCPA
CE05MOAS-GL319-03-ADCPAM000,echo_intensity_beam2,echo_intensity_beam2,,,L0,counts,CE05MOAS,GL319,ADCPA
CE05MOAS-GL319-03-ADCPAM000,echo_intensity_beam3,echo_intensity_beam3,,,L0,counts,CE05MOAS,GL319,ADCPA
CE05MOAS-GL319-03-ADCPAM000,echo_intensity_beam4,echo_intensity_beam4,,,L0,counts,CE05MOAS,GL319,ADCPA
CE05MOAS-GL319-03-ADCPAM000,percent_good_3beam,percent_good_3beam,,,,percent,CE05MOAS,GL319,ADCPA
CE05MOAS-GL319-03-ADCPAM000,percent_transforms_reject,percent_transforms_reject,,,,percent,CE05MOAS,GL319,ADCPA
CE05MOAS-GL319-03-ADCPAM000,percent_bad_beams,percent_bad_beams,,,,percent,CE05MOAS,GL319,ADCPA
CE05MOAS-GL319-03-ADCPAM000,percent_good_4beam,percent_good_4beam,,,,percent,CE05MOAS,GL319,ADCPA
CE05MOAS-GL319-03-ADCPAM000,ensemble_start_time,ensemble_start_time,,,,seconds since 1900-01-01,CE05MOAS,GL319,ADCPA
CE05MOAS-GL319-03-ADCPAM000,ingestion_timestamp,ingestion_timestamp,,,ENG,seconds since 1900-01-01,CE05MOAS,GL319,ADCPA
CE05MOAS-GL319-03-ADCPAM000,real_time_clock,real_time_clock,,,,1,CE05MOAS,GL319,ADCPA
CE05MOAS-GL319-04-DOSTAM000,driver_timestamp,driver_timestamp,,,ENG,seconds since 1900-01-01,CE05MOAS,GL319,DOSTA
CE05MOAS-GL319-04-DOSTAM000,internal_timestamp,internal_timestamp,,,ENG,seconds since 1900-01-01,CE05MOAS,GL319,DOSTA
CE05MOAS-GL319-04-DOSTAM000,m_present_secs_into_mission,m_present_secs_into_mission,,,ENG,s,CE05MOAS,GL319,DOSTA
CE05MOAS-GL319-04-DOSTAM000,m_present_time,m_present_time,,,AUX,seconds since 1970-01-01,CE05MOAS,GL319,DOSTA
CE05MOAS-GL319-04-DOSTAM000,sci_m_present_secs_into_mission,sci_m_present_secs_into_mission,,,,s,CE05MOAS,GL319,DOSTA
CE05MOAS-GL319-04-DOSTAM000,sci_m_present_time,sci_m_present_time,,,,seconds since 1970-01-01,CE05MOAS,GL319,DOSTA
CE05MOAS-GL319-04-DOSTAM000,sci_oxy4_c1amp,sci_oxy4_c1amp,,,,mV,CE05MOAS,GL319,DOSTA
CE05MOAS-GL319-04-DOSTAM000,sci_oxy4_c1rph,sci_oxy4_c1rph,,,,degrees,CE05MOAS,GL319,DOSTA
CE05MOAS-GL319-04-DOSTAM000,sci_oxy4_c2amp,sci_oxy4_c2amp,,,,mV,CE05MOAS,GL319,DOSTA
CE05MOAS-GL319-04-DOSTAM000,sci_oxy4_c2rph,sci_oxy4_c2rph,,,,degrees,CE05MOAS,GL319,DOSTA
CE05MOAS-GL319-04-DOSTAM000,sci_oxy4_calphase,sci_oxy4_calphase,,,L0,degrees,CE05MOAS,GL319,DOSTA
CE05MOAS-GL319-04-DOSTAM000,sci_oxy4_oxygen,sci_oxy4_oxygen,0,400,L1,umol L-1,CE05MOAS,GL319,DOSTA
CE05MOAS-GL319-04-DOSTAM000,sci_oxy4_rawtemp,sci_oxy4_rawtemp,,,,mV,CE05MOAS,GL319,DOSTA
CE05MOAS-GL319-04-DOSTAM000,sci_oxy4_saturation,sci_oxy4_saturation,,,,percent,CE05MOAS,GL319,DOSTA
CE05MOAS-GL319-04-DOSTAM000,sci_oxy4_tcphase,sci_oxy4_tcphase,,,,degrees,CE05MOAS,GL319,DOSTA
CE05MOAS-GL319-04-DOSTAM000,sci_oxy4_temp,sci_oxy4_temp,,,,deg_C,CE05MOAS,GL319,DOSTA
CE05MOAS-GL319-04-DOSTAM000,sci_oxy4_timestamp,sci_oxy4_timestamp,,,,1,CE05MOAS,GL319,DOSTA
CE05MOAS-GL319-04-DOSTAM000,sci_water_cond,sci_water_cond,0,6,L1,S m-1,CE05MOAS,GL319,DOSTA
CE05MOAS-GL319-04-DOSTAM000,sci_water_pressure,sci_water_pressure,0,6000,L1,dbar,CE05MOAS,GL319,DOSTA
CE05MOAS-GL319-04-DOSTAM000,sci_water_temp,sci_water_temp,-2,40,L1,deg_C,CE05MOAS,GL319,DOSTA
CE05MOAS-GL319-04-DOSTAM000,preferred_timestamp,preferred_timestamp,,,ENG,1,CE05MOAS,GL319,DOSTA
CE05MOAS-GL319-04-DOSTAM000,sci_abs_oxygen,sci_abs_oxygen,0,400,L2,umol kg-1,CE05MOAS,GL319,DOSTA
CE05MOAS-GL319-04-DOSTAM000,time,time,,,ENG,seconds since 1900-01-01,CE05MOAS,GL319,DOSTA
CE05MOAS-GL319-04-DOSTAM000,ingestion_timestamp,ingestion_timestamp,,,ENG,seconds since 1900-01-01,CE05MOAS,GL319,DOSTA
CE05MOAS-GL319-05-CTDGVM000,driver_timestamp,driver_timestamp,,,ENG,seconds since 1900-01-01,CE05MOAS,GL319,CTDGV
CE05MOAS-GL319-05-CTDGVM000,internal_timestamp,internal_timestamp,,,ENG,seconds since 1900-01-01,CE05MOAS,GL319,CTDGV
CE05MOAS-GL319-05-CTDGVM000,m_present_secs_into_mission,m_present_secs_into_mission,,,ENG,s,CE05MOAS,GL319,CTDGV
CE05MOAS-GL319-05-CTDGVM000,m_present_time,m_present_time,,,AUX,seconds since 1970-01-01,CE05MOAS,GL319,CTDGV
CE05MOAS-GL319-05-CTDGVM000,sci_ctd41cp_timestamp,sci_ctd41cp_timestamp,,,,seconds since 1970-01-01,CE05MOAS,GL319,CTDGV
CE05MOAS-GL319-05-CTDGVM000,sci_m_present_secs_into_mission,sci_m_present_secs_into_mission,,,,s,CE05MOAS,GL319,CTDGV
CE05MOAS-GL319-05-CTDGVM000,sci_m_present_time,sci_m_present_time,,,,seconds since 1970-01-01,CE05MOAS,GL319,CTDGV
CE05MOAS-GL319-05-CTDGVM000,sci_water_cond,sci_water_cond,0,6,L1,S m-1,CE05MOAS,GL319,CTDGV
CE05MOAS-GL319-05-CTDGVM000,sci_water_pressure,sci_water_pressure,0,6000,L1,dbar,CE05MOAS,GL319,CTDGV
CE05MOAS-GL319-05-CTDGVM000,sci_water_temp,sci_water_temp,-2,40,L1,deg_C,CE05MOAS,GL319,CTDGV
CE05MOAS-GL319-05-CTDGVM000,sci_water_pracsal,sci_water_pracsal,0,42,L2,1,CE05MOAS,GL319,CTDGV
CE05MOAS-GL319-05-CTDGVM000,preferred_timestamp,preferred_timestamp,,,ENG,1,CE05MOAS,GL319,CTDGV
CE05MOAS-GL319-05-CTDGVM000,sci_seawater_density,sci_seawater_density,1000,1100,L2,kg m-3,CE05MOAS,GL319,CTDGV
CE05MOAS-GL319-05-CTDGVM000,time,time,,,ENG,seconds since 1900-01-01,CE05MOAS,GL319,CTDGV
CE05MOAS-GL319-05-CTDGVM000,ingestion_timestamp,ingestion_timestamp,,,ENG,seconds since 1900-01-01,CE05MOAS,GL319,CTDGV
CE05MOAS-GL320-01-PARADM000,driver_timestamp,driver_timestamp,,,ENG,seconds since 1900-01-01,CE05MOAS,GL320,PARAD
CE05MOAS-GL320-01-PARADM000,internal_timestamp,internal_timestamp,,,ENG,seconds since 1900-01-01,CE05MOAS,GL320,PARAD
CE05MOAS-GL320-01-PARADM000,m_present_secs_into_mission,m_present_secs_into_mission,,,ENG,s,CE05MOAS,GL320,PARAD
CE05MOAS-GL320-01-PARADM000,m_present_time,m_present_time,,,AUX,seconds since 1970-01-01,CE05MOAS,GL320,PARAD
CE05MOAS-GL320-01-PARADM000,sci_bsipar_par,sci_bsipar_par,0,2500,L1,umol photons m-2 s-1,CE05MOAS,GL320,PARAD
CE05MOAS-GL320-01-PARADM000,sci_bsipar_sensor_volts,sci_bsipar_sensor_volts,,,L0,V,CE05MOAS,GL320,PARAD
CE05MOAS-GL320-01-PARADM000,sci_bsipar_supply_volts,sci_bsipar_supply_volts,,,,V,CE05MOAS,GL320,PARAD
CE05MOAS-GL320-01-PARADM000,sci_bsipar_temp,sci_bsipar_temp,,,,deg_C,CE05MOAS,GL320,PARAD
CE05MOAS-GL320-01-PARADM000,sci_m_present_secs_into_mission,sci_m_present_secs_into_mission,,,,s,CE05MOAS,GL320,PARAD
CE05MOAS-GL320-01-PARADM000,sci_m_present_time,sci_m_present_time,,,,seconds since 1970-01-01,CE05MOAS,GL320,PARAD
CE05MOAS-GL320-01-PARADM000,preferred_timestamp,preferred_timestamp,,,ENG,1,CE05MOAS,GL320,PARAD
CE05MOAS-GL320-01-PARADM000,time,time,,,ENG,seconds since 1900-01-01,CE05MOAS,GL320,PARAD
CE05MOAS-GL320-01-PARADM000,ingestion_timestamp,ingestion_timestamp,,,ENG,seconds since 1900-01-01,CE05MOAS,GL320,PARAD
CE05MOAS-GL320-02-FLORTM000,driver_timestamp,driver_timestamp,,,ENG,seconds since 1900-01-01,CE05MOAS,GL320,FLORT
CE05MOAS-GL320-02-FLORTM000,internal_timestamp,internal_timestamp,,,ENG,seconds since 1900-01-01,CE05MOAS,GL320,FLORT
CE05MOAS-GL320-02-FLORTM000,m_present_secs_into_mission,m_present_secs_into_mission,,,ENG,s,CE05MOAS,GL320,FLORT
CE05MOAS-GL320-02-FLORTM000,m_present_time,m_present_time,,,AUX,seconds since 1970-01-01,CE05MOAS,GL320,FLORT
CE05MOAS-GL320-02-FLORTM000,sci_flbbcd_bb_ref,sci_flbbcd_bb_ref,,,,nm,CE05MOAS,GL320,FLORT
CE05MOAS-GL320-02-FLORTM000,sci_flbbcd_bb_sig,sci_flbbcd_bb_sig,,,,counts,CE05MOAS,GL320,FLORT
CE05MOAS-GL320-02-FLORTM000,sci_flbbcd_bb_units,sci_flbbcd_bb_units,,,L1,m-1 sr-1,CE05MOAS,GL320,FLORT
CE05MOAS-GL320-02-FLORTM000,sci_flbbcd_cdom_ref,sci_flbbcd_cdom_ref,,,,nm,CE05MOAS,GL320,FLORT
CE05MOAS-GL320-02-FLORTM000,sci_flbbcd_cdom_sig,sci_flbbcd_cdom_sig,,,,counts,CE05MOAS,GL320,FLORT
CE05MOAS-GL320-02-FLORTM000,sci_flbbcd_cdom_units,sci_flbbcd_cdom_units,0,375,L1,ppb,CE05MOAS,GL320,FLORT
CE05MOAS-GL320-02-FLORTM000,sci_flbbcd_chlor_ref,sci_flbbcd_chlor_ref,,,,nm,CE05MOAS,GL320,FLORT
CE05MOAS-GL320-02-FLORTM000,sci_flbbcd_chlor_sig,sci_flbbcd_chlor_sig,,,,counts,CE05MOAS,GL320,FLORT
CE05MOAS-GL320-02-FLORTM000,sci_flbbcd_chlor_units,sci_flbbcd_chlor_units,0,50,L1,ug L-1,CE05MOAS,GL320,FLORT
CE05MOAS-GL320-02-FLORTM000,sci_flbbcd_therm,sci_flbbcd_therm,,,ENG,1,CE05MOAS,GL320,FLORT
CE05MOAS-GL320-02-FLORTM000,sci_flbbcd_timestamp,sci_flbbcd_timestamp,,,ENG,seconds since 1970-01-01,CE05MOAS,GL320,FLORT
CE05MOAS-GL320-02-FLORTM000,sci_m_present_secs_into_mission,sci_m_present_secs_into_mission,,,,s,CE05MOAS,GL320,FLORT
CE05MOAS-GL320-02-FLORTM000,sci_m_present_time,sci_m_present_time,,,,seconds since 1970-01-01,CE05MOAS,GL320,FLORT
CE05MOAS-GL320-02-FLORTM000,preferred_timestamp,preferred_timestamp,,,ENG,1,CE05MOAS,GL320,FLORT
CE05MOAS-GL320-02-FLORTM000,flort_m_bback_total,flort_m_bback_total,0.0003,1,L2,m-1,CE05MOAS,GL320,FLORT
CE05MOAS-GL320-02-FLORTM000,flort_m_scat_seawater,flort_m_scat_seawater,,,AUX,m-1,CE05MOAS,GL320,FLORT
CE05MOAS-GL320-02-FLORTM000,time,time,,,ENG,seconds since 1900-01-01,CE05MOAS,GL320,FLORT
CE05MOAS-GL320-02-FLORTM000,ingestion_timestamp,ingestion_timestamp,,,ENG,seconds since 1900-01-01,CE05MOAS,GL320,FLORT
CE05MOAS-GL320-03-ADCPAM000,bin_depths,bin_depths,,,,m,CE05MOAS,GL320,ADCPA
CE05MOAS-GL320-03-ADCPAM000,driver_timestamp,driver_timestamp,,,ENG,seconds since 1900-01-01,CE05MOAS,GL320,ADCPA
CE05MOAS-GL320-03-ADCPAM000,bt_pings_per_ensemble,bt_pings_per_ensemble,,,,1,CE05MOAS,GL320,ADCPA
CE05MOAS-GL320-03-ADCPAM000,bt_delay_before_reacquire,bt_delay_before_reacquire,,,,1,CE05MOAS,GL320,ADCPA
CE05MOAS-GL320-03-ADCPAM000,bt_corr_magnitude_min,bt_corr_magnitude_min,,,,counts,CE05MOAS,GL320,ADCPA
CE05MOAS-GL320-03-ADCPAM000,bt_eval_magnitude_min,bt_eval_magnitude_min,,,,counts,CE05MOAS,GL320,ADCPA
CE05MOAS-GL320-03-ADCPAM000,bt_percent_good_min,bt_percent_good_min,,,,percent,CE05MOAS,GL320,ADCPA
CE05MOAS-GL320-03-ADCPAM000,bt_mode,bt_mode,,,,1,CE05MOAS,GL320,ADCPA
CE05MOAS-GL320-03-ADCPAM000,bt_error_velocity_max,bt_error_velocity_max,,,,mm s-1,CE05MOAS,GL320,ADCPA
CE05MOAS-GL320-03-ADCPAM000,bt_beam1_range,bt_beam1_range,,,,cm,CE05MOAS,GL320,ADCPA
CE05MOAS-GL320-03-ADCPAM000,bt_beam2_range,bt_beam2_range,,,,cm,CE05MOAS,GL320,ADCPA
CE05MOAS-GL320-03-ADCPAM000,bt_beam3_range,bt_beam3_range,,,,cm,CE05MOAS,GL320,ADCPA
CE05MOAS-GL320-03-ADCPAM000,bt_beam4_range,bt_beam4_range,,,,cm,CE05MOAS,GL320,ADCPA
CE05MOAS-GL320-03-ADCPAM000,bt_eastward_velocity,bt_eastward_velocity,,,,mm s-1,CE05MOAS,GL320,ADCPA
CE05MOAS-GL320-03-ADCPAM000,bt_northward_velocity,bt_northward_velocity,,,,mm s-1,CE05MOAS,GL320,ADCPA
CE05MOAS-GL320-03-ADCPAM000,bt_upward_velocity,bt_upward_velocity,,,,mm s-1,CE05MOAS,GL320,ADCPA
CE05MOAS-GL320-03-ADCPAM000,bt_error_velocity,bt_error_velocity,,,,mm s-1,CE05MOAS,GL320,ADCPA
CE05MOAS-GL320-03-ADCPAM000,bt_beam1_correlation,bt_beam1_correlation,,,,counts,CE05MOAS,GL320,ADCPA
CE05MOAS-GL320-03-ADCPAM000,bt_beam2_correlation,bt_beam2_correlation,,,,counts,CE05MOAS,GL320,ADCPA
CE05MOAS-GL320-03-ADCPAM000,bt_beam3_correlation,bt_beam3_correlation,,,,counts,CE05MOAS,GL320,ADCPA
CE05MOAS-GL320-03-ADCPAM000,bt_beam4_correlation,bt_beam4_correlation,,,,counts,CE05MOAS,GL320,ADCPA
CE05MOAS-GL320-03-ADCPAM000,bt_beam1_eval_amp,bt_beam1_eval_amp,,,,counts,CE05MOAS,GL320,ADCPA
CE05MOAS-GL320-03-ADCPAM000,bt_beam2_eval_amp,bt_beam2_eval_amp,,,,counts,CE05MOAS,GL320,ADCPA
CE05MOAS-GL320-03-ADCPAM000,bt_beam3_eval_amp,bt_beam3_eval_amp,,,,counts,CE05MOAS,GL320,ADCPA
CE05MOAS-GL320-03-ADCPAM000,bt_beam4_eval_amp,bt_beam4_eval_amp,,,,counts,CE05MOAS,GL320,ADCPA
CE05MOAS-GL320-03-ADCPAM000,bt_beam1_percent_good,bt_beam1_percent_good,,,,percent,CE05MOAS,GL320,ADCPA
CE05MOAS-GL320-03-ADCPAM000,bt_beam2_percent_good,bt_beam2_percent_good,,,,percent,CE05MOAS,GL320,ADCPA
CE05MOAS-GL320-03-ADCPAM000,bt_beam3_percent_good,bt_beam3_percent_good,,,,percent,CE05MOAS,GL320,ADCPA
CE05MOAS-GL320-03-ADCPAM000,bt_beam4_percent_good,bt_beam4_percent_good,,,,percent,CE05MOAS,GL320,ADCPA
CE05MOAS-GL320-03-ADCPAM000,bt_ref_layer_min,bt_ref_layer_min,,,,dm,CE05MOAS,GL320,ADCPA
CE05MOAS-GL320-03-ADCPAM000,bt_ref_layer_near,bt_ref_layer_near,,,,dm,CE05MOAS,GL320,ADCPA
CE05MOAS-GL320-03-ADCPAM000,bt_ref_layer_far,bt_ref_layer_far,,,,dm,CE05MOAS,GL320,ADCPA
CE05MOAS-GL320-03-ADCPAM000,bt_eastward_ref_layer_velocity,bt_eastward_ref_layer_velocity,,,,mm s-1,CE05MOAS,GL320,ADCPA
CE05MOAS-GL320-03-ADCPAM000,bt_northward_ref_layer_velocity,bt_northward_ref_layer_velocity,,,,mm s-1,CE05MOAS,GL320,ADCPA
CE05MOAS-GL320-03-ADCPAM000,bt_upward_ref_layer_velocity,bt_upward_ref_layer_velocity,,,,mm s-1,CE05MOAS,GL320,ADCPA
CE05MOAS-GL320-03-ADCPAM000,bt_error_ref_layer_velocity,bt_error_ref_layer_velocity,,,,mm s-1,CE05MOAS,GL320,ADCPA
CE05MOAS-GL320-03-ADCPAM000,bt_beam1_ref_correlation,bt_beam1_ref_correlation,,,,counts,CE05MOAS,GL320,ADCPA
CE05MOAS-GL320-03-ADCPAM000,bt_beam2_ref_correlation,bt_beam2_ref_correlation,,,,counts,CE05MOAS,GL320,ADCPA
CE05MOAS-GL320-03-ADCPAM000,bt_beam3_ref_correlation,bt_beam3_ref_correlation,,,,counts,CE05MOAS,GL320,ADCPA
CE05MOAS-GL320-03-ADCPAM000,bt_beam4_ref_correlation,bt_beam4_ref_correlation,,,,counts,CE05MOAS,GL320,ADCPA
CE05MOAS-GL320-03-ADCPAM000,bt_beam1_ref_intensity,bt_beam1_ref_intensity,,,,counts,CE05MOAS,GL320,ADCPA
CE05MOAS-GL320-03-ADCPAM000,bt_beam2_ref_intensity,bt_beam2_ref_intensity,,,,counts,CE05MOAS,GL320,ADCPA
CE05MOAS-GL320-03-ADCPAM000,internal_timestamp,internal_timestamp,,,ENG,seconds since 1900-01-01,CE05MOAS,GL320,ADCPA
CE05MOAS-GL320-03-ADCPAM000,bt_beam3_ref_intensity,bt_beam3_ref_intensity,,,,counts,CE05MOAS,GL320,ADCPA
CE05MOAS-GL320-03-ADCPAM000,bt_beam4_ref_intensity,bt_beam4_ref_intensity,,,,counts,CE05MOAS,GL320,ADCPA
CE05MOAS-GL320-03-ADCPAM000,bt_beam1_ref_percent_good,bt_beam1_ref_percent_good,,,,percent,CE05MOAS,GL320,ADCPA
CE05MOAS-GL320-03-ADCPAM000,bt_beam2_ref_percent_good,bt_beam2_ref_percent_good,,,,percent,CE05MOAS,GL320,ADCPA
CE05MOAS-GL320-03-ADCPAM000,bt_beam3_ref_percent_good,bt_beam3_ref_percent_good,,,,percent,CE05MOAS,GL320,ADCPA
CE05MOAS-GL320-03-ADCPAM000,bt_beam4_ref_percent_good,bt_beam4_ref_percent_good,,,,percent,CE05MOAS,GL320,ADCPA
CE05MOAS-GL320-03-ADCPAM000,bt_max_depth,bt_max_depth,,,,dm,CE05MOAS,GL320,ADCPA
CE05MOAS-GL320-03-ADCPAM000,bt_beam1_rssi_amplitude,bt_beam1_rssi_amplitude,,,,counts,CE05MOAS,GL320,ADCPA
CE05MOAS-GL320-03-ADCPAM000,bt_beam2_rssi_amplitude,bt_beam2_rssi_amplitude,,,,counts,CE05MOAS,GL320,ADCPA
CE05MOAS-GL320-03-ADCPAM000,bt_beam3_rssi_amplitude,bt_beam3_rssi_amplitude,,,,counts,CE05MOAS,GL320,ADCPA
CE05MOAS-GL320-03-ADCPAM000,bt_beam4_rssi_amplitude,bt_beam4_rssi_amplitude,,,,counts,CE05MOAS,GL320,ADCPA
CE05MOAS-GL320-03-ADCPAM000,bt_gain,bt_gain,,,,1,CE05MOAS,GL320,ADCPA
CE05MOAS-GL320-03-ADCPAM000,preferred_timestamp,preferred_timestamp,,,ENG,1,CE05MOAS,GL320,ADCPA
CE05MOAS-GL320-03-ADCPAM000,sensor_available_speed,sensor_available_speed,,,,1,CE05MOAS,GL320,ADCPA
CE05MOAS-GL320-03-ADCPAM000,sensor_source_temperature_eu,sensor_source_temperature_eu,,,,1,CE05MOAS,GL320,ADCPA
CE05MOAS-GL320-03-ADCPAM000,sensor_available_temperature_eu,sensor_available_temperature_eu,,,,1,CE05MOAS,GL320,ADCPA
CE05MOAS-GL320-03-ADCPAM000,bit_error_number,bit_error_number,,,,1,CE05MOAS,GL320,ADCPA
CE05MOAS-GL320-03-ADCPAM000,bit_error_count,bit_error_count,,,,counts,CE05MOAS,GL320,ADCPA
CE05MOAS-GL320-03-ADCPAM000,sysconfig_beam_angle,sysconfig_beam_angle,,,,1,CE05MOAS,GL320,ADCPA
CE05MOAS-GL320-03-ADCPAM000,sysconfig_beam_config,sysconfig_beam_config,,,,1,CE05MOAS,GL320,ADCPA
CE05MOAS-GL320-03-ADCPAM000,adcpa_m_upward_seawater_velocity,adcpa_m_upward_seawater_velocity,-1,1,L1,m s-1,CE05MOAS,GL320,ADCPA
CE05MOAS-GL320-03-ADCPAM000,adcpa_m_error_velocity,adcpa_m_error_velocity,-1,1,L1,m s-1,CE05MOAS,GL320,ADCPA
CE05MOAS-GL320-03-ADCPAM000,adcpa_m_eastward_seawater_velocity,adcpa_m_eastward_seawater_velocity,-3,3,L1,m s-1,CE05MOAS,GL320,ADCPA
CE05MOAS-GL320-03-ADCPAM000,adcpa_m_northward_seawater_velocity,adcpa_m_northward_seawater_velocity,-3,3,L1,m s-1,CE05MOAS,GL320,ADCPA
CE05MOAS-GL320-03-ADCPAM000,adcpa_m_echo_intensity_beam1,adcpa_m_echo_intensity_beam1,0,255,L1,dB,CE05MOAS,GL320,ADCPA
CE05MOAS-GL320-03-ADCPAM000,adcpa_m_echo_intensity_beam2,adcpa_m_echo_intensity_beam2,0,255,L1,dB,CE05MOAS,GL320,ADCPA
CE05MOAS-GL320-03-ADCPAM000,adcpa_m_echo_intensity_beam3,adcpa_m_echo_intensity_beam3,0,255,L1,dB,CE05MOAS,GL320,ADCPA
CE05MOAS-GL320-03-ADCPAM000,adcpa_m_echo_intensity_beam4,adcpa_m_echo_intensity_beam4,0,255,L1,dB,CE05MOAS,GL320,ADCPA
CE05MOAS-GL320-03-ADCPAM000,serial_number,serial_number,,,ENG,1,CE05MOAS,GL320,ADCPA
CE05MOAS-GL320-03-ADCPAM000,firmware_version,firmware_version,,,,1,CE05MOAS,GL320,ADCPA
CE05MOAS-GL320-03-ADCPAM000,firmware_revision,firmware_revision,,,,1,CE05MOAS,GL320,ADCPA
CE05MOAS-GL320-03-ADCPAM000,sysconfig_frequency,sysconfig_frequency,,,,kHz,CE05MOAS,GL320,ADCPA
CE05MOAS-GL320-03-ADCPAM000,sysconfig_beam_pattern,sysconfig_beam_pattern,,,,1,CE05MOAS,GL320,ADCPA
CE05MOAS-GL320-03-ADCPAM000,sysconfig_sensor_config,sysconfig_sensor_config,,,,1,CE05MOAS,GL320,ADCPA
CE05MOAS-GL320-03-ADCPAM000,sysconfig_head_attached,sysconfig_head_attached,,,,1,CE05MOAS,GL320,ADCPA
CE05MOAS-GL320-03-ADCPAM000,sysconfig_vertical_orientation,sysconfig_vertical_orientation,,,,1,CE05MOAS,GL320,ADCPA
CE05MOAS-GL320-03-ADCPAM000,data_flag,data_flag,,,,1,CE05MOAS,GL320,ADCPA
CE05MOAS-GL320-03-ADCPAM000,lag_length,lag_length,,,,s,CE05MOAS,GL320,ADCPA
CE05MOAS-GL320-03-ADCPAM000,num_beams,num_beams,,,,1,CE05MOAS,GL320,ADCPA
CE05MOAS-GL320-03-ADCPAM000,num_cells,num_cells,,,,1,CE05MOAS,GL320,ADCPA
CE05MOAS-GL320-03-ADCPAM000,pings_per_ensemble,pings_per_ensemble,,,,1,CE05MOAS,GL320,ADCPA
CE05MOAS-GL320-03-ADCPAM000,cell_length,cell_length,,,,cm,CE05MOAS,GL320,ADCPA
CE05MOAS-GL320-03-ADCPAM000,blank_after_transmit,blank_after_transmit,,,,cm,CE05MOAS,GL320,ADCPA
CE05MOAS-GL320-03-ADCPAM000,signal_processing_mode,signal_processing_mode,,,,1,CE05MOAS,GL320,ADCPA
CE05MOAS-GL320-03-ADCPAM000,low_corr_threshold,low_corr_threshold,,,,counts,CE05MOAS,GL320,ADCPA
CE05MOAS-GL320-03-ADCPAM000,num_code_repetitions,num_code_repetitions,,,,counts,CE05MOAS,GL320,ADCPA
CE05MOAS-GL320-03-ADCPAM000,percent_good_min,percent_good_min,,,,percent,CE05MOAS,GL320,ADCPA
CE05MOAS-GL320-03-ADCPAM000,error_vel_threshold,error_vel_threshold,,,,mm s-1,CE05MOAS,GL320,ADCPA
CE05MOAS-GL320-03-ADCPAM000,time_per_ping_minutes,time_per_ping_minutes,,,,min,CE05MOAS,GL320,ADCPA
CE05MOAS-GL320-03-ADCPAM000,time_per_ping_seconds,time_per_ping_seconds,,,,s,CE05MOAS,GL320,ADCPA
CE05MOAS-GL320-03-ADCPAM000,coord_transform_type,coord_transform_type,,,,1,CE05MOAS,GL320,ADCPA
CE05MOAS-GL320-03-ADCPAM000,coord_transform_tilts,coord_transform_tilts,,,,1,CE05MOAS,GL320,ADCPA
CE05MOAS-GL320-03-ADCPAM000,coord_transform_beams,coord_transform_beams,,,,1,CE05MOAS,GL320,ADCPA
CE05MOAS-GL320-03-ADCPAM000,coord_transform_mapping,coord_transform_mapping,,,,1,CE05MOAS,GL320,ADCPA
CE05MOAS-GL320-03-ADCPAM000,heading_alignment,heading_alignment,,,,cdegrees,CE05MOAS,GL320,ADCPA
CE05MOAS-GL320-03-ADCPAM000,heading_bias,heading_bias,,,,cdegrees,CE05MOAS,GL320,ADCPA
CE05MOAS-GL320-03-ADCPAM000,sensor_source_speed,sensor_source_speed,,,,1,CE05MOAS,GL320,ADCPA
CE05MOAS-GL320-03-ADCPAM000,sensor_source_depth,sensor_source_depth,,,,1,CE05MOAS,GL320,ADCPA
CE05MOAS-GL320-03-ADCPAM000,sensor_source_heading,sensor_source_heading,,,,1,CE05MOAS,GL320,ADCPA
CE05MOAS-GL320-03-ADCPAM000,sensor_source_pitch,sensor_source_pitch,,,,1,CE05MOAS,GL320,ADCPA
CE05MOAS-GL320-03-ADCPAM000,sensor_source_roll,sensor_source_roll,,,,1,CE05MOAS,GL320,ADCPA
CE05MOAS-GL320-03-ADCPAM000,sensor_source_conductivity,sensor_source_conductivity,,,,1,CE05MOAS,GL320,ADCPA
CE05MOAS-GL320-03-ADCPAM000,sensor_source_temperature,sensor_source_temperature,,,,1,CE05MOAS,GL320,ADCPA
CE05MOAS-GL320-03-ADCPAM000,sensor_available_depth,sensor_available_depth,,,,1,CE05MOAS,GL320,ADCPA
CE05MOAS-GL320-03-ADCPAM000,sensor_available_heading,sensor_available_heading,,,,1,CE05MOAS,GL320,ADCPA
CE05MOAS-GL320-03-ADCPAM000,sensor_available_pitch,sensor_available_pitch,,,,1,CE05MOAS,GL320,ADCPA
CE05MOAS-GL320-03-ADCPAM000,sensor_available_roll,sensor_available_roll,,,,1,CE05MOAS,GL320,ADCPA
CE05MOAS-GL320-03-ADCPAM000,sensor_available_conductivity,sensor_available_conductivity,,,,1,CE05MOAS,GL320,ADCPA
CE05MOAS-GL320-03-ADCPAM000,sensor_available_temperature,sensor_available_temperature,,,,1,CE05MOAS,GL320,ADCPA
CE05MOAS-GL320-03-ADCPAM000,bin_1_distance,bin_1_distance,,,,cm,CE05MOAS,GL320,ADCPA
CE05MOAS-GL320-03-ADCPAM000,transmit_pulse_length,transmit_pulse_length,,,,cm,CE05MOAS,GL320,ADCPA
CE05MOAS-GL320-03-ADCPAM000,reference_layer_start,reference_layer_start,,,,1,CE05MOAS,GL320,ADCPA
CE05MOAS-GL320-03-ADCPAM000,reference_layer_stop,reference_layer_stop,,,,1,CE05MOAS,GL320,ADCPA
CE05MOAS-GL320-03-ADCPAM000,false_target_threshold,false_target_threshold,,,,counts,CE05MOAS,GL320,ADCPA
CE05MOAS-GL320-03-ADCPAM000,transmit_lag_distance,transmit_lag_distance,,,,cm,CE05MOAS,GL320,ADCPA
CE05MOAS-GL320-03-ADCPAM000,system_bandwidth,system_bandwidth,,,,1,CE05MOAS,GL320,ADCPA
CE05MOAS-GL320-03-ADCPAM000,ensemble_number,ensemble_number,,,,1,CE05MOAS,GL320,ADCPA
CE05MOAS-GL320-03-ADCPAM000,ensemble_number_increment,ensemble_number_increment,,,,1,CE05MOAS,GL320,ADCPA
CE05MOAS-GL320-03-ADCPAM000,speed_of_sound,speed_of_sound,,,,m s-1,CE05MOAS,GL320,ADCPA
CE05MOAS-GL320-03-ADCPAM000,transducer_depth,transducer_depth,,,,dm,CE05MOAS,GL320,ADCPA
CE05MOAS-GL320-03-ADCPAM000,heading,heading,,,,cdegrees,CE05MOAS,GL320,ADCPA
CE05MOAS-GL320-03-ADCPAM000,pitch,pitch,,,,cdegrees,CE05MOAS,GL320,ADCPA
CE05MOAS-GL320-03-ADCPAM000,roll,roll,,,,cdegrees,CE05MOAS,GL320,ADCPA
CE05MOAS-GL320-03-ADCPAM000,salinity,salinity,,,,1,CE05MOAS,GL320,ADCPA
CE05MOAS-GL320-03-ADCPAM000,temperature,temperature,,,,cdeg_C,CE05MOAS,GL320,ADCPA
CE05MOAS-GL320-03-ADCPAM000,mpt_minutes,mpt_minutes,,,,min,CE05MOAS,GL320,ADCPA
CE05MOAS-GL320-03-ADCPAM000,mpt_seconds,mpt_seconds,,,,s,CE05MOAS,GL320,ADCPA
CE05MOAS-GL320-03-ADCPAM000,heading_stdev,heading_stdev,,,,degrees,CE05MOAS,GL320,ADCPA
CE05MOAS-GL320-03-ADCPAM000,pitch_stdev,pitch_stdev,,,,ddegrees,CE05MOAS,GL320,ADCPA
CE05MOAS-GL320-03-ADCPAM000,roll_stdev,roll_stdev,,,,ddegrees,CE05MOAS,GL320,ADCPA
CE05MOAS-GL320-03-ADCPAM000,adc_transmit_voltage,adc_transmit_voltage,,,,counts,CE05MOAS,GL320,ADCPA
CE05MOAS-GL320-03-ADCPAM000,time,time,,,ENG,seconds since 1900-01-01,CE05MOAS,GL320,ADCPA
CE05MOAS-GL320-03-ADCPAM000,pressure,pressure,,,,daPa,CE05MOAS,GL320,ADCPA
CE05MOAS-GL320-03-ADCPAM000,pressure_variance,pressure_variance,,,,daPa,CE05MOAS,GL320,ADCPA
CE05MOAS-GL320-03-ADCPAM000,water_velocity_east,water_velocity_east,,,L0,mm s-1,CE05MOAS,GL320,ADCPA
CE05MOAS-GL320-03-ADCPAM000,water_velocity_north,water_velocity_north,,,L0,mm s-1,CE05MOAS,GL320,ADCPA
CE05MOAS-GL320-03-ADCPAM000,water_velocity_up,water_velocity_up,,,L0,mm s-1,CE05MOAS,GL320,ADCPA
CE05MOAS-GL320-03-ADCPAM000,error_velocity,error_velocity,,,L0,mm s-1,CE05MOAS,GL320,ADCPA
CE05MOAS-GL320-03-ADCPAM000,correlation_magnitude_beam1,correlation_magnitude_beam1,,,,1,CE05MOAS,GL320,ADCPA
CE05MOAS-GL320-03-ADCPAM000,correlation_magnitude_beam2,correlation_magnitude_beam2,,,,1,CE05MOAS,GL320,ADCPA
CE05MOAS-GL320-03-ADCPAM000,correlation_magnitude_beam3,correlation_magnitude_beam3,,,,1,CE05MOAS,GL320,ADCPA
CE05MOAS-GL320-03-ADCPAM000,correlation_magnitude_beam4,correlation_magnitude_beam4,,,,1,CE05MOAS,GL320,ADCPA
CE05MOAS-GL320-03-ADCPAM000,echo_intensity_beam1,echo_intensity_beam1,,,L0,counts,CE05MOAS,GL320,ADCPA
CE05MOAS-GL320-03-ADCPAM000,echo_intensity_beam2,echo_intensity_beam2,,,L0,counts,CE05MOAS,GL320,ADCPA
CE05MOAS-GL320-03-ADCPAM000,echo_intensity_beam3,echo_intensity_beam3,,,L0,counts,CE05MOAS,GL320,ADCPA
CE05MOAS-GL320-03-ADCPAM000,echo_intensity_beam4,echo_intensity_beam4,,,L0,counts,CE05MOAS,GL320,ADCPA
CE05MOAS-GL320-03-ADCPAM000,percent_good_3beam,percent_good_3beam,,,,percent,CE05MOAS,GL320,ADCPA
CE05MOAS-GL320-03-ADCPAM000,percent_transforms_reject,percent_transforms_reject,,,,percent,CE05MOAS,GL320,ADCPA
CE05MOAS-GL320-03-ADCPAM000,percent_bad_beams,percent_bad_beams,,,,percent,CE05MOAS,GL320,ADCPA
CE05MOAS-GL320-03-ADCPAM000,percent_good_4beam,percent_good_4beam,,,,percent,CE05MOAS,GL320,ADCPA
CE05MOAS-GL320-03-ADCPAM000,ensemble_start_time,ensemble_start_time,,,,seconds since 1900-01-01,CE05MOAS,GL320,ADCPA
CE05MOAS-GL320-03-ADCPAM000,ingestion_timestamp,ingestion_timestamp,,,ENG,seconds since 1900-01-01,CE05MOAS,GL320,ADCPA
CE05MOAS-GL320-03-ADCPAM000,real_time_clock,real_time_clock,,,,1,CE05MOAS,GL320,ADCPA
CE05MOAS-GL320-04-DOSTAM000,driver_timestamp,driver_timestamp,,,ENG,seconds since 1900-01-01,CE05MOAS,GL320,DOSTA
CE05MOAS-GL320-04-DOSTAM000,internal_timestamp,internal_timestamp,,,ENG,seconds since 1900-01-01,CE05MOAS,GL320,DOSTA
CE05MOAS-GL320-04-DOSTAM000,m_present_secs_into_mission,m_present_secs_into_mission,,,ENG,s,CE05MOAS,GL320,DOSTA
CE05MOAS-GL320-04-DOSTAM000,m_present_time,m_present_time,,,AUX,seconds since 1970-01-01,CE05MOAS,GL320,DOSTA
CE05MOAS-GL320-04-DOSTAM000,sci_m_present_secs_into_mission,sci_m_present_secs_into_mission,,,,s,CE05MOAS,GL320,DOSTA
CE05MOAS-GL320-04-DOSTAM000,sci_m_present_time,sci_m_present_time,,,,seconds since 1970-01-01,CE05MOAS,GL320,DOSTA
CE05MOAS-GL320-04-DOSTAM000,sci_oxy4_c1amp,sci_oxy4_c1amp,,,,mV,CE05MOAS,GL320,DOSTA
CE05MOAS-GL320-04-DOSTAM000,sci_oxy4_c1rph,sci_oxy4_c1rph,,,,degrees,CE05MOAS,GL320,DOSTA
CE05MOAS-GL320-04-DOSTAM000,sci_oxy4_c2amp,sci_oxy4_c2amp,,,,mV,CE05MOAS,GL320,DOSTA
CE05MOAS-GL320-04-DOSTAM000,sci_oxy4_c2rph,sci_oxy4_c2rph,,,,degrees,CE05MOAS,GL320,DOSTA
CE05MOAS-GL320-04-DOSTAM000,sci_oxy4_calphase,sci_oxy4_calphase,,,L0,degrees,CE05MOAS,GL320,DOSTA
CE05MOAS-GL320-04-DOSTAM000,sci_oxy4_oxygen,sci_oxy4_oxygen,0,400,L1,umol L-1,CE05MOAS,GL320,DOSTA
CE05MOAS-GL320-04-DOSTAM000,sci_oxy4_rawtemp,sci_oxy4_rawtemp,,,,mV,CE05MOAS,GL320,DOSTA
CE05MOAS-GL320-04-DOSTAM000,sci_oxy4_saturation,sci_oxy4_saturation,,,,percent,CE05MOAS,GL320,DOSTA
CE05MOAS-GL320-04-DOSTAM000,sci_oxy4_tcphase,sci_oxy4_tcphase,,,,degrees,CE05MOAS,GL320,DOSTA
CE05MOAS-GL320-04-DOSTAM000,sci_oxy4_temp,sci_oxy4_temp,,,,deg_C,CE05MOAS,GL320,DOSTA
CE05MOAS-GL320-04-DOSTAM000,sci_oxy4_timestamp,sci_oxy4_timestamp,,,,1,CE05MOAS,GL320,DOSTA
CE05MOAS-GL320-04-DOSTAM000,sci_water_cond,sci_water_cond,0,6,L1,S m-1,CE05MOAS,GL320,DOSTA
CE05MOAS-GL320-04-DOSTAM000,sci_water_pressure,sci_water_pressure,0,6000,L1,dbar,CE05MOAS,GL320,DOSTA
CE05MOAS-GL320-04-DOSTAM000,sci_water_temp,sci_water_temp,-2,40,L1,deg_C,CE05MOAS,GL320,DOSTA
CE05MOAS-GL320-04-DOSTAM000,preferred_timestamp,preferred_timestamp,,,ENG,1,CE05MOAS,GL320,DOSTA
CE05MOAS-GL320-04-DOSTAM000,sci_abs_oxygen,sci_abs_oxygen,0,400,L2,umol kg-1,CE05MOAS,GL320,DOSTA
CE05MOAS-GL320-04-DOSTAM000,time,time,,,ENG,seconds since 1900-01-01,CE05MOAS,GL320,DOSTA
CE05MOAS-GL320-04-DOSTAM000,ingestion_timestamp,ingestion_timestamp,,,ENG,seconds since 1900-01-01,CE05MOAS,GL320,DOSTA
CE05MOAS-GL320-05-CTDGVM000,driver_timestamp,driver_timestamp,,,ENG,seconds since 1900-01-01,CE05MOAS,GL320,CTDGV
CE05MOAS-GL320-05-CTDGVM000,internal_timestamp,internal_timestamp,,,ENG,seconds since 1900-01-01,CE05MOAS,GL320,CTDGV
CE05MOAS-GL320-05-CTDGVM000,m_present_secs_into_mission,m_present_secs_into_mission,,,ENG,s,CE05MOAS,GL320,CTDGV
CE05MOAS-GL320-05-CTDGVM000,m_present_time,m_present_time,,,AUX,seconds since 1970-01-01,CE05MOAS,GL320,CTDGV
CE05MOAS-GL320-05-CTDGVM000,sci_ctd41cp_timestamp,sci_ctd41cp_timestamp,,,,seconds since 1970-01-01,CE05MOAS,GL320,CTDGV
CE05MOAS-GL320-05-CTDGVM000,sci_m_present_secs_into_mission,sci_m_present_secs_into_mission,,,,s,CE05MOAS,GL320,CTDGV
CE05MOAS-GL320-05-CTDGVM000,sci_m_present_time,sci_m_present_time,,,,seconds since 1970-01-01,CE05MOAS,GL320,CTDGV
CE05MOAS-GL320-05-CTDGVM000,sci_water_cond,sci_water_cond,0,6,L1,S m-1,CE05MOAS,GL320,CTDGV
CE05MOAS-GL320-05-CTDGVM000,sci_water_pressure,sci_water_pressure,0,6000,L1,dbar,CE05MOAS,GL320,CTDGV
CE05MOAS-GL320-05-CTDGVM000,sci_water_temp,sci_water_temp,-2,40,L1,deg_C,CE05MOAS,GL320,CTDGV
CE05MOAS-GL320-05-CTDGVM000,sci_water_pracsal,sci_water_pracsal,0,42,L2,1,CE05MOAS,GL320,CTDGV
CE05MOAS-GL320-05-CTDGVM000,preferred_timestamp,preferred_timestamp,,,ENG,1,CE05MOAS,GL320,CTDGV
CE05MOAS-GL320-05-CTDGVM000,sci_seawater_density,sci_seawater_density,1000,1100,L2,kg m-3,CE05MOAS,GL320,CTDGV
CE05MOAS-GL320-05-CTDGVM000,time,time,,,ENG,seconds since 1900-01-01,CE05MOAS,GL320,CTDGV
CE05MOAS-GL320-05-CTDGVM000,ingestion_timestamp,ingestion_timestamp,,,ENG,seconds since 1900-01-01,CE05MOAS,GL320,CTDGV
CE05MOAS-GL326-01-PARADM000,driver_timestamp,driver_timestamp,,,ENG,seconds since 1900-01-01,CE05MOAS,GL326,PARAD
CE05MOAS-GL326-01-PARADM000,internal_timestamp,internal_timestamp,,,ENG,seconds since 1900-01-01,CE05MOAS,GL326,PARAD
CE05MOAS-GL326-01-PARADM000,m_present_secs_into_mission,m_present_secs_into_mission,,,ENG,s,CE05MOAS,GL326,PARAD
CE05MOAS-GL326-01-PARADM000,m_present_time,m_present_time,,,AUX,seconds since 1970-01-01,CE05MOAS,GL326,PARAD
CE05MOAS-GL326-01-PARADM000,sci_bsipar_par,sci_bsipar_par,0,2500,L1,umol photons m-2 s-1,CE05MOAS,GL326,PARAD
CE05MOAS-GL326-01-PARADM000,sci_bsipar_sensor_volts,sci_bsipar_sensor_volts,,,L0,V,CE05MOAS,GL326,PARAD
CE05MOAS-GL326-01-PARADM000,sci_bsipar_supply_volts,sci_bsipar_supply_volts,,,,V,CE05MOAS,GL326,PARAD
CE05MOAS-GL326-01-PARADM000,sci_bsipar_temp,sci_bsipar_temp,,,,deg_C,CE05MOAS,GL326,PARAD
CE05MOAS-GL326-01-PARADM000,sci_m_present_secs_into_mission,sci_m_present_secs_into_mission,,,,s,CE05MOAS,GL326,PARAD
CE05MOAS-GL326-01-PARADM000,sci_m_present_time,sci_m_present_time,,,,seconds since 1970-01-01,CE05MOAS,GL326,PARAD
CE05MOAS-GL326-01-PARADM000,preferred_timestamp,preferred_timestamp,,,ENG,1,CE05MOAS,GL326,PARAD
CE05MOAS-GL326-01-PARADM000,time,time,,,ENG,seconds since 1900-01-01,CE05MOAS,GL326,PARAD
CE05MOAS-GL326-01-PARADM000,ingestion_timestamp,ingestion_timestamp,,,ENG,seconds since 1900-01-01,CE05MOAS,GL326,PARAD
CE05MOAS-GL326-02-FLORTM000,driver_timestamp,driver_timestamp,,,ENG,seconds since 1900-01-01,CE05MOAS,GL326,FLORT
CE05MOAS-GL326-02-FLORTM000,internal_timestamp,internal_timestamp,,,ENG,seconds since 1900-01-01,CE05MOAS,GL326,FLORT
CE05MOAS-GL326-02-FLORTM000,m_present_secs_into_mission,m_present_secs_into_mission,,,ENG,s,CE05MOAS,GL326,FLORT
CE05MOAS-GL326-02-FLORTM000,m_present_time,m_present_time,,,AUX,seconds since 1970-01-01,CE05MOAS,GL326,FLORT
CE05MOAS-GL326-02-FLORTM000,sci_flbbcd_bb_ref,sci_flbbcd_bb_ref,,,,nm,CE05MOAS,GL326,FLORT
CE05MOAS-GL326-02-FLORTM000,sci_flbbcd_bb_sig,sci_flbbcd_bb_sig,,,,counts,CE05MOAS,GL326,FLORT
CE05MOAS-GL326-02-FLORTM000,sci_flbbcd_bb_units,sci_flbbcd_bb_units,,,L1,m-1 sr-1,CE05MOAS,GL326,FLORT
CE05MOAS-GL326-02-FLORTM000,sci_flbbcd_cdom_ref,sci_flbbcd_cdom_ref,,,,nm,CE05MOAS,GL326,FLORT
CE05MOAS-GL326-02-FLORTM000,sci_flbbcd_cdom_sig,sci_flbbcd_cdom_sig,,,,counts,CE05MOAS,GL326,FLORT
CE05MOAS-GL326-02-FLORTM000,sci_flbbcd_cdom_units,sci_flbbcd_cdom_units,0,375,L1,ppb,CE05MOAS,GL326,FLORT
CE05MOAS-GL326-02-FLORTM000,sci_flbbcd_chlor_ref,sci_flbbcd_chlor_ref,,,,nm,CE05MOAS,GL326,FLORT
CE05MOAS-GL326-02-FLORTM000,sci_flbbcd_chlor_sig,sci_flbbcd_chlor_sig,,,,counts,CE05MOAS,GL326,FLORT
CE05MOAS-GL326-02-FLORTM000,sci_flbbcd_chlor_units,sci_flbbcd_chlor_units,0,50,L1,ug L-1,CE05MOAS,GL326,FLORT
CE05MOAS-GL326-02-FLORTM000,sci_flbbcd_therm,sci_flbbcd_therm,,,ENG,1,CE05MOAS,GL326,FLORT
CE05MOAS-GL326-02-FLORTM000,sci_flbbcd_timestamp,sci_flbbcd_timestamp,,,ENG,seconds since 1970-01-01,CE05MOAS,GL326,FLORT
CE05MOAS-GL326-02-FLORTM000,sci_m_present_secs_into_mission,sci_m_present_secs_into_mission,,,,s,CE05MOAS,GL326,FLORT
CE05MOAS-GL326-02-FLORTM000,sci_m_present_time,sci_m_present_time,,,,seconds since 1970-01-01,CE05MOAS,GL326,FLORT
CE05MOAS-GL326-02-FLORTM000,preferred_timestamp,preferred_timestamp,,,ENG,1,CE05MOAS,GL326,FLORT
CE05MOAS-GL326-02-FLORTM000,flort_m_bback_total,flort_m_bback_total,0.0003,1,L2,m-1,CE05MOAS,GL326,FLORT
CE05MOAS-GL326-02-FLORTM000,flort_m_scat_seawater,flort_m_scat_seawater,,,AUX,m-1,CE05MOAS,GL326,FLORT
CE05MOAS-GL326-02-FLORTM000,time,time,,,ENG,seconds since 1900-01-01,CE05MOAS,GL326,FLORT
CE05MOAS-GL326-02-FLORTM000,ingestion_timestamp,ingestion_timestamp,,,ENG,seconds since 1900-01-01,CE05MOAS,GL326,FLORT
CE05MOAS-GL326-03-ADCPAM000,bin_depths,bin_depths,,,,m,CE05MOAS,GL326,ADCPA
CE05MOAS-GL326-03-ADCPAM000,driver_timestamp,driver_timestamp,,,ENG,seconds since 1900-01-01,CE05MOAS,GL326,ADCPA
CE05MOAS-GL326-03-ADCPAM000,bt_pings_per_ensemble,bt_pings_per_ensemble,,,,1,CE05MOAS,GL326,ADCPA
CE05MOAS-GL326-03-ADCPAM000,bt_delay_before_reacquire,bt_delay_before_reacquire,,,,1,CE05MOAS,GL326,ADCPA
CE05MOAS-GL326-03-ADCPAM000,bt_corr_magnitude_min,bt_corr_magnitude_min,,,,counts,CE05MOAS,GL326,ADCPA
CE05MOAS-GL326-03-ADCPAM000,bt_eval_magnitude_min,bt_eval_magnitude_min,,,,counts,CE05MOAS,GL326,ADCPA
CE05MOAS-GL326-03-ADCPAM000,bt_percent_good_min,bt_percent_good_min,,,,percent,CE05MOAS,GL326,ADCPA
CE05MOAS-GL326-03-ADCPAM000,bt_mode,bt_mode,,,,1,CE05MOAS,GL326,ADCPA
CE05MOAS-GL326-03-ADCPAM000,bt_error_velocity_max,bt_error_velocity_max,,,,mm s-1,CE05MOAS,GL326,ADCPA
CE05MOAS-GL326-03-ADCPAM000,bt_beam1_range,bt_beam1_range,,,,cm,CE05MOAS,GL326,ADCPA
CE05MOAS-GL326-03-ADCPAM000,bt_beam2_range,bt_beam2_range,,,,cm,CE05MOAS,GL326,ADCPA
CE05MOAS-GL326-03-ADCPAM000,bt_beam3_range,bt_beam3_range,,,,cm,CE05MOAS,GL326,ADCPA
CE05MOAS-GL326-03-ADCPAM000,bt_beam4_range,bt_beam4_range,,,,cm,CE05MOAS,GL326,ADCPA
CE05MOAS-GL326-03-ADCPAM000,bt_eastward_velocity,bt_eastward_velocity,,,,mm s-1,CE05MOAS,GL326,ADCPA
CE05MOAS-GL326-03-ADCPAM000,bt_northward_velocity,bt_northward_velocity,,,,mm s-1,CE05MOAS,GL326,ADCPA
CE05MOAS-GL326-03-ADCPAM000,bt_upward_velocity,bt_upward_velocity,,,,mm s-1,CE05MOAS,GL326,ADCPA
CE05MOAS-GL326-03-ADCPAM000,bt_error_velocity,bt_error_velocity,,,,mm s-1,CE05MOAS,GL326,ADCPA
CE05MOAS-GL326-03-ADCPAM000,bt_beam1_correlation,bt_beam1_correlation,,,,counts,CE05MOAS,GL326,ADCPA
CE05MOAS-GL326-03-ADCPAM000,bt_beam2_correlation,bt_beam2_correlation,,,,counts,CE05MOAS,GL326,ADCPA
CE05MOAS-GL326-03-ADCPAM000,bt_beam3_correlation,bt_beam3_correlation,,,,counts,CE05MOAS,GL326,ADCPA
CE05MOAS-GL326-03-ADCPAM000,bt_beam4_correlation,bt_beam4_correlation,,,,counts,CE05MOAS,GL326,ADCPA
CE05MOAS-GL326-03-ADCPAM000,bt_beam1_eval_amp,bt_beam1_eval_amp,,,,counts,CE05MOAS,GL326,ADCPA
CE05MOAS-GL326-03-ADCPAM000,bt_beam2_eval_amp,bt_beam2_eval_amp,,,,counts,CE05MOAS,GL326,ADCPA
CE05MOAS-GL326-03-ADCPAM000,bt_beam3_eval_amp,bt_beam3_eval_amp,,,,counts,CE05MOAS,GL326,ADCPA
CE05MOAS-GL326-03-ADCPAM000,bt_beam4_eval_amp,bt_beam4_eval_amp,,,,counts,CE05MOAS,GL326,ADCPA
CE05MOAS-GL326-03-ADCPAM000,bt_beam1_percent_good,bt_beam1_percent_good,,,,percent,CE05MOAS,GL326,ADCPA
CE05MOAS-GL326-03-ADCPAM000,bt_beam2_percent_good,bt_beam2_percent_good,,,,percent,CE05MOAS,GL326,ADCPA
CE05MOAS-GL326-03-ADCPAM000,bt_beam3_percent_good,bt_beam3_percent_good,,,,percent,CE05MOAS,GL326,ADCPA
CE05MOAS-GL326-03-ADCPAM000,bt_beam4_percent_good,bt_beam4_percent_good,,,,percent,CE05MOAS,GL326,ADCPA
CE05MOAS-GL326-03-ADCPAM000,bt_ref_layer_min,bt_ref_layer_min,,,,dm,CE05MOAS,GL326,ADCPA
CE05MOAS-GL326-03-ADCPAM000,bt_ref_layer_near,bt_ref_layer_near,,,,dm,CE05MOAS,GL326,ADCPA
CE05MOAS-GL326-03-ADCPAM000,bt_ref_layer_far,bt_ref_layer_far,,,,dm,CE05MOAS,GL326,ADCPA
CE05MOAS-GL326-03-ADCPAM000,bt_eastward_ref_layer_velocity,bt_eastward_ref_layer_velocity,,,,mm s-1,CE05MOAS,GL326,ADCPA
CE05MOAS-GL326-03-ADCPAM000,bt_northward_ref_layer_velocity,bt_northward_ref_layer_velocity,,,,mm s-1,CE05MOAS,GL326,ADCPA
CE05MOAS-GL326-03-ADCPAM000,bt_upward_ref_layer_velocity,bt_upward_ref_layer_velocity,,,,mm s-1,CE05MOAS,GL326,ADCPA
CE05MOAS-GL326-03-ADCPAM000,bt_error_ref_layer_velocity,bt_error_ref_layer_velocity,,,,mm s-1,CE05MOAS,GL326,ADCPA
CE05MOAS-GL326-03-ADCPAM000,bt_beam1_ref_correlation,bt_beam1_ref_correlation,,,,counts,CE05MOAS,GL326,ADCPA
CE05MOAS-GL326-03-ADCPAM000,bt_beam2_ref_correlation,bt_beam2_ref_correlation,,,,counts,CE05MOAS,GL326,ADCPA
CE05MOAS-GL326-03-ADCPAM000,bt_beam3_ref_correlation,bt_beam3_ref_correlation,,,,counts,CE05MOAS,GL326,ADCPA
CE05MOAS-GL326-03-ADCPAM000,bt_beam4_ref_correlation,bt_beam4_ref_correlation,,,,counts,CE05MOAS,GL326,ADCPA
CE05MOAS-GL326-03-ADCPAM000,bt_beam1_ref_intensity,bt_beam1_ref_intensity,,,,counts,CE05MOAS,GL326,ADCPA
CE05MOAS-GL326-03-ADCPAM000,bt_beam2_ref_intensity,bt_beam2_ref_intensity,,,,counts,CE05MOAS,GL326,ADCPA
CE05MOAS-GL326-03-ADCPAM000,internal_timestamp,internal_timestamp,,,ENG,seconds since 1900-01-01,CE05MOAS,GL326,ADCPA
CE05MOAS-GL326-03-ADCPAM000,bt_beam3_ref_intensity,bt_beam3_ref_intensity,,,,counts,CE05MOAS,GL326,ADCPA
CE05MOAS-GL326-03-ADCPAM000,bt_beam4_ref_intensity,bt_beam4_ref_intensity,,,,counts,CE05MOAS,GL326,ADCPA
CE05MOAS-GL326-03-ADCPAM000,bt_beam1_ref_percent_good,bt_beam1_ref_percent_good,,,,percent,CE05MOAS,GL326,ADCPA
CE05MOAS-GL326-03-ADCPAM000,bt_beam2_ref_percent_good,bt_beam2_ref_percent_good,,,,percent,CE05MOAS,GL326,ADCPA
CE05MOAS-GL326-03-ADCPAM000,bt_beam3_ref_percent_good,bt_beam3_ref_percent_good,,,,percent,CE05MOAS,GL326,ADCPA
CE05MOAS-GL326-03-ADCPAM000,bt_beam4_ref_percent_good,bt_beam4_ref_percent_good,,,,percent,CE05MOAS,GL326,ADCPA
CE05MOAS-GL326-03-ADCPAM000,bt_max_depth,bt_max_depth,,,,dm,CE05MOAS,GL326,ADCPA
CE05MOAS-GL326-03-ADCPAM000,bt_beam1_rssi_amplitude,bt_beam1_rssi_amplitude,,,,counts,CE05MOAS,GL326,ADCPA
CE05MOAS-GL326-03-ADCPAM000,bt_beam2_rssi_amplitude,bt_beam2_rssi_amplitude,,,,counts,CE05MOAS,GL326,ADCPA
CE05MOAS-GL326-03-ADCPAM000,bt_beam3_rssi_amplitude,bt_beam3_rssi_amplitude,,,,counts,CE05MOAS,GL326,ADCPA
CE05MOAS-GL326-03-ADCPAM000,bt_beam4_rssi_amplitude,bt_beam4_rssi_amplitude,,,,counts,CE05MOAS,GL326,ADCPA
CE05MOAS-GL326-03-ADCPAM000,bt_gain,bt_gain,,,,1,CE05MOAS,GL326,ADCPA
CE05MOAS-GL326-03-ADCPAM000,preferred_timestamp,preferred_timestamp,,,ENG,1,CE05MOAS,GL326,ADCPA
CE05MOAS-GL326-03-ADCPAM000,sensor_available_speed,sensor_available_speed,,,,1,CE05MOAS,GL326,ADCPA
CE05MOAS-GL326-03-ADCPAM000,sensor_source_temperature_eu,sensor_source_temperature_eu,,,,1,CE05MOAS,GL326,ADCPA
CE05MOAS-GL326-03-ADCPAM000,sensor_available_temperature_eu,sensor_available_temperature_eu,,,,1,CE05MOAS,GL326,ADCPA
CE05MOAS-GL326-03-ADCPAM000,bit_error_number,bit_error_number,,,,1,CE05MOAS,GL326,ADCPA
CE05MOAS-GL326-03-ADCPAM000,bit_error_count,bit_error_count,,,,counts,CE05MOAS,GL326,ADCPA
CE05MOAS-GL326-03-ADCPAM000,sysconfig_beam_angle,sysconfig_beam_angle,,,,1,CE05MOAS,GL326,ADCPA
CE05MOAS-GL326-03-ADCPAM000,sysconfig_beam_config,sysconfig_beam_config,,,,1,CE05MOAS,GL326,ADCPA
CE05MOAS-GL326-03-ADCPAM000,adcpa_m_upward_seawater_velocity,adcpa_m_upward_seawater_velocity,-1,1,L1,m s-1,CE05MOAS,GL326,ADCPA
CE05MOAS-GL326-03-ADCPAM000,adcpa_m_error_velocity,adcpa_m_error_velocity,-1,1,L1,m s-1,CE05MOAS,GL326,ADCPA
CE05MOAS-GL326-03-ADCPAM000,adcpa_m_eastward_seawater_velocity,adcpa_m_eastward_seawater_velocity,-3,3,L1,m s-1,CE05MOAS,GL326,ADCPA
CE05MOAS-GL326-03-ADCPAM000,adcpa_m_northward_seawater_velocity,adcpa_m_northward_seawater_velocity,-3,3,L1,m s-1,CE05MOAS,GL326,ADCPA
CE05MOAS-GL326-03-ADCPAM000,adcpa_m_echo_intensity_beam1,adcpa_m_echo_intensity_beam1,0,255,L1,dB,CE05MOAS,GL326,ADCPA
CE05MOAS-GL326-03-ADCPAM000,adcpa_m_echo_intensity_beam2,adcpa_m_echo_intensity_beam2,0,255,L1,dB,CE05MOAS,GL326,ADCPA
CE05MOAS-GL326-03-ADCPAM000,adcpa_m_echo_intensity_beam3,adcpa_m_echo_intensity_beam3,0,255,L1,dB,CE05MOAS,GL326,ADCPA
CE05MOAS-GL326-03-ADCPAM000,adcpa_m_echo_intensity_beam4,adcpa_m_echo_intensity_beam4,0,255,L1,dB,CE05MOAS,GL326,ADCPA
CE05MOAS-GL326-03-ADCPAM000,serial_number,serial_number,,,ENG,1,CE05MOAS,GL326,ADCPA
CE05MOAS-GL326-03-ADCPAM000,firmware_version,firmware_version,,,,1,CE05MOAS,GL326,ADCPA
CE05MOAS-GL326-03-ADCPAM000,firmware_revision,firmware_revision,,,,1,CE05MOAS,GL326,ADCPA
CE05MOAS-GL326-03-ADCPAM000,sysconfig_frequency,sysconfig_frequency,,,,kHz,CE05MOAS,GL326,ADCPA
CE05MOAS-GL326-03-ADCPAM000,sysconfig_beam_pattern,sysconfig_beam_pattern,,,,1,CE05MOAS,GL326,ADCPA
CE05MOAS-GL326-03-ADCPAM000,sysconfig_sensor_config,sysconfig_sensor_config,,,,1,CE05MOAS,GL326,ADCPA
CE05MOAS-GL326-03-ADCPAM000,sysconfig_head_attached,sysconfig_head_attached,,,,1,CE05MOAS,GL326,ADCPA
CE05MOAS-GL326-03-ADCPAM000,sysconfig_vertical_orientation,sysconfig_vertical_orientation,,,,1,CE05MOAS,GL326,ADCPA
CE05MOAS-GL326-03-ADCPAM000,data_flag,data_flag,,,,1,CE05MOAS,GL326,ADCPA
CE05MOAS-GL326-03-ADCPAM000,lag_length,lag_length,,,,s,CE05MOAS,GL326,ADCPA
CE05MOAS-GL326-03-ADCPAM000,num_beams,num_beams,,,,1,CE05MOAS,GL326,ADCPA
CE05MOAS-GL326-03-ADCPAM000,num_cells,num_cells,,,,1,CE05MOAS,GL326,ADCPA
CE05MOAS-GL326-03-ADCPAM000,pings_per_ensemble,pings_per_ensemble,,,,1,CE05MOAS,GL326,ADCPA
CE05MOAS-GL326-03-ADCPAM000,cell_length,cell_length,,,,cm,CE05MOAS,GL326,ADCPA
CE05MOAS-GL326-03-ADCPAM000,blank_after_transmit,blank_after_transmit,,,,cm,CE05MOAS,GL326,ADCPA
CE05MOAS-GL326-03-ADCPAM000,signal_processing_mode,signal_processing_mode,,,,1,CE05MOAS,GL326,ADCPA
CE05MOAS-GL326-03-ADCPAM000,low_corr_threshold,low_corr_threshold,,,,counts,CE05MOAS,GL326,ADCPA
CE05MOAS-GL326-03-ADCPAM000,num_code_repetitions,num_code_repetitions,,,,counts,CE05MOAS,GL326,ADCPA
CE05MOAS-GL326-03-ADCPAM000,percent_good_min,percent_good_min,,,,percent,CE05MOAS,GL326,ADCPA
CE05MOAS-GL326-03-ADCPAM000,error_vel_threshold,error_vel_threshold,,,,mm s-1,CE05MOAS,GL326,ADCPA
CE05MOAS-GL326-03-ADCPAM000,time_per_ping_minutes,time_per_ping_minutes,,,,min,CE05MOAS,GL326,ADCPA
CE05MOAS-GL326-03-ADCPAM000,time_per_ping_seconds,time_per_ping_seconds,,,,s,CE05MOAS,GL326,ADCPA
CE05MOAS-GL326-03-ADCPAM000,coord_transform_type,coord_transform_type,,,,1,CE05MOAS,GL326,ADCPA
CE05MOAS-GL326-03-ADCPAM000,coord_transform_tilts,coord_transform_tilts,,,,1,CE05MOAS,GL326,ADCPA
CE05MOAS-GL326-03-ADCPAM000,coord_transform_beams,coord_transform_beams,,,,1,CE05MOAS,GL326,ADCPA
CE05MOAS-GL326-03-ADCPAM000,coord_transform_mapping,coord_transform_mapping,,,,1,CE05MOAS,GL326,ADCPA
CE05MOAS-GL326-03-ADCPAM000,heading_alignment,heading_alignment,,,,cdegrees,CE05MOAS,GL326,ADCPA
CE05MOAS-GL326-03-ADCPAM000,heading_bias,heading_bias,,,,cdegrees,CE05MOAS,GL326,ADCPA
CE05MOAS-GL326-03-ADCPAM000,sensor_source_speed,sensor_source_speed,,,,1,CE05MOAS,GL326,ADCPA
CE05MOAS-GL326-03-ADCPAM000,sensor_source_depth,sensor_source_depth,,,,1,CE05MOAS,GL326,ADCPA
CE05MOAS-GL326-03-ADCPAM000,sensor_source_heading,sensor_source_heading,,,,1,CE05MOAS,GL326,ADCPA
CE05MOAS-GL326-03-ADCPAM000,sensor_source_pitch,sensor_source_pitch,,,,1,CE05MOAS,GL326,ADCPA
CE05MOAS-GL326-03-ADCPAM000,sensor_source_roll,sensor_source_roll,,,,1,CE05MOAS,GL326,ADCPA
CE05MOAS-GL326-03-ADCPAM000,sensor_source_conductivity,sensor_source_conductivity,,,,1,CE05MOAS,GL326,ADCPA
CE05MOAS-GL326-03-ADCPAM000,sensor_source_temperature,sensor_source_temperature,,,,1,CE05MOAS,GL326,ADCPA
CE05MOAS-GL326-03-ADCPAM000,sensor_available_depth,sensor_available_depth,,,,1,CE05MOAS,GL326,ADCPA
CE05MOAS-GL326-03-ADCPAM000,sensor_available_heading,sensor_available_heading,,,,1,CE05MOAS,GL326,ADCPA
CE05MOAS-GL326-03-ADCPAM000,sensor_available_pitch,sensor_available_pitch,,,,1,CE05MOAS,GL326,ADCPA
CE05MOAS-GL326-03-ADCPAM000,sensor_available_roll,sensor_available_roll,,,,1,CE05MOAS,GL326,ADCPA
CE05MOAS-GL326-03-ADCPAM000,sensor_available_conductivity,sensor_available_conductivity,,,,1,CE05MOAS,GL326,ADCPA
CE05MOAS-GL326-03-ADCPAM000,sensor_available_temperature,sensor_available_temperature,,,,1,CE05MOAS,GL326,ADCPA
CE05MOAS-GL326-03-ADCPAM000,bin_1_distance,bin_1_distance,,,,cm,CE05MOAS,GL326,ADCPA
CE05MOAS-GL326-03-ADCPAM000,transmit_pulse_length,transmit_pulse_length,,,,cm,CE05MOAS,GL326,ADCPA
CE05MOAS-GL326-03-ADCPAM000,reference_layer_start,reference_layer_start,,,,1,CE05MOAS,GL326,ADCPA
CE05MOAS-GL326-03-ADCPAM000,reference_layer_stop,reference_layer_stop,,,,1,CE05MOAS,GL326,ADCPA
CE05MOAS-GL326-03-ADCPAM000,false_target_threshold,false_target_threshold,,,,counts,CE05MOAS,GL326,ADCPA
CE05MOAS-GL326-03-ADCPAM000,transmit_lag_distance,transmit_lag_distance,,,,cm,CE05MOAS,GL326,ADCPA
CE05MOAS-GL326-03-ADCPAM000,system_bandwidth,system_bandwidth,,,,1,CE05MOAS,GL326,ADCPA
CE05MOAS-GL326-03-ADCPAM000,ensemble_number,ensemble_number,,,,1,CE05MOAS,GL326,ADCPA
CE05MOAS-GL326-03-ADCPAM000,ensemble_number_increment,ensemble_number_increment,,,,1,CE05MOAS,GL326,ADCPA
CE05MOAS-GL326-03-ADCPAM000,speed_of_sound,speed_of_sound,,,,m s-1,CE05MOAS,GL326,ADCPA
CE05MOAS-GL326-03-ADCPAM000,transducer_depth,transducer_depth,,,,dm,CE05MOAS,GL326,ADCPA
CE05MOAS-GL326-03-ADCPAM000,heading,heading,,,,cdegrees,CE05MOAS,GL326,ADCPA
CE05MOAS-GL326-03-ADCPAM000,pitch,pitch,,,,cdegrees,CE05MOAS,GL326,ADCPA
CE05MOAS-GL326-03-ADCPAM000,roll,roll,,,,cdegrees,CE05MOAS,GL326,ADCPA
CE05MOAS-GL326-03-ADCPAM000,salinity,salinity,,,,1,CE05MOAS,GL326,ADCPA
CE05MOAS-GL326-03-ADCPAM000,temperature,temperature,,,,cdeg_C,CE05MOAS,GL326,ADCPA
CE05MOAS-GL326-03-ADCPAM000,mpt_minutes,mpt_minutes,,,,min,CE05MOAS,GL326,ADCPA
CE05MOAS-GL326-03-ADCPAM000,mpt_seconds,mpt_seconds,,,,s,CE05MOAS,GL326,ADCPA
CE05MOAS-GL326-03-ADCPAM000,heading_stdev,heading_stdev,,,,degrees,CE05MOAS,GL326,ADCPA
CE05MOAS-GL326-03-ADCPAM000,pitch_stdev,pitch_stdev,,,,ddegrees,CE05MOAS,GL326,ADCPA
CE05MOAS-GL326-03-ADCPAM000,roll_stdev,roll_stdev,,,,ddegrees,CE05MOAS,GL326,ADCPA
CE05MOAS-GL326-03-ADCPAM000,adc_transmit_voltage,adc_transmit_voltage,,,,counts,CE05MOAS,GL326,ADCPA
CE05MOAS-GL326-03-ADCPAM000,time,time,,,ENG,seconds since 1900-01-01,CE05MOAS,GL326,ADCPA
CE05MOAS-GL326-03-ADCPAM000,pressure,pressure,,,,daPa,CE05MOAS,GL326,ADCPA
CE05MOAS-GL326-03-ADCPAM000,pressure_variance,pressure_variance,,,,daPa,CE05MOAS,GL326,ADCPA
CE05MOAS-GL326-03-ADCPAM000,water_velocity_east,water_velocity_east,,,L0,mm s-1,CE05MOAS,GL326,ADCPA
CE05MOAS-GL326-03-ADCPAM000,water_velocity_north,water_velocity_north,,,L0,mm s-1,CE05MOAS,GL326,ADCPA
CE05MOAS-GL326-03-ADCPAM000,water_velocity_up,water_velocity_up,,,L0,mm s-1,CE05MOAS,GL326,ADCPA
CE05MOAS-GL326-03-ADCPAM000,error_velocity,error_velocity,,,L0,mm s-1,CE05MOAS,GL326,ADCPA
CE05MOAS-GL326-03-ADCPAM000,correlation_magnitude_beam1,correlation_magnitude_beam1,,,,1,CE05MOAS,GL326,ADCPA
CE05MOAS-GL326-03-ADCPAM000,correlation_magnitude_beam2,correlation_magnitude_beam2,,,,1,CE05MOAS,GL326,ADCPA
CE05MOAS-GL326-03-ADCPAM000,correlation_magnitude_beam3,correlation_magnitude_beam3,,,,1,CE05MOAS,GL326,ADCPA
CE05MOAS-GL326-03-ADCPAM000,correlation_magnitude_beam4,correlation_magnitude_beam4,,,,1,CE05MOAS,GL326,ADCPA
CE05MOAS-GL326-03-ADCPAM000,echo_intensity_beam1,echo_intensity_beam1,,,L0,counts,CE05MOAS,GL326,ADCPA
CE05MOAS-GL326-03-ADCPAM000,echo_intensity_beam2,echo_intensity_beam2,,,L0,counts,CE05MOAS,GL326,ADCPA
CE05MOAS-GL326-03-ADCPAM000,echo_intensity_beam3,echo_intensity_beam3,,,L0,counts,CE05MOAS,GL326,ADCPA
CE05MOAS-GL326-03-ADCPAM000,echo_intensity_beam4,echo_intensity_beam4,,,L0,counts,CE05MOAS,GL326,ADCPA
CE05MOAS-GL326-03-ADCPAM000,percent_good_3beam,percent_good_3beam,,,,percent,CE05MOAS,GL326,ADCPA
CE05MOAS-GL326-03-ADCPAM000,percent_transforms_reject,percent_transforms_reject,,,,percent,CE05MOAS,GL326,ADCPA
CE05MOAS-GL326-03-ADCPAM000,percent_bad_beams,percent_bad_beams,,,,percent,CE05MOAS,GL326,ADCPA
CE05MOAS-GL326-03-ADCPAM000,percent_good_4beam,percent_good_4beam,,,,percent,CE05MOAS,GL326,ADCPA
CE05MOAS-GL326-03-ADCPAM000,ensemble_start_time,ensemble_start_time,,,,seconds since 1900-01-01,CE05MOAS,GL326,ADCPA
CE05MOAS-GL326-03-ADCPAM000,ingestion_timestamp,ingestion_timestamp,,,ENG,seconds since 1900-01-01,CE05MOAS,GL326,ADCPA
CE05MOAS-GL326-03-ADCPAM000,real_time_clock,real_time_clock,,,,1,CE05MOAS,GL326,ADCPA
CE05MOAS-GL326-04-DOSTAM000,driver_timestamp,driver_timestamp,,,ENG,seconds since 1900-01-01,CE05MOAS,GL326,DOSTA
CE05MOAS-GL326-04-DOSTAM000,internal_timestamp,internal_timestamp,,,ENG,seconds since 1900-01-01,CE05MOAS,GL326,DOSTA
CE05MOAS-GL326-04-DOSTAM000,m_present_secs_into_mission,m_present_secs_into_mission,,,ENG,s,CE05MOAS,GL326,DOSTA
CE05MOAS-GL326-04-DOSTAM000,m_present_time,m_present_time,,,AUX,seconds since 1970-01-01,CE05MOAS,GL326,DOSTA
CE05MOAS-GL326-04-DOSTAM000,sci_m_present_secs_into_mission,sci_m_present_secs_into_mission,,,,s,CE05MOAS,GL326,DOSTA
CE05MOAS-GL326-04-DOSTAM000,sci_m_present_time,sci_m_present_time,,,,seconds since 1970-01-01,CE05MOAS,GL326,DOSTA
CE05MOAS-GL326-04-DOSTAM000,sci_oxy4_c1amp,sci_oxy4_c1amp,,,,mV,CE05MOAS,GL326,DOSTA
CE05MOAS-GL326-04-DOSTAM000,sci_oxy4_c1rph,sci_oxy4_c1rph,,,,degrees,CE05MOAS,GL326,DOSTA
CE05MOAS-GL326-04-DOSTAM000,sci_oxy4_c2amp,sci_oxy4_c2amp,,,,mV,CE05MOAS,GL326,DOSTA
CE05MOAS-GL326-04-DOSTAM000,sci_oxy4_c2rph,sci_oxy4_c2rph,,,,degrees,CE05MOAS,GL326,DOSTA
CE05MOAS-GL326-04-DOSTAM000,sci_oxy4_calphase,sci_oxy4_calphase,,,L0,degrees,CE05MOAS,GL326,DOSTA
CE05MOAS-GL326-04-DOSTAM000,sci_oxy4_oxygen,sci_oxy4_oxygen,0,400,L1,umol L-1,CE05MOAS,GL326,DOSTA
CE05MOAS-GL326-04-DOSTAM000,sci_oxy4_rawtemp,sci_oxy4_rawtemp,,,,mV,CE05MOAS,GL326,DOSTA
CE05MOAS-GL326-04-DOSTAM000,sci_oxy4_saturation,sci_oxy4_saturation,,,,percent,CE05MOAS,GL326,DOSTA
CE05MOAS-GL326-04-DOSTAM000,sci_oxy4_tcphase,sci_oxy4_tcphase,,,,degrees,CE05MOAS,GL326,DOSTA
CE05MOAS-GL326-04-DOSTAM000,sci_oxy4_temp,sci_oxy4_temp,,,,deg_C,CE05MOAS,GL326,DOSTA
CE05MOAS-GL326-04-DOSTAM000,sci_oxy4_timestamp,sci_oxy4_timestamp,,,,1,CE05MOAS,GL326,DOSTA
CE05MOAS-GL326-04-DOSTAM000,sci_water_cond,sci_water_cond,0,6,L1,S m-1,CE05MOAS,GL326,DOSTA
CE05MOAS-GL326-04-DOSTAM000,sci_water_pressure,sci_water_pressure,0,6000,L1,dbar,CE05MOAS,GL326,DOSTA
CE05MOAS-GL326-04-DOSTAM000,sci_water_temp,sci_water_temp,-2,40,L1,deg_C,CE05MOAS,GL326,DOSTA
CE05MOAS-GL326-04-DOSTAM000,preferred_timestamp,preferred_timestamp,,,ENG,1,CE05MOAS,GL326,DOSTA
CE05MOAS-GL326-04-DOSTAM000,sci_abs_oxygen,sci_abs_oxygen,0,400,L2,umol kg-1,CE05MOAS,GL326,DOSTA
CE05MOAS-GL326-04-DOSTAM000,time,time,,,ENG,seconds since 1900-01-01,CE05MOAS,GL326,DOSTA
CE05MOAS-GL326-04-DOSTAM000,ingestion_timestamp,ingestion_timestamp,,,ENG,seconds since 1900-01-01,CE05MOAS,GL326,DOSTA
CE05MOAS-GL326-05-CTDGVM000,driver_timestamp,driver_timestamp,,,ENG,seconds since 1900-01-01,CE05MOAS,GL326,CTDGV
CE05MOAS-GL326-05-CTDGVM000,internal_timestamp,internal_timestamp,,,ENG,seconds since 1900-01-01,CE05MOAS,GL326,CTDGV
CE05MOAS-GL326-05-CTDGVM000,m_present_secs_into_mission,m_present_secs_into_mission,,,ENG,s,CE05MOAS,GL326,CTDGV
CE05MOAS-GL326-05-CTDGVM000,m_present_time,m_present_time,,,AUX,seconds since 1970-01-01,CE05MOAS,GL326,CTDGV
CE05MOAS-GL326-05-CTDGVM000,sci_ctd41cp_timestamp,sci_ctd41cp_timestamp,,,,seconds since 1970-01-01,CE05MOAS,GL326,CTDGV
CE05MOAS-GL326-05-CTDGVM000,sci_m_present_secs_into_mission,sci_m_present_secs_into_mission,,,,s,CE05MOAS,GL326,CTDGV
CE05MOAS-GL326-05-CTDGVM000,sci_m_present_time,sci_m_present_time,,,,seconds since 1970-01-01,CE05MOAS,GL326,CTDGV
CE05MOAS-GL326-05-CTDGVM000,sci_water_cond,sci_water_cond,0,6,L1,S m-1,CE05MOAS,GL326,CTDGV
CE05MOAS-GL326-05-CTDGVM000,sci_water_pressure,sci_water_pressure,0,6000,L1,dbar,CE05MOAS,GL326,CTDGV
CE05MOAS-GL326-05-CTDGVM000,sci_water_temp,sci_water_temp,-2,40,L1,deg_C,CE05MOAS,GL326,CTDGV
CE05MOAS-GL326-05-CTDGVM000,sci_water_pracsal,sci_water_pracsal,0,42,L2,1,CE05MOAS,GL326,CTDGV
CE05MOAS-GL326-05-CTDGVM000,preferred_timestamp,preferred_timestamp,,,ENG,1,CE05MOAS,GL326,CTDGV
CE05MOAS-GL326-05-CTDGVM000,sci_seawater_density,sci_seawater_density,1000,1100,L2,kg m-3,CE05MOAS,GL326,CTDGV
CE05MOAS-GL326-05-CTDGVM000,time,time,,,ENG,seconds since 1900-01-01,CE05MOAS,GL326,CTDGV
CE05MOAS-GL326-05-CTDGVM000,ingestion_timestamp,ingestion_timestamp,,,ENG,seconds since 1900-01-01,CE05MOAS,GL326,CTDGV
CE05MOAS-GL327-01-PARADM000,driver_timestamp,driver_timestamp,,,ENG,seconds since 1900-01-01,CE05MOAS,GL327,PARAD
CE05MOAS-GL327-01-PARADM000,internal_timestamp,internal_timestamp,,,ENG,seconds since 1900-01-01,CE05MOAS,GL327,PARAD
CE05MOAS-GL327-01-PARADM000,m_present_secs_into_mission,m_present_secs_into_mission,,,ENG,s,CE05MOAS,GL327,PARAD
CE05MOAS-GL327-01-PARADM000,m_present_time,m_present_time,,,AUX,seconds since 1970-01-01,CE05MOAS,GL327,PARAD
CE05MOAS-GL327-01-PARADM000,sci_bsipar_par,sci_bsipar_par,0,2500,L1,umol photons m-2 s-1,CE05MOAS,GL327,PARAD
CE05MOAS-GL327-01-PARADM000,sci_bsipar_sensor_volts,sci_bsipar_sensor_volts,,,L0,V,CE05MOAS,GL327,PARAD
CE05MOAS-GL327-01-PARADM000,sci_bsipar_supply_volts,sci_bsipar_supply_volts,,,,V,CE05MOAS,GL327,PARAD
CE05MOAS-GL327-01-PARADM000,sci_bsipar_temp,sci_bsipar_temp,,,,deg_C,CE05MOAS,GL327,PARAD
CE05MOAS-GL327-01-PARADM000,sci_m_present_secs_into_mission,sci_m_present_secs_into_mission,,,,s,CE05MOAS,GL327,PARAD
CE05MOAS-GL327-01-PARADM000,sci_m_present_time,sci_m_present_time,,,,seconds since 1970-01-01,CE05MOAS,GL327,PARAD
CE05MOAS-GL327-01-PARADM000,preferred_timestamp,preferred_timestamp,,,ENG,1,CE05MOAS,GL327,PARAD
CE05MOAS-GL327-01-PARADM000,time,time,,,ENG,seconds since 1900-01-01,CE05MOAS,GL327,PARAD
CE05MOAS-GL327-01-PARADM000,ingestion_timestamp,ingestion_timestamp,,,ENG,seconds since 1900-01-01,CE05MOAS,GL327,PARAD
CE05MOAS-GL327-02-FLORTM000,driver_timestamp,driver_timestamp,,,ENG,seconds since 1900-01-01,CE05MOAS,GL327,FLORT
CE05MOAS-GL327-02-FLORTM000,internal_timestamp,internal_timestamp,,,ENG,seconds since 1900-01-01,CE05MOAS,GL327,FLORT
CE05MOAS-GL327-02-FLORTM000,m_present_secs_into_mission,m_present_secs_into_mission,,,ENG,s,CE05MOAS,GL327,FLORT
CE05MOAS-GL327-02-FLORTM000,m_present_time,m_present_time,,,AUX,seconds since 1970-01-01,CE05MOAS,GL327,FLORT
CE05MOAS-GL327-02-FLORTM000,sci_flbbcd_bb_ref,sci_flbbcd_bb_ref,,,,nm,CE05MOAS,GL327,FLORT
CE05MOAS-GL327-02-FLORTM000,sci_flbbcd_bb_sig,sci_flbbcd_bb_sig,,,,counts,CE05MOAS,GL327,FLORT
CE05MOAS-GL327-02-FLORTM000,sci_flbbcd_bb_units,sci_flbbcd_bb_units,,,L1,m-1 sr-1,CE05MOAS,GL327,FLORT
CE05MOAS-GL327-02-FLORTM000,sci_flbbcd_cdom_ref,sci_flbbcd_cdom_ref,,,,nm,CE05MOAS,GL327,FLORT
CE05MOAS-GL327-02-FLORTM000,sci_flbbcd_cdom_sig,sci_flbbcd_cdom_sig,,,,counts,CE05MOAS,GL327,FLORT
CE05MOAS-GL327-02-FLORTM000,sci_flbbcd_cdom_units,sci_flbbcd_cdom_units,0,375,L1,ppb,CE05MOAS,GL327,FLORT
CE05MOAS-GL327-02-FLORTM000,sci_flbbcd_chlor_ref,sci_flbbcd_chlor_ref,,,,nm,CE05MOAS,GL327,FLORT
CE05MOAS-GL327-02-FLORTM000,sci_flbbcd_chlor_sig,sci_flbbcd_chlor_sig,,,,counts,CE05MOAS,GL327,FLORT
CE05MOAS-GL327-02-FLORTM000,sci_flbbcd_chlor_units,sci_flbbcd_chlor_units,0,50,L1,ug L-1,CE05MOAS,GL327,FLORT
CE05MOAS-GL327-02-FLORTM000,sci_flbbcd_therm,sci_flbbcd_therm,,,ENG,1,CE05MOAS,GL327,FLORT
CE05MOAS-GL327-02-FLORTM000,sci_flbbcd_timestamp,sci_flbbcd_timestamp,,,ENG,seconds since 1970-01-01,CE05MOAS,GL327,FLORT
CE05MOAS-GL327-02-FLORTM000,sci_m_present_secs_into_mission,sci_m_present_secs_into_mission,,,,s,CE05MOAS,GL327,FLORT
CE05MOAS-GL327-02-FLORTM000,sci_m_present_time,sci_m_present_time,,,,seconds since 1970-01-01,CE05MOAS,GL327,FLORT
CE05MOAS-GL327-02-FLORTM000,preferred_timestamp,preferred_timestamp,,,ENG,1,CE05MOAS,GL327,FLORT
CE05MOAS-GL327-02-FLORTM000,flort_m_bback_total,flort_m_bback_total,0.0003,1,L2,m-1,CE05MOAS,GL327,FLORT
CE05MOAS-GL327-02-FLORTM000,flort_m_scat_seawater,flort_m_scat_seawater,,,AUX,m-1,CE05MOAS,GL327,FLORT
CE05MOAS-GL327-02-FLORTM000,time,time,,,ENG,seconds since 1900-01-01,CE05MOAS,GL327,FLORT
CE05MOAS-GL327-02-FLORTM000,ingestion_timestamp,ingestion_timestamp,,,ENG,seconds since 1900-01-01,CE05MOAS,GL327,FLORT
CE05MOAS-GL327-03-ADCPAM000,bin_depths,bin_depths,,,,m,CE05MOAS,GL327,ADCPA
CE05MOAS-GL327-03-ADCPAM000,driver_timestamp,driver_timestamp,,,ENG,seconds since 1900-01-01,CE05MOAS,GL327,ADCPA
CE05MOAS-GL327-03-ADCPAM000,bt_pings_per_ensemble,bt_pings_per_ensemble,,,,1,CE05MOAS,GL327,ADCPA
CE05MOAS-GL327-03-ADCPAM000,bt_delay_before_reacquire,bt_delay_before_reacquire,,,,1,CE05MOAS,GL327,ADCPA
CE05MOAS-GL327-03-ADCPAM000,bt_corr_magnitude_min,bt_corr_magnitude_min,,,,counts,CE05MOAS,GL327,ADCPA
CE05MOAS-GL327-03-ADCPAM000,bt_eval_magnitude_min,bt_eval_magnitude_min,,,,counts,CE05MOAS,GL327,ADCPA
CE05MOAS-GL327-03-ADCPAM000,bt_percent_good_min,bt_percent_good_min,,,,percent,CE05MOAS,GL327,ADCPA
CE05MOAS-GL327-03-ADCPAM000,bt_mode,bt_mode,,,,1,CE05MOAS,GL327,ADCPA
CE05MOAS-GL327-03-ADCPAM000,bt_error_velocity_max,bt_error_velocity_max,,,,mm s-1,CE05MOAS,GL327,ADCPA
CE05MOAS-GL327-03-ADCPAM000,bt_beam1_range,bt_beam1_range,,,,cm,CE05MOAS,GL327,ADCPA
CE05MOAS-GL327-03-ADCPAM000,bt_beam2_range,bt_beam2_range,,,,cm,CE05MOAS,GL327,ADCPA
CE05MOAS-GL327-03-ADCPAM000,bt_beam3_range,bt_beam3_range,,,,cm,CE05MOAS,GL327,ADCPA
CE05MOAS-GL327-03-ADCPAM000,bt_beam4_range,bt_beam4_range,,,,cm,CE05MOAS,GL327,ADCPA
CE05MOAS-GL327-03-ADCPAM000,bt_eastward_velocity,bt_eastward_velocity,,,,mm s-1,CE05MOAS,GL327,ADCPA
CE05MOAS-GL327-03-ADCPAM000,bt_northward_velocity,bt_northward_velocity,,,,mm s-1,CE05MOAS,GL327,ADCPA
CE05MOAS-GL327-03-ADCPAM000,bt_upward_velocity,bt_upward_velocity,,,,mm s-1,CE05MOAS,GL327,ADCPA
CE05MOAS-GL327-03-ADCPAM000,bt_error_velocity,bt_error_velocity,,,,mm s-1,CE05MOAS,GL327,ADCPA
CE05MOAS-GL327-03-ADCPAM000,bt_beam1_correlation,bt_beam1_correlation,,,,counts,CE05MOAS,GL327,ADCPA
CE05MOAS-GL327-03-ADCPAM000,bt_beam2_correlation,bt_beam2_correlation,,,,counts,CE05MOAS,GL327,ADCPA
CE05MOAS-GL327-03-ADCPAM000,bt_beam3_correlation,bt_beam3_correlation,,,,counts,CE05MOAS,GL327,ADCPA
CE05MOAS-GL327-03-ADCPAM000,bt_beam4_correlation,bt_beam4_correlation,,,,counts,CE05MOAS,GL327,ADCPA
CE05MOAS-GL327-03-ADCPAM000,bt_beam1_eval_amp,bt_beam1_eval_amp,,,,counts,CE05MOAS,GL327,ADCPA
CE05MOAS-GL327-03-ADCPAM000,bt_beam2_eval_amp,bt_beam2_eval_amp,,,,counts,CE05MOAS,GL327,ADCPA
CE05MOAS-GL327-03-ADCPAM000,bt_beam3_eval_amp,bt_beam3_eval_amp,,,,counts,CE05MOAS,GL327,ADCPA
CE05MOAS-GL327-03-ADCPAM000,bt_beam4_eval_amp,bt_beam4_eval_amp,,,,counts,CE05MOAS,GL327,ADCPA
CE05MOAS-GL327-03-ADCPAM000,bt_beam1_percent_good,bt_beam1_percent_good,,,,percent,CE05MOAS,GL327,ADCPA
CE05MOAS-GL327-03-ADCPAM000,bt_beam2_percent_good,bt_beam2_percent_good,,,,percent,CE05MOAS,GL327,ADCPA
CE05MOAS-GL327-03-ADCPAM000,bt_beam3_percent_good,bt_beam3_percent_good,,,,percent,CE05MOAS,GL327,ADCPA
CE05MOAS-GL327-03-ADCPAM000,bt_beam4_percent_good,bt_beam4_percent_good,,,,percent,CE05MOAS,GL327,ADCPA
CE05MOAS-GL327-03-ADCPAM000,bt_ref_layer_min,bt_ref_layer_min,,,,dm,CE05MOAS,GL327,ADCPA
CE05MOAS-GL327-03-ADCPAM000,bt_ref_layer_near,bt_ref_layer_near,,,,dm,CE05MOAS,GL327,ADCPA
CE05MOAS-GL327-03-ADCPAM000,bt_ref_layer_far,bt_ref_layer_far,,,,dm,CE05MOAS,GL327,ADCPA
CE05MOAS-GL327-03-ADCPAM000,bt_eastward_ref_layer_velocity,bt_eastward_ref_layer_velocity,,,,mm s-1,CE05MOAS,GL327,ADCPA
CE05MOAS-GL327-03-ADCPAM000,bt_northward_ref_layer_velocity,bt_northward_ref_layer_velocity,,,,mm s-1,CE05MOAS,GL327,ADCPA
CE05MOAS-GL327-03-ADCPAM000,bt_upward_ref_layer_velocity,bt_upward_ref_layer_velocity,,,,mm s-1,CE05MOAS,GL327,ADCPA
CE05MOAS-GL327-03-ADCPAM000,bt_error_ref_layer_velocity,bt_error_ref_layer_velocity,,,,mm s-1,CE05MOAS,GL327,ADCPA
CE05MOAS-GL327-03-ADCPAM000,bt_beam1_ref_correlation,bt_beam1_ref_correlation,,,,counts,CE05MOAS,GL327,ADCPA
CE05MOAS-GL327-03-ADCPAM000,bt_beam2_ref_correlation,bt_beam2_ref_correlation,,,,counts,CE05MOAS,GL327,ADCPA
CE05MOAS-GL327-03-ADCPAM000,bt_beam3_ref_correlation,bt_beam3_ref_correlation,,,,counts,CE05MOAS,GL327,ADCPA
CE05MOAS-GL327-03-ADCPAM000,bt_beam4_ref_correlation,bt_beam4_ref_correlation,,,,counts,CE05MOAS,GL327,ADCPA
CE05MOAS-GL327-03-ADCPAM000,bt_beam1_ref_intensity,bt_beam1_ref_intensity,,,,counts,CE05MOAS,GL327,ADCPA
CE05MOAS-GL327-03-ADCPAM000,bt_beam2_ref_intensity,bt_beam2_ref_intensity,,,,counts,CE05MOAS,GL327,ADCPA
CE05MOAS-GL327-03-ADCPAM000,internal_timestamp,internal_timestamp,,,ENG,seconds since 1900-01-01,CE05MOAS,GL327,ADCPA
CE05MOAS-GL327-03-ADCPAM000,bt_beam3_ref_intensity,bt_beam3_ref_intensity,,,,counts,CE05MOAS,GL327,ADCPA
CE05MOAS-GL327-03-ADCPAM000,bt_beam4_ref_intensity,bt_beam4_ref_intensity,,,,counts,CE05MOAS,GL327,ADCPA
CE05MOAS-GL327-03-ADCPAM000,bt_beam1_ref_percent_good,bt_beam1_ref_percent_good,,,,percent,CE05MOAS,GL327,ADCPA
CE05MOAS-GL327-03-ADCPAM000,bt_beam2_ref_percent_good,bt_beam2_ref_percent_good,,,,percent,CE05MOAS,GL327,ADCPA
CE05MOAS-GL327-03-ADCPAM000,bt_beam3_ref_percent_good,bt_beam3_ref_percent_good,,,,percent,CE05MOAS,GL327,ADCPA
CE05MOAS-GL327-03-ADCPAM000,bt_beam4_ref_percent_good,bt_beam4_ref_percent_good,,,,percent,CE05MOAS,GL327,ADCPA
CE05MOAS-GL327-03-ADCPAM000,bt_max_depth,bt_max_depth,,,,dm,CE05MOAS,GL327,ADCPA
CE05MOAS-GL327-03-ADCPAM000,bt_beam1_rssi_amplitude,bt_beam1_rssi_amplitude,,,,counts,CE05MOAS,GL327,ADCPA
CE05MOAS-GL327-03-ADCPAM000,bt_beam2_rssi_amplitude,bt_beam2_rssi_amplitude,,,,counts,CE05MOAS,GL327,ADCPA
CE05MOAS-GL327-03-ADCPAM000,bt_beam3_rssi_amplitude,bt_beam3_rssi_amplitude,,,,counts,CE05MOAS,GL327,ADCPA
CE05MOAS-GL327-03-ADCPAM000,bt_beam4_rssi_amplitude,bt_beam4_rssi_amplitude,,,,counts,CE05MOAS,GL327,ADCPA
CE05MOAS-GL327-03-ADCPAM000,bt_gain,bt_gain,,,,1,CE05MOAS,GL327,ADCPA
CE05MOAS-GL327-03-ADCPAM000,preferred_timestamp,preferred_timestamp,,,ENG,1,CE05MOAS,GL327,ADCPA
CE05MOAS-GL327-03-ADCPAM000,sensor_available_speed,sensor_available_speed,,,,1,CE05MOAS,GL327,ADCPA
CE05MOAS-GL327-03-ADCPAM000,sensor_source_temperature_eu,sensor_source_temperature_eu,,,,1,CE05MOAS,GL327,ADCPA
CE05MOAS-GL327-03-ADCPAM000,sensor_available_temperature_eu,sensor_available_temperature_eu,,,,1,CE05MOAS,GL327,ADCPA
CE05MOAS-GL327-03-ADCPAM000,bit_error_number,bit_error_number,,,,1,CE05MOAS,GL327,ADCPA
CE05MOAS-GL327-03-ADCPAM000,bit_error_count,bit_error_count,,,,counts,CE05MOAS,GL327,ADCPA
CE05MOAS-GL327-03-ADCPAM000,sysconfig_beam_angle,sysconfig_beam_angle,,,,1,CE05MOAS,GL327,ADCPA
CE05MOAS-GL327-03-ADCPAM000,sysconfig_beam_config,sysconfig_beam_config,,,,1,CE05MOAS,GL327,ADCPA
CE05MOAS-GL327-03-ADCPAM000,adcpa_m_upward_seawater_velocity,adcpa_m_upward_seawater_velocity,-1,1,L1,m s-1,CE05MOAS,GL327,ADCPA
CE05MOAS-GL327-03-ADCPAM000,adcpa_m_error_velocity,adcpa_m_error_velocity,-1,1,L1,m s-1,CE05MOAS,GL327,ADCPA
CE05MOAS-GL327-03-ADCPAM000,adcpa_m_eastward_seawater_velocity,adcpa_m_eastward_seawater_velocity,-3,3,L1,m s-1,CE05MOAS,GL327,ADCPA
CE05MOAS-GL327-03-ADCPAM000,adcpa_m_northward_seawater_velocity,adcpa_m_northward_seawater_velocity,-3,3,L1,m s-1,CE05MOAS,GL327,ADCPA
CE05MOAS-GL327-03-ADCPAM000,adcpa_m_echo_intensity_beam1,adcpa_m_echo_intensity_beam1,0,255,L1,dB,CE05MOAS,GL327,ADCPA
CE05MOAS-GL327-03-ADCPAM000,adcpa_m_echo_intensity_beam2,adcpa_m_echo_intensity_beam2,0,255,L1,dB,CE05MOAS,GL327,ADCPA
CE05MOAS-GL327-03-ADCPAM000,adcpa_m_echo_intensity_beam3,adcpa_m_echo_intensity_beam3,0,255,L1,dB,CE05MOAS,GL327,ADCPA
CE05MOAS-GL327-03-ADCPAM000,adcpa_m_echo_intensity_beam4,adcpa_m_echo_intensity_beam4,0,255,L1,dB,CE05MOAS,GL327,ADCPA
CE05MOAS-GL327-03-ADCPAM000,serial_number,serial_number,,,ENG,1,CE05MOAS,GL327,ADCPA
CE05MOAS-GL327-03-ADCPAM000,firmware_version,firmware_version,,,,1,CE05MOAS,GL327,ADCPA
CE05MOAS-GL327-03-ADCPAM000,firmware_revision,firmware_revision,,,,1,CE05MOAS,GL327,ADCPA
CE05MOAS-GL327-03-ADCPAM000,sysconfig_frequency,sysconfig_frequency,,,,kHz,CE05MOAS,GL327,ADCPA
CE05MOAS-GL327-03-ADCPAM000,sysconfig_beam_pattern,sysconfig_beam_pattern,,,,1,CE05MOAS,GL327,ADCPA
CE05MOAS-GL327-03-ADCPAM000,sysconfig_sensor_config,sysconfig_sensor_config,,,,1,CE05MOAS,GL327,ADCPA
CE05MOAS-GL327-03-ADCPAM000,sysconfig_head_attached,sysconfig_head_attached,,,,1,CE05MOAS,GL327,ADCPA
CE05MOAS-GL327-03-ADCPAM000,sysconfig_vertical_orientation,sysconfig_vertical_orientation,,,,1,CE05MOAS,GL327,ADCPA
CE05MOAS-GL327-03-ADCPAM000,data_flag,data_flag,,,,1,CE05MOAS,GL327,ADCPA
CE05MOAS-GL327-03-ADCPAM000,lag_length,lag_length,,,,s,CE05MOAS,GL327,ADCPA
CE05MOAS-GL327-03-ADCPAM000,num_beams,num_beams,,,,1,CE05MOAS,GL327,ADCPA
CE05MOAS-GL327-03-ADCPAM000,num_cells,num_cells,,,,1,CE05MOAS,GL327,ADCPA
CE05MOAS-GL327-03-ADCPAM000,pings_per_ensemble,pings_per_ensemble,,,,1,CE05MOAS,GL327,ADCPA
CE05MOAS-GL327-03-ADCPAM000,cell_length,cell_length,,,,cm,CE05MOAS,GL327,ADCPA
CE05MOAS-GL327-03-ADCPAM000,blank_after_transmit,blank_after_transmit,,,,cm,CE05MOAS,GL327,ADCPA
CE05MOAS-GL327-03-ADCPAM000,signal_processing_mode,signal_processing_mode,,,,1,CE05MOAS,GL327,ADCPA
CE05MOAS-GL327-03-ADCPAM000,low_corr_threshold,low_corr_threshold,,,,counts,CE05MOAS,GL327,ADCPA
CE05MOAS-GL327-03-ADCPAM000,num_code_repetitions,num_code_repetitions,,,,counts,CE05MOAS,GL327,ADCPA
CE05MOAS-GL327-03-ADCPAM000,percent_good_min,percent_good_min,,,,percent,CE05MOAS,GL327,ADCPA
CE05MOAS-GL327-03-ADCPAM000,error_vel_threshold,error_vel_threshold,,,,mm s-1,CE05MOAS,GL327,ADCPA
CE05MOAS-GL327-03-ADCPAM000,time_per_ping_minutes,time_per_ping_minutes,,,,min,CE05MOAS,GL327,ADCPA
CE05MOAS-GL327-03-ADCPAM000,time_per_ping_seconds,time_per_ping_seconds,,,,s,CE05MOAS,GL327,ADCPA
CE05MOAS-GL327-03-ADCPAM000,coord_transform_type,coord_transform_type,,,,1,CE05MOAS,GL327,ADCPA
CE05MOAS-GL327-03-ADCPAM000,coord_transform_tilts,coord_transform_tilts,,,,1,CE05MOAS,GL327,ADCPA
CE05MOAS-GL327-03-ADCPAM000,coord_transform_beams,coord_transform_beams,,,,1,CE05MOAS,GL327,ADCPA
CE05MOAS-GL327-03-ADCPAM000,coord_transform_mapping,coord_transform_mapping,,,,1,CE05MOAS,GL327,ADCPA
CE05MOAS-GL327-03-ADCPAM000,heading_alignment,heading_alignment,,,,cdegrees,CE05MOAS,GL327,ADCPA
CE05MOAS-GL327-03-ADCPAM000,heading_bias,heading_bias,,,,cdegrees,CE05MOAS,GL327,ADCPA
CE05MOAS-GL327-03-ADCPAM000,sensor_source_speed,sensor_source_speed,,,,1,CE05MOAS,GL327,ADCPA
CE05MOAS-GL327-03-ADCPAM000,sensor_source_depth,sensor_source_depth,,,,1,CE05MOAS,GL327,ADCPA
CE05MOAS-GL327-03-ADCPAM000,sensor_source_heading,sensor_source_heading,,,,1,CE05MOAS,GL327,ADCPA
CE05MOAS-GL327-03-ADCPAM000,sensor_source_pitch,sensor_source_pitch,,,,1,CE05MOAS,GL327,ADCPA
CE05MOAS-GL327-03-ADCPAM000,sensor_source_roll,sensor_source_roll,,,,1,CE05MOAS,GL327,ADCPA
CE05MOAS-GL327-03-ADCPAM000,sensor_source_conductivity,sensor_source_conductivity,,,,1,CE05MOAS,GL327,ADCPA
CE05MOAS-GL327-03-ADCPAM000,sensor_source_temperature,sensor_source_temperature,,,,1,CE05MOAS,GL327,ADCPA
CE05MOAS-GL327-03-ADCPAM000,sensor_available_depth,sensor_available_depth,,,,1,CE05MOAS,GL327,ADCPA
CE05MOAS-GL327-03-ADCPAM000,sensor_available_heading,sensor_available_heading,,,,1,CE05MOAS,GL327,ADCPA
CE05MOAS-GL327-03-ADCPAM000,sensor_available_pitch,sensor_available_pitch,,,,1,CE05MOAS,GL327,ADCPA
CE05MOAS-GL327-03-ADCPAM000,sensor_available_roll,sensor_available_roll,,,,1,CE05MOAS,GL327,ADCPA
CE05MOAS-GL327-03-ADCPAM000,sensor_available_conductivity,sensor_available_conductivity,,,,1,CE05MOAS,GL327,ADCPA
CE05MOAS-GL327-03-ADCPAM000,sensor_available_temperature,sensor_available_temperature,,,,1,CE05MOAS,GL327,ADCPA
CE05MOAS-GL327-03-ADCPAM000,bin_1_distance,bin_1_distance,,,,cm,CE05MOAS,GL327,ADCPA
CE05MOAS-GL327-03-ADCPAM000,transmit_pulse_length,transmit_pulse_length,,,,cm,CE05MOAS,GL327,ADCPA
CE05MOAS-GL327-03-ADCPAM000,reference_layer_start,reference_layer_start,,,,1,CE05MOAS,GL327,ADCPA
CE05MOAS-GL327-03-ADCPAM000,reference_layer_stop,reference_layer_stop,,,,1,CE05MOAS,GL327,ADCPA
CE05MOAS-GL327-03-ADCPAM000,false_target_threshold,false_target_threshold,,,,counts,CE05MOAS,GL327,ADCPA
CE05MOAS-GL327-03-ADCPAM000,transmit_lag_distance,transmit_lag_distance,,,,cm,CE05MOAS,GL327,ADCPA
CE05MOAS-GL327-03-ADCPAM000,system_bandwidth,system_bandwidth,,,,1,CE05MOAS,GL327,ADCPA
CE05MOAS-GL327-03-ADCPAM000,ensemble_number,ensemble_number,,,,1,CE05MOAS,GL327,ADCPA
CE05MOAS-GL327-03-ADCPAM000,ensemble_number_increment,ensemble_number_increment,,,,1,CE05MOAS,GL327,ADCPA
CE05MOAS-GL327-03-ADCPAM000,speed_of_sound,speed_of_sound,,,,m s-1,CE05MOAS,GL327,ADCPA
CE05MOAS-GL327-03-ADCPAM000,transducer_depth,transducer_depth,,,,dm,CE05MOAS,GL327,ADCPA
CE05MOAS-GL327-03-ADCPAM000,heading,heading,,,,cdegrees,CE05MOAS,GL327,ADCPA
CE05MOAS-GL327-03-ADCPAM000,pitch,pitch,,,,cdegrees,CE05MOAS,GL327,ADCPA
CE05MOAS-GL327-03-ADCPAM000,roll,roll,,,,cdegrees,CE05MOAS,GL327,ADCPA
CE05MOAS-GL327-03-ADCPAM000,salinity,salinity,,,,1,CE05MOAS,GL327,ADCPA
CE05MOAS-GL327-03-ADCPAM000,temperature,temperature,,,,cdeg_C,CE05MOAS,GL327,ADCPA
CE05MOAS-GL327-03-ADCPAM000,mpt_minutes,mpt_minutes,,,,min,CE05MOAS,GL327,ADCPA
CE05MOAS-GL327-03-ADCPAM000,mpt_seconds,mpt_seconds,,,,s,CE05MOAS,GL327,ADCPA
CE05MOAS-GL327-03-ADCPAM000,heading_stdev,heading_stdev,,,,degrees,CE05MOAS,GL327,ADCPA
CE05MOAS-GL327-03-ADCPAM000,pitch_stdev,pitch_stdev,,,,ddegrees,CE05MOAS,GL327,ADCPA
CE05MOAS-GL327-03-ADCPAM000,roll_stdev,roll_stdev,,,,ddegrees,CE05MOAS,GL327,ADCPA
CE05MOAS-GL327-03-ADCPAM000,adc_transmit_voltage,adc_transmit_voltage,,,,counts,CE05MOAS,GL327,ADCPA
CE05MOAS-GL327-03-ADCPAM000,time,time,,,ENG,seconds since 1900-01-01,CE05MOAS,GL327,ADCPA
CE05MOAS-GL327-03-ADCPAM000,pressure,pressure,,,,daPa,CE05MOAS,GL327,ADCPA
CE05MOAS-GL327-03-ADCPAM000,pressure_variance,pressure_variance,,,,daPa,CE05MOAS,GL327,ADCPA
CE05MOAS-GL327-03-ADCPAM000,water_velocity_east,water_velocity_east,,,L0,mm s-1,CE05MOAS,GL327,ADCPA
CE05MOAS-GL327-03-ADCPAM000,water_velocity_north,water_velocity_north,,,L0,mm s-1,CE05MOAS,GL327,ADCPA
CE05MOAS-GL327-03-ADCPAM000,water_velocity_up,water_velocity_up,,,L0,mm s-1,CE05MOAS,GL327,ADCPA
CE05MOAS-GL327-03-ADCPAM000,error_velocity,error_velocity,,,L0,mm s-1,CE05MOAS,GL327,ADCPA
CE05MOAS-GL327-03-ADCPAM000,correlation_magnitude_beam1,correlation_magnitude_beam1,,,,1,CE05MOAS,GL327,ADCPA
CE05MOAS-GL327-03-ADCPAM000,correlation_magnitude_beam2,correlation_magnitude_beam2,,,,1,CE05MOAS,GL327,ADCPA
CE05MOAS-GL327-03-ADCPAM000,correlation_magnitude_beam3,correlation_magnitude_beam3,,,,1,CE05MOAS,GL327,ADCPA
CE05MOAS-GL327-03-ADCPAM000,correlation_magnitude_beam4,correlation_magnitude_beam4,,,,1,CE05MOAS,GL327,ADCPA
CE05MOAS-GL327-03-ADCPAM000,echo_intensity_beam1,echo_intensity_beam1,,,L0,counts,CE05MOAS,GL327,ADCPA
CE05MOAS-GL327-03-ADCPAM000,echo_intensity_beam2,echo_intensity_beam2,,,L0,counts,CE05MOAS,GL327,ADCPA
CE05MOAS-GL327-03-ADCPAM000,echo_intensity_beam3,echo_intensity_beam3,,,L0,counts,CE05MOAS,GL327,ADCPA
CE05MOAS-GL327-03-ADCPAM000,echo_intensity_beam4,echo_intensity_beam4,,,L0,counts,CE05MOAS,GL327,ADCPA
CE05MOAS-GL327-03-ADCPAM000,percent_good_3beam,percent_good_3beam,,,,percent,CE05MOAS,GL327,ADCPA
CE05MOAS-GL327-03-ADCPAM000,percent_transforms_reject,percent_transforms_reject,,,,percent,CE05MOAS,GL327,ADCPA
CE05MOAS-GL327-03-ADCPAM000,percent_bad_beams,percent_bad_beams,,,,percent,CE05MOAS,GL327,ADCPA
CE05MOAS-GL327-03-ADCPAM000,percent_good_4beam,percent_good_4beam,,,,percent,CE05MOAS,GL327,ADCPA
CE05MOAS-GL327-03-ADCPAM000,ensemble_start_time,ensemble_start_time,,,,seconds since 1900-01-01,CE05MOAS,GL327,ADCPA
CE05MOAS-GL327-03-ADCPAM000,ingestion_timestamp,ingestion_timestamp,,,ENG,seconds since 1900-01-01,CE05MOAS,GL327,ADCPA
CE05MOAS-GL327-03-ADCPAM000,real_time_clock,real_time_clock,,,,1,CE05MOAS,GL327,ADCPA
CE05MOAS-GL327-04-DOSTAM000,driver_timestamp,driver_timestamp,,,ENG,seconds since 1900-01-01,CE05MOAS,GL327,DOSTA
CE05MOAS-GL327-04-DOSTAM000,internal_timestamp,internal_timestamp,,,ENG,seconds since 1900-01-01,CE05MOAS,GL327,DOSTA
CE05MOAS-GL327-04-DOSTAM000,m_present_secs_into_mission,m_present_secs_into_mission,,,ENG,s,CE05MOAS,GL327,DOSTA
CE05MOAS-GL327-04-DOSTAM000,m_present_time,m_present_time,,,AUX,seconds since 1970-01-01,CE05MOAS,GL327,DOSTA
CE05MOAS-GL327-04-DOSTAM000,sci_m_present_secs_into_mission,sci_m_present_secs_into_mission,,,,s,CE05MOAS,GL327,DOSTA
CE05MOAS-GL327-04-DOSTAM000,sci_m_present_time,sci_m_present_time,,,,seconds since 1970-01-01,CE05MOAS,GL327,DOSTA
CE05MOAS-GL327-04-DOSTAM000,sci_oxy4_c1amp,sci_oxy4_c1amp,,,,mV,CE05MOAS,GL327,DOSTA
CE05MOAS-GL327-04-DOSTAM000,sci_oxy4_c1rph,sci_oxy4_c1rph,,,,degrees,CE05MOAS,GL327,DOSTA
CE05MOAS-GL327-04-DOSTAM000,sci_oxy4_c2amp,sci_oxy4_c2amp,,,,mV,CE05MOAS,GL327,DOSTA
CE05MOAS-GL327-04-DOSTAM000,sci_oxy4_c2rph,sci_oxy4_c2rph,,,,degrees,CE05MOAS,GL327,DOSTA
CE05MOAS-GL327-04-DOSTAM000,sci_oxy4_calphase,sci_oxy4_calphase,,,L0,degrees,CE05MOAS,GL327,DOSTA
CE05MOAS-GL327-04-DOSTAM000,sci_oxy4_oxygen,sci_oxy4_oxygen,0,400,L1,umol L-1,CE05MOAS,GL327,DOSTA
CE05MOAS-GL327-04-DOSTAM000,sci_oxy4_rawtemp,sci_oxy4_rawtemp,,,,mV,CE05MOAS,GL327,DOSTA
CE05MOAS-GL327-04-DOSTAM000,sci_oxy4_saturation,sci_oxy4_saturation,,,,percent,CE05MOAS,GL327,DOSTA
CE05MOAS-GL327-04-DOSTAM000,sci_oxy4_tcphase,sci_oxy4_tcphase,,,,degrees,CE05MOAS,GL327,DOSTA
CE05MOAS-GL327-04-DOSTAM000,sci_oxy4_temp,sci_oxy4_temp,,,,deg_C,CE05MOAS,GL327,DOSTA
CE05MOAS-GL327-04-DOSTAM000,sci_oxy4_timestamp,sci_oxy4_timestamp,,,,1,CE05MOAS,GL327,DOSTA
CE05MOAS-GL327-04-DOSTAM000,sci_water_cond,sci_water_cond,0,6,L1,S m-1,CE05MOAS,GL327,DOSTA
CE05MOAS-GL327-04-DOSTAM000,sci_water_pressure,sci_water_pressure,0,6000,L1,dbar,CE05MOAS,GL327,DOSTA
CE05MOAS-GL327-04-DOSTAM000,sci_water_temp,sci_water_temp,-2,40,L1,deg_C,CE05MOAS,GL327,DOSTA
CE05MOAS-GL327-04-DOSTAM000,preferred_timestamp,preferred_timestamp,,,ENG,1,CE05MOAS,GL327,DOSTA
CE05MOAS-GL327-04-DOSTAM000,sci_abs_oxygen,sci_abs_oxygen,0,400,L2,umol kg-1,CE05MOAS,GL327,DOSTA
CE05MOAS-GL327-04-DOSTAM000,time,time,,,ENG,seconds since 1900-01-01,CE05MOAS,GL327,DOSTA
CE05MOAS-GL327-04-DOSTAM000,ingestion_timestamp,ingestion_timestamp,,,ENG,seconds since 1900-01-01,CE05MOAS,GL327,DOSTA
CE05MOAS-GL327-05-CTDGVM000,driver_timestamp,driver_timestamp,,,ENG,seconds since 1900-01-01,CE05MOAS,GL327,CTDGV
CE05MOAS-GL327-05-CTDGVM000,internal_timestamp,internal_timestamp,,,ENG,seconds since 1900-01-01,CE05MOAS,GL327,CTDGV
CE05MOAS-GL327-05-CTDGVM000,m_present_secs_into_mission,m_present_secs_into_mission,,,ENG,s,CE05MOAS,GL327,CTDGV
CE05MOAS-GL327-05-CTDGVM000,m_present_time,m_present_time,,,AUX,seconds since 1970-01-01,CE05MOAS,GL327,CTDGV
CE05MOAS-GL327-05-CTDGVM000,sci_ctd41cp_timestamp,sci_ctd41cp_timestamp,,,,seconds since 1970-01-01,CE05MOAS,GL327,CTDGV
CE05MOAS-GL327-05-CTDGVM000,sci_m_present_secs_into_mission,sci_m_present_secs_into_mission,,,,s,CE05MOAS,GL327,CTDGV
CE05MOAS-GL327-05-CTDGVM000,sci_m_present_time,sci_m_present_time,,,,seconds since 1970-01-01,CE05MOAS,GL327,CTDGV
CE05MOAS-GL327-05-CTDGVM000,sci_water_cond,sci_water_cond,0,6,L1,S m-1,CE05MOAS,GL327,CTDGV
CE05MOAS-GL327-05-CTDGVM000,sci_water_pressure,sci_water_pressure,0,6000,L1,dbar,CE05MOAS,GL327,CTDGV
CE05MOAS-GL327-05-CTDGVM000,sci_water_temp,sci_water_temp,-2,40,L1,deg_C,CE05MOAS,GL327,CTDGV
CE05MOAS-GL327-05-CTDGVM000,sci_water_pracsal,sci_water_pracsal,0,42,L2,1,CE05MOAS,GL327,CTDGV
CE05MOAS-GL327-05-CTDGVM000,preferred_timestamp,preferred_timestamp,,,ENG,1,CE05MOAS,GL327,CTDGV
CE05MOAS-GL327-05-CTDGVM000,sci_seawater_density,sci_seawater_density,1000,1100,L2,kg m-3,CE05MOAS,GL327,CTDGV
CE05MOAS-GL327-05-CTDGVM000,time,time,,,ENG,seconds since 1900-01-01,CE05MOAS,GL327,CTDGV
CE05MOAS-GL327-05-CTDGVM000,ingestion_timestamp,ingestion_timestamp,,,ENG,seconds since 1900-01-01,CE05MOAS,GL327,CTDGV
CE05MOAS-GL381-01-PARADM000,driver_timestamp,driver_timestamp,,,ENG,seconds since 1900-01-01,CE05MOAS,GL381,PARAD
CE05MOAS-GL381-01-PARADM000,internal_timestamp,internal_timestamp,,,ENG,seconds since 1900-01-01,CE05MOAS,GL381,PARAD
CE05MOAS-GL381-01-PARADM000,m_present_secs_into_mission,m_present_secs_into_mission,,,ENG,s,CE05MOAS,GL381,PARAD
CE05MOAS-GL381-01-PARADM000,m_present_time,m_present_time,,,AUX,seconds since 1970-01-01,CE05MOAS,GL381,PARAD
CE05MOAS-GL381-01-PARADM000,sci_bsipar_par,sci_bsipar_par,0,2500,L1,umol photons m-2 s-1,CE05MOAS,GL381,PARAD
CE05MOAS-GL381-01-PARADM000,sci_bsipar_sensor_volts,sci_bsipar_sensor_volts,,,L0,V,CE05MOAS,GL381,PARAD
CE05MOAS-GL381-01-PARADM000,sci_bsipar_supply_volts,sci_bsipar_supply_volts,,,,V,CE05MOAS,GL381,PARAD
CE05MOAS-GL381-01-PARADM000,sci_bsipar_temp,sci_bsipar_temp,,,,deg_C,CE05MOAS,GL381,PARAD
CE05MOAS-GL381-01-PARADM000,sci_m_present_secs_into_mission,sci_m_present_secs_into_mission,,,,s,CE05MOAS,GL381,PARAD
CE05MOAS-GL381-01-PARADM000,sci_m_present_time,sci_m_present_time,,,,seconds since 1970-01-01,CE05MOAS,GL381,PARAD
CE05MOAS-GL381-01-PARADM000,preferred_timestamp,preferred_timestamp,,,ENG,1,CE05MOAS,GL381,PARAD
CE05MOAS-GL381-01-PARADM000,time,time,,,ENG,seconds since 1900-01-01,CE05MOAS,GL381,PARAD
CE05MOAS-GL381-01-PARADM000,ingestion_timestamp,ingestion_timestamp,,,ENG,seconds since 1900-01-01,CE05MOAS,GL381,PARAD
CE05MOAS-GL381-02-FLORTM000,driver_timestamp,driver_timestamp,,,ENG,seconds since 1900-01-01,CE05MOAS,GL381,FLORT
CE05MOAS-GL381-02-FLORTM000,internal_timestamp,internal_timestamp,,,ENG,seconds since 1900-01-01,CE05MOAS,GL381,FLORT
CE05MOAS-GL381-02-FLORTM000,m_present_secs_into_mission,m_present_secs_into_mission,,,ENG,s,CE05MOAS,GL381,FLORT
CE05MOAS-GL381-02-FLORTM000,m_present_time,m_present_time,,,AUX,seconds since 1970-01-01,CE05MOAS,GL381,FLORT
CE05MOAS-GL381-02-FLORTM000,sci_flbbcd_bb_ref,sci_flbbcd_bb_ref,,,,nm,CE05MOAS,GL381,FLORT
CE05MOAS-GL381-02-FLORTM000,sci_flbbcd_bb_sig,sci_flbbcd_bb_sig,,,,counts,CE05MOAS,GL381,FLORT
CE05MOAS-GL381-02-FLORTM000,sci_flbbcd_bb_units,sci_flbbcd_bb_units,,,L1,m-1 sr-1,CE05MOAS,GL381,FLORT
CE05MOAS-GL381-02-FLORTM000,sci_flbbcd_cdom_ref,sci_flbbcd_cdom_ref,,,,nm,CE05MOAS,GL381,FLORT
CE05MOAS-GL381-02-FLORTM000,sci_flbbcd_cdom_sig,sci_flbbcd_cdom_sig,,,,counts,CE05MOAS,GL381,FLORT
CE05MOAS-GL381-02-FLORTM000,sci_flbbcd_cdom_units,sci_flbbcd_cdom_units,0,375,L1,ppb,CE05MOAS,GL381,FLORT
CE05MOAS-GL381-02-FLORTM000,sci_flbbcd_chlor_ref,sci_flbbcd_chlor_ref,,,,nm,CE05MOAS,GL381,FLORT
CE05MOAS-GL381-02-FLORTM000,sci_flbbcd_chlor_sig,sci_flbbcd_chlor_sig,,,,counts,CE05MOAS,GL381,FLORT
CE05MOAS-GL381-02-FLORTM000,sci_flbbcd_chlor_units,sci_flbbcd_chlor_units,0,50,L1,ug L-1,CE05MOAS,GL381,FLORT
CE05MOAS-GL381-02-FLORTM000,sci_flbbcd_therm,sci_flbbcd_therm,,,ENG,1,CE05MOAS,GL381,FLORT
CE05MOAS-GL381-02-FLORTM000,sci_flbbcd_timestamp,sci_flbbcd_timestamp,,,ENG,seconds since 1970-01-01,CE05MOAS,GL381,FLORT
CE05MOAS-GL381-02-FLORTM000,sci_m_present_secs_into_mission,sci_m_present_secs_into_mission,,,,s,CE05MOAS,GL381,FLORT
CE05MOAS-GL381-02-FLORTM000,sci_m_present_time,sci_m_present_time,,,,seconds since 1970-01-01,CE05MOAS,GL381,FLORT
CE05MOAS-GL381-02-FLORTM000,preferred_timestamp,preferred_timestamp,,,ENG,1,CE05MOAS,GL381,FLORT
CE05MOAS-GL381-02-FLORTM000,flort_m_bback_total,flort_m_bback_total,0.0003,1,L2,m-1,CE05MOAS,GL381,FLORT
CE05MOAS-GL381-02-FLORTM000,flort_m_scat_seawater,flort_m_scat_seawater,,,AUX,m-1,CE05MOAS,GL381,FLORT
CE05MOAS-GL381-02-FLORTM000,time,time,,,ENG,seconds since 1900-01-01,CE05MOAS,GL381,FLORT
CE05MOAS-GL381-02-FLORTM000,ingestion_timestamp,ingestion_timestamp,,,ENG,seconds since 1900-01-01,CE05MOAS,GL381,FLORT
CE05MOAS-GL381-03-ADCPAM000,bin_depths,bin_depths,,,,m,CE05MOAS,GL381,ADCPA
CE05MOAS-GL381-03-ADCPAM000,driver_timestamp,driver_timestamp,,,ENG,seconds since 1900-01-01,CE05MOAS,GL381,ADCPA
CE05MOAS-GL381-03-ADCPAM000,bt_pings_per_ensemble,bt_pings_per_ensemble,,,,1,CE05MOAS,GL381,ADCPA
CE05MOAS-GL381-03-ADCPAM000,bt_delay_before_reacquire,bt_delay_before_reacquire,,,,1,CE05MOAS,GL381,ADCPA
CE05MOAS-GL381-03-ADCPAM000,bt_corr_magnitude_min,bt_corr_magnitude_min,,,,counts,CE05MOAS,GL381,ADCPA
CE05MOAS-GL381-03-ADCPAM000,bt_eval_magnitude_min,bt_eval_magnitude_min,,,,counts,CE05MOAS,GL381,ADCPA
CE05MOAS-GL381-03-ADCPAM000,bt_percent_good_min,bt_percent_good_min,,,,percent,CE05MOAS,GL381,ADCPA
CE05MOAS-GL381-03-ADCPAM000,bt_mode,bt_mode,,,,1,CE05MOAS,GL381,ADCPA
CE05MOAS-GL381-03-ADCPAM000,bt_error_velocity_max,bt_error_velocity_max,,,,mm s-1,CE05MOAS,GL381,ADCPA
CE05MOAS-GL381-03-ADCPAM000,bt_beam1_range,bt_beam1_range,,,,cm,CE05MOAS,GL381,ADCPA
CE05MOAS-GL381-03-ADCPAM000,bt_beam2_range,bt_beam2_range,,,,cm,CE05MOAS,GL381,ADCPA
CE05MOAS-GL381-03-ADCPAM000,bt_beam3_range,bt_beam3_range,,,,cm,CE05MOAS,GL381,ADCPA
CE05MOAS-GL381-03-ADCPAM000,bt_beam4_range,bt_beam4_range,,,,cm,CE05MOAS,GL381,ADCPA
CE05MOAS-GL381-03-ADCPAM000,bt_eastward_velocity,bt_eastward_velocity,,,,mm s-1,CE05MOAS,GL381,ADCPA
CE05MOAS-GL381-03-ADCPAM000,bt_northward_velocity,bt_northward_velocity,,,,mm s-1,CE05MOAS,GL381,ADCPA
CE05MOAS-GL381-03-ADCPAM000,bt_upward_velocity,bt_upward_velocity,,,,mm s-1,CE05MOAS,GL381,ADCPA
CE05MOAS-GL381-03-ADCPAM000,bt_error_velocity,bt_error_velocity,,,,mm s-1,CE05MOAS,GL381,ADCPA
CE05MOAS-GL381-03-ADCPAM000,bt_beam1_correlation,bt_beam1_correlation,,,,counts,CE05MOAS,GL381,ADCPA
CE05MOAS-GL381-03-ADCPAM000,bt_beam2_correlation,bt_beam2_correlation,,,,counts,CE05MOAS,GL381,ADCPA
CE05MOAS-GL381-03-ADCPAM000,bt_beam3_correlation,bt_beam3_correlation,,,,counts,CE05MOAS,GL381,ADCPA
CE05MOAS-GL381-03-ADCPAM000,bt_beam4_correlation,bt_beam4_correlation,,,,counts,CE05MOAS,GL381,ADCPA
CE05MOAS-GL381-03-ADCPAM000,bt_beam1_eval_amp,bt_beam1_eval_amp,,,,counts,CE05MOAS,GL381,ADCPA
CE05MOAS-GL381-03-ADCPAM000,bt_beam2_eval_amp,bt_beam2_eval_amp,,,,counts,CE05MOAS,GL381,ADCPA
CE05MOAS-GL381-03-ADCPAM000,bt_beam3_eval_amp,bt_beam3_eval_amp,,,,counts,CE05MOAS,GL381,ADCPA
CE05MOAS-GL381-03-ADCPAM000,bt_beam4_eval_amp,bt_beam4_eval_amp,,,,counts,CE05MOAS,GL381,ADCPA
CE05MOAS-GL381-03-ADCPAM000,bt_beam1_percent_good,bt_beam1_percent_good,,,,percent,CE05MOAS,GL381,ADCPA
CE05MOAS-GL381-03-ADCPAM000,bt_beam2_percent_good,bt_beam2_percent_good,,,,percent,CE05MOAS,GL381,ADCPA
CE05MOAS-GL381-03-ADCPAM000,bt_beam3_percent_good,bt_beam3_percent_good,,,,percent,CE05MOAS,GL381,ADCPA
CE05MOAS-GL381-03-ADCPAM000,bt_beam4_percent_good,bt_beam4_percent_good,,,,percent,CE05MOAS,GL381,ADCPA
CE05MOAS-GL381-03-ADCPAM000,bt_ref_layer_min,bt_ref_layer_min,,,,dm,CE05MOAS,GL381,ADCPA
CE05MOAS-GL381-03-ADCPAM000,bt_ref_layer_near,bt_ref_layer_near,,,,dm,CE05MOAS,GL381,ADCPA
CE05MOAS-GL381-03-ADCPAM000,bt_ref_layer_far,bt_ref_layer_far,,,,dm,CE05MOAS,GL381,ADCPA
CE05MOAS-GL381-03-ADCPAM000,bt_eastward_ref_layer_velocity,bt_eastward_ref_layer_velocity,,,,mm s-1,CE05MOAS,GL381,ADCPA
CE05MOAS-GL381-03-ADCPAM000,bt_northward_ref_layer_velocity,bt_northward_ref_layer_velocity,,,,mm s-1,CE05MOAS,GL381,ADCPA
CE05MOAS-GL381-03-ADCPAM000,bt_upward_ref_layer_velocity,bt_upward_ref_layer_velocity,,,,mm s-1,CE05MOAS,GL381,ADCPA
CE05MOAS-GL381-03-ADCPAM000,bt_error_ref_layer_velocity,bt_error_ref_layer_velocity,,,,mm s-1,CE05MOAS,GL381,ADCPA
CE05MOAS-GL381-03-ADCPAM000,bt_beam1_ref_correlation,bt_beam1_ref_correlation,,,,counts,CE05MOAS,GL381,ADCPA
CE05MOAS-GL381-03-ADCPAM000,bt_beam2_ref_correlation,bt_beam2_ref_correlation,,,,counts,CE05MOAS,GL381,ADCPA
CE05MOAS-GL381-03-ADCPAM000,bt_beam3_ref_correlation,bt_beam3_ref_correlation,,,,counts,CE05MOAS,GL381,ADCPA
CE05MOAS-GL381-03-ADCPAM000,bt_beam4_ref_correlation,bt_beam4_ref_correlation,,,,counts,CE05MOAS,GL381,ADCPA
CE05MOAS-GL381-03-ADCPAM000,bt_beam1_ref_intensity,bt_beam1_ref_intensity,,,,counts,CE05MOAS,GL381,ADCPA
CE05MOAS-GL381-03-ADCPAM000,bt_beam2_ref_intensity,bt_beam2_ref_intensity,,,,counts,CE05MOAS,GL381,ADCPA
CE05MOAS-GL381-03-ADCPAM000,internal_timestamp,internal_timestamp,,,ENG,seconds since 1900-01-01,CE05MOAS,GL381,ADCPA
CE05MOAS-GL381-03-ADCPAM000,bt_beam3_ref_intensity,bt_beam3_ref_intensity,,,,counts,CE05MOAS,GL381,ADCPA
CE05MOAS-GL381-03-ADCPAM000,bt_beam4_ref_intensity,bt_beam4_ref_intensity,,,,counts,CE05MOAS,GL381,ADCPA
CE05MOAS-GL381-03-ADCPAM000,bt_beam1_ref_percent_good,bt_beam1_ref_percent_good,,,,percent,CE05MOAS,GL381,ADCPA
CE05MOAS-GL381-03-ADCPAM000,bt_beam2_ref_percent_good,bt_beam2_ref_percent_good,,,,percent,CE05MOAS,GL381,ADCPA
CE05MOAS-GL381-03-ADCPAM000,bt_beam3_ref_percent_good,bt_beam3_ref_percent_good,,,,percent,CE05MOAS,GL381,ADCPA
CE05MOAS-GL381-03-ADCPAM000,bt_beam4_ref_percent_good,bt_beam4_ref_percent_good,,,,percent,CE05MOAS,GL381,ADCPA
CE05MOAS-GL381-03-ADCPAM000,bt_max_depth,bt_max_depth,,,,dm,CE05MOAS,GL381,ADCPA
CE05MOAS-GL381-03-ADCPAM000,bt_beam1_rssi_amplitude,bt_beam1_rssi_amplitude,,,,counts,CE05MOAS,GL381,ADCPA
CE05MOAS-GL381-03-ADCPAM000,bt_beam2_rssi_amplitude,bt_beam2_rssi_amplitude,,,,counts,CE05MOAS,GL381,ADCPA
CE05MOAS-GL381-03-ADCPAM000,bt_beam3_rssi_amplitude,bt_beam3_rssi_amplitude,,,,counts,CE05MOAS,GL381,ADCPA
CE05MOAS-GL381-03-ADCPAM000,bt_beam4_rssi_amplitude,bt_beam4_rssi_amplitude,,,,counts,CE05MOAS,GL381,ADCPA
CE05MOAS-GL381-03-ADCPAM000,bt_gain,bt_gain,,,,1,CE05MOAS,GL381,ADCPA
CE05MOAS-GL381-03-ADCPAM000,preferred_timestamp,preferred_timestamp,,,ENG,1,CE05MOAS,GL381,ADCPA
CE05MOAS-GL381-03-ADCPAM000,sensor_available_speed,sensor_available_speed,,,,1,CE05MOAS,GL381,ADCPA
CE05MOAS-GL381-03-ADCPAM000,sensor_source_temperature_eu,sensor_source_temperature_eu,,,,1,CE05MOAS,GL381,ADCPA
CE05MOAS-GL381-03-ADCPAM000,sensor_available_temperature_eu,sensor_available_temperature_eu,,,,1,CE05MOAS,GL381,ADCPA
CE05MOAS-GL381-03-ADCPAM000,bit_error_number,bit_error_number,,,,1,CE05MOAS,GL381,ADCPA
CE05MOAS-GL381-03-ADCPAM000,bit_error_count,bit_error_count,,,,counts,CE05MOAS,GL381,ADCPA
CE05MOAS-GL381-03-ADCPAM000,sysconfig_beam_angle,sysconfig_beam_angle,,,,1,CE05MOAS,GL381,ADCPA
CE05MOAS-GL381-03-ADCPAM000,sysconfig_beam_config,sysconfig_beam_config,,,,1,CE05MOAS,GL381,ADCPA
CE05MOAS-GL381-03-ADCPAM000,adcpa_m_upward_seawater_velocity,adcpa_m_upward_seawater_velocity,-1,1,L1,m s-1,CE05MOAS,GL381,ADCPA
CE05MOAS-GL381-03-ADCPAM000,adcpa_m_error_velocity,adcpa_m_error_velocity,-1,1,L1,m s-1,CE05MOAS,GL381,ADCPA
CE05MOAS-GL381-03-ADCPAM000,adcpa_m_eastward_seawater_velocity,adcpa_m_eastward_seawater_velocity,-3,3,L1,m s-1,CE05MOAS,GL381,ADCPA
CE05MOAS-GL381-03-ADCPAM000,adcpa_m_northward_seawater_velocity,adcpa_m_northward_seawater_velocity,-3,3,L1,m s-1,CE05MOAS,GL381,ADCPA
CE05MOAS-GL381-03-ADCPAM000,adcpa_m_echo_intensity_beam1,adcpa_m_echo_intensity_beam1,0,255,L1,dB,CE05MOAS,GL381,ADCPA
CE05MOAS-GL381-03-ADCPAM000,adcpa_m_echo_intensity_beam2,adcpa_m_echo_intensity_beam2,0,255,L1,dB,CE05MOAS,GL381,ADCPA
CE05MOAS-GL381-03-ADCPAM000,adcpa_m_echo_intensity_beam3,adcpa_m_echo_intensity_beam3,0,255,L1,dB,CE05MOAS,GL381,ADCPA
CE05MOAS-GL381-03-ADCPAM000,adcpa_m_echo_intensity_beam4,adcpa_m_echo_intensity_beam4,0,255,L1,dB,CE05MOAS,GL381,ADCPA
CE05MOAS-GL381-03-ADCPAM000,serial_number,serial_number,,,ENG,1,CE05MOAS,GL381,ADCPA
CE05MOAS-GL381-03-ADCPAM000,firmware_version,firmware_version,,,,1,CE05MOAS,GL381,ADCPA
CE05MOAS-GL381-03-ADCPAM000,firmware_revision,firmware_revision,,,,1,CE05MOAS,GL381,ADCPA
CE05MOAS-GL381-03-ADCPAM000,sysconfig_frequency,sysconfig_frequency,,,,kHz,CE05MOAS,GL381,ADCPA
CE05MOAS-GL381-03-ADCPAM000,sysconfig_beam_pattern,sysconfig_beam_pattern,,,,1,CE05MOAS,GL381,ADCPA
CE05MOAS-GL381-03-ADCPAM000,sysconfig_sensor_config,sysconfig_sensor_config,,,,1,CE05MOAS,GL381,ADCPA
CE05MOAS-GL381-03-ADCPAM000,sysconfig_head_attached,sysconfig_head_attached,,,,1,CE05MOAS,GL381,ADCPA
CE05MOAS-GL381-03-ADCPAM000,sysconfig_vertical_orientation,sysconfig_vertical_orientation,,,,1,CE05MOAS,GL381,ADCPA
CE05MOAS-GL381-03-ADCPAM000,data_flag,data_flag,,,,1,CE05MOAS,GL381,ADCPA
CE05MOAS-GL381-03-ADCPAM000,lag_length,lag_length,,,,s,CE05MOAS,GL381,ADCPA
CE05MOAS-GL381-03-ADCPAM000,num_beams,num_beams,,,,1,CE05MOAS,GL381,ADCPA
CE05MOAS-GL381-03-ADCPAM000,num_cells,num_cells,,,,1,CE05MOAS,GL381,ADCPA
CE05MOAS-GL381-03-ADCPAM000,pings_per_ensemble,pings_per_ensemble,,,,1,CE05MOAS,GL381,ADCPA
CE05MOAS-GL381-03-ADCPAM000,cell_length,cell_length,,,,cm,CE05MOAS,GL381,ADCPA
CE05MOAS-GL381-03-ADCPAM000,blank_after_transmit,blank_after_transmit,,,,cm,CE05MOAS,GL381,ADCPA
CE05MOAS-GL381-03-ADCPAM000,signal_processing_mode,signal_processing_mode,,,,1,CE05MOAS,GL381,ADCPA
CE05MOAS-GL381-03-ADCPAM000,low_corr_threshold,low_corr_threshold,,,,counts,CE05MOAS,GL381,ADCPA
CE05MOAS-GL381-03-ADCPAM000,num_code_repetitions,num_code_repetitions,,,,counts,CE05MOAS,GL381,ADCPA
CE05MOAS-GL381-03-ADCPAM000,percent_good_min,percent_good_min,,,,percent,CE05MOAS,GL381,ADCPA
CE05MOAS-GL381-03-ADCPAM000,error_vel_threshold,error_vel_threshold,,,,mm s-1,CE05MOAS,GL381,ADCPA
CE05MOAS-GL381-03-ADCPAM000,time_per_ping_minutes,time_per_ping_minutes,,,,min,CE05MOAS,GL381,ADCPA
CE05MOAS-GL381-03-ADCPAM000,time_per_ping_seconds,time_per_ping_seconds,,,,s,CE05MOAS,GL381,ADCPA
CE05MOAS-GL381-03-ADCPAM000,coord_transform_type,coord_transform_type,,,,1,CE05MOAS,GL381,ADCPA
CE05MOAS-GL381-03-ADCPAM000,coord_transform_tilts,coord_transform_tilts,,,,1,CE05MOAS,GL381,ADCPA
CE05MOAS-GL381-03-ADCPAM000,coord_transform_beams,coord_transform_beams,,,,1,CE05MOAS,GL381,ADCPA
CE05MOAS-GL381-03-ADCPAM000,coord_transform_mapping,coord_transform_mapping,,,,1,CE05MOAS,GL381,ADCPA
CE05MOAS-GL381-03-ADCPAM000,heading_alignment,heading_alignment,,,,cdegrees,CE05MOAS,GL381,ADCPA
CE05MOAS-GL381-03-ADCPAM000,heading_bias,heading_bias,,,,cdegrees,CE05MOAS,GL381,ADCPA
CE05MOAS-GL381-03-ADCPAM000,sensor_source_speed,sensor_source_speed,,,,1,CE05MOAS,GL381,ADCPA
CE05MOAS-GL381-03-ADCPAM000,sensor_source_depth,sensor_source_depth,,,,1,CE05MOAS,GL381,ADCPA
CE05MOAS-GL381-03-ADCPAM000,sensor_source_heading,sensor_source_heading,,,,1,CE05MOAS,GL381,ADCPA
CE05MOAS-GL381-03-ADCPAM000,sensor_source_pitch,sensor_source_pitch,,,,1,CE05MOAS,GL381,ADCPA
CE05MOAS-GL381-03-ADCPAM000,sensor_source_roll,sensor_source_roll,,,,1,CE05MOAS,GL381,ADCPA
CE05MOAS-GL381-03-ADCPAM000,sensor_source_conductivity,sensor_source_conductivity,,,,1,CE05MOAS,GL381,ADCPA
CE05MOAS-GL381-03-ADCPAM000,sensor_source_temperature,sensor_source_temperature,,,,1,CE05MOAS,GL381,ADCPA
CE05MOAS-GL381-03-ADCPAM000,sensor_available_depth,sensor_available_depth,,,,1,CE05MOAS,GL381,ADCPA
CE05MOAS-GL381-03-ADCPAM000,sensor_available_heading,sensor_available_heading,,,,1,CE05MOAS,GL381,ADCPA
CE05MOAS-GL381-03-ADCPAM000,sensor_available_pitch,sensor_available_pitch,,,,1,CE05MOAS,GL381,ADCPA
CE05MOAS-GL381-03-ADCPAM000,sensor_available_roll,sensor_available_roll,,,,1,CE05MOAS,GL381,ADCPA
CE05MOAS-GL381-03-ADCPAM000,sensor_available_conductivity,sensor_available_conductivity,,,,1,CE05MOAS,GL381,ADCPA
CE05MOAS-GL381-03-ADCPAM000,sensor_available_temperature,sensor_available_temperature,,,,1,CE05MOAS,GL381,ADCPA
CE05MOAS-GL381-03-ADCPAM000,bin_1_distance,bin_1_distance,,,,cm,CE05MOAS,GL381,ADCPA
CE05MOAS-GL381-03-ADCPAM000,transmit_pulse_length,transmit_pulse_length,,,,cm,CE05MOAS,GL381,ADCPA
CE05MOAS-GL381-03-ADCPAM000,reference_layer_start,reference_layer_start,,,,1,CE05MOAS,GL381,ADCPA
CE05MOAS-GL381-03-ADCPAM000,reference_layer_stop,reference_layer_stop,,,,1,CE05MOAS,GL381,ADCPA
CE05MOAS-GL381-03-ADCPAM000,false_target_threshold,false_target_threshold,,,,counts,CE05MOAS,GL381,ADCPA
CE05MOAS-GL381-03-ADCPAM000,transmit_lag_distance,transmit_lag_distance,,,,cm,CE05MOAS,GL381,ADCPA
CE05MOAS-GL381-03-ADCPAM000,system_bandwidth,system_bandwidth,,,,1,CE05MOAS,GL381,ADCPA
CE05MOAS-GL381-03-ADCPAM000,ensemble_number,ensemble_number,,,,1,CE05MOAS,GL381,ADCPA
CE05MOAS-GL381-03-ADCPAM000,ensemble_number_increment,ensemble_number_increment,,,,1,CE05MOAS,GL381,ADCPA
CE05MOAS-GL381-03-ADCPAM000,speed_of_sound,speed_of_sound,,,,m s-1,CE05MOAS,GL381,ADCPA
CE05MOAS-GL381-03-ADCPAM000,transducer_depth,transducer_depth,,,,dm,CE05MOAS,GL381,ADCPA
CE05MOAS-GL381-03-ADCPAM000,heading,heading,,,,cdegrees,CE05MOAS,GL381,ADCPA
CE05MOAS-GL381-03-ADCPAM000,pitch,pitch,,,,cdegrees,CE05MOAS,GL381,ADCPA
CE05MOAS-GL381-03-ADCPAM000,roll,roll,,,,cdegrees,CE05MOAS,GL381,ADCPA
CE05MOAS-GL381-03-ADCPAM000,salinity,salinity,,,,1,CE05MOAS,GL381,ADCPA
CE05MOAS-GL381-03-ADCPAM000,temperature,temperature,,,,cdeg_C,CE05MOAS,GL381,ADCPA
CE05MOAS-GL381-03-ADCPAM000,mpt_minutes,mpt_minutes,,,,min,CE05MOAS,GL381,ADCPA
CE05MOAS-GL381-03-ADCPAM000,mpt_seconds,mpt_seconds,,,,s,CE05MOAS,GL381,ADCPA
CE05MOAS-GL381-03-ADCPAM000,heading_stdev,heading_stdev,,,,degrees,CE05MOAS,GL381,ADCPA
CE05MOAS-GL381-03-ADCPAM000,pitch_stdev,pitch_stdev,,,,ddegrees,CE05MOAS,GL381,ADCPA
CE05MOAS-GL381-03-ADCPAM000,roll_stdev,roll_stdev,,,,ddegrees,CE05MOAS,GL381,ADCPA
CE05MOAS-GL381-03-ADCPAM000,adc_transmit_voltage,adc_transmit_voltage,,,,counts,CE05MOAS,GL381,ADCPA
CE05MOAS-GL381-03-ADCPAM000,time,time,,,ENG,seconds since 1900-01-01,CE05MOAS,GL381,ADCPA
CE05MOAS-GL381-03-ADCPAM000,pressure,pressure,,,,daPa,CE05MOAS,GL381,ADCPA
CE05MOAS-GL381-03-ADCPAM000,pressure_variance,pressure_variance,,,,daPa,CE05MOAS,GL381,ADCPA
CE05MOAS-GL381-03-ADCPAM000,water_velocity_east,water_velocity_east,,,L0,mm s-1,CE05MOAS,GL381,ADCPA
CE05MOAS-GL381-03-ADCPAM000,water_velocity_north,water_velocity_north,,,L0,mm s-1,CE05MOAS,GL381,ADCPA
CE05MOAS-GL381-03-ADCPAM000,water_velocity_up,water_velocity_up,,,L0,mm s-1,CE05MOAS,GL381,ADCPA
CE05MOAS-GL381-03-ADCPAM000,error_velocity,error_velocity,,,L0,mm s-1,CE05MOAS,GL381,ADCPA
CE05MOAS-GL381-03-ADCPAM000,correlation_magnitude_beam1,correlation_magnitude_beam1,,,,1,CE05MOAS,GL381,ADCPA
CE05MOAS-GL381-03-ADCPAM000,correlation_magnitude_beam2,correlation_magnitude_beam2,,,,1,CE05MOAS,GL381,ADCPA
CE05MOAS-GL381-03-ADCPAM000,correlation_magnitude_beam3,correlation_magnitude_beam3,,,,1,CE05MOAS,GL381,ADCPA
CE05MOAS-GL381-03-ADCPAM000,correlation_magnitude_beam4,correlation_magnitude_beam4,,,,1,CE05MOAS,GL381,ADCPA
CE05MOAS-GL381-03-ADCPAM000,echo_intensity_beam1,echo_intensity_beam1,,,L0,counts,CE05MOAS,GL381,ADCPA
CE05MOAS-GL381-03-ADCPAM000,echo_intensity_beam2,echo_intensity_beam2,,,L0,counts,CE05MOAS,GL381,ADCPA
CE05MOAS-GL381-03-ADCPAM000,echo_intensity_beam3,echo_intensity_beam3,,,L0,counts,CE05MOAS,GL381,ADCPA
CE05MOAS-GL381-03-ADCPAM000,echo_intensity_beam4,echo_intensity_beam4,,,L0,counts,CE05MOAS,GL381,ADCPA
CE05MOAS-GL381-03-ADCPAM000,percent_good_3beam,percent_good_3beam,,,,percent,CE05MOAS,GL381,ADCPA
CE05MOAS-GL381-03-ADCPAM000,percent_transforms_reject,percent_transforms_reject,,,,percent,CE05MOAS,GL381,ADCPA
CE05MOAS-GL381-03-ADCPAM000,percent_bad_beams,percent_bad_beams,,,,percent,CE05MOAS,GL381,ADCPA
CE05MOAS-GL381-03-ADCPAM000,percent_good_4beam,percent_good_4beam,,,,percent,CE05MOAS,GL381,ADCPA
CE05MOAS-GL381-03-ADCPAM000,ensemble_start_time,ensemble_start_time,,,,seconds since 1900-01-01,CE05MOAS,GL381,ADCPA
CE05MOAS-GL381-03-ADCPAM000,ingestion_timestamp,ingestion_timestamp,,,ENG,seconds since 1900-01-01,CE05MOAS,GL381,ADCPA
CE05MOAS-GL381-03-ADCPAM000,real_time_clock,real_time_clock,,,,1,CE05MOAS,GL381,ADCPA
CE05MOAS-GL381-04-DOSTAM000,driver_timestamp,driver_timestamp,,,ENG,seconds since 1900-01-01,CE05MOAS,GL381,DOSTA
CE05MOAS-GL381-04-DOSTAM000,internal_timestamp,internal_timestamp,,,ENG,seconds since 1900-01-01,CE05MOAS,GL381,DOSTA
CE05MOAS-GL381-04-DOSTAM000,m_present_secs_into_mission,m_present_secs_into_mission,,,ENG,s,CE05MOAS,GL381,DOSTA
CE05MOAS-GL381-04-DOSTAM000,m_present_time,m_present_time,,,AUX,seconds since 1970-01-01,CE05MOAS,GL381,DOSTA
CE05MOAS-GL381-04-DOSTAM000,sci_m_present_secs_into_mission,sci_m_present_secs_into_mission,,,,s,CE05MOAS,GL381,DOSTA
CE05MOAS-GL381-04-DOSTAM000,sci_m_present_time,sci_m_present_time,,,,seconds since 1970-01-01,CE05MOAS,GL381,DOSTA
CE05MOAS-GL381-04-DOSTAM000,sci_oxy4_c1amp,sci_oxy4_c1amp,,,,mV,CE05MOAS,GL381,DOSTA
CE05MOAS-GL381-04-DOSTAM000,sci_oxy4_c1rph,sci_oxy4_c1rph,,,,degrees,CE05MOAS,GL381,DOSTA
CE05MOAS-GL381-04-DOSTAM000,sci_oxy4_c2amp,sci_oxy4_c2amp,,,,mV,CE05MOAS,GL381,DOSTA
CE05MOAS-GL381-04-DOSTAM000,sci_oxy4_c2rph,sci_oxy4_c2rph,,,,degrees,CE05MOAS,GL381,DOSTA
CE05MOAS-GL381-04-DOSTAM000,sci_oxy4_calphase,sci_oxy4_calphase,,,L0,degrees,CE05MOAS,GL381,DOSTA
CE05MOAS-GL381-04-DOSTAM000,sci_oxy4_oxygen,sci_oxy4_oxygen,0,400,L1,umol L-1,CE05MOAS,GL381,DOSTA
CE05MOAS-GL381-04-DOSTAM000,sci_oxy4_rawtemp,sci_oxy4_rawtemp,,,,mV,CE05MOAS,GL381,DOSTA
CE05MOAS-GL381-04-DOSTAM000,sci_oxy4_saturation,sci_oxy4_saturation,,,,percent,CE05MOAS,GL381,DOSTA
CE05MOAS-GL381-04-DOSTAM000,sci_oxy4_tcphase,sci_oxy4_tcphase,,,,degrees,CE05MOAS,GL381,DOSTA
CE05MOAS-GL381-04-DOSTAM000,sci_oxy4_temp,sci_oxy4_temp,,,,deg_C,CE05MOAS,GL381,DOSTA
CE05MOAS-GL381-04-DOSTAM000,sci_oxy4_timestamp,sci_oxy4_timestamp,,,,1,CE05MOAS,GL381,DOSTA
CE05MOAS-GL381-04-DOSTAM000,sci_water_cond,sci_water_cond,0,6,L1,S m-1,CE05MOAS,GL381,DOSTA
CE05MOAS-GL381-04-DOSTAM000,sci_water_pressure,sci_water_pressure,0,6000,L1,dbar,CE05MOAS,GL381,DOSTA
CE05MOAS-GL381-04-DOSTAM000,sci_water_temp,sci_water_temp,-2,40,L1,deg_C,CE05MOAS,GL381,DOSTA
CE05MOAS-GL381-04-DOSTAM000,preferred_timestamp,preferred_timestamp,,,ENG,1,CE05MOAS,GL381,DOSTA
CE05MOAS-GL381-04-DOSTAM000,sci_abs_oxygen,sci_abs_oxygen,0,400,L2,umol kg-1,CE05MOAS,GL381,DOSTA
CE05MOAS-GL381-04-DOSTAM000,time,time,,,ENG,seconds since 1900-01-01,CE05MOAS,GL381,DOSTA
CE05MOAS-GL381-04-DOSTAM000,ingestion_timestamp,ingestion_timestamp,,,ENG,seconds since 1900-01-01,CE05MOAS,GL381,DOSTA
CE05MOAS-GL381-05-CTDGVM000,driver_timestamp,driver_timestamp,,,ENG,seconds since 1900-01-01,CE05MOAS,GL381,CTDGV
CE05MOAS-GL381-05-CTDGVM000,internal_timestamp,internal_timestamp,,,ENG,seconds since 1900-01-01,CE05MOAS,GL381,CTDGV
CE05MOAS-GL381-05-CTDGVM000,m_present_secs_into_mission,m_present_secs_into_mission,,,ENG,s,CE05MOAS,GL381,CTDGV
CE05MOAS-GL381-05-CTDGVM000,m_present_time,m_present_time,,,AUX,seconds since 1970-01-01,CE05MOAS,GL381,CTDGV
CE05MOAS-GL381-05-CTDGVM000,sci_ctd41cp_timestamp,sci_ctd41cp_timestamp,,,,seconds since 1970-01-01,CE05MOAS,GL381,CTDGV
CE05MOAS-GL381-05-CTDGVM000,sci_m_present_secs_into_mission,sci_m_present_secs_into_mission,,,,s,CE05MOAS,GL381,CTDGV
CE05MOAS-GL381-05-CTDGVM000,sci_m_present_time,sci_m_present_time,,,,seconds since 1970-01-01,CE05MOAS,GL381,CTDGV
CE05MOAS-GL381-05-CTDGVM000,sci_water_cond,sci_water_cond,0,6,L1,S m-1,CE05MOAS,GL381,CTDGV
CE05MOAS-GL381-05-CTDGVM000,sci_water_pressure,sci_water_pressure,0,6000,L1,dbar,CE05MOAS,GL381,CTDGV
CE05MOAS-GL381-05-CTDGVM000,sci_water_temp,sci_water_temp,-2,40,L1,deg_C,CE05MOAS,GL381,CTDGV
CE05MOAS-GL381-05-CTDGVM000,sci_water_pracsal,sci_water_pracsal,0,42,L2,1,CE05MOAS,GL381,CTDGV
CE05MOAS-GL381-05-CTDGVM000,preferred_timestamp,preferred_timestamp,,,ENG,1,CE05MOAS,GL381,CTDGV
CE05MOAS-GL381-05-CTDGVM000,sci_seawater_density,sci_seawater_density,1000,1100,L2,kg m-3,CE05MOAS,GL381,CTDGV
CE05MOAS-GL381-05-CTDGVM000,time,time,,,ENG,seconds since 1900-01-01,CE05MOAS,GL381,CTDGV
CE05MOAS-GL381-05-CTDGVM000,ingestion_timestamp,ingestion_timestamp,,,ENG,seconds since 1900-01-01,CE05MOAS,GL381,CTDGV
CE05MOAS-GL382-01-PARADM000,driver_timestamp,driver_timestamp,,,ENG,seconds since 1900-01-01,CE05MOAS,GL382,PARAD
CE05MOAS-GL382-01-PARADM000,internal_timestamp,internal_timestamp,,,ENG,seconds since 1900-01-01,CE05MOAS,GL382,PARAD
CE05MOAS-GL382-01-PARADM000,m_present_secs_into_mission,m_present_secs_into_mission,,,ENG,s,CE05MOAS,GL382,PARAD
CE05MOAS-GL382-01-PARADM000,m_present_time,m_present_time,,,AUX,seconds since 1970-01-01,CE05MOAS,GL382,PARAD
CE05MOAS-GL382-01-PARADM000,sci_bsipar_par,sci_bsipar_par,0,2500,L1,umol photons m-2 s-1,CE05MOAS,GL382,PARAD
CE05MOAS-GL382-01-PARADM000,sci_bsipar_sensor_volts,sci_bsipar_sensor_volts,,,L0,V,CE05MOAS,GL382,PARAD
CE05MOAS-GL382-01-PARADM000,sci_bsipar_supply_volts,sci_bsipar_supply_volts,,,,V,CE05MOAS,GL382,PARAD
CE05MOAS-GL382-01-PARADM000,sci_bsipar_temp,sci_bsipar_temp,,,,deg_C,CE05MOAS,GL382,PARAD
CE05MOAS-GL382-01-PARADM000,sci_m_present_secs_into_mission,sci_m_present_secs_into_mission,,,,s,CE05MOAS,GL382,PARAD
CE05MOAS-GL382-01-PARADM000,sci_m_present_time,sci_m_present_time,,,,seconds since 1970-01-01,CE05MOAS,GL382,PARAD
CE05MOAS-GL382-01-PARADM000,preferred_timestamp,preferred_timestamp,,,ENG,1,CE05MOAS,GL382,PARAD
CE05MOAS-GL382-01-PARADM000,time,time,,,ENG,seconds since 1900-01-01,CE05MOAS,GL382,PARAD
CE05MOAS-GL382-01-PARADM000,ingestion_timestamp,ingestion_timestamp,,,ENG,seconds since 1900-01-01,CE05MOAS,GL382,PARAD
CE05MOAS-GL382-02-FLORTM000,driver_timestamp,driver_timestamp,,,ENG,seconds since 1900-01-01,CE05MOAS,GL382,FLORT
CE05MOAS-GL382-02-FLORTM000,internal_timestamp,internal_timestamp,,,ENG,seconds since 1900-01-01,CE05MOAS,GL382,FLORT
CE05MOAS-GL382-02-FLORTM000,m_present_secs_into_mission,m_present_secs_into_mission,,,ENG,s,CE05MOAS,GL382,FLORT
CE05MOAS-GL382-02-FLORTM000,m_present_time,m_present_time,,,AUX,seconds since 1970-01-01,CE05MOAS,GL382,FLORT
CE05MOAS-GL382-02-FLORTM000,sci_flbbcd_bb_ref,sci_flbbcd_bb_ref,,,,nm,CE05MOAS,GL382,FLORT
CE05MOAS-GL382-02-FLORTM000,sci_flbbcd_bb_sig,sci_flbbcd_bb_sig,,,,counts,CE05MOAS,GL382,FLORT
CE05MOAS-GL382-02-FLORTM000,sci_flbbcd_bb_units,sci_flbbcd_bb_units,,,L1,m-1 sr-1,CE05MOAS,GL382,FLORT
CE05MOAS-GL382-02-FLORTM000,sci_flbbcd_cdom_ref,sci_flbbcd_cdom_ref,,,,nm,CE05MOAS,GL382,FLORT
CE05MOAS-GL382-02-FLORTM000,sci_flbbcd_cdom_sig,sci_flbbcd_cdom_sig,,,,counts,CE05MOAS,GL382,FLORT
CE05MOAS-GL382-02-FLORTM000,sci_flbbcd_cdom_units,sci_flbbcd_cdom_units,0,375,L1,ppb,CE05MOAS,GL382,FLORT
CE05MOAS-GL382-02-FLORTM000,sci_flbbcd_chlor_ref,sci_flbbcd_chlor_ref,,,,nm,CE05MOAS,GL382,FLORT
CE05MOAS-GL382-02-FLORTM000,sci_flbbcd_chlor_sig,sci_flbbcd_chlor_sig,,,,counts,CE05MOAS,GL382,FLORT
CE05MOAS-GL382-02-FLORTM000,sci_flbbcd_chlor_units,sci_flbbcd_chlor_units,0,50,L1,ug L-1,CE05MOAS,GL382,FLORT
CE05MOAS-GL382-02-FLORTM000,sci_flbbcd_therm,sci_flbbcd_therm,,,ENG,1,CE05MOAS,GL382,FLORT
CE05MOAS-GL382-02-FLORTM000,sci_flbbcd_timestamp,sci_flbbcd_timestamp,,,ENG,seconds since 1970-01-01,CE05MOAS,GL382,FLORT
CE05MOAS-GL382-02-FLORTM000,sci_m_present_secs_into_mission,sci_m_present_secs_into_mission,,,,s,CE05MOAS,GL382,FLORT
CE05MOAS-GL382-02-FLORTM000,sci_m_present_time,sci_m_present_time,,,,seconds since 1970-01-01,CE05MOAS,GL382,FLORT
CE05MOAS-GL382-02-FLORTM000,preferred_timestamp,preferred_timestamp,,,ENG,1,CE05MOAS,GL382,FLORT
CE05MOAS-GL382-02-FLORTM000,flort_m_bback_total,flort_m_bback_total,0.0003,1,L2,m-1,CE05MOAS,GL382,FLORT
CE05MOAS-GL382-02-FLORTM000,flort_m_scat_seawater,flort_m_scat_seawater,,,AUX,m-1,CE05MOAS,GL382,FLORT
CE05MOAS-GL382-02-FLORTM000,time,time,,,ENG,seconds since 1900-01-01,CE05MOAS,GL382,FLORT
CE05MOAS-GL382-02-FLORTM000,ingestion_timestamp,ingestion_timestamp,,,ENG,seconds since 1900-01-01,CE05MOAS,GL382,FLORT
CE05MOAS-GL382-03-ADCPAM000,bin_depths,bin_depths,,,,m,CE05MOAS,GL382,ADCPA
CE05MOAS-GL382-03-ADCPAM000,driver_timestamp,driver_timestamp,,,ENG,seconds since 1900-01-01,CE05MOAS,GL382,ADCPA
CE05MOAS-GL382-03-ADCPAM000,bt_pings_per_ensemble,bt_pings_per_ensemble,,,,1,CE05MOAS,GL382,ADCPA
CE05MOAS-GL382-03-ADCPAM000,bt_delay_before_reacquire,bt_delay_before_reacquire,,,,1,CE05MOAS,GL382,ADCPA
CE05MOAS-GL382-03-ADCPAM000,bt_corr_magnitude_min,bt_corr_magnitude_min,,,,counts,CE05MOAS,GL382,ADCPA
CE05MOAS-GL382-03-ADCPAM000,bt_eval_magnitude_min,bt_eval_magnitude_min,,,,counts,CE05MOAS,GL382,ADCPA
CE05MOAS-GL382-03-ADCPAM000,bt_percent_good_min,bt_percent_good_min,,,,percent,CE05MOAS,GL382,ADCPA
CE05MOAS-GL382-03-ADCPAM000,bt_mode,bt_mode,,,,1,CE05MOAS,GL382,ADCPA
CE05MOAS-GL382-03-ADCPAM000,bt_error_velocity_max,bt_error_velocity_max,,,,mm s-1,CE05MOAS,GL382,ADCPA
CE05MOAS-GL382-03-ADCPAM000,bt_beam1_range,bt_beam1_range,,,,cm,CE05MOAS,GL382,ADCPA
CE05MOAS-GL382-03-ADCPAM000,bt_beam2_range,bt_beam2_range,,,,cm,CE05MOAS,GL382,ADCPA
CE05MOAS-GL382-03-ADCPAM000,bt_beam3_range,bt_beam3_range,,,,cm,CE05MOAS,GL382,ADCPA
CE05MOAS-GL382-03-ADCPAM000,bt_beam4_range,bt_beam4_range,,,,cm,CE05MOAS,GL382,ADCPA
CE05MOAS-GL382-03-ADCPAM000,bt_eastward_velocity,bt_eastward_velocity,,,,mm s-1,CE05MOAS,GL382,ADCPA
CE05MOAS-GL382-03-ADCPAM000,bt_northward_velocity,bt_northward_velocity,,,,mm s-1,CE05MOAS,GL382,ADCPA
CE05MOAS-GL382-03-ADCPAM000,bt_upward_velocity,bt_upward_velocity,,,,mm s-1,CE05MOAS,GL382,ADCPA
CE05MOAS-GL382-03-ADCPAM000,bt_error_velocity,bt_error_velocity,,,,mm s-1,CE05MOAS,GL382,ADCPA
CE05MOAS-GL382-03-ADCPAM000,bt_beam1_correlation,bt_beam1_correlation,,,,counts,CE05MOAS,GL382,ADCPA
CE05MOAS-GL382-03-ADCPAM000,bt_beam2_correlation,bt_beam2_correlation,,,,counts,CE05MOAS,GL382,ADCPA
CE05MOAS-GL382-03-ADCPAM000,bt_beam3_correlation,bt_beam3_correlation,,,,counts,CE05MOAS,GL382,ADCPA
CE05MOAS-GL382-03-ADCPAM000,bt_beam4_correlation,bt_beam4_correlation,,,,counts,CE05MOAS,GL382,ADCPA
CE05MOAS-GL382-03-ADCPAM000,bt_beam1_eval_amp,bt_beam1_eval_amp,,,,counts,CE05MOAS,GL382,ADCPA
CE05MOAS-GL382-03-ADCPAM000,bt_beam2_eval_amp,bt_beam2_eval_amp,,,,counts,CE05MOAS,GL382,ADCPA
CE05MOAS-GL382-03-ADCPAM000,bt_beam3_eval_amp,bt_beam3_eval_amp,,,,counts,CE05MOAS,GL382,ADCPA
CE05MOAS-GL382-03-ADCPAM000,bt_beam4_eval_amp,bt_beam4_eval_amp,,,,counts,CE05MOAS,GL382,ADCPA
CE05MOAS-GL382-03-ADCPAM000,bt_beam1_percent_good,bt_beam1_percent_good,,,,percent,CE05MOAS,GL382,ADCPA
CE05MOAS-GL382-03-ADCPAM000,bt_beam2_percent_good,bt_beam2_percent_good,,,,percent,CE05MOAS,GL382,ADCPA
CE05MOAS-GL382-03-ADCPAM000,bt_beam3_percent_good,bt_beam3_percent_good,,,,percent,CE05MOAS,GL382,ADCPA
CE05MOAS-GL382-03-ADCPAM000,bt_beam4_percent_good,bt_beam4_percent_good,,,,percent,CE05MOAS,GL382,ADCPA
CE05MOAS-GL382-03-ADCPAM000,bt_ref_layer_min,bt_ref_layer_min,,,,dm,CE05MOAS,GL382,ADCPA
CE05MOAS-GL382-03-ADCPAM000,bt_ref_layer_near,bt_ref_layer_near,,,,dm,CE05MOAS,GL382,ADCPA
CE05MOAS-GL382-03-ADCPAM000,bt_ref_layer_far,bt_ref_layer_far,,,,dm,CE05MOAS,GL382,ADCPA
CE05MOAS-GL382-03-ADCPAM000,bt_eastward_ref_layer_velocity,bt_eastward_ref_layer_velocity,,,,mm s-1,CE05MOAS,GL382,ADCPA
CE05MOAS-GL382-03-ADCPAM000,bt_northward_ref_layer_velocity,bt_northward_ref_layer_velocity,,,,mm s-1,CE05MOAS,GL382,ADCPA
CE05MOAS-GL382-03-ADCPAM000,bt_upward_ref_layer_velocity,bt_upward_ref_layer_velocity,,,,mm s-1,CE05MOAS,GL382,ADCPA
CE05MOAS-GL382-03-ADCPAM000,bt_error_ref_layer_velocity,bt_error_ref_layer_velocity,,,,mm s-1,CE05MOAS,GL382,ADCPA
CE05MOAS-GL382-03-ADCPAM000,bt_beam1_ref_correlation,bt_beam1_ref_correlation,,,,counts,CE05MOAS,GL382,ADCPA
CE05MOAS-GL382-03-ADCPAM000,bt_beam2_ref_correlation,bt_beam2_ref_correlation,,,,counts,CE05MOAS,GL382,ADCPA
CE05MOAS-GL382-03-ADCPAM000,bt_beam3_ref_correlation,bt_beam3_ref_correlation,,,,counts,CE05MOAS,GL382,ADCPA
CE05MOAS-GL382-03-ADCPAM000,bt_beam4_ref_correlation,bt_beam4_ref_correlation,,,,counts,CE05MOAS,GL382,ADCPA
CE05MOAS-GL382-03-ADCPAM000,bt_beam1_ref_intensity,bt_beam1_ref_intensity,,,,counts,CE05MOAS,GL382,ADCPA
CE05MOAS-GL382-03-ADCPAM000,bt_beam2_ref_intensity,bt_beam2_ref_intensity,,,,counts,CE05MOAS,GL382,ADCPA
CE05MOAS-GL382-03-ADCPAM000,internal_timestamp,internal_timestamp,,,ENG,seconds since 1900-01-01,CE05MOAS,GL382,ADCPA
CE05MOAS-GL382-03-ADCPAM000,bt_beam3_ref_intensity,bt_beam3_ref_intensity,,,,counts,CE05MOAS,GL382,ADCPA
CE05MOAS-GL382-03-ADCPAM000,bt_beam4_ref_intensity,bt_beam4_ref_intensity,,,,counts,CE05MOAS,GL382,ADCPA
CE05MOAS-GL382-03-ADCPAM000,bt_beam1_ref_percent_good,bt_beam1_ref_percent_good,,,,percent,CE05MOAS,GL382,ADCPA
CE05MOAS-GL382-03-ADCPAM000,bt_beam2_ref_percent_good,bt_beam2_ref_percent_good,,,,percent,CE05MOAS,GL382,ADCPA
CE05MOAS-GL382-03-ADCPAM000,bt_beam3_ref_percent_good,bt_beam3_ref_percent_good,,,,percent,CE05MOAS,GL382,ADCPA
CE05MOAS-GL382-03-ADCPAM000,bt_beam4_ref_percent_good,bt_beam4_ref_percent_good,,,,percent,CE05MOAS,GL382,ADCPA
CE05MOAS-GL382-03-ADCPAM000,bt_max_depth,bt_max_depth,,,,dm,CE05MOAS,GL382,ADCPA
CE05MOAS-GL382-03-ADCPAM000,bt_beam1_rssi_amplitude,bt_beam1_rssi_amplitude,,,,counts,CE05MOAS,GL382,ADCPA
CE05MOAS-GL382-03-ADCPAM000,bt_beam2_rssi_amplitude,bt_beam2_rssi_amplitude,,,,counts,CE05MOAS,GL382,ADCPA
CE05MOAS-GL382-03-ADCPAM000,bt_beam3_rssi_amplitude,bt_beam3_rssi_amplitude,,,,counts,CE05MOAS,GL382,ADCPA
CE05MOAS-GL382-03-ADCPAM000,bt_beam4_rssi_amplitude,bt_beam4_rssi_amplitude,,,,counts,CE05MOAS,GL382,ADCPA
CE05MOAS-GL382-03-ADCPAM000,bt_gain,bt_gain,,,,1,CE05MOAS,GL382,ADCPA
CE05MOAS-GL382-03-ADCPAM000,preferred_timestamp,preferred_timestamp,,,ENG,1,CE05MOAS,GL382,ADCPA
CE05MOAS-GL382-03-ADCPAM000,sensor_available_speed,sensor_available_speed,,,,1,CE05MOAS,GL382,ADCPA
CE05MOAS-GL382-03-ADCPAM000,sensor_source_temperature_eu,sensor_source_temperature_eu,,,,1,CE05MOAS,GL382,ADCPA
CE05MOAS-GL382-03-ADCPAM000,sensor_available_temperature_eu,sensor_available_temperature_eu,,,,1,CE05MOAS,GL382,ADCPA
CE05MOAS-GL382-03-ADCPAM000,bit_error_number,bit_error_number,,,,1,CE05MOAS,GL382,ADCPA
CE05MOAS-GL382-03-ADCPAM000,bit_error_count,bit_error_count,,,,counts,CE05MOAS,GL382,ADCPA
CE05MOAS-GL382-03-ADCPAM000,sysconfig_beam_angle,sysconfig_beam_angle,,,,1,CE05MOAS,GL382,ADCPA
CE05MOAS-GL382-03-ADCPAM000,sysconfig_beam_config,sysconfig_beam_config,,,,1,CE05MOAS,GL382,ADCPA
CE05MOAS-GL382-03-ADCPAM000,adcpa_m_upward_seawater_velocity,adcpa_m_upward_seawater_velocity,-1,1,L1,m s-1,CE05MOAS,GL382,ADCPA
CE05MOAS-GL382-03-ADCPAM000,adcpa_m_error_velocity,adcpa_m_error_velocity,-1,1,L1,m s-1,CE05MOAS,GL382,ADCPA
CE05MOAS-GL382-03-ADCPAM000,adcpa_m_eastward_seawater_velocity,adcpa_m_eastward_seawater_velocity,-3,3,L1,m s-1,CE05MOAS,GL382,ADCPA
CE05MOAS-GL382-03-ADCPAM000,adcpa_m_northward_seawater_velocity,adcpa_m_northward_seawater_velocity,-3,3,L1,m s-1,CE05MOAS,GL382,ADCPA
CE05MOAS-GL382-03-ADCPAM000,adcpa_m_echo_intensity_beam1,adcpa_m_echo_intensity_beam1,0,255,L1,dB,CE05MOAS,GL382,ADCPA
CE05MOAS-GL382-03-ADCPAM000,adcpa_m_echo_intensity_beam2,adcpa_m_echo_intensity_beam2,0,255,L1,dB,CE05MOAS,GL382,ADCPA
CE05MOAS-GL382-03-ADCPAM000,adcpa_m_echo_intensity_beam3,adcpa_m_echo_intensity_beam3,0,255,L1,dB,CE05MOAS,GL382,ADCPA
CE05MOAS-GL382-03-ADCPAM000,adcpa_m_echo_intensity_beam4,adcpa_m_echo_intensity_beam4,0,255,L1,dB,CE05MOAS,GL382,ADCPA
CE05MOAS-GL382-03-ADCPAM000,serial_number,serial_number,,,ENG,1,CE05MOAS,GL382,ADCPA
CE05MOAS-GL382-03-ADCPAM000,firmware_version,firmware_version,,,,1,CE05MOAS,GL382,ADCPA
CE05MOAS-GL382-03-ADCPAM000,firmware_revision,firmware_revision,,,,1,CE05MOAS,GL382,ADCPA
CE05MOAS-GL382-03-ADCPAM000,sysconfig_frequency,sysconfig_frequency,,,,kHz,CE05MOAS,GL382,ADCPA
CE05MOAS-GL382-03-ADCPAM000,sysconfig_beam_pattern,sysconfig_beam_pattern,,,,1,CE05MOAS,GL382,ADCPA
CE05MOAS-GL382-03-ADCPAM000,sysconfig_sensor_config,sysconfig_sensor_config,,,,1,CE05MOAS,GL382,ADCPA
CE05MOAS-GL382-03-ADCPAM000,sysconfig_head_attached,sysconfig_head_attached,,,,1,CE05MOAS,GL382,ADCPA
CE05MOAS-GL382-03-ADCPAM000,sysconfig_vertical_orientation,sysconfig_vertical_orientation,,,,1,CE05MOAS,GL382,ADCPA
CE05MOAS-GL382-03-ADCPAM000,data_flag,data_flag,,,,1,CE05MOAS,GL382,ADCPA
CE05MOAS-GL382-03-ADCPAM000,lag_length,lag_length,,,,s,CE05MOAS,GL382,ADCPA
CE05MOAS-GL382-03-ADCPAM000,num_beams,num_beams,,,,1,CE05MOAS,GL382,ADCPA
CE05MOAS-GL382-03-ADCPAM000,num_cells,num_cells,,,,1,CE05MOAS,GL382,ADCPA
CE05MOAS-GL382-03-ADCPAM000,pings_per_ensemble,pings_per_ensemble,,,,1,CE05MOAS,GL382,ADCPA
CE05MOAS-GL382-03-ADCPAM000,cell_length,cell_length,,,,cm,CE05MOAS,GL382,ADCPA
CE05MOAS-GL382-03-ADCPAM000,blank_after_transmit,blank_after_transmit,,,,cm,CE05MOAS,GL382,ADCPA
CE05MOAS-GL382-03-ADCPAM000,signal_processing_mode,signal_processing_mode,,,,1,CE05MOAS,GL382,ADCPA
CE05MOAS-GL382-03-ADCPAM000,low_corr_threshold,low_corr_threshold,,,,counts,CE05MOAS,GL382,ADCPA
CE05MOAS-GL382-03-ADCPAM000,num_code_repetitions,num_code_repetitions,,,,counts,CE05MOAS,GL382,ADCPA
CE05MOAS-GL382-03-ADCPAM000,percent_good_min,percent_good_min,,,,percent,CE05MOAS,GL382,ADCPA
CE05MOAS-GL382-03-ADCPAM000,error_vel_threshold,error_vel_threshold,,,,mm s-1,CE05MOAS,GL382,ADCPA
CE05MOAS-GL382-03-ADCPAM000,time_per_ping_minutes,time_per_ping_minutes,,,,min,CE05MOAS,GL382,ADCPA
CE05MOAS-GL382-03-ADCPAM000,time_per_ping_seconds,time_per_ping_seconds,,,,s,CE05MOAS,GL382,ADCPA
CE05MOAS-GL382-03-ADCPAM000,coord_transform_type,coord_transform_type,,,,1,CE05MOAS,GL382,ADCPA
CE05MOAS-GL382-03-ADCPAM000,coord_transform_tilts,coord_transform_tilts,,,,1,CE05MOAS,GL382,ADCPA
CE05MOAS-GL382-03-ADCPAM000,coord_transform_beams,coord_transform_beams,,,,1,CE05MOAS,GL382,ADCPA
CE05MOAS-GL382-03-ADCPAM000,coord_transform_mapping,coord_transform_mapping,,,,1,CE05MOAS,GL382,ADCPA
CE05MOAS-GL382-03-ADCPAM000,heading_alignment,heading_alignment,,,,cdegrees,CE05MOAS,GL382,ADCPA
CE05MOAS-GL382-03-ADCPAM000,heading_bias,heading_bias,,,,cdegrees,CE05MOAS,GL382,ADCPA
CE05MOAS-GL382-03-ADCPAM000,sensor_source_speed,sensor_source_speed,,,,1,CE05MOAS,GL382,ADCPA
CE05MOAS-GL382-03-ADCPAM000,sensor_source_depth,sensor_source_depth,,,,1,CE05MOAS,GL382,ADCPA
CE05MOAS-GL382-03-ADCPAM000,sensor_source_heading,sensor_source_heading,,,,1,CE05MOAS,GL382,ADCPA
CE05MOAS-GL382-03-ADCPAM000,sensor_source_pitch,sensor_source_pitch,,,,1,CE05MOAS,GL382,ADCPA
CE05MOAS-GL382-03-ADCPAM000,sensor_source_roll,sensor_source_roll,,,,1,CE05MOAS,GL382,ADCPA
CE05MOAS-GL382-03-ADCPAM000,sensor_source_conductivity,sensor_source_conductivity,,,,1,CE05MOAS,GL382,ADCPA
CE05MOAS-GL382-03-ADCPAM000,sensor_source_temperature,sensor_source_temperature,,,,1,CE05MOAS,GL382,ADCPA
CE05MOAS-GL382-03-ADCPAM000,sensor_available_depth,sensor_available_depth,,,,1,CE05MOAS,GL382,ADCPA
CE05MOAS-GL382-03-ADCPAM000,sensor_available_heading,sensor_available_heading,,,,1,CE05MOAS,GL382,ADCPA
CE05MOAS-GL382-03-ADCPAM000,sensor_available_pitch,sensor_available_pitch,,,,1,CE05MOAS,GL382,ADCPA
CE05MOAS-GL382-03-ADCPAM000,sensor_available_roll,sensor_available_roll,,,,1,CE05MOAS,GL382,ADCPA
CE05MOAS-GL382-03-ADCPAM000,sensor_available_conductivity,sensor_available_conductivity,,,,1,CE05MOAS,GL382,ADCPA
CE05MOAS-GL382-03-ADCPAM000,sensor_available_temperature,sensor_available_temperature,,,,1,CE05MOAS,GL382,ADCPA
CE05MOAS-GL382-03-ADCPAM000,bin_1_distance,bin_1_distance,,,,cm,CE05MOAS,GL382,ADCPA
CE05MOAS-GL382-03-ADCPAM000,transmit_pulse_length,transmit_pulse_length,,,,cm,CE05MOAS,GL382,ADCPA
CE05MOAS-GL382-03-ADCPAM000,reference_layer_start,reference_layer_start,,,,1,CE05MOAS,GL382,ADCPA
CE05MOAS-GL382-03-ADCPAM000,reference_layer_stop,reference_layer_stop,,,,1,CE05MOAS,GL382,ADCPA
CE05MOAS-GL382-03-ADCPAM000,false_target_threshold,false_target_threshold,,,,counts,CE05MOAS,GL382,ADCPA
CE05MOAS-GL382-03-ADCPAM000,transmit_lag_distance,transmit_lag_distance,,,,cm,CE05MOAS,GL382,ADCPA
CE05MOAS-GL382-03-ADCPAM000,system_bandwidth,system_bandwidth,,,,1,CE05MOAS,GL382,ADCPA
CE05MOAS-GL382-03-ADCPAM000,ensemble_number,ensemble_number,,,,1,CE05MOAS,GL382,ADCPA
CE05MOAS-GL382-03-ADCPAM000,ensemble_number_increment,ensemble_number_increment,,,,1,CE05MOAS,GL382,ADCPA
CE05MOAS-GL382-03-ADCPAM000,speed_of_sound,speed_of_sound,,,,m s-1,CE05MOAS,GL382,ADCPA
CE05MOAS-GL382-03-ADCPAM000,transducer_depth,transducer_depth,,,,dm,CE05MOAS,GL382,ADCPA
CE05MOAS-GL382-03-ADCPAM000,heading,heading,,,,cdegrees,CE05MOAS,GL382,ADCPA
CE05MOAS-GL382-03-ADCPAM000,pitch,pitch,,,,cdegrees,CE05MOAS,GL382,ADCPA
CE05MOAS-GL382-03-ADCPAM000,roll,roll,,,,cdegrees,CE05MOAS,GL382,ADCPA
CE05MOAS-GL382-03-ADCPAM000,salinity,salinity,,,,1,CE05MOAS,GL382,ADCPA
CE05MOAS-GL382-03-ADCPAM000,temperature,temperature,,,,cdeg_C,CE05MOAS,GL382,ADCPA
CE05MOAS-GL382-03-ADCPAM000,mpt_minutes,mpt_minutes,,,,min,CE05MOAS,GL382,ADCPA
CE05MOAS-GL382-03-ADCPAM000,mpt_seconds,mpt_seconds,,,,s,CE05MOAS,GL382,ADCPA
CE05MOAS-GL382-03-ADCPAM000,heading_stdev,heading_stdev,,,,degrees,CE05MOAS,GL382,ADCPA
CE05MOAS-GL382-03-ADCPAM000,pitch_stdev,pitch_stdev,,,,ddegrees,CE05MOAS,GL382,ADCPA
CE05MOAS-GL382-03-ADCPAM000,roll_stdev,roll_stdev,,,,ddegrees,CE05MOAS,GL382,ADCPA
CE05MOAS-GL382-03-ADCPAM000,adc_transmit_voltage,adc_transmit_voltage,,,,counts,CE05MOAS,GL382,ADCPA
CE05MOAS-GL382-03-ADCPAM000,time,time,,,ENG,seconds since 1900-01-01,CE05MOAS,GL382,ADCPA
CE05MOAS-GL382-03-ADCPAM000,pressure,pressure,,,,daPa,CE05MOAS,GL382,ADCPA
CE05MOAS-GL382-03-ADCPAM000,pressure_variance,pressure_variance,,,,daPa,CE05MOAS,GL382,ADCPA
CE05MOAS-GL382-03-ADCPAM000,water_velocity_east,water_velocity_east,,,L0,mm s-1,CE05MOAS,GL382,ADCPA
CE05MOAS-GL382-03-ADCPAM000,water_velocity_north,water_velocity_north,,,L0,mm s-1,CE05MOAS,GL382,ADCPA
CE05MOAS-GL382-03-ADCPAM000,water_velocity_up,water_velocity_up,,,L0,mm s-1,CE05MOAS,GL382,ADCPA
CE05MOAS-GL382-03-ADCPAM000,error_velocity,error_velocity,,,L0,mm s-1,CE05MOAS,GL382,ADCPA
CE05MOAS-GL382-03-ADCPAM000,correlation_magnitude_beam1,correlation_magnitude_beam1,,,,1,CE05MOAS,GL382,ADCPA
CE05MOAS-GL382-03-ADCPAM000,correlation_magnitude_beam2,correlation_magnitude_beam2,,,,1,CE05MOAS,GL382,ADCPA
CE05MOAS-GL382-03-ADCPAM000,correlation_magnitude_beam3,correlation_magnitude_beam3,,,,1,CE05MOAS,GL382,ADCPA
CE05MOAS-GL382-03-ADCPAM000,correlation_magnitude_beam4,correlation_magnitude_beam4,,,,1,CE05MOAS,GL382,ADCPA
CE05MOAS-GL382-03-ADCPAM000,echo_intensity_beam1,echo_intensity_beam1,,,L0,counts,CE05MOAS,GL382,ADCPA
CE05MOAS-GL382-03-ADCPAM000,echo_intensity_beam2,echo_intensity_beam2,,,L0,counts,CE05MOAS,GL382,ADCPA
CE05MOAS-GL382-03-ADCPAM000,echo_intensity_beam3,echo_intensity_beam3,,,L0,counts,CE05MOAS,GL382,ADCPA
CE05MOAS-GL382-03-ADCPAM000,echo_intensity_beam4,echo_intensity_beam4,,,L0,counts,CE05MOAS,GL382,ADCPA
CE05MOAS-GL382-03-ADCPAM000,percent_good_3beam,percent_good_3beam,,,,percent,CE05MOAS,GL382,ADCPA
CE05MOAS-GL382-03-ADCPAM000,percent_transforms_reject,percent_transforms_reject,,,,percent,CE05MOAS,GL382,ADCPA
CE05MOAS-GL382-03-ADCPAM000,percent_bad_beams,percent_bad_beams,,,,percent,CE05MOAS,GL382,ADCPA
CE05MOAS-GL382-03-ADCPAM000,percent_good_4beam,percent_good_4beam,,,,percent,CE05MOAS,GL382,ADCPA
CE05MOAS-GL382-03-ADCPAM000,ensemble_start_time,ensemble_start_time,,,,seconds since 1900-01-01,CE05MOAS,GL382,ADCPA
CE05MOAS-GL382-03-ADCPAM000,ingestion_timestamp,ingestion_timestamp,,,ENG,seconds since 1900-01-01,CE05MOAS,GL382,ADCPA
CE05MOAS-GL382-03-ADCPAM000,real_time_clock,real_time_clock,,,,1,CE05MOAS,GL382,ADCPA
CE05MOAS-GL382-04-DOSTAM000,driver_timestamp,driver_timestamp,,,ENG,seconds since 1900-01-01,CE05MOAS,GL382,DOSTA
CE05MOAS-GL382-04-DOSTAM000,internal_timestamp,internal_timestamp,,,ENG,seconds since 1900-01-01,CE05MOAS,GL382,DOSTA
CE05MOAS-GL382-04-DOSTAM000,m_present_secs_into_mission,m_present_secs_into_mission,,,ENG,s,CE05MOAS,GL382,DOSTA
CE05MOAS-GL382-04-DOSTAM000,m_present_time,m_present_time,,,AUX,seconds since 1970-01-01,CE05MOAS,GL382,DOSTA
CE05MOAS-GL382-04-DOSTAM000,sci_m_present_secs_into_mission,sci_m_present_secs_into_mission,,,,s,CE05MOAS,GL382,DOSTA
CE05MOAS-GL382-04-DOSTAM000,sci_m_present_time,sci_m_present_time,,,,seconds since 1970-01-01,CE05MOAS,GL382,DOSTA
CE05MOAS-GL382-04-DOSTAM000,sci_oxy4_c1amp,sci_oxy4_c1amp,,,,mV,CE05MOAS,GL382,DOSTA
CE05MOAS-GL382-04-DOSTAM000,sci_oxy4_c1rph,sci_oxy4_c1rph,,,,degrees,CE05MOAS,GL382,DOSTA
CE05MOAS-GL382-04-DOSTAM000,sci_oxy4_c2amp,sci_oxy4_c2amp,,,,mV,CE05MOAS,GL382,DOSTA
CE05MOAS-GL382-04-DOSTAM000,sci_oxy4_c2rph,sci_oxy4_c2rph,,,,degrees,CE05MOAS,GL382,DOSTA
CE05MOAS-GL382-04-DOSTAM000,sci_oxy4_calphase,sci_oxy4_calphase,,,L0,degrees,CE05MOAS,GL382,DOSTA
CE05MOAS-GL382-04-DOSTAM000,sci_oxy4_oxygen,sci_oxy4_oxygen,0,400,L1,umol L-1,CE05MOAS,GL382,DOSTA
CE05MOAS-GL382-04-DOSTAM000,sci_oxy4_rawtemp,sci_oxy4_rawtemp,,,,mV,CE05MOAS,GL382,DOSTA
CE05MOAS-GL382-04-DOSTAM000,sci_oxy4_saturation,sci_oxy4_saturation,,,,percent,CE05MOAS,GL382,DOSTA
CE05MOAS-GL382-04-DOSTAM000,sci_oxy4_tcphase,sci_oxy4_tcphase,,,,degrees,CE05MOAS,GL382,DOSTA
CE05MOAS-GL382-04-DOSTAM000,sci_oxy4_temp,sci_oxy4_temp,,,,deg_C,CE05MOAS,GL382,DOSTA
CE05MOAS-GL382-04-DOSTAM000,sci_oxy4_timestamp,sci_oxy4_timestamp,,,,1,CE05MOAS,GL382,DOSTA
CE05MOAS-GL382-04-DOSTAM000,sci_water_cond,sci_water_cond,0,6,L1,S m-1,CE05MOAS,GL382,DOSTA
CE05MOAS-GL382-04-DOSTAM000,sci_water_pressure,sci_water_pressure,0,6000,L1,dbar,CE05MOAS,GL382,DOSTA
CE05MOAS-GL382-04-DOSTAM000,sci_water_temp,sci_water_temp,-2,40,L1,deg_C,CE05MOAS,GL382,DOSTA
CE05MOAS-GL382-04-DOSTAM000,preferred_timestamp,preferred_timestamp,,,ENG,1,CE05MOAS,GL382,DOSTA
CE05MOAS-GL382-04-DOSTAM000,sci_abs_oxygen,sci_abs_oxygen,0,400,L2,umol kg-1,CE05MOAS,GL382,DOSTA
CE05MOAS-GL382-04-DOSTAM000,time,time,,,ENG,seconds since 1900-01-01,CE05MOAS,GL382,DOSTA
CE05MOAS-GL382-04-DOSTAM000,ingestion_timestamp,ingestion_timestamp,,,ENG,seconds since 1900-01-01,CE05MOAS,GL382,DOSTA
CE05MOAS-GL382-05-CTDGVM000,driver_timestamp,driver_timestamp,,,ENG,seconds since 1900-01-01,CE05MOAS,GL382,CTDGV
CE05MOAS-GL382-05-CTDGVM000,internal_timestamp,internal_timestamp,,,ENG,seconds since 1900-01-01,CE05MOAS,GL382,CTDGV
CE05MOAS-GL382-05-CTDGVM000,m_present_secs_into_mission,m_present_secs_into_mission,,,ENG,s,CE05MOAS,GL382,CTDGV
CE05MOAS-GL382-05-CTDGVM000,m_present_time,m_present_time,,,AUX,seconds since 1970-01-01,CE05MOAS,GL382,CTDGV
CE05MOAS-GL382-05-CTDGVM000,sci_ctd41cp_timestamp,sci_ctd41cp_timestamp,,,,seconds since 1970-01-01,CE05MOAS,GL382,CTDGV
CE05MOAS-GL382-05-CTDGVM000,sci_m_present_secs_into_mission,sci_m_present_secs_into_mission,,,,s,CE05MOAS,GL382,CTDGV
CE05MOAS-GL382-05-CTDGVM000,sci_m_present_time,sci_m_present_time,,,,seconds since 1970-01-01,CE05MOAS,GL382,CTDGV
CE05MOAS-GL382-05-CTDGVM000,sci_water_cond,sci_water_cond,0,6,L1,S m-1,CE05MOAS,GL382,CTDGV
CE05MOAS-GL382-05-CTDGVM000,sci_water_pressure,sci_water_pressure,0,6000,L1,dbar,CE05MOAS,GL382,CTDGV
CE05MOAS-GL382-05-CTDGVM000,sci_water_temp,sci_water_temp,-2,40,L1,deg_C,CE05MOAS,GL382,CTDGV
CE05MOAS-GL382-05-CTDGVM000,sci_water_pracsal,sci_water_pracsal,0,42,L2,1,CE05MOAS,GL382,CTDGV
CE05MOAS-GL382-05-CTDGVM000,preferred_timestamp,preferred_timestamp,,,ENG,1,CE05MOAS,GL382,CTDGV
CE05MOAS-GL382-05-CTDGVM000,sci_seawater_density,sci_seawater_density,1000,1100,L2,kg m-3,CE05MOAS,GL382,CTDGV
CE05MOAS-GL382-05-CTDGVM000,time,time,,,ENG,seconds since 1900-01-01,CE05MOAS,GL382,CTDGV
CE05MOAS-GL382-05-CTDGVM000,ingestion_timestamp,ingestion_timestamp,,,ENG,seconds since 1900-01-01,CE05MOAS,GL382,CTDGV
CE05MOAS-GL383-01-PARADM000,driver_timestamp,driver_timestamp,,,ENG,seconds since 1900-01-01,CE05MOAS,GL383,PARAD
CE05MOAS-GL383-01-PARADM000,internal_timestamp,internal_timestamp,,,ENG,seconds since 1900-01-01,CE05MOAS,GL383,PARAD
CE05MOAS-GL383-01-PARADM000,m_present_secs_into_mission,m_present_secs_into_mission,,,ENG,s,CE05MOAS,GL383,PARAD
CE05MOAS-GL383-01-PARADM000,m_present_time,m_present_time,,,AUX,seconds since 1970-01-01,CE05MOAS,GL383,PARAD
CE05MOAS-GL383-01-PARADM000,sci_bsipar_par,sci_bsipar_par,0,2500,L1,umol photons m-2 s-1,CE05MOAS,GL383,PARAD
CE05MOAS-GL383-01-PARADM000,sci_bsipar_sensor_volts,sci_bsipar_sensor_volts,,,L0,V,CE05MOAS,GL383,PARAD
CE05MOAS-GL383-01-PARADM000,sci_bsipar_supply_volts,sci_bsipar_supply_volts,,,,V,CE05MOAS,GL383,PARAD
CE05MOAS-GL383-01-PARADM000,sci_bsipar_temp,sci_bsipar_temp,,,,deg_C,CE05MOAS,GL383,PARAD
CE05MOAS-GL383-01-PARADM000,sci_m_present_secs_into_mission,sci_m_present_secs_into_mission,,,,s,CE05MOAS,GL383,PARAD
CE05MOAS-GL383-01-PARADM000,sci_m_present_time,sci_m_present_time,,,,seconds since 1970-01-01,CE05MOAS,GL383,PARAD
CE05MOAS-GL383-01-PARADM000,preferred_timestamp,preferred_timestamp,,,ENG,1,CE05MOAS,GL383,PARAD
CE05MOAS-GL383-01-PARADM000,time,time,,,ENG,seconds since 1900-01-01,CE05MOAS,GL383,PARAD
CE05MOAS-GL383-01-PARADM000,ingestion_timestamp,ingestion_timestamp,,,ENG,seconds since 1900-01-01,CE05MOAS,GL383,PARAD
CE05MOAS-GL383-02-FLORTM000,driver_timestamp,driver_timestamp,,,ENG,seconds since 1900-01-01,CE05MOAS,GL383,FLORT
CE05MOAS-GL383-02-FLORTM000,internal_timestamp,internal_timestamp,,,ENG,seconds since 1900-01-01,CE05MOAS,GL383,FLORT
CE05MOAS-GL383-02-FLORTM000,m_present_secs_into_mission,m_present_secs_into_mission,,,ENG,s,CE05MOAS,GL383,FLORT
CE05MOAS-GL383-02-FLORTM000,m_present_time,m_present_time,,,AUX,seconds since 1970-01-01,CE05MOAS,GL383,FLORT
CE05MOAS-GL383-02-FLORTM000,sci_flbbcd_bb_ref,sci_flbbcd_bb_ref,,,,nm,CE05MOAS,GL383,FLORT
CE05MOAS-GL383-02-FLORTM000,sci_flbbcd_bb_sig,sci_flbbcd_bb_sig,,,,counts,CE05MOAS,GL383,FLORT
CE05MOAS-GL383-02-FLORTM000,sci_flbbcd_bb_units,sci_flbbcd_bb_units,,,L1,m-1 sr-1,CE05MOAS,GL383,FLORT
CE05MOAS-GL383-02-FLORTM000,sci_flbbcd_cdom_ref,sci_flbbcd_cdom_ref,,,,nm,CE05MOAS,GL383,FLORT
CE05MOAS-GL383-02-FLORTM000,sci_flbbcd_cdom_sig,sci_flbbcd_cdom_sig,,,,counts,CE05MOAS,GL383,FLORT
CE05MOAS-GL383-02-FLORTM000,sci_flbbcd_cdom_units,sci_flbbcd_cdom_units,0,375,L1,ppb,CE05MOAS,GL383,FLORT
CE05MOAS-GL383-02-FLORTM000,sci_flbbcd_chlor_ref,sci_flbbcd_chlor_ref,,,,nm,CE05MOAS,GL383,FLORT
CE05MOAS-GL383-02-FLORTM000,sci_flbbcd_chlor_sig,sci_flbbcd_chlor_sig,,,,counts,CE05MOAS,GL383,FLORT
CE05MOAS-GL383-02-FLORTM000,sci_flbbcd_chlor_units,sci_flbbcd_chlor_units,0,50,L1,ug L-1,CE05MOAS,GL383,FLORT
CE05MOAS-GL383-02-FLORTM000,sci_flbbcd_therm,sci_flbbcd_therm,,,ENG,1,CE05MOAS,GL383,FLORT
CE05MOAS-GL383-02-FLORTM000,sci_flbbcd_timestamp,sci_flbbcd_timestamp,,,ENG,seconds since 1970-01-01,CE05MOAS,GL383,FLORT
CE05MOAS-GL383-02-FLORTM000,sci_m_present_secs_into_mission,sci_m_present_secs_into_mission,,,,s,CE05MOAS,GL383,FLORT
CE05MOAS-GL383-02-FLORTM000,sci_m_present_time,sci_m_present_time,,,,seconds since 1970-01-01,CE05MOAS,GL383,FLORT
CE05MOAS-GL383-02-FLORTM000,preferred_timestamp,preferred_timestamp,,,ENG,1,CE05MOAS,GL383,FLORT
CE05MOAS-GL383-02-FLORTM000,flort_m_bback_total,flort_m_bback_total,0.0003,1,L2,m-1,CE05MOAS,GL383,FLORT
CE05MOAS-GL383-02-FLORTM000,flort_m_scat_seawater,flort_m_scat_seawater,,,AUX,m-1,CE05MOAS,GL383,FLORT
CE05MOAS-GL383-02-FLORTM000,time,time,,,ENG,seconds since 1900-01-01,CE05MOAS,GL383,FLORT
CE05MOAS-GL383-02-FLORTM000,ingestion_timestamp,ingestion_timestamp,,,ENG,seconds since 1900-01-01,CE05MOAS,GL383,FLORT
CE05MOAS-GL383-03-ADCPAM000,bin_depths,bin_depths,,,,m,CE05MOAS,GL383,ADCPA
CE05MOAS-GL383-03-ADCPAM000,driver_timestamp,driver_timestamp,,,ENG,seconds since 1900-01-01,CE05MOAS,GL383,ADCPA
CE05MOAS-GL383-03-ADCPAM000,bt_pings_per_ensemble,bt_pings_per_ensemble,,,,1,CE05MOAS,GL383,ADCPA
CE05MOAS-GL383-03-ADCPAM000,bt_delay_before_reacquire,bt_delay_before_reacquire,,,,1,CE05MOAS,GL383,ADCPA
CE05MOAS-GL383-03-ADCPAM000,bt_corr_magnitude_min,bt_corr_magnitude_min,,,,counts,CE05MOAS,GL383,ADCPA
CE05MOAS-GL383-03-ADCPAM000,bt_eval_magnitude_min,bt_eval_magnitude_min,,,,counts,CE05MOAS,GL383,ADCPA
CE05MOAS-GL383-03-ADCPAM000,bt_percent_good_min,bt_percent_good_min,,,,percent,CE05MOAS,GL383,ADCPA
CE05MOAS-GL383-03-ADCPAM000,bt_mode,bt_mode,,,,1,CE05MOAS,GL383,ADCPA
CE05MOAS-GL383-03-ADCPAM000,bt_error_velocity_max,bt_error_velocity_max,,,,mm s-1,CE05MOAS,GL383,ADCPA
CE05MOAS-GL383-03-ADCPAM000,bt_beam1_range,bt_beam1_range,,,,cm,CE05MOAS,GL383,ADCPA
CE05MOAS-GL383-03-ADCPAM000,bt_beam2_range,bt_beam2_range,,,,cm,CE05MOAS,GL383,ADCPA
CE05MOAS-GL383-03-ADCPAM000,bt_beam3_range,bt_beam3_range,,,,cm,CE05MOAS,GL383,ADCPA
CE05MOAS-GL383-03-ADCPAM000,bt_beam4_range,bt_beam4_range,,,,cm,CE05MOAS,GL383,ADCPA
CE05MOAS-GL383-03-ADCPAM000,bt_eastward_velocity,bt_eastward_velocity,,,,mm s-1,CE05MOAS,GL383,ADCPA
CE05MOAS-GL383-03-ADCPAM000,bt_northward_velocity,bt_northward_velocity,,,,mm s-1,CE05MOAS,GL383,ADCPA
CE05MOAS-GL383-03-ADCPAM000,bt_upward_velocity,bt_upward_velocity,,,,mm s-1,CE05MOAS,GL383,ADCPA
CE05MOAS-GL383-03-ADCPAM000,bt_error_velocity,bt_error_velocity,,,,mm s-1,CE05MOAS,GL383,ADCPA
CE05MOAS-GL383-03-ADCPAM000,bt_beam1_correlation,bt_beam1_correlation,,,,counts,CE05MOAS,GL383,ADCPA
CE05MOAS-GL383-03-ADCPAM000,bt_beam2_correlation,bt_beam2_correlation,,,,counts,CE05MOAS,GL383,ADCPA
CE05MOAS-GL383-03-ADCPAM000,bt_beam3_correlation,bt_beam3_correlation,,,,counts,CE05MOAS,GL383,ADCPA
CE05MOAS-GL383-03-ADCPAM000,bt_beam4_correlation,bt_beam4_correlation,,,,counts,CE05MOAS,GL383,ADCPA
CE05MOAS-GL383-03-ADCPAM000,bt_beam1_eval_amp,bt_beam1_eval_amp,,,,counts,CE05MOAS,GL383,ADCPA
CE05MOAS-GL383-03-ADCPAM000,bt_beam2_eval_amp,bt_beam2_eval_amp,,,,counts,CE05MOAS,GL383,ADCPA
CE05MOAS-GL383-03-ADCPAM000,bt_beam3_eval_amp,bt_beam3_eval_amp,,,,counts,CE05MOAS,GL383,ADCPA
CE05MOAS-GL383-03-ADCPAM000,bt_beam4_eval_amp,bt_beam4_eval_amp,,,,counts,CE05MOAS,GL383,ADCPA
CE05MOAS-GL383-03-ADCPAM000,bt_beam1_percent_good,bt_beam1_percent_good,,,,percent,CE05MOAS,GL383,ADCPA
CE05MOAS-GL383-03-ADCPAM000,bt_beam2_percent_good,bt_beam2_percent_good,,,,percent,CE05MOAS,GL383,ADCPA
CE05MOAS-GL383-03-ADCPAM000,bt_beam3_percent_good,bt_beam3_percent_good,,,,percent,CE05MOAS,GL383,ADCPA
CE05MOAS-GL383-03-ADCPAM000,bt_beam4_percent_good,bt_beam4_percent_good,,,,percent,CE05MOAS,GL383,ADCPA
CE05MOAS-GL383-03-ADCPAM000,bt_ref_layer_min,bt_ref_layer_min,,,,dm,CE05MOAS,GL383,ADCPA
CE05MOAS-GL383-03-ADCPAM000,bt_ref_layer_near,bt_ref_layer_near,,,,dm,CE05MOAS,GL383,ADCPA
CE05MOAS-GL383-03-ADCPAM000,bt_ref_layer_far,bt_ref_layer_far,,,,dm,CE05MOAS,GL383,ADCPA
CE05MOAS-GL383-03-ADCPAM000,bt_eastward_ref_layer_velocity,bt_eastward_ref_layer_velocity,,,,mm s-1,CE05MOAS,GL383,ADCPA
CE05MOAS-GL383-03-ADCPAM000,bt_northward_ref_layer_velocity,bt_northward_ref_layer_velocity,,,,mm s-1,CE05MOAS,GL383,ADCPA
CE05MOAS-GL383-03-ADCPAM000,bt_upward_ref_layer_velocity,bt_upward_ref_layer_velocity,,,,mm s-1,CE05MOAS,GL383,ADCPA
CE05MOAS-GL383-03-ADCPAM000,bt_error_ref_layer_velocity,bt_error_ref_layer_velocity,,,,mm s-1,CE05MOAS,GL383,ADCPA
CE05MOAS-GL383-03-ADCPAM000,bt_beam1_ref_correlation,bt_beam1_ref_correlation,,,,counts,CE05MOAS,GL383,ADCPA
CE05MOAS-GL383-03-ADCPAM000,bt_beam2_ref_correlation,bt_beam2_ref_correlation,,,,counts,CE05MOAS,GL383,ADCPA
CE05MOAS-GL383-03-ADCPAM000,bt_beam3_ref_correlation,bt_beam3_ref_correlation,,,,counts,CE05MOAS,GL383,ADCPA
CE05MOAS-GL383-03-ADCPAM000,bt_beam4_ref_correlation,bt_beam4_ref_correlation,,,,counts,CE05MOAS,GL383,ADCPA
CE05MOAS-GL383-03-ADCPAM000,bt_beam1_ref_intensity,bt_beam1_ref_intensity,,,,counts,CE05MOAS,GL383,ADCPA
CE05MOAS-GL383-03-ADCPAM000,bt_beam2_ref_intensity,bt_beam2_ref_intensity,,,,counts,CE05MOAS,GL383,ADCPA
CE05MOAS-GL383-03-ADCPAM000,internal_timestamp,internal_timestamp,,,ENG,seconds since 1900-01-01,CE05MOAS,GL383,ADCPA
CE05MOAS-GL383-03-ADCPAM000,bt_beam3_ref_intensity,bt_beam3_ref_intensity,,,,counts,CE05MOAS,GL383,ADCPA
CE05MOAS-GL383-03-ADCPAM000,bt_beam4_ref_intensity,bt_beam4_ref_intensity,,,,counts,CE05MOAS,GL383,ADCPA
CE05MOAS-GL383-03-ADCPAM000,bt_beam1_ref_percent_good,bt_beam1_ref_percent_good,,,,percent,CE05MOAS,GL383,ADCPA
CE05MOAS-GL383-03-ADCPAM000,bt_beam2_ref_percent_good,bt_beam2_ref_percent_good,,,,percent,CE05MOAS,GL383,ADCPA
CE05MOAS-GL383-03-ADCPAM000,bt_beam3_ref_percent_good,bt_beam3_ref_percent_good,,,,percent,CE05MOAS,GL383,ADCPA
CE05MOAS-GL383-03-ADCPAM000,bt_beam4_ref_percent_good,bt_beam4_ref_percent_good,,,,percent,CE05MOAS,GL383,ADCPA
CE05MOAS-GL383-03-ADCPAM000,bt_max_depth,bt_max_depth,,,,dm,CE05MOAS,GL383,ADCPA
CE05MOAS-GL383-03-ADCPAM000,bt_beam1_rssi_amplitude,bt_beam1_rssi_amplitude,,,,counts,CE05MOAS,GL383,ADCPA
CE05MOAS-GL383-03-ADCPAM000,bt_beam2_rssi_amplitude,bt_beam2_rssi_amplitude,,,,counts,CE05MOAS,GL383,ADCPA
CE05MOAS-GL383-03-ADCPAM000,bt_beam3_rssi_amplitude,bt_beam3_rssi_amplitude,,,,counts,CE05MOAS,GL383,ADCPA
CE05MOAS-GL383-03-ADCPAM000,bt_beam4_rssi_amplitude,bt_beam4_rssi_amplitude,,,,counts,CE05MOAS,GL383,ADCPA
CE05MOAS-GL383-03-ADCPAM000,bt_gain,bt_gain,,,,1,CE05MOAS,GL383,ADCPA
CE05MOAS-GL383-03-ADCPAM000,preferred_timestamp,preferred_timestamp,,,ENG,1,CE05MOAS,GL383,ADCPA
CE05MOAS-GL383-03-ADCPAM000,sensor_available_speed,sensor_available_speed,,,,1,CE05MOAS,GL383,ADCPA
CE05MOAS-GL383-03-ADCPAM000,sensor_source_temperature_eu,sensor_source_temperature_eu,,,,1,CE05MOAS,GL383,ADCPA
CE05MOAS-GL383-03-ADCPAM000,sensor_available_temperature_eu,sensor_available_temperature_eu,,,,1,CE05MOAS,GL383,ADCPA
CE05MOAS-GL383-03-ADCPAM000,bit_error_number,bit_error_number,,,,1,CE05MOAS,GL383,ADCPA
CE05MOAS-GL383-03-ADCPAM000,bit_error_count,bit_error_count,,,,counts,CE05MOAS,GL383,ADCPA
CE05MOAS-GL383-03-ADCPAM000,sysconfig_beam_angle,sysconfig_beam_angle,,,,1,CE05MOAS,GL383,ADCPA
CE05MOAS-GL383-03-ADCPAM000,sysconfig_beam_config,sysconfig_beam_config,,,,1,CE05MOAS,GL383,ADCPA
CE05MOAS-GL383-03-ADCPAM000,adcpa_m_upward_seawater_velocity,adcpa_m_upward_seawater_velocity,-1,1,L1,m s-1,CE05MOAS,GL383,ADCPA
CE05MOAS-GL383-03-ADCPAM000,adcpa_m_error_velocity,adcpa_m_error_velocity,-1,1,L1,m s-1,CE05MOAS,GL383,ADCPA
CE05MOAS-GL383-03-ADCPAM000,adcpa_m_eastward_seawater_velocity,adcpa_m_eastward_seawater_velocity,-3,3,L1,m s-1,CE05MOAS,GL383,ADCPA
CE05MOAS-GL383-03-ADCPAM000,adcpa_m_northward_seawater_velocity,adcpa_m_northward_seawater_velocity,-3,3,L1,m s-1,CE05MOAS,GL383,ADCPA
CE05MOAS-GL383-03-ADCPAM000,adcpa_m_echo_intensity_beam1,adcpa_m_echo_intensity_beam1,0,255,L1,dB,CE05MOAS,GL383,ADCPA
CE05MOAS-GL383-03-ADCPAM000,adcpa_m_echo_intensity_beam2,adcpa_m_echo_intensity_beam2,0,255,L1,dB,CE05MOAS,GL383,ADCPA
CE05MOAS-GL383-03-ADCPAM000,adcpa_m_echo_intensity_beam3,adcpa_m_echo_intensity_beam3,0,255,L1,dB,CE05MOAS,GL383,ADCPA
CE05MOAS-GL383-03-ADCPAM000,adcpa_m_echo_intensity_beam4,adcpa_m_echo_intensity_beam4,0,255,L1,dB,CE05MOAS,GL383,ADCPA
CE05MOAS-GL383-03-ADCPAM000,serial_number,serial_number,,,ENG,1,CE05MOAS,GL383,ADCPA
CE05MOAS-GL383-03-ADCPAM000,firmware_version,firmware_version,,,,1,CE05MOAS,GL383,ADCPA
CE05MOAS-GL383-03-ADCPAM000,firmware_revision,firmware_revision,,,,1,CE05MOAS,GL383,ADCPA
CE05MOAS-GL383-03-ADCPAM000,sysconfig_frequency,sysconfig_frequency,,,,kHz,CE05MOAS,GL383,ADCPA
CE05MOAS-GL383-03-ADCPAM000,sysconfig_beam_pattern,sysconfig_beam_pattern,,,,1,CE05MOAS,GL383,ADCPA
CE05MOAS-GL383-03-ADCPAM000,sysconfig_sensor_config,sysconfig_sensor_config,,,,1,CE05MOAS,GL383,ADCPA
CE05MOAS-GL383-03-ADCPAM000,sysconfig_head_attached,sysconfig_head_attached,,,,1,CE05MOAS,GL383,ADCPA
CE05MOAS-GL383-03-ADCPAM000,sysconfig_vertical_orientation,sysconfig_vertical_orientation,,,,1,CE05MOAS,GL383,ADCPA
CE05MOAS-GL383-03-ADCPAM000,data_flag,data_flag,,,,1,CE05MOAS,GL383,ADCPA
CE05MOAS-GL383-03-ADCPAM000,lag_length,lag_length,,,,s,CE05MOAS,GL383,ADCPA
CE05MOAS-GL383-03-ADCPAM000,num_beams,num_beams,,,,1,CE05MOAS,GL383,ADCPA
CE05MOAS-GL383-03-ADCPAM000,num_cells,num_cells,,,,1,CE05MOAS,GL383,ADCPA
CE05MOAS-GL383-03-ADCPAM000,pings_per_ensemble,pings_per_ensemble,,,,1,CE05MOAS,GL383,ADCPA
CE05MOAS-GL383-03-ADCPAM000,cell_length,cell_length,,,,cm,CE05MOAS,GL383,ADCPA
CE05MOAS-GL383-03-ADCPAM000,blank_after_transmit,blank_after_transmit,,,,cm,CE05MOAS,GL383,ADCPA
CE05MOAS-GL383-03-ADCPAM000,signal_processing_mode,signal_processing_mode,,,,1,CE05MOAS,GL383,ADCPA
CE05MOAS-GL383-03-ADCPAM000,low_corr_threshold,low_corr_threshold,,,,counts,CE05MOAS,GL383,ADCPA
CE05MOAS-GL383-03-ADCPAM000,num_code_repetitions,num_code_repetitions,,,,counts,CE05MOAS,GL383,ADCPA
CE05MOAS-GL383-03-ADCPAM000,percent_good_min,percent_good_min,,,,percent,CE05MOAS,GL383,ADCPA
CE05MOAS-GL383-03-ADCPAM000,error_vel_threshold,error_vel_threshold,,,,mm s-1,CE05MOAS,GL383,ADCPA
CE05MOAS-GL383-03-ADCPAM000,time_per_ping_minutes,time_per_ping_minutes,,,,min,CE05MOAS,GL383,ADCPA
CE05MOAS-GL383-03-ADCPAM000,time_per_ping_seconds,time_per_ping_seconds,,,,s,CE05MOAS,GL383,ADCPA
CE05MOAS-GL383-03-ADCPAM000,coord_transform_type,coord_transform_type,,,,1,CE05MOAS,GL383,ADCPA
CE05MOAS-GL383-03-ADCPAM000,coord_transform_tilts,coord_transform_tilts,,,,1,CE05MOAS,GL383,ADCPA
CE05MOAS-GL383-03-ADCPAM000,coord_transform_beams,coord_transform_beams,,,,1,CE05MOAS,GL383,ADCPA
CE05MOAS-GL383-03-ADCPAM000,coord_transform_mapping,coord_transform_mapping,,,,1,CE05MOAS,GL383,ADCPA
CE05MOAS-GL383-03-ADCPAM000,heading_alignment,heading_alignment,,,,cdegrees,CE05MOAS,GL383,ADCPA
CE05MOAS-GL383-03-ADCPAM000,heading_bias,heading_bias,,,,cdegrees,CE05MOAS,GL383,ADCPA
CE05MOAS-GL383-03-ADCPAM000,sensor_source_speed,sensor_source_speed,,,,1,CE05MOAS,GL383,ADCPA
CE05MOAS-GL383-03-ADCPAM000,sensor_source_depth,sensor_source_depth,,,,1,CE05MOAS,GL383,ADCPA
CE05MOAS-GL383-03-ADCPAM000,sensor_source_heading,sensor_source_heading,,,,1,CE05MOAS,GL383,ADCPA
CE05MOAS-GL383-03-ADCPAM000,sensor_source_pitch,sensor_source_pitch,,,,1,CE05MOAS,GL383,ADCPA
CE05MOAS-GL383-03-ADCPAM000,sensor_source_roll,sensor_source_roll,,,,1,CE05MOAS,GL383,ADCPA
CE05MOAS-GL383-03-ADCPAM000,sensor_source_conductivity,sensor_source_conductivity,,,,1,CE05MOAS,GL383,ADCPA
CE05MOAS-GL383-03-ADCPAM000,sensor_source_temperature,sensor_source_temperature,,,,1,CE05MOAS,GL383,ADCPA
CE05MOAS-GL383-03-ADCPAM000,sensor_available_depth,sensor_available_depth,,,,1,CE05MOAS,GL383,ADCPA
CE05MOAS-GL383-03-ADCPAM000,sensor_available_heading,sensor_available_heading,,,,1,CE05MOAS,GL383,ADCPA
CE05MOAS-GL383-03-ADCPAM000,sensor_available_pitch,sensor_available_pitch,,,,1,CE05MOAS,GL383,ADCPA
CE05MOAS-GL383-03-ADCPAM000,sensor_available_roll,sensor_available_roll,,,,1,CE05MOAS,GL383,ADCPA
CE05MOAS-GL383-03-ADCPAM000,sensor_available_conductivity,sensor_available_conductivity,,,,1,CE05MOAS,GL383,ADCPA
CE05MOAS-GL383-03-ADCPAM000,sensor_available_temperature,sensor_available_temperature,,,,1,CE05MOAS,GL383,ADCPA
CE05MOAS-GL383-03-ADCPAM000,bin_1_distance,bin_1_distance,,,,cm,CE05MOAS,GL383,ADCPA
CE05MOAS-GL383-03-ADCPAM000,transmit_pulse_length,transmit_pulse_length,,,,cm,CE05MOAS,GL383,ADCPA
CE05MOAS-GL383-03-ADCPAM000,reference_layer_start,reference_layer_start,,,,1,CE05MOAS,GL383,ADCPA
CE05MOAS-GL383-03-ADCPAM000,reference_layer_stop,reference_layer_stop,,,,1,CE05MOAS,GL383,ADCPA
CE05MOAS-GL383-03-ADCPAM000,false_target_threshold,false_target_threshold,,,,counts,CE05MOAS,GL383,ADCPA
CE05MOAS-GL383-03-ADCPAM000,transmit_lag_distance,transmit_lag_distance,,,,cm,CE05MOAS,GL383,ADCPA
CE05MOAS-GL383-03-ADCPAM000,system_bandwidth,system_bandwidth,,,,1,CE05MOAS,GL383,ADCPA
CE05MOAS-GL383-03-ADCPAM000,ensemble_number,ensemble_number,,,,1,CE05MOAS,GL383,ADCPA
CE05MOAS-GL383-03-ADCPAM000,ensemble_number_increment,ensemble_number_increment,,,,1,CE05MOAS,GL383,ADCPA
CE05MOAS-GL383-03-ADCPAM000,speed_of_sound,speed_of_sound,,,,m s-1,CE05MOAS,GL383,ADCPA
CE05MOAS-GL383-03-ADCPAM000,transducer_depth,transducer_depth,,,,dm,CE05MOAS,GL383,ADCPA
CE05MOAS-GL383-03-ADCPAM000,heading,heading,,,,cdegrees,CE05MOAS,GL383,ADCPA
CE05MOAS-GL383-03-ADCPAM000,pitch,pitch,,,,cdegrees,CE05MOAS,GL383,ADCPA
CE05MOAS-GL383-03-ADCPAM000,roll,roll,,,,cdegrees,CE05MOAS,GL383,ADCPA
CE05MOAS-GL383-03-ADCPAM000,salinity,salinity,,,,1,CE05MOAS,GL383,ADCPA
CE05MOAS-GL383-03-ADCPAM000,temperature,temperature,,,,cdeg_C,CE05MOAS,GL383,ADCPA
CE05MOAS-GL383-03-ADCPAM000,mpt_minutes,mpt_minutes,,,,min,CE05MOAS,GL383,ADCPA
CE05MOAS-GL383-03-ADCPAM000,mpt_seconds,mpt_seconds,,,,s,CE05MOAS,GL383,ADCPA
CE05MOAS-GL383-03-ADCPAM000,heading_stdev,heading_stdev,,,,degrees,CE05MOAS,GL383,ADCPA
CE05MOAS-GL383-03-ADCPAM000,pitch_stdev,pitch_stdev,,,,ddegrees,CE05MOAS,GL383,ADCPA
CE05MOAS-GL383-03-ADCPAM000,roll_stdev,roll_stdev,,,,ddegrees,CE05MOAS,GL383,ADCPA
CE05MOAS-GL383-03-ADCPAM000,adc_transmit_voltage,adc_transmit_voltage,,,,counts,CE05MOAS,GL383,ADCPA
CE05MOAS-GL383-03-ADCPAM000,time,time,,,ENG,seconds since 1900-01-01,CE05MOAS,GL383,ADCPA
CE05MOAS-GL383-03-ADCPAM000,pressure,pressure,,,,daPa,CE05MOAS,GL383,ADCPA
CE05MOAS-GL383-03-ADCPAM000,pressure_variance,pressure_variance,,,,daPa,CE05MOAS,GL383,ADCPA
CE05MOAS-GL383-03-ADCPAM000,water_velocity_east,water_velocity_east,,,L0,mm s-1,CE05MOAS,GL383,ADCPA
CE05MOAS-GL383-03-ADCPAM000,water_velocity_north,water_velocity_north,,,L0,mm s-1,CE05MOAS,GL383,ADCPA
CE05MOAS-GL383-03-ADCPAM000,water_velocity_up,water_velocity_up,,,L0,mm s-1,CE05MOAS,GL383,ADCPA
CE05MOAS-GL383-03-ADCPAM000,error_velocity,error_velocity,,,L0,mm s-1,CE05MOAS,GL383,ADCPA
CE05MOAS-GL383-03-ADCPAM000,correlation_magnitude_beam1,correlation_magnitude_beam1,,,,1,CE05MOAS,GL383,ADCPA
CE05MOAS-GL383-03-ADCPAM000,correlation_magnitude_beam2,correlation_magnitude_beam2,,,,1,CE05MOAS,GL383,ADCPA
CE05MOAS-GL383-03-ADCPAM000,correlation_magnitude_beam3,correlation_magnitude_beam3,,,,1,CE05MOAS,GL383,ADCPA
CE05MOAS-GL383-03-ADCPAM000,correlation_magnitude_beam4,correlation_magnitude_beam4,,,,1,CE05MOAS,GL383,ADCPA
CE05MOAS-GL383-03-ADCPAM000,echo_intensity_beam1,echo_intensity_beam1,,,L0,counts,CE05MOAS,GL383,ADCPA
CE05MOAS-GL383-03-ADCPAM000,echo_intensity_beam2,echo_intensity_beam2,,,L0,counts,CE05MOAS,GL383,ADCPA
CE05MOAS-GL383-03-ADCPAM000,echo_intensity_beam3,echo_intensity_beam3,,,L0,counts,CE05MOAS,GL383,ADCPA
CE05MOAS-GL383-03-ADCPAM000,echo_intensity_beam4,echo_intensity_beam4,,,L0,counts,CE05MOAS,GL383,ADCPA
CE05MOAS-GL383-03-ADCPAM000,percent_good_3beam,percent_good_3beam,,,,percent,CE05MOAS,GL383,ADCPA
CE05MOAS-GL383-03-ADCPAM000,percent_transforms_reject,percent_transforms_reject,,,,percent,CE05MOAS,GL383,ADCPA
CE05MOAS-GL383-03-ADCPAM000,percent_bad_beams,percent_bad_beams,,,,percent,CE05MOAS,GL383,ADCPA
CE05MOAS-GL383-03-ADCPAM000,percent_good_4beam,percent_good_4beam,,,,percent,CE05MOAS,GL383,ADCPA
CE05MOAS-GL383-03-ADCPAM000,ensemble_start_time,ensemble_start_time,,,,seconds since 1900-01-01,CE05MOAS,GL383,ADCPA
CE05MOAS-GL383-03-ADCPAM000,ingestion_timestamp,ingestion_timestamp,,,ENG,seconds since 1900-01-01,CE05MOAS,GL383,ADCPA
CE05MOAS-GL383-03-ADCPAM000,real_time_clock,real_time_clock,,,,1,CE05MOAS,GL383,ADCPA
CE05MOAS-GL383-04-DOSTAM000,driver_timestamp,driver_timestamp,,,ENG,seconds since 1900-01-01,CE05MOAS,GL383,DOSTA
CE05MOAS-GL383-04-DOSTAM000,internal_timestamp,internal_timestamp,,,ENG,seconds since 1900-01-01,CE05MOAS,GL383,DOSTA
CE05MOAS-GL383-04-DOSTAM000,m_present_secs_into_mission,m_present_secs_into_mission,,,ENG,s,CE05MOAS,GL383,DOSTA
CE05MOAS-GL383-04-DOSTAM000,m_present_time,m_present_time,,,AUX,seconds since 1970-01-01,CE05MOAS,GL383,DOSTA
CE05MOAS-GL383-04-DOSTAM000,sci_m_present_secs_into_mission,sci_m_present_secs_into_mission,,,,s,CE05MOAS,GL383,DOSTA
CE05MOAS-GL383-04-DOSTAM000,sci_m_present_time,sci_m_present_time,,,,seconds since 1970-01-01,CE05MOAS,GL383,DOSTA
CE05MOAS-GL383-04-DOSTAM000,sci_oxy4_c1amp,sci_oxy4_c1amp,,,,mV,CE05MOAS,GL383,DOSTA
CE05MOAS-GL383-04-DOSTAM000,sci_oxy4_c1rph,sci_oxy4_c1rph,,,,degrees,CE05MOAS,GL383,DOSTA
CE05MOAS-GL383-04-DOSTAM000,sci_oxy4_c2amp,sci_oxy4_c2amp,,,,mV,CE05MOAS,GL383,DOSTA
CE05MOAS-GL383-04-DOSTAM000,sci_oxy4_c2rph,sci_oxy4_c2rph,,,,degrees,CE05MOAS,GL383,DOSTA
CE05MOAS-GL383-04-DOSTAM000,sci_oxy4_calphase,sci_oxy4_calphase,,,L0,degrees,CE05MOAS,GL383,DOSTA
CE05MOAS-GL383-04-DOSTAM000,sci_oxy4_oxygen,sci_oxy4_oxygen,0,400,L1,umol L-1,CE05MOAS,GL383,DOSTA
CE05MOAS-GL383-04-DOSTAM000,sci_oxy4_rawtemp,sci_oxy4_rawtemp,,,,mV,CE05MOAS,GL383,DOSTA
CE05MOAS-GL383-04-DOSTAM000,sci_oxy4_saturation,sci_oxy4_saturation,,,,percent,CE05MOAS,GL383,DOSTA
CE05MOAS-GL383-04-DOSTAM000,sci_oxy4_tcphase,sci_oxy4_tcphase,,,,degrees,CE05MOAS,GL383,DOSTA
CE05MOAS-GL383-04-DOSTAM000,sci_oxy4_temp,sci_oxy4_temp,,,,deg_C,CE05MOAS,GL383,DOSTA
CE05MOAS-GL383-04-DOSTAM000,sci_oxy4_timestamp,sci_oxy4_timestamp,,,,1,CE05MOAS,GL383,DOSTA
CE05MOAS-GL383-04-DOSTAM000,sci_water_cond,sci_water_cond,0,6,L1,S m-1,CE05MOAS,GL383,DOSTA
CE05MOAS-GL383-04-DOSTAM000,sci_water_pressure,sci_water_pressure,0,6000,L1,dbar,CE05MOAS,GL383,DOSTA
CE05MOAS-GL383-04-DOSTAM000,sci_water_temp,sci_water_temp,-2,40,L1,deg_C,CE05MOAS,GL383,DOSTA
CE05MOAS-GL383-04-DOSTAM000,preferred_timestamp,preferred_timestamp,,,ENG,1,CE05MOAS,GL383,DOSTA
CE05MOAS-GL383-04-DOSTAM000,sci_abs_oxygen,sci_abs_oxygen,0,400,L2,umol kg-1,CE05MOAS,GL383,DOSTA
CE05MOAS-GL383-04-DOSTAM000,time,time,,,ENG,seconds since 1900-01-01,CE05MOAS,GL383,DOSTA
CE05MOAS-GL383-04-DOSTAM000,ingestion_timestamp,ingestion_timestamp,,,ENG,seconds since 1900-01-01,CE05MOAS,GL383,DOSTA
CE05MOAS-GL383-05-CTDGVM000,driver_timestamp,driver_timestamp,,,ENG,seconds since 1900-01-01,CE05MOAS,GL383,CTDGV
CE05MOAS-GL383-05-CTDGVM000,internal_timestamp,internal_timestamp,,,ENG,seconds since 1900-01-01,CE05MOAS,GL383,CTDGV
CE05MOAS-GL383-05-CTDGVM000,m_present_secs_into_mission,m_present_secs_into_mission,,,ENG,s,CE05MOAS,GL383,CTDGV
CE05MOAS-GL383-05-CTDGVM000,m_present_time,m_present_time,,,AUX,seconds since 1970-01-01,CE05MOAS,GL383,CTDGV
CE05MOAS-GL383-05-CTDGVM000,sci_ctd41cp_timestamp,sci_ctd41cp_timestamp,,,,seconds since 1970-01-01,CE05MOAS,GL383,CTDGV
CE05MOAS-GL383-05-CTDGVM000,sci_m_present_secs_into_mission,sci_m_present_secs_into_mission,,,,s,CE05MOAS,GL383,CTDGV
CE05MOAS-GL383-05-CTDGVM000,sci_m_present_time,sci_m_present_time,,,,seconds since 1970-01-01,CE05MOAS,GL383,CTDGV
CE05MOAS-GL383-05-CTDGVM000,sci_water_cond,sci_water_cond,0,6,L1,S m-1,CE05MOAS,GL383,CTDGV
CE05MOAS-GL383-05-CTDGVM000,sci_water_pressure,sci_water_pressure,0,6000,L1,dbar,CE05MOAS,GL383,CTDGV
CE05MOAS-GL383-05-CTDGVM000,sci_water_temp,sci_water_temp,-2,40,L1,deg_C,CE05MOAS,GL383,CTDGV
CE05MOAS-GL383-05-CTDGVM000,sci_water_pracsal,sci_water_pracsal,0,42,L2,1,CE05MOAS,GL383,CTDGV
CE05MOAS-GL383-05-CTDGVM000,preferred_timestamp,preferred_timestamp,,,ENG,1,CE05MOAS,GL383,CTDGV
CE05MOAS-GL383-05-CTDGVM000,sci_seawater_density,sci_seawater_density,1000,1100,L2,kg m-3,CE05MOAS,GL383,CTDGV
CE05MOAS-GL383-05-CTDGVM000,time,time,,,ENG,seconds since 1900-01-01,CE05MOAS,GL383,CTDGV
CE05MOAS-GL383-05-CTDGVM000,ingestion_timestamp,ingestion_timestamp,,,ENG,seconds since 1900-01-01,CE05MOAS,GL383,CTDGV
CE05MOAS-GL384-01-PARADM000,driver_timestamp,driver_timestamp,,,ENG,seconds since 1900-01-01,CE05MOAS,GL384,PARAD
CE05MOAS-GL384-01-PARADM000,internal_timestamp,internal_timestamp,,,ENG,seconds since 1900-01-01,CE05MOAS,GL384,PARAD
CE05MOAS-GL384-01-PARADM000,m_present_secs_into_mission,m_present_secs_into_mission,,,ENG,s,CE05MOAS,GL384,PARAD
CE05MOAS-GL384-01-PARADM000,m_present_time,m_present_time,,,AUX,seconds since 1970-01-01,CE05MOAS,GL384,PARAD
CE05MOAS-GL384-01-PARADM000,sci_bsipar_par,sci_bsipar_par,0,2500,L1,umol photons m-2 s-1,CE05MOAS,GL384,PARAD
CE05MOAS-GL384-01-PARADM000,sci_bsipar_sensor_volts,sci_bsipar_sensor_volts,,,L0,V,CE05MOAS,GL384,PARAD
CE05MOAS-GL384-01-PARADM000,sci_bsipar_supply_volts,sci_bsipar_supply_volts,,,,V,CE05MOAS,GL384,PARAD
CE05MOAS-GL384-01-PARADM000,sci_bsipar_temp,sci_bsipar_temp,,,,deg_C,CE05MOAS,GL384,PARAD
CE05MOAS-GL384-01-PARADM000,sci_m_present_secs_into_mission,sci_m_present_secs_into_mission,,,,s,CE05MOAS,GL384,PARAD
CE05MOAS-GL384-01-PARADM000,sci_m_present_time,sci_m_present_time,,,,seconds since 1970-01-01,CE05MOAS,GL384,PARAD
CE05MOAS-GL384-01-PARADM000,preferred_timestamp,preferred_timestamp,,,ENG,1,CE05MOAS,GL384,PARAD
CE05MOAS-GL384-01-PARADM000,time,time,,,ENG,seconds since 1900-01-01,CE05MOAS,GL384,PARAD
CE05MOAS-GL384-01-PARADM000,ingestion_timestamp,ingestion_timestamp,,,ENG,seconds since 1900-01-01,CE05MOAS,GL384,PARAD
CE05MOAS-GL384-02-FLORTM000,driver_timestamp,driver_timestamp,,,ENG,seconds since 1900-01-01,CE05MOAS,GL384,FLORT
CE05MOAS-GL384-02-FLORTM000,internal_timestamp,internal_timestamp,,,ENG,seconds since 1900-01-01,CE05MOAS,GL384,FLORT
CE05MOAS-GL384-02-FLORTM000,m_present_secs_into_mission,m_present_secs_into_mission,,,ENG,s,CE05MOAS,GL384,FLORT
CE05MOAS-GL384-02-FLORTM000,m_present_time,m_present_time,,,AUX,seconds since 1970-01-01,CE05MOAS,GL384,FLORT
CE05MOAS-GL384-02-FLORTM000,sci_flbbcd_bb_ref,sci_flbbcd_bb_ref,,,,nm,CE05MOAS,GL384,FLORT
CE05MOAS-GL384-02-FLORTM000,sci_flbbcd_bb_sig,sci_flbbcd_bb_sig,,,,counts,CE05MOAS,GL384,FLORT
CE05MOAS-GL384-02-FLORTM000,sci_flbbcd_bb_units,sci_flbbcd_bb_units,,,L1,m-1 sr-1,CE05MOAS,GL384,FLORT
CE05MOAS-GL384-02-FLORTM000,sci_flbbcd_cdom_ref,sci_flbbcd_cdom_ref,,,,nm,CE05MOAS,GL384,FLORT
CE05MOAS-GL384-02-FLORTM000,sci_flbbcd_cdom_sig,sci_flbbcd_cdom_sig,,,,counts,CE05MOAS,GL384,FLORT
CE05MOAS-GL384-02-FLORTM000,sci_flbbcd_cdom_units,sci_flbbcd_cdom_units,0,375,L1,ppb,CE05MOAS,GL384,FLORT
CE05MOAS-GL384-02-FLORTM000,sci_flbbcd_chlor_ref,sci_flbbcd_chlor_ref,,,,nm,CE05MOAS,GL384,FLORT
CE05MOAS-GL384-02-FLORTM000,sci_flbbcd_chlor_sig,sci_flbbcd_chlor_sig,,,,counts,CE05MOAS,GL384,FLORT
CE05MOAS-GL384-02-FLORTM000,sci_flbbcd_chlor_units,sci_flbbcd_chlor_units,0,50,L1,ug L-1,CE05MOAS,GL384,FLORT
CE05MOAS-GL384-02-FLORTM000,sci_flbbcd_therm,sci_flbbcd_therm,,,ENG,1,CE05MOAS,GL384,FLORT
CE05MOAS-GL384-02-FLORTM000,sci_flbbcd_timestamp,sci_flbbcd_timestamp,,,ENG,seconds since 1970-01-01,CE05MOAS,GL384,FLORT
CE05MOAS-GL384-02-FLORTM000,sci_m_present_secs_into_mission,sci_m_present_secs_into_mission,,,,s,CE05MOAS,GL384,FLORT
CE05MOAS-GL384-02-FLORTM000,sci_m_present_time,sci_m_present_time,,,,seconds since 1970-01-01,CE05MOAS,GL384,FLORT
CE05MOAS-GL384-02-FLORTM000,preferred_timestamp,preferred_timestamp,,,ENG,1,CE05MOAS,GL384,FLORT
CE05MOAS-GL384-02-FLORTM000,flort_m_bback_total,flort_m_bback_total,0.0003,1,L2,m-1,CE05MOAS,GL384,FLORT
CE05MOAS-GL384-02-FLORTM000,flort_m_scat_seawater,flort_m_scat_seawater,,,AUX,m-1,CE05MOAS,GL384,FLORT
CE05MOAS-GL384-02-FLORTM000,time,time,,,ENG,seconds since 1900-01-01,CE05MOAS,GL384,FLORT
CE05MOAS-GL384-02-FLORTM000,ingestion_timestamp,ingestion_timestamp,,,ENG,seconds since 1900-01-01,CE05MOAS,GL384,FLORT
CE05MOAS-GL384-03-ADCPAM000,bin_depths,bin_depths,,,,m,CE05MOAS,GL384,ADCPA
CE05MOAS-GL384-03-ADCPAM000,driver_timestamp,driver_timestamp,,,ENG,seconds since 1900-01-01,CE05MOAS,GL384,ADCPA
CE05MOAS-GL384-03-ADCPAM000,bt_pings_per_ensemble,bt_pings_per_ensemble,,,,1,CE05MOAS,GL384,ADCPA
CE05MOAS-GL384-03-ADCPAM000,bt_delay_before_reacquire,bt_delay_before_reacquire,,,,1,CE05MOAS,GL384,ADCPA
CE05MOAS-GL384-03-ADCPAM000,bt_corr_magnitude_min,bt_corr_magnitude_min,,,,counts,CE05MOAS,GL384,ADCPA
CE05MOAS-GL384-03-ADCPAM000,bt_eval_magnitude_min,bt_eval_magnitude_min,,,,counts,CE05MOAS,GL384,ADCPA
CE05MOAS-GL384-03-ADCPAM000,bt_percent_good_min,bt_percent_good_min,,,,percent,CE05MOAS,GL384,ADCPA
CE05MOAS-GL384-03-ADCPAM000,bt_mode,bt_mode,,,,1,CE05MOAS,GL384,ADCPA
CE05MOAS-GL384-03-ADCPAM000,bt_error_velocity_max,bt_error_velocity_max,,,,mm s-1,CE05MOAS,GL384,ADCPA
CE05MOAS-GL384-03-ADCPAM000,bt_beam1_range,bt_beam1_range,,,,cm,CE05MOAS,GL384,ADCPA
CE05MOAS-GL384-03-ADCPAM000,bt_beam2_range,bt_beam2_range,,,,cm,CE05MOAS,GL384,ADCPA
CE05MOAS-GL384-03-ADCPAM000,bt_beam3_range,bt_beam3_range,,,,cm,CE05MOAS,GL384,ADCPA
CE05MOAS-GL384-03-ADCPAM000,bt_beam4_range,bt_beam4_range,,,,cm,CE05MOAS,GL384,ADCPA
CE05MOAS-GL384-03-ADCPAM000,bt_eastward_velocity,bt_eastward_velocity,,,,mm s-1,CE05MOAS,GL384,ADCPA
CE05MOAS-GL384-03-ADCPAM000,bt_northward_velocity,bt_northward_velocity,,,,mm s-1,CE05MOAS,GL384,ADCPA
CE05MOAS-GL384-03-ADCPAM000,bt_upward_velocity,bt_upward_velocity,,,,mm s-1,CE05MOAS,GL384,ADCPA
CE05MOAS-GL384-03-ADCPAM000,bt_error_velocity,bt_error_velocity,,,,mm s-1,CE05MOAS,GL384,ADCPA
CE05MOAS-GL384-03-ADCPAM000,bt_beam1_correlation,bt_beam1_correlation,,,,counts,CE05MOAS,GL384,ADCPA
CE05MOAS-GL384-03-ADCPAM000,bt_beam2_correlation,bt_beam2_correlation,,,,counts,CE05MOAS,GL384,ADCPA
CE05MOAS-GL384-03-ADCPAM000,bt_beam3_correlation,bt_beam3_correlation,,,,counts,CE05MOAS,GL384,ADCPA
CE05MOAS-GL384-03-ADCPAM000,bt_beam4_correlation,bt_beam4_correlation,,,,counts,CE05MOAS,GL384,ADCPA
CE05MOAS-GL384-03-ADCPAM000,bt_beam1_eval_amp,bt_beam1_eval_amp,,,,counts,CE05MOAS,GL384,ADCPA
CE05MOAS-GL384-03-ADCPAM000,bt_beam2_eval_amp,bt_beam2_eval_amp,,,,counts,CE05MOAS,GL384,ADCPA
CE05MOAS-GL384-03-ADCPAM000,bt_beam3_eval_amp,bt_beam3_eval_amp,,,,counts,CE05MOAS,GL384,ADCPA
CE05MOAS-GL384-03-ADCPAM000,bt_beam4_eval_amp,bt_beam4_eval_amp,,,,counts,CE05MOAS,GL384,ADCPA
CE05MOAS-GL384-03-ADCPAM000,bt_beam1_percent_good,bt_beam1_percent_good,,,,percent,CE05MOAS,GL384,ADCPA
CE05MOAS-GL384-03-ADCPAM000,bt_beam2_percent_good,bt_beam2_percent_good,,,,percent,CE05MOAS,GL384,ADCPA
CE05MOAS-GL384-03-ADCPAM000,bt_beam3_percent_good,bt_beam3_percent_good,,,,percent,CE05MOAS,GL384,ADCPA
CE05MOAS-GL384-03-ADCPAM000,bt_beam4_percent_good,bt_beam4_percent_good,,,,percent,CE05MOAS,GL384,ADCPA
CE05MOAS-GL384-03-ADCPAM000,bt_ref_layer_min,bt_ref_layer_min,,,,dm,CE05MOAS,GL384,ADCPA
CE05MOAS-GL384-03-ADCPAM000,bt_ref_layer_near,bt_ref_layer_near,,,,dm,CE05MOAS,GL384,ADCPA
CE05MOAS-GL384-03-ADCPAM000,bt_ref_layer_far,bt_ref_layer_far,,,,dm,CE05MOAS,GL384,ADCPA
CE05MOAS-GL384-03-ADCPAM000,bt_eastward_ref_layer_velocity,bt_eastward_ref_layer_velocity,,,,mm s-1,CE05MOAS,GL384,ADCPA
CE05MOAS-GL384-03-ADCPAM000,bt_northward_ref_layer_velocity,bt_northward_ref_layer_velocity,,,,mm s-1,CE05MOAS,GL384,ADCPA
CE05MOAS-GL384-03-ADCPAM000,bt_upward_ref_layer_velocity,bt_upward_ref_layer_velocity,,,,mm s-1,CE05MOAS,GL384,ADCPA
CE05MOAS-GL384-03-ADCPAM000,bt_error_ref_layer_velocity,bt_error_ref_layer_velocity,,,,mm s-1,CE05MOAS,GL384,ADCPA
CE05MOAS-GL384-03-ADCPAM000,bt_beam1_ref_correlation,bt_beam1_ref_correlation,,,,counts,CE05MOAS,GL384,ADCPA
CE05MOAS-GL384-03-ADCPAM000,bt_beam2_ref_correlation,bt_beam2_ref_correlation,,,,counts,CE05MOAS,GL384,ADCPA
CE05MOAS-GL384-03-ADCPAM000,bt_beam3_ref_correlation,bt_beam3_ref_correlation,,,,counts,CE05MOAS,GL384,ADCPA
CE05MOAS-GL384-03-ADCPAM000,bt_beam4_ref_correlation,bt_beam4_ref_correlation,,,,counts,CE05MOAS,GL384,ADCPA
CE05MOAS-GL384-03-ADCPAM000,bt_beam1_ref_intensity,bt_beam1_ref_intensity,,,,counts,CE05MOAS,GL384,ADCPA
CE05MOAS-GL384-03-ADCPAM000,bt_beam2_ref_intensity,bt_beam2_ref_intensity,,,,counts,CE05MOAS,GL384,ADCPA
CE05MOAS-GL384-03-ADCPAM000,internal_timestamp,internal_timestamp,,,ENG,seconds since 1900-01-01,CE05MOAS,GL384,ADCPA
CE05MOAS-GL384-03-ADCPAM000,bt_beam3_ref_intensity,bt_beam3_ref_intensity,,,,counts,CE05MOAS,GL384,ADCPA
CE05MOAS-GL384-03-ADCPAM000,bt_beam4_ref_intensity,bt_beam4_ref_intensity,,,,counts,CE05MOAS,GL384,ADCPA
CE05MOAS-GL384-03-ADCPAM000,bt_beam1_ref_percent_good,bt_beam1_ref_percent_good,,,,percent,CE05MOAS,GL384,ADCPA
CE05MOAS-GL384-03-ADCPAM000,bt_beam2_ref_percent_good,bt_beam2_ref_percent_good,,,,percent,CE05MOAS,GL384,ADCPA
CE05MOAS-GL384-03-ADCPAM000,bt_beam3_ref_percent_good,bt_beam3_ref_percent_good,,,,percent,CE05MOAS,GL384,ADCPA
CE05MOAS-GL384-03-ADCPAM000,bt_beam4_ref_percent_good,bt_beam4_ref_percent_good,,,,percent,CE05MOAS,GL384,ADCPA
CE05MOAS-GL384-03-ADCPAM000,bt_max_depth,bt_max_depth,,,,dm,CE05MOAS,GL384,ADCPA
CE05MOAS-GL384-03-ADCPAM000,bt_beam1_rssi_amplitude,bt_beam1_rssi_amplitude,,,,counts,CE05MOAS,GL384,ADCPA
CE05MOAS-GL384-03-ADCPAM000,bt_beam2_rssi_amplitude,bt_beam2_rssi_amplitude,,,,counts,CE05MOAS,GL384,ADCPA
CE05MOAS-GL384-03-ADCPAM000,bt_beam3_rssi_amplitude,bt_beam3_rssi_amplitude,,,,counts,CE05MOAS,GL384,ADCPA
CE05MOAS-GL384-03-ADCPAM000,bt_beam4_rssi_amplitude,bt_beam4_rssi_amplitude,,,,counts,CE05MOAS,GL384,ADCPA
CE05MOAS-GL384-03-ADCPAM000,bt_gain,bt_gain,,,,1,CE05MOAS,GL384,ADCPA
CE05MOAS-GL384-03-ADCPAM000,preferred_timestamp,preferred_timestamp,,,ENG,1,CE05MOAS,GL384,ADCPA
CE05MOAS-GL384-03-ADCPAM000,sensor_available_speed,sensor_available_speed,,,,1,CE05MOAS,GL384,ADCPA
CE05MOAS-GL384-03-ADCPAM000,sensor_source_temperature_eu,sensor_source_temperature_eu,,,,1,CE05MOAS,GL384,ADCPA
CE05MOAS-GL384-03-ADCPAM000,sensor_available_temperature_eu,sensor_available_temperature_eu,,,,1,CE05MOAS,GL384,ADCPA
CE05MOAS-GL384-03-ADCPAM000,bit_error_number,bit_error_number,,,,1,CE05MOAS,GL384,ADCPA
CE05MOAS-GL384-03-ADCPAM000,bit_error_count,bit_error_count,,,,counts,CE05MOAS,GL384,ADCPA
CE05MOAS-GL384-03-ADCPAM000,sysconfig_beam_angle,sysconfig_beam_angle,,,,1,CE05MOAS,GL384,ADCPA
CE05MOAS-GL384-03-ADCPAM000,sysconfig_beam_config,sysconfig_beam_config,,,,1,CE05MOAS,GL384,ADCPA
CE05MOAS-GL384-03-ADCPAM000,adcpa_m_upward_seawater_velocity,adcpa_m_upward_seawater_velocity,-1,1,L1,m s-1,CE05MOAS,GL384,ADCPA
CE05MOAS-GL384-03-ADCPAM000,adcpa_m_error_velocity,adcpa_m_error_velocity,-1,1,L1,m s-1,CE05MOAS,GL384,ADCPA
CE05MOAS-GL384-03-ADCPAM000,adcpa_m_eastward_seawater_velocity,adcpa_m_eastward_seawater_velocity,-3,3,L1,m s-1,CE05MOAS,GL384,ADCPA
CE05MOAS-GL384-03-ADCPAM000,adcpa_m_northward_seawater_velocity,adcpa_m_northward_seawater_velocity,-3,3,L1,m s-1,CE05MOAS,GL384,ADCPA
CE05MOAS-GL384-03-ADCPAM000,adcpa_m_echo_intensity_beam1,adcpa_m_echo_intensity_beam1,0,255,L1,dB,CE05MOAS,GL384,ADCPA
CE05MOAS-GL384-03-ADCPAM000,adcpa_m_echo_intensity_beam2,adcpa_m_echo_intensity_beam2,0,255,L1,dB,CE05MOAS,GL384,ADCPA
CE05MOAS-GL384-03-ADCPAM000,adcpa_m_echo_intensity_beam3,adcpa_m_echo_intensity_beam3,0,255,L1,dB,CE05MOAS,GL384,ADCPA
CE05MOAS-GL384-03-ADCPAM000,adcpa_m_echo_intensity_beam4,adcpa_m_echo_intensity_beam4,0,255,L1,dB,CE05MOAS,GL384,ADCPA
CE05MOAS-GL384-03-ADCPAM000,serial_number,serial_number,,,ENG,1,CE05MOAS,GL384,ADCPA
CE05MOAS-GL384-03-ADCPAM000,firmware_version,firmware_version,,,,1,CE05MOAS,GL384,ADCPA
CE05MOAS-GL384-03-ADCPAM000,firmware_revision,firmware_revision,,,,1,CE05MOAS,GL384,ADCPA
CE05MOAS-GL384-03-ADCPAM000,sysconfig_frequency,sysconfig_frequency,,,,kHz,CE05MOAS,GL384,ADCPA
CE05MOAS-GL384-03-ADCPAM000,sysconfig_beam_pattern,sysconfig_beam_pattern,,,,1,CE05MOAS,GL384,ADCPA
CE05MOAS-GL384-03-ADCPAM000,sysconfig_sensor_config,sysconfig_sensor_config,,,,1,CE05MOAS,GL384,ADCPA
CE05MOAS-GL384-03-ADCPAM000,sysconfig_head_attached,sysconfig_head_attached,,,,1,CE05MOAS,GL384,ADCPA
CE05MOAS-GL384-03-ADCPAM000,sysconfig_vertical_orientation,sysconfig_vertical_orientation,,,,1,CE05MOAS,GL384,ADCPA
CE05MOAS-GL384-03-ADCPAM000,data_flag,data_flag,,,,1,CE05MOAS,GL384,ADCPA
CE05MOAS-GL384-03-ADCPAM000,lag_length,lag_length,,,,s,CE05MOAS,GL384,ADCPA
CE05MOAS-GL384-03-ADCPAM000,num_beams,num_beams,,,,1,CE05MOAS,GL384,ADCPA
CE05MOAS-GL384-03-ADCPAM000,num_cells,num_cells,,,,1,CE05MOAS,GL384,ADCPA
CE05MOAS-GL384-03-ADCPAM000,pings_per_ensemble,pings_per_ensemble,,,,1,CE05MOAS,GL384,ADCPA
CE05MOAS-GL384-03-ADCPAM000,cell_length,cell_length,,,,cm,CE05MOAS,GL384,ADCPA
CE05MOAS-GL384-03-ADCPAM000,blank_after_transmit,blank_after_transmit,,,,cm,CE05MOAS,GL384,ADCPA
CE05MOAS-GL384-03-ADCPAM000,signal_processing_mode,signal_processing_mode,,,,1,CE05MOAS,GL384,ADCPA
CE05MOAS-GL384-03-ADCPAM000,low_corr_threshold,low_corr_threshold,,,,counts,CE05MOAS,GL384,ADCPA
CE05MOAS-GL384-03-ADCPAM000,num_code_repetitions,num_code_repetitions,,,,counts,CE05MOAS,GL384,ADCPA
CE05MOAS-GL384-03-ADCPAM000,percent_good_min,percent_good_min,,,,percent,CE05MOAS,GL384,ADCPA
CE05MOAS-GL384-03-ADCPAM000,error_vel_threshold,error_vel_threshold,,,,mm s-1,CE05MOAS,GL384,ADCPA
CE05MOAS-GL384-03-ADCPAM000,time_per_ping_minutes,time_per_ping_minutes,,,,min,CE05MOAS,GL384,ADCPA
CE05MOAS-GL384-03-ADCPAM000,time_per_ping_seconds,time_per_ping_seconds,,,,s,CE05MOAS,GL384,ADCPA
CE05MOAS-GL384-03-ADCPAM000,coord_transform_type,coord_transform_type,,,,1,CE05MOAS,GL384,ADCPA
CE05MOAS-GL384-03-ADCPAM000,coord_transform_tilts,coord_transform_tilts,,,,1,CE05MOAS,GL384,ADCPA
CE05MOAS-GL384-03-ADCPAM000,coord_transform_beams,coord_transform_beams,,,,1,CE05MOAS,GL384,ADCPA
CE05MOAS-GL384-03-ADCPAM000,coord_transform_mapping,coord_transform_mapping,,,,1,CE05MOAS,GL384,ADCPA
CE05MOAS-GL384-03-ADCPAM000,heading_alignment,heading_alignment,,,,cdegrees,CE05MOAS,GL384,ADCPA
CE05MOAS-GL384-03-ADCPAM000,heading_bias,heading_bias,,,,cdegrees,CE05MOAS,GL384,ADCPA
CE05MOAS-GL384-03-ADCPAM000,sensor_source_speed,sensor_source_speed,,,,1,CE05MOAS,GL384,ADCPA
CE05MOAS-GL384-03-ADCPAM000,sensor_source_depth,sensor_source_depth,,,,1,CE05MOAS,GL384,ADCPA
CE05MOAS-GL384-03-ADCPAM000,sensor_source_heading,sensor_source_heading,,,,1,CE05MOAS,GL384,ADCPA
CE05MOAS-GL384-03-ADCPAM000,sensor_source_pitch,sensor_source_pitch,,,,1,CE05MOAS,GL384,ADCPA
CE05MOAS-GL384-03-ADCPAM000,sensor_source_roll,sensor_source_roll,,,,1,CE05MOAS,GL384,ADCPA
CE05MOAS-GL384-03-ADCPAM000,sensor_source_conductivity,sensor_source_conductivity,,,,1,CE05MOAS,GL384,ADCPA
CE05MOAS-GL384-03-ADCPAM000,sensor_source_temperature,sensor_source_temperature,,,,1,CE05MOAS,GL384,ADCPA
CE05MOAS-GL384-03-ADCPAM000,sensor_available_depth,sensor_available_depth,,,,1,CE05MOAS,GL384,ADCPA
CE05MOAS-GL384-03-ADCPAM000,sensor_available_heading,sensor_available_heading,,,,1,CE05MOAS,GL384,ADCPA
CE05MOAS-GL384-03-ADCPAM000,sensor_available_pitch,sensor_available_pitch,,,,1,CE05MOAS,GL384,ADCPA
CE05MOAS-GL384-03-ADCPAM000,sensor_available_roll,sensor_available_roll,,,,1,CE05MOAS,GL384,ADCPA
CE05MOAS-GL384-03-ADCPAM000,sensor_available_conductivity,sensor_available_conductivity,,,,1,CE05MOAS,GL384,ADCPA
CE05MOAS-GL384-03-ADCPAM000,sensor_available_temperature,sensor_available_temperature,,,,1,CE05MOAS,GL384,ADCPA
CE05MOAS-GL384-03-ADCPAM000,bin_1_distance,bin_1_distance,,,,cm,CE05MOAS,GL384,ADCPA
CE05MOAS-GL384-03-ADCPAM000,transmit_pulse_length,transmit_pulse_length,,,,cm,CE05MOAS,GL384,ADCPA
CE05MOAS-GL384-03-ADCPAM000,reference_layer_start,reference_layer_start,,,,1,CE05MOAS,GL384,ADCPA
CE05MOAS-GL384-03-ADCPAM000,reference_layer_stop,reference_layer_stop,,,,1,CE05MOAS,GL384,ADCPA
CE05MOAS-GL384-03-ADCPAM000,false_target_threshold,false_target_threshold,,,,counts,CE05MOAS,GL384,ADCPA
CE05MOAS-GL384-03-ADCPAM000,transmit_lag_distance,transmit_lag_distance,,,,cm,CE05MOAS,GL384,ADCPA
CE05MOAS-GL384-03-ADCPAM000,system_bandwidth,system_bandwidth,,,,1,CE05MOAS,GL384,ADCPA
CE05MOAS-GL384-03-ADCPAM000,ensemble_number,ensemble_number,,,,1,CE05MOAS,GL384,ADCPA
CE05MOAS-GL384-03-ADCPAM000,ensemble_number_increment,ensemble_number_increment,,,,1,CE05MOAS,GL384,ADCPA
CE05MOAS-GL384-03-ADCPAM000,speed_of_sound,speed_of_sound,,,,m s-1,CE05MOAS,GL384,ADCPA
CE05MOAS-GL384-03-ADCPAM000,transducer_depth,transducer_depth,,,,dm,CE05MOAS,GL384,ADCPA
CE05MOAS-GL384-03-ADCPAM000,heading,heading,,,,cdegrees,CE05MOAS,GL384,ADCPA
CE05MOAS-GL384-03-ADCPAM000,pitch,pitch,,,,cdegrees,CE05MOAS,GL384,ADCPA
CE05MOAS-GL384-03-ADCPAM000,roll,roll,,,,cdegrees,CE05MOAS,GL384,ADCPA
CE05MOAS-GL384-03-ADCPAM000,salinity,salinity,,,,1,CE05MOAS,GL384,ADCPA
CE05MOAS-GL384-03-ADCPAM000,temperature,temperature,,,,cdeg_C,CE05MOAS,GL384,ADCPA
CE05MOAS-GL384-03-ADCPAM000,mpt_minutes,mpt_minutes,,,,min,CE05MOAS,GL384,ADCPA
CE05MOAS-GL384-03-ADCPAM000,mpt_seconds,mpt_seconds,,,,s,CE05MOAS,GL384,ADCPA
CE05MOAS-GL384-03-ADCPAM000,heading_stdev,heading_stdev,,,,degrees,CE05MOAS,GL384,ADCPA
CE05MOAS-GL384-03-ADCPAM000,pitch_stdev,pitch_stdev,,,,ddegrees,CE05MOAS,GL384,ADCPA
CE05MOAS-GL384-03-ADCPAM000,roll_stdev,roll_stdev,,,,ddegrees,CE05MOAS,GL384,ADCPA
CE05MOAS-GL384-03-ADCPAM000,adc_transmit_voltage,adc_transmit_voltage,,,,counts,CE05MOAS,GL384,ADCPA
CE05MOAS-GL384-03-ADCPAM000,time,time,,,ENG,seconds since 1900-01-01,CE05MOAS,GL384,ADCPA
CE05MOAS-GL384-03-ADCPAM000,pressure,pressure,,,,daPa,CE05MOAS,GL384,ADCPA
CE05MOAS-GL384-03-ADCPAM000,pressure_variance,pressure_variance,,,,daPa,CE05MOAS,GL384,ADCPA
CE05MOAS-GL384-03-ADCPAM000,water_velocity_east,water_velocity_east,,,L0,mm s-1,CE05MOAS,GL384,ADCPA
CE05MOAS-GL384-03-ADCPAM000,water_velocity_north,water_velocity_north,,,L0,mm s-1,CE05MOAS,GL384,ADCPA
CE05MOAS-GL384-03-ADCPAM000,water_velocity_up,water_velocity_up,,,L0,mm s-1,CE05MOAS,GL384,ADCPA
CE05MOAS-GL384-03-ADCPAM000,error_velocity,error_velocity,,,L0,mm s-1,CE05MOAS,GL384,ADCPA
CE05MOAS-GL384-03-ADCPAM000,correlation_magnitude_beam1,correlation_magnitude_beam1,,,,1,CE05MOAS,GL384,ADCPA
CE05MOAS-GL384-03-ADCPAM000,correlation_magnitude_beam2,correlation_magnitude_beam2,,,,1,CE05MOAS,GL384,ADCPA
CE05MOAS-GL384-03-ADCPAM000,correlation_magnitude_beam3,correlation_magnitude_beam3,,,,1,CE05MOAS,GL384,ADCPA
CE05MOAS-GL384-03-ADCPAM000,correlation_magnitude_beam4,correlation_magnitude_beam4,,,,1,CE05MOAS,GL384,ADCPA
CE05MOAS-GL384-03-ADCPAM000,echo_intensity_beam1,echo_intensity_beam1,,,L0,counts,CE05MOAS,GL384,ADCPA
CE05MOAS-GL384-03-ADCPAM000,echo_intensity_beam2,echo_intensity_beam2,,,L0,counts,CE05MOAS,GL384,ADCPA
CE05MOAS-GL384-03-ADCPAM000,echo_intensity_beam3,echo_intensity_beam3,,,L0,counts,CE05MOAS,GL384,ADCPA
CE05MOAS-GL384-03-ADCPAM000,echo_intensity_beam4,echo_intensity_beam4,,,L0,counts,CE05MOAS,GL384,ADCPA
CE05MOAS-GL384-03-ADCPAM000,percent_good_3beam,percent_good_3beam,,,,percent,CE05MOAS,GL384,ADCPA
CE05MOAS-GL384-03-ADCPAM000,percent_transforms_reject,percent_transforms_reject,,,,percent,CE05MOAS,GL384,ADCPA
CE05MOAS-GL384-03-ADCPAM000,percent_bad_beams,percent_bad_beams,,,,percent,CE05MOAS,GL384,ADCPA
CE05MOAS-GL384-03-ADCPAM000,percent_good_4beam,percent_good_4beam,,,,percent,CE05MOAS,GL384,ADCPA
CE05MOAS-GL384-03-ADCPAM000,ensemble_start_time,ensemble_start_time,,,,seconds since 1900-01-01,CE05MOAS,GL384,ADCPA
CE05MOAS-GL384-03-ADCPAM000,ingestion_timestamp,ingestion_timestamp,,,ENG,seconds since 1900-01-01,CE05MOAS,GL384,ADCPA
CE05MOAS-GL384-03-ADCPAM000,real_time_clock,real_time_clock,,,,1,CE05MOAS,GL384,ADCPA
CE05MOAS-GL384-04-DOSTAM000,driver_timestamp,driver_timestamp,,,ENG,seconds since 1900-01-01,CE05MOAS,GL384,DOSTA
CE05MOAS-GL384-04-DOSTAM000,internal_timestamp,internal_timestamp,,,ENG,seconds since 1900-01-01,CE05MOAS,GL384,DOSTA
CE05MOAS-GL384-04-DOSTAM000,m_present_secs_into_mission,m_present_secs_into_mission,,,ENG,s,CE05MOAS,GL384,DOSTA
CE05MOAS-GL384-04-DOSTAM000,m_present_time,m_present_time,,,AUX,seconds since 1970-01-01,CE05MOAS,GL384,DOSTA
CE05MOAS-GL384-04-DOSTAM000,sci_m_present_secs_into_mission,sci_m_present_secs_into_mission,,,,s,CE05MOAS,GL384,DOSTA
CE05MOAS-GL384-04-DOSTAM000,sci_m_present_time,sci_m_present_time,,,,seconds since 1970-01-01,CE05MOAS,GL384,DOSTA
CE05MOAS-GL384-04-DOSTAM000,sci_oxy4_c1amp,sci_oxy4_c1amp,,,,mV,CE05MOAS,GL384,DOSTA
CE05MOAS-GL384-04-DOSTAM000,sci_oxy4_c1rph,sci_oxy4_c1rph,,,,degrees,CE05MOAS,GL384,DOSTA
CE05MOAS-GL384-04-DOSTAM000,sci_oxy4_c2amp,sci_oxy4_c2amp,,,,mV,CE05MOAS,GL384,DOSTA
CE05MOAS-GL384-04-DOSTAM000,sci_oxy4_c2rph,sci_oxy4_c2rph,,,,degrees,CE05MOAS,GL384,DOSTA
CE05MOAS-GL384-04-DOSTAM000,sci_oxy4_calphase,sci_oxy4_calphase,,,L0,degrees,CE05MOAS,GL384,DOSTA
CE05MOAS-GL384-04-DOSTAM000,sci_oxy4_oxygen,sci_oxy4_oxygen,0,400,L1,umol L-1,CE05MOAS,GL384,DOSTA
CE05MOAS-GL384-04-DOSTAM000,sci_oxy4_rawtemp,sci_oxy4_rawtemp,,,,mV,CE05MOAS,GL384,DOSTA
CE05MOAS-GL384-04-DOSTAM000,sci_oxy4_saturation,sci_oxy4_saturation,,,,percent,CE05MOAS,GL384,DOSTA
CE05MOAS-GL384-04-DOSTAM000,sci_oxy4_tcphase,sci_oxy4_tcphase,,,,degrees,CE05MOAS,GL384,DOSTA
CE05MOAS-GL384-04-DOSTAM000,sci_oxy4_temp,sci_oxy4_temp,,,,deg_C,CE05MOAS,GL384,DOSTA
CE05MOAS-GL384-04-DOSTAM000,sci_oxy4_timestamp,sci_oxy4_timestamp,,,,1,CE05MOAS,GL384,DOSTA
CE05MOAS-GL384-04-DOSTAM000,sci_water_cond,sci_water_cond,0,6,L1,S m-1,CE05MOAS,GL384,DOSTA
CE05MOAS-GL384-04-DOSTAM000,sci_water_pressure,sci_water_pressure,0,6000,L1,dbar,CE05MOAS,GL384,DOSTA
CE05MOAS-GL384-04-DOSTAM000,sci_water_temp,sci_water_temp,-2,40,L1,deg_C,CE05MOAS,GL384,DOSTA
CE05MOAS-GL384-04-DOSTAM000,preferred_timestamp,preferred_timestamp,,,ENG,1,CE05MOAS,GL384,DOSTA
CE05MOAS-GL384-04-DOSTAM000,sci_abs_oxygen,sci_abs_oxygen,0,400,L2,umol kg-1,CE05MOAS,GL384,DOSTA
CE05MOAS-GL384-04-DOSTAM000,time,time,,,ENG,seconds since 1900-01-01,CE05MOAS,GL384,DOSTA
CE05MOAS-GL384-04-DOSTAM000,ingestion_timestamp,ingestion_timestamp,,,ENG,seconds since 1900-01-01,CE05MOAS,GL384,DOSTA
CE05MOAS-GL384-05-CTDGVM000,driver_timestamp,driver_timestamp,,,ENG,seconds since 1900-01-01,CE05MOAS,GL384,CTDGV
CE05MOAS-GL384-05-CTDGVM000,internal_timestamp,internal_timestamp,,,ENG,seconds since 1900-01-01,CE05MOAS,GL384,CTDGV
CE05MOAS-GL384-05-CTDGVM000,m_present_secs_into_mission,m_present_secs_into_mission,,,ENG,s,CE05MOAS,GL384,CTDGV
CE05MOAS-GL384-05-CTDGVM000,m_present_time,m_present_time,,,AUX,seconds since 1970-01-01,CE05MOAS,GL384,CTDGV
CE05MOAS-GL384-05-CTDGVM000,sci_ctd41cp_timestamp,sci_ctd41cp_timestamp,,,,seconds since 1970-01-01,CE05MOAS,GL384,CTDGV
CE05MOAS-GL384-05-CTDGVM000,sci_m_present_secs_into_mission,sci_m_present_secs_into_mission,,,,s,CE05MOAS,GL384,CTDGV
CE05MOAS-GL384-05-CTDGVM000,sci_m_present_time,sci_m_present_time,,,,seconds since 1970-01-01,CE05MOAS,GL384,CTDGV
CE05MOAS-GL384-05-CTDGVM000,sci_water_cond,sci_water_cond,0,6,L1,S m-1,CE05MOAS,GL384,CTDGV
CE05MOAS-GL384-05-CTDGVM000,sci_water_pressure,sci_water_pressure,0,6000,L1,dbar,CE05MOAS,GL384,CTDGV
CE05MOAS-GL384-05-CTDGVM000,sci_water_temp,sci_water_temp,-2,40,L1,deg_C,CE05MOAS,GL384,CTDGV
CE05MOAS-GL384-05-CTDGVM000,sci_water_pracsal,sci_water_pracsal,0,42,L2,1,CE05MOAS,GL384,CTDGV
CE05MOAS-GL384-05-CTDGVM000,preferred_timestamp,preferred_timestamp,,,ENG,1,CE05MOAS,GL384,CTDGV
CE05MOAS-GL384-05-CTDGVM000,sci_seawater_density,sci_seawater_density,1000,1100,L2,kg m-3,CE05MOAS,GL384,CTDGV
CE05MOAS-GL384-05-CTDGVM000,time,time,,,ENG,seconds since 1900-01-01,CE05MOAS,GL384,CTDGV
CE05MOAS-GL384-05-CTDGVM000,ingestion_timestamp,ingestion_timestamp,,,ENG,seconds since 1900-01-01,CE05MOAS,GL384,CTDGV
CE05MOAS-GL386-01-PARADM000,driver_timestamp,driver_timestamp,,,ENG,seconds since 1900-01-01,CE05MOAS,GL386,PARAD
CE05MOAS-GL386-01-PARADM000,internal_timestamp,internal_timestamp,,,ENG,seconds since 1900-01-01,CE05MOAS,GL386,PARAD
CE05MOAS-GL386-01-PARADM000,m_present_secs_into_mission,m_present_secs_into_mission,,,ENG,s,CE05MOAS,GL386,PARAD
CE05MOAS-GL386-01-PARADM000,m_present_time,m_present_time,,,AUX,seconds since 1970-01-01,CE05MOAS,GL386,PARAD
CE05MOAS-GL386-01-PARADM000,sci_bsipar_par,sci_bsipar_par,0,2500,L1,umol photons m-2 s-1,CE05MOAS,GL386,PARAD
CE05MOAS-GL386-01-PARADM000,sci_bsipar_sensor_volts,sci_bsipar_sensor_volts,,,L0,V,CE05MOAS,GL386,PARAD
CE05MOAS-GL386-01-PARADM000,sci_bsipar_supply_volts,sci_bsipar_supply_volts,,,,V,CE05MOAS,GL386,PARAD
CE05MOAS-GL386-01-PARADM000,sci_bsipar_temp,sci_bsipar_temp,,,,deg_C,CE05MOAS,GL386,PARAD
CE05MOAS-GL386-01-PARADM000,sci_m_present_secs_into_mission,sci_m_present_secs_into_mission,,,,s,CE05MOAS,GL386,PARAD
CE05MOAS-GL386-01-PARADM000,sci_m_present_time,sci_m_present_time,,,,seconds since 1970-01-01,CE05MOAS,GL386,PARAD
CE05MOAS-GL386-01-PARADM000,preferred_timestamp,preferred_timestamp,,,ENG,1,CE05MOAS,GL386,PARAD
CE05MOAS-GL386-01-PARADM000,time,time,,,ENG,seconds since 1900-01-01,CE05MOAS,GL386,PARAD
CE05MOAS-GL386-01-PARADM000,ingestion_timestamp,ingestion_timestamp,,,ENG,seconds since 1900-01-01,CE05MOAS,GL386,PARAD
CE05MOAS-GL386-02-FLORTM000,driver_timestamp,driver_timestamp,,,ENG,seconds since 1900-01-01,CE05MOAS,GL386,FLORT
CE05MOAS-GL386-02-FLORTM000,internal_timestamp,internal_timestamp,,,ENG,seconds since 1900-01-01,CE05MOAS,GL386,FLORT
CE05MOAS-GL386-02-FLORTM000,m_present_secs_into_mission,m_present_secs_into_mission,,,ENG,s,CE05MOAS,GL386,FLORT
CE05MOAS-GL386-02-FLORTM000,m_present_time,m_present_time,,,AUX,seconds since 1970-01-01,CE05MOAS,GL386,FLORT
CE05MOAS-GL386-02-FLORTM000,sci_flbbcd_bb_ref,sci_flbbcd_bb_ref,,,,nm,CE05MOAS,GL386,FLORT
CE05MOAS-GL386-02-FLORTM000,sci_flbbcd_bb_sig,sci_flbbcd_bb_sig,,,,counts,CE05MOAS,GL386,FLORT
CE05MOAS-GL386-02-FLORTM000,sci_flbbcd_bb_units,sci_flbbcd_bb_units,,,L1,m-1 sr-1,CE05MOAS,GL386,FLORT
CE05MOAS-GL386-02-FLORTM000,sci_flbbcd_cdom_ref,sci_flbbcd_cdom_ref,,,,nm,CE05MOAS,GL386,FLORT
CE05MOAS-GL386-02-FLORTM000,sci_flbbcd_cdom_sig,sci_flbbcd_cdom_sig,,,,counts,CE05MOAS,GL386,FLORT
CE05MOAS-GL386-02-FLORTM000,sci_flbbcd_cdom_units,sci_flbbcd_cdom_units,0,375,L1,ppb,CE05MOAS,GL386,FLORT
CE05MOAS-GL386-02-FLORTM000,sci_flbbcd_chlor_ref,sci_flbbcd_chlor_ref,,,,nm,CE05MOAS,GL386,FLORT
CE05MOAS-GL386-02-FLORTM000,sci_flbbcd_chlor_sig,sci_flbbcd_chlor_sig,,,,counts,CE05MOAS,GL386,FLORT
CE05MOAS-GL386-02-FLORTM000,sci_flbbcd_chlor_units,sci_flbbcd_chlor_units,0,50,L1,ug L-1,CE05MOAS,GL386,FLORT
CE05MOAS-GL386-02-FLORTM000,sci_flbbcd_therm,sci_flbbcd_therm,,,ENG,1,CE05MOAS,GL386,FLORT
CE05MOAS-GL386-02-FLORTM000,sci_flbbcd_timestamp,sci_flbbcd_timestamp,,,ENG,seconds since 1970-01-01,CE05MOAS,GL386,FLORT
CE05MOAS-GL386-02-FLORTM000,sci_m_present_secs_into_mission,sci_m_present_secs_into_mission,,,,s,CE05MOAS,GL386,FLORT
CE05MOAS-GL386-02-FLORTM000,sci_m_present_time,sci_m_present_time,,,,seconds since 1970-01-01,CE05MOAS,GL386,FLORT
CE05MOAS-GL386-02-FLORTM000,preferred_timestamp,preferred_timestamp,,,ENG,1,CE05MOAS,GL386,FLORT
CE05MOAS-GL386-02-FLORTM000,flort_m_bback_total,flort_m_bback_total,0.0003,1,L2,m-1,CE05MOAS,GL386,FLORT
CE05MOAS-GL386-02-FLORTM000,flort_m_scat_seawater,flort_m_scat_seawater,,,AUX,m-1,CE05MOAS,GL386,FLORT
CE05MOAS-GL386-02-FLORTM000,time,time,,,ENG,seconds since 1900-01-01,CE05MOAS,GL386,FLORT
CE05MOAS-GL386-02-FLORTM000,ingestion_timestamp,ingestion_timestamp,,,ENG,seconds since 1900-01-01,CE05MOAS,GL386,FLORT
CE05MOAS-GL386-03-ADCPAM000,bin_depths,bin_depths,,,,m,CE05MOAS,GL386,ADCPA
CE05MOAS-GL386-03-ADCPAM000,driver_timestamp,driver_timestamp,,,ENG,seconds since 1900-01-01,CE05MOAS,GL386,ADCPA
CE05MOAS-GL386-03-ADCPAM000,bt_pings_per_ensemble,bt_pings_per_ensemble,,,,1,CE05MOAS,GL386,ADCPA
CE05MOAS-GL386-03-ADCPAM000,bt_delay_before_reacquire,bt_delay_before_reacquire,,,,1,CE05MOAS,GL386,ADCPA
CE05MOAS-GL386-03-ADCPAM000,bt_corr_magnitude_min,bt_corr_magnitude_min,,,,counts,CE05MOAS,GL386,ADCPA
CE05MOAS-GL386-03-ADCPAM000,bt_eval_magnitude_min,bt_eval_magnitude_min,,,,counts,CE05MOAS,GL386,ADCPA
CE05MOAS-GL386-03-ADCPAM000,bt_percent_good_min,bt_percent_good_min,,,,percent,CE05MOAS,GL386,ADCPA
CE05MOAS-GL386-03-ADCPAM000,bt_mode,bt_mode,,,,1,CE05MOAS,GL386,ADCPA
CE05MOAS-GL386-03-ADCPAM000,bt_error_velocity_max,bt_error_velocity_max,,,,mm s-1,CE05MOAS,GL386,ADCPA
CE05MOAS-GL386-03-ADCPAM000,bt_beam1_range,bt_beam1_range,,,,cm,CE05MOAS,GL386,ADCPA
CE05MOAS-GL386-03-ADCPAM000,bt_beam2_range,bt_beam2_range,,,,cm,CE05MOAS,GL386,ADCPA
CE05MOAS-GL386-03-ADCPAM000,bt_beam3_range,bt_beam3_range,,,,cm,CE05MOAS,GL386,ADCPA
CE05MOAS-GL386-03-ADCPAM000,bt_beam4_range,bt_beam4_range,,,,cm,CE05MOAS,GL386,ADCPA
CE05MOAS-GL386-03-ADCPAM000,bt_eastward_velocity,bt_eastward_velocity,,,,mm s-1,CE05MOAS,GL386,ADCPA
CE05MOAS-GL386-03-ADCPAM000,bt_northward_velocity,bt_northward_velocity,,,,mm s-1,CE05MOAS,GL386,ADCPA
CE05MOAS-GL386-03-ADCPAM000,bt_upward_velocity,bt_upward_velocity,,,,mm s-1,CE05MOAS,GL386,ADCPA
CE05MOAS-GL386-03-ADCPAM000,bt_error_velocity,bt_error_velocity,,,,mm s-1,CE05MOAS,GL386,ADCPA
CE05MOAS-GL386-03-ADCPAM000,bt_beam1_correlation,bt_beam1_correlation,,,,counts,CE05MOAS,GL386,ADCPA
CE05MOAS-GL386-03-ADCPAM000,bt_beam2_correlation,bt_beam2_correlation,,,,counts,CE05MOAS,GL386,ADCPA
CE05MOAS-GL386-03-ADCPAM000,bt_beam3_correlation,bt_beam3_correlation,,,,counts,CE05MOAS,GL386,ADCPA
CE05MOAS-GL386-03-ADCPAM000,bt_beam4_correlation,bt_beam4_correlation,,,,counts,CE05MOAS,GL386,ADCPA
CE05MOAS-GL386-03-ADCPAM000,bt_beam1_eval_amp,bt_beam1_eval_amp,,,,counts,CE05MOAS,GL386,ADCPA
CE05MOAS-GL386-03-ADCPAM000,bt_beam2_eval_amp,bt_beam2_eval_amp,,,,counts,CE05MOAS,GL386,ADCPA
CE05MOAS-GL386-03-ADCPAM000,bt_beam3_eval_amp,bt_beam3_eval_amp,,,,counts,CE05MOAS,GL386,ADCPA
CE05MOAS-GL386-03-ADCPAM000,bt_beam4_eval_amp,bt_beam4_eval_amp,,,,counts,CE05MOAS,GL386,ADCPA
CE05MOAS-GL386-03-ADCPAM000,bt_beam1_percent_good,bt_beam1_percent_good,,,,percent,CE05MOAS,GL386,ADCPA
CE05MOAS-GL386-03-ADCPAM000,bt_beam2_percent_good,bt_beam2_percent_good,,,,percent,CE05MOAS,GL386,ADCPA
CE05MOAS-GL386-03-ADCPAM000,bt_beam3_percent_good,bt_beam3_percent_good,,,,percent,CE05MOAS,GL386,ADCPA
CE05MOAS-GL386-03-ADCPAM000,bt_beam4_percent_good,bt_beam4_percent_good,,,,percent,CE05MOAS,GL386,ADCPA
CE05MOAS-GL386-03-ADCPAM000,bt_ref_layer_min,bt_ref_layer_min,,,,dm,CE05MOAS,GL386,ADCPA
CE05MOAS-GL386-03-ADCPAM000,bt_ref_layer_near,bt_ref_layer_near,,,,dm,CE05MOAS,GL386,ADCPA
CE05MOAS-GL386-03-ADCPAM000,bt_ref_layer_far,bt_ref_layer_far,,,,dm,CE05MOAS,GL386,ADCPA
CE05MOAS-GL386-03-ADCPAM000,bt_eastward_ref_layer_velocity,bt_eastward_ref_layer_velocity,,,,mm s-1,CE05MOAS,GL386,ADCPA
CE05MOAS-GL386-03-ADCPAM000,bt_northward_ref_layer_velocity,bt_northward_ref_layer_velocity,,,,mm s-1,CE05MOAS,GL386,ADCPA
CE05MOAS-GL386-03-ADCPAM000,bt_upward_ref_layer_velocity,bt_upward_ref_layer_velocity,,,,mm s-1,CE05MOAS,GL386,ADCPA
CE05MOAS-GL386-03-ADCPAM000,bt_error_ref_layer_velocity,bt_error_ref_layer_velocity,,,,mm s-1,CE05MOAS,GL386,ADCPA
CE05MOAS-GL386-03-ADCPAM000,bt_beam1_ref_correlation,bt_beam1_ref_correlation,,,,counts,CE05MOAS,GL386,ADCPA
CE05MOAS-GL386-03-ADCPAM000,bt_beam2_ref_correlation,bt_beam2_ref_correlation,,,,counts,CE05MOAS,GL386,ADCPA
CE05MOAS-GL386-03-ADCPAM000,bt_beam3_ref_correlation,bt_beam3_ref_correlation,,,,counts,CE05MOAS,GL386,ADCPA
CE05MOAS-GL386-03-ADCPAM000,bt_beam4_ref_correlation,bt_beam4_ref_correlation,,,,counts,CE05MOAS,GL386,ADCPA
CE05MOAS-GL386-03-ADCPAM000,bt_beam1_ref_intensity,bt_beam1_ref_intensity,,,,counts,CE05MOAS,GL386,ADCPA
CE05MOAS-GL386-03-ADCPAM000,bt_beam2_ref_intensity,bt_beam2_ref_intensity,,,,counts,CE05MOAS,GL386,ADCPA
CE05MOAS-GL386-03-ADCPAM000,internal_timestamp,internal_timestamp,,,ENG,seconds since 1900-01-01,CE05MOAS,GL386,ADCPA
CE05MOAS-GL386-03-ADCPAM000,bt_beam3_ref_intensity,bt_beam3_ref_intensity,,,,counts,CE05MOAS,GL386,ADCPA
CE05MOAS-GL386-03-ADCPAM000,bt_beam4_ref_intensity,bt_beam4_ref_intensity,,,,counts,CE05MOAS,GL386,ADCPA
CE05MOAS-GL386-03-ADCPAM000,bt_beam1_ref_percent_good,bt_beam1_ref_percent_good,,,,percent,CE05MOAS,GL386,ADCPA
CE05MOAS-GL386-03-ADCPAM000,bt_beam2_ref_percent_good,bt_beam2_ref_percent_good,,,,percent,CE05MOAS,GL386,ADCPA
CE05MOAS-GL386-03-ADCPAM000,bt_beam3_ref_percent_good,bt_beam3_ref_percent_good,,,,percent,CE05MOAS,GL386,ADCPA
CE05MOAS-GL386-03-ADCPAM000,bt_beam4_ref_percent_good,bt_beam4_ref_percent_good,,,,percent,CE05MOAS,GL386,ADCPA
CE05MOAS-GL386-03-ADCPAM000,bt_max_depth,bt_max_depth,,,,dm,CE05MOAS,GL386,ADCPA
CE05MOAS-GL386-03-ADCPAM000,bt_beam1_rssi_amplitude,bt_beam1_rssi_amplitude,,,,counts,CE05MOAS,GL386,ADCPA
CE05MOAS-GL386-03-ADCPAM000,bt_beam2_rssi_amplitude,bt_beam2_rssi_amplitude,,,,counts,CE05MOAS,GL386,ADCPA
CE05MOAS-GL386-03-ADCPAM000,bt_beam3_rssi_amplitude,bt_beam3_rssi_amplitude,,,,counts,CE05MOAS,GL386,ADCPA
CE05MOAS-GL386-03-ADCPAM000,bt_beam4_rssi_amplitude,bt_beam4_rssi_amplitude,,,,counts,CE05MOAS,GL386,ADCPA
CE05MOAS-GL386-03-ADCPAM000,bt_gain,bt_gain,,,,1,CE05MOAS,GL386,ADCPA
CE05MOAS-GL386-03-ADCPAM000,preferred_timestamp,preferred_timestamp,,,ENG,1,CE05MOAS,GL386,ADCPA
CE05MOAS-GL386-03-ADCPAM000,sensor_available_speed,sensor_available_speed,,,,1,CE05MOAS,GL386,ADCPA
CE05MOAS-GL386-03-ADCPAM000,sensor_source_temperature_eu,sensor_source_temperature_eu,,,,1,CE05MOAS,GL386,ADCPA
CE05MOAS-GL386-03-ADCPAM000,sensor_available_temperature_eu,sensor_available_temperature_eu,,,,1,CE05MOAS,GL386,ADCPA
CE05MOAS-GL386-03-ADCPAM000,bit_error_number,bit_error_number,,,,1,CE05MOAS,GL386,ADCPA
CE05MOAS-GL386-03-ADCPAM000,bit_error_count,bit_error_count,,,,counts,CE05MOAS,GL386,ADCPA
CE05MOAS-GL386-03-ADCPAM000,sysconfig_beam_angle,sysconfig_beam_angle,,,,1,CE05MOAS,GL386,ADCPA
CE05MOAS-GL386-03-ADCPAM000,sysconfig_beam_config,sysconfig_beam_config,,,,1,CE05MOAS,GL386,ADCPA
CE05MOAS-GL386-03-ADCPAM000,adcpa_m_upward_seawater_velocity,adcpa_m_upward_seawater_velocity,-1,1,L1,m s-1,CE05MOAS,GL386,ADCPA
CE05MOAS-GL386-03-ADCPAM000,adcpa_m_error_velocity,adcpa_m_error_velocity,-1,1,L1,m s-1,CE05MOAS,GL386,ADCPA
CE05MOAS-GL386-03-ADCPAM000,adcpa_m_eastward_seawater_velocity,adcpa_m_eastward_seawater_velocity,-3,3,L1,m s-1,CE05MOAS,GL386,ADCPA
CE05MOAS-GL386-03-ADCPAM000,adcpa_m_northward_seawater_velocity,adcpa_m_northward_seawater_velocity,-3,3,L1,m s-1,CE05MOAS,GL386,ADCPA
CE05MOAS-GL386-03-ADCPAM000,adcpa_m_echo_intensity_beam1,adcpa_m_echo_intensity_beam1,0,255,L1,dB,CE05MOAS,GL386,ADCPA
CE05MOAS-GL386-03-ADCPAM000,adcpa_m_echo_intensity_beam2,adcpa_m_echo_intensity_beam2,0,255,L1,dB,CE05MOAS,GL386,ADCPA
CE05MOAS-GL386-03-ADCPAM000,adcpa_m_echo_intensity_beam3,adcpa_m_echo_intensity_beam3,0,255,L1,dB,CE05MOAS,GL386,ADCPA
CE05MOAS-GL386-03-ADCPAM000,adcpa_m_echo_intensity_beam4,adcpa_m_echo_intensity_beam4,0,255,L1,dB,CE05MOAS,GL386,ADCPA
CE05MOAS-GL386-03-ADCPAM000,serial_number,serial_number,,,ENG,1,CE05MOAS,GL386,ADCPA
CE05MOAS-GL386-03-ADCPAM000,firmware_version,firmware_version,,,,1,CE05MOAS,GL386,ADCPA
CE05MOAS-GL386-03-ADCPAM000,firmware_revision,firmware_revision,,,,1,CE05MOAS,GL386,ADCPA
CE05MOAS-GL386-03-ADCPAM000,sysconfig_frequency,sysconfig_frequency,,,,kHz,CE05MOAS,GL386,ADCPA
CE05MOAS-GL386-03-ADCPAM000,sysconfig_beam_pattern,sysconfig_beam_pattern,,,,1,CE05MOAS,GL386,ADCPA
CE05MOAS-GL386-03-ADCPAM000,sysconfig_sensor_config,sysconfig_sensor_config,,,,1,CE05MOAS,GL386,ADCPA
CE05MOAS-GL386-03-ADCPAM000,sysconfig_head_attached,sysconfig_head_attached,,,,1,CE05MOAS,GL386,ADCPA
CE05MOAS-GL386-03-ADCPAM000,sysconfig_vertical_orientation,sysconfig_vertical_orientation,,,,1,CE05MOAS,GL386,ADCPA
CE05MOAS-GL386-03-ADCPAM000,data_flag,data_flag,,,,1,CE05MOAS,GL386,ADCPA
CE05MOAS-GL386-03-ADCPAM000,lag_length,lag_length,,,,s,CE05MOAS,GL386,ADCPA
CE05MOAS-GL386-03-ADCPAM000,num_beams,num_beams,,,,1,CE05MOAS,GL386,ADCPA
CE05MOAS-GL386-03-ADCPAM000,num_cells,num_cells,,,,1,CE05MOAS,GL386,ADCPA
CE05MOAS-GL386-03-ADCPAM000,pings_per_ensemble,pings_per_ensemble,,,,1,CE05MOAS,GL386,ADCPA
CE05MOAS-GL386-03-ADCPAM000,cell_length,cell_length,,,,cm,CE05MOAS,GL386,ADCPA
CE05MOAS-GL386-03-ADCPAM000,blank_after_transmit,blank_after_transmit,,,,cm,CE05MOAS,GL386,ADCPA
CE05MOAS-GL386-03-ADCPAM000,signal_processing_mode,signal_processing_mode,,,,1,CE05MOAS,GL386,ADCPA
CE05MOAS-GL386-03-ADCPAM000,low_corr_threshold,low_corr_threshold,,,,counts,CE05MOAS,GL386,ADCPA
CE05MOAS-GL386-03-ADCPAM000,num_code_repetitions,num_code_repetitions,,,,counts,CE05MOAS,GL386,ADCPA
CE05MOAS-GL386-03-ADCPAM000,percent_good_min,percent_good_min,,,,percent,CE05MOAS,GL386,ADCPA
CE05MOAS-GL386-03-ADCPAM000,error_vel_threshold,error_vel_threshold,,,,mm s-1,CE05MOAS,GL386,ADCPA
CE05MOAS-GL386-03-ADCPAM000,time_per_ping_minutes,time_per_ping_minutes,,,,min,CE05MOAS,GL386,ADCPA
CE05MOAS-GL386-03-ADCPAM000,time_per_ping_seconds,time_per_ping_seconds,,,,s,CE05MOAS,GL386,ADCPA
CE05MOAS-GL386-03-ADCPAM000,coord_transform_type,coord_transform_type,,,,1,CE05MOAS,GL386,ADCPA
CE05MOAS-GL386-03-ADCPAM000,coord_transform_tilts,coord_transform_tilts,,,,1,CE05MOAS,GL386,ADCPA
CE05MOAS-GL386-03-ADCPAM000,coord_transform_beams,coord_transform_beams,,,,1,CE05MOAS,GL386,ADCPA
CE05MOAS-GL386-03-ADCPAM000,coord_transform_mapping,coord_transform_mapping,,,,1,CE05MOAS,GL386,ADCPA
CE05MOAS-GL386-03-ADCPAM000,heading_alignment,heading_alignment,,,,cdegrees,CE05MOAS,GL386,ADCPA
CE05MOAS-GL386-03-ADCPAM000,heading_bias,heading_bias,,,,cdegrees,CE05MOAS,GL386,ADCPA
CE05MOAS-GL386-03-ADCPAM000,sensor_source_speed,sensor_source_speed,,,,1,CE05MOAS,GL386,ADCPA
CE05MOAS-GL386-03-ADCPAM000,sensor_source_depth,sensor_source_depth,,,,1,CE05MOAS,GL386,ADCPA
CE05MOAS-GL386-03-ADCPAM000,sensor_source_heading,sensor_source_heading,,,,1,CE05MOAS,GL386,ADCPA
CE05MOAS-GL386-03-ADCPAM000,sensor_source_pitch,sensor_source_pitch,,,,1,CE05MOAS,GL386,ADCPA
CE05MOAS-GL386-03-ADCPAM000,sensor_source_roll,sensor_source_roll,,,,1,CE05MOAS,GL386,ADCPA
CE05MOAS-GL386-03-ADCPAM000,sensor_source_conductivity,sensor_source_conductivity,,,,1,CE05MOAS,GL386,ADCPA
CE05MOAS-GL386-03-ADCPAM000,sensor_source_temperature,sensor_source_temperature,,,,1,CE05MOAS,GL386,ADCPA
CE05MOAS-GL386-03-ADCPAM000,sensor_available_depth,sensor_available_depth,,,,1,CE05MOAS,GL386,ADCPA
CE05MOAS-GL386-03-ADCPAM000,sensor_available_heading,sensor_available_heading,,,,1,CE05MOAS,GL386,ADCPA
CE05MOAS-GL386-03-ADCPAM000,sensor_available_pitch,sensor_available_pitch,,,,1,CE05MOAS,GL386,ADCPA
CE05MOAS-GL386-03-ADCPAM000,sensor_available_roll,sensor_available_roll,,,,1,CE05MOAS,GL386,ADCPA
CE05MOAS-GL386-03-ADCPAM000,sensor_available_conductivity,sensor_available_conductivity,,,,1,CE05MOAS,GL386,ADCPA
CE05MOAS-GL386-03-ADCPAM000,sensor_available_temperature,sensor_available_temperature,,,,1,CE05MOAS,GL386,ADCPA
CE05MOAS-GL386-03-ADCPAM000,bin_1_distance,bin_1_distance,,,,cm,CE05MOAS,GL386,ADCPA
CE05MOAS-GL386-03-ADCPAM000,transmit_pulse_length,transmit_pulse_length,,,,cm,CE05MOAS,GL386,ADCPA
CE05MOAS-GL386-03-ADCPAM000,reference_layer_start,reference_layer_start,,,,1,CE05MOAS,GL386,ADCPA
CE05MOAS-GL386-03-ADCPAM000,reference_layer_stop,reference_layer_stop,,,,1,CE05MOAS,GL386,ADCPA
CE05MOAS-GL386-03-ADCPAM000,false_target_threshold,false_target_threshold,,,,counts,CE05MOAS,GL386,ADCPA
CE05MOAS-GL386-03-ADCPAM000,transmit_lag_distance,transmit_lag_distance,,,,cm,CE05MOAS,GL386,ADCPA
CE05MOAS-GL386-03-ADCPAM000,system_bandwidth,system_bandwidth,,,,1,CE05MOAS,GL386,ADCPA
CE05MOAS-GL386-03-ADCPAM000,ensemble_number,ensemble_number,,,,1,CE05MOAS,GL386,ADCPA
CE05MOAS-GL386-03-ADCPAM000,ensemble_number_increment,ensemble_number_increment,,,,1,CE05MOAS,GL386,ADCPA
CE05MOAS-GL386-03-ADCPAM000,speed_of_sound,speed_of_sound,,,,m s-1,CE05MOAS,GL386,ADCPA
CE05MOAS-GL386-03-ADCPAM000,transducer_depth,transducer_depth,,,,dm,CE05MOAS,GL386,ADCPA
CE05MOAS-GL386-03-ADCPAM000,heading,heading,,,,cdegrees,CE05MOAS,GL386,ADCPA
CE05MOAS-GL386-03-ADCPAM000,pitch,pitch,,,,cdegrees,CE05MOAS,GL386,ADCPA
CE05MOAS-GL386-03-ADCPAM000,roll,roll,,,,cdegrees,CE05MOAS,GL386,ADCPA
CE05MOAS-GL386-03-ADCPAM000,salinity,salinity,,,,1,CE05MOAS,GL386,ADCPA
CE05MOAS-GL386-03-ADCPAM000,temperature,temperature,,,,cdeg_C,CE05MOAS,GL386,ADCPA
CE05MOAS-GL386-03-ADCPAM000,mpt_minutes,mpt_minutes,,,,min,CE05MOAS,GL386,ADCPA
CE05MOAS-GL386-03-ADCPAM000,mpt_seconds,mpt_seconds,,,,s,CE05MOAS,GL386,ADCPA
CE05MOAS-GL386-03-ADCPAM000,heading_stdev,heading_stdev,,,,degrees,CE05MOAS,GL386,ADCPA
CE05MOAS-GL386-03-ADCPAM000,pitch_stdev,pitch_stdev,,,,ddegrees,CE05MOAS,GL386,ADCPA
CE05MOAS-GL386-03-ADCPAM000,roll_stdev,roll_stdev,,,,ddegrees,CE05MOAS,GL386,ADCPA
CE05MOAS-GL386-03-ADCPAM000,adc_transmit_voltage,adc_transmit_voltage,,,,counts,CE05MOAS,GL386,ADCPA
CE05MOAS-GL386-03-ADCPAM000,time,time,,,ENG,seconds since 1900-01-01,CE05MOAS,GL386,ADCPA
CE05MOAS-GL386-03-ADCPAM000,pressure,pressure,,,,daPa,CE05MOAS,GL386,ADCPA
CE05MOAS-GL386-03-ADCPAM000,pressure_variance,pressure_variance,,,,daPa,CE05MOAS,GL386,ADCPA
CE05MOAS-GL386-03-ADCPAM000,water_velocity_east,water_velocity_east,,,L0,mm s-1,CE05MOAS,GL386,ADCPA
CE05MOAS-GL386-03-ADCPAM000,water_velocity_north,water_velocity_north,,,L0,mm s-1,CE05MOAS,GL386,ADCPA
CE05MOAS-GL386-03-ADCPAM000,water_velocity_up,water_velocity_up,,,L0,mm s-1,CE05MOAS,GL386,ADCPA
CE05MOAS-GL386-03-ADCPAM000,error_velocity,error_velocity,,,L0,mm s-1,CE05MOAS,GL386,ADCPA
CE05MOAS-GL386-03-ADCPAM000,correlation_magnitude_beam1,correlation_magnitude_beam1,,,,1,CE05MOAS,GL386,ADCPA
CE05MOAS-GL386-03-ADCPAM000,correlation_magnitude_beam2,correlation_magnitude_beam2,,,,1,CE05MOAS,GL386,ADCPA
CE05MOAS-GL386-03-ADCPAM000,correlation_magnitude_beam3,correlation_magnitude_beam3,,,,1,CE05MOAS,GL386,ADCPA
CE05MOAS-GL386-03-ADCPAM000,correlation_magnitude_beam4,correlation_magnitude_beam4,,,,1,CE05MOAS,GL386,ADCPA
CE05MOAS-GL386-03-ADCPAM000,echo_intensity_beam1,echo_intensity_beam1,,,L0,counts,CE05MOAS,GL386,ADCPA
CE05MOAS-GL386-03-ADCPAM000,echo_intensity_beam2,echo_intensity_beam2,,,L0,counts,CE05MOAS,GL386,ADCPA
CE05MOAS-GL386-03-ADCPAM000,echo_intensity_beam3,echo_intensity_beam3,,,L0,counts,CE05MOAS,GL386,ADCPA
CE05MOAS-GL386-03-ADCPAM000,echo_intensity_beam4,echo_intensity_beam4,,,L0,counts,CE05MOAS,GL386,ADCPA
CE05MOAS-GL386-03-ADCPAM000,percent_good_3beam,percent_good_3beam,,,,percent,CE05MOAS,GL386,ADCPA
CE05MOAS-GL386-03-ADCPAM000,percent_transforms_reject,percent_transforms_reject,,,,percent,CE05MOAS,GL386,ADCPA
CE05MOAS-GL386-03-ADCPAM000,percent_bad_beams,percent_bad_beams,,,,percent,CE05MOAS,GL386,ADCPA
CE05MOAS-GL386-03-ADCPAM000,percent_good_4beam,percent_good_4beam,,,,percent,CE05MOAS,GL386,ADCPA
CE05MOAS-GL386-03-ADCPAM000,ensemble_start_time,ensemble_start_time,,,,seconds since 1900-01-01,CE05MOAS,GL386,ADCPA
CE05MOAS-GL386-03-ADCPAM000,ingestion_timestamp,ingestion_timestamp,,,ENG,seconds since 1900-01-01,CE05MOAS,GL386,ADCPA
CE05MOAS-GL386-03-ADCPAM000,real_time_clock,real_time_clock,,,,1,CE05MOAS,GL386,ADCPA
CE05MOAS-GL386-04-DOSTAM000,driver_timestamp,driver_timestamp,,,ENG,seconds since 1900-01-01,CE05MOAS,GL386,DOSTA
CE05MOAS-GL386-04-DOSTAM000,internal_timestamp,internal_timestamp,,,ENG,seconds since 1900-01-01,CE05MOAS,GL386,DOSTA
CE05MOAS-GL386-04-DOSTAM000,m_present_secs_into_mission,m_present_secs_into_mission,,,ENG,s,CE05MOAS,GL386,DOSTA
CE05MOAS-GL386-04-DOSTAM000,m_present_time,m_present_time,,,AUX,seconds since 1970-01-01,CE05MOAS,GL386,DOSTA
CE05MOAS-GL386-04-DOSTAM000,sci_m_present_secs_into_mission,sci_m_present_secs_into_mission,,,,s,CE05MOAS,GL386,DOSTA
CE05MOAS-GL386-04-DOSTAM000,sci_m_present_time,sci_m_present_time,,,,seconds since 1970-01-01,CE05MOAS,GL386,DOSTA
CE05MOAS-GL386-04-DOSTAM000,sci_oxy4_c1amp,sci_oxy4_c1amp,,,,mV,CE05MOAS,GL386,DOSTA
CE05MOAS-GL386-04-DOSTAM000,sci_oxy4_c1rph,sci_oxy4_c1rph,,,,degrees,CE05MOAS,GL386,DOSTA
CE05MOAS-GL386-04-DOSTAM000,sci_oxy4_c2amp,sci_oxy4_c2amp,,,,mV,CE05MOAS,GL386,DOSTA
CE05MOAS-GL386-04-DOSTAM000,sci_oxy4_c2rph,sci_oxy4_c2rph,,,,degrees,CE05MOAS,GL386,DOSTA
CE05MOAS-GL386-04-DOSTAM000,sci_oxy4_calphase,sci_oxy4_calphase,,,L0,degrees,CE05MOAS,GL386,DOSTA
CE05MOAS-GL386-04-DOSTAM000,sci_oxy4_oxygen,sci_oxy4_oxygen,0,400,L1,umol L-1,CE05MOAS,GL386,DOSTA
CE05MOAS-GL386-04-DOSTAM000,sci_oxy4_rawtemp,sci_oxy4_rawtemp,,,,mV,CE05MOAS,GL386,DOSTA
CE05MOAS-GL386-04-DOSTAM000,sci_oxy4_saturation,sci_oxy4_saturation,,,,percent,CE05MOAS,GL386,DOSTA
CE05MOAS-GL386-04-DOSTAM000,sci_oxy4_tcphase,sci_oxy4_tcphase,,,,degrees,CE05MOAS,GL386,DOSTA
CE05MOAS-GL386-04-DOSTAM000,sci_oxy4_temp,sci_oxy4_temp,,,,deg_C,CE05MOAS,GL386,DOSTA
CE05MOAS-GL386-04-DOSTAM000,sci_oxy4_timestamp,sci_oxy4_timestamp,,,,1,CE05MOAS,GL386,DOSTA
CE05MOAS-GL386-04-DOSTAM000,sci_water_cond,sci_water_cond,0,6,L1,S m-1,CE05MOAS,GL386,DOSTA
CE05MOAS-GL386-04-DOSTAM000,sci_water_pressure,sci_water_pressure,0,6000,L1,dbar,CE05MOAS,GL386,DOSTA
CE05MOAS-GL386-04-DOSTAM000,sci_water_temp,sci_water_temp,-2,40,L1,deg_C,CE05MOAS,GL386,DOSTA
CE05MOAS-GL386-04-DOSTAM000,preferred_timestamp,preferred_timestamp,,,ENG,1,CE05MOAS,GL386,DOSTA
CE05MOAS-GL386-04-DOSTAM000,sci_abs_oxygen,sci_abs_oxygen,0,400,L2,umol kg-1,CE05MOAS,GL386,DOSTA
CE05MOAS-GL386-04-DOSTAM000,time,time,,,ENG,seconds since 1900-01-01,CE05MOAS,GL386,DOSTA
CE05MOAS-GL386-04-DOSTAM000,ingestion_timestamp,ingestion_timestamp,,,ENG,seconds since 1900-01-01,CE05MOAS,GL386,DOSTA
CE05MOAS-GL386-05-CTDGVM000,driver_timestamp,driver_timestamp,,,ENG,seconds since 1900-01-01,CE05MOAS,GL386,CTDGV
CE05MOAS-GL386-05-CTDGVM000,internal_timestamp,internal_timestamp,,,ENG,seconds since 1900-01-01,CE05MOAS,GL386,CTDGV
CE05MOAS-GL386-05-CTDGVM000,m_present_secs_into_mission,m_present_secs_into_mission,,,ENG,s,CE05MOAS,GL386,CTDGV
CE05MOAS-GL386-05-CTDGVM000,m_present_time,m_present_time,,,AUX,seconds since 1970-01-01,CE05MOAS,GL386,CTDGV
CE05MOAS-GL386-05-CTDGVM000,sci_ctd41cp_timestamp,sci_ctd41cp_timestamp,,,,seconds since 1970-01-01,CE05MOAS,GL386,CTDGV
CE05MOAS-GL386-05-CTDGVM000,sci_m_present_secs_into_mission,sci_m_present_secs_into_mission,,,,s,CE05MOAS,GL386,CTDGV
CE05MOAS-GL386-05-CTDGVM000,sci_m_present_time,sci_m_present_time,,,,seconds since 1970-01-01,CE05MOAS,GL386,CTDGV
CE05MOAS-GL386-05-CTDGVM000,sci_water_cond,sci_water_cond,0,6,L1,S m-1,CE05MOAS,GL386,CTDGV
CE05MOAS-GL386-05-CTDGVM000,sci_water_pressure,sci_water_pressure,0,6000,L1,dbar,CE05MOAS,GL386,CTDGV
CE05MOAS-GL386-05-CTDGVM000,sci_water_temp,sci_water_temp,-2,40,L1,deg_C,CE05MOAS,GL386,CTDGV
CE05MOAS-GL386-05-CTDGVM000,sci_water_pracsal,sci_water_pracsal,0,42,L2,1,CE05MOAS,GL386,CTDGV
CE05MOAS-GL386-05-CTDGVM000,preferred_timestamp,preferred_timestamp,,,ENG,1,CE05MOAS,GL386,CTDGV
CE05MOAS-GL386-05-CTDGVM000,sci_seawater_density,sci_seawater_density,1000,1100,L2,kg m-3,CE05MOAS,GL386,CTDGV
CE05MOAS-GL386-05-CTDGVM000,time,time,,,ENG,seconds since 1900-01-01,CE05MOAS,GL386,CTDGV
CE05MOAS-GL386-05-CTDGVM000,ingestion_timestamp,ingestion_timestamp,,,ENG,seconds since 1900-01-01,CE05MOAS,GL386,CTDGV
CE06ISSM-MFD35-01-VEL3DD000,vel3d_c_eastward_turbulent_velocity,vel3d_c_eastward_turbulent_velocity,-3,3,L1,m s-1,CE06ISSM,MFD35,VEL3D
CE06ISSM-MFD35-01-VEL3DD000,vel3d_c_northward_turbulent_velocity,vel3d_c_northward_turbulent_velocity,-3,3,L1,m s-1,CE06ISSM,MFD35,VEL3D
CE06ISSM-MFD35-01-VEL3DD000,vel3d_c_upward_turbulent_velocity,vel3d_c_upward_turbulent_velocity,-1,1,L1,m s-1,CE06ISSM,MFD35,VEL3D
CE06ISSM-MFD35-01-VEL3DD000,transmit_pulse_length_2nd,transmit_pulse_length_2nd,,,,counts,CE06ISSM,MFD35,VEL3D
CE06ISSM-MFD35-01-VEL3DD000,driver_timestamp,driver_timestamp,,,ENG,seconds since 1900-01-01,CE06ISSM,MFD35,VEL3D
CE06ISSM-MFD35-01-VEL3DD000,firmware_version,firmware_version,,,,1,CE06ISSM,MFD35,VEL3D
CE06ISSM-MFD35-01-VEL3DD000,internal_timestamp,internal_timestamp,,,ENG,seconds since 1900-01-01,CE06ISSM,MFD35,VEL3D
CE06ISSM-MFD35-01-VEL3DD000,preferred_timestamp,preferred_timestamp,,,ENG,1,CE06ISSM,MFD35,VEL3D
CE06ISSM-MFD35-01-VEL3DD000,battery_voltage_dv,battery_voltage_dv,,,AUX,dV,CE06ISSM,MFD35,VEL3D
CE06ISSM-MFD35-01-VEL3DD000,heading_decidegree,heading_decidegree,,,AUX,deci-degrees,CE06ISSM,MFD35,VEL3D
CE06ISSM-MFD35-01-VEL3DD000,roll_decidegree,roll_decidegree,,,AUX,deci-degrees,CE06ISSM,MFD35,VEL3D
CE06ISSM-MFD35-01-VEL3DD000,pitch_decidegree,pitch_decidegree,,,AUX,deci-degrees,CE06ISSM,MFD35,VEL3D
CE06ISSM-MFD35-01-VEL3DD000,temperature_centidegree,temperature_centidegree,,,AUX,cdeg_C,CE06ISSM,MFD35,VEL3D
CE06ISSM-MFD35-01-VEL3DD000,seawater_pressure_mbar,seawater_pressure_mbar,,,AUX,0.001 dbar,CE06ISSM,MFD35,VEL3D
CE06ISSM-MFD35-01-VEL3DD000,instrmt_type_serial_number,instrmt_type_serial_number,,,,1,CE06ISSM,MFD35,VEL3D
CE06ISSM-MFD35-01-VEL3DD000,recorder_installed,recorder_installed,,,,1,CE06ISSM,MFD35,VEL3D
CE06ISSM-MFD35-01-VEL3DD000,compass_installed,compass_installed,,,,1,CE06ISSM,MFD35,VEL3D
CE06ISSM-MFD35-01-VEL3DD000,board_frequency,board_frequency,,,,kHz,CE06ISSM,MFD35,VEL3D
CE06ISSM-MFD35-01-VEL3DD000,pic_version,pic_version,,,,1,CE06ISSM,MFD35,VEL3D
CE06ISSM-MFD35-01-VEL3DD000,hardware_revision,hardware_revision,,,,1,CE06ISSM,MFD35,VEL3D
CE06ISSM-MFD35-01-VEL3DD000,recorder_size,recorder_size,,,,bytes,CE06ISSM,MFD35,VEL3D
CE06ISSM-MFD35-01-VEL3DD000,velocity_range,velocity_range,,,,1,CE06ISSM,MFD35,VEL3D
CE06ISSM-MFD35-01-VEL3DD000,pressure_sensor,pressure_sensor,,,,1,CE06ISSM,MFD35,VEL3D
CE06ISSM-MFD35-01-VEL3DD000,magnetometer_sensor,magnetometer_sensor,,,,1,CE06ISSM,MFD35,VEL3D
CE06ISSM-MFD35-01-VEL3DD000,tilt_sensor,tilt_sensor,,,,1,CE06ISSM,MFD35,VEL3D
CE06ISSM-MFD35-01-VEL3DD000,tilt_sensor_mounting,tilt_sensor_mounting,,,,1,CE06ISSM,MFD35,VEL3D
CE06ISSM-MFD35-01-VEL3DD000,head_frequency,head_frequency,,,,kHz,CE06ISSM,MFD35,VEL3D
CE06ISSM-MFD35-01-VEL3DD000,head_type,head_type,,,,1,CE06ISSM,MFD35,VEL3D
CE06ISSM-MFD35-01-VEL3DD000,head_serial_number,head_serial_number,,,,1,CE06ISSM,MFD35,VEL3D
CE06ISSM-MFD35-01-VEL3DD000,system_data,system_data,,,,1,CE06ISSM,MFD35,VEL3D
CE06ISSM-MFD35-01-VEL3DD000,number_beams,number_beams,,,,1,CE06ISSM,MFD35,VEL3D
CE06ISSM-MFD35-01-VEL3DD000,transmit_pulse_length,transmit_pulse_length,,,,counts,CE06ISSM,MFD35,VEL3D
CE06ISSM-MFD35-01-VEL3DD000,blanking_distance,blanking_distance,,,,counts,CE06ISSM,MFD35,VEL3D
CE06ISSM-MFD35-01-VEL3DD000,receive_length,receive_length,,,,counts,CE06ISSM,MFD35,VEL3D
CE06ISSM-MFD35-01-VEL3DD000,time_between_pings,time_between_pings,,,,counts,CE06ISSM,MFD35,VEL3D
CE06ISSM-MFD35-01-VEL3DD000,time_between_bursts,time_between_bursts,,,,counts,CE06ISSM,MFD35,VEL3D
CE06ISSM-MFD35-01-VEL3DD000,number_pings,number_pings,,,,1,CE06ISSM,MFD35,VEL3D
CE06ISSM-MFD35-01-VEL3DD000,average_interval,average_interval,,,,s,CE06ISSM,MFD35,VEL3D
CE06ISSM-MFD35-01-VEL3DD000,profile_type,profile_type,,,,1,CE06ISSM,MFD35,VEL3D
CE06ISSM-MFD35-01-VEL3DD000,mode_type,mode_type,,,,1,CE06ISSM,MFD35,VEL3D
CE06ISSM-MFD35-01-VEL3DD000,power_level_tcm1,power_level_tcm1,,,,1,CE06ISSM,MFD35,VEL3D
CE06ISSM-MFD35-01-VEL3DD000,power_level_tcm2,power_level_tcm2,,,,1,CE06ISSM,MFD35,VEL3D
CE06ISSM-MFD35-01-VEL3DD000,sync_out_position,sync_out_position,,,,1,CE06ISSM,MFD35,VEL3D
CE06ISSM-MFD35-01-VEL3DD000,sample_on_sync,sample_on_sync,,,,1,CE06ISSM,MFD35,VEL3D
CE06ISSM-MFD35-01-VEL3DD000,start_on_sync,start_on_sync,,,,1,CE06ISSM,MFD35,VEL3D
CE06ISSM-MFD35-01-VEL3DD000,power_level_pcr1,power_level_pcr1,,,,1,CE06ISSM,MFD35,VEL3D
CE06ISSM-MFD35-01-VEL3DD000,power_level_pcr2,power_level_pcr2,,,,1,CE06ISSM,MFD35,VEL3D
CE06ISSM-MFD35-01-VEL3DD000,compass_update_rate,compass_update_rate,,,,Hz,CE06ISSM,MFD35,VEL3D
CE06ISSM-MFD35-01-VEL3DD000,coordinate_system,coordinate_system,,,,1,CE06ISSM,MFD35,VEL3D
CE06ISSM-MFD35-01-VEL3DD000,number_cells,number_cells,,,,1,CE06ISSM,MFD35,VEL3D
CE06ISSM-MFD35-01-VEL3DD000,cell_size,cell_size,,,,m,CE06ISSM,MFD35,VEL3D
CE06ISSM-MFD35-01-VEL3DD000,measurement_interval,measurement_interval,,,,s,CE06ISSM,MFD35,VEL3D
CE06ISSM-MFD35-01-VEL3DD000,deployment_name,deployment_name,,,,1,CE06ISSM,MFD35,VEL3D
CE06ISSM-MFD35-01-VEL3DD000,wrap_mode,wrap_mode,,,,1,CE06ISSM,MFD35,VEL3D
CE06ISSM-MFD35-01-VEL3DD000,deployment_start_time,deployment_start_time,,,,1,CE06ISSM,MFD35,VEL3D
CE06ISSM-MFD35-01-VEL3DD000,diagnostics_interval,diagnostics_interval,,,,s,CE06ISSM,MFD35,VEL3D
CE06ISSM-MFD35-01-VEL3DD000,use_specified_sound_speed,use_specified_sound_speed,,,,1,CE06ISSM,MFD35,VEL3D
CE06ISSM-MFD35-01-VEL3DD000,diagnostics_mode_enable,diagnostics_mode_enable,,,,1,CE06ISSM,MFD35,VEL3D
CE06ISSM-MFD35-01-VEL3DD000,analog_output_enable,analog_output_enable,,,,1,CE06ISSM,MFD35,VEL3D
CE06ISSM-MFD35-01-VEL3DD000,output_format_nortek,output_format_nortek,,,,1,CE06ISSM,MFD35,VEL3D
CE06ISSM-MFD35-01-VEL3DD000,scaling,scaling,,,,1,CE06ISSM,MFD35,VEL3D
CE06ISSM-MFD35-01-VEL3DD000,serial_output_enable,serial_output_enable,,,,1,CE06ISSM,MFD35,VEL3D
CE06ISSM-MFD35-01-VEL3DD000,stage_enable,stage_enable,,,,1,CE06ISSM,MFD35,VEL3D
CE06ISSM-MFD35-01-VEL3DD000,analog_power_output,analog_power_output,,,,1,CE06ISSM,MFD35,VEL3D
CE06ISSM-MFD35-01-VEL3DD000,sound_speed_adjust_factor,sound_speed_adjust_factor,,,,m s-1,CE06ISSM,MFD35,VEL3D
CE06ISSM-MFD35-01-VEL3DD000,number_diagnostics_samples,number_diagnostics_samples,,,,1,CE06ISSM,MFD35,VEL3D
CE06ISSM-MFD35-01-VEL3DD000,number_beams_per_cell,number_beams_per_cell,,,,1,CE06ISSM,MFD35,VEL3D
CE06ISSM-MFD35-01-VEL3DD000,number_pings_diagnostic,number_pings_diagnostic,,,,1,CE06ISSM,MFD35,VEL3D
CE06ISSM-MFD35-01-VEL3DD000,use_dsp_filter,use_dsp_filter,,,,1,CE06ISSM,MFD35,VEL3D
CE06ISSM-MFD35-01-VEL3DD000,filter_data_output,filter_data_output,,,,1,CE06ISSM,MFD35,VEL3D
CE06ISSM-MFD35-01-VEL3DD000,analog_input_address,analog_input_address,,,,1,CE06ISSM,MFD35,VEL3D
CE06ISSM-MFD35-01-VEL3DD000,software_version,software_version,,,,1,CE06ISSM,MFD35,VEL3D
CE06ISSM-MFD35-01-VEL3DD000,velocity_adjustment_factor,velocity_adjustment_factor,,,,1,CE06ISSM,MFD35,VEL3D
CE06ISSM-MFD35-01-VEL3DD000,file_comments,file_comments,,,,1,CE06ISSM,MFD35,VEL3D
CE06ISSM-MFD35-01-VEL3DD000,wave_data_rate,wave_data_rate,,,,Hz,CE06ISSM,MFD35,VEL3D
CE06ISSM-MFD35-01-VEL3DD000,wave_cell_position,wave_cell_position,,,,1,CE06ISSM,MFD35,VEL3D
CE06ISSM-MFD35-01-VEL3DD000,dynamic_position_type,dynamic_position_type,,,,1,CE06ISSM,MFD35,VEL3D
CE06ISSM-MFD35-01-VEL3DD000,percent_wave_cell_position,percent_wave_cell_position,,,,1,CE06ISSM,MFD35,VEL3D
CE06ISSM-MFD35-01-VEL3DD000,wave_transmit_pulse,wave_transmit_pulse,,,,1,CE06ISSM,MFD35,VEL3D
CE06ISSM-MFD35-01-VEL3DD000,fixed_wave_blanking_distance,fixed_wave_blanking_distance,,,,counts,CE06ISSM,MFD35,VEL3D
CE06ISSM-MFD35-01-VEL3DD000,wave_measurement_cell_size,wave_measurement_cell_size,,,,m,CE06ISSM,MFD35,VEL3D
CE06ISSM-MFD35-01-VEL3DD000,number_diagnostics_per_wave,number_diagnostics_per_wave,,,,1,CE06ISSM,MFD35,VEL3D
CE06ISSM-MFD35-01-VEL3DD000,number_samples_per_burst,number_samples_per_burst,,,,1,CE06ISSM,MFD35,VEL3D
CE06ISSM-MFD35-01-VEL3DD000,analog_scale_factor,analog_scale_factor,,,,1,CE06ISSM,MFD35,VEL3D
CE06ISSM-MFD35-01-VEL3DD000,correlation_threshold,correlation_threshold,,,,1,CE06ISSM,MFD35,VEL3D
CE06ISSM-MFD35-01-VEL3DD000,filter_constants,filter_constants,,,,1,CE06ISSM,MFD35,VEL3D
CE06ISSM-MFD35-01-VEL3DD000,analog_input_2,analog_input_2,,,,1,CE06ISSM,MFD35,VEL3D
CE06ISSM-MFD35-01-VEL3DD000,ensemble_counter,ensemble_counter,,,,1,CE06ISSM,MFD35,VEL3D
CE06ISSM-MFD35-01-VEL3DD000,analog_input_1,analog_input_1,,,,1,CE06ISSM,MFD35,VEL3D
CE06ISSM-MFD35-01-VEL3DD000,turbulent_velocity_east,turbulent_velocity_east,,,L0,mm s-1,CE06ISSM,MFD35,VEL3D
CE06ISSM-MFD35-01-VEL3DD000,turbulent_velocity_north,turbulent_velocity_north,,,L0,mm s-1,CE06ISSM,MFD35,VEL3D
CE06ISSM-MFD35-01-VEL3DD000,turbulent_velocity_vertical,turbulent_velocity_vertical,,,L0,mm s-1,CE06ISSM,MFD35,VEL3D
CE06ISSM-MFD35-01-VEL3DD000,amplitude_beam_1,amplitude_beam_1,,,AUX,counts,CE06ISSM,MFD35,VEL3D
CE06ISSM-MFD35-01-VEL3DD000,amplitude_beam_2,amplitude_beam_2,,,AUX,counts,CE06ISSM,MFD35,VEL3D
CE06ISSM-MFD35-01-VEL3DD000,amplitude_beam_3,amplitude_beam_3,,,AUX,counts,CE06ISSM,MFD35,VEL3D
CE06ISSM-MFD35-01-VEL3DD000,correlation_beam_1,correlation_beam_1,,,AUX,1,CE06ISSM,MFD35,VEL3D
CE06ISSM-MFD35-01-VEL3DD000,correlation_beam_2,correlation_beam_2,,,AUX,1,CE06ISSM,MFD35,VEL3D
CE06ISSM-MFD35-01-VEL3DD000,correlation_beam_3,correlation_beam_3,,,AUX,1,CE06ISSM,MFD35,VEL3D
CE06ISSM-MFD35-01-VEL3DD000,speed_of_sound,speed_of_sound,,,AUX,m s-1,CE06ISSM,MFD35,VEL3D
CE06ISSM-MFD35-01-VEL3DD000,error_code,error_code,,,,1,CE06ISSM,MFD35,VEL3D
CE06ISSM-MFD35-01-VEL3DD000,status_code,status_code,,,,1,CE06ISSM,MFD35,VEL3D
CE06ISSM-MFD35-01-VEL3DD000,analog_input,analog_input,,,,1,CE06ISSM,MFD35,VEL3D
CE06ISSM-MFD35-01-VEL3DD000,number_velocity_records,number_velocity_records,,,,1,CE06ISSM,MFD35,VEL3D
CE06ISSM-MFD35-01-VEL3DD000,noise_amp_beam1,noise_amp_beam1,,,,counts,CE06ISSM,MFD35,VEL3D
CE06ISSM-MFD35-01-VEL3DD000,noise_amp_beam2,noise_amp_beam2,,,,counts,CE06ISSM,MFD35,VEL3D
CE06ISSM-MFD35-01-VEL3DD000,noise_amp_beam3,noise_amp_beam3,,,,counts,CE06ISSM,MFD35,VEL3D
CE06ISSM-MFD35-01-VEL3DD000,noise_correlation_beam1,noise_correlation_beam1,,,,1,CE06ISSM,MFD35,VEL3D
CE06ISSM-MFD35-01-VEL3DD000,noise_correlation_beam2,noise_correlation_beam2,,,,1,CE06ISSM,MFD35,VEL3D
CE06ISSM-MFD35-01-VEL3DD000,noise_correlation_beam3,noise_correlation_beam3,,,,1,CE06ISSM,MFD35,VEL3D
CE06ISSM-MFD35-01-VEL3DD000,time,time,,,ENG,seconds since 1900-01-01,CE06ISSM,MFD35,VEL3D
CE06ISSM-MFD35-01-VEL3DD000,ingestion_timestamp,ingestion_timestamp,,,ENG,seconds since 1900-01-01,CE06ISSM,MFD35,VEL3D
CE06ISSM-MFD35-01-VEL3DD000,date_time_string,date_time_string,,,,1,CE06ISSM,MFD35,VEL3D
CE06ISSM-MFD35-02-PRESFA000,driver_timestamp,driver_timestamp,,,ENG,seconds since 1900-01-01,CE06ISSM,MFD35,PRESF
CE06ISSM-MFD35-02-PRESFA000,internal_timestamp,internal_timestamp,,,ENG,seconds since 1900-01-01,CE06ISSM,MFD35,PRESF
CE06ISSM-MFD35-02-PRESFA000,preferred_timestamp,preferred_timestamp,,,ENG,1,CE06ISSM,MFD35,PRESF
CE06ISSM-MFD35-02-PRESFA000,dcl_controller_timestamp,dcl_controller_timestamp,,,ENG,1,CE06ISSM,MFD35,PRESF
CE06ISSM-MFD35-02-PRESFA000,pressure_temp,pressure_temp,,,AUX,deg_C,CE06ISSM,MFD35,PRESF
CE06ISSM-MFD35-02-PRESFA000,abs_seafloor_pressure,abs_seafloor_pressure,0,6000,L1,dbar,CE06ISSM,MFD35,PRESF
CE06ISSM-MFD35-02-PRESFA000,time,time,,,ENG,seconds since 1900-01-01,CE06ISSM,MFD35,PRESF
CE06ISSM-MFD35-02-PRESFA000,seawater_temperature,seawater_temperature,,,AUX,deg_C,CE06ISSM,MFD35,PRESF
CE06ISSM-MFD35-02-PRESFA000,ingestion_timestamp,ingestion_timestamp,,,ENG,seconds since 1900-01-01,CE06ISSM,MFD35,PRESF
CE06ISSM-MFD35-02-PRESFA000,date_time_string,date_time_string,,,,1,CE06ISSM,MFD35,PRESF
CE06ISSM-MFD35-02-PRESFA000,absolute_pressure,absolute_pressure,,,L0,psi,CE06ISSM,MFD35,PRESF
CE06ISSM-MFD35-04-ADCPTM000,bin_depths,bin_depths,,,,m,CE06ISSM,MFD35,ADCPT
CE06ISSM-MFD35-04-ADCPTM000,driver_timestamp,driver_timestamp,,,ENG,seconds since 1900-01-01,CE06ISSM,MFD35,ADCPT
CE06ISSM-MFD35-04-ADCPTM000,ensemble_start_time_2,ensemble_start_time_2,,,,seconds since 1900-01-01,CE06ISSM,MFD35,ADCPT
CE06ISSM-MFD35-04-ADCPTM000,real_time_clock_2,real_time_clock_2,,,,1,CE06ISSM,MFD35,ADCPT
CE06ISSM-MFD35-04-ADCPTM000,internal_timestamp,internal_timestamp,,,ENG,seconds since 1900-01-01,CE06ISSM,MFD35,ADCPT
CE06ISSM-MFD35-04-ADCPTM000,preferred_timestamp,preferred_timestamp,,,ENG,1,CE06ISSM,MFD35,ADCPT
CE06ISSM-MFD35-04-ADCPTM000,sensor_available_speed,sensor_available_speed,,,,1,CE06ISSM,MFD35,ADCPT
CE06ISSM-MFD35-04-ADCPTM000,sysconfig_beam_angle,sysconfig_beam_angle,,,,1,CE06ISSM,MFD35,ADCPT
CE06ISSM-MFD35-04-ADCPTM000,sysconfig_beam_config,sysconfig_beam_config,,,,1,CE06ISSM,MFD35,ADCPT
CE06ISSM-MFD35-04-ADCPTM000,adcps_jln_upward_seawater_velocity2,adcps_jln_upward_seawater_velocity2,-1,1,L1,m s-1,CE06ISSM,MFD35,ADCPT
CE06ISSM-MFD35-04-ADCPTM000,adcps_jln_error_velocity2,adcps_jln_error_velocity2,-1,1,L1,m s-1,CE06ISSM,MFD35,ADCPT
CE06ISSM-MFD35-04-ADCPTM000,dcl_controller_timestamp,dcl_controller_timestamp,,,ENG,1,CE06ISSM,MFD35,ADCPT
CE06ISSM-MFD35-04-ADCPTM000,adcps_jln_echo_intensity_beam1,adcps_jln_echo_intensity_beam1,0,255,L1,dB,CE06ISSM,MFD35,ADCPT
CE06ISSM-MFD35-04-ADCPTM000,adcps_jln_echo_intensity_beam2,adcps_jln_echo_intensity_beam2,0,255,L1,dB,CE06ISSM,MFD35,ADCPT
CE06ISSM-MFD35-04-ADCPTM000,adcps_jln_echo_intensity_beam3,adcps_jln_echo_intensity_beam3,0,255,L1,dB,CE06ISSM,MFD35,ADCPT
CE06ISSM-MFD35-04-ADCPTM000,adcps_jln_echo_intensity_beam4,adcps_jln_echo_intensity_beam4,0,255,L1,dB,CE06ISSM,MFD35,ADCPT
CE06ISSM-MFD35-04-ADCPTM000,dcl_controller_starting_timestamp,dcl_controller_starting_timestamp,,,,1,CE06ISSM,MFD35,ADCPT
CE06ISSM-MFD35-04-ADCPTM000,corrected_echo_intensity_beam1,corrected_echo_intensity_beam1,0,255,L1,dB,CE06ISSM,MFD35,ADCPT
CE06ISSM-MFD35-04-ADCPTM000,corrected_echo_intensity_beam2,corrected_echo_intensity_beam2,0,255,L1,dB,CE06ISSM,MFD35,ADCPT
CE06ISSM-MFD35-04-ADCPTM000,corrected_echo_intensity_beam3,corrected_echo_intensity_beam3,0,255,L1,dB,CE06ISSM,MFD35,ADCPT
CE06ISSM-MFD35-04-ADCPTM000,corrected_echo_intensity_beam4,corrected_echo_intensity_beam4,0,255,L1,dB,CE06ISSM,MFD35,ADCPT
CE06ISSM-MFD35-04-ADCPTM000,significant_wave_height,significant_wave_height,0,18,L0,m,CE06ISSM,MFD35,ADCPT
CE06ISSM-MFD35-04-ADCPTM000,peak_wave_period,peak_wave_period,3,30,L0,sec,CE06ISSM,MFD35,ADCPT
CE06ISSM-MFD35-04-ADCPTM000,adcpt_acfgm_dcl_eastward_earth_seawater_velocity,adcpt_acfgm_dcl_eastward_earth_seawater_velocity,-3,3,L1,m s-1,CE06ISSM,MFD35,ADCPT
CE06ISSM-MFD35-04-ADCPTM000,adcpt_acfgm_dcl_northward_earth_seawater_velocity,adcpt_acfgm_dcl_northward_earth_seawater_velocity,-3,3,L1,m s-1,CE06ISSM,MFD35,ADCPT
CE06ISSM-MFD35-04-ADCPTM000,burst_start_time,burst_start_time,,,,1,CE06ISSM,MFD35,ADCPT
CE06ISSM-MFD35-04-ADCPTM000,peak_wave_direction,peak_wave_direction,,,L1,degrees,CE06ISSM,MFD35,ADCPT
CE06ISSM-MFD35-04-ADCPTM000,tp_sea,tp_sea,,,,s,CE06ISSM,MFD35,ADCPT
CE06ISSM-MFD35-04-ADCPTM000,dp_sea,dp_sea,,,,degrees,CE06ISSM,MFD35,ADCPT
CE06ISSM-MFD35-04-ADCPTM000,hs_sea,hs_sea,,,,m,CE06ISSM,MFD35,ADCPT
CE06ISSM-MFD35-04-ADCPTM000,tp_swell,tp_swell,,,,s,CE06ISSM,MFD35,ADCPT
CE06ISSM-MFD35-04-ADCPTM000,dp_swell,dp_swell,,,,degrees,CE06ISSM,MFD35,ADCPT
CE06ISSM-MFD35-04-ADCPTM000,hs_swell,hs_swell,,,,m,CE06ISSM,MFD35,ADCPT
CE06ISSM-MFD35-04-ADCPTM000,depth_water_level,depth_water_level,,,,mm,CE06ISSM,MFD35,ADCPT
CE06ISSM-MFD35-04-ADCPTM000,h_max,h_max,,,L1,m,CE06ISSM,MFD35,ADCPT
CE06ISSM-MFD35-04-ADCPTM000,t_max,t_max,,,,s,CE06ISSM,MFD35,ADCPT
CE06ISSM-MFD35-04-ADCPTM000,h_1_3,h_1_3,,,,m,CE06ISSM,MFD35,ADCPT
CE06ISSM-MFD35-04-ADCPTM000,t_1_3,t_1_3,,,,s,CE06ISSM,MFD35,ADCPT
CE06ISSM-MFD35-04-ADCPTM000,h_mean,h_mean,,,L1,m,CE06ISSM,MFD35,ADCPT
CE06ISSM-MFD35-04-ADCPTM000,t_mean,t_mean,,,L1,s,CE06ISSM,MFD35,ADCPT
CE06ISSM-MFD35-04-ADCPTM000,h_1_10,h_1_10,,,L1,m,CE06ISSM,MFD35,ADCPT
CE06ISSM-MFD35-04-ADCPTM000,t_1_10,t_1_10,,,L1,s,CE06ISSM,MFD35,ADCPT
CE06ISSM-MFD35-04-ADCPTM000,d_mean,d_mean,,,,degrees,CE06ISSM,MFD35,ADCPT
CE06ISSM-MFD35-04-ADCPTM000,num_bins,num_bins,,,,counts,CE06ISSM,MFD35,ADCPT
CE06ISSM-MFD35-04-ADCPTM000,depth_level_magnitude,depth_level_magnitude,,,,m s-1,CE06ISSM,MFD35,ADCPT
CE06ISSM-MFD35-04-ADCPTM000,depth_level_direction,depth_level_direction,,,,degrees,CE06ISSM,MFD35,ADCPT
CE06ISSM-MFD35-04-ADCPTM000,file_time,file_time,,,,1,CE06ISSM,MFD35,ADCPT
CE06ISSM-MFD35-04-ADCPTM000,num_dir,num_dir,,,,counts,CE06ISSM,MFD35,ADCPT
CE06ISSM-MFD35-04-ADCPTM000,num_freq,num_freq,,,,counts,CE06ISSM,MFD35,ADCPT
CE06ISSM-MFD35-04-ADCPTM000,freq_w_band,freq_w_band,,,,Hz,CE06ISSM,MFD35,ADCPT
CE06ISSM-MFD35-04-ADCPTM000,freq_0,freq_0,,,,Hz,CE06ISSM,MFD35,ADCPT
CE06ISSM-MFD35-04-ADCPTM000,start_dir,start_dir,,,,degrees,CE06ISSM,MFD35,ADCPT
CE06ISSM-MFD35-04-ADCPTM000,directional_surface_spectrum,directional_surface_spectrum,,,,mm2/hz,CE06ISSM,MFD35,ADCPT
CE06ISSM-MFD35-04-ADCPTM000,num_fields,num_fields,,,,counts,CE06ISSM,MFD35,ADCPT
CE06ISSM-MFD35-04-ADCPTM000,frequency_band,frequency_band,,,,Hz,CE06ISSM,MFD35,ADCPT
CE06ISSM-MFD35-04-ADCPTM000,bandwidth_band,bandwidth_band,,,,Hz,CE06ISSM,MFD35,ADCPT
CE06ISSM-MFD35-04-ADCPTM000,energy_density_band,energy_density_band,,,,m2/hz,CE06ISSM,MFD35,ADCPT
CE06ISSM-MFD35-04-ADCPTM000,direction_band,direction_band,,,,degrees,CE06ISSM,MFD35,ADCPT
CE06ISSM-MFD35-04-ADCPTM000,a1_band,a1_band,,,,1,CE06ISSM,MFD35,ADCPT
CE06ISSM-MFD35-04-ADCPTM000,b1_band,b1_band,,,,1,CE06ISSM,MFD35,ADCPT
CE06ISSM-MFD35-04-ADCPTM000,a2_band,a2_band,,,,1,CE06ISSM,MFD35,ADCPT
CE06ISSM-MFD35-04-ADCPTM000,b2_band,b2_band,,,,1,CE06ISSM,MFD35,ADCPT
CE06ISSM-MFD35-04-ADCPTM000,check_factor_band,check_factor_band,,,,1,CE06ISSM,MFD35,ADCPT
CE06ISSM-MFD35-04-ADCPTM000,sequence_number,sequence_number,,,,1,CE06ISSM,MFD35,ADCPT
CE06ISSM-MFD35-04-ADCPTM000,file_mode,file_mode,,,,1,CE06ISSM,MFD35,ADCPT
CE06ISSM-MFD35-04-ADCPTM000,rec_time_series,rec_time_series,,,,1,CE06ISSM,MFD35,ADCPT
CE06ISSM-MFD35-04-ADCPTM000,rec_spectra,rec_spectra,,,,1,CE06ISSM,MFD35,ADCPT
CE06ISSM-MFD35-04-ADCPTM000,rec_dir_spec,rec_dir_spec,,,,1,CE06ISSM,MFD35,ADCPT
CE06ISSM-MFD35-04-ADCPTM000,samples_per_burst,samples_per_burst,,,,counts,CE06ISSM,MFD35,ADCPT
CE06ISSM-MFD35-04-ADCPTM000,time_between_samples,time_between_samples,,,,1/100 s,CE06ISSM,MFD35,ADCPT
CE06ISSM-MFD35-04-ADCPTM000,serial_number,serial_number,,,ENG,1,CE06ISSM,MFD35,ADCPT
CE06ISSM-MFD35-04-ADCPTM000,time_between_bursts_sec,time_between_bursts_sec,,,,s,CE06ISSM,MFD35,ADCPT
CE06ISSM-MFD35-04-ADCPTM000,bin_size,bin_size,,,,cm,CE06ISSM,MFD35,ADCPT
CE06ISSM-MFD35-04-ADCPTM000,bin_1_middle,bin_1_middle,,,,cm,CE06ISSM,MFD35,ADCPT
CE06ISSM-MFD35-04-ADCPTM000,num_range_bins,num_range_bins,,,,counts,CE06ISSM,MFD35,ADCPT
CE06ISSM-MFD35-04-ADCPTM000,num_vel_bins,num_vel_bins,,,,counts,CE06ISSM,MFD35,ADCPT
CE06ISSM-MFD35-04-ADCPTM000,num_int_bins,num_int_bins,,,,counts,CE06ISSM,MFD35,ADCPT
CE06ISSM-MFD35-04-ADCPTM000,num_beams,num_beams,,,,counts,CE06ISSM,MFD35,ADCPT
CE06ISSM-MFD35-04-ADCPTM000,beam_conf,beam_conf,,,,degrees,CE06ISSM,MFD35,ADCPT
CE06ISSM-MFD35-04-ADCPTM000,wave_param_source,wave_param_source,,,,1,CE06ISSM,MFD35,ADCPT
CE06ISSM-MFD35-04-ADCPTM000,nfft_samples,nfft_samples,,,,counts,CE06ISSM,MFD35,ADCPT
CE06ISSM-MFD35-04-ADCPTM000,num_directional_slices,num_directional_slices,,,,counts,CE06ISSM,MFD35,ADCPT
CE06ISSM-MFD35-04-ADCPTM000,num_freq_bins,num_freq_bins,,,,counts,CE06ISSM,MFD35,ADCPT
CE06ISSM-MFD35-04-ADCPTM000,window_type,window_type,,,,1,CE06ISSM,MFD35,ADCPT
CE06ISSM-MFD35-04-ADCPTM000,use_press_4_depth,use_press_4_depth,,,,1,CE06ISSM,MFD35,ADCPT
CE06ISSM-MFD35-04-ADCPTM000,use_strack_4_depth,use_strack_4_depth,,,,1,CE06ISSM,MFD35,ADCPT
CE06ISSM-MFD35-04-ADCPTM000,strack_spec,strack_spec,,,,1,CE06ISSM,MFD35,ADCPT
CE06ISSM-MFD35-04-ADCPTM000,press_spec,press_spec,,,,1,CE06ISSM,MFD35,ADCPT
CE06ISSM-MFD35-04-ADCPTM000,vel_min,vel_min,,,,mm/s,CE06ISSM,MFD35,ADCPT
CE06ISSM-MFD35-04-ADCPTM000,vel_max,vel_max,,,,mm/s,CE06ISSM,MFD35,ADCPT
CE06ISSM-MFD35-04-ADCPTM000,vel_std,vel_std,,,,mm/s,CE06ISSM,MFD35,ADCPT
CE06ISSM-MFD35-04-ADCPTM000,vel_max_change,vel_max_change,,,,mm/s,CE06ISSM,MFD35,ADCPT
CE06ISSM-MFD35-04-ADCPTM000,vel_pct_gd,vel_pct_gd,,,,%,CE06ISSM,MFD35,ADCPT
CE06ISSM-MFD35-04-ADCPTM000,surf_min,surf_min,,,,mm,CE06ISSM,MFD35,ADCPT
CE06ISSM-MFD35-04-ADCPTM000,surf_max,surf_max,,,,mm,CE06ISSM,MFD35,ADCPT
CE06ISSM-MFD35-04-ADCPTM000,surf_std,surf_std,,,,mm,CE06ISSM,MFD35,ADCPT
CE06ISSM-MFD35-04-ADCPTM000,surf_max_chng,surf_max_chng,,,,mm,CE06ISSM,MFD35,ADCPT
CE06ISSM-MFD35-04-ADCPTM000,surf_pct_gd,surf_pct_gd,,,,%,CE06ISSM,MFD35,ADCPT
CE06ISSM-MFD35-04-ADCPTM000,tbe_max_dev,tbe_max_dev,,,,1/110ths s,CE06ISSM,MFD35,ADCPT
CE06ISSM-MFD35-04-ADCPTM000,h_max_dev,h_max_dev,,,,deg,CE06ISSM,MFD35,ADCPT
CE06ISSM-MFD35-04-ADCPTM000,pr_max_dev,pr_max_dev,,,,deg,CE06ISSM,MFD35,ADCPT
CE06ISSM-MFD35-04-ADCPTM000,nom_depth,nom_depth,,,,cm,CE06ISSM,MFD35,ADCPT
CE06ISSM-MFD35-04-ADCPTM000,cal_press,cal_press,,,,1,CE06ISSM,MFD35,ADCPT
CE06ISSM-MFD35-04-ADCPTM000,depth_offset,depth_offset,,,,mm,CE06ISSM,MFD35,ADCPT
CE06ISSM-MFD35-04-ADCPTM000,currents,currents,,,,1,CE06ISSM,MFD35,ADCPT
CE06ISSM-MFD35-04-ADCPTM000,small_wave_freq,small_wave_freq,,,,1/100 Hz,CE06ISSM,MFD35,ADCPT
CE06ISSM-MFD35-04-ADCPTM000,small_wave_thresh,small_wave_thresh,,,,mm,CE06ISSM,MFD35,ADCPT
CE06ISSM-MFD35-04-ADCPTM000,tilts,tilts,,,,1,CE06ISSM,MFD35,ADCPT
CE06ISSM-MFD35-04-ADCPTM000,fixed_pitch,fixed_pitch,,,,deg,CE06ISSM,MFD35,ADCPT
CE06ISSM-MFD35-04-ADCPTM000,fixed_roll,fixed_roll,,,,deg,CE06ISSM,MFD35,ADCPT
CE06ISSM-MFD35-04-ADCPTM000,bottom_slope_x,bottom_slope_x,,,,m,CE06ISSM,MFD35,ADCPT
CE06ISSM-MFD35-04-ADCPTM000,bottom_slope_y,bottom_slope_y,,,,m,CE06ISSM,MFD35,ADCPT
CE06ISSM-MFD35-04-ADCPTM000,down,down,,,,1,CE06ISSM,MFD35,ADCPT
CE06ISSM-MFD35-04-ADCPTM000,trans_v2_surf,trans_v2_surf,,,,1,CE06ISSM,MFD35,ADCPT
CE06ISSM-MFD35-04-ADCPTM000,scale_spec,scale_spec,,,,1,CE06ISSM,MFD35,ADCPT
CE06ISSM-MFD35-04-ADCPTM000,sample_rate,sample_rate,,,,s,CE06ISSM,MFD35,ADCPT
CE06ISSM-MFD35-04-ADCPTM000,freq_thresh,freq_thresh,,,,Hz,CE06ISSM,MFD35,ADCPT
CE06ISSM-MFD35-04-ADCPTM000,dummy_surf,dummy_surf,,,,1,CE06ISSM,MFD35,ADCPT
CE06ISSM-MFD35-04-ADCPTM000,remove_bias,remove_bias,,,,1,CE06ISSM,MFD35,ADCPT
CE06ISSM-MFD35-04-ADCPTM000,dir_cutoff,dir_cutoff,,,,Hz,CE06ISSM,MFD35,ADCPT
CE06ISSM-MFD35-04-ADCPTM000,heading_variation,heading_variation,,,,1/100 deg,CE06ISSM,MFD35,ADCPT
CE06ISSM-MFD35-04-ADCPTM000,soft_rev,soft_rev,,,,1,CE06ISSM,MFD35,ADCPT
CE06ISSM-MFD35-04-ADCPTM000,clip_pwr_spec,clip_pwr_spec,,,,1,CE06ISSM,MFD35,ADCPT
CE06ISSM-MFD35-04-ADCPTM000,dir_p2,dir_p2,,,,1,CE06ISSM,MFD35,ADCPT
CE06ISSM-MFD35-04-ADCPTM000,horizontal,horizontal,,,,1,CE06ISSM,MFD35,ADCPT
CE06ISSM-MFD35-04-ADCPTM000,start_time,start_time,,,,1,CE06ISSM,MFD35,ADCPT
CE06ISSM-MFD35-04-ADCPTM000,stop_time,stop_time,,,,1,CE06ISSM,MFD35,ADCPT
CE06ISSM-MFD35-04-ADCPTM000,freq_lo,freq_lo,,,,1/1000th Hz,CE06ISSM,MFD35,ADCPT
CE06ISSM-MFD35-04-ADCPTM000,average_depth,average_depth,,,,mm,CE06ISSM,MFD35,ADCPT
CE06ISSM-MFD35-04-ADCPTM000,altitude,altitude,,,,cm,CE06ISSM,MFD35,ADCPT
CE06ISSM-MFD35-04-ADCPTM000,bin_map,bin_map,,,,1,CE06ISSM,MFD35,ADCPT
CE06ISSM-MFD35-04-ADCPTM000,disc_flag,disc_flag,,,,1,CE06ISSM,MFD35,ADCPT
CE06ISSM-MFD35-04-ADCPTM000,pct_gd_press,pct_gd_press,,,,%,CE06ISSM,MFD35,ADCPT
CE06ISSM-MFD35-04-ADCPTM000,avg_ss,avg_ss,,,,m/s,CE06ISSM,MFD35,ADCPT
CE06ISSM-MFD35-04-ADCPTM000,avg_temp,avg_temp,,,,deg C,CE06ISSM,MFD35,ADCPT
CE06ISSM-MFD35-04-ADCPTM000,pct_gd_surf,pct_gd_surf,,,,%,CE06ISSM,MFD35,ADCPT
CE06ISSM-MFD35-04-ADCPTM000,pct_gd_vel,pct_gd_vel,,,,%,CE06ISSM,MFD35,ADCPT
CE06ISSM-MFD35-04-ADCPTM000,heading_offset,heading_offset,,,,deg,CE06ISSM,MFD35,ADCPT
CE06ISSM-MFD35-04-ADCPTM000,hs_std,hs_std,,,,1,CE06ISSM,MFD35,ADCPT
CE06ISSM-MFD35-04-ADCPTM000,vs_std,vs_std,,,,1,CE06ISSM,MFD35,ADCPT
CE06ISSM-MFD35-04-ADCPTM000,ps_std,ps_std,,,,1,CE06ISSM,MFD35,ADCPT
CE06ISSM-MFD35-04-ADCPTM000,ds_freq_hi,ds_freq_hi,,,,1/100 Hz,CE06ISSM,MFD35,ADCPT
CE06ISSM-MFD35-04-ADCPTM000,vs_freq_hi,vs_freq_hi,,,,1/100 Hz,CE06ISSM,MFD35,ADCPT
CE06ISSM-MFD35-04-ADCPTM000,ps_freq_hi,ps_freq_hi,,,,1/100 Hz,CE06ISSM,MFD35,ADCPT
CE06ISSM-MFD35-04-ADCPTM000,ss_freq_hi,ss_freq_hi,,,,1/100 Hz,CE06ISSM,MFD35,ADCPT
CE06ISSM-MFD35-04-ADCPTM000,x_vel,x_vel,,,,mm/s,CE06ISSM,MFD35,ADCPT
CE06ISSM-MFD35-04-ADCPTM000,y_vel,y_vel,,,,mm/s,CE06ISSM,MFD35,ADCPT
CE06ISSM-MFD35-04-ADCPTM000,avg_pitch,avg_pitch,,,,1/100th deg,CE06ISSM,MFD35,ADCPT
CE06ISSM-MFD35-04-ADCPTM000,avg_roll,avg_roll,,,,1/100th deg,CE06ISSM,MFD35,ADCPT
CE06ISSM-MFD35-04-ADCPTM000,avg_heading,avg_heading,,,,1/100th deg,CE06ISSM,MFD35,ADCPT
CE06ISSM-MFD35-04-ADCPTM000,samples_collected,samples_collected,,,,counts,CE06ISSM,MFD35,ADCPT
CE06ISSM-MFD35-04-ADCPTM000,vspec_pct_measured,vspec_pct_measured,,,,%,CE06ISSM,MFD35,ADCPT
CE06ISSM-MFD35-04-ADCPTM000,vspec_num_freq,vspec_num_freq,,,,counts,CE06ISSM,MFD35,ADCPT
CE06ISSM-MFD35-04-ADCPTM000,vspec_dat,vspec_dat,,,,mm/sqrt(Hz),CE06ISSM,MFD35,ADCPT
CE06ISSM-MFD35-04-ADCPTM000,sspec_num_freq,sspec_num_freq,,,,counts,CE06ISSM,MFD35,ADCPT
CE06ISSM-MFD35-04-ADCPTM000,sspec_dat,sspec_dat,,,,mm/sqrt(Hz),CE06ISSM,MFD35,ADCPT
CE06ISSM-MFD35-04-ADCPTM000,pspec_num_freq,pspec_num_freq,,,,counts,CE06ISSM,MFD35,ADCPT
CE06ISSM-MFD35-04-ADCPTM000,pspec_dat,pspec_dat,,,,mm/sqrt(Hz),CE06ISSM,MFD35,ADCPT
CE06ISSM-MFD35-04-ADCPTM000,dspec_num_freq,dspec_num_freq,,,,counts,CE06ISSM,MFD35,ADCPT
CE06ISSM-MFD35-04-ADCPTM000,dspec_num_dir,dspec_num_dir,,,,counts,CE06ISSM,MFD35,ADCPT
CE06ISSM-MFD35-04-ADCPTM000,dspec_good,dspec_good,,,,counts,CE06ISSM,MFD35,ADCPT
CE06ISSM-MFD35-04-ADCPTM000,dspec_dat,dspec_dat,,,,mm/sqrt(Hz)/deg,CE06ISSM,MFD35,ADCPT
CE06ISSM-MFD35-04-ADCPTM000,wave_hs1,wave_hs1,,,,mm,CE06ISSM,MFD35,ADCPT
CE06ISSM-MFD35-04-ADCPTM000,wave_tp1,wave_tp1,,,,1/10 s,CE06ISSM,MFD35,ADCPT
CE06ISSM-MFD35-04-ADCPTM000,wave_dp1,wave_dp1,,,,deg,CE06ISSM,MFD35,ADCPT
CE06ISSM-MFD35-04-ADCPTM000,wave_hs2,wave_hs2,,,,mm,CE06ISSM,MFD35,ADCPT
CE06ISSM-MFD35-04-ADCPTM000,wave_tp2,wave_tp2,,,,1/10 s,CE06ISSM,MFD35,ADCPT
CE06ISSM-MFD35-04-ADCPTM000,wave_dp2,wave_dp2,,,,deg,CE06ISSM,MFD35,ADCPT
CE06ISSM-MFD35-04-ADCPTM000,wave_dm,wave_dm,,,,deg,CE06ISSM,MFD35,ADCPT
CE06ISSM-MFD35-04-ADCPTM000,hpr_num_samples,hpr_num_samples,,,,counts,CE06ISSM,MFD35,ADCPT
CE06ISSM-MFD35-04-ADCPTM000,beam_angle,beam_angle,,,,deg,CE06ISSM,MFD35,ADCPT
CE06ISSM-MFD35-04-ADCPTM000,heading_time_series,heading_time_series,,,,1/100th deg,CE06ISSM,MFD35,ADCPT
CE06ISSM-MFD35-04-ADCPTM000,pitch_time_series,pitch_time_series,,,,1/100th deg,CE06ISSM,MFD35,ADCPT
CE06ISSM-MFD35-04-ADCPTM000,roll_time_series,roll_time_series,,,,1/100th deg,CE06ISSM,MFD35,ADCPT
CE06ISSM-MFD35-04-ADCPTM000,adcps_jln_recovered_eastward_seawater_velocity,adcps_jln_recovered_eastward_seawater_velocity,-3,3,L1,m s-1,CE06ISSM,MFD35,ADCPT
CE06ISSM-MFD35-04-ADCPTM000,adcps_jln_recovered_northward_seawater_velocity,adcps_jln_recovered_northward_seawater_velocity,-3,3,L1,m s-1,CE06ISSM,MFD35,ADCPT
CE06ISSM-MFD35-04-ADCPTM000,firmware_version,firmware_version,,,,1,CE06ISSM,MFD35,ADCPT
CE06ISSM-MFD35-04-ADCPTM000,firmware_revision,firmware_revision,,,,1,CE06ISSM,MFD35,ADCPT
CE06ISSM-MFD35-04-ADCPTM000,sysconfig_frequency,sysconfig_frequency,,,,kHz,CE06ISSM,MFD35,ADCPT
CE06ISSM-MFD35-04-ADCPTM000,sysconfig_beam_pattern,sysconfig_beam_pattern,,,,1,CE06ISSM,MFD35,ADCPT
CE06ISSM-MFD35-04-ADCPTM000,sysconfig_sensor_config,sysconfig_sensor_config,,,,1,CE06ISSM,MFD35,ADCPT
CE06ISSM-MFD35-04-ADCPTM000,sysconfig_head_attached,sysconfig_head_attached,,,,1,CE06ISSM,MFD35,ADCPT
CE06ISSM-MFD35-04-ADCPTM000,sysconfig_vertical_orientation,sysconfig_vertical_orientation,,,,1,CE06ISSM,MFD35,ADCPT
CE06ISSM-MFD35-04-ADCPTM000,data_flag,data_flag,,,,1,CE06ISSM,MFD35,ADCPT
CE06ISSM-MFD35-04-ADCPTM000,lag_length,lag_length,,,,s,CE06ISSM,MFD35,ADCPT
CE06ISSM-MFD35-04-ADCPTM000,num_beams,num_beams,,,,1,CE06ISSM,MFD35,ADCPT
CE06ISSM-MFD35-04-ADCPTM000,num_cells,num_cells,,,,1,CE06ISSM,MFD35,ADCPT
CE06ISSM-MFD35-04-ADCPTM000,pings_per_ensemble,pings_per_ensemble,,,,1,CE06ISSM,MFD35,ADCPT
CE06ISSM-MFD35-04-ADCPTM000,cell_length,cell_length,,,,cm,CE06ISSM,MFD35,ADCPT
CE06ISSM-MFD35-04-ADCPTM000,blank_after_transmit,blank_after_transmit,,,,cm,CE06ISSM,MFD35,ADCPT
CE06ISSM-MFD35-04-ADCPTM000,signal_processing_mode,signal_processing_mode,,,,1,CE06ISSM,MFD35,ADCPT
CE06ISSM-MFD35-04-ADCPTM000,low_corr_threshold,low_corr_threshold,,,,counts,CE06ISSM,MFD35,ADCPT
CE06ISSM-MFD35-04-ADCPTM000,num_code_repetitions,num_code_repetitions,,,,counts,CE06ISSM,MFD35,ADCPT
CE06ISSM-MFD35-04-ADCPTM000,percent_good_min,percent_good_min,,,,percent,CE06ISSM,MFD35,ADCPT
CE06ISSM-MFD35-04-ADCPTM000,error_vel_threshold,error_vel_threshold,,,,mm s-1,CE06ISSM,MFD35,ADCPT
CE06ISSM-MFD35-04-ADCPTM000,time_per_ping_minutes,time_per_ping_minutes,,,,min,CE06ISSM,MFD35,ADCPT
CE06ISSM-MFD35-04-ADCPTM000,time_per_ping_seconds,time_per_ping_seconds,,,,s,CE06ISSM,MFD35,ADCPT
CE06ISSM-MFD35-04-ADCPTM000,coord_transform_type,coord_transform_type,,,,1,CE06ISSM,MFD35,ADCPT
CE06ISSM-MFD35-04-ADCPTM000,coord_transform_tilts,coord_transform_tilts,,,,1,CE06ISSM,MFD35,ADCPT
CE06ISSM-MFD35-04-ADCPTM000,coord_transform_beams,coord_transform_beams,,,,1,CE06ISSM,MFD35,ADCPT
CE06ISSM-MFD35-04-ADCPTM000,coord_transform_mapping,coord_transform_mapping,,,,1,CE06ISSM,MFD35,ADCPT
CE06ISSM-MFD35-04-ADCPTM000,heading_alignment,heading_alignment,,,,cdegrees,CE06ISSM,MFD35,ADCPT
CE06ISSM-MFD35-04-ADCPTM000,heading_bias,heading_bias,,,,cdegrees,CE06ISSM,MFD35,ADCPT
CE06ISSM-MFD35-04-ADCPTM000,sensor_source_speed,sensor_source_speed,,,,1,CE06ISSM,MFD35,ADCPT
CE06ISSM-MFD35-04-ADCPTM000,sensor_source_depth,sensor_source_depth,,,,1,CE06ISSM,MFD35,ADCPT
CE06ISSM-MFD35-04-ADCPTM000,sensor_source_heading,sensor_source_heading,,,,1,CE06ISSM,MFD35,ADCPT
CE06ISSM-MFD35-04-ADCPTM000,sensor_source_pitch,sensor_source_pitch,,,,1,CE06ISSM,MFD35,ADCPT
CE06ISSM-MFD35-04-ADCPTM000,sensor_source_roll,sensor_source_roll,,,,1,CE06ISSM,MFD35,ADCPT
CE06ISSM-MFD35-04-ADCPTM000,sensor_source_conductivity,sensor_source_conductivity,,,,1,CE06ISSM,MFD35,ADCPT
CE06ISSM-MFD35-04-ADCPTM000,sensor_source_temperature,sensor_source_temperature,,,,1,CE06ISSM,MFD35,ADCPT
CE06ISSM-MFD35-04-ADCPTM000,sensor_available_depth,sensor_available_depth,,,,1,CE06ISSM,MFD35,ADCPT
CE06ISSM-MFD35-04-ADCPTM000,sensor_available_heading,sensor_available_heading,,,,1,CE06ISSM,MFD35,ADCPT
CE06ISSM-MFD35-04-ADCPTM000,sensor_available_pitch,sensor_available_pitch,,,,1,CE06ISSM,MFD35,ADCPT
CE06ISSM-MFD35-04-ADCPTM000,sensor_available_roll,sensor_available_roll,,,,1,CE06ISSM,MFD35,ADCPT
CE06ISSM-MFD35-04-ADCPTM000,sensor_available_conductivity,sensor_available_conductivity,,,,1,CE06ISSM,MFD35,ADCPT
CE06ISSM-MFD35-04-ADCPTM000,sensor_available_temperature,sensor_available_temperature,,,,1,CE06ISSM,MFD35,ADCPT
CE06ISSM-MFD35-04-ADCPTM000,bin_1_distance,bin_1_distance,,,,cm,CE06ISSM,MFD35,ADCPT
CE06ISSM-MFD35-04-ADCPTM000,transmit_pulse_length,transmit_pulse_length,,,,cm,CE06ISSM,MFD35,ADCPT
CE06ISSM-MFD35-04-ADCPTM000,reference_layer_start,reference_layer_start,,,,1,CE06ISSM,MFD35,ADCPT
CE06ISSM-MFD35-04-ADCPTM000,reference_layer_stop,reference_layer_stop,,,,1,CE06ISSM,MFD35,ADCPT
CE06ISSM-MFD35-04-ADCPTM000,false_target_threshold,false_target_threshold,,,,counts,CE06ISSM,MFD35,ADCPT
CE06ISSM-MFD35-04-ADCPTM000,low_latency_trigger,low_latency_trigger,,,,1,CE06ISSM,MFD35,ADCPT
CE06ISSM-MFD35-04-ADCPTM000,transmit_lag_distance,transmit_lag_distance,,,,cm,CE06ISSM,MFD35,ADCPT
CE06ISSM-MFD35-04-ADCPTM000,cpu_board_serial_number,cpu_board_serial_number,,,,1,CE06ISSM,MFD35,ADCPT
CE06ISSM-MFD35-04-ADCPTM000,system_bandwidth,system_bandwidth,,,,1,CE06ISSM,MFD35,ADCPT
CE06ISSM-MFD35-04-ADCPTM000,system_power,system_power,,,,1,CE06ISSM,MFD35,ADCPT
CE06ISSM-MFD35-04-ADCPTM000,beam_angle,beam_angle,,,,degrees,CE06ISSM,MFD35,ADCPT
CE06ISSM-MFD35-04-ADCPTM000,ensemble_number,ensemble_number,,,,1,CE06ISSM,MFD35,ADCPT
CE06ISSM-MFD35-04-ADCPTM000,ensemble_number_increment,ensemble_number_increment,,,,1,CE06ISSM,MFD35,ADCPT
CE06ISSM-MFD35-04-ADCPTM000,bit_result_demod_1,bit_result_demod_1,,,,1,CE06ISSM,MFD35,ADCPT
CE06ISSM-MFD35-04-ADCPTM000,bit_result_demod_0,bit_result_demod_0,,,,1,CE06ISSM,MFD35,ADCPT
CE06ISSM-MFD35-04-ADCPTM000,bit_result_timing,bit_result_timing,,,,1,CE06ISSM,MFD35,ADCPT
CE06ISSM-MFD35-04-ADCPTM000,speed_of_sound,speed_of_sound,,,,m s-1,CE06ISSM,MFD35,ADCPT
CE06ISSM-MFD35-04-ADCPTM000,transducer_depth,transducer_depth,,,,dm,CE06ISSM,MFD35,ADCPT
CE06ISSM-MFD35-04-ADCPTM000,heading,heading,,,,cdegrees,CE06ISSM,MFD35,ADCPT
CE06ISSM-MFD35-04-ADCPTM000,pitch,pitch,,,,cdegrees,CE06ISSM,MFD35,ADCPT
CE06ISSM-MFD35-04-ADCPTM000,roll,roll,,,,cdegrees,CE06ISSM,MFD35,ADCPT
CE06ISSM-MFD35-04-ADCPTM000,salinity,salinity,,,,1,CE06ISSM,MFD35,ADCPT
CE06ISSM-MFD35-04-ADCPTM000,temperature,temperature,,,,cdeg_C,CE06ISSM,MFD35,ADCPT
CE06ISSM-MFD35-04-ADCPTM000,mpt_minutes,mpt_minutes,,,,min,CE06ISSM,MFD35,ADCPT
CE06ISSM-MFD35-04-ADCPTM000,mpt_seconds,mpt_seconds,,,,s,CE06ISSM,MFD35,ADCPT
CE06ISSM-MFD35-04-ADCPTM000,heading_stdev,heading_stdev,,,,degrees,CE06ISSM,MFD35,ADCPT
CE06ISSM-MFD35-04-ADCPTM000,pitch_stdev,pitch_stdev,,,,ddegrees,CE06ISSM,MFD35,ADCPT
CE06ISSM-MFD35-04-ADCPTM000,roll_stdev,roll_stdev,,,,ddegrees,CE06ISSM,MFD35,ADCPT
CE06ISSM-MFD35-04-ADCPTM000,adc_transmit_current,adc_transmit_current,,,,counts,CE06ISSM,MFD35,ADCPT
CE06ISSM-MFD35-04-ADCPTM000,adc_transmit_voltage,adc_transmit_voltage,,,,counts,CE06ISSM,MFD35,ADCPT
CE06ISSM-MFD35-04-ADCPTM000,adc_ambient_temp,adc_ambient_temp,,,,counts,CE06ISSM,MFD35,ADCPT
CE06ISSM-MFD35-04-ADCPTM000,adc_pressure_plus,adc_pressure_plus,,,,counts,CE06ISSM,MFD35,ADCPT
CE06ISSM-MFD35-04-ADCPTM000,adc_pressure_minus,adc_pressure_minus,,,,counts,CE06ISSM,MFD35,ADCPT
CE06ISSM-MFD35-04-ADCPTM000,adc_attitude_temp,adc_attitude_temp,,,,counts,CE06ISSM,MFD35,ADCPT
CE06ISSM-MFD35-04-ADCPTM000,adc_attitude,adc_attitude,,,,counts,CE06ISSM,MFD35,ADCPT
CE06ISSM-MFD35-04-ADCPTM000,adc_contamination_sensor,adc_contamination_sensor,,,,counts,CE06ISSM,MFD35,ADCPT
CE06ISSM-MFD35-04-ADCPTM000,bus_error_exception,bus_error_exception,,,,1,CE06ISSM,MFD35,ADCPT
CE06ISSM-MFD35-04-ADCPTM000,address_error_exception,address_error_exception,,,,1,CE06ISSM,MFD35,ADCPT
CE06ISSM-MFD35-04-ADCPTM000,illegal_instruction_exception,illegal_instruction_exception,,,,1,CE06ISSM,MFD35,ADCPT
CE06ISSM-MFD35-04-ADCPTM000,zero_divide_instruction,zero_divide_instruction,,,,1,CE06ISSM,MFD35,ADCPT
CE06ISSM-MFD35-04-ADCPTM000,emulator_exception,emulator_exception,,,,1,CE06ISSM,MFD35,ADCPT
CE06ISSM-MFD35-04-ADCPTM000,unassigned_exception,unassigned_exception,,,,1,CE06ISSM,MFD35,ADCPT
CE06ISSM-MFD35-04-ADCPTM000,watchdog_restart_occurred,watchdog_restart_occurred,,,,1,CE06ISSM,MFD35,ADCPT
CE06ISSM-MFD35-04-ADCPTM000,battery_saver_power,battery_saver_power,,,,1,CE06ISSM,MFD35,ADCPT
CE06ISSM-MFD35-04-ADCPTM000,pinging,pinging,,,,1,CE06ISSM,MFD35,ADCPT
CE06ISSM-MFD35-04-ADCPTM000,cold_wakeup_occurred,cold_wakeup_occurred,,,,1,CE06ISSM,MFD35,ADCPT
CE06ISSM-MFD35-04-ADCPTM000,time,time,,,ENG,seconds since 1900-01-01,CE06ISSM,MFD35,ADCPT
CE06ISSM-MFD35-04-ADCPTM000,unknown_wakeup_occurred,unknown_wakeup_occurred,,,,1,CE06ISSM,MFD35,ADCPT
CE06ISSM-MFD35-04-ADCPTM000,clock_read_error,clock_read_error,,,,1,CE06ISSM,MFD35,ADCPT
CE06ISSM-MFD35-04-ADCPTM000,unexpected_alarm,unexpected_alarm,,,,1,CE06ISSM,MFD35,ADCPT
CE06ISSM-MFD35-04-ADCPTM000,clock_jump_forward,clock_jump_forward,,,,1,CE06ISSM,MFD35,ADCPT
CE06ISSM-MFD35-04-ADCPTM000,clock_jump_backward,clock_jump_backward,,,,1,CE06ISSM,MFD35,ADCPT
CE06ISSM-MFD35-04-ADCPTM000,power_fail,power_fail,,,,1,CE06ISSM,MFD35,ADCPT
CE06ISSM-MFD35-04-ADCPTM000,spurious_dsp_interrupt,spurious_dsp_interrupt,,,,1,CE06ISSM,MFD35,ADCPT
CE06ISSM-MFD35-04-ADCPTM000,spurious_uart_interrupt,spurious_uart_interrupt,,,,1,CE06ISSM,MFD35,ADCPT
CE06ISSM-MFD35-04-ADCPTM000,spurious_clock_interrupt,spurious_clock_interrupt,,,,1,CE06ISSM,MFD35,ADCPT
CE06ISSM-MFD35-04-ADCPTM000,level_7_interrupt,level_7_interrupt,,,,1,CE06ISSM,MFD35,ADCPT
CE06ISSM-MFD35-04-ADCPTM000,pressure,pressure,,,,daPa,CE06ISSM,MFD35,ADCPT
CE06ISSM-MFD35-04-ADCPTM000,pressure_variance,pressure_variance,,,,daPa,CE06ISSM,MFD35,ADCPT
CE06ISSM-MFD35-04-ADCPTM000,water_velocity_east,water_velocity_east,,,L0,mm s-1,CE06ISSM,MFD35,ADCPT
CE06ISSM-MFD35-04-ADCPTM000,water_velocity_north,water_velocity_north,,,L0,mm s-1,CE06ISSM,MFD35,ADCPT
CE06ISSM-MFD35-04-ADCPTM000,water_velocity_up,water_velocity_up,,,L0,mm s-1,CE06ISSM,MFD35,ADCPT
CE06ISSM-MFD35-04-ADCPTM000,error_velocity,error_velocity,,,L0,mm s-1,CE06ISSM,MFD35,ADCPT
CE06ISSM-MFD35-04-ADCPTM000,correlation_magnitude_beam1,correlation_magnitude_beam1,,,,1,CE06ISSM,MFD35,ADCPT
CE06ISSM-MFD35-04-ADCPTM000,correlation_magnitude_beam2,correlation_magnitude_beam2,,,,1,CE06ISSM,MFD35,ADCPT
CE06ISSM-MFD35-04-ADCPTM000,correlation_magnitude_beam3,correlation_magnitude_beam3,,,,1,CE06ISSM,MFD35,ADCPT
CE06ISSM-MFD35-04-ADCPTM000,correlation_magnitude_beam4,correlation_magnitude_beam4,,,,1,CE06ISSM,MFD35,ADCPT
CE06ISSM-MFD35-04-ADCPTM000,echo_intensity_beam1,echo_intensity_beam1,,,L0,counts,CE06ISSM,MFD35,ADCPT
CE06ISSM-MFD35-04-ADCPTM000,echo_intensity_beam2,echo_intensity_beam2,,,L0,counts,CE06ISSM,MFD35,ADCPT
CE06ISSM-MFD35-04-ADCPTM000,echo_intensity_beam3,echo_intensity_beam3,,,L0,counts,CE06ISSM,MFD35,ADCPT
CE06ISSM-MFD35-04-ADCPTM000,echo_intensity_beam4,echo_intensity_beam4,,,L0,counts,CE06ISSM,MFD35,ADCPT
CE06ISSM-MFD35-04-ADCPTM000,percent_good_3beam,percent_good_3beam,,,,percent,CE06ISSM,MFD35,ADCPT
CE06ISSM-MFD35-04-ADCPTM000,percent_transforms_reject,percent_transforms_reject,,,,percent,CE06ISSM,MFD35,ADCPT
CE06ISSM-MFD35-04-ADCPTM000,percent_bad_beams,percent_bad_beams,,,,percent,CE06ISSM,MFD35,ADCPT
CE06ISSM-MFD35-04-ADCPTM000,percent_good_4beam,percent_good_4beam,,,,percent,CE06ISSM,MFD35,ADCPT
CE06ISSM-MFD35-04-ADCPTM000,burst_number,burst_number,,,,1,CE06ISSM,MFD35,ADCPT
CE06ISSM-MFD35-04-ADCPTM000,ensemble_start_time,ensemble_start_time,,,,seconds since 1900-01-01,CE06ISSM,MFD35,ADCPT
CE06ISSM-MFD35-04-ADCPTM000,ingestion_timestamp,ingestion_timestamp,,,ENG,seconds since 1900-01-01,CE06ISSM,MFD35,ADCPT
CE06ISSM-MFD35-04-ADCPTM000,real_time_clock,real_time_clock,,,,1,CE06ISSM,MFD35,ADCPT
CE06ISSM-MFD35-04-ADCPTM000,upward_earth_seawater_velocity,upward_earth_seawater_velocity,-1,1,L1,m s-1,CE06ISSM,MFD35,ADCPT
CE06ISSM-MFD35-04-ADCPTM000,earth_error_velocity,earth_error_velocity,-1,1,L1,m s-1,CE06ISSM,MFD35,ADCPT
CE06ISSM-MFD35-05-PCO2WB000,driver_timestamp,driver_timestamp,,,ENG,seconds since 1900-01-01,CE06ISSM,MFD35,PCO2W
CE06ISSM-MFD35-05-PCO2WB000,external_device2_fault,external_device2_fault,,,,1,CE06ISSM,MFD35,PCO2W
CE06ISSM-MFD35-05-PCO2WB000,external_device3_fault,external_device3_fault,,,,1,CE06ISSM,MFD35,PCO2W
CE06ISSM-MFD35-05-PCO2WB000,num_data_records,num_data_records,,,,1,CE06ISSM,MFD35,PCO2W
CE06ISSM-MFD35-05-PCO2WB000,num_error_records,num_error_records,,,,1,CE06ISSM,MFD35,PCO2W
CE06ISSM-MFD35-05-PCO2WB000,num_bytes_stored,num_bytes_stored,,,,bytes,CE06ISSM,MFD35,PCO2W
CE06ISSM-MFD35-05-PCO2WB000,internal_timestamp,internal_timestamp,,,ENG,seconds since 1900-01-01,CE06ISSM,MFD35,PCO2W
CE06ISSM-MFD35-05-PCO2WB000,preferred_timestamp,preferred_timestamp,,,ENG,1,CE06ISSM,MFD35,PCO2W
CE06ISSM-MFD35-05-PCO2WB000,passed_checksum,passed_checksum,,,ENG,1,CE06ISSM,MFD35,PCO2W
CE06ISSM-MFD35-05-PCO2WB000,dcl_controller_timestamp,dcl_controller_timestamp,,,ENG,1,CE06ISSM,MFD35,PCO2W
CE06ISSM-MFD35-05-PCO2WB000,blank_light_measurements,blank_light_measurements,,,,counts,CE06ISSM,MFD35,PCO2W
CE06ISSM-MFD35-05-PCO2WB000,battery_low_blank,battery_low_blank,,,,1,CE06ISSM,MFD35,PCO2W
CE06ISSM-MFD35-05-PCO2WB000,unique_id,unique_id,,,,1,CE06ISSM,MFD35,PCO2W
CE06ISSM-MFD35-05-PCO2WB000,record_type,record_type,,,,1,CE06ISSM,MFD35,PCO2W
CE06ISSM-MFD35-05-PCO2WB000,record_time,record_time,,,,seconds since 1904-01-01,CE06ISSM,MFD35,PCO2W
CE06ISSM-MFD35-05-PCO2WB000,light_measurements,light_measurements,,,,counts,CE06ISSM,MFD35,PCO2W
CE06ISSM-MFD35-05-PCO2WB000,voltage_battery,voltage_battery,,,,counts,CE06ISSM,MFD35,PCO2W
CE06ISSM-MFD35-05-PCO2WB000,thermistor_raw,thermistor_raw,,,L0,V,CE06ISSM,MFD35,PCO2W
CE06ISSM-MFD35-05-PCO2WB000,clock_active,clock_active,,,,1,CE06ISSM,MFD35,PCO2W
CE06ISSM-MFD35-05-PCO2WB000,recording_active,recording_active,,,,1,CE06ISSM,MFD35,PCO2W
CE06ISSM-MFD35-05-PCO2WB000,record_end_on_time,record_end_on_time,,,,1,CE06ISSM,MFD35,PCO2W
CE06ISSM-MFD35-05-PCO2WB000,record_memory_full,record_memory_full,,,,1,CE06ISSM,MFD35,PCO2W
CE06ISSM-MFD35-05-PCO2WB000,record_end_on_error,record_end_on_error,,,,1,CE06ISSM,MFD35,PCO2W
CE06ISSM-MFD35-05-PCO2WB000,data_download_ok,data_download_ok,,,,1,CE06ISSM,MFD35,PCO2W
CE06ISSM-MFD35-05-PCO2WB000,flash_memory_open,flash_memory_open,,,,1,CE06ISSM,MFD35,PCO2W
CE06ISSM-MFD35-05-PCO2WB000,battery_low_prestart,battery_low_prestart,,,,1,CE06ISSM,MFD35,PCO2W
CE06ISSM-MFD35-05-PCO2WB000,battery_low_measurement,battery_low_measurement,,,,1,CE06ISSM,MFD35,PCO2W
CE06ISSM-MFD35-05-PCO2WB000,battery_low_external,battery_low_external,,,,1,CE06ISSM,MFD35,PCO2W
CE06ISSM-MFD35-05-PCO2WB000,external_device1_fault,external_device1_fault,,,,1,CE06ISSM,MFD35,PCO2W
CE06ISSM-MFD35-05-PCO2WB000,flash_erased,flash_erased,,,,1,CE06ISSM,MFD35,PCO2W
CE06ISSM-MFD35-05-PCO2WB000,power_on_invalid,power_on_invalid,,,,1,CE06ISSM,MFD35,PCO2W
CE06ISSM-MFD35-05-PCO2WB000,time,time,,,ENG,seconds since 1900-01-01,CE06ISSM,MFD35,PCO2W
CE06ISSM-MFD35-05-PCO2WB000,ingestion_timestamp,ingestion_timestamp,,,ENG,seconds since 1900-01-01,CE06ISSM,MFD35,PCO2W
CE06ISSM-MFD35-05-PCO2WB000,absorbance_ratio_434,absorbance_ratio_434,0,100000,L0,counts,CE06ISSM,MFD35,PCO2W
CE06ISSM-MFD35-05-PCO2WB000,absorbance_ratio_620,absorbance_ratio_620,0,100000,L0,counts,CE06ISSM,MFD35,PCO2W
CE06ISSM-MFD35-05-PCO2WB000,absorbance_blank_434,absorbance_blank_434,,,L0,1,CE06ISSM,MFD35,PCO2W
CE06ISSM-MFD35-05-PCO2WB000,absorbance_blank_620,absorbance_blank_620,,,L0,1,CE06ISSM,MFD35,PCO2W
CE06ISSM-MFD35-05-PCO2WB000,pco2w_thermistor_temperature,pco2w_thermistor_temperature,-2,40,,deg_C,CE06ISSM,MFD35,PCO2W
CE06ISSM-MFD35-05-PCO2WB000,pco2_seawater,pco2_seawater,100,600,L1,uatm,CE06ISSM,MFD35,PCO2W
CE06ISSM-MFD35-06-PHSEND000,driver_timestamp,driver_timestamp,,,ENG,seconds since 1900-01-01,CE06ISSM,MFD35,PHSEN
CE06ISSM-MFD35-06-PHSEND000,external_device2_fault,external_device2_fault,,,,1,CE06ISSM,MFD35,PHSEN
CE06ISSM-MFD35-06-PHSEND000,external_device3_fault,external_device3_fault,,,,1,CE06ISSM,MFD35,PHSEN
CE06ISSM-MFD35-06-PHSEND000,num_data_records,num_data_records,,,,1,CE06ISSM,MFD35,PHSEN
CE06ISSM-MFD35-06-PHSEND000,num_error_records,num_error_records,,,,1,CE06ISSM,MFD35,PHSEN
CE06ISSM-MFD35-06-PHSEND000,num_bytes_stored,num_bytes_stored,,,,bytes,CE06ISSM,MFD35,PHSEN
CE06ISSM-MFD35-06-PHSEND000,internal_timestamp,internal_timestamp,,,ENG,seconds since 1900-01-01,CE06ISSM,MFD35,PHSEN
CE06ISSM-MFD35-06-PHSEND000,preferred_timestamp,preferred_timestamp,,,ENG,1,CE06ISSM,MFD35,PHSEN
CE06ISSM-MFD35-06-PHSEND000,passed_checksum,passed_checksum,,,ENG,1,CE06ISSM,MFD35,PHSEN
CE06ISSM-MFD35-06-PHSEND000,dcl_controller_timestamp,dcl_controller_timestamp,,,ENG,1,CE06ISSM,MFD35,PHSEN
CE06ISSM-MFD35-06-PHSEND000,phsen_abcdef_ph_seawater,phsen_abcdef_ph_seawater,7.3,8.5,L1,(unitless),CE06ISSM,MFD35,PHSEN
CE06ISSM-MFD35-06-PHSEND000,battery_low_blank,battery_low_blank,,,,1,CE06ISSM,MFD35,PHSEN
CE06ISSM-MFD35-06-PHSEND000,unique_id,unique_id,,,,1,CE06ISSM,MFD35,PHSEN
CE06ISSM-MFD35-06-PHSEND000,record_type,record_type,,,,1,CE06ISSM,MFD35,PHSEN
CE06ISSM-MFD35-06-PHSEND000,record_time,record_time,,,,seconds since 1904-01-01,CE06ISSM,MFD35,PHSEN
CE06ISSM-MFD35-06-PHSEND000,light_measurements,light_measurements,,,,counts,CE06ISSM,MFD35,PHSEN
CE06ISSM-MFD35-06-PHSEND000,voltage_battery,voltage_battery,,,,counts,CE06ISSM,MFD35,PHSEN
CE06ISSM-MFD35-06-PHSEND000,clock_active,clock_active,,,,1,CE06ISSM,MFD35,PHSEN
CE06ISSM-MFD35-06-PHSEND000,recording_active,recording_active,,,,1,CE06ISSM,MFD35,PHSEN
CE06ISSM-MFD35-06-PHSEND000,record_end_on_time,record_end_on_time,,,,1,CE06ISSM,MFD35,PHSEN
CE06ISSM-MFD35-06-PHSEND000,record_memory_full,record_memory_full,,,,1,CE06ISSM,MFD35,PHSEN
CE06ISSM-MFD35-06-PHSEND000,phsen_abcdef_signal_intensity_434,phsen_abcdef_signal_intensity_434,,,L0,counts,CE06ISSM,MFD35,PHSEN
CE06ISSM-MFD35-06-PHSEND000,phsen_abcdef_signal_intensity_578,phsen_abcdef_signal_intensity_578,,,L0,counts,CE06ISSM,MFD35,PHSEN
CE06ISSM-MFD35-06-PHSEND000,record_end_on_error,record_end_on_error,,,,1,CE06ISSM,MFD35,PHSEN
CE06ISSM-MFD35-06-PHSEND000,data_download_ok,data_download_ok,,,,1,CE06ISSM,MFD35,PHSEN
CE06ISSM-MFD35-06-PHSEND000,flash_memory_open,flash_memory_open,,,,1,CE06ISSM,MFD35,PHSEN
CE06ISSM-MFD35-06-PHSEND000,battery_low_prestart,battery_low_prestart,,,,1,CE06ISSM,MFD35,PHSEN
CE06ISSM-MFD35-06-PHSEND000,battery_low_measurement,battery_low_measurement,,,,1,CE06ISSM,MFD35,PHSEN
CE06ISSM-MFD35-06-PHSEND000,battery_low_external,battery_low_external,,,,1,CE06ISSM,MFD35,PHSEN
CE06ISSM-MFD35-06-PHSEND000,external_device1_fault,external_device1_fault,,,,1,CE06ISSM,MFD35,PHSEN
CE06ISSM-MFD35-06-PHSEND000,flash_erased,flash_erased,,,,1,CE06ISSM,MFD35,PHSEN
CE06ISSM-MFD35-06-PHSEND000,power_on_invalid,power_on_invalid,,,,1,CE06ISSM,MFD35,PHSEN
CE06ISSM-MFD35-06-PHSEND000,time,time,,,ENG,seconds since 1900-01-01,CE06ISSM,MFD35,PHSEN
CE06ISSM-MFD35-06-PHSEND000,ingestion_timestamp,ingestion_timestamp,,,ENG,seconds since 1900-01-01,CE06ISSM,MFD35,PHSEN
CE06ISSM-MFD35-06-PHSEND000,thermistor_start,thermistor_start,,,,counts,CE06ISSM,MFD35,PHSEN
CE06ISSM-MFD35-06-PHSEND000,reference_light_measurements,reference_light_measurements,,,,counts,CE06ISSM,MFD35,PHSEN
CE06ISSM-MFD35-06-PHSEND000,thermistor_end,thermistor_end,,,,counts,CE06ISSM,MFD35,PHSEN
CE06ISSM-MFD35-06-PHSEND000,phsen_thermistor_temperature,phsen_thermistor_temperature,,,L0,V,CE06ISSM,MFD35,PHSEN
CE06ISSM-MFD37-01-OPTAAD000,driver_timestamp,driver_timestamp,,,ENG,seconds since 1900-01-01,CE06ISSM,MFD37,OPTAA
CE06ISSM-MFD37-01-OPTAAD000,internal_timestamp,internal_timestamp,,,ENG,seconds since 1900-01-01,CE06ISSM,MFD37,OPTAA
CE06ISSM-MFD37-01-OPTAAD000,preferred_timestamp,preferred_timestamp,,,ENG,1,CE06ISSM,MFD37,OPTAA
CE06ISSM-MFD37-01-OPTAAD000,start_date,start_date,,,,1,CE06ISSM,MFD37,OPTAA
CE06ISSM-MFD37-01-OPTAAD000,serial_number,serial_number,,,ENG,1,CE06ISSM,MFD37,OPTAA
CE06ISSM-MFD37-01-OPTAAD000,optaa_dj_dcl_beam_attenuation,optaa_dj_dcl_beam_attenuation,0,100,L2,m-1,CE06ISSM,MFD37,OPTAA
CE06ISSM-MFD37-01-OPTAAD000,optaa_dj_dcl_optical_absorption,optaa_dj_dcl_optical_absorption,0,100,L2,m-1,CE06ISSM,MFD37,OPTAA
CE06ISSM-MFD37-01-OPTAAD000,packet_type,packet_type,,,,1,CE06ISSM,MFD37,OPTAA
CE06ISSM-MFD37-01-OPTAAD000,meter_type,meter_type,,,,1,CE06ISSM,MFD37,OPTAA
CE06ISSM-MFD37-01-OPTAAD000,a_reference_dark_counts,a_reference_dark_counts,,,,counts,CE06ISSM,MFD37,OPTAA
CE06ISSM-MFD37-01-OPTAAD000,pressure_counts,pressure_counts,,,,counts,CE06ISSM,MFD37,OPTAA
CE06ISSM-MFD37-01-OPTAAD000,a_signal_dark_counts,a_signal_dark_counts,,,,counts,CE06ISSM,MFD37,OPTAA
CE06ISSM-MFD37-01-OPTAAD000,external_temp_raw,external_temp_raw,,,,counts,CE06ISSM,MFD37,OPTAA
CE06ISSM-MFD37-01-OPTAAD000,internal_temp_raw,internal_temp_raw,,,L0,counts,CE06ISSM,MFD37,OPTAA
CE06ISSM-MFD37-01-OPTAAD000,c_reference_dark_counts,c_reference_dark_counts,,,,counts,CE06ISSM,MFD37,OPTAA
CE06ISSM-MFD37-01-OPTAAD000,c_signal_dark_counts,c_signal_dark_counts,,,,counts,CE06ISSM,MFD37,OPTAA
CE06ISSM-MFD37-01-OPTAAD000,elapsed_run_time,elapsed_run_time,,,,ms,CE06ISSM,MFD37,OPTAA
CE06ISSM-MFD37-01-OPTAAD000,num_wavelengths,num_wavelengths,,,,1,CE06ISSM,MFD37,OPTAA
CE06ISSM-MFD37-01-OPTAAD000,c_reference_counts,c_reference_counts,,,L0,counts,CE06ISSM,MFD37,OPTAA
CE06ISSM-MFD37-01-OPTAAD000,a_reference_counts,a_reference_counts,,,L0,counts,CE06ISSM,MFD37,OPTAA
CE06ISSM-MFD37-01-OPTAAD000,c_signal_counts,c_signal_counts,,,L0,counts,CE06ISSM,MFD37,OPTAA
CE06ISSM-MFD37-01-OPTAAD000,a_signal_counts,a_signal_counts,,,L0,counts,CE06ISSM,MFD37,OPTAA
CE06ISSM-MFD37-01-OPTAAD000,time,time,,,ENG,seconds since 1900-01-01,CE06ISSM,MFD37,OPTAA
CE06ISSM-MFD37-01-OPTAAD000,ingestion_timestamp,ingestion_timestamp,,,ENG,seconds since 1900-01-01,CE06ISSM,MFD37,OPTAA
CE06ISSM-MFD37-03-CTDBPC000,conductivity,conductivity,0,6,L1,S m-1,CE06ISSM,MFD37,CTDBP
CE06ISSM-MFD37-03-CTDBPC000,driver_timestamp,driver_timestamp,,,ENG,seconds since 1900-01-01,CE06ISSM,MFD37,CTDBP
CE06ISSM-MFD37-03-CTDBPC000,internal_timestamp,internal_timestamp,,,ENG,seconds since 1900-01-01,CE06ISSM,MFD37,CTDBP
CE06ISSM-MFD37-03-CTDBPC000,preferred_timestamp,preferred_timestamp,,,ENG,1,CE06ISSM,MFD37,CTDBP
CE06ISSM-MFD37-03-CTDBPC000,temperature,temperature,,,L0,counts,CE06ISSM,MFD37,CTDBP
CE06ISSM-MFD37-03-CTDBPC000,conductivity,conductivity,,,L0,counts,CE06ISSM,MFD37,CTDBP
CE06ISSM-MFD37-03-CTDBPC000,pressure,pressure,,,L0,counts,CE06ISSM,MFD37,CTDBP
CE06ISSM-MFD37-03-CTDBPC000,pressure_temp,pressure_temp,,,L0,counts,CE06ISSM,MFD37,CTDBP
CE06ISSM-MFD37-03-CTDBPC000,ctd_time,ctd_time,,,ENG,seconds since 2000-01-01,CE06ISSM,MFD37,CTDBP
CE06ISSM-MFD37-03-CTDBPC000,pressure,pressure,0,6000,L1,dbar,CE06ISSM,MFD37,CTDBP
CE06ISSM-MFD37-03-CTDBPC000,dcl_controller_timestamp,dcl_controller_timestamp,,,ENG,1,CE06ISSM,MFD37,CTDBP
CE06ISSM-MFD37-03-CTDBPC000,ctdbp_seawater_temperature,ctdbp_seawater_temperature,-2,40,L1,deg_C,CE06ISSM,MFD37,CTDBP
CE06ISSM-MFD37-03-CTDBPC000,ctdbp_seawater_pressure,ctdbp_seawater_pressure,0,6000,L1,dbar,CE06ISSM,MFD37,CTDBP
CE06ISSM-MFD37-03-CTDBPC000,ctdbp_seawater_conductivity,ctdbp_seawater_conductivity,0,6,L1,S m-1,CE06ISSM,MFD37,CTDBP
CE06ISSM-MFD37-03-CTDBPC000,ctdbp_practical_salinity,ctdbp_practical_salinity,0,42,L2,1,CE06ISSM,MFD37,CTDBP
CE06ISSM-MFD37-03-CTDBPC000,ctdbp_seawater_density,ctdbp_seawater_density,1000,1100,L2,kg m-3,CE06ISSM,MFD37,CTDBP
CE06ISSM-MFD37-03-CTDBPC000,ctdbp_cdef_dcl_ce_density,ctdbp_cdef_dcl_ce_density,1000,1100,L2,kg m-3,CE06ISSM,MFD37,CTDBP
CE06ISSM-MFD37-03-CTDBPC000,temp,temp,-2,40,L1,deg_C,CE06ISSM,MFD37,CTDBP
CE06ISSM-MFD37-03-CTDBPC000,time,time,,,ENG,seconds since 1900-01-01,CE06ISSM,MFD37,CTDBP
CE06ISSM-MFD37-03-CTDBPC000,ingestion_timestamp,ingestion_timestamp,,,ENG,seconds since 1900-01-01,CE06ISSM,MFD37,CTDBP
CE06ISSM-MFD37-03-CTDBPC000,salinity,salinity,0,42,L2,(unitless),CE06ISSM,MFD37,CTDBP
CE06ISSM-MFD37-03-CTDBPC000,date_time_string,date_time_string,,,,1,CE06ISSM,MFD37,CTDBP
CE06ISSM-MFD37-04-DOSTAD000,product_number,product_number,,,,1,CE06ISSM,MFD37,DOSTA
CE06ISSM-MFD37-04-DOSTAD000,driver_timestamp,driver_timestamp,,,ENG,seconds since 1900-01-01,CE06ISSM,MFD37,DOSTA
CE06ISSM-MFD37-04-DOSTAD000,internal_timestamp,internal_timestamp,,,ENG,seconds since 1900-01-01,CE06ISSM,MFD37,DOSTA
CE06ISSM-MFD37-04-DOSTAD000,preferred_timestamp,preferred_timestamp,,,ENG,1,CE06ISSM,MFD37,DOSTA
CE06ISSM-MFD37-04-DOSTAD000,dcl_controller_timestamp,dcl_controller_timestamp,,,ENG,1,CE06ISSM,MFD37,DOSTA
CE06ISSM-MFD37-04-DOSTAD000,dosta_abcdjm_cspp_tc_oxygen,dosta_abcdjm_cspp_tc_oxygen,0,400,L1,umol L-1,CE06ISSM,MFD37,DOSTA
CE06ISSM-MFD37-04-DOSTAD000,serial_number,serial_number,,,ENG,1,CE06ISSM,MFD37,DOSTA
CE06ISSM-MFD37-04-DOSTAD000,dosta_abcdjm_dcl_abs_oxygen,dosta_abcdjm_dcl_abs_oxygen,0,400,L2,umol kg-1,CE06ISSM,MFD37,DOSTA
CE06ISSM-MFD37-04-DOSTAD000,dosta_abcdjm_dcl_metbk_abs_oxygen,dosta_abcdjm_dcl_metbk_abs_oxygen,0,400,L2,umol kg-1,CE06ISSM,MFD37,DOSTA
CE06ISSM-MFD37-04-DOSTAD000,dosta_abcdjm_dcl_ctdbp_abs_oxygen,dosta_abcdjm_dcl_ctdbp_abs_oxygen,0,400,L2,umol kg-1,CE06ISSM,MFD37,DOSTA
CE06ISSM-MFD37-04-DOSTAD000,time,time,,,ENG,seconds since 1900-01-01,CE06ISSM,MFD37,DOSTA
CE06ISSM-MFD37-04-DOSTAD000,ingestion_timestamp,ingestion_timestamp,,,ENG,seconds since 1900-01-01,CE06ISSM,MFD37,DOSTA
CE06ISSM-MFD37-04-DOSTAD000,estimated_oxygen_concentration,estimated_oxygen_concentration,0,400,L1,umol L-1,CE06ISSM,MFD37,DOSTA
CE06ISSM-MFD37-04-DOSTAD000,estimated_oxygen_saturation,estimated_oxygen_saturation,0,110,L1,percent,CE06ISSM,MFD37,DOSTA
CE06ISSM-MFD37-04-DOSTAD000,optode_temperature,optode_temperature,-2,40,,deg_C,CE06ISSM,MFD37,DOSTA
CE06ISSM-MFD37-04-DOSTAD000,calibrated_phase,calibrated_phase,,,L0,degrees,CE06ISSM,MFD37,DOSTA
CE06ISSM-MFD37-04-DOSTAD000,temp_compensated_phase,temp_compensated_phase,,,,degrees,CE06ISSM,MFD37,DOSTA
CE06ISSM-MFD37-04-DOSTAD000,blue_phase,blue_phase,,,,degrees,CE06ISSM,MFD37,DOSTA
CE06ISSM-MFD37-04-DOSTAD000,red_phase,red_phase,,,,degrees,CE06ISSM,MFD37,DOSTA
CE06ISSM-MFD37-04-DOSTAD000,blue_amplitude,blue_amplitude,,,,mV,CE06ISSM,MFD37,DOSTA
CE06ISSM-MFD37-04-DOSTAD000,red_amplitude,red_amplitude,,,,mV,CE06ISSM,MFD37,DOSTA
CE06ISSM-MFD37-04-DOSTAD000,raw_temperature,raw_temperature,,,,mV,CE06ISSM,MFD37,DOSTA
CE06ISSM-MFD37-06-CAMDSA000,Still in development,Still in development,,,,,CE06ISSM,MFD37,CAMDS
CE06ISSM-MFD37-07-ZPLSCC000,serial_number,serial_number,,,ENG,1,CE06ISSM,MFD37,ZPLSC
CE06ISSM-MFD37-07-ZPLSCC000,zplsc_c_transmission_timestamp,zplsc_c_transmission_timestamp,,,,1,CE06ISSM,MFD37,ZPLSC
CE06ISSM-MFD37-07-ZPLSCC000,zplsc_c_phase,zplsc_c_phase,,,,1,CE06ISSM,MFD37,ZPLSC
CE06ISSM-MFD37-07-ZPLSCC000,zplsc_c_number_of_frequencies,zplsc_c_number_of_frequencies,,,,1,CE06ISSM,MFD37,ZPLSC
CE06ISSM-MFD37-07-ZPLSCC000,zplsc_c_number_of_bins_frequency_1,zplsc_c_number_of_bins_frequency_1,,,,1,CE06ISSM,MFD37,ZPLSC
CE06ISSM-MFD37-07-ZPLSCC000,zplsc_c_number_of_bins_frequency_2,zplsc_c_number_of_bins_frequency_2,,,,1,CE06ISSM,MFD37,ZPLSC
CE06ISSM-MFD37-07-ZPLSCC000,zplsc_c_number_of_bins_frequency_3,zplsc_c_number_of_bins_frequency_3,,,,1,CE06ISSM,MFD37,ZPLSC
CE06ISSM-MFD37-07-ZPLSCC000,zplsc_c_number_of_bins_frequency_4,zplsc_c_number_of_bins_frequency_4,,,,1,CE06ISSM,MFD37,ZPLSC
CE06ISSM-MFD37-07-ZPLSCC000,zplsc_c_min_value_channel_1,zplsc_c_min_value_channel_1,,,,counts,CE06ISSM,MFD37,ZPLSC
CE06ISSM-MFD37-07-ZPLSCC000,zplsc_c_min_value_channel_2,zplsc_c_min_value_channel_2,,,,counts,CE06ISSM,MFD37,ZPLSC
CE06ISSM-MFD37-07-ZPLSCC000,zplsc_c_min_value_channel_3,zplsc_c_min_value_channel_3,,,,counts,CE06ISSM,MFD37,ZPLSC
CE06ISSM-MFD37-07-ZPLSCC000,zplsc_c_min_value_channel_4,zplsc_c_min_value_channel_4,,,,counts,CE06ISSM,MFD37,ZPLSC
CE06ISSM-MFD37-07-ZPLSCC000,zplsc_c_date_of_burst,zplsc_c_date_of_burst,,,,1,CE06ISSM,MFD37,ZPLSC
CE06ISSM-MFD37-07-ZPLSCC000,zplsc_c_tilt_x,zplsc_c_tilt_x,,,,deg,CE06ISSM,MFD37,ZPLSC
CE06ISSM-MFD37-07-ZPLSCC000,zplsc_c_tilt_y,zplsc_c_tilt_y,,,,deg,CE06ISSM,MFD37,ZPLSC
CE06ISSM-MFD37-07-ZPLSCC000,zplsc_c_battery_voltage,zplsc_c_battery_voltage,,,,volt,CE06ISSM,MFD37,ZPLSC
CE06ISSM-MFD37-07-ZPLSCC000,zplsc_c_temperature,zplsc_c_temperature,,,,degC,CE06ISSM,MFD37,ZPLSC
CE06ISSM-MFD37-07-ZPLSCC000,zplsc_c_pressure,zplsc_c_pressure,,,,dbar,CE06ISSM,MFD37,ZPLSC
CE06ISSM-MFD37-07-ZPLSCC000,zplsc_c_board_number_channel_1,zplsc_c_board_number_channel_1,,,,1,CE06ISSM,MFD37,ZPLSC
CE06ISSM-MFD37-07-ZPLSCC000,zplsc_c_frequency_channel_1,zplsc_c_frequency_channel_1,,,,kHz,CE06ISSM,MFD37,ZPLSC
CE06ISSM-MFD37-07-ZPLSCC000,zplsc_c_values_channel_1,zplsc_c_values_channel_1,,,,counts,CE06ISSM,MFD37,ZPLSC
CE06ISSM-MFD37-07-ZPLSCC000,zplsc_c_board_number_channel_2,zplsc_c_board_number_channel_2,,,,1,CE06ISSM,MFD37,ZPLSC
CE06ISSM-MFD37-07-ZPLSCC000,zplsc_c_frequency_channel_2,zplsc_c_frequency_channel_2,,,,kHz,CE06ISSM,MFD37,ZPLSC
CE06ISSM-MFD37-07-ZPLSCC000,zplsc_c_values_channel_2,zplsc_c_values_channel_2,,,,counts,CE06ISSM,MFD37,ZPLSC
CE06ISSM-MFD37-07-ZPLSCC000,zplsc_c_board_number_channel_3,zplsc_c_board_number_channel_3,,,,1,CE06ISSM,MFD37,ZPLSC
CE06ISSM-MFD37-07-ZPLSCC000,zplsc_c_frequency_channel_3,zplsc_c_frequency_channel_3,,,,kHz,CE06ISSM,MFD37,ZPLSC
CE06ISSM-MFD37-07-ZPLSCC000,zplsc_c_values_channel_3,zplsc_c_values_channel_3,,,,counts,CE06ISSM,MFD37,ZPLSC
CE06ISSM-MFD37-07-ZPLSCC000,zplsc_c_board_number_channel_4,zplsc_c_board_number_channel_4,,,,1,CE06ISSM,MFD37,ZPLSC
CE06ISSM-MFD37-07-ZPLSCC000,zplsc_c_frequency_channel_4,zplsc_c_frequency_channel_4,,,,kHz,CE06ISSM,MFD37,ZPLSC
CE06ISSM-MFD37-07-ZPLSCC000,zplsc_c_values_channel_4,zplsc_c_values_channel_4,,,,counts,CE06ISSM,MFD37,ZPLSC
CE06ISSM-MFD37-07-ZPLSCC000,time,time,,,ENG,seconds since 1900-01-01,CE06ISSM,MFD37,ZPLSC
CE06ISSM-MFD37-07-ZPLSCC000,burst_number,burst_number,,,,1,CE06ISSM,MFD37,ZPLSC
CE06ISSM-RID16-01-OPTAAD000,driver_timestamp,driver_timestamp,,,ENG,seconds since 1900-01-01,CE06ISSM,RID16,OPTAA
CE06ISSM-RID16-01-OPTAAD000,internal_timestamp,internal_timestamp,,,ENG,seconds since 1900-01-01,CE06ISSM,RID16,OPTAA
CE06ISSM-RID16-01-OPTAAD000,preferred_timestamp,preferred_timestamp,,,ENG,1,CE06ISSM,RID16,OPTAA
CE06ISSM-RID16-01-OPTAAD000,start_date,start_date,,,,1,CE06ISSM,RID16,OPTAA
CE06ISSM-RID16-01-OPTAAD000,serial_number,serial_number,,,ENG,1,CE06ISSM,RID16,OPTAA
CE06ISSM-RID16-01-OPTAAD000,optaa_dj_dcl_beam_attenuation,optaa_dj_dcl_beam_attenuation,0,100,L2,m-1,CE06ISSM,RID16,OPTAA
CE06ISSM-RID16-01-OPTAAD000,optaa_dj_dcl_optical_absorption,optaa_dj_dcl_optical_absorption,0,100,L2,m-1,CE06ISSM,RID16,OPTAA
CE06ISSM-RID16-01-OPTAAD000,packet_type,packet_type,,,,1,CE06ISSM,RID16,OPTAA
CE06ISSM-RID16-01-OPTAAD000,meter_type,meter_type,,,,1,CE06ISSM,RID16,OPTAA
CE06ISSM-RID16-01-OPTAAD000,a_reference_dark_counts,a_reference_dark_counts,,,,counts,CE06ISSM,RID16,OPTAA
CE06ISSM-RID16-01-OPTAAD000,pressure_counts,pressure_counts,,,,counts,CE06ISSM,RID16,OPTAA
CE06ISSM-RID16-01-OPTAAD000,a_signal_dark_counts,a_signal_dark_counts,,,,counts,CE06ISSM,RID16,OPTAA
CE06ISSM-RID16-01-OPTAAD000,external_temp_raw,external_temp_raw,,,,counts,CE06ISSM,RID16,OPTAA
CE06ISSM-RID16-01-OPTAAD000,internal_temp_raw,internal_temp_raw,,,L0,counts,CE06ISSM,RID16,OPTAA
CE06ISSM-RID16-01-OPTAAD000,c_reference_dark_counts,c_reference_dark_counts,,,,counts,CE06ISSM,RID16,OPTAA
CE06ISSM-RID16-01-OPTAAD000,c_signal_dark_counts,c_signal_dark_counts,,,,counts,CE06ISSM,RID16,OPTAA
CE06ISSM-RID16-01-OPTAAD000,elapsed_run_time,elapsed_run_time,,,,ms,CE06ISSM,RID16,OPTAA
CE06ISSM-RID16-01-OPTAAD000,num_wavelengths,num_wavelengths,,,,1,CE06ISSM,RID16,OPTAA
CE06ISSM-RID16-01-OPTAAD000,c_reference_counts,c_reference_counts,,,L0,counts,CE06ISSM,RID16,OPTAA
CE06ISSM-RID16-01-OPTAAD000,a_reference_counts,a_reference_counts,,,L0,counts,CE06ISSM,RID16,OPTAA
CE06ISSM-RID16-01-OPTAAD000,c_signal_counts,c_signal_counts,,,L0,counts,CE06ISSM,RID16,OPTAA
CE06ISSM-RID16-01-OPTAAD000,a_signal_counts,a_signal_counts,,,L0,counts,CE06ISSM,RID16,OPTAA
CE06ISSM-RID16-01-OPTAAD000,time,time,,,ENG,seconds since 1900-01-01,CE06ISSM,RID16,OPTAA
CE06ISSM-RID16-01-OPTAAD000,ingestion_timestamp,ingestion_timestamp,,,ENG,seconds since 1900-01-01,CE06ISSM,RID16,OPTAA
CE06ISSM-RID16-02-FLORTD000,driver_timestamp,driver_timestamp,,,ENG,seconds since 1900-01-01,CE06ISSM,RID16,FLORT
CE06ISSM-RID16-02-FLORTD000,date_string,date_string,,,ENG,1,CE06ISSM,RID16,FLORT
CE06ISSM-RID16-02-FLORTD000,time_string,time_string,,,ENG,1,CE06ISSM,RID16,FLORT
CE06ISSM-RID16-02-FLORTD000,measurement_wavelength_beta,measurement_wavelength_beta,,,,nm,CE06ISSM,RID16,FLORT
CE06ISSM-RID16-02-FLORTD000,raw_signal_beta,raw_signal_beta,,,L0,counts,CE06ISSM,RID16,FLORT
CE06ISSM-RID16-02-FLORTD000,measurement_wavelength_chl,measurement_wavelength_chl,,,,nm,CE06ISSM,RID16,FLORT
CE06ISSM-RID16-02-FLORTD000,raw_signal_chl,raw_signal_chl,,,L0,counts,CE06ISSM,RID16,FLORT
CE06ISSM-RID16-02-FLORTD000,measurement_wavelength_cdom,measurement_wavelength_cdom,,,,nm,CE06ISSM,RID16,FLORT
CE06ISSM-RID16-02-FLORTD000,raw_signal_cdom,raw_signal_cdom,,,L0,counts,CE06ISSM,RID16,FLORT
CE06ISSM-RID16-02-FLORTD000,raw_internal_temp,raw_internal_temp,,,,counts,CE06ISSM,RID16,FLORT
CE06ISSM-RID16-02-FLORTD000,internal_timestamp,internal_timestamp,,,ENG,seconds since 1900-01-01,CE06ISSM,RID16,FLORT
CE06ISSM-RID16-02-FLORTD000,preferred_timestamp,preferred_timestamp,,,ENG,1,CE06ISSM,RID16,FLORT
CE06ISSM-RID16-02-FLORTD000,flort_k_total_volume_scattering_coefficient,flort_k_total_volume_scattering_coefficient,,,L1,m-1 sr-1,CE06ISSM,RID16,FLORT
CE06ISSM-RID16-02-FLORTD000,fluorometric_chlorophyll_a,fluorometric_chlorophyll_a,0,50,L1,ug L-1,CE06ISSM,RID16,FLORT
CE06ISSM-RID16-02-FLORTD000,fluorometric_cdom,fluorometric_cdom,0,375,L1,ppb,CE06ISSM,RID16,FLORT
CE06ISSM-RID16-02-FLORTD000,dcl_controller_timestamp,dcl_controller_timestamp,,,ENG,1,CE06ISSM,RID16,FLORT
CE06ISSM-RID16-02-FLORTD000,flort_dj_dcl_bback_total,flort_dj_dcl_bback_total,0.0003,1,L2,m-1,CE06ISSM,RID16,FLORT
CE06ISSM-RID16-02-FLORTD000,flort_d_dcl_ctdbp_scat_seawater,flort_d_dcl_ctdbp_scat_seawater,,,AUX,m-1,CE06ISSM,RID16,FLORT
CE06ISSM-RID16-02-FLORTD000,time,time,,,ENG,seconds since 1900-01-01,CE06ISSM,RID16,FLORT
CE06ISSM-RID16-02-FLORTD000,ingestion_timestamp,ingestion_timestamp,,,ENG,seconds since 1900-01-01,CE06ISSM,RID16,FLORT
CE06ISSM-RID16-03-CTDBPC000,conductivity,conductivity,0,6,L1,S m-1,CE06ISSM,RID16,CTDBP
CE06ISSM-RID16-03-CTDBPC000,driver_timestamp,driver_timestamp,,,ENG,seconds since 1900-01-01,CE06ISSM,RID16,CTDBP
CE06ISSM-RID16-03-CTDBPC000,internal_timestamp,internal_timestamp,,,ENG,seconds since 1900-01-01,CE06ISSM,RID16,CTDBP
CE06ISSM-RID16-03-CTDBPC000,preferred_timestamp,preferred_timestamp,,,ENG,1,CE06ISSM,RID16,CTDBP
CE06ISSM-RID16-03-CTDBPC000,temperature,temperature,,,L0,counts,CE06ISSM,RID16,CTDBP
CE06ISSM-RID16-03-CTDBPC000,conductivity,conductivity,,,L0,counts,CE06ISSM,RID16,CTDBP
CE06ISSM-RID16-03-CTDBPC000,pressure,pressure,,,L0,counts,CE06ISSM,RID16,CTDBP
CE06ISSM-RID16-03-CTDBPC000,pressure_temp,pressure_temp,,,L0,counts,CE06ISSM,RID16,CTDBP
CE06ISSM-RID16-03-CTDBPC000,ctd_time,ctd_time,,,ENG,seconds since 2000-01-01,CE06ISSM,RID16,CTDBP
CE06ISSM-RID16-03-CTDBPC000,pressure,pressure,0,6000,L1,dbar,CE06ISSM,RID16,CTDBP
CE06ISSM-RID16-03-CTDBPC000,dcl_controller_timestamp,dcl_controller_timestamp,,,ENG,1,CE06ISSM,RID16,CTDBP
CE06ISSM-RID16-03-CTDBPC000,ctdbp_seawater_temperature,ctdbp_seawater_temperature,-2,40,L1,deg_C,CE06ISSM,RID16,CTDBP
CE06ISSM-RID16-03-CTDBPC000,ctdbp_seawater_pressure,ctdbp_seawater_pressure,0,6000,L1,dbar,CE06ISSM,RID16,CTDBP
CE06ISSM-RID16-03-CTDBPC000,ctdbp_seawater_conductivity,ctdbp_seawater_conductivity,0,6,L1,S m-1,CE06ISSM,RID16,CTDBP
CE06ISSM-RID16-03-CTDBPC000,ctdbp_practical_salinity,ctdbp_practical_salinity,0,42,L2,1,CE06ISSM,RID16,CTDBP
CE06ISSM-RID16-03-CTDBPC000,ctdbp_seawater_density,ctdbp_seawater_density,1000,1100,L2,kg m-3,CE06ISSM,RID16,CTDBP
CE06ISSM-RID16-03-CTDBPC000,ctdbp_cdef_dcl_ce_density,ctdbp_cdef_dcl_ce_density,1000,1100,L2,kg m-3,CE06ISSM,RID16,CTDBP
CE06ISSM-RID16-03-CTDBPC000,temp,temp,-2,40,L1,deg_C,CE06ISSM,RID16,CTDBP
CE06ISSM-RID16-03-CTDBPC000,time,time,,,ENG,seconds since 1900-01-01,CE06ISSM,RID16,CTDBP
CE06ISSM-RID16-03-CTDBPC000,ingestion_timestamp,ingestion_timestamp,,,ENG,seconds since 1900-01-01,CE06ISSM,RID16,CTDBP
CE06ISSM-RID16-03-CTDBPC000,salinity,salinity,0,42,L2,(unitless),CE06ISSM,RID16,CTDBP
CE06ISSM-RID16-03-CTDBPC000,date_time_string,date_time_string,,,,1,CE06ISSM,RID16,CTDBP
CE06ISSM-RID16-03-DOSTAD000,product_number,product_number,,,,1,CE06ISSM,RID16,DOSTA
CE06ISSM-RID16-03-DOSTAD000,driver_timestamp,driver_timestamp,,,ENG,seconds since 1900-01-01,CE06ISSM,RID16,DOSTA
CE06ISSM-RID16-03-DOSTAD000,internal_timestamp,internal_timestamp,,,ENG,seconds since 1900-01-01,CE06ISSM,RID16,DOSTA
CE06ISSM-RID16-03-DOSTAD000,preferred_timestamp,preferred_timestamp,,,ENG,1,CE06ISSM,RID16,DOSTA
CE06ISSM-RID16-03-DOSTAD000,dcl_controller_timestamp,dcl_controller_timestamp,,,ENG,1,CE06ISSM,RID16,DOSTA
CE06ISSM-RID16-03-DOSTAD000,dosta_abcdjm_cspp_tc_oxygen,dosta_abcdjm_cspp_tc_oxygen,0,400,L1,umol L-1,CE06ISSM,RID16,DOSTA
CE06ISSM-RID16-03-DOSTAD000,serial_number,serial_number,,,ENG,1,CE06ISSM,RID16,DOSTA
CE06ISSM-RID16-03-DOSTAD000,dosta_abcdjm_dcl_abs_oxygen,dosta_abcdjm_dcl_abs_oxygen,0,400,L2,umol kg-1,CE06ISSM,RID16,DOSTA
CE06ISSM-RID16-03-DOSTAD000,dosta_abcdjm_dcl_metbk_abs_oxygen,dosta_abcdjm_dcl_metbk_abs_oxygen,0,400,L2,umol kg-1,CE06ISSM,RID16,DOSTA
CE06ISSM-RID16-03-DOSTAD000,dosta_abcdjm_dcl_ctdbp_abs_oxygen,dosta_abcdjm_dcl_ctdbp_abs_oxygen,0,400,L2,umol kg-1,CE06ISSM,RID16,DOSTA
CE06ISSM-RID16-03-DOSTAD000,time,time,,,ENG,seconds since 1900-01-01,CE06ISSM,RID16,DOSTA
CE06ISSM-RID16-03-DOSTAD000,ingestion_timestamp,ingestion_timestamp,,,ENG,seconds since 1900-01-01,CE06ISSM,RID16,DOSTA
CE06ISSM-RID16-03-DOSTAD000,estimated_oxygen_concentration,estimated_oxygen_concentration,0,400,L1,umol L-1,CE06ISSM,RID16,DOSTA
CE06ISSM-RID16-03-DOSTAD000,estimated_oxygen_saturation,estimated_oxygen_saturation,0,110,L1,percent,CE06ISSM,RID16,DOSTA
CE06ISSM-RID16-03-DOSTAD000,optode_temperature,optode_temperature,-2,40,,deg_C,CE06ISSM,RID16,DOSTA
CE06ISSM-RID16-03-DOSTAD000,calibrated_phase,calibrated_phase,,,L0,degrees,CE06ISSM,RID16,DOSTA
CE06ISSM-RID16-03-DOSTAD000,temp_compensated_phase,temp_compensated_phase,,,,degrees,CE06ISSM,RID16,DOSTA
CE06ISSM-RID16-03-DOSTAD000,blue_phase,blue_phase,,,,degrees,CE06ISSM,RID16,DOSTA
CE06ISSM-RID16-03-DOSTAD000,red_phase,red_phase,,,,degrees,CE06ISSM,RID16,DOSTA
CE06ISSM-RID16-03-DOSTAD000,blue_amplitude,blue_amplitude,,,,mV,CE06ISSM,RID16,DOSTA
CE06ISSM-RID16-03-DOSTAD000,red_amplitude,red_amplitude,,,,mV,CE06ISSM,RID16,DOSTA
CE06ISSM-RID16-03-DOSTAD000,raw_temperature,raw_temperature,,,,mV,CE06ISSM,RID16,DOSTA
CE06ISSM-RID16-04-VELPTA000,driver_timestamp,driver_timestamp,,,ENG,seconds since 1900-01-01,CE06ISSM,RID16,VELPT
CE06ISSM-RID16-04-VELPTA000,firmware_version,firmware_version,,,,1,CE06ISSM,RID16,VELPT
CE06ISSM-RID16-04-VELPTA000,eastward_velocity,eastward_velocity,-3,3,L1,m s-1,CE06ISSM,RID16,VELPT
CE06ISSM-RID16-04-VELPTA000,northward_velocity,northward_velocity,-3,3,L1,m s-1,CE06ISSM,RID16,VELPT
CE06ISSM-RID16-04-VELPTA000,upward_velocity,upward_velocity,-1,1,L1,m s-1,CE06ISSM,RID16,VELPT
CE06ISSM-RID16-04-VELPTA000,internal_timestamp,internal_timestamp,,,ENG,seconds since 1900-01-01,CE06ISSM,RID16,VELPT
CE06ISSM-RID16-04-VELPTA000,preferred_timestamp,preferred_timestamp,,,ENG,1,CE06ISSM,RID16,VELPT
CE06ISSM-RID16-04-VELPTA000,velpt_ab_eastward_velocity,velpt_ab_eastward_velocity,-3,3,L1,m s-1,CE06ISSM,RID16,VELPT
CE06ISSM-RID16-04-VELPTA000,velpt_ab_northward_velocity,velpt_ab_northward_velocity,-3,3,L1,m s-1,CE06ISSM,RID16,VELPT
CE06ISSM-RID16-04-VELPTA000,velpt_ab_upward_velocity,velpt_ab_upward_velocity,-1,1,L1,m s-1,CE06ISSM,RID16,VELPT
CE06ISSM-RID16-04-VELPTA000,number_of_beam_sequences,number_of_beam_sequences,,,,counts,CE06ISSM,RID16,VELPT
CE06ISSM-RID16-04-VELPTA000,number_of_beams_in_diagnostics_mode,number_of_beams_in_diagnostics_mode,,,,counts,CE06ISSM,RID16,VELPT
CE06ISSM-RID16-04-VELPTA000,reserved_bit_easyq,reserved_bit_easyq,,,,1,CE06ISSM,RID16,VELPT
CE06ISSM-RID16-04-VELPTA000,battery_voltage_dv,battery_voltage_dv,,,AUX,dV,CE06ISSM,RID16,VELPT
CE06ISSM-RID16-04-VELPTA000,sound_speed_dms,sound_speed_dms,,,AUX,dm s-1,CE06ISSM,RID16,VELPT
CE06ISSM-RID16-04-VELPTA000,heading_decidegree,heading_decidegree,,,AUX,deci-degrees,CE06ISSM,RID16,VELPT
CE06ISSM-RID16-04-VELPTA000,roll_decidegree,roll_decidegree,,,AUX,deci-degrees,CE06ISSM,RID16,VELPT
CE06ISSM-RID16-04-VELPTA000,pitch_decidegree,pitch_decidegree,,,AUX,deci-degrees,CE06ISSM,RID16,VELPT
CE06ISSM-RID16-04-VELPTA000,temperature_centidegree,temperature_centidegree,,,AUX,cdeg_C,CE06ISSM,RID16,VELPT
CE06ISSM-RID16-04-VELPTA000,pressure_mbar,pressure_mbar,,,AUX,0.001 dbar,CE06ISSM,RID16,VELPT
CE06ISSM-RID16-04-VELPTA000,error_code,error_code,,,,1,CE06ISSM,RID16,VELPT
CE06ISSM-RID16-04-VELPTA000,analog1,analog1,,,,1,CE06ISSM,RID16,VELPT
CE06ISSM-RID16-04-VELPTA000,status,status,,,,1,CE06ISSM,RID16,VELPT
CE06ISSM-RID16-04-VELPTA000,velocity_beam1,velocity_beam1,,,L0,mm s-1,CE06ISSM,RID16,VELPT
CE06ISSM-RID16-04-VELPTA000,velocity_beam2,velocity_beam2,,,L0,mm s-1,CE06ISSM,RID16,VELPT
CE06ISSM-RID16-04-VELPTA000,velocity_beam3,velocity_beam3,,,L0,mm s-1,CE06ISSM,RID16,VELPT
CE06ISSM-RID16-04-VELPTA000,amplitude_beam1,amplitude_beam1,,,AUX,counts,CE06ISSM,RID16,VELPT
CE06ISSM-RID16-04-VELPTA000,amplitude_beam2,amplitude_beam2,,,AUX,counts,CE06ISSM,RID16,VELPT
CE06ISSM-RID16-04-VELPTA000,amplitude_beam3,amplitude_beam3,,,AUX,counts,CE06ISSM,RID16,VELPT
CE06ISSM-RID16-04-VELPTA000,records_to_follow,records_to_follow,,,,1,CE06ISSM,RID16,VELPT
CE06ISSM-RID16-04-VELPTA000,cell_number_diagnostics,cell_number_diagnostics,,,,1,CE06ISSM,RID16,VELPT
CE06ISSM-RID16-04-VELPTA000,noise_amplitude_beam1,noise_amplitude_beam1,,,,counts,CE06ISSM,RID16,VELPT
CE06ISSM-RID16-04-VELPTA000,noise_amplitude_beam2,noise_amplitude_beam2,,,,counts,CE06ISSM,RID16,VELPT
CE06ISSM-RID16-04-VELPTA000,noise_amplitude_beam3,noise_amplitude_beam3,,,,counts,CE06ISSM,RID16,VELPT
CE06ISSM-RID16-04-VELPTA000,noise_amplitude_beam4,noise_amplitude_beam4,,,,counts,CE06ISSM,RID16,VELPT
CE06ISSM-RID16-04-VELPTA000,processing_magnitude_beam1,processing_magnitude_beam1,,,,1,CE06ISSM,RID16,VELPT
CE06ISSM-RID16-04-VELPTA000,processing_magnitude_beam2,processing_magnitude_beam2,,,,1,CE06ISSM,RID16,VELPT
CE06ISSM-RID16-04-VELPTA000,processing_magnitude_beam3,processing_magnitude_beam3,,,,1,CE06ISSM,RID16,VELPT
CE06ISSM-RID16-04-VELPTA000,processing_magnitude_beam4,processing_magnitude_beam4,,,,1,CE06ISSM,RID16,VELPT
CE06ISSM-RID16-04-VELPTA000,distance_beam1,distance_beam1,,,,1,CE06ISSM,RID16,VELPT
CE06ISSM-RID16-04-VELPTA000,distance_beam2,distance_beam2,,,,1,CE06ISSM,RID16,VELPT
CE06ISSM-RID16-04-VELPTA000,distance_beam3,distance_beam3,,,,1,CE06ISSM,RID16,VELPT
CE06ISSM-RID16-04-VELPTA000,distance_beam4,distance_beam4,,,,1,CE06ISSM,RID16,VELPT
CE06ISSM-RID16-04-VELPTA000,instrmt_type_serial_number,instrmt_type_serial_number,,,,1,CE06ISSM,RID16,VELPT
CE06ISSM-RID16-04-VELPTA000,pic_version,pic_version,,,,1,CE06ISSM,RID16,VELPT
CE06ISSM-RID16-04-VELPTA000,hardware_revision,hardware_revision,,,,1,CE06ISSM,RID16,VELPT
CE06ISSM-RID16-04-VELPTA000,recorder_size,recorder_size,,,,bytes,CE06ISSM,RID16,VELPT
CE06ISSM-RID16-04-VELPTA000,velocity_range,velocity_range,,,,1,CE06ISSM,RID16,VELPT
CE06ISSM-RID16-04-VELPTA000,pressure_sensor,pressure_sensor,,,,1,CE06ISSM,RID16,VELPT
CE06ISSM-RID16-04-VELPTA000,magnetometer_sensor,magnetometer_sensor,,,,1,CE06ISSM,RID16,VELPT
CE06ISSM-RID16-04-VELPTA000,tilt_sensor,tilt_sensor,,,,1,CE06ISSM,RID16,VELPT
CE06ISSM-RID16-04-VELPTA000,tilt_sensor_mounting,tilt_sensor_mounting,,,,1,CE06ISSM,RID16,VELPT
CE06ISSM-RID16-04-VELPTA000,head_frequency,head_frequency,,,,kHz,CE06ISSM,RID16,VELPT
CE06ISSM-RID16-04-VELPTA000,head_type,head_type,,,,1,CE06ISSM,RID16,VELPT
CE06ISSM-RID16-04-VELPTA000,head_serial_number,head_serial_number,,,,1,CE06ISSM,RID16,VELPT
CE06ISSM-RID16-04-VELPTA000,number_beams,number_beams,,,,1,CE06ISSM,RID16,VELPT
CE06ISSM-RID16-04-VELPTA000,transmit_pulse_length,transmit_pulse_length,,,,counts,CE06ISSM,RID16,VELPT
CE06ISSM-RID16-04-VELPTA000,blanking_distance,blanking_distance,,,,counts,CE06ISSM,RID16,VELPT
CE06ISSM-RID16-04-VELPTA000,receive_length,receive_length,,,,counts,CE06ISSM,RID16,VELPT
CE06ISSM-RID16-04-VELPTA000,time_between_pings,time_between_pings,,,,counts,CE06ISSM,RID16,VELPT
CE06ISSM-RID16-04-VELPTA000,time_between_bursts,time_between_bursts,,,,counts,CE06ISSM,RID16,VELPT
CE06ISSM-RID16-04-VELPTA000,average_interval,average_interval,,,,s,CE06ISSM,RID16,VELPT
CE06ISSM-RID16-04-VELPTA000,compass_update_rate,compass_update_rate,,,,Hz,CE06ISSM,RID16,VELPT
CE06ISSM-RID16-04-VELPTA000,coordinate_system,coordinate_system,,,,1,CE06ISSM,RID16,VELPT
CE06ISSM-RID16-04-VELPTA000,number_cells,number_cells,,,,1,CE06ISSM,RID16,VELPT
CE06ISSM-RID16-04-VELPTA000,measurement_interval,measurement_interval,,,,s,CE06ISSM,RID16,VELPT
CE06ISSM-RID16-04-VELPTA000,deployment_name,deployment_name,,,,1,CE06ISSM,RID16,VELPT
CE06ISSM-RID16-04-VELPTA000,diagnostics_interval,diagnostics_interval,,,,s,CE06ISSM,RID16,VELPT
CE06ISSM-RID16-04-VELPTA000,use_specified_sound_speed,use_specified_sound_speed,,,,1,CE06ISSM,RID16,VELPT
CE06ISSM-RID16-04-VELPTA000,diagnostics_mode_enable,diagnostics_mode_enable,,,,1,CE06ISSM,RID16,VELPT
CE06ISSM-RID16-04-VELPTA000,analog_output_enable,analog_output_enable,,,,1,CE06ISSM,RID16,VELPT
CE06ISSM-RID16-04-VELPTA000,output_format_nortek,output_format_nortek,,,,1,CE06ISSM,RID16,VELPT
CE06ISSM-RID16-04-VELPTA000,scaling,scaling,,,,1,CE06ISSM,RID16,VELPT
CE06ISSM-RID16-04-VELPTA000,serial_output_enable,serial_output_enable,,,,1,CE06ISSM,RID16,VELPT
CE06ISSM-RID16-04-VELPTA000,stage_enable,stage_enable,,,,1,CE06ISSM,RID16,VELPT
CE06ISSM-RID16-04-VELPTA000,analog_power_output,analog_power_output,,,,1,CE06ISSM,RID16,VELPT
CE06ISSM-RID16-04-VELPTA000,sound_speed_adjust_factor,sound_speed_adjust_factor,,,,m s-1,CE06ISSM,RID16,VELPT
CE06ISSM-RID16-04-VELPTA000,number_diagnostics_samples,number_diagnostics_samples,,,,1,CE06ISSM,RID16,VELPT
CE06ISSM-RID16-04-VELPTA000,number_pings_diagnostic,number_pings_diagnostic,,,,1,CE06ISSM,RID16,VELPT
CE06ISSM-RID16-04-VELPTA000,software_version,software_version,,,,1,CE06ISSM,RID16,VELPT
CE06ISSM-RID16-04-VELPTA000,correlation_threshold,correlation_threshold,,,,1,CE06ISSM,RID16,VELPT
CE06ISSM-RID16-04-VELPTA000,time,time,,,ENG,seconds since 1900-01-01,CE06ISSM,RID16,VELPT
CE06ISSM-RID16-04-VELPTA000,ingestion_timestamp,ingestion_timestamp,,,ENG,seconds since 1900-01-01,CE06ISSM,RID16,VELPT
CE06ISSM-RID16-04-VELPTA000,date_time_string,date_time_string,,,,1,CE06ISSM,RID16,VELPT
CE06ISSM-RID16-05-PCO2WB000,driver_timestamp,driver_timestamp,,,ENG,seconds since 1900-01-01,CE06ISSM,RID16,PCO2W
CE06ISSM-RID16-05-PCO2WB000,external_device2_fault,external_device2_fault,,,,1,CE06ISSM,RID16,PCO2W
CE06ISSM-RID16-05-PCO2WB000,external_device3_fault,external_device3_fault,,,,1,CE06ISSM,RID16,PCO2W
CE06ISSM-RID16-05-PCO2WB000,num_data_records,num_data_records,,,,1,CE06ISSM,RID16,PCO2W
CE06ISSM-RID16-05-PCO2WB000,num_error_records,num_error_records,,,,1,CE06ISSM,RID16,PCO2W
CE06ISSM-RID16-05-PCO2WB000,num_bytes_stored,num_bytes_stored,,,,bytes,CE06ISSM,RID16,PCO2W
CE06ISSM-RID16-05-PCO2WB000,internal_timestamp,internal_timestamp,,,ENG,seconds since 1900-01-01,CE06ISSM,RID16,PCO2W
CE06ISSM-RID16-05-PCO2WB000,preferred_timestamp,preferred_timestamp,,,ENG,1,CE06ISSM,RID16,PCO2W
CE06ISSM-RID16-05-PCO2WB000,passed_checksum,passed_checksum,,,ENG,1,CE06ISSM,RID16,PCO2W
CE06ISSM-RID16-05-PCO2WB000,dcl_controller_timestamp,dcl_controller_timestamp,,,ENG,1,CE06ISSM,RID16,PCO2W
CE06ISSM-RID16-05-PCO2WB000,blank_light_measurements,blank_light_measurements,,,,counts,CE06ISSM,RID16,PCO2W
CE06ISSM-RID16-05-PCO2WB000,battery_low_blank,battery_low_blank,,,,1,CE06ISSM,RID16,PCO2W
CE06ISSM-RID16-05-PCO2WB000,unique_id,unique_id,,,,1,CE06ISSM,RID16,PCO2W
CE06ISSM-RID16-05-PCO2WB000,record_type,record_type,,,,1,CE06ISSM,RID16,PCO2W
CE06ISSM-RID16-05-PCO2WB000,record_time,record_time,,,,seconds since 1904-01-01,CE06ISSM,RID16,PCO2W
CE06ISSM-RID16-05-PCO2WB000,light_measurements,light_measurements,,,,counts,CE06ISSM,RID16,PCO2W
CE06ISSM-RID16-05-PCO2WB000,voltage_battery,voltage_battery,,,,counts,CE06ISSM,RID16,PCO2W
CE06ISSM-RID16-05-PCO2WB000,thermistor_raw,thermistor_raw,,,L0,V,CE06ISSM,RID16,PCO2W
CE06ISSM-RID16-05-PCO2WB000,clock_active,clock_active,,,,1,CE06ISSM,RID16,PCO2W
CE06ISSM-RID16-05-PCO2WB000,recording_active,recording_active,,,,1,CE06ISSM,RID16,PCO2W
CE06ISSM-RID16-05-PCO2WB000,record_end_on_time,record_end_on_time,,,,1,CE06ISSM,RID16,PCO2W
CE06ISSM-RID16-05-PCO2WB000,record_memory_full,record_memory_full,,,,1,CE06ISSM,RID16,PCO2W
CE06ISSM-RID16-05-PCO2WB000,record_end_on_error,record_end_on_error,,,,1,CE06ISSM,RID16,PCO2W
CE06ISSM-RID16-05-PCO2WB000,data_download_ok,data_download_ok,,,,1,CE06ISSM,RID16,PCO2W
CE06ISSM-RID16-05-PCO2WB000,flash_memory_open,flash_memory_open,,,,1,CE06ISSM,RID16,PCO2W
CE06ISSM-RID16-05-PCO2WB000,battery_low_prestart,battery_low_prestart,,,,1,CE06ISSM,RID16,PCO2W
CE06ISSM-RID16-05-PCO2WB000,battery_low_measurement,battery_low_measurement,,,,1,CE06ISSM,RID16,PCO2W
CE06ISSM-RID16-05-PCO2WB000,battery_low_external,battery_low_external,,,,1,CE06ISSM,RID16,PCO2W
CE06ISSM-RID16-05-PCO2WB000,external_device1_fault,external_device1_fault,,,,1,CE06ISSM,RID16,PCO2W
CE06ISSM-RID16-05-PCO2WB000,flash_erased,flash_erased,,,,1,CE06ISSM,RID16,PCO2W
CE06ISSM-RID16-05-PCO2WB000,power_on_invalid,power_on_invalid,,,,1,CE06ISSM,RID16,PCO2W
CE06ISSM-RID16-05-PCO2WB000,time,time,,,ENG,seconds since 1900-01-01,CE06ISSM,RID16,PCO2W
CE06ISSM-RID16-05-PCO2WB000,ingestion_timestamp,ingestion_timestamp,,,ENG,seconds since 1900-01-01,CE06ISSM,RID16,PCO2W
CE06ISSM-RID16-05-PCO2WB000,absorbance_ratio_434,absorbance_ratio_434,0,100000,L0,counts,CE06ISSM,RID16,PCO2W
CE06ISSM-RID16-05-PCO2WB000,absorbance_ratio_620,absorbance_ratio_620,0,100000,L0,counts,CE06ISSM,RID16,PCO2W
CE06ISSM-RID16-05-PCO2WB000,absorbance_blank_434,absorbance_blank_434,,,L0,1,CE06ISSM,RID16,PCO2W
CE06ISSM-RID16-05-PCO2WB000,absorbance_blank_620,absorbance_blank_620,,,L0,1,CE06ISSM,RID16,PCO2W
CE06ISSM-RID16-05-PCO2WB000,pco2w_thermistor_temperature,pco2w_thermistor_temperature,-2,40,,deg_C,CE06ISSM,RID16,PCO2W
CE06ISSM-RID16-05-PCO2WB000,pco2_seawater,pco2_seawater,100,600,L1,uatm,CE06ISSM,RID16,PCO2W
CE06ISSM-RID16-06-PHSEND000,driver_timestamp,driver_timestamp,,,ENG,seconds since 1900-01-01,CE06ISSM,RID16,PHSEN
CE06ISSM-RID16-06-PHSEND000,external_device2_fault,external_device2_fault,,,,1,CE06ISSM,RID16,PHSEN
CE06ISSM-RID16-06-PHSEND000,external_device3_fault,external_device3_fault,,,,1,CE06ISSM,RID16,PHSEN
CE06ISSM-RID16-06-PHSEND000,num_data_records,num_data_records,,,,1,CE06ISSM,RID16,PHSEN
CE06ISSM-RID16-06-PHSEND000,num_error_records,num_error_records,,,,1,CE06ISSM,RID16,PHSEN
CE06ISSM-RID16-06-PHSEND000,num_bytes_stored,num_bytes_stored,,,,bytes,CE06ISSM,RID16,PHSEN
CE06ISSM-RID16-06-PHSEND000,internal_timestamp,internal_timestamp,,,ENG,seconds since 1900-01-01,CE06ISSM,RID16,PHSEN
CE06ISSM-RID16-06-PHSEND000,preferred_timestamp,preferred_timestamp,,,ENG,1,CE06ISSM,RID16,PHSEN
CE06ISSM-RID16-06-PHSEND000,passed_checksum,passed_checksum,,,ENG,1,CE06ISSM,RID16,PHSEN
CE06ISSM-RID16-06-PHSEND000,dcl_controller_timestamp,dcl_controller_timestamp,,,ENG,1,CE06ISSM,RID16,PHSEN
CE06ISSM-RID16-06-PHSEND000,phsen_abcdef_ph_seawater,phsen_abcdef_ph_seawater,7.3,8.5,L1,(unitless),CE06ISSM,RID16,PHSEN
CE06ISSM-RID16-06-PHSEND000,battery_low_blank,battery_low_blank,,,,1,CE06ISSM,RID16,PHSEN
CE06ISSM-RID16-06-PHSEND000,unique_id,unique_id,,,,1,CE06ISSM,RID16,PHSEN
CE06ISSM-RID16-06-PHSEND000,record_type,record_type,,,,1,CE06ISSM,RID16,PHSEN
CE06ISSM-RID16-06-PHSEND000,record_time,record_time,,,,seconds since 1904-01-01,CE06ISSM,RID16,PHSEN
CE06ISSM-RID16-06-PHSEND000,light_measurements,light_measurements,,,,counts,CE06ISSM,RID16,PHSEN
CE06ISSM-RID16-06-PHSEND000,voltage_battery,voltage_battery,,,,counts,CE06ISSM,RID16,PHSEN
CE06ISSM-RID16-06-PHSEND000,clock_active,clock_active,,,,1,CE06ISSM,RID16,PHSEN
CE06ISSM-RID16-06-PHSEND000,recording_active,recording_active,,,,1,CE06ISSM,RID16,PHSEN
CE06ISSM-RID16-06-PHSEND000,record_end_on_time,record_end_on_time,,,,1,CE06ISSM,RID16,PHSEN
CE06ISSM-RID16-06-PHSEND000,record_memory_full,record_memory_full,,,,1,CE06ISSM,RID16,PHSEN
CE06ISSM-RID16-06-PHSEND000,phsen_abcdef_signal_intensity_434,phsen_abcdef_signal_intensity_434,,,L0,counts,CE06ISSM,RID16,PHSEN
CE06ISSM-RID16-06-PHSEND000,phsen_abcdef_signal_intensity_578,phsen_abcdef_signal_intensity_578,,,L0,counts,CE06ISSM,RID16,PHSEN
CE06ISSM-RID16-06-PHSEND000,record_end_on_error,record_end_on_error,,,,1,CE06ISSM,RID16,PHSEN
CE06ISSM-RID16-06-PHSEND000,data_download_ok,data_download_ok,,,,1,CE06ISSM,RID16,PHSEN
CE06ISSM-RID16-06-PHSEND000,flash_memory_open,flash_memory_open,,,,1,CE06ISSM,RID16,PHSEN
CE06ISSM-RID16-06-PHSEND000,battery_low_prestart,battery_low_prestart,,,,1,CE06ISSM,RID16,PHSEN
CE06ISSM-RID16-06-PHSEND000,battery_low_measurement,battery_low_measurement,,,,1,CE06ISSM,RID16,PHSEN
CE06ISSM-RID16-06-PHSEND000,battery_low_external,battery_low_external,,,,1,CE06ISSM,RID16,PHSEN
CE06ISSM-RID16-06-PHSEND000,external_device1_fault,external_device1_fault,,,,1,CE06ISSM,RID16,PHSEN
CE06ISSM-RID16-06-PHSEND000,flash_erased,flash_erased,,,,1,CE06ISSM,RID16,PHSEN
CE06ISSM-RID16-06-PHSEND000,power_on_invalid,power_on_invalid,,,,1,CE06ISSM,RID16,PHSEN
CE06ISSM-RID16-06-PHSEND000,time,time,,,ENG,seconds since 1900-01-01,CE06ISSM,RID16,PHSEN
CE06ISSM-RID16-06-PHSEND000,ingestion_timestamp,ingestion_timestamp,,,ENG,seconds since 1900-01-01,CE06ISSM,RID16,PHSEN
CE06ISSM-RID16-06-PHSEND000,thermistor_start,thermistor_start,,,,counts,CE06ISSM,RID16,PHSEN
CE06ISSM-RID16-06-PHSEND000,reference_light_measurements,reference_light_measurements,,,,counts,CE06ISSM,RID16,PHSEN
CE06ISSM-RID16-06-PHSEND000,thermistor_end,thermistor_end,,,,counts,CE06ISSM,RID16,PHSEN
CE06ISSM-RID16-06-PHSEND000,phsen_thermistor_temperature,phsen_thermistor_temperature,,,L0,V,CE06ISSM,RID16,PHSEN
CE06ISSM-RID16-07-NUTNRB000,driver_timestamp,driver_timestamp,,,ENG,seconds since 1900-01-01,CE06ISSM,RID16,NUTNR
CE06ISSM-RID16-07-NUTNRB000,firmware_version,firmware_version,,,,1,CE06ISSM,RID16,NUTNR
CE06ISSM-RID16-07-NUTNRB000,internal_timestamp,internal_timestamp,,,ENG,seconds since 1900-01-01,CE06ISSM,RID16,NUTNR
CE06ISSM-RID16-07-NUTNRB000,preferred_timestamp,preferred_timestamp,,,ENG,1,CE06ISSM,RID16,NUTNR
CE06ISSM-RID16-07-NUTNRB000,dcl_controller_timestamp,dcl_controller_timestamp,,,ENG,1,CE06ISSM,RID16,NUTNR
CE06ISSM-RID16-07-NUTNRB000,startup_time_string,startup_time_string,,,,1,CE06ISSM,RID16,NUTNR
CE06ISSM-RID16-07-NUTNRB000,nutnr_b_temp_sal_corrected_nitrate,nutnr_b_temp_sal_corrected_nitrate,0,40,L2,umol L-1,CE06ISSM,RID16,NUTNR
CE06ISSM-RID16-07-NUTNRB000,firmware_date,firmware_date,,,,1,CE06ISSM,RID16,NUTNR
CE06ISSM-RID16-07-NUTNRB000,frame_header,frame_header,,,,1,CE06ISSM,RID16,NUTNR
CE06ISSM-RID16-07-NUTNRB000,frame_type,frame_type,,,,1,CE06ISSM,RID16,NUTNR
CE06ISSM-RID16-07-NUTNRB000,serial_number,serial_number,,,ENG,1,CE06ISSM,RID16,NUTNR
CE06ISSM-RID16-07-NUTNRB000,date_of_sample,date_of_sample,,,AUX,1,CE06ISSM,RID16,NUTNR
CE06ISSM-RID16-07-NUTNRB000,time_of_sample,time_of_sample,,,AUX,h,CE06ISSM,RID16,NUTNR
CE06ISSM-RID16-07-NUTNRB000,nitrate_concentration,nitrate_concentration,0,40,L1,umol L-1,CE06ISSM,RID16,NUTNR
CE06ISSM-RID16-07-NUTNRB000,aux_fitting_1,aux_fitting_1,,,AUX,1,CE06ISSM,RID16,NUTNR
CE06ISSM-RID16-07-NUTNRB000,aux_fitting_2,aux_fitting_2,,,AUX,1,CE06ISSM,RID16,NUTNR
CE06ISSM-RID16-07-NUTNRB000,aux_fitting_3,aux_fitting_3,,,AUX,1,CE06ISSM,RID16,NUTNR
CE06ISSM-RID16-07-NUTNRB000,rms_error,rms_error,,,AUX,umol L-1,CE06ISSM,RID16,NUTNR
CE06ISSM-RID16-07-NUTNRB000,temp_interior,temp_interior,,,AUX,deg_C,CE06ISSM,RID16,NUTNR
CE06ISSM-RID16-07-NUTNRB000,temp_spectrometer,temp_spectrometer,,,AUX,deg_C,CE06ISSM,RID16,NUTNR
CE06ISSM-RID16-07-NUTNRB000,temp_lamp,temp_lamp,,,AUX,deg_C,CE06ISSM,RID16,NUTNR
CE06ISSM-RID16-07-NUTNRB000,humidity,humidity,,,AUX,%,CE06ISSM,RID16,NUTNR
CE06ISSM-RID16-07-NUTNRB000,voltage_lamp,voltage_lamp,,,AUX,V,CE06ISSM,RID16,NUTNR
CE06ISSM-RID16-07-NUTNRB000,voltage_analog,voltage_analog,,,AUX,V,CE06ISSM,RID16,NUTNR
CE06ISSM-RID16-07-NUTNRB000,voltage_main,voltage_main,,,AUX,V,CE06ISSM,RID16,NUTNR
CE06ISSM-RID16-07-NUTNRB000,ref_channel_average,ref_channel_average,,,,counts,CE06ISSM,RID16,NUTNR
CE06ISSM-RID16-07-NUTNRB000,ref_channel_variance,ref_channel_variance,,,,1,CE06ISSM,RID16,NUTNR
CE06ISSM-RID16-07-NUTNRB000,sea_water_dark,sea_water_dark,,,AUX,counts,CE06ISSM,RID16,NUTNR
CE06ISSM-RID16-07-NUTNRB000,spec_channel_average,spec_channel_average,,,,counts,CE06ISSM,RID16,NUTNR
CE06ISSM-RID16-07-NUTNRB000,spectral_channels,spectral_channels,,,L0,counts,CE06ISSM,RID16,NUTNR
CE06ISSM-RID16-07-NUTNRB000,startup_time,startup_time,,,,seconds since 1970-01-01,CE06ISSM,RID16,NUTNR
CE06ISSM-RID16-07-NUTNRB000,lamp_time,lamp_time,,,AUX,s,CE06ISSM,RID16,NUTNR
CE06ISSM-RID16-07-NUTNRB000,spec_on_time,spec_on_time,,,,seconds since 1970-01-01,CE06ISSM,RID16,NUTNR
CE06ISSM-RID16-07-NUTNRB000,spec_powered_time,spec_powered_time,,,,seconds since 1970-01-01,CE06ISSM,RID16,NUTNR
CE06ISSM-RID16-07-NUTNRB000,lamp_on_time,lamp_on_time,,,,seconds since 1970-01-01,CE06ISSM,RID16,NUTNR
CE06ISSM-RID16-07-NUTNRB000,lamp_powered_time,lamp_powered_time,,,,seconds since 1970-01-01,CE06ISSM,RID16,NUTNR
CE06ISSM-RID16-07-NUTNRB000,data_log_file,data_log_file,,,,1,CE06ISSM,RID16,NUTNR
CE06ISSM-RID16-07-NUTNRB000,dark_frame_spectral_channels,dark_frame_spectral_channels,,,AUX,counts,CE06ISSM,RID16,NUTNR
CE06ISSM-RID16-07-NUTNRB000,time,time,,,ENG,seconds since 1900-01-01,CE06ISSM,RID16,NUTNR
CE06ISSM-RID16-07-NUTNRB000,ingestion_timestamp,ingestion_timestamp,,,ENG,seconds since 1900-01-01,CE06ISSM,RID16,NUTNR
CE06ISSM-RID16-08-SPKIRB000,instrument_id,instrument_id,,,ENG,1,CE06ISSM,RID16,SPKIR
CE06ISSM-RID16-08-SPKIRB000,timer,timer,,,ENG,s,CE06ISSM,RID16,SPKIR
CE06ISSM-RID16-08-SPKIRB000,sample_delay,sample_delay,,,ENG,ms,CE06ISSM,RID16,SPKIR
CE06ISSM-RID16-08-SPKIRB000,driver_timestamp,driver_timestamp,,,ENG,seconds since 1900-01-01,CE06ISSM,RID16,SPKIR
CE06ISSM-RID16-08-SPKIRB000,vin_sense,vin_sense,,,ENG,counts,CE06ISSM,RID16,SPKIR
CE06ISSM-RID16-08-SPKIRB000,va_sense,va_sense,,,ENG,counts,CE06ISSM,RID16,SPKIR
CE06ISSM-RID16-08-SPKIRB000,internal_temperature,internal_temperature,,,AUX,counts,CE06ISSM,RID16,SPKIR
CE06ISSM-RID16-08-SPKIRB000,frame_counter,frame_counter,,,ENG,counts,CE06ISSM,RID16,SPKIR
CE06ISSM-RID16-08-SPKIRB000,internal_timestamp,internal_timestamp,,,ENG,seconds since 1900-01-01,CE06ISSM,RID16,SPKIR
CE06ISSM-RID16-08-SPKIRB000,preferred_timestamp,preferred_timestamp,,,ENG,1,CE06ISSM,RID16,SPKIR
CE06ISSM-RID16-08-SPKIRB000,passed_checksum,passed_checksum,,,ENG,1,CE06ISSM,RID16,SPKIR
CE06ISSM-RID16-08-SPKIRB000,channel_array,channel_array,,,L0,counts,CE06ISSM,RID16,SPKIR
CE06ISSM-RID16-08-SPKIRB000,dcl_controller_timestamp,dcl_controller_timestamp,,,ENG,1,CE06ISSM,RID16,SPKIR
CE06ISSM-RID16-08-SPKIRB000,spkir_abj_cspp_downwelling_vector,spkir_abj_cspp_downwelling_vector,0,300,L1,uW cm-2 nm-1,CE06ISSM,RID16,SPKIR
CE06ISSM-RID16-08-SPKIRB000,serial_number,serial_number,,,ENG,1,CE06ISSM,RID16,SPKIR
CE06ISSM-RID16-08-SPKIRB000,time,time,,,ENG,seconds since 1900-01-01,CE06ISSM,RID16,SPKIR
CE06ISSM-RID16-08-SPKIRB000,ingestion_timestamp,ingestion_timestamp,,,ENG,seconds since 1900-01-01,CE06ISSM,RID16,SPKIR
CE06ISSM-SBD17-01-MOPAK0000,driver_timestamp,driver_timestamp,,,ENG,seconds since 1900-01-01,CE06ISSM,SBD17,MOPAK
CE06ISSM-SBD17-01-MOPAK0000,internal_timestamp,internal_timestamp,,,ENG,seconds since 1900-01-01,CE06ISSM,SBD17,MOPAK
CE06ISSM-SBD17-01-MOPAK0000,mopak_accelx,mopak_accelx,,,ENG,g0,CE06ISSM,SBD17,MOPAK
CE06ISSM-SBD17-01-MOPAK0000,mopak_accely,mopak_accely,,,ENG,g0,CE06ISSM,SBD17,MOPAK
CE06ISSM-SBD17-01-MOPAK0000,mopak_accelz,mopak_accelz,,,ENG,g0,CE06ISSM,SBD17,MOPAK
CE06ISSM-SBD17-01-MOPAK0000,mopak_ang_ratex,mopak_ang_ratex,,,ENG,rad s-1,CE06ISSM,SBD17,MOPAK
CE06ISSM-SBD17-01-MOPAK0000,mopak_ang_ratey,mopak_ang_ratey,,,ENG,rad s-1,CE06ISSM,SBD17,MOPAK
CE06ISSM-SBD17-01-MOPAK0000,preferred_timestamp,preferred_timestamp,,,ENG,1,CE06ISSM,SBD17,MOPAK
CE06ISSM-SBD17-01-MOPAK0000,mopak_ang_ratez,mopak_ang_ratez,,,ENG,rad s-1,CE06ISSM,SBD17,MOPAK
CE06ISSM-SBD17-01-MOPAK0000,mopak_magx,mopak_magx,,,ENG,Gs,CE06ISSM,SBD17,MOPAK
CE06ISSM-SBD17-01-MOPAK0000,mopak_magy,mopak_magy,,,ENG,Gs,CE06ISSM,SBD17,MOPAK
CE06ISSM-SBD17-01-MOPAK0000,mopak_magz,mopak_magz,,,ENG,Gs,CE06ISSM,SBD17,MOPAK
CE06ISSM-SBD17-01-MOPAK0000,mopak_timer,mopak_timer,,,ENG,counts,CE06ISSM,SBD17,MOPAK
CE06ISSM-SBD17-01-MOPAK0000,mopak_roll,mopak_roll,,,ENG,degrees,CE06ISSM,SBD17,MOPAK
CE06ISSM-SBD17-01-MOPAK0000,mopak_pitch,mopak_pitch,,,ENG,degrees,CE06ISSM,SBD17,MOPAK
CE06ISSM-SBD17-01-MOPAK0000,mopak_yaw,mopak_yaw,,,ENG,degrees,CE06ISSM,SBD17,MOPAK
CE06ISSM-SBD17-01-MOPAK0000,time,time,,,ENG,seconds since 1900-01-01,CE06ISSM,SBD17,MOPAK
CE06ISSM-SBD17-01-MOPAK0000,ingestion_timestamp,ingestion_timestamp,,,ENG,seconds since 1900-01-01,CE06ISSM,SBD17,MOPAK
CE06ISSM-SBD17-04-VELPTA000,driver_timestamp,driver_timestamp,,,ENG,seconds since 1900-01-01,CE06ISSM,SBD17,VELPT
CE06ISSM-SBD17-04-VELPTA000,firmware_version,firmware_version,,,,1,CE06ISSM,SBD17,VELPT
CE06ISSM-SBD17-04-VELPTA000,eastward_velocity,eastward_velocity,-3,3,L1,m s-1,CE06ISSM,SBD17,VELPT
CE06ISSM-SBD17-04-VELPTA000,northward_velocity,northward_velocity,-3,3,L1,m s-1,CE06ISSM,SBD17,VELPT
CE06ISSM-SBD17-04-VELPTA000,upward_velocity,upward_velocity,-1,1,L1,m s-1,CE06ISSM,SBD17,VELPT
CE06ISSM-SBD17-04-VELPTA000,internal_timestamp,internal_timestamp,,,ENG,seconds since 1900-01-01,CE06ISSM,SBD17,VELPT
CE06ISSM-SBD17-04-VELPTA000,preferred_timestamp,preferred_timestamp,,,ENG,1,CE06ISSM,SBD17,VELPT
CE06ISSM-SBD17-04-VELPTA000,velpt_ab_eastward_velocity,velpt_ab_eastward_velocity,-3,3,L1,m s-1,CE06ISSM,SBD17,VELPT
CE06ISSM-SBD17-04-VELPTA000,velpt_ab_northward_velocity,velpt_ab_northward_velocity,-3,3,L1,m s-1,CE06ISSM,SBD17,VELPT
CE06ISSM-SBD17-04-VELPTA000,velpt_ab_upward_velocity,velpt_ab_upward_velocity,-1,1,L1,m s-1,CE06ISSM,SBD17,VELPT
CE06ISSM-SBD17-04-VELPTA000,number_of_beam_sequences,number_of_beam_sequences,,,,counts,CE06ISSM,SBD17,VELPT
CE06ISSM-SBD17-04-VELPTA000,number_of_beams_in_diagnostics_mode,number_of_beams_in_diagnostics_mode,,,,counts,CE06ISSM,SBD17,VELPT
CE06ISSM-SBD17-04-VELPTA000,reserved_bit_easyq,reserved_bit_easyq,,,,1,CE06ISSM,SBD17,VELPT
CE06ISSM-SBD17-04-VELPTA000,battery_voltage_dv,battery_voltage_dv,,,AUX,dV,CE06ISSM,SBD17,VELPT
CE06ISSM-SBD17-04-VELPTA000,sound_speed_dms,sound_speed_dms,,,AUX,dm s-1,CE06ISSM,SBD17,VELPT
CE06ISSM-SBD17-04-VELPTA000,heading_decidegree,heading_decidegree,,,AUX,deci-degrees,CE06ISSM,SBD17,VELPT
CE06ISSM-SBD17-04-VELPTA000,roll_decidegree,roll_decidegree,,,AUX,deci-degrees,CE06ISSM,SBD17,VELPT
CE06ISSM-SBD17-04-VELPTA000,pitch_decidegree,pitch_decidegree,,,AUX,deci-degrees,CE06ISSM,SBD17,VELPT
CE06ISSM-SBD17-04-VELPTA000,temperature_centidegree,temperature_centidegree,,,AUX,cdeg_C,CE06ISSM,SBD17,VELPT
CE06ISSM-SBD17-04-VELPTA000,pressure_mbar,pressure_mbar,,,AUX,0.001 dbar,CE06ISSM,SBD17,VELPT
CE06ISSM-SBD17-04-VELPTA000,error_code,error_code,,,,1,CE06ISSM,SBD17,VELPT
CE06ISSM-SBD17-04-VELPTA000,analog1,analog1,,,,1,CE06ISSM,SBD17,VELPT
CE06ISSM-SBD17-04-VELPTA000,status,status,,,,1,CE06ISSM,SBD17,VELPT
CE06ISSM-SBD17-04-VELPTA000,velocity_beam1,velocity_beam1,,,L0,mm s-1,CE06ISSM,SBD17,VELPT
CE06ISSM-SBD17-04-VELPTA000,velocity_beam2,velocity_beam2,,,L0,mm s-1,CE06ISSM,SBD17,VELPT
CE06ISSM-SBD17-04-VELPTA000,velocity_beam3,velocity_beam3,,,L0,mm s-1,CE06ISSM,SBD17,VELPT
CE06ISSM-SBD17-04-VELPTA000,amplitude_beam1,amplitude_beam1,,,AUX,counts,CE06ISSM,SBD17,VELPT
CE06ISSM-SBD17-04-VELPTA000,amplitude_beam2,amplitude_beam2,,,AUX,counts,CE06ISSM,SBD17,VELPT
CE06ISSM-SBD17-04-VELPTA000,amplitude_beam3,amplitude_beam3,,,AUX,counts,CE06ISSM,SBD17,VELPT
CE06ISSM-SBD17-04-VELPTA000,records_to_follow,records_to_follow,,,,1,CE06ISSM,SBD17,VELPT
CE06ISSM-SBD17-04-VELPTA000,cell_number_diagnostics,cell_number_diagnostics,,,,1,CE06ISSM,SBD17,VELPT
CE06ISSM-SBD17-04-VELPTA000,noise_amplitude_beam1,noise_amplitude_beam1,,,,counts,CE06ISSM,SBD17,VELPT
CE06ISSM-SBD17-04-VELPTA000,noise_amplitude_beam2,noise_amplitude_beam2,,,,counts,CE06ISSM,SBD17,VELPT
CE06ISSM-SBD17-04-VELPTA000,noise_amplitude_beam3,noise_amplitude_beam3,,,,counts,CE06ISSM,SBD17,VELPT
CE06ISSM-SBD17-04-VELPTA000,noise_amplitude_beam4,noise_amplitude_beam4,,,,counts,CE06ISSM,SBD17,VELPT
CE06ISSM-SBD17-04-VELPTA000,processing_magnitude_beam1,processing_magnitude_beam1,,,,1,CE06ISSM,SBD17,VELPT
CE06ISSM-SBD17-04-VELPTA000,processing_magnitude_beam2,processing_magnitude_beam2,,,,1,CE06ISSM,SBD17,VELPT
CE06ISSM-SBD17-04-VELPTA000,processing_magnitude_beam3,processing_magnitude_beam3,,,,1,CE06ISSM,SBD17,VELPT
CE06ISSM-SBD17-04-VELPTA000,processing_magnitude_beam4,processing_magnitude_beam4,,,,1,CE06ISSM,SBD17,VELPT
CE06ISSM-SBD17-04-VELPTA000,distance_beam1,distance_beam1,,,,1,CE06ISSM,SBD17,VELPT
CE06ISSM-SBD17-04-VELPTA000,distance_beam2,distance_beam2,,,,1,CE06ISSM,SBD17,VELPT
CE06ISSM-SBD17-04-VELPTA000,distance_beam3,distance_beam3,,,,1,CE06ISSM,SBD17,VELPT
CE06ISSM-SBD17-04-VELPTA000,distance_beam4,distance_beam4,,,,1,CE06ISSM,SBD17,VELPT
CE06ISSM-SBD17-04-VELPTA000,instrmt_type_serial_number,instrmt_type_serial_number,,,,1,CE06ISSM,SBD17,VELPT
CE06ISSM-SBD17-04-VELPTA000,pic_version,pic_version,,,,1,CE06ISSM,SBD17,VELPT
CE06ISSM-SBD17-04-VELPTA000,hardware_revision,hardware_revision,,,,1,CE06ISSM,SBD17,VELPT
CE06ISSM-SBD17-04-VELPTA000,recorder_size,recorder_size,,,,bytes,CE06ISSM,SBD17,VELPT
CE06ISSM-SBD17-04-VELPTA000,velocity_range,velocity_range,,,,1,CE06ISSM,SBD17,VELPT
CE06ISSM-SBD17-04-VELPTA000,pressure_sensor,pressure_sensor,,,,1,CE06ISSM,SBD17,VELPT
CE06ISSM-SBD17-04-VELPTA000,magnetometer_sensor,magnetometer_sensor,,,,1,CE06ISSM,SBD17,VELPT
CE06ISSM-SBD17-04-VELPTA000,tilt_sensor,tilt_sensor,,,,1,CE06ISSM,SBD17,VELPT
CE06ISSM-SBD17-04-VELPTA000,tilt_sensor_mounting,tilt_sensor_mounting,,,,1,CE06ISSM,SBD17,VELPT
CE06ISSM-SBD17-04-VELPTA000,head_frequency,head_frequency,,,,kHz,CE06ISSM,SBD17,VELPT
CE06ISSM-SBD17-04-VELPTA000,head_type,head_type,,,,1,CE06ISSM,SBD17,VELPT
CE06ISSM-SBD17-04-VELPTA000,head_serial_number,head_serial_number,,,,1,CE06ISSM,SBD17,VELPT
CE06ISSM-SBD17-04-VELPTA000,number_beams,number_beams,,,,1,CE06ISSM,SBD17,VELPT
CE06ISSM-SBD17-04-VELPTA000,transmit_pulse_length,transmit_pulse_length,,,,counts,CE06ISSM,SBD17,VELPT
CE06ISSM-SBD17-04-VELPTA000,blanking_distance,blanking_distance,,,,counts,CE06ISSM,SBD17,VELPT
CE06ISSM-SBD17-04-VELPTA000,receive_length,receive_length,,,,counts,CE06ISSM,SBD17,VELPT
CE06ISSM-SBD17-04-VELPTA000,time_between_pings,time_between_pings,,,,counts,CE06ISSM,SBD17,VELPT
CE06ISSM-SBD17-04-VELPTA000,time_between_bursts,time_between_bursts,,,,counts,CE06ISSM,SBD17,VELPT
CE06ISSM-SBD17-04-VELPTA000,average_interval,average_interval,,,,s,CE06ISSM,SBD17,VELPT
CE06ISSM-SBD17-04-VELPTA000,compass_update_rate,compass_update_rate,,,,Hz,CE06ISSM,SBD17,VELPT
CE06ISSM-SBD17-04-VELPTA000,coordinate_system,coordinate_system,,,,1,CE06ISSM,SBD17,VELPT
CE06ISSM-SBD17-04-VELPTA000,number_cells,number_cells,,,,1,CE06ISSM,SBD17,VELPT
CE06ISSM-SBD17-04-VELPTA000,measurement_interval,measurement_interval,,,,s,CE06ISSM,SBD17,VELPT
CE06ISSM-SBD17-04-VELPTA000,deployment_name,deployment_name,,,,1,CE06ISSM,SBD17,VELPT
CE06ISSM-SBD17-04-VELPTA000,diagnostics_interval,diagnostics_interval,,,,s,CE06ISSM,SBD17,VELPT
CE06ISSM-SBD17-04-VELPTA000,use_specified_sound_speed,use_specified_sound_speed,,,,1,CE06ISSM,SBD17,VELPT
CE06ISSM-SBD17-04-VELPTA000,diagnostics_mode_enable,diagnostics_mode_enable,,,,1,CE06ISSM,SBD17,VELPT
CE06ISSM-SBD17-04-VELPTA000,analog_output_enable,analog_output_enable,,,,1,CE06ISSM,SBD17,VELPT
CE06ISSM-SBD17-04-VELPTA000,output_format_nortek,output_format_nortek,,,,1,CE06ISSM,SBD17,VELPT
CE06ISSM-SBD17-04-VELPTA000,scaling,scaling,,,,1,CE06ISSM,SBD17,VELPT
CE06ISSM-SBD17-04-VELPTA000,serial_output_enable,serial_output_enable,,,,1,CE06ISSM,SBD17,VELPT
CE06ISSM-SBD17-04-VELPTA000,stage_enable,stage_enable,,,,1,CE06ISSM,SBD17,VELPT
CE06ISSM-SBD17-04-VELPTA000,analog_power_output,analog_power_output,,,,1,CE06ISSM,SBD17,VELPT
CE06ISSM-SBD17-04-VELPTA000,sound_speed_adjust_factor,sound_speed_adjust_factor,,,,m s-1,CE06ISSM,SBD17,VELPT
CE06ISSM-SBD17-04-VELPTA000,number_diagnostics_samples,number_diagnostics_samples,,,,1,CE06ISSM,SBD17,VELPT
CE06ISSM-SBD17-04-VELPTA000,number_pings_diagnostic,number_pings_diagnostic,,,,1,CE06ISSM,SBD17,VELPT
CE06ISSM-SBD17-04-VELPTA000,software_version,software_version,,,,1,CE06ISSM,SBD17,VELPT
CE06ISSM-SBD17-04-VELPTA000,correlation_threshold,correlation_threshold,,,,1,CE06ISSM,SBD17,VELPT
CE06ISSM-SBD17-04-VELPTA000,time,time,,,ENG,seconds since 1900-01-01,CE06ISSM,SBD17,VELPT
CE06ISSM-SBD17-04-VELPTA000,ingestion_timestamp,ingestion_timestamp,,,ENG,seconds since 1900-01-01,CE06ISSM,SBD17,VELPT
CE06ISSM-SBD17-04-VELPTA000,date_time_string,date_time_string,,,,1,CE06ISSM,SBD17,VELPT
CE06ISSP-SP001-02-DOSTAJ000,product_number,product_number,,,,1,CE06ISSP,SP001,DOSTA
CE06ISSP-SP001-02-DOSTAJ000,driver_timestamp,driver_timestamp,,,ENG,seconds since 1900-01-01,CE06ISSP,SP001,DOSTA
CE06ISSP-SP001-02-DOSTAJ000,internal_timestamp,internal_timestamp,,,ENG,seconds since 1900-01-01,CE06ISSP,SP001,DOSTA
CE06ISSP-SP001-02-DOSTAJ000,preferred_timestamp,preferred_timestamp,,,ENG,1,CE06ISSP,SP001,DOSTA
CE06ISSP-SP001-02-DOSTAJ000,profiler_timestamp,profiler_timestamp,,,ENG,seconds since 1970-01-01,CE06ISSP,SP001,DOSTA
CE06ISSP-SP001-02-DOSTAJ000,last_character_controller_id,last_character_controller_id,,,,1,CE06ISSP,SP001,DOSTA
CE06ISSP-SP001-02-DOSTAJ000,day_of_year_number,day_of_year_number,,,,1,CE06ISSP,SP001,DOSTA
CE06ISSP-SP001-02-DOSTAJ000,fraction_of_day,fraction_of_day,,,,1,CE06ISSP,SP001,DOSTA
CE06ISSP-SP001-02-DOSTAJ000,source_file,source_file,,,,1,CE06ISSP,SP001,DOSTA
CE06ISSP-SP001-02-DOSTAJ000,processing_time,processing_time,,,,1,CE06ISSP,SP001,DOSTA
CE06ISSP-SP001-02-DOSTAJ000,preprocessing_software_version,preprocessing_software_version,,,ENG,1,CE06ISSP,SP001,DOSTA
CE06ISSP-SP001-02-DOSTAJ000,start_date,start_date,,,,1,CE06ISSP,SP001,DOSTA
CE06ISSP-SP001-02-DOSTAJ000,pressure_depth,pressure_depth,,,AUX,dbar,CE06ISSP,SP001,DOSTA
CE06ISSP-SP001-02-DOSTAJ000,suspect_timestamp,suspect_timestamp,,,,1,CE06ISSP,SP001,DOSTA
CE06ISSP-SP001-02-DOSTAJ000,dosta_abcdjm_cspp_tc_oxygen,dosta_abcdjm_cspp_tc_oxygen,0,400,L1,umol L-1,CE06ISSP,SP001,DOSTA
CE06ISSP-SP001-02-DOSTAJ000,serial_number,serial_number,,,ENG,1,CE06ISSP,SP001,DOSTA
CE06ISSP-SP001-02-DOSTAJ000,dosta_abcdjm_cspp_abs_oxygen,dosta_abcdjm_cspp_abs_oxygen,0,400,L2,umol kg-1,CE06ISSP,SP001,DOSTA
CE06ISSP-SP001-02-DOSTAJ000,time,time,,,ENG,seconds since 1900-01-01,CE06ISSP,SP001,DOSTA
CE06ISSP-SP001-02-DOSTAJ000,ingestion_timestamp,ingestion_timestamp,,,ENG,seconds since 1900-01-01,CE06ISSP,SP001,DOSTA
CE06ISSP-SP001-02-DOSTAJ000,estimated_oxygen_concentration,estimated_oxygen_concentration,0,400,L1,umol L-1,CE06ISSP,SP001,DOSTA
CE06ISSP-SP001-02-DOSTAJ000,optode_temperature,optode_temperature,-2,40,,deg_C,CE06ISSP,SP001,DOSTA
CE06ISSP-SP001-02-DOSTAJ000,calibrated_phase,calibrated_phase,,,L0,degrees,CE06ISSP,SP001,DOSTA
CE06ISSP-SP001-02-DOSTAJ000,temp_compensated_phase,temp_compensated_phase,,,,degrees,CE06ISSP,SP001,DOSTA
CE06ISSP-SP001-02-DOSTAJ000,blue_phase,blue_phase,,,,degrees,CE06ISSP,SP001,DOSTA
CE06ISSP-SP001-02-DOSTAJ000,red_phase,red_phase,,,,degrees,CE06ISSP,SP001,DOSTA
CE06ISSP-SP001-02-DOSTAJ000,blue_amplitude,blue_amplitude,,,,mV,CE06ISSP,SP001,DOSTA
CE06ISSP-SP001-02-DOSTAJ000,red_amplitude,red_amplitude,,,,mV,CE06ISSP,SP001,DOSTA
CE06ISSP-SP001-02-DOSTAJ000,raw_temperature,raw_temperature,,,,mV,CE06ISSP,SP001,DOSTA
CE06ISSP-SP001-04-OPTAAJ000,driver_timestamp,driver_timestamp,,,ENG,seconds since 1900-01-01,CE06ISSP,SP001,OPTAA
CE06ISSP-SP001-04-OPTAAJ000,internal_timestamp,internal_timestamp,,,ENG,seconds since 1900-01-01,CE06ISSP,SP001,OPTAA
CE06ISSP-SP001-04-OPTAAJ000,preferred_timestamp,preferred_timestamp,,,ENG,1,CE06ISSP,SP001,OPTAA
CE06ISSP-SP001-04-OPTAAJ000,profiler_timestamp,profiler_timestamp,,,ENG,seconds since 1970-01-01,CE06ISSP,SP001,OPTAA
CE06ISSP-SP001-04-OPTAAJ000,last_character_controller_id,last_character_controller_id,,,,1,CE06ISSP,SP001,OPTAA
CE06ISSP-SP001-04-OPTAAJ000,day_of_year_number,day_of_year_number,,,,1,CE06ISSP,SP001,OPTAA
CE06ISSP-SP001-04-OPTAAJ000,fraction_of_day,fraction_of_day,,,,1,CE06ISSP,SP001,OPTAA
CE06ISSP-SP001-04-OPTAAJ000,source_file,source_file,,,,1,CE06ISSP,SP001,OPTAA
CE06ISSP-SP001-04-OPTAAJ000,processing_time,processing_time,,,,1,CE06ISSP,SP001,OPTAA
CE06ISSP-SP001-04-OPTAAJ000,preprocessing_software_version,preprocessing_software_version,,,ENG,1,CE06ISSP,SP001,OPTAA
CE06ISSP-SP001-04-OPTAAJ000,start_date,start_date,,,,1,CE06ISSP,SP001,OPTAA
CE06ISSP-SP001-04-OPTAAJ000,pressure_depth,pressure_depth,,,AUX,dbar,CE06ISSP,SP001,OPTAA
CE06ISSP-SP001-04-OPTAAJ000,on_seconds,on_seconds,,,,s,CE06ISSP,SP001,OPTAA
CE06ISSP-SP001-04-OPTAAJ000,suspect_timestamp,suspect_timestamp,,,,1,CE06ISSP,SP001,OPTAA
CE06ISSP-SP001-04-OPTAAJ000,serial_number,serial_number,,,ENG,1,CE06ISSP,SP001,OPTAA
CE06ISSP-SP001-04-OPTAAJ000,optaa_dj_cspp_beam_attenuation,optaa_dj_cspp_beam_attenuation,0,100,L2,m-1,CE06ISSP,SP001,OPTAA
CE06ISSP-SP001-04-OPTAAJ000,optaa_dj_cspp_optical_absorption,optaa_dj_cspp_optical_absorption,0,100,L2,m-1,CE06ISSP,SP001,OPTAA
CE06ISSP-SP001-04-OPTAAJ000,a_reference_dark_counts,a_reference_dark_counts,,,,counts,CE06ISSP,SP001,OPTAA
CE06ISSP-SP001-04-OPTAAJ000,pressure_counts,pressure_counts,,,,counts,CE06ISSP,SP001,OPTAA
CE06ISSP-SP001-04-OPTAAJ000,a_signal_dark_counts,a_signal_dark_counts,,,,counts,CE06ISSP,SP001,OPTAA
CE06ISSP-SP001-04-OPTAAJ000,external_temp_raw,external_temp_raw,,,,counts,CE06ISSP,SP001,OPTAA
CE06ISSP-SP001-04-OPTAAJ000,internal_temp_raw,internal_temp_raw,,,L0,counts,CE06ISSP,SP001,OPTAA
CE06ISSP-SP001-04-OPTAAJ000,c_reference_dark_counts,c_reference_dark_counts,,,,counts,CE06ISSP,SP001,OPTAA
CE06ISSP-SP001-04-OPTAAJ000,c_signal_dark_counts,c_signal_dark_counts,,,,counts,CE06ISSP,SP001,OPTAA
CE06ISSP-SP001-04-OPTAAJ000,num_wavelengths,num_wavelengths,,,,1,CE06ISSP,SP001,OPTAA
CE06ISSP-SP001-04-OPTAAJ000,c_reference_counts,c_reference_counts,,,L0,counts,CE06ISSP,SP001,OPTAA
CE06ISSP-SP001-04-OPTAAJ000,a_reference_counts,a_reference_counts,,,L0,counts,CE06ISSP,SP001,OPTAA
CE06ISSP-SP001-04-OPTAAJ000,c_signal_counts,c_signal_counts,,,L0,counts,CE06ISSP,SP001,OPTAA
CE06ISSP-SP001-04-OPTAAJ000,a_signal_counts,a_signal_counts,,,L0,counts,CE06ISSP,SP001,OPTAA
CE06ISSP-SP001-04-OPTAAJ000,time,time,,,ENG,seconds since 1900-01-01,CE06ISSP,SP001,OPTAA
CE06ISSP-SP001-04-OPTAAJ000,ingestion_timestamp,ingestion_timestamp,,,ENG,seconds since 1900-01-01,CE06ISSP,SP001,OPTAA
CE06ISSP-SP001-05-VELPTJ000,driver_timestamp,driver_timestamp,,,ENG,seconds since 1900-01-01,CE06ISSP,SP001,VELPT
CE06ISSP-SP001-05-VELPTJ000,internal_timestamp,internal_timestamp,,,ENG,seconds since 1900-01-01,CE06ISSP,SP001,VELPT
CE06ISSP-SP001-05-VELPTJ000,preferred_timestamp,preferred_timestamp,,,ENG,1,CE06ISSP,SP001,VELPT
CE06ISSP-SP001-05-VELPTJ000,profiler_timestamp,profiler_timestamp,,,ENG,seconds since 1970-01-01,CE06ISSP,SP001,VELPT
CE06ISSP-SP001-05-VELPTJ000,last_character_controller_id,last_character_controller_id,,,,1,CE06ISSP,SP001,VELPT
CE06ISSP-SP001-05-VELPTJ000,day_of_year_number,day_of_year_number,,,,1,CE06ISSP,SP001,VELPT
CE06ISSP-SP001-05-VELPTJ000,fraction_of_day,fraction_of_day,,,,1,CE06ISSP,SP001,VELPT
CE06ISSP-SP001-05-VELPTJ000,source_file,source_file,,,,1,CE06ISSP,SP001,VELPT
CE06ISSP-SP001-05-VELPTJ000,processing_time,processing_time,,,,1,CE06ISSP,SP001,VELPT
CE06ISSP-SP001-05-VELPTJ000,preprocessing_software_version,preprocessing_software_version,,,ENG,1,CE06ISSP,SP001,VELPT
CE06ISSP-SP001-05-VELPTJ000,start_date,start_date,,,,1,CE06ISSP,SP001,VELPT
CE06ISSP-SP001-05-VELPTJ000,pressure_depth,pressure_depth,,,AUX,dbar,CE06ISSP,SP001,VELPT
CE06ISSP-SP001-05-VELPTJ000,velpt_pressure,velpt_pressure,,,AUX,dbar,CE06ISSP,SP001,VELPT
CE06ISSP-SP001-05-VELPTJ000,velocity_beam1_m_s,velocity_beam1_m_s,,,,m s-1,CE06ISSP,SP001,VELPT
CE06ISSP-SP001-05-VELPTJ000,velocity_beam2_m_s,velocity_beam2_m_s,,,,m s-1,CE06ISSP,SP001,VELPT
CE06ISSP-SP001-05-VELPTJ000,velocity_beam3_m_s,velocity_beam3_m_s,,,,m s-1,CE06ISSP,SP001,VELPT
CE06ISSP-SP001-05-VELPTJ000,suspect_timestamp,suspect_timestamp,,,,1,CE06ISSP,SP001,VELPT
CE06ISSP-SP001-05-VELPTJ000,velpt_j_eastward_velocity,velpt_j_eastward_velocity,-3,3,L1,m s-1,CE06ISSP,SP001,VELPT
CE06ISSP-SP001-05-VELPTJ000,velpt_j_northward_velocity,velpt_j_northward_velocity,-3,3,L1,m s-1,CE06ISSP,SP001,VELPT
CE06ISSP-SP001-05-VELPTJ000,velpt_j_upward_velocity,velpt_j_upward_velocity,-1,1,L1,m s-1,CE06ISSP,SP001,VELPT
CE06ISSP-SP001-05-VELPTJ000,heading,heading,,,AUX,rad,CE06ISSP,SP001,VELPT
CE06ISSP-SP001-05-VELPTJ000,pitch,pitch,,,AUX,rad,CE06ISSP,SP001,VELPT
CE06ISSP-SP001-05-VELPTJ000,roll,roll,,,AUX,rad,CE06ISSP,SP001,VELPT
CE06ISSP-SP001-05-VELPTJ000,temperature,temperature,-2,40,L1,deg_C,CE06ISSP,SP001,VELPT
CE06ISSP-SP001-05-VELPTJ000,amplitude_beam1,amplitude_beam1,,,AUX,counts,CE06ISSP,SP001,VELPT
CE06ISSP-SP001-05-VELPTJ000,amplitude_beam2,amplitude_beam2,,,AUX,counts,CE06ISSP,SP001,VELPT
CE06ISSP-SP001-05-VELPTJ000,amplitude_beam3,amplitude_beam3,,,AUX,counts,CE06ISSP,SP001,VELPT
CE06ISSP-SP001-05-VELPTJ000,speed_of_sound,speed_of_sound,,,AUX,m s-1,CE06ISSP,SP001,VELPT
CE06ISSP-SP001-05-VELPTJ000,time,time,,,ENG,seconds since 1900-01-01,CE06ISSP,SP001,VELPT
CE06ISSP-SP001-05-VELPTJ000,ingestion_timestamp,ingestion_timestamp,,,ENG,seconds since 1900-01-01,CE06ISSP,SP001,VELPT
CE06ISSP-SP001-06-NUTNRJ000,driver_timestamp,driver_timestamp,,,ENG,seconds since 1900-01-01,CE06ISSP,SP001,NUTNR
CE06ISSP-SP001-06-NUTNRJ000,internal_timestamp,internal_timestamp,,,ENG,seconds since 1900-01-01,CE06ISSP,SP001,NUTNR
CE06ISSP-SP001-06-NUTNRJ000,preferred_timestamp,preferred_timestamp,,,ENG,1,CE06ISSP,SP001,NUTNR
CE06ISSP-SP001-06-NUTNRJ000,profiler_timestamp,profiler_timestamp,,,ENG,seconds since 1970-01-01,CE06ISSP,SP001,NUTNR
CE06ISSP-SP001-06-NUTNRJ000,last_character_controller_id,last_character_controller_id,,,,1,CE06ISSP,SP001,NUTNR
CE06ISSP-SP001-06-NUTNRJ000,day_of_year_number,day_of_year_number,,,,1,CE06ISSP,SP001,NUTNR
CE06ISSP-SP001-06-NUTNRJ000,fraction_of_day,fraction_of_day,,,,1,CE06ISSP,SP001,NUTNR
CE06ISSP-SP001-06-NUTNRJ000,source_file,source_file,,,,1,CE06ISSP,SP001,NUTNR
CE06ISSP-SP001-06-NUTNRJ000,processing_time,processing_time,,,,1,CE06ISSP,SP001,NUTNR
CE06ISSP-SP001-06-NUTNRJ000,preprocessing_software_version,preprocessing_software_version,,,ENG,1,CE06ISSP,SP001,NUTNR
CE06ISSP-SP001-06-NUTNRJ000,start_date,start_date,,,,1,CE06ISSP,SP001,NUTNR
CE06ISSP-SP001-06-NUTNRJ000,nutnr_nitrogen_in_nitrate,nutnr_nitrogen_in_nitrate,,,,mg/L,CE06ISSP,SP001,NUTNR
CE06ISSP-SP001-06-NUTNRJ000,nutnr_absorbance_at_254_nm,nutnr_absorbance_at_254_nm,,,,1,CE06ISSP,SP001,NUTNR
CE06ISSP-SP001-06-NUTNRJ000,nutnr_absorbance_at_350_nm,nutnr_absorbance_at_350_nm,,,,1,CE06ISSP,SP001,NUTNR
CE06ISSP-SP001-06-NUTNRJ000,nutnr_bromide_trace,nutnr_bromide_trace,,,,mg/L,CE06ISSP,SP001,NUTNR
CE06ISSP-SP001-06-NUTNRJ000,nutnr_spectrum_average,nutnr_spectrum_average,,,,1,CE06ISSP,SP001,NUTNR
CE06ISSP-SP001-06-NUTNRJ000,nutnr_dark_value_used_for_fit,nutnr_dark_value_used_for_fit,,,AUX,1,CE06ISSP,SP001,NUTNR
CE06ISSP-SP001-06-NUTNRJ000,nutnr_integration_time_factor,nutnr_integration_time_factor,,,,1,CE06ISSP,SP001,NUTNR
CE06ISSP-SP001-06-NUTNRJ000,nutnr_voltage_int,nutnr_voltage_int,,,,V,CE06ISSP,SP001,NUTNR
CE06ISSP-SP001-06-NUTNRJ000,nutnr_current_main,nutnr_current_main,,,,mA,CE06ISSP,SP001,NUTNR
CE06ISSP-SP001-06-NUTNRJ000,nutnr_fit_base_1,nutnr_fit_base_1,,,,1,CE06ISSP,SP001,NUTNR
CE06ISSP-SP001-06-NUTNRJ000,nutnr_fit_base_2,nutnr_fit_base_2,,,,1,CE06ISSP,SP001,NUTNR
CE06ISSP-SP001-06-NUTNRJ000,nutnr_fit_rmse,nutnr_fit_rmse,,,AUX,1,CE06ISSP,SP001,NUTNR
CE06ISSP-SP001-06-NUTNRJ000,pressure_depth,pressure_depth,,,AUX,dbar,CE06ISSP,SP001,NUTNR
CE06ISSP-SP001-06-NUTNRJ000,year,year,,,,year,CE06ISSP,SP001,NUTNR
CE06ISSP-SP001-06-NUTNRJ000,day_of_year,day_of_year,,,,1,CE06ISSP,SP001,NUTNR
CE06ISSP-SP001-06-NUTNRJ000,ctd_time_uint32,ctd_time_uint32,,,,seconds since 1970-01-01,CE06ISSP,SP001,NUTNR
CE06ISSP-SP001-06-NUTNRJ000,ctd_psu,ctd_psu,,,AUX,(unitless),CE06ISSP,SP001,NUTNR
CE06ISSP-SP001-06-NUTNRJ000,ctd_temp,ctd_temp,,,AUX,deg_C,CE06ISSP,SP001,NUTNR
CE06ISSP-SP001-06-NUTNRJ000,ctd_dbar,ctd_dbar,,,AUX,dbar,CE06ISSP,SP001,NUTNR
CE06ISSP-SP001-06-NUTNRJ000,suspect_timestamp,suspect_timestamp,,,,1,CE06ISSP,SP001,NUTNR
CE06ISSP-SP001-06-NUTNRJ000,frame_type,frame_type,,,,1,CE06ISSP,SP001,NUTNR
CE06ISSP-SP001-06-NUTNRJ000,time_of_sample,time_of_sample,,,AUX,h,CE06ISSP,SP001,NUTNR
CE06ISSP-SP001-06-NUTNRJ000,nitrate_concentration,nitrate_concentration,0,40,L1,umol L-1,CE06ISSP,SP001,NUTNR
CE06ISSP-SP001-06-NUTNRJ000,aux_fitting_1,aux_fitting_1,,,AUX,1,CE06ISSP,SP001,NUTNR
CE06ISSP-SP001-06-NUTNRJ000,aux_fitting_2,aux_fitting_2,,,AUX,1,CE06ISSP,SP001,NUTNR
CE06ISSP-SP001-06-NUTNRJ000,temp_interior,temp_interior,,,AUX,deg_C,CE06ISSP,SP001,NUTNR
CE06ISSP-SP001-06-NUTNRJ000,temp_spectrometer,temp_spectrometer,,,AUX,deg_C,CE06ISSP,SP001,NUTNR
CE06ISSP-SP001-06-NUTNRJ000,temp_lamp,temp_lamp,,,AUX,deg_C,CE06ISSP,SP001,NUTNR
CE06ISSP-SP001-06-NUTNRJ000,humidity,humidity,,,AUX,%,CE06ISSP,SP001,NUTNR
CE06ISSP-SP001-06-NUTNRJ000,voltage_lamp,voltage_lamp,,,AUX,V,CE06ISSP,SP001,NUTNR
CE06ISSP-SP001-06-NUTNRJ000,voltage_main,voltage_main,,,AUX,V,CE06ISSP,SP001,NUTNR
CE06ISSP-SP001-06-NUTNRJ000,spectral_channels,spectral_channels,,,L0,counts,CE06ISSP,SP001,NUTNR
CE06ISSP-SP001-06-NUTNRJ000,lamp_time,lamp_time,,,AUX,s,CE06ISSP,SP001,NUTNR
CE06ISSP-SP001-06-NUTNRJ000,nutnr_j_cspp_temp_sal_corrected_nitrate,nutnr_j_cspp_temp_sal_corrected_nitrate,0,40,L2,umol L-1,CE06ISSP,SP001,NUTNR
CE06ISSP-SP001-06-NUTNRJ000,dark_frame_spectral_channels,dark_frame_spectral_channels,,,AUX,counts,CE06ISSP,SP001,NUTNR
CE06ISSP-SP001-06-NUTNRJ000,time,time,,,ENG,seconds since 1900-01-01,CE06ISSP,SP001,NUTNR
CE06ISSP-SP001-06-NUTNRJ000,ingestion_timestamp,ingestion_timestamp,,,ENG,seconds since 1900-01-01,CE06ISSP,SP001,NUTNR
CE06ISSP-SP001-07-SPKIRJ000,instrument_id,instrument_id,,,ENG,1,CE06ISSP,SP001,SPKIR
CE06ISSP-SP001-07-SPKIRJ000,timer,timer,,,ENG,s,CE06ISSP,SP001,SPKIR
CE06ISSP-SP001-07-SPKIRJ000,sample_delay,sample_delay,,,ENG,ms,CE06ISSP,SP001,SPKIR
CE06ISSP-SP001-07-SPKIRJ000,driver_timestamp,driver_timestamp,,,ENG,seconds since 1900-01-01,CE06ISSP,SP001,SPKIR
CE06ISSP-SP001-07-SPKIRJ000,vin_sense,vin_sense,,,ENG,counts,CE06ISSP,SP001,SPKIR
CE06ISSP-SP001-07-SPKIRJ000,va_sense,va_sense,,,ENG,counts,CE06ISSP,SP001,SPKIR
CE06ISSP-SP001-07-SPKIRJ000,internal_temperature,internal_temperature,,,AUX,counts,CE06ISSP,SP001,SPKIR
CE06ISSP-SP001-07-SPKIRJ000,frame_counter,frame_counter,,,ENG,counts,CE06ISSP,SP001,SPKIR
CE06ISSP-SP001-07-SPKIRJ000,internal_timestamp,internal_timestamp,,,ENG,seconds since 1900-01-01,CE06ISSP,SP001,SPKIR
CE06ISSP-SP001-07-SPKIRJ000,preferred_timestamp,preferred_timestamp,,,ENG,1,CE06ISSP,SP001,SPKIR
CE06ISSP-SP001-07-SPKIRJ000,profiler_timestamp,profiler_timestamp,,,ENG,seconds since 1970-01-01,CE06ISSP,SP001,SPKIR
CE06ISSP-SP001-07-SPKIRJ000,last_character_controller_id,last_character_controller_id,,,,1,CE06ISSP,SP001,SPKIR
CE06ISSP-SP001-07-SPKIRJ000,day_of_year_number,day_of_year_number,,,,1,CE06ISSP,SP001,SPKIR
CE06ISSP-SP001-07-SPKIRJ000,fraction_of_day,fraction_of_day,,,,1,CE06ISSP,SP001,SPKIR
CE06ISSP-SP001-07-SPKIRJ000,source_file,source_file,,,,1,CE06ISSP,SP001,SPKIR
CE06ISSP-SP001-07-SPKIRJ000,processing_time,processing_time,,,,1,CE06ISSP,SP001,SPKIR
CE06ISSP-SP001-07-SPKIRJ000,preprocessing_software_version,preprocessing_software_version,,,ENG,1,CE06ISSP,SP001,SPKIR
CE06ISSP-SP001-07-SPKIRJ000,start_date,start_date,,,,1,CE06ISSP,SP001,SPKIR
CE06ISSP-SP001-07-SPKIRJ000,channel_array,channel_array,,,L0,counts,CE06ISSP,SP001,SPKIR
CE06ISSP-SP001-07-SPKIRJ000,pressure_depth,pressure_depth,,,AUX,dbar,CE06ISSP,SP001,SPKIR
CE06ISSP-SP001-07-SPKIRJ000,suspect_timestamp,suspect_timestamp,,,,1,CE06ISSP,SP001,SPKIR
CE06ISSP-SP001-07-SPKIRJ000,spkir_abj_cspp_downwelling_vector,spkir_abj_cspp_downwelling_vector,0,300,L1,uW cm-2 nm-1,CE06ISSP,SP001,SPKIR
CE06ISSP-SP001-07-SPKIRJ000,serial_number,serial_number,,,ENG,1,CE06ISSP,SP001,SPKIR
CE06ISSP-SP001-07-SPKIRJ000,time,time,,,ENG,seconds since 1900-01-01,CE06ISSP,SP001,SPKIR
CE06ISSP-SP001-07-SPKIRJ000,ingestion_timestamp,ingestion_timestamp,,,ENG,seconds since 1900-01-01,CE06ISSP,SP001,SPKIR
CE06ISSP-SP001-08-FLORTJ000,driver_timestamp,driver_timestamp,,,ENG,seconds since 1900-01-01,CE06ISSP,SP001,FLORT
CE06ISSP-SP001-08-FLORTJ000,date_string,date_string,,,ENG,1,CE06ISSP,SP001,FLORT
CE06ISSP-SP001-08-FLORTJ000,time_string,time_string,,,ENG,1,CE06ISSP,SP001,FLORT
CE06ISSP-SP001-08-FLORTJ000,measurement_wavelength_beta,measurement_wavelength_beta,,,,nm,CE06ISSP,SP001,FLORT
CE06ISSP-SP001-08-FLORTJ000,raw_signal_beta,raw_signal_beta,,,L0,counts,CE06ISSP,SP001,FLORT
CE06ISSP-SP001-08-FLORTJ000,measurement_wavelength_chl,measurement_wavelength_chl,,,,nm,CE06ISSP,SP001,FLORT
CE06ISSP-SP001-08-FLORTJ000,raw_signal_chl,raw_signal_chl,,,L0,counts,CE06ISSP,SP001,FLORT
CE06ISSP-SP001-08-FLORTJ000,measurement_wavelength_cdom,measurement_wavelength_cdom,,,,nm,CE06ISSP,SP001,FLORT
CE06ISSP-SP001-08-FLORTJ000,raw_signal_cdom,raw_signal_cdom,,,L0,counts,CE06ISSP,SP001,FLORT
CE06ISSP-SP001-08-FLORTJ000,raw_internal_temp,raw_internal_temp,,,,counts,CE06ISSP,SP001,FLORT
CE06ISSP-SP001-08-FLORTJ000,internal_timestamp,internal_timestamp,,,ENG,seconds since 1900-01-01,CE06ISSP,SP001,FLORT
CE06ISSP-SP001-08-FLORTJ000,preferred_timestamp,preferred_timestamp,,,ENG,1,CE06ISSP,SP001,FLORT
CE06ISSP-SP001-08-FLORTJ000,flort_k_total_volume_scattering_coefficient,flort_k_total_volume_scattering_coefficient,,,L1,m-1 sr-1,CE06ISSP,SP001,FLORT
CE06ISSP-SP001-08-FLORTJ000,fluorometric_chlorophyll_a,fluorometric_chlorophyll_a,0,50,L1,ug L-1,CE06ISSP,SP001,FLORT
CE06ISSP-SP001-08-FLORTJ000,fluorometric_cdom,fluorometric_cdom,0,375,L1,ppb,CE06ISSP,SP001,FLORT
CE06ISSP-SP001-08-FLORTJ000,profiler_timestamp,profiler_timestamp,,,ENG,seconds since 1970-01-01,CE06ISSP,SP001,FLORT
CE06ISSP-SP001-08-FLORTJ000,last_character_controller_id,last_character_controller_id,,,,1,CE06ISSP,SP001,FLORT
CE06ISSP-SP001-08-FLORTJ000,day_of_year_number,day_of_year_number,,,,1,CE06ISSP,SP001,FLORT
CE06ISSP-SP001-08-FLORTJ000,fraction_of_day,fraction_of_day,,,,1,CE06ISSP,SP001,FLORT
CE06ISSP-SP001-08-FLORTJ000,source_file,source_file,,,,1,CE06ISSP,SP001,FLORT
CE06ISSP-SP001-08-FLORTJ000,processing_time,processing_time,,,,1,CE06ISSP,SP001,FLORT
CE06ISSP-SP001-08-FLORTJ000,preprocessing_software_version,preprocessing_software_version,,,ENG,1,CE06ISSP,SP001,FLORT
CE06ISSP-SP001-08-FLORTJ000,start_date,start_date,,,,1,CE06ISSP,SP001,FLORT
CE06ISSP-SP001-08-FLORTJ000,pressure_depth,pressure_depth,,,AUX,dbar,CE06ISSP,SP001,FLORT
CE06ISSP-SP001-08-FLORTJ000,suspect_timestamp,suspect_timestamp,,,,1,CE06ISSP,SP001,FLORT
CE06ISSP-SP001-08-FLORTJ000,flort_dj_cspp_bback_total,flort_dj_cspp_bback_total,0.0003,1,L2,m-1,CE06ISSP,SP001,FLORT
CE06ISSP-SP001-08-FLORTJ000,flort_dj_cspp_scat_seawater,flort_dj_cspp_scat_seawater,,,AUX,m-1,CE06ISSP,SP001,FLORT
CE06ISSP-SP001-08-FLORTJ000,time,time,,,ENG,seconds since 1900-01-01,CE06ISSP,SP001,FLORT
CE06ISSP-SP001-08-FLORTJ000,ingestion_timestamp,ingestion_timestamp,,,ENG,seconds since 1900-01-01,CE06ISSP,SP001,FLORT
CE06ISSP-SP001-09-CTDPFJ000,conductivity,conductivity,0,6,L1,S m-1,CE06ISSP,SP001,CTDPF
CE06ISSP-SP001-09-CTDPFJ000,driver_timestamp,driver_timestamp,,,ENG,seconds since 1900-01-01,CE06ISSP,SP001,CTDPF
CE06ISSP-SP001-09-CTDPFJ000,internal_timestamp,internal_timestamp,,,ENG,seconds since 1900-01-01,CE06ISSP,SP001,CTDPF
CE06ISSP-SP001-09-CTDPFJ000,preferred_timestamp,preferred_timestamp,,,ENG,1,CE06ISSP,SP001,CTDPF
CE06ISSP-SP001-09-CTDPFJ000,pressure,pressure,0,6000,L1,dbar,CE06ISSP,SP001,CTDPF
CE06ISSP-SP001-09-CTDPFJ000,profiler_timestamp,profiler_timestamp,,,ENG,seconds since 1970-01-01,CE06ISSP,SP001,CTDPF
CE06ISSP-SP001-09-CTDPFJ000,last_character_controller_id,last_character_controller_id,,,,1,CE06ISSP,SP001,CTDPF
CE06ISSP-SP001-09-CTDPFJ000,day_of_year_number,day_of_year_number,,,,1,CE06ISSP,SP001,CTDPF
CE06ISSP-SP001-09-CTDPFJ000,fraction_of_day,fraction_of_day,,,,1,CE06ISSP,SP001,CTDPF
CE06ISSP-SP001-09-CTDPFJ000,source_file,source_file,,,,1,CE06ISSP,SP001,CTDPF
CE06ISSP-SP001-09-CTDPFJ000,processing_time,processing_time,,,,1,CE06ISSP,SP001,CTDPF
CE06ISSP-SP001-09-CTDPFJ000,preprocessing_software_version,preprocessing_software_version,,,ENG,1,CE06ISSP,SP001,CTDPF
CE06ISSP-SP001-09-CTDPFJ000,start_date,start_date,,,,1,CE06ISSP,SP001,CTDPF
CE06ISSP-SP001-09-CTDPFJ000,suspect_timestamp,suspect_timestamp,,,,1,CE06ISSP,SP001,CTDPF
CE06ISSP-SP001-09-CTDPFJ000,ctdpf_j_density,ctdpf_j_density,1000,1100,L2,kg m-3,CE06ISSP,SP001,CTDPF
CE06ISSP-SP001-09-CTDPFJ000,salinity,salinity,0,42,L2,1,CE06ISSP,SP001,CTDPF
CE06ISSP-SP001-09-CTDPFJ000,temperature,temperature,-2,40,L1,deg_C,CE06ISSP,SP001,CTDPF
CE06ISSP-SP001-09-CTDPFJ000,time,time,,,ENG,seconds since 1900-01-01,CE06ISSP,SP001,CTDPF
CE06ISSP-SP001-09-CTDPFJ000,ingestion_timestamp,ingestion_timestamp,,,ENG,seconds since 1900-01-01,CE06ISSP,SP001,CTDPF
CE06ISSP-SP001-10-PARADJ000,driver_timestamp,driver_timestamp,,,ENG,seconds since 1900-01-01,CE06ISSP,SP001,PARAD
CE06ISSP-SP001-10-PARADJ000,date_string,date_string,,,ENG,1,CE06ISSP,SP001,PARAD
CE06ISSP-SP001-10-PARADJ000,time_string,time_string,,,ENG,1,CE06ISSP,SP001,PARAD
CE06ISSP-SP001-10-PARADJ000,internal_timestamp,internal_timestamp,,,ENG,seconds since 1900-01-01,CE06ISSP,SP001,PARAD
CE06ISSP-SP001-10-PARADJ000,preferred_timestamp,preferred_timestamp,,,ENG,1,CE06ISSP,SP001,PARAD
CE06ISSP-SP001-10-PARADJ000,par,par,,,L0,counts,CE06ISSP,SP001,PARAD
CE06ISSP-SP001-10-PARADJ000,profiler_timestamp,profiler_timestamp,,,ENG,seconds since 1970-01-01,CE06ISSP,SP001,PARAD
CE06ISSP-SP001-10-PARADJ000,last_character_controller_id,last_character_controller_id,,,,1,CE06ISSP,SP001,PARAD
CE06ISSP-SP001-10-PARADJ000,day_of_year_number,day_of_year_number,,,,1,CE06ISSP,SP001,PARAD
CE06ISSP-SP001-10-PARADJ000,fraction_of_day,fraction_of_day,,,,1,CE06ISSP,SP001,PARAD
CE06ISSP-SP001-10-PARADJ000,source_file,source_file,,,,1,CE06ISSP,SP001,PARAD
CE06ISSP-SP001-10-PARADJ000,processing_time,processing_time,,,,1,CE06ISSP,SP001,PARAD
CE06ISSP-SP001-10-PARADJ000,preprocessing_software_version,preprocessing_software_version,,,ENG,1,CE06ISSP,SP001,PARAD
CE06ISSP-SP001-10-PARADJ000,start_date,start_date,,,,1,CE06ISSP,SP001,PARAD
CE06ISSP-SP001-10-PARADJ000,pressure_depth,pressure_depth,,,AUX,dbar,CE06ISSP,SP001,PARAD
CE06ISSP-SP001-10-PARADJ000,suspect_timestamp,suspect_timestamp,,,,1,CE06ISSP,SP001,PARAD
CE06ISSP-SP001-10-PARADJ000,parad_j_par_counts_output,parad_j_par_counts_output,0,2500,L1,umol photons m-2 s-1,CE06ISSP,SP001,PARAD
CE06ISSP-SP001-10-PARADJ000,time,time,,,ENG,seconds since 1900-01-01,CE06ISSP,SP001,PARAD
CE06ISSP-SP001-10-PARADJ000,ingestion_timestamp,ingestion_timestamp,,,ENG,seconds since 1900-01-01,CE06ISSP,SP001,PARAD
CE07SHSM-MFD35-01-VEL3DD000,vel3d_c_eastward_turbulent_velocity,vel3d_c_eastward_turbulent_velocity,-3,3,L1,m s-1,CE07SHSM,MFD35,VEL3D
CE07SHSM-MFD35-01-VEL3DD000,vel3d_c_northward_turbulent_velocity,vel3d_c_northward_turbulent_velocity,-3,3,L1,m s-1,CE07SHSM,MFD35,VEL3D
CE07SHSM-MFD35-01-VEL3DD000,vel3d_c_upward_turbulent_velocity,vel3d_c_upward_turbulent_velocity,-1,1,L1,m s-1,CE07SHSM,MFD35,VEL3D
CE07SHSM-MFD35-01-VEL3DD000,transmit_pulse_length_2nd,transmit_pulse_length_2nd,,,,counts,CE07SHSM,MFD35,VEL3D
CE07SHSM-MFD35-01-VEL3DD000,driver_timestamp,driver_timestamp,,,ENG,seconds since 1900-01-01,CE07SHSM,MFD35,VEL3D
CE07SHSM-MFD35-01-VEL3DD000,firmware_version,firmware_version,,,,1,CE07SHSM,MFD35,VEL3D
CE07SHSM-MFD35-01-VEL3DD000,internal_timestamp,internal_timestamp,,,ENG,seconds since 1900-01-01,CE07SHSM,MFD35,VEL3D
CE07SHSM-MFD35-01-VEL3DD000,preferred_timestamp,preferred_timestamp,,,ENG,1,CE07SHSM,MFD35,VEL3D
CE07SHSM-MFD35-01-VEL3DD000,battery_voltage_dv,battery_voltage_dv,,,AUX,dV,CE07SHSM,MFD35,VEL3D
CE07SHSM-MFD35-01-VEL3DD000,heading_decidegree,heading_decidegree,,,AUX,deci-degrees,CE07SHSM,MFD35,VEL3D
CE07SHSM-MFD35-01-VEL3DD000,roll_decidegree,roll_decidegree,,,AUX,deci-degrees,CE07SHSM,MFD35,VEL3D
CE07SHSM-MFD35-01-VEL3DD000,pitch_decidegree,pitch_decidegree,,,AUX,deci-degrees,CE07SHSM,MFD35,VEL3D
CE07SHSM-MFD35-01-VEL3DD000,temperature_centidegree,temperature_centidegree,,,AUX,cdeg_C,CE07SHSM,MFD35,VEL3D
CE07SHSM-MFD35-01-VEL3DD000,seawater_pressure_mbar,seawater_pressure_mbar,,,AUX,0.001 dbar,CE07SHSM,MFD35,VEL3D
CE07SHSM-MFD35-01-VEL3DD000,instrmt_type_serial_number,instrmt_type_serial_number,,,,1,CE07SHSM,MFD35,VEL3D
CE07SHSM-MFD35-01-VEL3DD000,recorder_installed,recorder_installed,,,,1,CE07SHSM,MFD35,VEL3D
CE07SHSM-MFD35-01-VEL3DD000,compass_installed,compass_installed,,,,1,CE07SHSM,MFD35,VEL3D
CE07SHSM-MFD35-01-VEL3DD000,board_frequency,board_frequency,,,,kHz,CE07SHSM,MFD35,VEL3D
CE07SHSM-MFD35-01-VEL3DD000,pic_version,pic_version,,,,1,CE07SHSM,MFD35,VEL3D
CE07SHSM-MFD35-01-VEL3DD000,hardware_revision,hardware_revision,,,,1,CE07SHSM,MFD35,VEL3D
CE07SHSM-MFD35-01-VEL3DD000,recorder_size,recorder_size,,,,bytes,CE07SHSM,MFD35,VEL3D
CE07SHSM-MFD35-01-VEL3DD000,velocity_range,velocity_range,,,,1,CE07SHSM,MFD35,VEL3D
CE07SHSM-MFD35-01-VEL3DD000,pressure_sensor,pressure_sensor,,,,1,CE07SHSM,MFD35,VEL3D
CE07SHSM-MFD35-01-VEL3DD000,magnetometer_sensor,magnetometer_sensor,,,,1,CE07SHSM,MFD35,VEL3D
CE07SHSM-MFD35-01-VEL3DD000,tilt_sensor,tilt_sensor,,,,1,CE07SHSM,MFD35,VEL3D
CE07SHSM-MFD35-01-VEL3DD000,tilt_sensor_mounting,tilt_sensor_mounting,,,,1,CE07SHSM,MFD35,VEL3D
CE07SHSM-MFD35-01-VEL3DD000,head_frequency,head_frequency,,,,kHz,CE07SHSM,MFD35,VEL3D
CE07SHSM-MFD35-01-VEL3DD000,head_type,head_type,,,,1,CE07SHSM,MFD35,VEL3D
CE07SHSM-MFD35-01-VEL3DD000,head_serial_number,head_serial_number,,,,1,CE07SHSM,MFD35,VEL3D
CE07SHSM-MFD35-01-VEL3DD000,system_data,system_data,,,,1,CE07SHSM,MFD35,VEL3D
CE07SHSM-MFD35-01-VEL3DD000,number_beams,number_beams,,,,1,CE07SHSM,MFD35,VEL3D
CE07SHSM-MFD35-01-VEL3DD000,transmit_pulse_length,transmit_pulse_length,,,,counts,CE07SHSM,MFD35,VEL3D
CE07SHSM-MFD35-01-VEL3DD000,blanking_distance,blanking_distance,,,,counts,CE07SHSM,MFD35,VEL3D
CE07SHSM-MFD35-01-VEL3DD000,receive_length,receive_length,,,,counts,CE07SHSM,MFD35,VEL3D
CE07SHSM-MFD35-01-VEL3DD000,time_between_pings,time_between_pings,,,,counts,CE07SHSM,MFD35,VEL3D
CE07SHSM-MFD35-01-VEL3DD000,time_between_bursts,time_between_bursts,,,,counts,CE07SHSM,MFD35,VEL3D
CE07SHSM-MFD35-01-VEL3DD000,number_pings,number_pings,,,,1,CE07SHSM,MFD35,VEL3D
CE07SHSM-MFD35-01-VEL3DD000,average_interval,average_interval,,,,s,CE07SHSM,MFD35,VEL3D
CE07SHSM-MFD35-01-VEL3DD000,profile_type,profile_type,,,,1,CE07SHSM,MFD35,VEL3D
CE07SHSM-MFD35-01-VEL3DD000,mode_type,mode_type,,,,1,CE07SHSM,MFD35,VEL3D
CE07SHSM-MFD35-01-VEL3DD000,power_level_tcm1,power_level_tcm1,,,,1,CE07SHSM,MFD35,VEL3D
CE07SHSM-MFD35-01-VEL3DD000,power_level_tcm2,power_level_tcm2,,,,1,CE07SHSM,MFD35,VEL3D
CE07SHSM-MFD35-01-VEL3DD000,sync_out_position,sync_out_position,,,,1,CE07SHSM,MFD35,VEL3D
CE07SHSM-MFD35-01-VEL3DD000,sample_on_sync,sample_on_sync,,,,1,CE07SHSM,MFD35,VEL3D
CE07SHSM-MFD35-01-VEL3DD000,start_on_sync,start_on_sync,,,,1,CE07SHSM,MFD35,VEL3D
CE07SHSM-MFD35-01-VEL3DD000,power_level_pcr1,power_level_pcr1,,,,1,CE07SHSM,MFD35,VEL3D
CE07SHSM-MFD35-01-VEL3DD000,power_level_pcr2,power_level_pcr2,,,,1,CE07SHSM,MFD35,VEL3D
CE07SHSM-MFD35-01-VEL3DD000,compass_update_rate,compass_update_rate,,,,Hz,CE07SHSM,MFD35,VEL3D
CE07SHSM-MFD35-01-VEL3DD000,coordinate_system,coordinate_system,,,,1,CE07SHSM,MFD35,VEL3D
CE07SHSM-MFD35-01-VEL3DD000,number_cells,number_cells,,,,1,CE07SHSM,MFD35,VEL3D
CE07SHSM-MFD35-01-VEL3DD000,cell_size,cell_size,,,,m,CE07SHSM,MFD35,VEL3D
CE07SHSM-MFD35-01-VEL3DD000,measurement_interval,measurement_interval,,,,s,CE07SHSM,MFD35,VEL3D
CE07SHSM-MFD35-01-VEL3DD000,deployment_name,deployment_name,,,,1,CE07SHSM,MFD35,VEL3D
CE07SHSM-MFD35-01-VEL3DD000,wrap_mode,wrap_mode,,,,1,CE07SHSM,MFD35,VEL3D
CE07SHSM-MFD35-01-VEL3DD000,deployment_start_time,deployment_start_time,,,,1,CE07SHSM,MFD35,VEL3D
CE07SHSM-MFD35-01-VEL3DD000,diagnostics_interval,diagnostics_interval,,,,s,CE07SHSM,MFD35,VEL3D
CE07SHSM-MFD35-01-VEL3DD000,use_specified_sound_speed,use_specified_sound_speed,,,,1,CE07SHSM,MFD35,VEL3D
CE07SHSM-MFD35-01-VEL3DD000,diagnostics_mode_enable,diagnostics_mode_enable,,,,1,CE07SHSM,MFD35,VEL3D
CE07SHSM-MFD35-01-VEL3DD000,analog_output_enable,analog_output_enable,,,,1,CE07SHSM,MFD35,VEL3D
CE07SHSM-MFD35-01-VEL3DD000,output_format_nortek,output_format_nortek,,,,1,CE07SHSM,MFD35,VEL3D
CE07SHSM-MFD35-01-VEL3DD000,scaling,scaling,,,,1,CE07SHSM,MFD35,VEL3D
CE07SHSM-MFD35-01-VEL3DD000,serial_output_enable,serial_output_enable,,,,1,CE07SHSM,MFD35,VEL3D
CE07SHSM-MFD35-01-VEL3DD000,stage_enable,stage_enable,,,,1,CE07SHSM,MFD35,VEL3D
CE07SHSM-MFD35-01-VEL3DD000,analog_power_output,analog_power_output,,,,1,CE07SHSM,MFD35,VEL3D
CE07SHSM-MFD35-01-VEL3DD000,sound_speed_adjust_factor,sound_speed_adjust_factor,,,,m s-1,CE07SHSM,MFD35,VEL3D
CE07SHSM-MFD35-01-VEL3DD000,number_diagnostics_samples,number_diagnostics_samples,,,,1,CE07SHSM,MFD35,VEL3D
CE07SHSM-MFD35-01-VEL3DD000,number_beams_per_cell,number_beams_per_cell,,,,1,CE07SHSM,MFD35,VEL3D
CE07SHSM-MFD35-01-VEL3DD000,number_pings_diagnostic,number_pings_diagnostic,,,,1,CE07SHSM,MFD35,VEL3D
CE07SHSM-MFD35-01-VEL3DD000,use_dsp_filter,use_dsp_filter,,,,1,CE07SHSM,MFD35,VEL3D
CE07SHSM-MFD35-01-VEL3DD000,filter_data_output,filter_data_output,,,,1,CE07SHSM,MFD35,VEL3D
CE07SHSM-MFD35-01-VEL3DD000,analog_input_address,analog_input_address,,,,1,CE07SHSM,MFD35,VEL3D
CE07SHSM-MFD35-01-VEL3DD000,software_version,software_version,,,,1,CE07SHSM,MFD35,VEL3D
CE07SHSM-MFD35-01-VEL3DD000,velocity_adjustment_factor,velocity_adjustment_factor,,,,1,CE07SHSM,MFD35,VEL3D
CE07SHSM-MFD35-01-VEL3DD000,file_comments,file_comments,,,,1,CE07SHSM,MFD35,VEL3D
CE07SHSM-MFD35-01-VEL3DD000,wave_data_rate,wave_data_rate,,,,Hz,CE07SHSM,MFD35,VEL3D
CE07SHSM-MFD35-01-VEL3DD000,wave_cell_position,wave_cell_position,,,,1,CE07SHSM,MFD35,VEL3D
CE07SHSM-MFD35-01-VEL3DD000,dynamic_position_type,dynamic_position_type,,,,1,CE07SHSM,MFD35,VEL3D
CE07SHSM-MFD35-01-VEL3DD000,percent_wave_cell_position,percent_wave_cell_position,,,,1,CE07SHSM,MFD35,VEL3D
CE07SHSM-MFD35-01-VEL3DD000,wave_transmit_pulse,wave_transmit_pulse,,,,1,CE07SHSM,MFD35,VEL3D
CE07SHSM-MFD35-01-VEL3DD000,fixed_wave_blanking_distance,fixed_wave_blanking_distance,,,,counts,CE07SHSM,MFD35,VEL3D
CE07SHSM-MFD35-01-VEL3DD000,wave_measurement_cell_size,wave_measurement_cell_size,,,,m,CE07SHSM,MFD35,VEL3D
CE07SHSM-MFD35-01-VEL3DD000,number_diagnostics_per_wave,number_diagnostics_per_wave,,,,1,CE07SHSM,MFD35,VEL3D
CE07SHSM-MFD35-01-VEL3DD000,number_samples_per_burst,number_samples_per_burst,,,,1,CE07SHSM,MFD35,VEL3D
CE07SHSM-MFD35-01-VEL3DD000,analog_scale_factor,analog_scale_factor,,,,1,CE07SHSM,MFD35,VEL3D
CE07SHSM-MFD35-01-VEL3DD000,correlation_threshold,correlation_threshold,,,,1,CE07SHSM,MFD35,VEL3D
CE07SHSM-MFD35-01-VEL3DD000,filter_constants,filter_constants,,,,1,CE07SHSM,MFD35,VEL3D
CE07SHSM-MFD35-01-VEL3DD000,analog_input_2,analog_input_2,,,,1,CE07SHSM,MFD35,VEL3D
CE07SHSM-MFD35-01-VEL3DD000,ensemble_counter,ensemble_counter,,,,1,CE07SHSM,MFD35,VEL3D
CE07SHSM-MFD35-01-VEL3DD000,analog_input_1,analog_input_1,,,,1,CE07SHSM,MFD35,VEL3D
CE07SHSM-MFD35-01-VEL3DD000,turbulent_velocity_east,turbulent_velocity_east,,,L0,mm s-1,CE07SHSM,MFD35,VEL3D
CE07SHSM-MFD35-01-VEL3DD000,turbulent_velocity_north,turbulent_velocity_north,,,L0,mm s-1,CE07SHSM,MFD35,VEL3D
CE07SHSM-MFD35-01-VEL3DD000,turbulent_velocity_vertical,turbulent_velocity_vertical,,,L0,mm s-1,CE07SHSM,MFD35,VEL3D
CE07SHSM-MFD35-01-VEL3DD000,amplitude_beam_1,amplitude_beam_1,,,AUX,counts,CE07SHSM,MFD35,VEL3D
CE07SHSM-MFD35-01-VEL3DD000,amplitude_beam_2,amplitude_beam_2,,,AUX,counts,CE07SHSM,MFD35,VEL3D
CE07SHSM-MFD35-01-VEL3DD000,amplitude_beam_3,amplitude_beam_3,,,AUX,counts,CE07SHSM,MFD35,VEL3D
CE07SHSM-MFD35-01-VEL3DD000,correlation_beam_1,correlation_beam_1,,,AUX,1,CE07SHSM,MFD35,VEL3D
CE07SHSM-MFD35-01-VEL3DD000,correlation_beam_2,correlation_beam_2,,,AUX,1,CE07SHSM,MFD35,VEL3D
CE07SHSM-MFD35-01-VEL3DD000,correlation_beam_3,correlation_beam_3,,,AUX,1,CE07SHSM,MFD35,VEL3D
CE07SHSM-MFD35-01-VEL3DD000,speed_of_sound,speed_of_sound,,,AUX,m s-1,CE07SHSM,MFD35,VEL3D
CE07SHSM-MFD35-01-VEL3DD000,error_code,error_code,,,,1,CE07SHSM,MFD35,VEL3D
CE07SHSM-MFD35-01-VEL3DD000,status_code,status_code,,,,1,CE07SHSM,MFD35,VEL3D
CE07SHSM-MFD35-01-VEL3DD000,analog_input,analog_input,,,,1,CE07SHSM,MFD35,VEL3D
CE07SHSM-MFD35-01-VEL3DD000,number_velocity_records,number_velocity_records,,,,1,CE07SHSM,MFD35,VEL3D
CE07SHSM-MFD35-01-VEL3DD000,noise_amp_beam1,noise_amp_beam1,,,,counts,CE07SHSM,MFD35,VEL3D
CE07SHSM-MFD35-01-VEL3DD000,noise_amp_beam2,noise_amp_beam2,,,,counts,CE07SHSM,MFD35,VEL3D
CE07SHSM-MFD35-01-VEL3DD000,noise_amp_beam3,noise_amp_beam3,,,,counts,CE07SHSM,MFD35,VEL3D
CE07SHSM-MFD35-01-VEL3DD000,noise_correlation_beam1,noise_correlation_beam1,,,,1,CE07SHSM,MFD35,VEL3D
CE07SHSM-MFD35-01-VEL3DD000,noise_correlation_beam2,noise_correlation_beam2,,,,1,CE07SHSM,MFD35,VEL3D
CE07SHSM-MFD35-01-VEL3DD000,noise_correlation_beam3,noise_correlation_beam3,,,,1,CE07SHSM,MFD35,VEL3D
CE07SHSM-MFD35-01-VEL3DD000,time,time,,,ENG,seconds since 1900-01-01,CE07SHSM,MFD35,VEL3D
CE07SHSM-MFD35-01-VEL3DD000,ingestion_timestamp,ingestion_timestamp,,,ENG,seconds since 1900-01-01,CE07SHSM,MFD35,VEL3D
CE07SHSM-MFD35-01-VEL3DD000,date_time_string,date_time_string,,,,1,CE07SHSM,MFD35,VEL3D
CE07SHSM-MFD35-02-PRESFB000,driver_timestamp,driver_timestamp,,,ENG,seconds since 1900-01-01,CE07SHSM,MFD35,PRESF
CE07SHSM-MFD35-02-PRESFB000,internal_timestamp,internal_timestamp,,,ENG,seconds since 1900-01-01,CE07SHSM,MFD35,PRESF
CE07SHSM-MFD35-02-PRESFB000,preferred_timestamp,preferred_timestamp,,,ENG,1,CE07SHSM,MFD35,PRESF
CE07SHSM-MFD35-02-PRESFB000,dcl_controller_timestamp,dcl_controller_timestamp,,,ENG,1,CE07SHSM,MFD35,PRESF
CE07SHSM-MFD35-02-PRESFB000,pressure_temp,pressure_temp,,,AUX,deg_C,CE07SHSM,MFD35,PRESF
CE07SHSM-MFD35-02-PRESFB000,abs_seafloor_pressure,abs_seafloor_pressure,0,6000,L1,dbar,CE07SHSM,MFD35,PRESF
CE07SHSM-MFD35-02-PRESFB000,time,time,,,ENG,seconds since 1900-01-01,CE07SHSM,MFD35,PRESF
CE07SHSM-MFD35-02-PRESFB000,seawater_temperature,seawater_temperature,,,AUX,deg_C,CE07SHSM,MFD35,PRESF
CE07SHSM-MFD35-02-PRESFB000,ingestion_timestamp,ingestion_timestamp,,,ENG,seconds since 1900-01-01,CE07SHSM,MFD35,PRESF
CE07SHSM-MFD35-02-PRESFB000,date_time_string,date_time_string,,,,1,CE07SHSM,MFD35,PRESF
CE07SHSM-MFD35-02-PRESFB000,absolute_pressure,absolute_pressure,,,L0,psi,CE07SHSM,MFD35,PRESF
CE07SHSM-MFD35-04-ADCPTC000,bin_depths,bin_depths,,,,m,CE07SHSM,MFD35,ADCPT
CE07SHSM-MFD35-04-ADCPTC000,driver_timestamp,driver_timestamp,,,ENG,seconds since 1900-01-01,CE07SHSM,MFD35,ADCPT
CE07SHSM-MFD35-04-ADCPTC000,ensemble_start_time_2,ensemble_start_time_2,,,,seconds since 1900-01-01,CE07SHSM,MFD35,ADCPT
CE07SHSM-MFD35-04-ADCPTC000,real_time_clock_2,real_time_clock_2,,,,1,CE07SHSM,MFD35,ADCPT
CE07SHSM-MFD35-04-ADCPTC000,internal_timestamp,internal_timestamp,,,ENG,seconds since 1900-01-01,CE07SHSM,MFD35,ADCPT
CE07SHSM-MFD35-04-ADCPTC000,preferred_timestamp,preferred_timestamp,,,ENG,1,CE07SHSM,MFD35,ADCPT
CE07SHSM-MFD35-04-ADCPTC000,sensor_available_speed,sensor_available_speed,,,,1,CE07SHSM,MFD35,ADCPT
CE07SHSM-MFD35-04-ADCPTC000,sysconfig_beam_angle,sysconfig_beam_angle,,,,1,CE07SHSM,MFD35,ADCPT
CE07SHSM-MFD35-04-ADCPTC000,sysconfig_beam_config,sysconfig_beam_config,,,,1,CE07SHSM,MFD35,ADCPT
CE07SHSM-MFD35-04-ADCPTC000,adcps_jln_upward_seawater_velocity2,adcps_jln_upward_seawater_velocity2,-1,1,L1,m s-1,CE07SHSM,MFD35,ADCPT
CE07SHSM-MFD35-04-ADCPTC000,adcps_jln_error_velocity2,adcps_jln_error_velocity2,-1,1,L1,m s-1,CE07SHSM,MFD35,ADCPT
CE07SHSM-MFD35-04-ADCPTC000,dcl_controller_timestamp,dcl_controller_timestamp,,,ENG,1,CE07SHSM,MFD35,ADCPT
CE07SHSM-MFD35-04-ADCPTC000,adcps_jln_echo_intensity_beam1,adcps_jln_echo_intensity_beam1,0,255,L1,dB,CE07SHSM,MFD35,ADCPT
CE07SHSM-MFD35-04-ADCPTC000,adcps_jln_echo_intensity_beam2,adcps_jln_echo_intensity_beam2,0,255,L1,dB,CE07SHSM,MFD35,ADCPT
CE07SHSM-MFD35-04-ADCPTC000,adcps_jln_echo_intensity_beam3,adcps_jln_echo_intensity_beam3,0,255,L1,dB,CE07SHSM,MFD35,ADCPT
CE07SHSM-MFD35-04-ADCPTC000,adcps_jln_echo_intensity_beam4,adcps_jln_echo_intensity_beam4,0,255,L1,dB,CE07SHSM,MFD35,ADCPT
CE07SHSM-MFD35-04-ADCPTC000,dcl_controller_starting_timestamp,dcl_controller_starting_timestamp,,,,1,CE07SHSM,MFD35,ADCPT
CE07SHSM-MFD35-04-ADCPTC000,corrected_echo_intensity_beam1,corrected_echo_intensity_beam1,0,255,L1,dB,CE07SHSM,MFD35,ADCPT
CE07SHSM-MFD35-04-ADCPTC000,corrected_echo_intensity_beam2,corrected_echo_intensity_beam2,0,255,L1,dB,CE07SHSM,MFD35,ADCPT
CE07SHSM-MFD35-04-ADCPTC000,corrected_echo_intensity_beam3,corrected_echo_intensity_beam3,0,255,L1,dB,CE07SHSM,MFD35,ADCPT
CE07SHSM-MFD35-04-ADCPTC000,corrected_echo_intensity_beam4,corrected_echo_intensity_beam4,0,255,L1,dB,CE07SHSM,MFD35,ADCPT
CE07SHSM-MFD35-04-ADCPTC000,adcpt_acfgm_dcl_eastward_earth_seawater_velocity,adcpt_acfgm_dcl_eastward_earth_seawater_velocity,-3,3,L1,m s-1,CE07SHSM,MFD35,ADCPT
CE07SHSM-MFD35-04-ADCPTC000,adcpt_acfgm_dcl_northward_earth_seawater_velocity,adcpt_acfgm_dcl_northward_earth_seawater_velocity,-3,3,L1,m s-1,CE07SHSM,MFD35,ADCPT
CE07SHSM-MFD35-04-ADCPTC000,serial_number,serial_number,,,ENG,1,CE07SHSM,MFD35,ADCPT
CE07SHSM-MFD35-04-ADCPTC000,adcps_jln_recovered_eastward_seawater_velocity,adcps_jln_recovered_eastward_seawater_velocity,-3,3,L1,m s-1,CE07SHSM,MFD35,ADCPT
CE07SHSM-MFD35-04-ADCPTC000,adcps_jln_recovered_northward_seawater_velocity,adcps_jln_recovered_northward_seawater_velocity,-3,3,L1,m s-1,CE07SHSM,MFD35,ADCPT
CE07SHSM-MFD35-04-ADCPTC000,firmware_version,firmware_version,,,,1,CE07SHSM,MFD35,ADCPT
CE07SHSM-MFD35-04-ADCPTC000,firmware_revision,firmware_revision,,,,1,CE07SHSM,MFD35,ADCPT
CE07SHSM-MFD35-04-ADCPTC000,sysconfig_frequency,sysconfig_frequency,,,,kHz,CE07SHSM,MFD35,ADCPT
CE07SHSM-MFD35-04-ADCPTC000,sysconfig_beam_pattern,sysconfig_beam_pattern,,,,1,CE07SHSM,MFD35,ADCPT
CE07SHSM-MFD35-04-ADCPTC000,sysconfig_sensor_config,sysconfig_sensor_config,,,,1,CE07SHSM,MFD35,ADCPT
CE07SHSM-MFD35-04-ADCPTC000,sysconfig_head_attached,sysconfig_head_attached,,,,1,CE07SHSM,MFD35,ADCPT
CE07SHSM-MFD35-04-ADCPTC000,sysconfig_vertical_orientation,sysconfig_vertical_orientation,,,,1,CE07SHSM,MFD35,ADCPT
CE07SHSM-MFD35-04-ADCPTC000,data_flag,data_flag,,,,1,CE07SHSM,MFD35,ADCPT
CE07SHSM-MFD35-04-ADCPTC000,lag_length,lag_length,,,,s,CE07SHSM,MFD35,ADCPT
CE07SHSM-MFD35-04-ADCPTC000,num_beams,num_beams,,,,1,CE07SHSM,MFD35,ADCPT
CE07SHSM-MFD35-04-ADCPTC000,num_cells,num_cells,,,,1,CE07SHSM,MFD35,ADCPT
CE07SHSM-MFD35-04-ADCPTC000,pings_per_ensemble,pings_per_ensemble,,,,1,CE07SHSM,MFD35,ADCPT
CE07SHSM-MFD35-04-ADCPTC000,cell_length,cell_length,,,,cm,CE07SHSM,MFD35,ADCPT
CE07SHSM-MFD35-04-ADCPTC000,blank_after_transmit,blank_after_transmit,,,,cm,CE07SHSM,MFD35,ADCPT
CE07SHSM-MFD35-04-ADCPTC000,signal_processing_mode,signal_processing_mode,,,,1,CE07SHSM,MFD35,ADCPT
CE07SHSM-MFD35-04-ADCPTC000,low_corr_threshold,low_corr_threshold,,,,counts,CE07SHSM,MFD35,ADCPT
CE07SHSM-MFD35-04-ADCPTC000,num_code_repetitions,num_code_repetitions,,,,counts,CE07SHSM,MFD35,ADCPT
CE07SHSM-MFD35-04-ADCPTC000,percent_good_min,percent_good_min,,,,percent,CE07SHSM,MFD35,ADCPT
CE07SHSM-MFD35-04-ADCPTC000,error_vel_threshold,error_vel_threshold,,,,mm s-1,CE07SHSM,MFD35,ADCPT
CE07SHSM-MFD35-04-ADCPTC000,time_per_ping_minutes,time_per_ping_minutes,,,,min,CE07SHSM,MFD35,ADCPT
CE07SHSM-MFD35-04-ADCPTC000,time_per_ping_seconds,time_per_ping_seconds,,,,s,CE07SHSM,MFD35,ADCPT
CE07SHSM-MFD35-04-ADCPTC000,coord_transform_type,coord_transform_type,,,,1,CE07SHSM,MFD35,ADCPT
CE07SHSM-MFD35-04-ADCPTC000,coord_transform_tilts,coord_transform_tilts,,,,1,CE07SHSM,MFD35,ADCPT
CE07SHSM-MFD35-04-ADCPTC000,coord_transform_beams,coord_transform_beams,,,,1,CE07SHSM,MFD35,ADCPT
CE07SHSM-MFD35-04-ADCPTC000,coord_transform_mapping,coord_transform_mapping,,,,1,CE07SHSM,MFD35,ADCPT
CE07SHSM-MFD35-04-ADCPTC000,heading_alignment,heading_alignment,,,,cdegrees,CE07SHSM,MFD35,ADCPT
CE07SHSM-MFD35-04-ADCPTC000,heading_bias,heading_bias,,,,cdegrees,CE07SHSM,MFD35,ADCPT
CE07SHSM-MFD35-04-ADCPTC000,sensor_source_speed,sensor_source_speed,,,,1,CE07SHSM,MFD35,ADCPT
CE07SHSM-MFD35-04-ADCPTC000,sensor_source_depth,sensor_source_depth,,,,1,CE07SHSM,MFD35,ADCPT
CE07SHSM-MFD35-04-ADCPTC000,sensor_source_heading,sensor_source_heading,,,,1,CE07SHSM,MFD35,ADCPT
CE07SHSM-MFD35-04-ADCPTC000,sensor_source_pitch,sensor_source_pitch,,,,1,CE07SHSM,MFD35,ADCPT
CE07SHSM-MFD35-04-ADCPTC000,sensor_source_roll,sensor_source_roll,,,,1,CE07SHSM,MFD35,ADCPT
CE07SHSM-MFD35-04-ADCPTC000,sensor_source_conductivity,sensor_source_conductivity,,,,1,CE07SHSM,MFD35,ADCPT
CE07SHSM-MFD35-04-ADCPTC000,sensor_source_temperature,sensor_source_temperature,,,,1,CE07SHSM,MFD35,ADCPT
CE07SHSM-MFD35-04-ADCPTC000,sensor_available_depth,sensor_available_depth,,,,1,CE07SHSM,MFD35,ADCPT
CE07SHSM-MFD35-04-ADCPTC000,sensor_available_heading,sensor_available_heading,,,,1,CE07SHSM,MFD35,ADCPT
CE07SHSM-MFD35-04-ADCPTC000,sensor_available_pitch,sensor_available_pitch,,,,1,CE07SHSM,MFD35,ADCPT
CE07SHSM-MFD35-04-ADCPTC000,sensor_available_roll,sensor_available_roll,,,,1,CE07SHSM,MFD35,ADCPT
CE07SHSM-MFD35-04-ADCPTC000,sensor_available_conductivity,sensor_available_conductivity,,,,1,CE07SHSM,MFD35,ADCPT
CE07SHSM-MFD35-04-ADCPTC000,sensor_available_temperature,sensor_available_temperature,,,,1,CE07SHSM,MFD35,ADCPT
CE07SHSM-MFD35-04-ADCPTC000,bin_1_distance,bin_1_distance,,,,cm,CE07SHSM,MFD35,ADCPT
CE07SHSM-MFD35-04-ADCPTC000,transmit_pulse_length,transmit_pulse_length,,,,cm,CE07SHSM,MFD35,ADCPT
CE07SHSM-MFD35-04-ADCPTC000,reference_layer_start,reference_layer_start,,,,1,CE07SHSM,MFD35,ADCPT
CE07SHSM-MFD35-04-ADCPTC000,reference_layer_stop,reference_layer_stop,,,,1,CE07SHSM,MFD35,ADCPT
CE07SHSM-MFD35-04-ADCPTC000,false_target_threshold,false_target_threshold,,,,counts,CE07SHSM,MFD35,ADCPT
CE07SHSM-MFD35-04-ADCPTC000,low_latency_trigger,low_latency_trigger,,,,1,CE07SHSM,MFD35,ADCPT
CE07SHSM-MFD35-04-ADCPTC000,transmit_lag_distance,transmit_lag_distance,,,,cm,CE07SHSM,MFD35,ADCPT
CE07SHSM-MFD35-04-ADCPTC000,cpu_board_serial_number,cpu_board_serial_number,,,,1,CE07SHSM,MFD35,ADCPT
CE07SHSM-MFD35-04-ADCPTC000,system_bandwidth,system_bandwidth,,,,1,CE07SHSM,MFD35,ADCPT
CE07SHSM-MFD35-04-ADCPTC000,system_power,system_power,,,,1,CE07SHSM,MFD35,ADCPT
CE07SHSM-MFD35-04-ADCPTC000,beam_angle,beam_angle,,,,degrees,CE07SHSM,MFD35,ADCPT
CE07SHSM-MFD35-04-ADCPTC000,ensemble_number,ensemble_number,,,,1,CE07SHSM,MFD35,ADCPT
CE07SHSM-MFD35-04-ADCPTC000,ensemble_number_increment,ensemble_number_increment,,,,1,CE07SHSM,MFD35,ADCPT
CE07SHSM-MFD35-04-ADCPTC000,bit_result_demod_1,bit_result_demod_1,,,,1,CE07SHSM,MFD35,ADCPT
CE07SHSM-MFD35-04-ADCPTC000,bit_result_demod_0,bit_result_demod_0,,,,1,CE07SHSM,MFD35,ADCPT
CE07SHSM-MFD35-04-ADCPTC000,bit_result_timing,bit_result_timing,,,,1,CE07SHSM,MFD35,ADCPT
CE07SHSM-MFD35-04-ADCPTC000,speed_of_sound,speed_of_sound,,,,m s-1,CE07SHSM,MFD35,ADCPT
CE07SHSM-MFD35-04-ADCPTC000,transducer_depth,transducer_depth,,,,dm,CE07SHSM,MFD35,ADCPT
CE07SHSM-MFD35-04-ADCPTC000,heading,heading,,,,cdegrees,CE07SHSM,MFD35,ADCPT
CE07SHSM-MFD35-04-ADCPTC000,pitch,pitch,,,,cdegrees,CE07SHSM,MFD35,ADCPT
CE07SHSM-MFD35-04-ADCPTC000,roll,roll,,,,cdegrees,CE07SHSM,MFD35,ADCPT
CE07SHSM-MFD35-04-ADCPTC000,salinity,salinity,,,,1,CE07SHSM,MFD35,ADCPT
CE07SHSM-MFD35-04-ADCPTC000,temperature,temperature,,,,cdeg_C,CE07SHSM,MFD35,ADCPT
CE07SHSM-MFD35-04-ADCPTC000,mpt_minutes,mpt_minutes,,,,min,CE07SHSM,MFD35,ADCPT
CE07SHSM-MFD35-04-ADCPTC000,mpt_seconds,mpt_seconds,,,,s,CE07SHSM,MFD35,ADCPT
CE07SHSM-MFD35-04-ADCPTC000,heading_stdev,heading_stdev,,,,degrees,CE07SHSM,MFD35,ADCPT
CE07SHSM-MFD35-04-ADCPTC000,pitch_stdev,pitch_stdev,,,,ddegrees,CE07SHSM,MFD35,ADCPT
CE07SHSM-MFD35-04-ADCPTC000,roll_stdev,roll_stdev,,,,ddegrees,CE07SHSM,MFD35,ADCPT
CE07SHSM-MFD35-04-ADCPTC000,adc_transmit_current,adc_transmit_current,,,,counts,CE07SHSM,MFD35,ADCPT
CE07SHSM-MFD35-04-ADCPTC000,adc_transmit_voltage,adc_transmit_voltage,,,,counts,CE07SHSM,MFD35,ADCPT
CE07SHSM-MFD35-04-ADCPTC000,adc_ambient_temp,adc_ambient_temp,,,,counts,CE07SHSM,MFD35,ADCPT
CE07SHSM-MFD35-04-ADCPTC000,adc_pressure_plus,adc_pressure_plus,,,,counts,CE07SHSM,MFD35,ADCPT
CE07SHSM-MFD35-04-ADCPTC000,adc_pressure_minus,adc_pressure_minus,,,,counts,CE07SHSM,MFD35,ADCPT
CE07SHSM-MFD35-04-ADCPTC000,adc_attitude_temp,adc_attitude_temp,,,,counts,CE07SHSM,MFD35,ADCPT
CE07SHSM-MFD35-04-ADCPTC000,adc_attitude,adc_attitude,,,,counts,CE07SHSM,MFD35,ADCPT
CE07SHSM-MFD35-04-ADCPTC000,adc_contamination_sensor,adc_contamination_sensor,,,,counts,CE07SHSM,MFD35,ADCPT
CE07SHSM-MFD35-04-ADCPTC000,bus_error_exception,bus_error_exception,,,,1,CE07SHSM,MFD35,ADCPT
CE07SHSM-MFD35-04-ADCPTC000,address_error_exception,address_error_exception,,,,1,CE07SHSM,MFD35,ADCPT
CE07SHSM-MFD35-04-ADCPTC000,illegal_instruction_exception,illegal_instruction_exception,,,,1,CE07SHSM,MFD35,ADCPT
CE07SHSM-MFD35-04-ADCPTC000,zero_divide_instruction,zero_divide_instruction,,,,1,CE07SHSM,MFD35,ADCPT
CE07SHSM-MFD35-04-ADCPTC000,emulator_exception,emulator_exception,,,,1,CE07SHSM,MFD35,ADCPT
CE07SHSM-MFD35-04-ADCPTC000,unassigned_exception,unassigned_exception,,,,1,CE07SHSM,MFD35,ADCPT
CE07SHSM-MFD35-04-ADCPTC000,watchdog_restart_occurred,watchdog_restart_occurred,,,,1,CE07SHSM,MFD35,ADCPT
CE07SHSM-MFD35-04-ADCPTC000,battery_saver_power,battery_saver_power,,,,1,CE07SHSM,MFD35,ADCPT
CE07SHSM-MFD35-04-ADCPTC000,pinging,pinging,,,,1,CE07SHSM,MFD35,ADCPT
CE07SHSM-MFD35-04-ADCPTC000,cold_wakeup_occurred,cold_wakeup_occurred,,,,1,CE07SHSM,MFD35,ADCPT
CE07SHSM-MFD35-04-ADCPTC000,time,time,,,ENG,seconds since 1900-01-01,CE07SHSM,MFD35,ADCPT
CE07SHSM-MFD35-04-ADCPTC000,unknown_wakeup_occurred,unknown_wakeup_occurred,,,,1,CE07SHSM,MFD35,ADCPT
CE07SHSM-MFD35-04-ADCPTC000,clock_read_error,clock_read_error,,,,1,CE07SHSM,MFD35,ADCPT
CE07SHSM-MFD35-04-ADCPTC000,unexpected_alarm,unexpected_alarm,,,,1,CE07SHSM,MFD35,ADCPT
CE07SHSM-MFD35-04-ADCPTC000,clock_jump_forward,clock_jump_forward,,,,1,CE07SHSM,MFD35,ADCPT
CE07SHSM-MFD35-04-ADCPTC000,clock_jump_backward,clock_jump_backward,,,,1,CE07SHSM,MFD35,ADCPT
CE07SHSM-MFD35-04-ADCPTC000,power_fail,power_fail,,,,1,CE07SHSM,MFD35,ADCPT
CE07SHSM-MFD35-04-ADCPTC000,spurious_dsp_interrupt,spurious_dsp_interrupt,,,,1,CE07SHSM,MFD35,ADCPT
CE07SHSM-MFD35-04-ADCPTC000,spurious_uart_interrupt,spurious_uart_interrupt,,,,1,CE07SHSM,MFD35,ADCPT
CE07SHSM-MFD35-04-ADCPTC000,spurious_clock_interrupt,spurious_clock_interrupt,,,,1,CE07SHSM,MFD35,ADCPT
CE07SHSM-MFD35-04-ADCPTC000,level_7_interrupt,level_7_interrupt,,,,1,CE07SHSM,MFD35,ADCPT
CE07SHSM-MFD35-04-ADCPTC000,pressure,pressure,,,,daPa,CE07SHSM,MFD35,ADCPT
CE07SHSM-MFD35-04-ADCPTC000,pressure_variance,pressure_variance,,,,daPa,CE07SHSM,MFD35,ADCPT
CE07SHSM-MFD35-04-ADCPTC000,water_velocity_east,water_velocity_east,,,L0,mm s-1,CE07SHSM,MFD35,ADCPT
CE07SHSM-MFD35-04-ADCPTC000,water_velocity_north,water_velocity_north,,,L0,mm s-1,CE07SHSM,MFD35,ADCPT
CE07SHSM-MFD35-04-ADCPTC000,water_velocity_up,water_velocity_up,,,L0,mm s-1,CE07SHSM,MFD35,ADCPT
CE07SHSM-MFD35-04-ADCPTC000,error_velocity,error_velocity,,,L0,mm s-1,CE07SHSM,MFD35,ADCPT
CE07SHSM-MFD35-04-ADCPTC000,correlation_magnitude_beam1,correlation_magnitude_beam1,,,,1,CE07SHSM,MFD35,ADCPT
CE07SHSM-MFD35-04-ADCPTC000,correlation_magnitude_beam2,correlation_magnitude_beam2,,,,1,CE07SHSM,MFD35,ADCPT
CE07SHSM-MFD35-04-ADCPTC000,correlation_magnitude_beam3,correlation_magnitude_beam3,,,,1,CE07SHSM,MFD35,ADCPT
CE07SHSM-MFD35-04-ADCPTC000,correlation_magnitude_beam4,correlation_magnitude_beam4,,,,1,CE07SHSM,MFD35,ADCPT
CE07SHSM-MFD35-04-ADCPTC000,echo_intensity_beam1,echo_intensity_beam1,,,L0,counts,CE07SHSM,MFD35,ADCPT
CE07SHSM-MFD35-04-ADCPTC000,echo_intensity_beam2,echo_intensity_beam2,,,L0,counts,CE07SHSM,MFD35,ADCPT
CE07SHSM-MFD35-04-ADCPTC000,echo_intensity_beam3,echo_intensity_beam3,,,L0,counts,CE07SHSM,MFD35,ADCPT
CE07SHSM-MFD35-04-ADCPTC000,echo_intensity_beam4,echo_intensity_beam4,,,L0,counts,CE07SHSM,MFD35,ADCPT
CE07SHSM-MFD35-04-ADCPTC000,percent_good_3beam,percent_good_3beam,,,,percent,CE07SHSM,MFD35,ADCPT
CE07SHSM-MFD35-04-ADCPTC000,percent_transforms_reject,percent_transforms_reject,,,,percent,CE07SHSM,MFD35,ADCPT
CE07SHSM-MFD35-04-ADCPTC000,percent_bad_beams,percent_bad_beams,,,,percent,CE07SHSM,MFD35,ADCPT
CE07SHSM-MFD35-04-ADCPTC000,percent_good_4beam,percent_good_4beam,,,,percent,CE07SHSM,MFD35,ADCPT
CE07SHSM-MFD35-04-ADCPTC000,ensemble_start_time,ensemble_start_time,,,,seconds since 1900-01-01,CE07SHSM,MFD35,ADCPT
CE07SHSM-MFD35-04-ADCPTC000,ingestion_timestamp,ingestion_timestamp,,,ENG,seconds since 1900-01-01,CE07SHSM,MFD35,ADCPT
CE07SHSM-MFD35-04-ADCPTC000,real_time_clock,real_time_clock,,,,1,CE07SHSM,MFD35,ADCPT
CE07SHSM-MFD35-04-ADCPTC000,upward_earth_seawater_velocity,upward_earth_seawater_velocity,-1,1,L1,m s-1,CE07SHSM,MFD35,ADCPT
CE07SHSM-MFD35-04-ADCPTC000,earth_error_velocity,earth_error_velocity,-1,1,L1,m s-1,CE07SHSM,MFD35,ADCPT
CE07SHSM-MFD35-05-PCO2WB000,driver_timestamp,driver_timestamp,,,ENG,seconds since 1900-01-01,CE07SHSM,MFD35,PCO2W
CE07SHSM-MFD35-05-PCO2WB000,external_device2_fault,external_device2_fault,,,,1,CE07SHSM,MFD35,PCO2W
CE07SHSM-MFD35-05-PCO2WB000,external_device3_fault,external_device3_fault,,,,1,CE07SHSM,MFD35,PCO2W
CE07SHSM-MFD35-05-PCO2WB000,num_data_records,num_data_records,,,,1,CE07SHSM,MFD35,PCO2W
CE07SHSM-MFD35-05-PCO2WB000,num_error_records,num_error_records,,,,1,CE07SHSM,MFD35,PCO2W
CE07SHSM-MFD35-05-PCO2WB000,num_bytes_stored,num_bytes_stored,,,,bytes,CE07SHSM,MFD35,PCO2W
CE07SHSM-MFD35-05-PCO2WB000,internal_timestamp,internal_timestamp,,,ENG,seconds since 1900-01-01,CE07SHSM,MFD35,PCO2W
CE07SHSM-MFD35-05-PCO2WB000,preferred_timestamp,preferred_timestamp,,,ENG,1,CE07SHSM,MFD35,PCO2W
CE07SHSM-MFD35-05-PCO2WB000,passed_checksum,passed_checksum,,,ENG,1,CE07SHSM,MFD35,PCO2W
CE07SHSM-MFD35-05-PCO2WB000,dcl_controller_timestamp,dcl_controller_timestamp,,,ENG,1,CE07SHSM,MFD35,PCO2W
CE07SHSM-MFD35-05-PCO2WB000,blank_light_measurements,blank_light_measurements,,,,counts,CE07SHSM,MFD35,PCO2W
CE07SHSM-MFD35-05-PCO2WB000,battery_low_blank,battery_low_blank,,,,1,CE07SHSM,MFD35,PCO2W
CE07SHSM-MFD35-05-PCO2WB000,unique_id,unique_id,,,,1,CE07SHSM,MFD35,PCO2W
CE07SHSM-MFD35-05-PCO2WB000,record_type,record_type,,,,1,CE07SHSM,MFD35,PCO2W
CE07SHSM-MFD35-05-PCO2WB000,record_time,record_time,,,,seconds since 1904-01-01,CE07SHSM,MFD35,PCO2W
CE07SHSM-MFD35-05-PCO2WB000,light_measurements,light_measurements,,,,counts,CE07SHSM,MFD35,PCO2W
CE07SHSM-MFD35-05-PCO2WB000,voltage_battery,voltage_battery,,,,counts,CE07SHSM,MFD35,PCO2W
CE07SHSM-MFD35-05-PCO2WB000,thermistor_raw,thermistor_raw,,,L0,V,CE07SHSM,MFD35,PCO2W
CE07SHSM-MFD35-05-PCO2WB000,clock_active,clock_active,,,,1,CE07SHSM,MFD35,PCO2W
CE07SHSM-MFD35-05-PCO2WB000,recording_active,recording_active,,,,1,CE07SHSM,MFD35,PCO2W
CE07SHSM-MFD35-05-PCO2WB000,record_end_on_time,record_end_on_time,,,,1,CE07SHSM,MFD35,PCO2W
CE07SHSM-MFD35-05-PCO2WB000,record_memory_full,record_memory_full,,,,1,CE07SHSM,MFD35,PCO2W
CE07SHSM-MFD35-05-PCO2WB000,record_end_on_error,record_end_on_error,,,,1,CE07SHSM,MFD35,PCO2W
CE07SHSM-MFD35-05-PCO2WB000,data_download_ok,data_download_ok,,,,1,CE07SHSM,MFD35,PCO2W
CE07SHSM-MFD35-05-PCO2WB000,flash_memory_open,flash_memory_open,,,,1,CE07SHSM,MFD35,PCO2W
CE07SHSM-MFD35-05-PCO2WB000,battery_low_prestart,battery_low_prestart,,,,1,CE07SHSM,MFD35,PCO2W
CE07SHSM-MFD35-05-PCO2WB000,battery_low_measurement,battery_low_measurement,,,,1,CE07SHSM,MFD35,PCO2W
CE07SHSM-MFD35-05-PCO2WB000,battery_low_external,battery_low_external,,,,1,CE07SHSM,MFD35,PCO2W
CE07SHSM-MFD35-05-PCO2WB000,external_device1_fault,external_device1_fault,,,,1,CE07SHSM,MFD35,PCO2W
CE07SHSM-MFD35-05-PCO2WB000,flash_erased,flash_erased,,,,1,CE07SHSM,MFD35,PCO2W
CE07SHSM-MFD35-05-PCO2WB000,power_on_invalid,power_on_invalid,,,,1,CE07SHSM,MFD35,PCO2W
CE07SHSM-MFD35-05-PCO2WB000,time,time,,,ENG,seconds since 1900-01-01,CE07SHSM,MFD35,PCO2W
CE07SHSM-MFD35-05-PCO2WB000,ingestion_timestamp,ingestion_timestamp,,,ENG,seconds since 1900-01-01,CE07SHSM,MFD35,PCO2W
CE07SHSM-MFD35-05-PCO2WB000,absorbance_ratio_434,absorbance_ratio_434,0,100000,L0,counts,CE07SHSM,MFD35,PCO2W
CE07SHSM-MFD35-05-PCO2WB000,absorbance_ratio_620,absorbance_ratio_620,0,100000,L0,counts,CE07SHSM,MFD35,PCO2W
CE07SHSM-MFD35-05-PCO2WB000,absorbance_blank_434,absorbance_blank_434,,,L0,1,CE07SHSM,MFD35,PCO2W
CE07SHSM-MFD35-05-PCO2WB000,absorbance_blank_620,absorbance_blank_620,,,L0,1,CE07SHSM,MFD35,PCO2W
CE07SHSM-MFD35-05-PCO2WB000,pco2w_thermistor_temperature,pco2w_thermistor_temperature,-2,40,,deg_C,CE07SHSM,MFD35,PCO2W
CE07SHSM-MFD35-05-PCO2WB000,pco2_seawater,pco2_seawater,100,600,L1,uatm,CE07SHSM,MFD35,PCO2W
CE07SHSM-MFD35-06-PHSEND000,driver_timestamp,driver_timestamp,,,ENG,seconds since 1900-01-01,CE07SHSM,MFD35,PHSEN
CE07SHSM-MFD35-06-PHSEND000,external_device2_fault,external_device2_fault,,,,1,CE07SHSM,MFD35,PHSEN
CE07SHSM-MFD35-06-PHSEND000,external_device3_fault,external_device3_fault,,,,1,CE07SHSM,MFD35,PHSEN
CE07SHSM-MFD35-06-PHSEND000,num_data_records,num_data_records,,,,1,CE07SHSM,MFD35,PHSEN
CE07SHSM-MFD35-06-PHSEND000,num_error_records,num_error_records,,,,1,CE07SHSM,MFD35,PHSEN
CE07SHSM-MFD35-06-PHSEND000,num_bytes_stored,num_bytes_stored,,,,bytes,CE07SHSM,MFD35,PHSEN
CE07SHSM-MFD35-06-PHSEND000,internal_timestamp,internal_timestamp,,,ENG,seconds since 1900-01-01,CE07SHSM,MFD35,PHSEN
CE07SHSM-MFD35-06-PHSEND000,preferred_timestamp,preferred_timestamp,,,ENG,1,CE07SHSM,MFD35,PHSEN
CE07SHSM-MFD35-06-PHSEND000,passed_checksum,passed_checksum,,,ENG,1,CE07SHSM,MFD35,PHSEN
CE07SHSM-MFD35-06-PHSEND000,dcl_controller_timestamp,dcl_controller_timestamp,,,ENG,1,CE07SHSM,MFD35,PHSEN
CE07SHSM-MFD35-06-PHSEND000,phsen_abcdef_ph_seawater,phsen_abcdef_ph_seawater,7.3,8.5,L1,(unitless),CE07SHSM,MFD35,PHSEN
CE07SHSM-MFD35-06-PHSEND000,battery_low_blank,battery_low_blank,,,,1,CE07SHSM,MFD35,PHSEN
CE07SHSM-MFD35-06-PHSEND000,unique_id,unique_id,,,,1,CE07SHSM,MFD35,PHSEN
CE07SHSM-MFD35-06-PHSEND000,record_type,record_type,,,,1,CE07SHSM,MFD35,PHSEN
CE07SHSM-MFD35-06-PHSEND000,record_time,record_time,,,,seconds since 1904-01-01,CE07SHSM,MFD35,PHSEN
CE07SHSM-MFD35-06-PHSEND000,light_measurements,light_measurements,,,,counts,CE07SHSM,MFD35,PHSEN
CE07SHSM-MFD35-06-PHSEND000,voltage_battery,voltage_battery,,,,counts,CE07SHSM,MFD35,PHSEN
CE07SHSM-MFD35-06-PHSEND000,clock_active,clock_active,,,,1,CE07SHSM,MFD35,PHSEN
CE07SHSM-MFD35-06-PHSEND000,recording_active,recording_active,,,,1,CE07SHSM,MFD35,PHSEN
CE07SHSM-MFD35-06-PHSEND000,record_end_on_time,record_end_on_time,,,,1,CE07SHSM,MFD35,PHSEN
CE07SHSM-MFD35-06-PHSEND000,record_memory_full,record_memory_full,,,,1,CE07SHSM,MFD35,PHSEN
CE07SHSM-MFD35-06-PHSEND000,phsen_abcdef_signal_intensity_434,phsen_abcdef_signal_intensity_434,,,L0,counts,CE07SHSM,MFD35,PHSEN
CE07SHSM-MFD35-06-PHSEND000,phsen_abcdef_signal_intensity_578,phsen_abcdef_signal_intensity_578,,,L0,counts,CE07SHSM,MFD35,PHSEN
CE07SHSM-MFD35-06-PHSEND000,record_end_on_error,record_end_on_error,,,,1,CE07SHSM,MFD35,PHSEN
CE07SHSM-MFD35-06-PHSEND000,data_download_ok,data_download_ok,,,,1,CE07SHSM,MFD35,PHSEN
CE07SHSM-MFD35-06-PHSEND000,flash_memory_open,flash_memory_open,,,,1,CE07SHSM,MFD35,PHSEN
CE07SHSM-MFD35-06-PHSEND000,battery_low_prestart,battery_low_prestart,,,,1,CE07SHSM,MFD35,PHSEN
CE07SHSM-MFD35-06-PHSEND000,battery_low_measurement,battery_low_measurement,,,,1,CE07SHSM,MFD35,PHSEN
CE07SHSM-MFD35-06-PHSEND000,battery_low_external,battery_low_external,,,,1,CE07SHSM,MFD35,PHSEN
CE07SHSM-MFD35-06-PHSEND000,external_device1_fault,external_device1_fault,,,,1,CE07SHSM,MFD35,PHSEN
CE07SHSM-MFD35-06-PHSEND000,flash_erased,flash_erased,,,,1,CE07SHSM,MFD35,PHSEN
CE07SHSM-MFD35-06-PHSEND000,power_on_invalid,power_on_invalid,,,,1,CE07SHSM,MFD35,PHSEN
CE07SHSM-MFD35-06-PHSEND000,time,time,,,ENG,seconds since 1900-01-01,CE07SHSM,MFD35,PHSEN
CE07SHSM-MFD35-06-PHSEND000,ingestion_timestamp,ingestion_timestamp,,,ENG,seconds since 1900-01-01,CE07SHSM,MFD35,PHSEN
CE07SHSM-MFD35-06-PHSEND000,thermistor_start,thermistor_start,,,,counts,CE07SHSM,MFD35,PHSEN
CE07SHSM-MFD35-06-PHSEND000,reference_light_measurements,reference_light_measurements,,,,counts,CE07SHSM,MFD35,PHSEN
CE07SHSM-MFD35-06-PHSEND000,thermistor_end,thermistor_end,,,,counts,CE07SHSM,MFD35,PHSEN
CE07SHSM-MFD35-06-PHSEND000,phsen_thermistor_temperature,phsen_thermistor_temperature,,,L0,V,CE07SHSM,MFD35,PHSEN
CE07SHSM-MFD37-01-OPTAAD000,driver_timestamp,driver_timestamp,,,ENG,seconds since 1900-01-01,CE07SHSM,MFD37,OPTAA
CE07SHSM-MFD37-01-OPTAAD000,internal_timestamp,internal_timestamp,,,ENG,seconds since 1900-01-01,CE07SHSM,MFD37,OPTAA
CE07SHSM-MFD37-01-OPTAAD000,preferred_timestamp,preferred_timestamp,,,ENG,1,CE07SHSM,MFD37,OPTAA
CE07SHSM-MFD37-01-OPTAAD000,start_date,start_date,,,,1,CE07SHSM,MFD37,OPTAA
CE07SHSM-MFD37-01-OPTAAD000,serial_number,serial_number,,,ENG,1,CE07SHSM,MFD37,OPTAA
CE07SHSM-MFD37-01-OPTAAD000,optaa_dj_dcl_beam_attenuation,optaa_dj_dcl_beam_attenuation,0,100,L2,m-1,CE07SHSM,MFD37,OPTAA
CE07SHSM-MFD37-01-OPTAAD000,optaa_dj_dcl_optical_absorption,optaa_dj_dcl_optical_absorption,0,100,L2,m-1,CE07SHSM,MFD37,OPTAA
CE07SHSM-MFD37-01-OPTAAD000,packet_type,packet_type,,,,1,CE07SHSM,MFD37,OPTAA
CE07SHSM-MFD37-01-OPTAAD000,meter_type,meter_type,,,,1,CE07SHSM,MFD37,OPTAA
CE07SHSM-MFD37-01-OPTAAD000,a_reference_dark_counts,a_reference_dark_counts,,,,counts,CE07SHSM,MFD37,OPTAA
CE07SHSM-MFD37-01-OPTAAD000,pressure_counts,pressure_counts,,,,counts,CE07SHSM,MFD37,OPTAA
CE07SHSM-MFD37-01-OPTAAD000,a_signal_dark_counts,a_signal_dark_counts,,,,counts,CE07SHSM,MFD37,OPTAA
CE07SHSM-MFD37-01-OPTAAD000,external_temp_raw,external_temp_raw,,,,counts,CE07SHSM,MFD37,OPTAA
CE07SHSM-MFD37-01-OPTAAD000,internal_temp_raw,internal_temp_raw,,,L0,counts,CE07SHSM,MFD37,OPTAA
CE07SHSM-MFD37-01-OPTAAD000,c_reference_dark_counts,c_reference_dark_counts,,,,counts,CE07SHSM,MFD37,OPTAA
CE07SHSM-MFD37-01-OPTAAD000,c_signal_dark_counts,c_signal_dark_counts,,,,counts,CE07SHSM,MFD37,OPTAA
CE07SHSM-MFD37-01-OPTAAD000,elapsed_run_time,elapsed_run_time,,,,ms,CE07SHSM,MFD37,OPTAA
CE07SHSM-MFD37-01-OPTAAD000,num_wavelengths,num_wavelengths,,,,1,CE07SHSM,MFD37,OPTAA
CE07SHSM-MFD37-01-OPTAAD000,c_reference_counts,c_reference_counts,,,L0,counts,CE07SHSM,MFD37,OPTAA
CE07SHSM-MFD37-01-OPTAAD000,a_reference_counts,a_reference_counts,,,L0,counts,CE07SHSM,MFD37,OPTAA
CE07SHSM-MFD37-01-OPTAAD000,c_signal_counts,c_signal_counts,,,L0,counts,CE07SHSM,MFD37,OPTAA
CE07SHSM-MFD37-01-OPTAAD000,a_signal_counts,a_signal_counts,,,L0,counts,CE07SHSM,MFD37,OPTAA
CE07SHSM-MFD37-01-OPTAAD000,time,time,,,ENG,seconds since 1900-01-01,CE07SHSM,MFD37,OPTAA
CE07SHSM-MFD37-01-OPTAAD000,ingestion_timestamp,ingestion_timestamp,,,ENG,seconds since 1900-01-01,CE07SHSM,MFD37,OPTAA
CE07SHSM-MFD37-03-CTDBPC000,conductivity,conductivity,0,6,L1,S m-1,CE07SHSM,MFD37,CTDBP
CE07SHSM-MFD37-03-CTDBPC000,driver_timestamp,driver_timestamp,,,ENG,seconds since 1900-01-01,CE07SHSM,MFD37,CTDBP
CE07SHSM-MFD37-03-CTDBPC000,internal_timestamp,internal_timestamp,,,ENG,seconds since 1900-01-01,CE07SHSM,MFD37,CTDBP
CE07SHSM-MFD37-03-CTDBPC000,preferred_timestamp,preferred_timestamp,,,ENG,1,CE07SHSM,MFD37,CTDBP
CE07SHSM-MFD37-03-CTDBPC000,temperature,temperature,,,L0,counts,CE07SHSM,MFD37,CTDBP
CE07SHSM-MFD37-03-CTDBPC000,conductivity,conductivity,,,L0,counts,CE07SHSM,MFD37,CTDBP
CE07SHSM-MFD37-03-CTDBPC000,pressure,pressure,,,L0,counts,CE07SHSM,MFD37,CTDBP
CE07SHSM-MFD37-03-CTDBPC000,pressure_temp,pressure_temp,,,L0,counts,CE07SHSM,MFD37,CTDBP
CE07SHSM-MFD37-03-CTDBPC000,ctd_time,ctd_time,,,ENG,seconds since 2000-01-01,CE07SHSM,MFD37,CTDBP
CE07SHSM-MFD37-03-CTDBPC000,pressure,pressure,0,6000,L1,dbar,CE07SHSM,MFD37,CTDBP
CE07SHSM-MFD37-03-CTDBPC000,dcl_controller_timestamp,dcl_controller_timestamp,,,ENG,1,CE07SHSM,MFD37,CTDBP
CE07SHSM-MFD37-03-CTDBPC000,ctdbp_seawater_temperature,ctdbp_seawater_temperature,-2,40,L1,deg_C,CE07SHSM,MFD37,CTDBP
CE07SHSM-MFD37-03-CTDBPC000,ctdbp_seawater_pressure,ctdbp_seawater_pressure,0,6000,L1,dbar,CE07SHSM,MFD37,CTDBP
CE07SHSM-MFD37-03-CTDBPC000,ctdbp_seawater_conductivity,ctdbp_seawater_conductivity,0,6,L1,S m-1,CE07SHSM,MFD37,CTDBP
CE07SHSM-MFD37-03-CTDBPC000,ctdbp_practical_salinity,ctdbp_practical_salinity,0,42,L2,1,CE07SHSM,MFD37,CTDBP
CE07SHSM-MFD37-03-CTDBPC000,ctdbp_seawater_density,ctdbp_seawater_density,1000,1100,L2,kg m-3,CE07SHSM,MFD37,CTDBP
CE07SHSM-MFD37-03-CTDBPC000,ctdbp_cdef_dcl_ce_density,ctdbp_cdef_dcl_ce_density,1000,1100,L2,kg m-3,CE07SHSM,MFD37,CTDBP
CE07SHSM-MFD37-03-CTDBPC000,temp,temp,-2,40,L1,deg_C,CE07SHSM,MFD37,CTDBP
CE07SHSM-MFD37-03-CTDBPC000,time,time,,,ENG,seconds since 1900-01-01,CE07SHSM,MFD37,CTDBP
CE07SHSM-MFD37-03-CTDBPC000,ingestion_timestamp,ingestion_timestamp,,,ENG,seconds since 1900-01-01,CE07SHSM,MFD37,CTDBP
CE07SHSM-MFD37-03-CTDBPC000,salinity,salinity,0,42,L2,(unitless),CE07SHSM,MFD37,CTDBP
CE07SHSM-MFD37-03-CTDBPC000,date_time_string,date_time_string,,,,1,CE07SHSM,MFD37,CTDBP
CE07SHSM-MFD37-04-DOSTAD000,product_number,product_number,,,,1,CE07SHSM,MFD37,DOSTA
CE07SHSM-MFD37-04-DOSTAD000,driver_timestamp,driver_timestamp,,,ENG,seconds since 1900-01-01,CE07SHSM,MFD37,DOSTA
CE07SHSM-MFD37-04-DOSTAD000,internal_timestamp,internal_timestamp,,,ENG,seconds since 1900-01-01,CE07SHSM,MFD37,DOSTA
CE07SHSM-MFD37-04-DOSTAD000,preferred_timestamp,preferred_timestamp,,,ENG,1,CE07SHSM,MFD37,DOSTA
CE07SHSM-MFD37-04-DOSTAD000,dcl_controller_timestamp,dcl_controller_timestamp,,,ENG,1,CE07SHSM,MFD37,DOSTA
CE07SHSM-MFD37-04-DOSTAD000,dosta_abcdjm_cspp_tc_oxygen,dosta_abcdjm_cspp_tc_oxygen,0,400,L1,umol L-1,CE07SHSM,MFD37,DOSTA
CE07SHSM-MFD37-04-DOSTAD000,serial_number,serial_number,,,ENG,1,CE07SHSM,MFD37,DOSTA
CE07SHSM-MFD37-04-DOSTAD000,dosta_abcdjm_dcl_abs_oxygen,dosta_abcdjm_dcl_abs_oxygen,0,400,L2,umol kg-1,CE07SHSM,MFD37,DOSTA
CE07SHSM-MFD37-04-DOSTAD000,dosta_abcdjm_dcl_metbk_abs_oxygen,dosta_abcdjm_dcl_metbk_abs_oxygen,0,400,L2,umol kg-1,CE07SHSM,MFD37,DOSTA
CE07SHSM-MFD37-04-DOSTAD000,dosta_abcdjm_dcl_ctdbp_abs_oxygen,dosta_abcdjm_dcl_ctdbp_abs_oxygen,0,400,L2,umol kg-1,CE07SHSM,MFD37,DOSTA
CE07SHSM-MFD37-04-DOSTAD000,time,time,,,ENG,seconds since 1900-01-01,CE07SHSM,MFD37,DOSTA
CE07SHSM-MFD37-04-DOSTAD000,ingestion_timestamp,ingestion_timestamp,,,ENG,seconds since 1900-01-01,CE07SHSM,MFD37,DOSTA
CE07SHSM-MFD37-04-DOSTAD000,estimated_oxygen_concentration,estimated_oxygen_concentration,0,400,L1,umol L-1,CE07SHSM,MFD37,DOSTA
CE07SHSM-MFD37-04-DOSTAD000,estimated_oxygen_saturation,estimated_oxygen_saturation,0,110,L1,percent,CE07SHSM,MFD37,DOSTA
CE07SHSM-MFD37-04-DOSTAD000,optode_temperature,optode_temperature,-2,40,,deg_C,CE07SHSM,MFD37,DOSTA
CE07SHSM-MFD37-04-DOSTAD000,calibrated_phase,calibrated_phase,,,L0,degrees,CE07SHSM,MFD37,DOSTA
CE07SHSM-MFD37-04-DOSTAD000,temp_compensated_phase,temp_compensated_phase,,,,degrees,CE07SHSM,MFD37,DOSTA
CE07SHSM-MFD37-04-DOSTAD000,blue_phase,blue_phase,,,,degrees,CE07SHSM,MFD37,DOSTA
CE07SHSM-MFD37-04-DOSTAD000,red_phase,red_phase,,,,degrees,CE07SHSM,MFD37,DOSTA
CE07SHSM-MFD37-04-DOSTAD000,blue_amplitude,blue_amplitude,,,,mV,CE07SHSM,MFD37,DOSTA
CE07SHSM-MFD37-04-DOSTAD000,red_amplitude,red_amplitude,,,,mV,CE07SHSM,MFD37,DOSTA
CE07SHSM-MFD37-04-DOSTAD000,raw_temperature,raw_temperature,,,,mV,CE07SHSM,MFD37,DOSTA
CE07SHSM-MFD37-06-CAMDSA000,Still in development,Still in development,,,,,CE07SHSM,MFD37,CAMDS
CE07SHSM-MFD37-07-ZPLSCC000,serial_number,serial_number,,,ENG,1,CE07SHSM,MFD37,ZPLSC
CE07SHSM-MFD37-07-ZPLSCC000,zplsc_c_transmission_timestamp,zplsc_c_transmission_timestamp,,,,1,CE07SHSM,MFD37,ZPLSC
CE07SHSM-MFD37-07-ZPLSCC000,zplsc_c_phase,zplsc_c_phase,,,,1,CE07SHSM,MFD37,ZPLSC
CE07SHSM-MFD37-07-ZPLSCC000,zplsc_c_number_of_frequencies,zplsc_c_number_of_frequencies,,,,1,CE07SHSM,MFD37,ZPLSC
CE07SHSM-MFD37-07-ZPLSCC000,zplsc_c_number_of_bins_frequency_1,zplsc_c_number_of_bins_frequency_1,,,,1,CE07SHSM,MFD37,ZPLSC
CE07SHSM-MFD37-07-ZPLSCC000,zplsc_c_number_of_bins_frequency_2,zplsc_c_number_of_bins_frequency_2,,,,1,CE07SHSM,MFD37,ZPLSC
CE07SHSM-MFD37-07-ZPLSCC000,zplsc_c_number_of_bins_frequency_3,zplsc_c_number_of_bins_frequency_3,,,,1,CE07SHSM,MFD37,ZPLSC
CE07SHSM-MFD37-07-ZPLSCC000,zplsc_c_number_of_bins_frequency_4,zplsc_c_number_of_bins_frequency_4,,,,1,CE07SHSM,MFD37,ZPLSC
CE07SHSM-MFD37-07-ZPLSCC000,zplsc_c_min_value_channel_1,zplsc_c_min_value_channel_1,,,,counts,CE07SHSM,MFD37,ZPLSC
CE07SHSM-MFD37-07-ZPLSCC000,zplsc_c_min_value_channel_2,zplsc_c_min_value_channel_2,,,,counts,CE07SHSM,MFD37,ZPLSC
CE07SHSM-MFD37-07-ZPLSCC000,zplsc_c_min_value_channel_3,zplsc_c_min_value_channel_3,,,,counts,CE07SHSM,MFD37,ZPLSC
CE07SHSM-MFD37-07-ZPLSCC000,zplsc_c_min_value_channel_4,zplsc_c_min_value_channel_4,,,,counts,CE07SHSM,MFD37,ZPLSC
CE07SHSM-MFD37-07-ZPLSCC000,zplsc_c_date_of_burst,zplsc_c_date_of_burst,,,,1,CE07SHSM,MFD37,ZPLSC
CE07SHSM-MFD37-07-ZPLSCC000,zplsc_c_tilt_x,zplsc_c_tilt_x,,,,deg,CE07SHSM,MFD37,ZPLSC
CE07SHSM-MFD37-07-ZPLSCC000,zplsc_c_tilt_y,zplsc_c_tilt_y,,,,deg,CE07SHSM,MFD37,ZPLSC
CE07SHSM-MFD37-07-ZPLSCC000,zplsc_c_battery_voltage,zplsc_c_battery_voltage,,,,volt,CE07SHSM,MFD37,ZPLSC
CE07SHSM-MFD37-07-ZPLSCC000,zplsc_c_temperature,zplsc_c_temperature,,,,degC,CE07SHSM,MFD37,ZPLSC
CE07SHSM-MFD37-07-ZPLSCC000,zplsc_c_pressure,zplsc_c_pressure,,,,dbar,CE07SHSM,MFD37,ZPLSC
CE07SHSM-MFD37-07-ZPLSCC000,zplsc_c_board_number_channel_1,zplsc_c_board_number_channel_1,,,,1,CE07SHSM,MFD37,ZPLSC
CE07SHSM-MFD37-07-ZPLSCC000,zplsc_c_frequency_channel_1,zplsc_c_frequency_channel_1,,,,kHz,CE07SHSM,MFD37,ZPLSC
CE07SHSM-MFD37-07-ZPLSCC000,zplsc_c_values_channel_1,zplsc_c_values_channel_1,,,,counts,CE07SHSM,MFD37,ZPLSC
CE07SHSM-MFD37-07-ZPLSCC000,zplsc_c_board_number_channel_2,zplsc_c_board_number_channel_2,,,,1,CE07SHSM,MFD37,ZPLSC
CE07SHSM-MFD37-07-ZPLSCC000,zplsc_c_frequency_channel_2,zplsc_c_frequency_channel_2,,,,kHz,CE07SHSM,MFD37,ZPLSC
CE07SHSM-MFD37-07-ZPLSCC000,zplsc_c_values_channel_2,zplsc_c_values_channel_2,,,,counts,CE07SHSM,MFD37,ZPLSC
CE07SHSM-MFD37-07-ZPLSCC000,zplsc_c_board_number_channel_3,zplsc_c_board_number_channel_3,,,,1,CE07SHSM,MFD37,ZPLSC
CE07SHSM-MFD37-07-ZPLSCC000,zplsc_c_frequency_channel_3,zplsc_c_frequency_channel_3,,,,kHz,CE07SHSM,MFD37,ZPLSC
CE07SHSM-MFD37-07-ZPLSCC000,zplsc_c_values_channel_3,zplsc_c_values_channel_3,,,,counts,CE07SHSM,MFD37,ZPLSC
CE07SHSM-MFD37-07-ZPLSCC000,zplsc_c_board_number_channel_4,zplsc_c_board_number_channel_4,,,,1,CE07SHSM,MFD37,ZPLSC
CE07SHSM-MFD37-07-ZPLSCC000,zplsc_c_frequency_channel_4,zplsc_c_frequency_channel_4,,,,kHz,CE07SHSM,MFD37,ZPLSC
CE07SHSM-MFD37-07-ZPLSCC000,zplsc_c_values_channel_4,zplsc_c_values_channel_4,,,,counts,CE07SHSM,MFD37,ZPLSC
CE07SHSM-MFD37-07-ZPLSCC000,time,time,,,ENG,seconds since 1900-01-01,CE07SHSM,MFD37,ZPLSC
CE07SHSM-MFD37-07-ZPLSCC000,burst_number,burst_number,,,,1,CE07SHSM,MFD37,ZPLSC
CE07SHSM-RID26-01-ADCPTA000,bin_depths,bin_depths,,,,m,CE07SHSM,RID26,ADCPT
CE07SHSM-RID26-01-ADCPTA000,driver_timestamp,driver_timestamp,,,ENG,seconds since 1900-01-01,CE07SHSM,RID26,ADCPT
CE07SHSM-RID26-01-ADCPTA000,ensemble_start_time_2,ensemble_start_time_2,,,,seconds since 1900-01-01,CE07SHSM,RID26,ADCPT
CE07SHSM-RID26-01-ADCPTA000,real_time_clock_2,real_time_clock_2,,,,1,CE07SHSM,RID26,ADCPT
CE07SHSM-RID26-01-ADCPTA000,internal_timestamp,internal_timestamp,,,ENG,seconds since 1900-01-01,CE07SHSM,RID26,ADCPT
CE07SHSM-RID26-01-ADCPTA000,preferred_timestamp,preferred_timestamp,,,ENG,1,CE07SHSM,RID26,ADCPT
CE07SHSM-RID26-01-ADCPTA000,sensor_available_speed,sensor_available_speed,,,,1,CE07SHSM,RID26,ADCPT
CE07SHSM-RID26-01-ADCPTA000,sysconfig_beam_angle,sysconfig_beam_angle,,,,1,CE07SHSM,RID26,ADCPT
CE07SHSM-RID26-01-ADCPTA000,sysconfig_beam_config,sysconfig_beam_config,,,,1,CE07SHSM,RID26,ADCPT
CE07SHSM-RID26-01-ADCPTA000,adcps_jln_upward_seawater_velocity2,adcps_jln_upward_seawater_velocity2,-1,1,L1,m s-1,CE07SHSM,RID26,ADCPT
CE07SHSM-RID26-01-ADCPTA000,adcps_jln_error_velocity2,adcps_jln_error_velocity2,-1,1,L1,m s-1,CE07SHSM,RID26,ADCPT
CE07SHSM-RID26-01-ADCPTA000,dcl_controller_timestamp,dcl_controller_timestamp,,,ENG,1,CE07SHSM,RID26,ADCPT
CE07SHSM-RID26-01-ADCPTA000,adcps_jln_echo_intensity_beam1,adcps_jln_echo_intensity_beam1,0,255,L1,dB,CE07SHSM,RID26,ADCPT
CE07SHSM-RID26-01-ADCPTA000,adcps_jln_echo_intensity_beam2,adcps_jln_echo_intensity_beam2,0,255,L1,dB,CE07SHSM,RID26,ADCPT
CE07SHSM-RID26-01-ADCPTA000,adcps_jln_echo_intensity_beam3,adcps_jln_echo_intensity_beam3,0,255,L1,dB,CE07SHSM,RID26,ADCPT
CE07SHSM-RID26-01-ADCPTA000,adcps_jln_echo_intensity_beam4,adcps_jln_echo_intensity_beam4,0,255,L1,dB,CE07SHSM,RID26,ADCPT
CE07SHSM-RID26-01-ADCPTA000,dcl_controller_starting_timestamp,dcl_controller_starting_timestamp,,,,1,CE07SHSM,RID26,ADCPT
CE07SHSM-RID26-01-ADCPTA000,corrected_echo_intensity_beam1,corrected_echo_intensity_beam1,0,255,L1,dB,CE07SHSM,RID26,ADCPT
CE07SHSM-RID26-01-ADCPTA000,corrected_echo_intensity_beam2,corrected_echo_intensity_beam2,0,255,L1,dB,CE07SHSM,RID26,ADCPT
CE07SHSM-RID26-01-ADCPTA000,corrected_echo_intensity_beam3,corrected_echo_intensity_beam3,0,255,L1,dB,CE07SHSM,RID26,ADCPT
CE07SHSM-RID26-01-ADCPTA000,corrected_echo_intensity_beam4,corrected_echo_intensity_beam4,0,255,L1,dB,CE07SHSM,RID26,ADCPT
CE07SHSM-RID26-01-ADCPTA000,adcpt_acfgm_dcl_eastward_earth_seawater_velocity,adcpt_acfgm_dcl_eastward_earth_seawater_velocity,-3,3,L1,m s-1,CE07SHSM,RID26,ADCPT
CE07SHSM-RID26-01-ADCPTA000,adcpt_acfgm_dcl_northward_earth_seawater_velocity,adcpt_acfgm_dcl_northward_earth_seawater_velocity,-3,3,L1,m s-1,CE07SHSM,RID26,ADCPT
CE07SHSM-RID26-01-ADCPTA000,serial_number,serial_number,,,ENG,1,CE07SHSM,RID26,ADCPT
CE07SHSM-RID26-01-ADCPTA000,adcps_jln_recovered_eastward_seawater_velocity,adcps_jln_recovered_eastward_seawater_velocity,-3,3,L1,m s-1,CE07SHSM,RID26,ADCPT
CE07SHSM-RID26-01-ADCPTA000,adcps_jln_recovered_northward_seawater_velocity,adcps_jln_recovered_northward_seawater_velocity,-3,3,L1,m s-1,CE07SHSM,RID26,ADCPT
CE07SHSM-RID26-01-ADCPTA000,firmware_version,firmware_version,,,,1,CE07SHSM,RID26,ADCPT
CE07SHSM-RID26-01-ADCPTA000,firmware_revision,firmware_revision,,,,1,CE07SHSM,RID26,ADCPT
CE07SHSM-RID26-01-ADCPTA000,sysconfig_frequency,sysconfig_frequency,,,,kHz,CE07SHSM,RID26,ADCPT
CE07SHSM-RID26-01-ADCPTA000,sysconfig_beam_pattern,sysconfig_beam_pattern,,,,1,CE07SHSM,RID26,ADCPT
CE07SHSM-RID26-01-ADCPTA000,sysconfig_sensor_config,sysconfig_sensor_config,,,,1,CE07SHSM,RID26,ADCPT
CE07SHSM-RID26-01-ADCPTA000,sysconfig_head_attached,sysconfig_head_attached,,,,1,CE07SHSM,RID26,ADCPT
CE07SHSM-RID26-01-ADCPTA000,sysconfig_vertical_orientation,sysconfig_vertical_orientation,,,,1,CE07SHSM,RID26,ADCPT
CE07SHSM-RID26-01-ADCPTA000,data_flag,data_flag,,,,1,CE07SHSM,RID26,ADCPT
CE07SHSM-RID26-01-ADCPTA000,lag_length,lag_length,,,,s,CE07SHSM,RID26,ADCPT
CE07SHSM-RID26-01-ADCPTA000,num_beams,num_beams,,,,1,CE07SHSM,RID26,ADCPT
CE07SHSM-RID26-01-ADCPTA000,num_cells,num_cells,,,,1,CE07SHSM,RID26,ADCPT
CE07SHSM-RID26-01-ADCPTA000,pings_per_ensemble,pings_per_ensemble,,,,1,CE07SHSM,RID26,ADCPT
CE07SHSM-RID26-01-ADCPTA000,cell_length,cell_length,,,,cm,CE07SHSM,RID26,ADCPT
CE07SHSM-RID26-01-ADCPTA000,blank_after_transmit,blank_after_transmit,,,,cm,CE07SHSM,RID26,ADCPT
CE07SHSM-RID26-01-ADCPTA000,signal_processing_mode,signal_processing_mode,,,,1,CE07SHSM,RID26,ADCPT
CE07SHSM-RID26-01-ADCPTA000,low_corr_threshold,low_corr_threshold,,,,counts,CE07SHSM,RID26,ADCPT
CE07SHSM-RID26-01-ADCPTA000,num_code_repetitions,num_code_repetitions,,,,counts,CE07SHSM,RID26,ADCPT
CE07SHSM-RID26-01-ADCPTA000,percent_good_min,percent_good_min,,,,percent,CE07SHSM,RID26,ADCPT
CE07SHSM-RID26-01-ADCPTA000,error_vel_threshold,error_vel_threshold,,,,mm s-1,CE07SHSM,RID26,ADCPT
CE07SHSM-RID26-01-ADCPTA000,time_per_ping_minutes,time_per_ping_minutes,,,,min,CE07SHSM,RID26,ADCPT
CE07SHSM-RID26-01-ADCPTA000,time_per_ping_seconds,time_per_ping_seconds,,,,s,CE07SHSM,RID26,ADCPT
CE07SHSM-RID26-01-ADCPTA000,coord_transform_type,coord_transform_type,,,,1,CE07SHSM,RID26,ADCPT
CE07SHSM-RID26-01-ADCPTA000,coord_transform_tilts,coord_transform_tilts,,,,1,CE07SHSM,RID26,ADCPT
CE07SHSM-RID26-01-ADCPTA000,coord_transform_beams,coord_transform_beams,,,,1,CE07SHSM,RID26,ADCPT
CE07SHSM-RID26-01-ADCPTA000,coord_transform_mapping,coord_transform_mapping,,,,1,CE07SHSM,RID26,ADCPT
CE07SHSM-RID26-01-ADCPTA000,heading_alignment,heading_alignment,,,,cdegrees,CE07SHSM,RID26,ADCPT
CE07SHSM-RID26-01-ADCPTA000,heading_bias,heading_bias,,,,cdegrees,CE07SHSM,RID26,ADCPT
CE07SHSM-RID26-01-ADCPTA000,sensor_source_speed,sensor_source_speed,,,,1,CE07SHSM,RID26,ADCPT
CE07SHSM-RID26-01-ADCPTA000,sensor_source_depth,sensor_source_depth,,,,1,CE07SHSM,RID26,ADCPT
CE07SHSM-RID26-01-ADCPTA000,sensor_source_heading,sensor_source_heading,,,,1,CE07SHSM,RID26,ADCPT
CE07SHSM-RID26-01-ADCPTA000,sensor_source_pitch,sensor_source_pitch,,,,1,CE07SHSM,RID26,ADCPT
CE07SHSM-RID26-01-ADCPTA000,sensor_source_roll,sensor_source_roll,,,,1,CE07SHSM,RID26,ADCPT
CE07SHSM-RID26-01-ADCPTA000,sensor_source_conductivity,sensor_source_conductivity,,,,1,CE07SHSM,RID26,ADCPT
CE07SHSM-RID26-01-ADCPTA000,sensor_source_temperature,sensor_source_temperature,,,,1,CE07SHSM,RID26,ADCPT
CE07SHSM-RID26-01-ADCPTA000,sensor_available_depth,sensor_available_depth,,,,1,CE07SHSM,RID26,ADCPT
CE07SHSM-RID26-01-ADCPTA000,sensor_available_heading,sensor_available_heading,,,,1,CE07SHSM,RID26,ADCPT
CE07SHSM-RID26-01-ADCPTA000,sensor_available_pitch,sensor_available_pitch,,,,1,CE07SHSM,RID26,ADCPT
CE07SHSM-RID26-01-ADCPTA000,sensor_available_roll,sensor_available_roll,,,,1,CE07SHSM,RID26,ADCPT
CE07SHSM-RID26-01-ADCPTA000,sensor_available_conductivity,sensor_available_conductivity,,,,1,CE07SHSM,RID26,ADCPT
CE07SHSM-RID26-01-ADCPTA000,sensor_available_temperature,sensor_available_temperature,,,,1,CE07SHSM,RID26,ADCPT
CE07SHSM-RID26-01-ADCPTA000,bin_1_distance,bin_1_distance,,,,cm,CE07SHSM,RID26,ADCPT
CE07SHSM-RID26-01-ADCPTA000,transmit_pulse_length,transmit_pulse_length,,,,cm,CE07SHSM,RID26,ADCPT
CE07SHSM-RID26-01-ADCPTA000,reference_layer_start,reference_layer_start,,,,1,CE07SHSM,RID26,ADCPT
CE07SHSM-RID26-01-ADCPTA000,reference_layer_stop,reference_layer_stop,,,,1,CE07SHSM,RID26,ADCPT
CE07SHSM-RID26-01-ADCPTA000,false_target_threshold,false_target_threshold,,,,counts,CE07SHSM,RID26,ADCPT
CE07SHSM-RID26-01-ADCPTA000,low_latency_trigger,low_latency_trigger,,,,1,CE07SHSM,RID26,ADCPT
CE07SHSM-RID26-01-ADCPTA000,transmit_lag_distance,transmit_lag_distance,,,,cm,CE07SHSM,RID26,ADCPT
CE07SHSM-RID26-01-ADCPTA000,cpu_board_serial_number,cpu_board_serial_number,,,,1,CE07SHSM,RID26,ADCPT
CE07SHSM-RID26-01-ADCPTA000,system_bandwidth,system_bandwidth,,,,1,CE07SHSM,RID26,ADCPT
CE07SHSM-RID26-01-ADCPTA000,system_power,system_power,,,,1,CE07SHSM,RID26,ADCPT
CE07SHSM-RID26-01-ADCPTA000,beam_angle,beam_angle,,,,degrees,CE07SHSM,RID26,ADCPT
CE07SHSM-RID26-01-ADCPTA000,ensemble_number,ensemble_number,,,,1,CE07SHSM,RID26,ADCPT
CE07SHSM-RID26-01-ADCPTA000,ensemble_number_increment,ensemble_number_increment,,,,1,CE07SHSM,RID26,ADCPT
CE07SHSM-RID26-01-ADCPTA000,bit_result_demod_1,bit_result_demod_1,,,,1,CE07SHSM,RID26,ADCPT
CE07SHSM-RID26-01-ADCPTA000,bit_result_demod_0,bit_result_demod_0,,,,1,CE07SHSM,RID26,ADCPT
CE07SHSM-RID26-01-ADCPTA000,bit_result_timing,bit_result_timing,,,,1,CE07SHSM,RID26,ADCPT
CE07SHSM-RID26-01-ADCPTA000,speed_of_sound,speed_of_sound,,,,m s-1,CE07SHSM,RID26,ADCPT
CE07SHSM-RID26-01-ADCPTA000,transducer_depth,transducer_depth,,,,dm,CE07SHSM,RID26,ADCPT
CE07SHSM-RID26-01-ADCPTA000,heading,heading,,,,cdegrees,CE07SHSM,RID26,ADCPT
CE07SHSM-RID26-01-ADCPTA000,pitch,pitch,,,,cdegrees,CE07SHSM,RID26,ADCPT
CE07SHSM-RID26-01-ADCPTA000,roll,roll,,,,cdegrees,CE07SHSM,RID26,ADCPT
CE07SHSM-RID26-01-ADCPTA000,salinity,salinity,,,,1,CE07SHSM,RID26,ADCPT
CE07SHSM-RID26-01-ADCPTA000,temperature,temperature,,,,cdeg_C,CE07SHSM,RID26,ADCPT
CE07SHSM-RID26-01-ADCPTA000,mpt_minutes,mpt_minutes,,,,min,CE07SHSM,RID26,ADCPT
CE07SHSM-RID26-01-ADCPTA000,mpt_seconds,mpt_seconds,,,,s,CE07SHSM,RID26,ADCPT
CE07SHSM-RID26-01-ADCPTA000,heading_stdev,heading_stdev,,,,degrees,CE07SHSM,RID26,ADCPT
CE07SHSM-RID26-01-ADCPTA000,pitch_stdev,pitch_stdev,,,,ddegrees,CE07SHSM,RID26,ADCPT
CE07SHSM-RID26-01-ADCPTA000,roll_stdev,roll_stdev,,,,ddegrees,CE07SHSM,RID26,ADCPT
CE07SHSM-RID26-01-ADCPTA000,adc_transmit_current,adc_transmit_current,,,,counts,CE07SHSM,RID26,ADCPT
CE07SHSM-RID26-01-ADCPTA000,adc_transmit_voltage,adc_transmit_voltage,,,,counts,CE07SHSM,RID26,ADCPT
CE07SHSM-RID26-01-ADCPTA000,adc_ambient_temp,adc_ambient_temp,,,,counts,CE07SHSM,RID26,ADCPT
CE07SHSM-RID26-01-ADCPTA000,adc_pressure_plus,adc_pressure_plus,,,,counts,CE07SHSM,RID26,ADCPT
CE07SHSM-RID26-01-ADCPTA000,adc_pressure_minus,adc_pressure_minus,,,,counts,CE07SHSM,RID26,ADCPT
CE07SHSM-RID26-01-ADCPTA000,adc_attitude_temp,adc_attitude_temp,,,,counts,CE07SHSM,RID26,ADCPT
CE07SHSM-RID26-01-ADCPTA000,adc_attitude,adc_attitude,,,,counts,CE07SHSM,RID26,ADCPT
CE07SHSM-RID26-01-ADCPTA000,adc_contamination_sensor,adc_contamination_sensor,,,,counts,CE07SHSM,RID26,ADCPT
CE07SHSM-RID26-01-ADCPTA000,bus_error_exception,bus_error_exception,,,,1,CE07SHSM,RID26,ADCPT
CE07SHSM-RID26-01-ADCPTA000,address_error_exception,address_error_exception,,,,1,CE07SHSM,RID26,ADCPT
CE07SHSM-RID26-01-ADCPTA000,illegal_instruction_exception,illegal_instruction_exception,,,,1,CE07SHSM,RID26,ADCPT
CE07SHSM-RID26-01-ADCPTA000,zero_divide_instruction,zero_divide_instruction,,,,1,CE07SHSM,RID26,ADCPT
CE07SHSM-RID26-01-ADCPTA000,emulator_exception,emulator_exception,,,,1,CE07SHSM,RID26,ADCPT
CE07SHSM-RID26-01-ADCPTA000,unassigned_exception,unassigned_exception,,,,1,CE07SHSM,RID26,ADCPT
CE07SHSM-RID26-01-ADCPTA000,watchdog_restart_occurred,watchdog_restart_occurred,,,,1,CE07SHSM,RID26,ADCPT
CE07SHSM-RID26-01-ADCPTA000,battery_saver_power,battery_saver_power,,,,1,CE07SHSM,RID26,ADCPT
CE07SHSM-RID26-01-ADCPTA000,pinging,pinging,,,,1,CE07SHSM,RID26,ADCPT
CE07SHSM-RID26-01-ADCPTA000,cold_wakeup_occurred,cold_wakeup_occurred,,,,1,CE07SHSM,RID26,ADCPT
CE07SHSM-RID26-01-ADCPTA000,time,time,,,ENG,seconds since 1900-01-01,CE07SHSM,RID26,ADCPT
CE07SHSM-RID26-01-ADCPTA000,unknown_wakeup_occurred,unknown_wakeup_occurred,,,,1,CE07SHSM,RID26,ADCPT
CE07SHSM-RID26-01-ADCPTA000,clock_read_error,clock_read_error,,,,1,CE07SHSM,RID26,ADCPT
CE07SHSM-RID26-01-ADCPTA000,unexpected_alarm,unexpected_alarm,,,,1,CE07SHSM,RID26,ADCPT
CE07SHSM-RID26-01-ADCPTA000,clock_jump_forward,clock_jump_forward,,,,1,CE07SHSM,RID26,ADCPT
CE07SHSM-RID26-01-ADCPTA000,clock_jump_backward,clock_jump_backward,,,,1,CE07SHSM,RID26,ADCPT
CE07SHSM-RID26-01-ADCPTA000,power_fail,power_fail,,,,1,CE07SHSM,RID26,ADCPT
CE07SHSM-RID26-01-ADCPTA000,spurious_dsp_interrupt,spurious_dsp_interrupt,,,,1,CE07SHSM,RID26,ADCPT
CE07SHSM-RID26-01-ADCPTA000,spurious_uart_interrupt,spurious_uart_interrupt,,,,1,CE07SHSM,RID26,ADCPT
CE07SHSM-RID26-01-ADCPTA000,spurious_clock_interrupt,spurious_clock_interrupt,,,,1,CE07SHSM,RID26,ADCPT
CE07SHSM-RID26-01-ADCPTA000,level_7_interrupt,level_7_interrupt,,,,1,CE07SHSM,RID26,ADCPT
CE07SHSM-RID26-01-ADCPTA000,pressure,pressure,,,,daPa,CE07SHSM,RID26,ADCPT
CE07SHSM-RID26-01-ADCPTA000,pressure_variance,pressure_variance,,,,daPa,CE07SHSM,RID26,ADCPT
CE07SHSM-RID26-01-ADCPTA000,water_velocity_east,water_velocity_east,,,L0,mm s-1,CE07SHSM,RID26,ADCPT
CE07SHSM-RID26-01-ADCPTA000,water_velocity_north,water_velocity_north,,,L0,mm s-1,CE07SHSM,RID26,ADCPT
CE07SHSM-RID26-01-ADCPTA000,water_velocity_up,water_velocity_up,,,L0,mm s-1,CE07SHSM,RID26,ADCPT
CE07SHSM-RID26-01-ADCPTA000,error_velocity,error_velocity,,,L0,mm s-1,CE07SHSM,RID26,ADCPT
CE07SHSM-RID26-01-ADCPTA000,correlation_magnitude_beam1,correlation_magnitude_beam1,,,,1,CE07SHSM,RID26,ADCPT
CE07SHSM-RID26-01-ADCPTA000,correlation_magnitude_beam2,correlation_magnitude_beam2,,,,1,CE07SHSM,RID26,ADCPT
CE07SHSM-RID26-01-ADCPTA000,correlation_magnitude_beam3,correlation_magnitude_beam3,,,,1,CE07SHSM,RID26,ADCPT
CE07SHSM-RID26-01-ADCPTA000,correlation_magnitude_beam4,correlation_magnitude_beam4,,,,1,CE07SHSM,RID26,ADCPT
CE07SHSM-RID26-01-ADCPTA000,echo_intensity_beam1,echo_intensity_beam1,,,L0,counts,CE07SHSM,RID26,ADCPT
CE07SHSM-RID26-01-ADCPTA000,echo_intensity_beam2,echo_intensity_beam2,,,L0,counts,CE07SHSM,RID26,ADCPT
CE07SHSM-RID26-01-ADCPTA000,echo_intensity_beam3,echo_intensity_beam3,,,L0,counts,CE07SHSM,RID26,ADCPT
CE07SHSM-RID26-01-ADCPTA000,echo_intensity_beam4,echo_intensity_beam4,,,L0,counts,CE07SHSM,RID26,ADCPT
CE07SHSM-RID26-01-ADCPTA000,percent_good_3beam,percent_good_3beam,,,,percent,CE07SHSM,RID26,ADCPT
CE07SHSM-RID26-01-ADCPTA000,percent_transforms_reject,percent_transforms_reject,,,,percent,CE07SHSM,RID26,ADCPT
CE07SHSM-RID26-01-ADCPTA000,percent_bad_beams,percent_bad_beams,,,,percent,CE07SHSM,RID26,ADCPT
CE07SHSM-RID26-01-ADCPTA000,percent_good_4beam,percent_good_4beam,,,,percent,CE07SHSM,RID26,ADCPT
CE07SHSM-RID26-01-ADCPTA000,ensemble_start_time,ensemble_start_time,,,,seconds since 1900-01-01,CE07SHSM,RID26,ADCPT
CE07SHSM-RID26-01-ADCPTA000,ingestion_timestamp,ingestion_timestamp,,,ENG,seconds since 1900-01-01,CE07SHSM,RID26,ADCPT
CE07SHSM-RID26-01-ADCPTA000,real_time_clock,real_time_clock,,,,1,CE07SHSM,RID26,ADCPT
CE07SHSM-RID26-01-ADCPTA000,upward_earth_seawater_velocity,upward_earth_seawater_velocity,-1,1,L1,m s-1,CE07SHSM,RID26,ADCPT
CE07SHSM-RID26-01-ADCPTA000,earth_error_velocity,earth_error_velocity,-1,1,L1,m s-1,CE07SHSM,RID26,ADCPT
CE07SHSM-RID26-04-VELPTA000,driver_timestamp,driver_timestamp,,,ENG,seconds since 1900-01-01,CE07SHSM,RID26,VELPT
CE07SHSM-RID26-04-VELPTA000,firmware_version,firmware_version,,,,1,CE07SHSM,RID26,VELPT
CE07SHSM-RID26-04-VELPTA000,eastward_velocity,eastward_velocity,-3,3,L1,m s-1,CE07SHSM,RID26,VELPT
CE07SHSM-RID26-04-VELPTA000,northward_velocity,northward_velocity,-3,3,L1,m s-1,CE07SHSM,RID26,VELPT
CE07SHSM-RID26-04-VELPTA000,upward_velocity,upward_velocity,-1,1,L1,m s-1,CE07SHSM,RID26,VELPT
CE07SHSM-RID26-04-VELPTA000,internal_timestamp,internal_timestamp,,,ENG,seconds since 1900-01-01,CE07SHSM,RID26,VELPT
CE07SHSM-RID26-04-VELPTA000,preferred_timestamp,preferred_timestamp,,,ENG,1,CE07SHSM,RID26,VELPT
CE07SHSM-RID26-04-VELPTA000,velpt_ab_eastward_velocity,velpt_ab_eastward_velocity,-3,3,L1,m s-1,CE07SHSM,RID26,VELPT
CE07SHSM-RID26-04-VELPTA000,velpt_ab_northward_velocity,velpt_ab_northward_velocity,-3,3,L1,m s-1,CE07SHSM,RID26,VELPT
CE07SHSM-RID26-04-VELPTA000,velpt_ab_upward_velocity,velpt_ab_upward_velocity,-1,1,L1,m s-1,CE07SHSM,RID26,VELPT
CE07SHSM-RID26-04-VELPTA000,number_of_beam_sequences,number_of_beam_sequences,,,,counts,CE07SHSM,RID26,VELPT
CE07SHSM-RID26-04-VELPTA000,number_of_beams_in_diagnostics_mode,number_of_beams_in_diagnostics_mode,,,,counts,CE07SHSM,RID26,VELPT
CE07SHSM-RID26-04-VELPTA000,reserved_bit_easyq,reserved_bit_easyq,,,,1,CE07SHSM,RID26,VELPT
CE07SHSM-RID26-04-VELPTA000,battery_voltage_dv,battery_voltage_dv,,,AUX,dV,CE07SHSM,RID26,VELPT
CE07SHSM-RID26-04-VELPTA000,sound_speed_dms,sound_speed_dms,,,AUX,dm s-1,CE07SHSM,RID26,VELPT
CE07SHSM-RID26-04-VELPTA000,heading_decidegree,heading_decidegree,,,AUX,deci-degrees,CE07SHSM,RID26,VELPT
CE07SHSM-RID26-04-VELPTA000,roll_decidegree,roll_decidegree,,,AUX,deci-degrees,CE07SHSM,RID26,VELPT
CE07SHSM-RID26-04-VELPTA000,pitch_decidegree,pitch_decidegree,,,AUX,deci-degrees,CE07SHSM,RID26,VELPT
CE07SHSM-RID26-04-VELPTA000,temperature_centidegree,temperature_centidegree,,,AUX,cdeg_C,CE07SHSM,RID26,VELPT
CE07SHSM-RID26-04-VELPTA000,pressure_mbar,pressure_mbar,,,AUX,0.001 dbar,CE07SHSM,RID26,VELPT
CE07SHSM-RID26-04-VELPTA000,error_code,error_code,,,,1,CE07SHSM,RID26,VELPT
CE07SHSM-RID26-04-VELPTA000,analog1,analog1,,,,1,CE07SHSM,RID26,VELPT
CE07SHSM-RID26-04-VELPTA000,status,status,,,,1,CE07SHSM,RID26,VELPT
CE07SHSM-RID26-04-VELPTA000,velocity_beam1,velocity_beam1,,,L0,mm s-1,CE07SHSM,RID26,VELPT
CE07SHSM-RID26-04-VELPTA000,velocity_beam2,velocity_beam2,,,L0,mm s-1,CE07SHSM,RID26,VELPT
CE07SHSM-RID26-04-VELPTA000,velocity_beam3,velocity_beam3,,,L0,mm s-1,CE07SHSM,RID26,VELPT
CE07SHSM-RID26-04-VELPTA000,amplitude_beam1,amplitude_beam1,,,AUX,counts,CE07SHSM,RID26,VELPT
CE07SHSM-RID26-04-VELPTA000,amplitude_beam2,amplitude_beam2,,,AUX,counts,CE07SHSM,RID26,VELPT
CE07SHSM-RID26-04-VELPTA000,amplitude_beam3,amplitude_beam3,,,AUX,counts,CE07SHSM,RID26,VELPT
CE07SHSM-RID26-04-VELPTA000,records_to_follow,records_to_follow,,,,1,CE07SHSM,RID26,VELPT
CE07SHSM-RID26-04-VELPTA000,cell_number_diagnostics,cell_number_diagnostics,,,,1,CE07SHSM,RID26,VELPT
CE07SHSM-RID26-04-VELPTA000,noise_amplitude_beam1,noise_amplitude_beam1,,,,counts,CE07SHSM,RID26,VELPT
CE07SHSM-RID26-04-VELPTA000,noise_amplitude_beam2,noise_amplitude_beam2,,,,counts,CE07SHSM,RID26,VELPT
CE07SHSM-RID26-04-VELPTA000,noise_amplitude_beam3,noise_amplitude_beam3,,,,counts,CE07SHSM,RID26,VELPT
CE07SHSM-RID26-04-VELPTA000,noise_amplitude_beam4,noise_amplitude_beam4,,,,counts,CE07SHSM,RID26,VELPT
CE07SHSM-RID26-04-VELPTA000,processing_magnitude_beam1,processing_magnitude_beam1,,,,1,CE07SHSM,RID26,VELPT
CE07SHSM-RID26-04-VELPTA000,processing_magnitude_beam2,processing_magnitude_beam2,,,,1,CE07SHSM,RID26,VELPT
CE07SHSM-RID26-04-VELPTA000,processing_magnitude_beam3,processing_magnitude_beam3,,,,1,CE07SHSM,RID26,VELPT
CE07SHSM-RID26-04-VELPTA000,processing_magnitude_beam4,processing_magnitude_beam4,,,,1,CE07SHSM,RID26,VELPT
CE07SHSM-RID26-04-VELPTA000,distance_beam1,distance_beam1,,,,1,CE07SHSM,RID26,VELPT
CE07SHSM-RID26-04-VELPTA000,distance_beam2,distance_beam2,,,,1,CE07SHSM,RID26,VELPT
CE07SHSM-RID26-04-VELPTA000,distance_beam3,distance_beam3,,,,1,CE07SHSM,RID26,VELPT
CE07SHSM-RID26-04-VELPTA000,distance_beam4,distance_beam4,,,,1,CE07SHSM,RID26,VELPT
CE07SHSM-RID26-04-VELPTA000,instrmt_type_serial_number,instrmt_type_serial_number,,,,1,CE07SHSM,RID26,VELPT
CE07SHSM-RID26-04-VELPTA000,pic_version,pic_version,,,,1,CE07SHSM,RID26,VELPT
CE07SHSM-RID26-04-VELPTA000,hardware_revision,hardware_revision,,,,1,CE07SHSM,RID26,VELPT
CE07SHSM-RID26-04-VELPTA000,recorder_size,recorder_size,,,,bytes,CE07SHSM,RID26,VELPT
CE07SHSM-RID26-04-VELPTA000,velocity_range,velocity_range,,,,1,CE07SHSM,RID26,VELPT
CE07SHSM-RID26-04-VELPTA000,pressure_sensor,pressure_sensor,,,,1,CE07SHSM,RID26,VELPT
CE07SHSM-RID26-04-VELPTA000,magnetometer_sensor,magnetometer_sensor,,,,1,CE07SHSM,RID26,VELPT
CE07SHSM-RID26-04-VELPTA000,tilt_sensor,tilt_sensor,,,,1,CE07SHSM,RID26,VELPT
CE07SHSM-RID26-04-VELPTA000,tilt_sensor_mounting,tilt_sensor_mounting,,,,1,CE07SHSM,RID26,VELPT
CE07SHSM-RID26-04-VELPTA000,head_frequency,head_frequency,,,,kHz,CE07SHSM,RID26,VELPT
CE07SHSM-RID26-04-VELPTA000,head_type,head_type,,,,1,CE07SHSM,RID26,VELPT
CE07SHSM-RID26-04-VELPTA000,head_serial_number,head_serial_number,,,,1,CE07SHSM,RID26,VELPT
CE07SHSM-RID26-04-VELPTA000,number_beams,number_beams,,,,1,CE07SHSM,RID26,VELPT
CE07SHSM-RID26-04-VELPTA000,transmit_pulse_length,transmit_pulse_length,,,,counts,CE07SHSM,RID26,VELPT
CE07SHSM-RID26-04-VELPTA000,blanking_distance,blanking_distance,,,,counts,CE07SHSM,RID26,VELPT
CE07SHSM-RID26-04-VELPTA000,receive_length,receive_length,,,,counts,CE07SHSM,RID26,VELPT
CE07SHSM-RID26-04-VELPTA000,time_between_pings,time_between_pings,,,,counts,CE07SHSM,RID26,VELPT
CE07SHSM-RID26-04-VELPTA000,time_between_bursts,time_between_bursts,,,,counts,CE07SHSM,RID26,VELPT
CE07SHSM-RID26-04-VELPTA000,average_interval,average_interval,,,,s,CE07SHSM,RID26,VELPT
CE07SHSM-RID26-04-VELPTA000,compass_update_rate,compass_update_rate,,,,Hz,CE07SHSM,RID26,VELPT
CE07SHSM-RID26-04-VELPTA000,coordinate_system,coordinate_system,,,,1,CE07SHSM,RID26,VELPT
CE07SHSM-RID26-04-VELPTA000,number_cells,number_cells,,,,1,CE07SHSM,RID26,VELPT
CE07SHSM-RID26-04-VELPTA000,measurement_interval,measurement_interval,,,,s,CE07SHSM,RID26,VELPT
CE07SHSM-RID26-04-VELPTA000,deployment_name,deployment_name,,,,1,CE07SHSM,RID26,VELPT
CE07SHSM-RID26-04-VELPTA000,diagnostics_interval,diagnostics_interval,,,,s,CE07SHSM,RID26,VELPT
CE07SHSM-RID26-04-VELPTA000,use_specified_sound_speed,use_specified_sound_speed,,,,1,CE07SHSM,RID26,VELPT
CE07SHSM-RID26-04-VELPTA000,diagnostics_mode_enable,diagnostics_mode_enable,,,,1,CE07SHSM,RID26,VELPT
CE07SHSM-RID26-04-VELPTA000,analog_output_enable,analog_output_enable,,,,1,CE07SHSM,RID26,VELPT
CE07SHSM-RID26-04-VELPTA000,output_format_nortek,output_format_nortek,,,,1,CE07SHSM,RID26,VELPT
CE07SHSM-RID26-04-VELPTA000,scaling,scaling,,,,1,CE07SHSM,RID26,VELPT
CE07SHSM-RID26-04-VELPTA000,serial_output_enable,serial_output_enable,,,,1,CE07SHSM,RID26,VELPT
CE07SHSM-RID26-04-VELPTA000,stage_enable,stage_enable,,,,1,CE07SHSM,RID26,VELPT
CE07SHSM-RID26-04-VELPTA000,analog_power_output,analog_power_output,,,,1,CE07SHSM,RID26,VELPT
CE07SHSM-RID26-04-VELPTA000,sound_speed_adjust_factor,sound_speed_adjust_factor,,,,m s-1,CE07SHSM,RID26,VELPT
CE07SHSM-RID26-04-VELPTA000,number_diagnostics_samples,number_diagnostics_samples,,,,1,CE07SHSM,RID26,VELPT
CE07SHSM-RID26-04-VELPTA000,number_pings_diagnostic,number_pings_diagnostic,,,,1,CE07SHSM,RID26,VELPT
CE07SHSM-RID26-04-VELPTA000,software_version,software_version,,,,1,CE07SHSM,RID26,VELPT
CE07SHSM-RID26-04-VELPTA000,correlation_threshold,correlation_threshold,,,,1,CE07SHSM,RID26,VELPT
CE07SHSM-RID26-04-VELPTA000,time,time,,,ENG,seconds since 1900-01-01,CE07SHSM,RID26,VELPT
CE07SHSM-RID26-04-VELPTA000,ingestion_timestamp,ingestion_timestamp,,,ENG,seconds since 1900-01-01,CE07SHSM,RID26,VELPT
CE07SHSM-RID26-04-VELPTA000,date_time_string,date_time_string,,,,1,CE07SHSM,RID26,VELPT
CE07SHSM-RID26-06-PHSEND000,driver_timestamp,driver_timestamp,,,ENG,seconds since 1900-01-01,CE07SHSM,RID26,PHSEN
CE07SHSM-RID26-06-PHSEND000,external_device2_fault,external_device2_fault,,,,1,CE07SHSM,RID26,PHSEN
CE07SHSM-RID26-06-PHSEND000,external_device3_fault,external_device3_fault,,,,1,CE07SHSM,RID26,PHSEN
CE07SHSM-RID26-06-PHSEND000,num_data_records,num_data_records,,,,1,CE07SHSM,RID26,PHSEN
CE07SHSM-RID26-06-PHSEND000,num_error_records,num_error_records,,,,1,CE07SHSM,RID26,PHSEN
CE07SHSM-RID26-06-PHSEND000,num_bytes_stored,num_bytes_stored,,,,bytes,CE07SHSM,RID26,PHSEN
CE07SHSM-RID26-06-PHSEND000,internal_timestamp,internal_timestamp,,,ENG,seconds since 1900-01-01,CE07SHSM,RID26,PHSEN
CE07SHSM-RID26-06-PHSEND000,preferred_timestamp,preferred_timestamp,,,ENG,1,CE07SHSM,RID26,PHSEN
CE07SHSM-RID26-06-PHSEND000,passed_checksum,passed_checksum,,,ENG,1,CE07SHSM,RID26,PHSEN
CE07SHSM-RID26-06-PHSEND000,dcl_controller_timestamp,dcl_controller_timestamp,,,ENG,1,CE07SHSM,RID26,PHSEN
CE07SHSM-RID26-06-PHSEND000,phsen_abcdef_ph_seawater,phsen_abcdef_ph_seawater,7.3,8.5,L1,(unitless),CE07SHSM,RID26,PHSEN
CE07SHSM-RID26-06-PHSEND000,battery_low_blank,battery_low_blank,,,,1,CE07SHSM,RID26,PHSEN
CE07SHSM-RID26-06-PHSEND000,unique_id,unique_id,,,,1,CE07SHSM,RID26,PHSEN
CE07SHSM-RID26-06-PHSEND000,record_type,record_type,,,,1,CE07SHSM,RID26,PHSEN
CE07SHSM-RID26-06-PHSEND000,record_time,record_time,,,,seconds since 1904-01-01,CE07SHSM,RID26,PHSEN
CE07SHSM-RID26-06-PHSEND000,light_measurements,light_measurements,,,,counts,CE07SHSM,RID26,PHSEN
CE07SHSM-RID26-06-PHSEND000,voltage_battery,voltage_battery,,,,counts,CE07SHSM,RID26,PHSEN
CE07SHSM-RID26-06-PHSEND000,clock_active,clock_active,,,,1,CE07SHSM,RID26,PHSEN
CE07SHSM-RID26-06-PHSEND000,recording_active,recording_active,,,,1,CE07SHSM,RID26,PHSEN
CE07SHSM-RID26-06-PHSEND000,record_end_on_time,record_end_on_time,,,,1,CE07SHSM,RID26,PHSEN
CE07SHSM-RID26-06-PHSEND000,record_memory_full,record_memory_full,,,,1,CE07SHSM,RID26,PHSEN
CE07SHSM-RID26-06-PHSEND000,phsen_abcdef_signal_intensity_434,phsen_abcdef_signal_intensity_434,,,L0,counts,CE07SHSM,RID26,PHSEN
CE07SHSM-RID26-06-PHSEND000,phsen_abcdef_signal_intensity_578,phsen_abcdef_signal_intensity_578,,,L0,counts,CE07SHSM,RID26,PHSEN
CE07SHSM-RID26-06-PHSEND000,record_end_on_error,record_end_on_error,,,,1,CE07SHSM,RID26,PHSEN
CE07SHSM-RID26-06-PHSEND000,data_download_ok,data_download_ok,,,,1,CE07SHSM,RID26,PHSEN
CE07SHSM-RID26-06-PHSEND000,flash_memory_open,flash_memory_open,,,,1,CE07SHSM,RID26,PHSEN
CE07SHSM-RID26-06-PHSEND000,battery_low_prestart,battery_low_prestart,,,,1,CE07SHSM,RID26,PHSEN
CE07SHSM-RID26-06-PHSEND000,battery_low_measurement,battery_low_measurement,,,,1,CE07SHSM,RID26,PHSEN
CE07SHSM-RID26-06-PHSEND000,battery_low_external,battery_low_external,,,,1,CE07SHSM,RID26,PHSEN
CE07SHSM-RID26-06-PHSEND000,external_device1_fault,external_device1_fault,,,,1,CE07SHSM,RID26,PHSEN
CE07SHSM-RID26-06-PHSEND000,flash_erased,flash_erased,,,,1,CE07SHSM,RID26,PHSEN
CE07SHSM-RID26-06-PHSEND000,power_on_invalid,power_on_invalid,,,,1,CE07SHSM,RID26,PHSEN
CE07SHSM-RID26-06-PHSEND000,time,time,,,ENG,seconds since 1900-01-01,CE07SHSM,RID26,PHSEN
CE07SHSM-RID26-06-PHSEND000,ingestion_timestamp,ingestion_timestamp,,,ENG,seconds since 1900-01-01,CE07SHSM,RID26,PHSEN
CE07SHSM-RID26-06-PHSEND000,thermistor_start,thermistor_start,,,,counts,CE07SHSM,RID26,PHSEN
CE07SHSM-RID26-06-PHSEND000,reference_light_measurements,reference_light_measurements,,,,counts,CE07SHSM,RID26,PHSEN
CE07SHSM-RID26-06-PHSEND000,thermistor_end,thermistor_end,,,,counts,CE07SHSM,RID26,PHSEN
CE07SHSM-RID26-06-PHSEND000,phsen_thermistor_temperature,phsen_thermistor_temperature,,,L0,V,CE07SHSM,RID26,PHSEN
CE07SHSM-RID26-07-NUTNRB000,driver_timestamp,driver_timestamp,,,ENG,seconds since 1900-01-01,CE07SHSM,RID26,NUTNR
CE07SHSM-RID26-07-NUTNRB000,firmware_version,firmware_version,,,,1,CE07SHSM,RID26,NUTNR
CE07SHSM-RID26-07-NUTNRB000,internal_timestamp,internal_timestamp,,,ENG,seconds since 1900-01-01,CE07SHSM,RID26,NUTNR
CE07SHSM-RID26-07-NUTNRB000,preferred_timestamp,preferred_timestamp,,,ENG,1,CE07SHSM,RID26,NUTNR
CE07SHSM-RID26-07-NUTNRB000,dcl_controller_timestamp,dcl_controller_timestamp,,,ENG,1,CE07SHSM,RID26,NUTNR
CE07SHSM-RID26-07-NUTNRB000,startup_time_string,startup_time_string,,,,1,CE07SHSM,RID26,NUTNR
CE07SHSM-RID26-07-NUTNRB000,nutnr_b_temp_sal_corrected_nitrate,nutnr_b_temp_sal_corrected_nitrate,0,40,L2,umol L-1,CE07SHSM,RID26,NUTNR
CE07SHSM-RID26-07-NUTNRB000,firmware_date,firmware_date,,,,1,CE07SHSM,RID26,NUTNR
CE07SHSM-RID26-07-NUTNRB000,frame_header,frame_header,,,,1,CE07SHSM,RID26,NUTNR
CE07SHSM-RID26-07-NUTNRB000,frame_type,frame_type,,,,1,CE07SHSM,RID26,NUTNR
CE07SHSM-RID26-07-NUTNRB000,serial_number,serial_number,,,ENG,1,CE07SHSM,RID26,NUTNR
CE07SHSM-RID26-07-NUTNRB000,date_of_sample,date_of_sample,,,AUX,1,CE07SHSM,RID26,NUTNR
CE07SHSM-RID26-07-NUTNRB000,time_of_sample,time_of_sample,,,AUX,h,CE07SHSM,RID26,NUTNR
CE07SHSM-RID26-07-NUTNRB000,nitrate_concentration,nitrate_concentration,0,40,L1,umol L-1,CE07SHSM,RID26,NUTNR
CE07SHSM-RID26-07-NUTNRB000,aux_fitting_1,aux_fitting_1,,,AUX,1,CE07SHSM,RID26,NUTNR
CE07SHSM-RID26-07-NUTNRB000,aux_fitting_2,aux_fitting_2,,,AUX,1,CE07SHSM,RID26,NUTNR
CE07SHSM-RID26-07-NUTNRB000,aux_fitting_3,aux_fitting_3,,,AUX,1,CE07SHSM,RID26,NUTNR
CE07SHSM-RID26-07-NUTNRB000,rms_error,rms_error,,,AUX,umol L-1,CE07SHSM,RID26,NUTNR
CE07SHSM-RID26-07-NUTNRB000,temp_interior,temp_interior,,,AUX,deg_C,CE07SHSM,RID26,NUTNR
CE07SHSM-RID26-07-NUTNRB000,temp_spectrometer,temp_spectrometer,,,AUX,deg_C,CE07SHSM,RID26,NUTNR
CE07SHSM-RID26-07-NUTNRB000,temp_lamp,temp_lamp,,,AUX,deg_C,CE07SHSM,RID26,NUTNR
CE07SHSM-RID26-07-NUTNRB000,humidity,humidity,,,AUX,%,CE07SHSM,RID26,NUTNR
CE07SHSM-RID26-07-NUTNRB000,voltage_lamp,voltage_lamp,,,AUX,V,CE07SHSM,RID26,NUTNR
CE07SHSM-RID26-07-NUTNRB000,voltage_analog,voltage_analog,,,AUX,V,CE07SHSM,RID26,NUTNR
CE07SHSM-RID26-07-NUTNRB000,voltage_main,voltage_main,,,AUX,V,CE07SHSM,RID26,NUTNR
CE07SHSM-RID26-07-NUTNRB000,ref_channel_average,ref_channel_average,,,,counts,CE07SHSM,RID26,NUTNR
CE07SHSM-RID26-07-NUTNRB000,ref_channel_variance,ref_channel_variance,,,,1,CE07SHSM,RID26,NUTNR
CE07SHSM-RID26-07-NUTNRB000,sea_water_dark,sea_water_dark,,,AUX,counts,CE07SHSM,RID26,NUTNR
CE07SHSM-RID26-07-NUTNRB000,spec_channel_average,spec_channel_average,,,,counts,CE07SHSM,RID26,NUTNR
CE07SHSM-RID26-07-NUTNRB000,spectral_channels,spectral_channels,,,L0,counts,CE07SHSM,RID26,NUTNR
CE07SHSM-RID26-07-NUTNRB000,startup_time,startup_time,,,,seconds since 1970-01-01,CE07SHSM,RID26,NUTNR
CE07SHSM-RID26-07-NUTNRB000,lamp_time,lamp_time,,,AUX,s,CE07SHSM,RID26,NUTNR
CE07SHSM-RID26-07-NUTNRB000,spec_on_time,spec_on_time,,,,seconds since 1970-01-01,CE07SHSM,RID26,NUTNR
CE07SHSM-RID26-07-NUTNRB000,spec_powered_time,spec_powered_time,,,,seconds since 1970-01-01,CE07SHSM,RID26,NUTNR
CE07SHSM-RID26-07-NUTNRB000,lamp_on_time,lamp_on_time,,,,seconds since 1970-01-01,CE07SHSM,RID26,NUTNR
CE07SHSM-RID26-07-NUTNRB000,lamp_powered_time,lamp_powered_time,,,,seconds since 1970-01-01,CE07SHSM,RID26,NUTNR
CE07SHSM-RID26-07-NUTNRB000,data_log_file,data_log_file,,,,1,CE07SHSM,RID26,NUTNR
CE07SHSM-RID26-07-NUTNRB000,dark_frame_spectral_channels,dark_frame_spectral_channels,,,AUX,counts,CE07SHSM,RID26,NUTNR
CE07SHSM-RID26-07-NUTNRB000,time,time,,,ENG,seconds since 1900-01-01,CE07SHSM,RID26,NUTNR
CE07SHSM-RID26-07-NUTNRB000,ingestion_timestamp,ingestion_timestamp,,,ENG,seconds since 1900-01-01,CE07SHSM,RID26,NUTNR
CE07SHSM-RID26-08-SPKIRB000,instrument_id,instrument_id,,,ENG,1,CE07SHSM,RID26,SPKIR
CE07SHSM-RID26-08-SPKIRB000,timer,timer,,,ENG,s,CE07SHSM,RID26,SPKIR
CE07SHSM-RID26-08-SPKIRB000,sample_delay,sample_delay,,,ENG,ms,CE07SHSM,RID26,SPKIR
CE07SHSM-RID26-08-SPKIRB000,driver_timestamp,driver_timestamp,,,ENG,seconds since 1900-01-01,CE07SHSM,RID26,SPKIR
CE07SHSM-RID26-08-SPKIRB000,vin_sense,vin_sense,,,ENG,counts,CE07SHSM,RID26,SPKIR
CE07SHSM-RID26-08-SPKIRB000,va_sense,va_sense,,,ENG,counts,CE07SHSM,RID26,SPKIR
CE07SHSM-RID26-08-SPKIRB000,internal_temperature,internal_temperature,,,AUX,counts,CE07SHSM,RID26,SPKIR
CE07SHSM-RID26-08-SPKIRB000,frame_counter,frame_counter,,,ENG,counts,CE07SHSM,RID26,SPKIR
CE07SHSM-RID26-08-SPKIRB000,internal_timestamp,internal_timestamp,,,ENG,seconds since 1900-01-01,CE07SHSM,RID26,SPKIR
CE07SHSM-RID26-08-SPKIRB000,preferred_timestamp,preferred_timestamp,,,ENG,1,CE07SHSM,RID26,SPKIR
CE07SHSM-RID26-08-SPKIRB000,passed_checksum,passed_checksum,,,ENG,1,CE07SHSM,RID26,SPKIR
CE07SHSM-RID26-08-SPKIRB000,channel_array,channel_array,,,L0,counts,CE07SHSM,RID26,SPKIR
CE07SHSM-RID26-08-SPKIRB000,dcl_controller_timestamp,dcl_controller_timestamp,,,ENG,1,CE07SHSM,RID26,SPKIR
CE07SHSM-RID26-08-SPKIRB000,spkir_abj_cspp_downwelling_vector,spkir_abj_cspp_downwelling_vector,0,300,L1,uW cm-2 nm-1,CE07SHSM,RID26,SPKIR
CE07SHSM-RID26-08-SPKIRB000,serial_number,serial_number,,,ENG,1,CE07SHSM,RID26,SPKIR
CE07SHSM-RID26-08-SPKIRB000,time,time,,,ENG,seconds since 1900-01-01,CE07SHSM,RID26,SPKIR
CE07SHSM-RID26-08-SPKIRB000,ingestion_timestamp,ingestion_timestamp,,,ENG,seconds since 1900-01-01,CE07SHSM,RID26,SPKIR
CE07SHSM-RID27-01-OPTAAD000,driver_timestamp,driver_timestamp,,,ENG,seconds since 1900-01-01,CE07SHSM,RID27,OPTAA
CE07SHSM-RID27-01-OPTAAD000,internal_timestamp,internal_timestamp,,,ENG,seconds since 1900-01-01,CE07SHSM,RID27,OPTAA
CE07SHSM-RID27-01-OPTAAD000,preferred_timestamp,preferred_timestamp,,,ENG,1,CE07SHSM,RID27,OPTAA
CE07SHSM-RID27-01-OPTAAD000,start_date,start_date,,,,1,CE07SHSM,RID27,OPTAA
CE07SHSM-RID27-01-OPTAAD000,serial_number,serial_number,,,ENG,1,CE07SHSM,RID27,OPTAA
CE07SHSM-RID27-01-OPTAAD000,optaa_dj_dcl_beam_attenuation,optaa_dj_dcl_beam_attenuation,0,100,L2,m-1,CE07SHSM,RID27,OPTAA
CE07SHSM-RID27-01-OPTAAD000,optaa_dj_dcl_optical_absorption,optaa_dj_dcl_optical_absorption,0,100,L2,m-1,CE07SHSM,RID27,OPTAA
CE07SHSM-RID27-01-OPTAAD000,packet_type,packet_type,,,,1,CE07SHSM,RID27,OPTAA
CE07SHSM-RID27-01-OPTAAD000,meter_type,meter_type,,,,1,CE07SHSM,RID27,OPTAA
CE07SHSM-RID27-01-OPTAAD000,a_reference_dark_counts,a_reference_dark_counts,,,,counts,CE07SHSM,RID27,OPTAA
CE07SHSM-RID27-01-OPTAAD000,pressure_counts,pressure_counts,,,,counts,CE07SHSM,RID27,OPTAA
CE07SHSM-RID27-01-OPTAAD000,a_signal_dark_counts,a_signal_dark_counts,,,,counts,CE07SHSM,RID27,OPTAA
CE07SHSM-RID27-01-OPTAAD000,external_temp_raw,external_temp_raw,,,,counts,CE07SHSM,RID27,OPTAA
CE07SHSM-RID27-01-OPTAAD000,internal_temp_raw,internal_temp_raw,,,L0,counts,CE07SHSM,RID27,OPTAA
CE07SHSM-RID27-01-OPTAAD000,c_reference_dark_counts,c_reference_dark_counts,,,,counts,CE07SHSM,RID27,OPTAA
CE07SHSM-RID27-01-OPTAAD000,c_signal_dark_counts,c_signal_dark_counts,,,,counts,CE07SHSM,RID27,OPTAA
CE07SHSM-RID27-01-OPTAAD000,elapsed_run_time,elapsed_run_time,,,,ms,CE07SHSM,RID27,OPTAA
CE07SHSM-RID27-01-OPTAAD000,num_wavelengths,num_wavelengths,,,,1,CE07SHSM,RID27,OPTAA
CE07SHSM-RID27-01-OPTAAD000,c_reference_counts,c_reference_counts,,,L0,counts,CE07SHSM,RID27,OPTAA
CE07SHSM-RID27-01-OPTAAD000,a_reference_counts,a_reference_counts,,,L0,counts,CE07SHSM,RID27,OPTAA
CE07SHSM-RID27-01-OPTAAD000,c_signal_counts,c_signal_counts,,,L0,counts,CE07SHSM,RID27,OPTAA
CE07SHSM-RID27-01-OPTAAD000,a_signal_counts,a_signal_counts,,,L0,counts,CE07SHSM,RID27,OPTAA
CE07SHSM-RID27-01-OPTAAD000,time,time,,,ENG,seconds since 1900-01-01,CE07SHSM,RID27,OPTAA
CE07SHSM-RID27-01-OPTAAD000,ingestion_timestamp,ingestion_timestamp,,,ENG,seconds since 1900-01-01,CE07SHSM,RID27,OPTAA
CE07SHSM-RID27-02-FLORTD000,driver_timestamp,driver_timestamp,,,ENG,seconds since 1900-01-01,CE07SHSM,RID27,FLORT
CE07SHSM-RID27-02-FLORTD000,date_string,date_string,,,ENG,1,CE07SHSM,RID27,FLORT
CE07SHSM-RID27-02-FLORTD000,time_string,time_string,,,ENG,1,CE07SHSM,RID27,FLORT
CE07SHSM-RID27-02-FLORTD000,measurement_wavelength_beta,measurement_wavelength_beta,,,,nm,CE07SHSM,RID27,FLORT
CE07SHSM-RID27-02-FLORTD000,raw_signal_beta,raw_signal_beta,,,L0,counts,CE07SHSM,RID27,FLORT
CE07SHSM-RID27-02-FLORTD000,measurement_wavelength_chl,measurement_wavelength_chl,,,,nm,CE07SHSM,RID27,FLORT
CE07SHSM-RID27-02-FLORTD000,raw_signal_chl,raw_signal_chl,,,L0,counts,CE07SHSM,RID27,FLORT
CE07SHSM-RID27-02-FLORTD000,measurement_wavelength_cdom,measurement_wavelength_cdom,,,,nm,CE07SHSM,RID27,FLORT
CE07SHSM-RID27-02-FLORTD000,raw_signal_cdom,raw_signal_cdom,,,L0,counts,CE07SHSM,RID27,FLORT
CE07SHSM-RID27-02-FLORTD000,raw_internal_temp,raw_internal_temp,,,,counts,CE07SHSM,RID27,FLORT
CE07SHSM-RID27-02-FLORTD000,internal_timestamp,internal_timestamp,,,ENG,seconds since 1900-01-01,CE07SHSM,RID27,FLORT
CE07SHSM-RID27-02-FLORTD000,preferred_timestamp,preferred_timestamp,,,ENG,1,CE07SHSM,RID27,FLORT
CE07SHSM-RID27-02-FLORTD000,flort_k_total_volume_scattering_coefficient,flort_k_total_volume_scattering_coefficient,,,L1,m-1 sr-1,CE07SHSM,RID27,FLORT
CE07SHSM-RID27-02-FLORTD000,fluorometric_chlorophyll_a,fluorometric_chlorophyll_a,0,50,L1,ug L-1,CE07SHSM,RID27,FLORT
CE07SHSM-RID27-02-FLORTD000,fluorometric_cdom,fluorometric_cdom,0,375,L1,ppb,CE07SHSM,RID27,FLORT
CE07SHSM-RID27-02-FLORTD000,dcl_controller_timestamp,dcl_controller_timestamp,,,ENG,1,CE07SHSM,RID27,FLORT
CE07SHSM-RID27-02-FLORTD000,flort_dj_dcl_bback_total,flort_dj_dcl_bback_total,0.0003,1,L2,m-1,CE07SHSM,RID27,FLORT
CE07SHSM-RID27-02-FLORTD000,flort_d_dcl_ctdbp_scat_seawater,flort_d_dcl_ctdbp_scat_seawater,,,AUX,m-1,CE07SHSM,RID27,FLORT
CE07SHSM-RID27-02-FLORTD000,time,time,,,ENG,seconds since 1900-01-01,CE07SHSM,RID27,FLORT
CE07SHSM-RID27-02-FLORTD000,ingestion_timestamp,ingestion_timestamp,,,ENG,seconds since 1900-01-01,CE07SHSM,RID27,FLORT
CE07SHSM-RID27-03-CTDBPC000,conductivity,conductivity,0,6,L1,S m-1,CE07SHSM,RID27,CTDBP
CE07SHSM-RID27-03-CTDBPC000,driver_timestamp,driver_timestamp,,,ENG,seconds since 1900-01-01,CE07SHSM,RID27,CTDBP
CE07SHSM-RID27-03-CTDBPC000,internal_timestamp,internal_timestamp,,,ENG,seconds since 1900-01-01,CE07SHSM,RID27,CTDBP
CE07SHSM-RID27-03-CTDBPC000,preferred_timestamp,preferred_timestamp,,,ENG,1,CE07SHSM,RID27,CTDBP
CE07SHSM-RID27-03-CTDBPC000,temperature,temperature,,,L0,counts,CE07SHSM,RID27,CTDBP
CE07SHSM-RID27-03-CTDBPC000,conductivity,conductivity,,,L0,counts,CE07SHSM,RID27,CTDBP
CE07SHSM-RID27-03-CTDBPC000,pressure,pressure,,,L0,counts,CE07SHSM,RID27,CTDBP
CE07SHSM-RID27-03-CTDBPC000,pressure_temp,pressure_temp,,,L0,counts,CE07SHSM,RID27,CTDBP
CE07SHSM-RID27-03-CTDBPC000,ctd_time,ctd_time,,,ENG,seconds since 2000-01-01,CE07SHSM,RID27,CTDBP
CE07SHSM-RID27-03-CTDBPC000,pressure,pressure,0,6000,L1,dbar,CE07SHSM,RID27,CTDBP
CE07SHSM-RID27-03-CTDBPC000,dcl_controller_timestamp,dcl_controller_timestamp,,,ENG,1,CE07SHSM,RID27,CTDBP
CE07SHSM-RID27-03-CTDBPC000,ctdbp_seawater_temperature,ctdbp_seawater_temperature,-2,40,L1,deg_C,CE07SHSM,RID27,CTDBP
CE07SHSM-RID27-03-CTDBPC000,ctdbp_seawater_pressure,ctdbp_seawater_pressure,0,6000,L1,dbar,CE07SHSM,RID27,CTDBP
CE07SHSM-RID27-03-CTDBPC000,ctdbp_seawater_conductivity,ctdbp_seawater_conductivity,0,6,L1,S m-1,CE07SHSM,RID27,CTDBP
CE07SHSM-RID27-03-CTDBPC000,ctdbp_practical_salinity,ctdbp_practical_salinity,0,42,L2,1,CE07SHSM,RID27,CTDBP
CE07SHSM-RID27-03-CTDBPC000,ctdbp_seawater_density,ctdbp_seawater_density,1000,1100,L2,kg m-3,CE07SHSM,RID27,CTDBP
CE07SHSM-RID27-03-CTDBPC000,ctdbp_cdef_dcl_ce_density,ctdbp_cdef_dcl_ce_density,1000,1100,L2,kg m-3,CE07SHSM,RID27,CTDBP
CE07SHSM-RID27-03-CTDBPC000,temp,temp,-2,40,L1,deg_C,CE07SHSM,RID27,CTDBP
CE07SHSM-RID27-03-CTDBPC000,time,time,,,ENG,seconds since 1900-01-01,CE07SHSM,RID27,CTDBP
CE07SHSM-RID27-03-CTDBPC000,ingestion_timestamp,ingestion_timestamp,,,ENG,seconds since 1900-01-01,CE07SHSM,RID27,CTDBP
CE07SHSM-RID27-03-CTDBPC000,salinity,salinity,0,42,L2,(unitless),CE07SHSM,RID27,CTDBP
CE07SHSM-RID27-03-CTDBPC000,date_time_string,date_time_string,,,,1,CE07SHSM,RID27,CTDBP
CE07SHSM-RID27-04-DOSTAD000,product_number,product_number,,,,1,CE07SHSM,RID27,DOSTA
CE07SHSM-RID27-04-DOSTAD000,driver_timestamp,driver_timestamp,,,ENG,seconds since 1900-01-01,CE07SHSM,RID27,DOSTA
CE07SHSM-RID27-04-DOSTAD000,internal_timestamp,internal_timestamp,,,ENG,seconds since 1900-01-01,CE07SHSM,RID27,DOSTA
CE07SHSM-RID27-04-DOSTAD000,preferred_timestamp,preferred_timestamp,,,ENG,1,CE07SHSM,RID27,DOSTA
CE07SHSM-RID27-04-DOSTAD000,dcl_controller_timestamp,dcl_controller_timestamp,,,ENG,1,CE07SHSM,RID27,DOSTA
CE07SHSM-RID27-04-DOSTAD000,dosta_abcdjm_cspp_tc_oxygen,dosta_abcdjm_cspp_tc_oxygen,0,400,L1,umol L-1,CE07SHSM,RID27,DOSTA
CE07SHSM-RID27-04-DOSTAD000,serial_number,serial_number,,,ENG,1,CE07SHSM,RID27,DOSTA
CE07SHSM-RID27-04-DOSTAD000,dosta_abcdjm_dcl_abs_oxygen,dosta_abcdjm_dcl_abs_oxygen,0,400,L2,umol kg-1,CE07SHSM,RID27,DOSTA
CE07SHSM-RID27-04-DOSTAD000,dosta_abcdjm_dcl_metbk_abs_oxygen,dosta_abcdjm_dcl_metbk_abs_oxygen,0,400,L2,umol kg-1,CE07SHSM,RID27,DOSTA
CE07SHSM-RID27-04-DOSTAD000,dosta_abcdjm_dcl_ctdbp_abs_oxygen,dosta_abcdjm_dcl_ctdbp_abs_oxygen,0,400,L2,umol kg-1,CE07SHSM,RID27,DOSTA
CE07SHSM-RID27-04-DOSTAD000,time,time,,,ENG,seconds since 1900-01-01,CE07SHSM,RID27,DOSTA
CE07SHSM-RID27-04-DOSTAD000,ingestion_timestamp,ingestion_timestamp,,,ENG,seconds since 1900-01-01,CE07SHSM,RID27,DOSTA
CE07SHSM-RID27-04-DOSTAD000,estimated_oxygen_concentration,estimated_oxygen_concentration,0,400,L1,umol L-1,CE07SHSM,RID27,DOSTA
CE07SHSM-RID27-04-DOSTAD000,estimated_oxygen_saturation,estimated_oxygen_saturation,0,110,L1,percent,CE07SHSM,RID27,DOSTA
CE07SHSM-RID27-04-DOSTAD000,optode_temperature,optode_temperature,-2,40,,deg_C,CE07SHSM,RID27,DOSTA
CE07SHSM-RID27-04-DOSTAD000,calibrated_phase,calibrated_phase,,,L0,degrees,CE07SHSM,RID27,DOSTA
CE07SHSM-RID27-04-DOSTAD000,temp_compensated_phase,temp_compensated_phase,,,,degrees,CE07SHSM,RID27,DOSTA
CE07SHSM-RID27-04-DOSTAD000,blue_phase,blue_phase,,,,degrees,CE07SHSM,RID27,DOSTA
CE07SHSM-RID27-04-DOSTAD000,red_phase,red_phase,,,,degrees,CE07SHSM,RID27,DOSTA
CE07SHSM-RID27-04-DOSTAD000,blue_amplitude,blue_amplitude,,,,mV,CE07SHSM,RID27,DOSTA
CE07SHSM-RID27-04-DOSTAD000,red_amplitude,red_amplitude,,,,mV,CE07SHSM,RID27,DOSTA
CE07SHSM-RID27-04-DOSTAD000,raw_temperature,raw_temperature,,,,mV,CE07SHSM,RID27,DOSTA
CE07SHSM-SBD11-01-MOPAK0000,driver_timestamp,driver_timestamp,,,ENG,seconds since 1900-01-01,CE07SHSM,SBD11,MOPAK
CE07SHSM-SBD11-01-MOPAK0000,internal_timestamp,internal_timestamp,,,ENG,seconds since 1900-01-01,CE07SHSM,SBD11,MOPAK
CE07SHSM-SBD11-01-MOPAK0000,mopak_accelx,mopak_accelx,,,ENG,g0,CE07SHSM,SBD11,MOPAK
CE07SHSM-SBD11-01-MOPAK0000,mopak_accely,mopak_accely,,,ENG,g0,CE07SHSM,SBD11,MOPAK
CE07SHSM-SBD11-01-MOPAK0000,mopak_accelz,mopak_accelz,,,ENG,g0,CE07SHSM,SBD11,MOPAK
CE07SHSM-SBD11-01-MOPAK0000,mopak_ang_ratex,mopak_ang_ratex,,,ENG,rad s-1,CE07SHSM,SBD11,MOPAK
CE07SHSM-SBD11-01-MOPAK0000,mopak_ang_ratey,mopak_ang_ratey,,,ENG,rad s-1,CE07SHSM,SBD11,MOPAK
CE07SHSM-SBD11-01-MOPAK0000,preferred_timestamp,preferred_timestamp,,,ENG,1,CE07SHSM,SBD11,MOPAK
CE07SHSM-SBD11-01-MOPAK0000,mopak_ang_ratez,mopak_ang_ratez,,,ENG,rad s-1,CE07SHSM,SBD11,MOPAK
CE07SHSM-SBD11-01-MOPAK0000,mopak_magx,mopak_magx,,,ENG,Gs,CE07SHSM,SBD11,MOPAK
CE07SHSM-SBD11-01-MOPAK0000,mopak_magy,mopak_magy,,,ENG,Gs,CE07SHSM,SBD11,MOPAK
CE07SHSM-SBD11-01-MOPAK0000,mopak_magz,mopak_magz,,,ENG,Gs,CE07SHSM,SBD11,MOPAK
CE07SHSM-SBD11-01-MOPAK0000,mopak_timer,mopak_timer,,,ENG,counts,CE07SHSM,SBD11,MOPAK
CE07SHSM-SBD11-01-MOPAK0000,mopak_roll,mopak_roll,,,ENG,degrees,CE07SHSM,SBD11,MOPAK
CE07SHSM-SBD11-01-MOPAK0000,mopak_pitch,mopak_pitch,,,ENG,degrees,CE07SHSM,SBD11,MOPAK
CE07SHSM-SBD11-01-MOPAK0000,mopak_yaw,mopak_yaw,,,ENG,degrees,CE07SHSM,SBD11,MOPAK
CE07SHSM-SBD11-01-MOPAK0000,time,time,,,ENG,seconds since 1900-01-01,CE07SHSM,SBD11,MOPAK
CE07SHSM-SBD11-01-MOPAK0000,ingestion_timestamp,ingestion_timestamp,,,ENG,seconds since 1900-01-01,CE07SHSM,SBD11,MOPAK
CE07SHSM-SBD11-02-HYDGN0000,driver_timestamp,driver_timestamp,,,ENG,seconds since 1900-01-01,CE07SHSM,SBD11,HYDGN
CE07SHSM-SBD11-02-HYDGN0000,internal_timestamp,internal_timestamp,,,ENG,seconds since 1900-01-01,CE07SHSM,SBD11,HYDGN
CE07SHSM-SBD11-02-HYDGN0000,preferred_timestamp,preferred_timestamp,,,ENG,1,CE07SHSM,SBD11,HYDGN
CE07SHSM-SBD11-02-HYDGN0000,dcl_controller_timestamp,dcl_controller_timestamp,,,ENG,1,CE07SHSM,SBD11,HYDGN
CE07SHSM-SBD11-02-HYDGN0000,hyd_raw,hyd_raw,,,AUX,counts,CE07SHSM,SBD11,HYDGN
CE07SHSM-SBD11-02-HYDGN0000,hyd_percent,hyd_percent,,,AUX,Percentage,CE07SHSM,SBD11,HYDGN
CE07SHSM-SBD11-02-HYDGN0000,time,time,,,ENG,seconds since 1900-01-01,CE07SHSM,SBD11,HYDGN
CE07SHSM-SBD11-02-HYDGN0000,ingestion_timestamp,ingestion_timestamp,,,ENG,seconds since 1900-01-01,CE07SHSM,SBD11,HYDGN
CE07SHSM-SBD11-04-PCO2AA000,irga_detector_temperature,irga_detector_temperature,,,AUX,deg_C,CE07SHSM,SBD11,PCO2A
CE07SHSM-SBD11-04-PCO2AA000,irga_source_temperature,irga_source_temperature,,,AUX,deg_C,CE07SHSM,SBD11,PCO2A
CE07SHSM-SBD11-04-PCO2AA000,partial_pressure_co2_atm,partial_pressure_co2_atm,180,500,L1,uatm,CE07SHSM,SBD11,PCO2A
CE07SHSM-SBD11-04-PCO2AA000,partial_pressure_co2_ssw,partial_pressure_co2_ssw,100,600,L1,uatm,CE07SHSM,SBD11,PCO2A
CE07SHSM-SBD11-04-PCO2AA000,driver_timestamp,driver_timestamp,,,ENG,seconds since 1900-01-01,CE07SHSM,SBD11,PCO2A
CE07SHSM-SBD11-04-PCO2AA000,internal_timestamp,internal_timestamp,,,ENG,seconds since 1900-01-01,CE07SHSM,SBD11,PCO2A
CE07SHSM-SBD11-04-PCO2AA000,preferred_timestamp,preferred_timestamp,,,ENG,1,CE07SHSM,SBD11,PCO2A
CE07SHSM-SBD11-04-PCO2AA000,dcl_controller_timestamp,dcl_controller_timestamp,,,ENG,1,CE07SHSM,SBD11,PCO2A
CE07SHSM-SBD11-04-PCO2AA000,pco2_co2flux,pco2_co2flux,,,L2,mol m-2 s-1,CE07SHSM,SBD11,PCO2A
CE07SHSM-SBD11-04-PCO2AA000,time,time,,,ENG,seconds since 1900-01-01,CE07SHSM,SBD11,PCO2A
CE07SHSM-SBD11-04-PCO2AA000,ingestion_timestamp,ingestion_timestamp,,,ENG,seconds since 1900-01-01,CE07SHSM,SBD11,PCO2A
CE07SHSM-SBD11-04-PCO2AA000,date_time_string,date_time_string,,,,1,CE07SHSM,SBD11,PCO2A
CE07SHSM-SBD11-04-PCO2AA000,zero_a2d,zero_a2d,,,,counts,CE07SHSM,SBD11,PCO2A
CE07SHSM-SBD11-04-PCO2AA000,current_a2d,current_a2d,,,,counts,CE07SHSM,SBD11,PCO2A
CE07SHSM-SBD11-04-PCO2AA000,measured_air_co2,measured_air_co2,,,L0,ppm,CE07SHSM,SBD11,PCO2A
CE07SHSM-SBD11-04-PCO2AA000,measured_water_co2,measured_water_co2,,,L0,ppm,CE07SHSM,SBD11,PCO2A
CE07SHSM-SBD11-04-PCO2AA000,avg_irga_temperature,avg_irga_temperature,,,AUX,deg_C,CE07SHSM,SBD11,PCO2A
CE07SHSM-SBD11-04-PCO2AA000,humidity,humidity,,,AUX,mbar,CE07SHSM,SBD11,PCO2A
CE07SHSM-SBD11-04-PCO2AA000,humidity_temperature,humidity_temperature,,,AUX,deg_C,CE07SHSM,SBD11,PCO2A
CE07SHSM-SBD11-04-PCO2AA000,gas_stream_pressure,gas_stream_pressure,,,L0,mbar,CE07SHSM,SBD11,PCO2A
CE07SHSM-SBD11-06-METBKA000,port_timestamp,port_timestamp,,,ENG,seconds since 1900-01-01,CE07SHSM,SBD11,METBK
CE07SHSM-SBD11-06-METBKA000,barometric_pressure,barometric_pressure,,,L0,mbar,CE07SHSM,SBD11,METBK
CE07SHSM-SBD11-06-METBKA000,relative_humidity,relative_humidity,0,100,L1,%,CE07SHSM,SBD11,METBK
CE07SHSM-SBD11-06-METBKA000,air_temperature,air_temperature,-50,50,L1,deg_C,CE07SHSM,SBD11,METBK
CE07SHSM-SBD11-06-METBKA000,longwave_irradiance,longwave_irradiance,200,500,L1,W m-2,CE07SHSM,SBD11,METBK
CE07SHSM-SBD11-06-METBKA000,precipitation,precipitation,0,50,L1,mm,CE07SHSM,SBD11,METBK
CE07SHSM-SBD11-06-METBKA000,sea_surface_temperature,sea_surface_temperature,-2,40,L1,deg_C,CE07SHSM,SBD11,METBK
CE07SHSM-SBD11-06-METBKA000,sea_surface_conductivity,sea_surface_conductivity,0,6,L1,S m-1,CE07SHSM,SBD11,METBK
CE07SHSM-SBD11-06-METBKA000,shortwave_irradiance,shortwave_irradiance,0,1000,L1,W m-2,CE07SHSM,SBD11,METBK
CE07SHSM-SBD11-06-METBKA000,eastward_wind_velocity,eastward_wind_velocity,-10,10,L0,m s-1,CE07SHSM,SBD11,METBK
CE07SHSM-SBD11-06-METBKA000,northward_wind_velocity,northward_wind_velocity,-10,10,L0,m s-1,CE07SHSM,SBD11,METBK
CE07SHSM-SBD11-06-METBKA000,driver_timestamp,driver_timestamp,,,ENG,seconds since 1900-01-01,CE07SHSM,SBD11,METBK
CE07SHSM-SBD11-06-METBKA000,internal_timestamp,internal_timestamp,,,ENG,seconds since 1900-01-01,CE07SHSM,SBD11,METBK
CE07SHSM-SBD11-06-METBKA000,preferred_timestamp,preferred_timestamp,,,ENG,1,CE07SHSM,SBD11,METBK
CE07SHSM-SBD11-06-METBKA000,dcl_controller_timestamp,dcl_controller_timestamp,,,ENG,1,CE07SHSM,SBD11,METBK
CE07SHSM-SBD11-06-METBKA000,met_barpres,met_barpres,87000,108330,L1,Pa,CE07SHSM,SBD11,METBK
CE07SHSM-SBD11-06-METBKA000,met_windavg_mag_corr_east,met_windavg_mag_corr_east,-33,33,L1,m s-1,CE07SHSM,SBD11,METBK
CE07SHSM-SBD11-06-METBKA000,met_windavg_mag_corr_north,met_windavg_mag_corr_north,-33,33,L1,m s-1,CE07SHSM,SBD11,METBK
CE07SHSM-SBD11-06-METBKA000,met_current_direction,met_current_direction,0,360,L1,degrees,CE07SHSM,SBD11,METBK
CE07SHSM-SBD11-06-METBKA000,met_current_speed,met_current_speed,-3,3,L1,m s-1,CE07SHSM,SBD11,METBK
CE07SHSM-SBD11-06-METBKA000,met_relwind_direction,met_relwind_direction,0,360,L1,degrees,CE07SHSM,SBD11,METBK
CE07SHSM-SBD11-06-METBKA000,met_relwind_speed,met_relwind_speed,-33,33,L1,m s-1,CE07SHSM,SBD11,METBK
CE07SHSM-SBD11-06-METBKA000,met_timeflx,met_timeflx,,,L1,seconds since 01-01-1900,CE07SHSM,SBD11,METBK
CE07SHSM-SBD11-06-METBKA000,met_netsirr,met_netsirr,0,500,L1,W m-2,CE07SHSM,SBD11,METBK
CE07SHSM-SBD11-06-METBKA000,met_rainrte,met_rainrte,0,50,L2,mm hr-1,CE07SHSM,SBD11,METBK
CE07SHSM-SBD11-06-METBKA000,met_salsurf,met_salsurf,0,42,L2,1,CE07SHSM,SBD11,METBK
CE07SHSM-SBD11-06-METBKA000,met_spechum,met_spechum,0,47,L2,g kg-1,CE07SHSM,SBD11,METBK
CE07SHSM-SBD11-06-METBKA000,met_buoyfls,met_buoyfls,,,L2,W m-2,CE07SHSM,SBD11,METBK
CE07SHSM-SBD11-06-METBKA000,met_buoyflx,met_buoyflx,,,L2,W m-2,CE07SHSM,SBD11,METBK
CE07SHSM-SBD11-06-METBKA000,met_frshflx,met_frshflx,,,L2,mm hr-1,CE07SHSM,SBD11,METBK
CE07SHSM-SBD11-06-METBKA000,met_heatflx,met_heatflx,,,L2,W m-2,CE07SHSM,SBD11,METBK
CE07SHSM-SBD11-06-METBKA000,met_latnflx,met_latnflx,,,L2,W m-2,CE07SHSM,SBD11,METBK
CE07SHSM-SBD11-06-METBKA000,met_mommflx,met_mommflx,,,L2,N m-2,CE07SHSM,SBD11,METBK
CE07SHSM-SBD11-06-METBKA000,met_netlirr,met_netlirr,,,L2,W m-2,CE07SHSM,SBD11,METBK
CE07SHSM-SBD11-06-METBKA000,met_rainflx,met_rainflx,,,L2,W m-2,CE07SHSM,SBD11,METBK
CE07SHSM-SBD11-06-METBKA000,met_sensflx,met_sensflx,,,L2,W m-2,CE07SHSM,SBD11,METBK
CE07SHSM-SBD11-06-METBKA000,met_sphum2m,met_sphum2m,0,47,L2,g kg-1,CE07SHSM,SBD11,METBK
CE07SHSM-SBD11-06-METBKA000,met_stablty,met_stablty,,,L2,1,CE07SHSM,SBD11,METBK
CE07SHSM-SBD11-06-METBKA000,met_tempa2m,met_tempa2m,-50,50,L2,deg_C,CE07SHSM,SBD11,METBK
CE07SHSM-SBD11-06-METBKA000,met_tempskn,met_tempskn,-2,40,L2,degC,CE07SHSM,SBD11,METBK
CE07SHSM-SBD11-06-METBKA000,met_wind10m,met_wind10m,-33,33,L2,m s-1,CE07SHSM,SBD11,METBK
CE07SHSM-SBD11-06-METBKA000,time,time,,,ENG,seconds since 1900-01-01,CE07SHSM,SBD11,METBK
CE07SHSM-SBD11-06-METBKA000,ingestion_timestamp,ingestion_timestamp,,,ENG,seconds since 1900-01-01,CE07SHSM,SBD11,METBK
CE07SHSM-SBD12-03-HYDGN0000,driver_timestamp,driver_timestamp,,,ENG,seconds since 1900-01-01,CE07SHSM,SBD12,HYDGN
CE07SHSM-SBD12-03-HYDGN0000,internal_timestamp,internal_timestamp,,,ENG,seconds since 1900-01-01,CE07SHSM,SBD12,HYDGN
CE07SHSM-SBD12-03-HYDGN0000,preferred_timestamp,preferred_timestamp,,,ENG,1,CE07SHSM,SBD12,HYDGN
CE07SHSM-SBD12-03-HYDGN0000,dcl_controller_timestamp,dcl_controller_timestamp,,,ENG,1,CE07SHSM,SBD12,HYDGN
CE07SHSM-SBD12-03-HYDGN0000,hyd_raw,hyd_raw,,,AUX,counts,CE07SHSM,SBD12,HYDGN
CE07SHSM-SBD12-03-HYDGN0000,hyd_percent,hyd_percent,,,AUX,Percentage,CE07SHSM,SBD12,HYDGN
CE07SHSM-SBD12-03-HYDGN0000,time,time,,,ENG,seconds since 1900-01-01,CE07SHSM,SBD12,HYDGN
CE07SHSM-SBD12-03-HYDGN0000,ingestion_timestamp,ingestion_timestamp,,,ENG,seconds since 1900-01-01,CE07SHSM,SBD12,HYDGN
CE07SHSM-SBD12-04-VELPTA000,driver_timestamp,driver_timestamp,,,ENG,seconds since 1900-01-01,CE07SHSM,SBD12,VELPT
CE07SHSM-SBD12-04-VELPTA000,firmware_version,firmware_version,,,,1,CE07SHSM,SBD12,VELPT
CE07SHSM-SBD12-04-VELPTA000,eastward_velocity,eastward_velocity,-3,3,L1,m s-1,CE07SHSM,SBD12,VELPT
CE07SHSM-SBD12-04-VELPTA000,northward_velocity,northward_velocity,-3,3,L1,m s-1,CE07SHSM,SBD12,VELPT
CE07SHSM-SBD12-04-VELPTA000,upward_velocity,upward_velocity,-1,1,L1,m s-1,CE07SHSM,SBD12,VELPT
CE07SHSM-SBD12-04-VELPTA000,internal_timestamp,internal_timestamp,,,ENG,seconds since 1900-01-01,CE07SHSM,SBD12,VELPT
CE07SHSM-SBD12-04-VELPTA000,preferred_timestamp,preferred_timestamp,,,ENG,1,CE07SHSM,SBD12,VELPT
CE07SHSM-SBD12-04-VELPTA000,velpt_ab_eastward_velocity,velpt_ab_eastward_velocity,-3,3,L1,m s-1,CE07SHSM,SBD12,VELPT
CE07SHSM-SBD12-04-VELPTA000,velpt_ab_northward_velocity,velpt_ab_northward_velocity,-3,3,L1,m s-1,CE07SHSM,SBD12,VELPT
CE07SHSM-SBD12-04-VELPTA000,velpt_ab_upward_velocity,velpt_ab_upward_velocity,-1,1,L1,m s-1,CE07SHSM,SBD12,VELPT
CE07SHSM-SBD12-04-VELPTA000,number_of_beam_sequences,number_of_beam_sequences,,,,counts,CE07SHSM,SBD12,VELPT
CE07SHSM-SBD12-04-VELPTA000,number_of_beams_in_diagnostics_mode,number_of_beams_in_diagnostics_mode,,,,counts,CE07SHSM,SBD12,VELPT
CE07SHSM-SBD12-04-VELPTA000,reserved_bit_easyq,reserved_bit_easyq,,,,1,CE07SHSM,SBD12,VELPT
CE07SHSM-SBD12-04-VELPTA000,battery_voltage_dv,battery_voltage_dv,,,AUX,dV,CE07SHSM,SBD12,VELPT
CE07SHSM-SBD12-04-VELPTA000,sound_speed_dms,sound_speed_dms,,,AUX,dm s-1,CE07SHSM,SBD12,VELPT
CE07SHSM-SBD12-04-VELPTA000,heading_decidegree,heading_decidegree,,,AUX,deci-degrees,CE07SHSM,SBD12,VELPT
CE07SHSM-SBD12-04-VELPTA000,roll_decidegree,roll_decidegree,,,AUX,deci-degrees,CE07SHSM,SBD12,VELPT
CE07SHSM-SBD12-04-VELPTA000,pitch_decidegree,pitch_decidegree,,,AUX,deci-degrees,CE07SHSM,SBD12,VELPT
CE07SHSM-SBD12-04-VELPTA000,temperature_centidegree,temperature_centidegree,,,AUX,cdeg_C,CE07SHSM,SBD12,VELPT
CE07SHSM-SBD12-04-VELPTA000,pressure_mbar,pressure_mbar,,,AUX,0.001 dbar,CE07SHSM,SBD12,VELPT
CE07SHSM-SBD12-04-VELPTA000,error_code,error_code,,,,1,CE07SHSM,SBD12,VELPT
CE07SHSM-SBD12-04-VELPTA000,analog1,analog1,,,,1,CE07SHSM,SBD12,VELPT
CE07SHSM-SBD12-04-VELPTA000,status,status,,,,1,CE07SHSM,SBD12,VELPT
CE07SHSM-SBD12-04-VELPTA000,velocity_beam1,velocity_beam1,,,L0,mm s-1,CE07SHSM,SBD12,VELPT
CE07SHSM-SBD12-04-VELPTA000,velocity_beam2,velocity_beam2,,,L0,mm s-1,CE07SHSM,SBD12,VELPT
CE07SHSM-SBD12-04-VELPTA000,velocity_beam3,velocity_beam3,,,L0,mm s-1,CE07SHSM,SBD12,VELPT
CE07SHSM-SBD12-04-VELPTA000,amplitude_beam1,amplitude_beam1,,,AUX,counts,CE07SHSM,SBD12,VELPT
CE07SHSM-SBD12-04-VELPTA000,amplitude_beam2,amplitude_beam2,,,AUX,counts,CE07SHSM,SBD12,VELPT
CE07SHSM-SBD12-04-VELPTA000,amplitude_beam3,amplitude_beam3,,,AUX,counts,CE07SHSM,SBD12,VELPT
CE07SHSM-SBD12-04-VELPTA000,records_to_follow,records_to_follow,,,,1,CE07SHSM,SBD12,VELPT
CE07SHSM-SBD12-04-VELPTA000,cell_number_diagnostics,cell_number_diagnostics,,,,1,CE07SHSM,SBD12,VELPT
CE07SHSM-SBD12-04-VELPTA000,noise_amplitude_beam1,noise_amplitude_beam1,,,,counts,CE07SHSM,SBD12,VELPT
CE07SHSM-SBD12-04-VELPTA000,noise_amplitude_beam2,noise_amplitude_beam2,,,,counts,CE07SHSM,SBD12,VELPT
CE07SHSM-SBD12-04-VELPTA000,noise_amplitude_beam3,noise_amplitude_beam3,,,,counts,CE07SHSM,SBD12,VELPT
CE07SHSM-SBD12-04-VELPTA000,noise_amplitude_beam4,noise_amplitude_beam4,,,,counts,CE07SHSM,SBD12,VELPT
CE07SHSM-SBD12-04-VELPTA000,processing_magnitude_beam1,processing_magnitude_beam1,,,,1,CE07SHSM,SBD12,VELPT
CE07SHSM-SBD12-04-VELPTA000,processing_magnitude_beam2,processing_magnitude_beam2,,,,1,CE07SHSM,SBD12,VELPT
CE07SHSM-SBD12-04-VELPTA000,processing_magnitude_beam3,processing_magnitude_beam3,,,,1,CE07SHSM,SBD12,VELPT
CE07SHSM-SBD12-04-VELPTA000,processing_magnitude_beam4,processing_magnitude_beam4,,,,1,CE07SHSM,SBD12,VELPT
CE07SHSM-SBD12-04-VELPTA000,distance_beam1,distance_beam1,,,,1,CE07SHSM,SBD12,VELPT
CE07SHSM-SBD12-04-VELPTA000,distance_beam2,distance_beam2,,,,1,CE07SHSM,SBD12,VELPT
CE07SHSM-SBD12-04-VELPTA000,distance_beam3,distance_beam3,,,,1,CE07SHSM,SBD12,VELPT
CE07SHSM-SBD12-04-VELPTA000,distance_beam4,distance_beam4,,,,1,CE07SHSM,SBD12,VELPT
CE07SHSM-SBD12-04-VELPTA000,instrmt_type_serial_number,instrmt_type_serial_number,,,,1,CE07SHSM,SBD12,VELPT
CE07SHSM-SBD12-04-VELPTA000,pic_version,pic_version,,,,1,CE07SHSM,SBD12,VELPT
CE07SHSM-SBD12-04-VELPTA000,hardware_revision,hardware_revision,,,,1,CE07SHSM,SBD12,VELPT
CE07SHSM-SBD12-04-VELPTA000,recorder_size,recorder_size,,,,bytes,CE07SHSM,SBD12,VELPT
CE07SHSM-SBD12-04-VELPTA000,velocity_range,velocity_range,,,,1,CE07SHSM,SBD12,VELPT
CE07SHSM-SBD12-04-VELPTA000,pressure_sensor,pressure_sensor,,,,1,CE07SHSM,SBD12,VELPT
CE07SHSM-SBD12-04-VELPTA000,magnetometer_sensor,magnetometer_sensor,,,,1,CE07SHSM,SBD12,VELPT
CE07SHSM-SBD12-04-VELPTA000,tilt_sensor,tilt_sensor,,,,1,CE07SHSM,SBD12,VELPT
CE07SHSM-SBD12-04-VELPTA000,tilt_sensor_mounting,tilt_sensor_mounting,,,,1,CE07SHSM,SBD12,VELPT
CE07SHSM-SBD12-04-VELPTA000,head_frequency,head_frequency,,,,kHz,CE07SHSM,SBD12,VELPT
CE07SHSM-SBD12-04-VELPTA000,head_type,head_type,,,,1,CE07SHSM,SBD12,VELPT
CE07SHSM-SBD12-04-VELPTA000,head_serial_number,head_serial_number,,,,1,CE07SHSM,SBD12,VELPT
CE07SHSM-SBD12-04-VELPTA000,number_beams,number_beams,,,,1,CE07SHSM,SBD12,VELPT
CE07SHSM-SBD12-04-VELPTA000,transmit_pulse_length,transmit_pulse_length,,,,counts,CE07SHSM,SBD12,VELPT
CE07SHSM-SBD12-04-VELPTA000,blanking_distance,blanking_distance,,,,counts,CE07SHSM,SBD12,VELPT
CE07SHSM-SBD12-04-VELPTA000,receive_length,receive_length,,,,counts,CE07SHSM,SBD12,VELPT
CE07SHSM-SBD12-04-VELPTA000,time_between_pings,time_between_pings,,,,counts,CE07SHSM,SBD12,VELPT
CE07SHSM-SBD12-04-VELPTA000,time_between_bursts,time_between_bursts,,,,counts,CE07SHSM,SBD12,VELPT
CE07SHSM-SBD12-04-VELPTA000,average_interval,average_interval,,,,s,CE07SHSM,SBD12,VELPT
CE07SHSM-SBD12-04-VELPTA000,compass_update_rate,compass_update_rate,,,,Hz,CE07SHSM,SBD12,VELPT
CE07SHSM-SBD12-04-VELPTA000,coordinate_system,coordinate_system,,,,1,CE07SHSM,SBD12,VELPT
CE07SHSM-SBD12-04-VELPTA000,number_cells,number_cells,,,,1,CE07SHSM,SBD12,VELPT
CE07SHSM-SBD12-04-VELPTA000,measurement_interval,measurement_interval,,,,s,CE07SHSM,SBD12,VELPT
CE07SHSM-SBD12-04-VELPTA000,deployment_name,deployment_name,,,,1,CE07SHSM,SBD12,VELPT
CE07SHSM-SBD12-04-VELPTA000,diagnostics_interval,diagnostics_interval,,,,s,CE07SHSM,SBD12,VELPT
CE07SHSM-SBD12-04-VELPTA000,use_specified_sound_speed,use_specified_sound_speed,,,,1,CE07SHSM,SBD12,VELPT
CE07SHSM-SBD12-04-VELPTA000,diagnostics_mode_enable,diagnostics_mode_enable,,,,1,CE07SHSM,SBD12,VELPT
CE07SHSM-SBD12-04-VELPTA000,analog_output_enable,analog_output_enable,,,,1,CE07SHSM,SBD12,VELPT
CE07SHSM-SBD12-04-VELPTA000,output_format_nortek,output_format_nortek,,,,1,CE07SHSM,SBD12,VELPT
CE07SHSM-SBD12-04-VELPTA000,scaling,scaling,,,,1,CE07SHSM,SBD12,VELPT
CE07SHSM-SBD12-04-VELPTA000,serial_output_enable,serial_output_enable,,,,1,CE07SHSM,SBD12,VELPT
CE07SHSM-SBD12-04-VELPTA000,stage_enable,stage_enable,,,,1,CE07SHSM,SBD12,VELPT
CE07SHSM-SBD12-04-VELPTA000,analog_power_output,analog_power_output,,,,1,CE07SHSM,SBD12,VELPT
CE07SHSM-SBD12-04-VELPTA000,sound_speed_adjust_factor,sound_speed_adjust_factor,,,,m s-1,CE07SHSM,SBD12,VELPT
CE07SHSM-SBD12-04-VELPTA000,number_diagnostics_samples,number_diagnostics_samples,,,,1,CE07SHSM,SBD12,VELPT
CE07SHSM-SBD12-04-VELPTA000,number_pings_diagnostic,number_pings_diagnostic,,,,1,CE07SHSM,SBD12,VELPT
CE07SHSM-SBD12-04-VELPTA000,software_version,software_version,,,,1,CE07SHSM,SBD12,VELPT
CE07SHSM-SBD12-04-VELPTA000,correlation_threshold,correlation_threshold,,,,1,CE07SHSM,SBD12,VELPT
CE07SHSM-SBD12-04-VELPTA000,time,time,,,ENG,seconds since 1900-01-01,CE07SHSM,SBD12,VELPT
CE07SHSM-SBD12-04-VELPTA000,ingestion_timestamp,ingestion_timestamp,,,ENG,seconds since 1900-01-01,CE07SHSM,SBD12,VELPT
CE07SHSM-SBD12-04-VELPTA000,date_time_string,date_time_string,,,,1,CE07SHSM,SBD12,VELPT
CE07SHSM-SBD12-05-WAVSSA000,driver_timestamp,driver_timestamp,,,ENG,seconds since 1900-01-01,CE07SHSM,SBD12,WAVSS
CE07SHSM-SBD12-05-WAVSSA000,date_string,date_string,,,ENG,1,CE07SHSM,SBD12,WAVSS
CE07SHSM-SBD12-05-WAVSSA000,time_string,time_string,,,ENG,1,CE07SHSM,SBD12,WAVSS
CE07SHSM-SBD12-05-WAVSSA000,internal_timestamp,internal_timestamp,,,ENG,seconds since 1900-01-01,CE07SHSM,SBD12,WAVSS
CE07SHSM-SBD12-05-WAVSSA000,preferred_timestamp,preferred_timestamp,,,ENG,1,CE07SHSM,SBD12,WAVSS
CE07SHSM-SBD12-05-WAVSSA000,dcl_controller_timestamp,dcl_controller_timestamp,,,ENG,1,CE07SHSM,SBD12,WAVSS
CE07SHSM-SBD12-05-WAVSSA000,number_zero_crossings,number_zero_crossings,,,L0,counts,CE07SHSM,SBD12,WAVSS
CE07SHSM-SBD12-05-WAVSSA000,average_wave_height,average_wave_height,0,12,L0,m,CE07SHSM,SBD12,WAVSS
CE07SHSM-SBD12-05-WAVSSA000,mean_spectral_period,mean_spectral_period,,,,sec,CE07SHSM,SBD12,WAVSS
CE07SHSM-SBD12-05-WAVSSA000,max_wave_height,max_wave_height,0,30,L0,m,CE07SHSM,SBD12,WAVSS
CE07SHSM-SBD12-05-WAVSSA000,significant_wave_height,significant_wave_height,0,18,L0,m,CE07SHSM,SBD12,WAVSS
CE07SHSM-SBD12-05-WAVSSA000,significant_period,significant_period,3,20,L0,sec,CE07SHSM,SBD12,WAVSS
CE07SHSM-SBD12-05-WAVSSA000,wave_height_10,wave_height_10,0,23,L0,m,CE07SHSM,SBD12,WAVSS
CE07SHSM-SBD12-05-WAVSSA000,wave_period_10,wave_period_10,3,30,L0,sec,CE07SHSM,SBD12,WAVSS
CE07SHSM-SBD12-05-WAVSSA000,mean_wave_period,mean_wave_period,3,30,L0,sec,CE07SHSM,SBD12,WAVSS
CE07SHSM-SBD12-05-WAVSSA000,peak_wave_period,peak_wave_period,3,30,L0,sec,CE07SHSM,SBD12,WAVSS
CE07SHSM-SBD12-05-WAVSSA000,wave_period_tp5,wave_period_tp5,3,30,L0,sec,CE07SHSM,SBD12,WAVSS
CE07SHSM-SBD12-05-WAVSSA000,wave_height_hmo,wave_height_hmo,0,30,L0,m,CE07SHSM,SBD12,WAVSS
CE07SHSM-SBD12-05-WAVSSA000,mean_direction,mean_direction,0,360,L0,degrees,CE07SHSM,SBD12,WAVSS
CE07SHSM-SBD12-05-WAVSSA000,mean_spread,mean_spread,,,,degrees,CE07SHSM,SBD12,WAVSS
CE07SHSM-SBD12-05-WAVSSA000,number_bands,number_bands,,,,1,CE07SHSM,SBD12,WAVSS
CE07SHSM-SBD12-05-WAVSSA000,initial_frequency,initial_frequency,,,,Hz,CE07SHSM,SBD12,WAVSS
CE07SHSM-SBD12-05-WAVSSA000,frequency_spacing,frequency_spacing,,,,Hz,CE07SHSM,SBD12,WAVSS
CE07SHSM-SBD12-05-WAVSSA000,psd_non_directional,psd_non_directional,,,L0,m2 Hz-1,CE07SHSM,SBD12,WAVSS
CE07SHSM-SBD12-05-WAVSSA000,psd_mean_directional,psd_mean_directional,,,L0,m2 Hz-1,CE07SHSM,SBD12,WAVSS
CE07SHSM-SBD12-05-WAVSSA000,mean_direction_array,mean_direction_array,0,360,L0,degrees,CE07SHSM,SBD12,WAVSS
CE07SHSM-SBD12-05-WAVSSA000,directional_spread_array,directional_spread_array,0,360,L0,degrees,CE07SHSM,SBD12,WAVSS
CE07SHSM-SBD12-05-WAVSSA000,number_time_samples,number_time_samples,,,,1,CE07SHSM,SBD12,WAVSS
CE07SHSM-SBD12-05-WAVSSA000,initial_time,initial_time,,,,sec,CE07SHSM,SBD12,WAVSS
CE07SHSM-SBD12-05-WAVSSA000,time_spacing,time_spacing,,,,sec,CE07SHSM,SBD12,WAVSS
CE07SHSM-SBD12-05-WAVSSA000,solution_found,solution_found,,,,1,CE07SHSM,SBD12,WAVSS
CE07SHSM-SBD12-05-WAVSSA000,heave_offset_array,heave_offset_array,0,3,L0,m,CE07SHSM,SBD12,WAVSS
CE07SHSM-SBD12-05-WAVSSA000,north_offset_array,north_offset_array,0,50,L0,m,CE07SHSM,SBD12,WAVSS
CE07SHSM-SBD12-05-WAVSSA000,east_offset_array,east_offset_array,0,50,L0,m,CE07SHSM,SBD12,WAVSS
CE07SHSM-SBD12-05-WAVSSA000,number_directional_bands,number_directional_bands,,,,1,CE07SHSM,SBD12,WAVSS
CE07SHSM-SBD12-05-WAVSSA000,initial_directional_frequency,initial_directional_frequency,,,,Hz,CE07SHSM,SBD12,WAVSS
CE07SHSM-SBD12-05-WAVSSA000,directional_frequency_spacing,directional_frequency_spacing,,,,Hz,CE07SHSM,SBD12,WAVSS
CE07SHSM-SBD12-05-WAVSSA000,fourier_coefficient_2d_array,fourier_coefficient_2d_array,,,,1,CE07SHSM,SBD12,WAVSS
CE07SHSM-SBD12-05-WAVSSA000,spread_direction,spread_direction,0,360,L0,degrees,CE07SHSM,SBD12,WAVSS
CE07SHSM-SBD12-05-WAVSSA000,wavss_a_directional_frequency,wavss_a_directional_frequency,,,L1,Hz,CE07SHSM,SBD12,WAVSS
CE07SHSM-SBD12-05-WAVSSA000,wavss_a_non_directional_frequency,wavss_a_non_directional_frequency,,,L1,Hz,CE07SHSM,SBD12,WAVSS
CE07SHSM-SBD12-05-WAVSSA000,wavss_a_buoymotion_time,wavss_a_buoymotion_time,,,L1,seconds since 1900-01-01,CE07SHSM,SBD12,WAVSS
CE07SHSM-SBD12-05-WAVSSA000,wavss_a_corrected_mean_wave_direction,wavss_a_corrected_mean_wave_direction,0,360,L1,deg,CE07SHSM,SBD12,WAVSS
CE07SHSM-SBD12-05-WAVSSA000,wavss_a_corrected_directional_wave_direction,wavss_a_corrected_directional_wave_direction,0,360,L1,deg,CE07SHSM,SBD12,WAVSS
CE07SHSM-SBD12-05-WAVSSA000,wavss_a_magcor_buoymotion_x,wavss_a_magcor_buoymotion_x,0,50,L1,m,CE07SHSM,SBD12,WAVSS
CE07SHSM-SBD12-05-WAVSSA000,wavss_a_magcor_buoymotion_y,wavss_a_magcor_buoymotion_y,0,50,L1,m,CE07SHSM,SBD12,WAVSS
CE07SHSM-SBD12-05-WAVSSA000,serial_number,serial_number,,,ENG,1,CE07SHSM,SBD12,WAVSS
CE07SHSM-SBD12-05-WAVSSA000,time,time,,,ENG,seconds since 1900-01-01,CE07SHSM,SBD12,WAVSS
CE07SHSM-SBD12-05-WAVSSA000,ingestion_timestamp,ingestion_timestamp,,,ENG,seconds since 1900-01-01,CE07SHSM,SBD12,WAVSS
CE07SHSP-SP001-01-DOSTAJ000,product_number,product_number,,,,1,CE07SHSP,SP001,DOSTA
CE07SHSP-SP001-01-DOSTAJ000,driver_timestamp,driver_timestamp,,,ENG,seconds since 1900-01-01,CE07SHSP,SP001,DOSTA
CE07SHSP-SP001-01-DOSTAJ000,internal_timestamp,internal_timestamp,,,ENG,seconds since 1900-01-01,CE07SHSP,SP001,DOSTA
CE07SHSP-SP001-01-DOSTAJ000,preferred_timestamp,preferred_timestamp,,,ENG,1,CE07SHSP,SP001,DOSTA
CE07SHSP-SP001-01-DOSTAJ000,profiler_timestamp,profiler_timestamp,,,ENG,seconds since 1970-01-01,CE07SHSP,SP001,DOSTA
CE07SHSP-SP001-01-DOSTAJ000,last_character_controller_id,last_character_controller_id,,,,1,CE07SHSP,SP001,DOSTA
CE07SHSP-SP001-01-DOSTAJ000,day_of_year_number,day_of_year_number,,,,1,CE07SHSP,SP001,DOSTA
CE07SHSP-SP001-01-DOSTAJ000,fraction_of_day,fraction_of_day,,,,1,CE07SHSP,SP001,DOSTA
CE07SHSP-SP001-01-DOSTAJ000,source_file,source_file,,,,1,CE07SHSP,SP001,DOSTA
CE07SHSP-SP001-01-DOSTAJ000,processing_time,processing_time,,,,1,CE07SHSP,SP001,DOSTA
CE07SHSP-SP001-01-DOSTAJ000,preprocessing_software_version,preprocessing_software_version,,,ENG,1,CE07SHSP,SP001,DOSTA
CE07SHSP-SP001-01-DOSTAJ000,start_date,start_date,,,,1,CE07SHSP,SP001,DOSTA
CE07SHSP-SP001-01-DOSTAJ000,pressure_depth,pressure_depth,,,AUX,dbar,CE07SHSP,SP001,DOSTA
CE07SHSP-SP001-01-DOSTAJ000,suspect_timestamp,suspect_timestamp,,,,1,CE07SHSP,SP001,DOSTA
CE07SHSP-SP001-01-DOSTAJ000,dosta_abcdjm_cspp_tc_oxygen,dosta_abcdjm_cspp_tc_oxygen,0,400,L1,umol L-1,CE07SHSP,SP001,DOSTA
CE07SHSP-SP001-01-DOSTAJ000,serial_number,serial_number,,,ENG,1,CE07SHSP,SP001,DOSTA
CE07SHSP-SP001-01-DOSTAJ000,dosta_abcdjm_cspp_abs_oxygen,dosta_abcdjm_cspp_abs_oxygen,0,400,L2,umol kg-1,CE07SHSP,SP001,DOSTA
CE07SHSP-SP001-01-DOSTAJ000,time,time,,,ENG,seconds since 1900-01-01,CE07SHSP,SP001,DOSTA
CE07SHSP-SP001-01-DOSTAJ000,ingestion_timestamp,ingestion_timestamp,,,ENG,seconds since 1900-01-01,CE07SHSP,SP001,DOSTA
CE07SHSP-SP001-01-DOSTAJ000,estimated_oxygen_concentration,estimated_oxygen_concentration,0,400,L1,umol L-1,CE07SHSP,SP001,DOSTA
CE07SHSP-SP001-01-DOSTAJ000,optode_temperature,optode_temperature,-2,40,,deg_C,CE07SHSP,SP001,DOSTA
CE07SHSP-SP001-01-DOSTAJ000,calibrated_phase,calibrated_phase,,,L0,degrees,CE07SHSP,SP001,DOSTA
CE07SHSP-SP001-01-DOSTAJ000,temp_compensated_phase,temp_compensated_phase,,,,degrees,CE07SHSP,SP001,DOSTA
CE07SHSP-SP001-01-DOSTAJ000,blue_phase,blue_phase,,,,degrees,CE07SHSP,SP001,DOSTA
CE07SHSP-SP001-01-DOSTAJ000,red_phase,red_phase,,,,degrees,CE07SHSP,SP001,DOSTA
CE07SHSP-SP001-01-DOSTAJ000,blue_amplitude,blue_amplitude,,,,mV,CE07SHSP,SP001,DOSTA
CE07SHSP-SP001-01-DOSTAJ000,red_amplitude,red_amplitude,,,,mV,CE07SHSP,SP001,DOSTA
CE07SHSP-SP001-01-DOSTAJ000,raw_temperature,raw_temperature,,,,mV,CE07SHSP,SP001,DOSTA
CE07SHSP-SP001-02-VELPTJ000,driver_timestamp,driver_timestamp,,,ENG,seconds since 1900-01-01,CE07SHSP,SP001,VELPT
CE07SHSP-SP001-02-VELPTJ000,internal_timestamp,internal_timestamp,,,ENG,seconds since 1900-01-01,CE07SHSP,SP001,VELPT
CE07SHSP-SP001-02-VELPTJ000,preferred_timestamp,preferred_timestamp,,,ENG,1,CE07SHSP,SP001,VELPT
CE07SHSP-SP001-02-VELPTJ000,profiler_timestamp,profiler_timestamp,,,ENG,seconds since 1970-01-01,CE07SHSP,SP001,VELPT
CE07SHSP-SP001-02-VELPTJ000,last_character_controller_id,last_character_controller_id,,,,1,CE07SHSP,SP001,VELPT
CE07SHSP-SP001-02-VELPTJ000,day_of_year_number,day_of_year_number,,,,1,CE07SHSP,SP001,VELPT
CE07SHSP-SP001-02-VELPTJ000,fraction_of_day,fraction_of_day,,,,1,CE07SHSP,SP001,VELPT
CE07SHSP-SP001-02-VELPTJ000,source_file,source_file,,,,1,CE07SHSP,SP001,VELPT
CE07SHSP-SP001-02-VELPTJ000,processing_time,processing_time,,,,1,CE07SHSP,SP001,VELPT
CE07SHSP-SP001-02-VELPTJ000,preprocessing_software_version,preprocessing_software_version,,,ENG,1,CE07SHSP,SP001,VELPT
CE07SHSP-SP001-02-VELPTJ000,start_date,start_date,,,,1,CE07SHSP,SP001,VELPT
CE07SHSP-SP001-02-VELPTJ000,pressure_depth,pressure_depth,,,AUX,dbar,CE07SHSP,SP001,VELPT
CE07SHSP-SP001-02-VELPTJ000,velpt_pressure,velpt_pressure,,,AUX,dbar,CE07SHSP,SP001,VELPT
CE07SHSP-SP001-02-VELPTJ000,velocity_beam1_m_s,velocity_beam1_m_s,,,,m s-1,CE07SHSP,SP001,VELPT
CE07SHSP-SP001-02-VELPTJ000,velocity_beam2_m_s,velocity_beam2_m_s,,,,m s-1,CE07SHSP,SP001,VELPT
CE07SHSP-SP001-02-VELPTJ000,velocity_beam3_m_s,velocity_beam3_m_s,,,,m s-1,CE07SHSP,SP001,VELPT
CE07SHSP-SP001-02-VELPTJ000,suspect_timestamp,suspect_timestamp,,,,1,CE07SHSP,SP001,VELPT
CE07SHSP-SP001-02-VELPTJ000,velpt_j_eastward_velocity,velpt_j_eastward_velocity,-3,3,L1,m s-1,CE07SHSP,SP001,VELPT
CE07SHSP-SP001-02-VELPTJ000,velpt_j_northward_velocity,velpt_j_northward_velocity,-3,3,L1,m s-1,CE07SHSP,SP001,VELPT
CE07SHSP-SP001-02-VELPTJ000,velpt_j_upward_velocity,velpt_j_upward_velocity,-1,1,L1,m s-1,CE07SHSP,SP001,VELPT
CE07SHSP-SP001-02-VELPTJ000,heading,heading,,,AUX,rad,CE07SHSP,SP001,VELPT
CE07SHSP-SP001-02-VELPTJ000,pitch,pitch,,,AUX,rad,CE07SHSP,SP001,VELPT
CE07SHSP-SP001-02-VELPTJ000,roll,roll,,,AUX,rad,CE07SHSP,SP001,VELPT
CE07SHSP-SP001-02-VELPTJ000,temperature,temperature,-2,40,L1,deg_C,CE07SHSP,SP001,VELPT
CE07SHSP-SP001-02-VELPTJ000,amplitude_beam1,amplitude_beam1,,,AUX,counts,CE07SHSP,SP001,VELPT
CE07SHSP-SP001-02-VELPTJ000,amplitude_beam2,amplitude_beam2,,,AUX,counts,CE07SHSP,SP001,VELPT
CE07SHSP-SP001-02-VELPTJ000,amplitude_beam3,amplitude_beam3,,,AUX,counts,CE07SHSP,SP001,VELPT
CE07SHSP-SP001-02-VELPTJ000,speed_of_sound,speed_of_sound,,,AUX,m s-1,CE07SHSP,SP001,VELPT
CE07SHSP-SP001-02-VELPTJ000,time,time,,,ENG,seconds since 1900-01-01,CE07SHSP,SP001,VELPT
CE07SHSP-SP001-02-VELPTJ000,ingestion_timestamp,ingestion_timestamp,,,ENG,seconds since 1900-01-01,CE07SHSP,SP001,VELPT
CE07SHSP-SP001-04-OPTAAJ000,driver_timestamp,driver_timestamp,,,ENG,seconds since 1900-01-01,CE07SHSP,SP001,OPTAA
CE07SHSP-SP001-04-OPTAAJ000,internal_timestamp,internal_timestamp,,,ENG,seconds since 1900-01-01,CE07SHSP,SP001,OPTAA
CE07SHSP-SP001-04-OPTAAJ000,preferred_timestamp,preferred_timestamp,,,ENG,1,CE07SHSP,SP001,OPTAA
CE07SHSP-SP001-04-OPTAAJ000,profiler_timestamp,profiler_timestamp,,,ENG,seconds since 1970-01-01,CE07SHSP,SP001,OPTAA
CE07SHSP-SP001-04-OPTAAJ000,last_character_controller_id,last_character_controller_id,,,,1,CE07SHSP,SP001,OPTAA
CE07SHSP-SP001-04-OPTAAJ000,day_of_year_number,day_of_year_number,,,,1,CE07SHSP,SP001,OPTAA
CE07SHSP-SP001-04-OPTAAJ000,fraction_of_day,fraction_of_day,,,,1,CE07SHSP,SP001,OPTAA
CE07SHSP-SP001-04-OPTAAJ000,source_file,source_file,,,,1,CE07SHSP,SP001,OPTAA
CE07SHSP-SP001-04-OPTAAJ000,processing_time,processing_time,,,,1,CE07SHSP,SP001,OPTAA
CE07SHSP-SP001-04-OPTAAJ000,preprocessing_software_version,preprocessing_software_version,,,ENG,1,CE07SHSP,SP001,OPTAA
CE07SHSP-SP001-04-OPTAAJ000,start_date,start_date,,,,1,CE07SHSP,SP001,OPTAA
CE07SHSP-SP001-04-OPTAAJ000,pressure_depth,pressure_depth,,,AUX,dbar,CE07SHSP,SP001,OPTAA
CE07SHSP-SP001-04-OPTAAJ000,on_seconds,on_seconds,,,,s,CE07SHSP,SP001,OPTAA
CE07SHSP-SP001-04-OPTAAJ000,suspect_timestamp,suspect_timestamp,,,,1,CE07SHSP,SP001,OPTAA
CE07SHSP-SP001-04-OPTAAJ000,serial_number,serial_number,,,ENG,1,CE07SHSP,SP001,OPTAA
CE07SHSP-SP001-04-OPTAAJ000,optaa_dj_cspp_beam_attenuation,optaa_dj_cspp_beam_attenuation,0,100,L2,m-1,CE07SHSP,SP001,OPTAA
CE07SHSP-SP001-04-OPTAAJ000,optaa_dj_cspp_optical_absorption,optaa_dj_cspp_optical_absorption,0,100,L2,m-1,CE07SHSP,SP001,OPTAA
CE07SHSP-SP001-04-OPTAAJ000,a_reference_dark_counts,a_reference_dark_counts,,,,counts,CE07SHSP,SP001,OPTAA
CE07SHSP-SP001-04-OPTAAJ000,pressure_counts,pressure_counts,,,,counts,CE07SHSP,SP001,OPTAA
CE07SHSP-SP001-04-OPTAAJ000,a_signal_dark_counts,a_signal_dark_counts,,,,counts,CE07SHSP,SP001,OPTAA
CE07SHSP-SP001-04-OPTAAJ000,external_temp_raw,external_temp_raw,,,,counts,CE07SHSP,SP001,OPTAA
CE07SHSP-SP001-04-OPTAAJ000,internal_temp_raw,internal_temp_raw,,,L0,counts,CE07SHSP,SP001,OPTAA
CE07SHSP-SP001-04-OPTAAJ000,c_reference_dark_counts,c_reference_dark_counts,,,,counts,CE07SHSP,SP001,OPTAA
CE07SHSP-SP001-04-OPTAAJ000,c_signal_dark_counts,c_signal_dark_counts,,,,counts,CE07SHSP,SP001,OPTAA
CE07SHSP-SP001-04-OPTAAJ000,num_wavelengths,num_wavelengths,,,,1,CE07SHSP,SP001,OPTAA
CE07SHSP-SP001-04-OPTAAJ000,c_reference_counts,c_reference_counts,,,L0,counts,CE07SHSP,SP001,OPTAA
CE07SHSP-SP001-04-OPTAAJ000,a_reference_counts,a_reference_counts,,,L0,counts,CE07SHSP,SP001,OPTAA
CE07SHSP-SP001-04-OPTAAJ000,c_signal_counts,c_signal_counts,,,L0,counts,CE07SHSP,SP001,OPTAA
CE07SHSP-SP001-04-OPTAAJ000,a_signal_counts,a_signal_counts,,,L0,counts,CE07SHSP,SP001,OPTAA
CE07SHSP-SP001-04-OPTAAJ000,time,time,,,ENG,seconds since 1900-01-01,CE07SHSP,SP001,OPTAA
CE07SHSP-SP001-04-OPTAAJ000,ingestion_timestamp,ingestion_timestamp,,,ENG,seconds since 1900-01-01,CE07SHSP,SP001,OPTAA
CE07SHSP-SP001-05-NUTNRJ000,driver_timestamp,driver_timestamp,,,ENG,seconds since 1900-01-01,CE07SHSP,SP001,NUTNR
CE07SHSP-SP001-05-NUTNRJ000,internal_timestamp,internal_timestamp,,,ENG,seconds since 1900-01-01,CE07SHSP,SP001,NUTNR
CE07SHSP-SP001-05-NUTNRJ000,preferred_timestamp,preferred_timestamp,,,ENG,1,CE07SHSP,SP001,NUTNR
CE07SHSP-SP001-05-NUTNRJ000,profiler_timestamp,profiler_timestamp,,,ENG,seconds since 1970-01-01,CE07SHSP,SP001,NUTNR
CE07SHSP-SP001-05-NUTNRJ000,last_character_controller_id,last_character_controller_id,,,,1,CE07SHSP,SP001,NUTNR
CE07SHSP-SP001-05-NUTNRJ000,day_of_year_number,day_of_year_number,,,,1,CE07SHSP,SP001,NUTNR
CE07SHSP-SP001-05-NUTNRJ000,fraction_of_day,fraction_of_day,,,,1,CE07SHSP,SP001,NUTNR
CE07SHSP-SP001-05-NUTNRJ000,source_file,source_file,,,,1,CE07SHSP,SP001,NUTNR
CE07SHSP-SP001-05-NUTNRJ000,processing_time,processing_time,,,,1,CE07SHSP,SP001,NUTNR
CE07SHSP-SP001-05-NUTNRJ000,preprocessing_software_version,preprocessing_software_version,,,ENG,1,CE07SHSP,SP001,NUTNR
CE07SHSP-SP001-05-NUTNRJ000,start_date,start_date,,,,1,CE07SHSP,SP001,NUTNR
CE07SHSP-SP001-05-NUTNRJ000,nutnr_nitrogen_in_nitrate,nutnr_nitrogen_in_nitrate,,,,mg/L,CE07SHSP,SP001,NUTNR
CE07SHSP-SP001-05-NUTNRJ000,nutnr_absorbance_at_254_nm,nutnr_absorbance_at_254_nm,,,,1,CE07SHSP,SP001,NUTNR
CE07SHSP-SP001-05-NUTNRJ000,nutnr_absorbance_at_350_nm,nutnr_absorbance_at_350_nm,,,,1,CE07SHSP,SP001,NUTNR
CE07SHSP-SP001-05-NUTNRJ000,nutnr_bromide_trace,nutnr_bromide_trace,,,,mg/L,CE07SHSP,SP001,NUTNR
CE07SHSP-SP001-05-NUTNRJ000,nutnr_spectrum_average,nutnr_spectrum_average,,,,1,CE07SHSP,SP001,NUTNR
CE07SHSP-SP001-05-NUTNRJ000,nutnr_dark_value_used_for_fit,nutnr_dark_value_used_for_fit,,,AUX,1,CE07SHSP,SP001,NUTNR
CE07SHSP-SP001-05-NUTNRJ000,nutnr_integration_time_factor,nutnr_integration_time_factor,,,,1,CE07SHSP,SP001,NUTNR
CE07SHSP-SP001-05-NUTNRJ000,nutnr_voltage_int,nutnr_voltage_int,,,,V,CE07SHSP,SP001,NUTNR
CE07SHSP-SP001-05-NUTNRJ000,nutnr_current_main,nutnr_current_main,,,,mA,CE07SHSP,SP001,NUTNR
CE07SHSP-SP001-05-NUTNRJ000,nutnr_fit_base_1,nutnr_fit_base_1,,,,1,CE07SHSP,SP001,NUTNR
CE07SHSP-SP001-05-NUTNRJ000,nutnr_fit_base_2,nutnr_fit_base_2,,,,1,CE07SHSP,SP001,NUTNR
CE07SHSP-SP001-05-NUTNRJ000,nutnr_fit_rmse,nutnr_fit_rmse,,,AUX,1,CE07SHSP,SP001,NUTNR
CE07SHSP-SP001-05-NUTNRJ000,pressure_depth,pressure_depth,,,AUX,dbar,CE07SHSP,SP001,NUTNR
CE07SHSP-SP001-05-NUTNRJ000,year,year,,,,year,CE07SHSP,SP001,NUTNR
CE07SHSP-SP001-05-NUTNRJ000,day_of_year,day_of_year,,,,1,CE07SHSP,SP001,NUTNR
CE07SHSP-SP001-05-NUTNRJ000,ctd_time_uint32,ctd_time_uint32,,,,seconds since 1970-01-01,CE07SHSP,SP001,NUTNR
CE07SHSP-SP001-05-NUTNRJ000,ctd_psu,ctd_psu,,,AUX,(unitless),CE07SHSP,SP001,NUTNR
CE07SHSP-SP001-05-NUTNRJ000,ctd_temp,ctd_temp,,,AUX,deg_C,CE07SHSP,SP001,NUTNR
CE07SHSP-SP001-05-NUTNRJ000,ctd_dbar,ctd_dbar,,,AUX,dbar,CE07SHSP,SP001,NUTNR
CE07SHSP-SP001-05-NUTNRJ000,suspect_timestamp,suspect_timestamp,,,,1,CE07SHSP,SP001,NUTNR
CE07SHSP-SP001-05-NUTNRJ000,frame_type,frame_type,,,,1,CE07SHSP,SP001,NUTNR
CE07SHSP-SP001-05-NUTNRJ000,time_of_sample,time_of_sample,,,AUX,h,CE07SHSP,SP001,NUTNR
CE07SHSP-SP001-05-NUTNRJ000,nitrate_concentration,nitrate_concentration,0,40,L1,umol L-1,CE07SHSP,SP001,NUTNR
CE07SHSP-SP001-05-NUTNRJ000,aux_fitting_1,aux_fitting_1,,,AUX,1,CE07SHSP,SP001,NUTNR
CE07SHSP-SP001-05-NUTNRJ000,aux_fitting_2,aux_fitting_2,,,AUX,1,CE07SHSP,SP001,NUTNR
CE07SHSP-SP001-05-NUTNRJ000,temp_interior,temp_interior,,,AUX,deg_C,CE07SHSP,SP001,NUTNR
CE07SHSP-SP001-05-NUTNRJ000,temp_spectrometer,temp_spectrometer,,,AUX,deg_C,CE07SHSP,SP001,NUTNR
CE07SHSP-SP001-05-NUTNRJ000,temp_lamp,temp_lamp,,,AUX,deg_C,CE07SHSP,SP001,NUTNR
CE07SHSP-SP001-05-NUTNRJ000,humidity,humidity,,,AUX,%,CE07SHSP,SP001,NUTNR
CE07SHSP-SP001-05-NUTNRJ000,voltage_lamp,voltage_lamp,,,AUX,V,CE07SHSP,SP001,NUTNR
CE07SHSP-SP001-05-NUTNRJ000,voltage_main,voltage_main,,,AUX,V,CE07SHSP,SP001,NUTNR
CE07SHSP-SP001-05-NUTNRJ000,spectral_channels,spectral_channels,,,L0,counts,CE07SHSP,SP001,NUTNR
CE07SHSP-SP001-05-NUTNRJ000,lamp_time,lamp_time,,,AUX,s,CE07SHSP,SP001,NUTNR
CE07SHSP-SP001-05-NUTNRJ000,nutnr_j_cspp_temp_sal_corrected_nitrate,nutnr_j_cspp_temp_sal_corrected_nitrate,0,40,L2,umol L-1,CE07SHSP,SP001,NUTNR
CE07SHSP-SP001-05-NUTNRJ000,dark_frame_spectral_channels,dark_frame_spectral_channels,,,AUX,counts,CE07SHSP,SP001,NUTNR
CE07SHSP-SP001-05-NUTNRJ000,time,time,,,ENG,seconds since 1900-01-01,CE07SHSP,SP001,NUTNR
CE07SHSP-SP001-05-NUTNRJ000,ingestion_timestamp,ingestion_timestamp,,,ENG,seconds since 1900-01-01,CE07SHSP,SP001,NUTNR
CE07SHSP-SP001-06-SPKIRJ000,instrument_id,instrument_id,,,ENG,1,CE07SHSP,SP001,SPKIR
CE07SHSP-SP001-06-SPKIRJ000,timer,timer,,,ENG,s,CE07SHSP,SP001,SPKIR
CE07SHSP-SP001-06-SPKIRJ000,sample_delay,sample_delay,,,ENG,ms,CE07SHSP,SP001,SPKIR
CE07SHSP-SP001-06-SPKIRJ000,driver_timestamp,driver_timestamp,,,ENG,seconds since 1900-01-01,CE07SHSP,SP001,SPKIR
CE07SHSP-SP001-06-SPKIRJ000,vin_sense,vin_sense,,,ENG,counts,CE07SHSP,SP001,SPKIR
CE07SHSP-SP001-06-SPKIRJ000,va_sense,va_sense,,,ENG,counts,CE07SHSP,SP001,SPKIR
CE07SHSP-SP001-06-SPKIRJ000,internal_temperature,internal_temperature,,,AUX,counts,CE07SHSP,SP001,SPKIR
CE07SHSP-SP001-06-SPKIRJ000,frame_counter,frame_counter,,,ENG,counts,CE07SHSP,SP001,SPKIR
CE07SHSP-SP001-06-SPKIRJ000,internal_timestamp,internal_timestamp,,,ENG,seconds since 1900-01-01,CE07SHSP,SP001,SPKIR
CE07SHSP-SP001-06-SPKIRJ000,preferred_timestamp,preferred_timestamp,,,ENG,1,CE07SHSP,SP001,SPKIR
CE07SHSP-SP001-06-SPKIRJ000,profiler_timestamp,profiler_timestamp,,,ENG,seconds since 1970-01-01,CE07SHSP,SP001,SPKIR
CE07SHSP-SP001-06-SPKIRJ000,last_character_controller_id,last_character_controller_id,,,,1,CE07SHSP,SP001,SPKIR
CE07SHSP-SP001-06-SPKIRJ000,day_of_year_number,day_of_year_number,,,,1,CE07SHSP,SP001,SPKIR
CE07SHSP-SP001-06-SPKIRJ000,fraction_of_day,fraction_of_day,,,,1,CE07SHSP,SP001,SPKIR
CE07SHSP-SP001-06-SPKIRJ000,source_file,source_file,,,,1,CE07SHSP,SP001,SPKIR
CE07SHSP-SP001-06-SPKIRJ000,processing_time,processing_time,,,,1,CE07SHSP,SP001,SPKIR
CE07SHSP-SP001-06-SPKIRJ000,preprocessing_software_version,preprocessing_software_version,,,ENG,1,CE07SHSP,SP001,SPKIR
CE07SHSP-SP001-06-SPKIRJ000,start_date,start_date,,,,1,CE07SHSP,SP001,SPKIR
CE07SHSP-SP001-06-SPKIRJ000,channel_array,channel_array,,,L0,counts,CE07SHSP,SP001,SPKIR
CE07SHSP-SP001-06-SPKIRJ000,pressure_depth,pressure_depth,,,AUX,dbar,CE07SHSP,SP001,SPKIR
CE07SHSP-SP001-06-SPKIRJ000,suspect_timestamp,suspect_timestamp,,,,1,CE07SHSP,SP001,SPKIR
CE07SHSP-SP001-06-SPKIRJ000,spkir_abj_cspp_downwelling_vector,spkir_abj_cspp_downwelling_vector,0,300,L1,uW cm-2 nm-1,CE07SHSP,SP001,SPKIR
CE07SHSP-SP001-06-SPKIRJ000,serial_number,serial_number,,,ENG,1,CE07SHSP,SP001,SPKIR
CE07SHSP-SP001-06-SPKIRJ000,time,time,,,ENG,seconds since 1900-01-01,CE07SHSP,SP001,SPKIR
CE07SHSP-SP001-06-SPKIRJ000,ingestion_timestamp,ingestion_timestamp,,,ENG,seconds since 1900-01-01,CE07SHSP,SP001,SPKIR
CE07SHSP-SP001-07-FLORTJ000,driver_timestamp,driver_timestamp,,,ENG,seconds since 1900-01-01,CE07SHSP,SP001,FLORT
CE07SHSP-SP001-07-FLORTJ000,date_string,date_string,,,ENG,1,CE07SHSP,SP001,FLORT
CE07SHSP-SP001-07-FLORTJ000,time_string,time_string,,,ENG,1,CE07SHSP,SP001,FLORT
CE07SHSP-SP001-07-FLORTJ000,measurement_wavelength_beta,measurement_wavelength_beta,,,,nm,CE07SHSP,SP001,FLORT
CE07SHSP-SP001-07-FLORTJ000,raw_signal_beta,raw_signal_beta,,,L0,counts,CE07SHSP,SP001,FLORT
CE07SHSP-SP001-07-FLORTJ000,measurement_wavelength_chl,measurement_wavelength_chl,,,,nm,CE07SHSP,SP001,FLORT
CE07SHSP-SP001-07-FLORTJ000,raw_signal_chl,raw_signal_chl,,,L0,counts,CE07SHSP,SP001,FLORT
CE07SHSP-SP001-07-FLORTJ000,measurement_wavelength_cdom,measurement_wavelength_cdom,,,,nm,CE07SHSP,SP001,FLORT
CE07SHSP-SP001-07-FLORTJ000,raw_signal_cdom,raw_signal_cdom,,,L0,counts,CE07SHSP,SP001,FLORT
CE07SHSP-SP001-07-FLORTJ000,raw_internal_temp,raw_internal_temp,,,,counts,CE07SHSP,SP001,FLORT
CE07SHSP-SP001-07-FLORTJ000,internal_timestamp,internal_timestamp,,,ENG,seconds since 1900-01-01,CE07SHSP,SP001,FLORT
CE07SHSP-SP001-07-FLORTJ000,preferred_timestamp,preferred_timestamp,,,ENG,1,CE07SHSP,SP001,FLORT
CE07SHSP-SP001-07-FLORTJ000,flort_k_total_volume_scattering_coefficient,flort_k_total_volume_scattering_coefficient,,,L1,m-1 sr-1,CE07SHSP,SP001,FLORT
CE07SHSP-SP001-07-FLORTJ000,fluorometric_chlorophyll_a,fluorometric_chlorophyll_a,0,50,L1,ug L-1,CE07SHSP,SP001,FLORT
CE07SHSP-SP001-07-FLORTJ000,fluorometric_cdom,fluorometric_cdom,0,375,L1,ppb,CE07SHSP,SP001,FLORT
CE07SHSP-SP001-07-FLORTJ000,profiler_timestamp,profiler_timestamp,,,ENG,seconds since 1970-01-01,CE07SHSP,SP001,FLORT
CE07SHSP-SP001-07-FLORTJ000,last_character_controller_id,last_character_controller_id,,,,1,CE07SHSP,SP001,FLORT
CE07SHSP-SP001-07-FLORTJ000,day_of_year_number,day_of_year_number,,,,1,CE07SHSP,SP001,FLORT
CE07SHSP-SP001-07-FLORTJ000,fraction_of_day,fraction_of_day,,,,1,CE07SHSP,SP001,FLORT
CE07SHSP-SP001-07-FLORTJ000,source_file,source_file,,,,1,CE07SHSP,SP001,FLORT
CE07SHSP-SP001-07-FLORTJ000,processing_time,processing_time,,,,1,CE07SHSP,SP001,FLORT
CE07SHSP-SP001-07-FLORTJ000,preprocessing_software_version,preprocessing_software_version,,,ENG,1,CE07SHSP,SP001,FLORT
CE07SHSP-SP001-07-FLORTJ000,start_date,start_date,,,,1,CE07SHSP,SP001,FLORT
CE07SHSP-SP001-07-FLORTJ000,pressure_depth,pressure_depth,,,AUX,dbar,CE07SHSP,SP001,FLORT
CE07SHSP-SP001-07-FLORTJ000,suspect_timestamp,suspect_timestamp,,,,1,CE07SHSP,SP001,FLORT
CE07SHSP-SP001-07-FLORTJ000,flort_dj_cspp_bback_total,flort_dj_cspp_bback_total,0.0003,1,L2,m-1,CE07SHSP,SP001,FLORT
CE07SHSP-SP001-07-FLORTJ000,flort_dj_cspp_scat_seawater,flort_dj_cspp_scat_seawater,,,AUX,m-1,CE07SHSP,SP001,FLORT
CE07SHSP-SP001-07-FLORTJ000,time,time,,,ENG,seconds since 1900-01-01,CE07SHSP,SP001,FLORT
CE07SHSP-SP001-07-FLORTJ000,ingestion_timestamp,ingestion_timestamp,,,ENG,seconds since 1900-01-01,CE07SHSP,SP001,FLORT
CE07SHSP-SP001-08-CTDPFJ000,conductivity,conductivity,0,6,L1,S m-1,CE07SHSP,SP001,CTDPF
CE07SHSP-SP001-08-CTDPFJ000,driver_timestamp,driver_timestamp,,,ENG,seconds since 1900-01-01,CE07SHSP,SP001,CTDPF
CE07SHSP-SP001-08-CTDPFJ000,internal_timestamp,internal_timestamp,,,ENG,seconds since 1900-01-01,CE07SHSP,SP001,CTDPF
CE07SHSP-SP001-08-CTDPFJ000,preferred_timestamp,preferred_timestamp,,,ENG,1,CE07SHSP,SP001,CTDPF
CE07SHSP-SP001-08-CTDPFJ000,pressure,pressure,0,6000,L1,dbar,CE07SHSP,SP001,CTDPF
CE07SHSP-SP001-08-CTDPFJ000,profiler_timestamp,profiler_timestamp,,,ENG,seconds since 1970-01-01,CE07SHSP,SP001,CTDPF
CE07SHSP-SP001-08-CTDPFJ000,last_character_controller_id,last_character_controller_id,,,,1,CE07SHSP,SP001,CTDPF
CE07SHSP-SP001-08-CTDPFJ000,day_of_year_number,day_of_year_number,,,,1,CE07SHSP,SP001,CTDPF
CE07SHSP-SP001-08-CTDPFJ000,fraction_of_day,fraction_of_day,,,,1,CE07SHSP,SP001,CTDPF
CE07SHSP-SP001-08-CTDPFJ000,source_file,source_file,,,,1,CE07SHSP,SP001,CTDPF
CE07SHSP-SP001-08-CTDPFJ000,processing_time,processing_time,,,,1,CE07SHSP,SP001,CTDPF
CE07SHSP-SP001-08-CTDPFJ000,preprocessing_software_version,preprocessing_software_version,,,ENG,1,CE07SHSP,SP001,CTDPF
CE07SHSP-SP001-08-CTDPFJ000,start_date,start_date,,,,1,CE07SHSP,SP001,CTDPF
CE07SHSP-SP001-08-CTDPFJ000,suspect_timestamp,suspect_timestamp,,,,1,CE07SHSP,SP001,CTDPF
CE07SHSP-SP001-08-CTDPFJ000,ctdpf_j_density,ctdpf_j_density,1000,1100,L2,kg m-3,CE07SHSP,SP001,CTDPF
CE07SHSP-SP001-08-CTDPFJ000,salinity,salinity,0,42,L2,1,CE07SHSP,SP001,CTDPF
CE07SHSP-SP001-08-CTDPFJ000,temperature,temperature,-2,40,L1,deg_C,CE07SHSP,SP001,CTDPF
CE07SHSP-SP001-08-CTDPFJ000,time,time,,,ENG,seconds since 1900-01-01,CE07SHSP,SP001,CTDPF
CE07SHSP-SP001-08-CTDPFJ000,ingestion_timestamp,ingestion_timestamp,,,ENG,seconds since 1900-01-01,CE07SHSP,SP001,CTDPF
CE07SHSP-SP001-09-PARADJ000,driver_timestamp,driver_timestamp,,,ENG,seconds since 1900-01-01,CE07SHSP,SP001,PARAD
CE07SHSP-SP001-09-PARADJ000,date_string,date_string,,,ENG,1,CE07SHSP,SP001,PARAD
CE07SHSP-SP001-09-PARADJ000,time_string,time_string,,,ENG,1,CE07SHSP,SP001,PARAD
CE07SHSP-SP001-09-PARADJ000,internal_timestamp,internal_timestamp,,,ENG,seconds since 1900-01-01,CE07SHSP,SP001,PARAD
CE07SHSP-SP001-09-PARADJ000,preferred_timestamp,preferred_timestamp,,,ENG,1,CE07SHSP,SP001,PARAD
CE07SHSP-SP001-09-PARADJ000,par,par,,,L0,counts,CE07SHSP,SP001,PARAD
CE07SHSP-SP001-09-PARADJ000,profiler_timestamp,profiler_timestamp,,,ENG,seconds since 1970-01-01,CE07SHSP,SP001,PARAD
CE07SHSP-SP001-09-PARADJ000,last_character_controller_id,last_character_controller_id,,,,1,CE07SHSP,SP001,PARAD
CE07SHSP-SP001-09-PARADJ000,day_of_year_number,day_of_year_number,,,,1,CE07SHSP,SP001,PARAD
CE07SHSP-SP001-09-PARADJ000,fraction_of_day,fraction_of_day,,,,1,CE07SHSP,SP001,PARAD
CE07SHSP-SP001-09-PARADJ000,source_file,source_file,,,,1,CE07SHSP,SP001,PARAD
CE07SHSP-SP001-09-PARADJ000,processing_time,processing_time,,,,1,CE07SHSP,SP001,PARAD
CE07SHSP-SP001-09-PARADJ000,preprocessing_software_version,preprocessing_software_version,,,ENG,1,CE07SHSP,SP001,PARAD
CE07SHSP-SP001-09-PARADJ000,start_date,start_date,,,,1,CE07SHSP,SP001,PARAD
CE07SHSP-SP001-09-PARADJ000,pressure_depth,pressure_depth,,,AUX,dbar,CE07SHSP,SP001,PARAD
CE07SHSP-SP001-09-PARADJ000,suspect_timestamp,suspect_timestamp,,,,1,CE07SHSP,SP001,PARAD
CE07SHSP-SP001-09-PARADJ000,parad_j_par_counts_output,parad_j_par_counts_output,0,2500,L1,umol photons m-2 s-1,CE07SHSP,SP001,PARAD
CE07SHSP-SP001-09-PARADJ000,time,time,,,ENG,seconds since 1900-01-01,CE07SHSP,SP001,PARAD
CE07SHSP-SP001-09-PARADJ000,ingestion_timestamp,ingestion_timestamp,,,ENG,seconds since 1900-01-01,CE07SHSP,SP001,PARAD
CE09OSPM-WF001-01-VEL3DK000,driver_timestamp,driver_timestamp,,,ENG,seconds since 1900-01-01,CE09OSPM,WF001,VEL3D
CE09OSPM-WF001-01-VEL3DK000,internal_timestamp,internal_timestamp,,,ENG,seconds since 1900-01-01,CE09OSPM,WF001,VEL3D
CE09OSPM-WF001-01-VEL3DK000,preferred_timestamp,preferred_timestamp,,,ENG,1,CE09OSPM,WF001,VEL3D
CE09OSPM-WF001-01-VEL3DK000,vel3d_k_temp_c,vel3d_k_temp_c,,,AUX,cdeg_C,CE09OSPM,WF001,VEL3D
CE09OSPM-WF001-01-VEL3DK000,vel3d_k_heading,vel3d_k_heading,,,AUX,ddegrees,CE09OSPM,WF001,VEL3D
CE09OSPM-WF001-01-VEL3DK000,vel3d_k_pitch,vel3d_k_pitch,,,AUX,ddegrees,CE09OSPM,WF001,VEL3D
CE09OSPM-WF001-01-VEL3DK000,vel3d_k_roll,vel3d_k_roll,,,AUX,ddegrees,CE09OSPM,WF001,VEL3D
CE09OSPM-WF001-01-VEL3DK000,vel3d_k_v_scale,vel3d_k_v_scale,,,,counts,CE09OSPM,WF001,VEL3D
CE09OSPM-WF001-01-VEL3DK000,vel3d_k_vel0,vel3d_k_vel0,,,L0,counts,CE09OSPM,WF001,VEL3D
CE09OSPM-WF001-01-VEL3DK000,vel3d_k_vel1,vel3d_k_vel1,,,L0,counts,CE09OSPM,WF001,VEL3D
CE09OSPM-WF001-01-VEL3DK000,vel3d_k_vel2,vel3d_k_vel2,,,L0,counts,CE09OSPM,WF001,VEL3D
CE09OSPM-WF001-01-VEL3DK000,vel3d_k_amp0,vel3d_k_amp0,,,AUX,counts,CE09OSPM,WF001,VEL3D
CE09OSPM-WF001-01-VEL3DK000,vel3d_k_amp1,vel3d_k_amp1,,,AUX,counts,CE09OSPM,WF001,VEL3D
CE09OSPM-WF001-01-VEL3DK000,vel3d_k_amp2,vel3d_k_amp2,,,AUX,counts,CE09OSPM,WF001,VEL3D
CE09OSPM-WF001-01-VEL3DK000,vel3d_k_number_of_records,vel3d_k_number_of_records,,,,counts,CE09OSPM,WF001,VEL3D
CE09OSPM-WF001-01-VEL3DK000,vel3d_k_time_on,vel3d_k_time_on,,,,s,CE09OSPM,WF001,VEL3D
CE09OSPM-WF001-01-VEL3DK000,vel3d_k_time_off,vel3d_k_time_off,,,,s,CE09OSPM,WF001,VEL3D
CE09OSPM-WF001-01-VEL3DK000,vel3d_k_id,vel3d_k_id,,,,1,CE09OSPM,WF001,VEL3D
CE09OSPM-WF001-01-VEL3DK000,vel3d_k_version,vel3d_k_version,,,,counts,CE09OSPM,WF001,VEL3D
CE09OSPM-WF001-01-VEL3DK000,vel3d_k_serial,vel3d_k_serial,,,ENG,counts,CE09OSPM,WF001,VEL3D
CE09OSPM-WF001-01-VEL3DK000,vel3d_k_configuration,vel3d_k_configuration,,,,counts,CE09OSPM,WF001,VEL3D
CE09OSPM-WF001-01-VEL3DK000,vel3d_k_micro_second,vel3d_k_micro_second,,,,counts,CE09OSPM,WF001,VEL3D
CE09OSPM-WF001-01-VEL3DK000,vel3d_k_speed_sound,vel3d_k_speed_sound,,,AUX,counts,CE09OSPM,WF001,VEL3D
CE09OSPM-WF001-01-VEL3DK000,vel3d_k_pressure,vel3d_k_pressure,,,AUX,0.001 dbar,CE09OSPM,WF001,VEL3D
CE09OSPM-WF001-01-VEL3DK000,vel3d_k_error,vel3d_k_error,,,,counts,CE09OSPM,WF001,VEL3D
CE09OSPM-WF001-01-VEL3DK000,vel3d_k_status,vel3d_k_status,,,,counts,CE09OSPM,WF001,VEL3D
CE09OSPM-WF001-01-VEL3DK000,vel3d_k_beams_coordinate,vel3d_k_beams_coordinate,,,,bit mask,CE09OSPM,WF001,VEL3D
CE09OSPM-WF001-01-VEL3DK000,vel3d_k_cell_size,vel3d_k_cell_size,,,,counts,CE09OSPM,WF001,VEL3D
CE09OSPM-WF001-01-VEL3DK000,vel3d_k_blanking,vel3d_k_blanking,,,,counts,CE09OSPM,WF001,VEL3D
CE09OSPM-WF001-01-VEL3DK000,vel3d_k_velocity_range,vel3d_k_velocity_range,,,,counts,CE09OSPM,WF001,VEL3D
CE09OSPM-WF001-01-VEL3DK000,vel3d_k_battery_voltage,vel3d_k_battery_voltage,,,,counts,CE09OSPM,WF001,VEL3D
CE09OSPM-WF001-01-VEL3DK000,vel3d_k_mag_x,vel3d_k_mag_x,,,AUX,counts,CE09OSPM,WF001,VEL3D
CE09OSPM-WF001-01-VEL3DK000,vel3d_k_mag_y,vel3d_k_mag_y,,,AUX,counts,CE09OSPM,WF001,VEL3D
CE09OSPM-WF001-01-VEL3DK000,vel3d_k_mag_z,vel3d_k_mag_z,,,AUX,counts,CE09OSPM,WF001,VEL3D
CE09OSPM-WF001-01-VEL3DK000,vel3d_k_acc_x,vel3d_k_acc_x,,,AUX,counts,CE09OSPM,WF001,VEL3D
CE09OSPM-WF001-01-VEL3DK000,vel3d_k_acc_y,vel3d_k_acc_y,,,AUX,counts,CE09OSPM,WF001,VEL3D
CE09OSPM-WF001-01-VEL3DK000,vel3d_k_acc_z,vel3d_k_acc_z,,,AUX,counts,CE09OSPM,WF001,VEL3D
CE09OSPM-WF001-01-VEL3DK000,vel3d_k_ambiguity,vel3d_k_ambiguity,,,,counts,CE09OSPM,WF001,VEL3D
CE09OSPM-WF001-01-VEL3DK000,vel3d_k_data_set_description,vel3d_k_data_set_description,,,,bit mask,CE09OSPM,WF001,VEL3D
CE09OSPM-WF001-01-VEL3DK000,vel3d_k_transmit_energy,vel3d_k_transmit_energy,,,,counts,CE09OSPM,WF001,VEL3D
CE09OSPM-WF001-01-VEL3DK000,vel3d_k_power_level,vel3d_k_power_level,,,,counts,CE09OSPM,WF001,VEL3D
CE09OSPM-WF001-01-VEL3DK000,vel3d_k_corr0,vel3d_k_corr0,,,AUX,counts,CE09OSPM,WF001,VEL3D
CE09OSPM-WF001-01-VEL3DK000,vel3d_k_corr1,vel3d_k_corr1,,,AUX,counts,CE09OSPM,WF001,VEL3D
CE09OSPM-WF001-01-VEL3DK000,vel3d_k_corr2,vel3d_k_corr2,,,AUX,counts,CE09OSPM,WF001,VEL3D
CE09OSPM-WF001-01-VEL3DK000,vel3d_k_str_id,vel3d_k_str_id,,,,counts,CE09OSPM,WF001,VEL3D
CE09OSPM-WF001-01-VEL3DK000,vel3d_k_string,vel3d_k_string,,,,1,CE09OSPM,WF001,VEL3D
CE09OSPM-WF001-01-VEL3DK000,vel3d_k_beams,vel3d_k_beams,,,,1,CE09OSPM,WF001,VEL3D
CE09OSPM-WF001-01-VEL3DK000,vel3d_k_eastward_velocity,vel3d_k_eastward_velocity,-3,3,L1,m s-1,CE09OSPM,WF001,VEL3D
CE09OSPM-WF001-01-VEL3DK000,vel3d_k_northward_velocity,vel3d_k_northward_velocity,-3,3,L1,m s-1,CE09OSPM,WF001,VEL3D
CE09OSPM-WF001-01-VEL3DK000,vel3d_k_upward_velocity,vel3d_k_upward_velocity,-1,1,L1,m s-1,CE09OSPM,WF001,VEL3D
CE09OSPM-WF001-01-VEL3DK000,time,time,,,ENG,seconds since 1900-01-01,CE09OSPM,WF001,VEL3D
CE09OSPM-WF001-01-VEL3DK000,date_time_array,date_time_array,,,,1,CE09OSPM,WF001,VEL3D
CE09OSPM-WF001-01-VEL3DK000,ingestion_timestamp,ingestion_timestamp,,,ENG,seconds since 1900-01-01,CE09OSPM,WF001,VEL3D
CE09OSPM-WF001-02-DOFSTK000,driver_timestamp,driver_timestamp,,,ENG,seconds since 1900-01-01,CE09OSPM,WF001,DOFST
CE09OSPM-WF001-02-DOFSTK000,internal_timestamp,internal_timestamp,,,ENG,seconds since 1900-01-01,CE09OSPM,WF001,DOFST
CE09OSPM-WF001-02-DOFSTK000,wfp_time_on,wfp_time_on,,,,seconds since 1970-01-01,CE09OSPM,WF001,DOFST
CE09OSPM-WF001-02-DOFSTK000,wfp_time_off,wfp_time_off,,,,seconds since 1970-01-01,CE09OSPM,WF001,DOFST
CE09OSPM-WF001-02-DOFSTK000,wfp_number_samples,wfp_number_samples,,,,counts,CE09OSPM,WF001,DOFST
CE09OSPM-WF001-02-DOFSTK000,preferred_timestamp,preferred_timestamp,,,ENG,1,CE09OSPM,WF001,DOFST
CE09OSPM-WF001-02-DOFSTK000,dofst_k_oxygen,dofst_k_oxygen,,,L0,Hz,CE09OSPM,WF001,DOFST
CE09OSPM-WF001-02-DOFSTK000,dofst_k_oxygen_l2,dofst_k_oxygen_l2,0,400,L2,umol kg-1,CE09OSPM,WF001,DOFST
CE09OSPM-WF001-02-DOFSTK000,time,time,,,ENG,seconds since 1900-01-01,CE09OSPM,WF001,DOFST
CE09OSPM-WF001-02-DOFSTK000,ingestion_timestamp,ingestion_timestamp,,,ENG,seconds since 1900-01-01,CE09OSPM,WF001,DOFST
CE09OSPM-WF001-03-CTDPFK000,driver_timestamp,driver_timestamp,,,ENG,seconds since 1900-01-01,CE09OSPM,WF001,CTDPF
CE09OSPM-WF001-03-CTDPFK000,internal_timestamp,internal_timestamp,,,ENG,seconds since 1900-01-01,CE09OSPM,WF001,CTDPF
CE09OSPM-WF001-03-CTDPFK000,wfp_time_on,wfp_time_on,,,,seconds since 1970-01-01,CE09OSPM,WF001,CTDPF
CE09OSPM-WF001-03-CTDPFK000,wfp_time_off,wfp_time_off,,,,seconds since 1970-01-01,CE09OSPM,WF001,CTDPF
CE09OSPM-WF001-03-CTDPFK000,wfp_number_samples,wfp_number_samples,,,,counts,CE09OSPM,WF001,CTDPF
CE09OSPM-WF001-03-CTDPFK000,preferred_timestamp,preferred_timestamp,,,ENG,1,CE09OSPM,WF001,CTDPF
CE09OSPM-WF001-03-CTDPFK000,temperature,temperature,,,L0,counts,CE09OSPM,WF001,CTDPF
CE09OSPM-WF001-03-CTDPFK000,conductivity,conductivity,,,L0,counts,CE09OSPM,WF001,CTDPF
CE09OSPM-WF001-03-CTDPFK000,pressure,pressure,,,L0,counts,CE09OSPM,WF001,CTDPF
CE09OSPM-WF001-03-CTDPFK000,ctdpf_ckl_seawater_pressure,ctdpf_ckl_seawater_pressure,0,6000,L1,dbar,CE09OSPM,WF001,CTDPF
CE09OSPM-WF001-03-CTDPFK000,ctdpf_ckl_seawater_temperature,ctdpf_ckl_seawater_temperature,-2,40,L1,deg_C,CE09OSPM,WF001,CTDPF
CE09OSPM-WF001-03-CTDPFK000,ctdpf_ckl_seawater_conductivity,ctdpf_ckl_seawater_conductivity,0,6,L1,S m-1,CE09OSPM,WF001,CTDPF
CE09OSPM-WF001-03-CTDPFK000,ctdpf_ckl_sci_water_pracsal,ctdpf_ckl_sci_water_pracsal,0,42,L2,1,CE09OSPM,WF001,CTDPF
CE09OSPM-WF001-03-CTDPFK000,ctdpf_ckl_seawater_density,ctdpf_ckl_seawater_density,1000,1100,L2,kg m-3,CE09OSPM,WF001,CTDPF
CE09OSPM-WF001-03-CTDPFK000,time,time,,,ENG,seconds since 1900-01-01,CE09OSPM,WF001,CTDPF
CE09OSPM-WF001-03-CTDPFK000,ingestion_timestamp,ingestion_timestamp,,,ENG,seconds since 1900-01-01,CE09OSPM,WF001,CTDPF
CE09OSPM-WF001-04-FLORTK000,driver_timestamp,driver_timestamp,,,ENG,seconds since 1900-01-01,CE09OSPM,WF001,FLORT
CE09OSPM-WF001-04-FLORTK000,raw_signal_beta,raw_signal_beta,,,L0,counts,CE09OSPM,WF001,FLORT
CE09OSPM-WF001-04-FLORTK000,raw_signal_chl,raw_signal_chl,,,L0,counts,CE09OSPM,WF001,FLORT
CE09OSPM-WF001-04-FLORTK000,raw_signal_cdom,raw_signal_cdom,,,L0,counts,CE09OSPM,WF001,FLORT
CE09OSPM-WF001-04-FLORTK000,internal_timestamp,internal_timestamp,,,ENG,seconds since 1900-01-01,CE09OSPM,WF001,FLORT
CE09OSPM-WF001-04-FLORTK000,preferred_timestamp,preferred_timestamp,,,ENG,1,CE09OSPM,WF001,FLORT
CE09OSPM-WF001-04-FLORTK000,wfp_timestamp,wfp_timestamp,,,ENG,seconds since 1970-01-01,CE09OSPM,WF001,FLORT
CE09OSPM-WF001-04-FLORTK000,flort_k_total_volume_scattering_coefficient,flort_k_total_volume_scattering_coefficient,,,L1,m-1 sr-1,CE09OSPM,WF001,FLORT
CE09OSPM-WF001-04-FLORTK000,fluorometric_chlorophyll_a,fluorometric_chlorophyll_a,0,50,L1,ug L-1,CE09OSPM,WF001,FLORT
CE09OSPM-WF001-04-FLORTK000,fluorometric_cdom,fluorometric_cdom,0,375,L1,ppb,CE09OSPM,WF001,FLORT
CE09OSPM-WF001-04-FLORTK000,flort_kn_bback_total,flort_kn_bback_total,0.0003,1,L2,m-1,CE09OSPM,WF001,FLORT
CE09OSPM-WF001-04-FLORTK000,scat_seawater,scat_seawater,,,AUX,m-1,CE09OSPM,WF001,FLORT
CE09OSPM-WF001-04-FLORTK000,time,time,,,ENG,seconds since 1900-01-01,CE09OSPM,WF001,FLORT
CE09OSPM-WF001-04-FLORTK000,ingestion_timestamp,ingestion_timestamp,,,ENG,seconds since 1900-01-01,CE09OSPM,WF001,FLORT
CE09OSPM-WF001-05-PARADK000,driver_timestamp,driver_timestamp,,,ENG,seconds since 1900-01-01,CE09OSPM,WF001,PARAD
CE09OSPM-WF001-05-PARADK000,internal_timestamp,internal_timestamp,,,ENG,seconds since 1900-01-01,CE09OSPM,WF001,PARAD
CE09OSPM-WF001-05-PARADK000,par_val_v,par_val_v,,,L0,mV,CE09OSPM,WF001,PARAD
CE09OSPM-WF001-05-PARADK000,preferred_timestamp,preferred_timestamp,,,ENG,1,CE09OSPM,WF001,PARAD
CE09OSPM-WF001-05-PARADK000,wfp_timestamp,wfp_timestamp,,,ENG,seconds since 1970-01-01,CE09OSPM,WF001,PARAD
CE09OSPM-WF001-05-PARADK000,parad_k_par,parad_k_par,0,2500,L1,umol photons m-2 s-1,CE09OSPM,WF001,PARAD
CE09OSPM-WF001-05-PARADK000,time,time,,,ENG,seconds since 1900-01-01,CE09OSPM,WF001,PARAD
CE09OSPM-WF001-05-PARADK000,ingestion_timestamp,ingestion_timestamp,,,ENG,seconds since 1900-01-01,CE09OSPM,WF001,PARAD
CE09OSSM-MFD35-01-VEL3DD000,vel3d_c_eastward_turbulent_velocity,vel3d_c_eastward_turbulent_velocity,-3,3,L1,m s-1,CE09OSSM,MFD35,VEL3D
CE09OSSM-MFD35-01-VEL3DD000,vel3d_c_northward_turbulent_velocity,vel3d_c_northward_turbulent_velocity,-3,3,L1,m s-1,CE09OSSM,MFD35,VEL3D
CE09OSSM-MFD35-01-VEL3DD000,vel3d_c_upward_turbulent_velocity,vel3d_c_upward_turbulent_velocity,-1,1,L1,m s-1,CE09OSSM,MFD35,VEL3D
CE09OSSM-MFD35-01-VEL3DD000,transmit_pulse_length_2nd,transmit_pulse_length_2nd,,,,counts,CE09OSSM,MFD35,VEL3D
CE09OSSM-MFD35-01-VEL3DD000,driver_timestamp,driver_timestamp,,,ENG,seconds since 1900-01-01,CE09OSSM,MFD35,VEL3D
CE09OSSM-MFD35-01-VEL3DD000,firmware_version,firmware_version,,,,1,CE09OSSM,MFD35,VEL3D
CE09OSSM-MFD35-01-VEL3DD000,internal_timestamp,internal_timestamp,,,ENG,seconds since 1900-01-01,CE09OSSM,MFD35,VEL3D
CE09OSSM-MFD35-01-VEL3DD000,preferred_timestamp,preferred_timestamp,,,ENG,1,CE09OSSM,MFD35,VEL3D
CE09OSSM-MFD35-01-VEL3DD000,battery_voltage_dv,battery_voltage_dv,,,AUX,dV,CE09OSSM,MFD35,VEL3D
CE09OSSM-MFD35-01-VEL3DD000,heading_decidegree,heading_decidegree,,,AUX,deci-degrees,CE09OSSM,MFD35,VEL3D
CE09OSSM-MFD35-01-VEL3DD000,roll_decidegree,roll_decidegree,,,AUX,deci-degrees,CE09OSSM,MFD35,VEL3D
CE09OSSM-MFD35-01-VEL3DD000,pitch_decidegree,pitch_decidegree,,,AUX,deci-degrees,CE09OSSM,MFD35,VEL3D
CE09OSSM-MFD35-01-VEL3DD000,temperature_centidegree,temperature_centidegree,,,AUX,cdeg_C,CE09OSSM,MFD35,VEL3D
CE09OSSM-MFD35-01-VEL3DD000,seawater_pressure_mbar,seawater_pressure_mbar,,,AUX,0.001 dbar,CE09OSSM,MFD35,VEL3D
CE09OSSM-MFD35-01-VEL3DD000,instrmt_type_serial_number,instrmt_type_serial_number,,,,1,CE09OSSM,MFD35,VEL3D
CE09OSSM-MFD35-01-VEL3DD000,recorder_installed,recorder_installed,,,,1,CE09OSSM,MFD35,VEL3D
CE09OSSM-MFD35-01-VEL3DD000,compass_installed,compass_installed,,,,1,CE09OSSM,MFD35,VEL3D
CE09OSSM-MFD35-01-VEL3DD000,board_frequency,board_frequency,,,,kHz,CE09OSSM,MFD35,VEL3D
CE09OSSM-MFD35-01-VEL3DD000,pic_version,pic_version,,,,1,CE09OSSM,MFD35,VEL3D
CE09OSSM-MFD35-01-VEL3DD000,hardware_revision,hardware_revision,,,,1,CE09OSSM,MFD35,VEL3D
CE09OSSM-MFD35-01-VEL3DD000,recorder_size,recorder_size,,,,bytes,CE09OSSM,MFD35,VEL3D
CE09OSSM-MFD35-01-VEL3DD000,velocity_range,velocity_range,,,,1,CE09OSSM,MFD35,VEL3D
CE09OSSM-MFD35-01-VEL3DD000,pressure_sensor,pressure_sensor,,,,1,CE09OSSM,MFD35,VEL3D
CE09OSSM-MFD35-01-VEL3DD000,magnetometer_sensor,magnetometer_sensor,,,,1,CE09OSSM,MFD35,VEL3D
CE09OSSM-MFD35-01-VEL3DD000,tilt_sensor,tilt_sensor,,,,1,CE09OSSM,MFD35,VEL3D
CE09OSSM-MFD35-01-VEL3DD000,tilt_sensor_mounting,tilt_sensor_mounting,,,,1,CE09OSSM,MFD35,VEL3D
CE09OSSM-MFD35-01-VEL3DD000,head_frequency,head_frequency,,,,kHz,CE09OSSM,MFD35,VEL3D
CE09OSSM-MFD35-01-VEL3DD000,head_type,head_type,,,,1,CE09OSSM,MFD35,VEL3D
CE09OSSM-MFD35-01-VEL3DD000,head_serial_number,head_serial_number,,,,1,CE09OSSM,MFD35,VEL3D
CE09OSSM-MFD35-01-VEL3DD000,system_data,system_data,,,,1,CE09OSSM,MFD35,VEL3D
CE09OSSM-MFD35-01-VEL3DD000,number_beams,number_beams,,,,1,CE09OSSM,MFD35,VEL3D
CE09OSSM-MFD35-01-VEL3DD000,transmit_pulse_length,transmit_pulse_length,,,,counts,CE09OSSM,MFD35,VEL3D
CE09OSSM-MFD35-01-VEL3DD000,blanking_distance,blanking_distance,,,,counts,CE09OSSM,MFD35,VEL3D
CE09OSSM-MFD35-01-VEL3DD000,receive_length,receive_length,,,,counts,CE09OSSM,MFD35,VEL3D
CE09OSSM-MFD35-01-VEL3DD000,time_between_pings,time_between_pings,,,,counts,CE09OSSM,MFD35,VEL3D
CE09OSSM-MFD35-01-VEL3DD000,time_between_bursts,time_between_bursts,,,,counts,CE09OSSM,MFD35,VEL3D
CE09OSSM-MFD35-01-VEL3DD000,number_pings,number_pings,,,,1,CE09OSSM,MFD35,VEL3D
CE09OSSM-MFD35-01-VEL3DD000,average_interval,average_interval,,,,s,CE09OSSM,MFD35,VEL3D
CE09OSSM-MFD35-01-VEL3DD000,profile_type,profile_type,,,,1,CE09OSSM,MFD35,VEL3D
CE09OSSM-MFD35-01-VEL3DD000,mode_type,mode_type,,,,1,CE09OSSM,MFD35,VEL3D
CE09OSSM-MFD35-01-VEL3DD000,power_level_tcm1,power_level_tcm1,,,,1,CE09OSSM,MFD35,VEL3D
CE09OSSM-MFD35-01-VEL3DD000,power_level_tcm2,power_level_tcm2,,,,1,CE09OSSM,MFD35,VEL3D
CE09OSSM-MFD35-01-VEL3DD000,sync_out_position,sync_out_position,,,,1,CE09OSSM,MFD35,VEL3D
CE09OSSM-MFD35-01-VEL3DD000,sample_on_sync,sample_on_sync,,,,1,CE09OSSM,MFD35,VEL3D
CE09OSSM-MFD35-01-VEL3DD000,start_on_sync,start_on_sync,,,,1,CE09OSSM,MFD35,VEL3D
CE09OSSM-MFD35-01-VEL3DD000,power_level_pcr1,power_level_pcr1,,,,1,CE09OSSM,MFD35,VEL3D
CE09OSSM-MFD35-01-VEL3DD000,power_level_pcr2,power_level_pcr2,,,,1,CE09OSSM,MFD35,VEL3D
CE09OSSM-MFD35-01-VEL3DD000,compass_update_rate,compass_update_rate,,,,Hz,CE09OSSM,MFD35,VEL3D
CE09OSSM-MFD35-01-VEL3DD000,coordinate_system,coordinate_system,,,,1,CE09OSSM,MFD35,VEL3D
CE09OSSM-MFD35-01-VEL3DD000,number_cells,number_cells,,,,1,CE09OSSM,MFD35,VEL3D
CE09OSSM-MFD35-01-VEL3DD000,cell_size,cell_size,,,,m,CE09OSSM,MFD35,VEL3D
CE09OSSM-MFD35-01-VEL3DD000,measurement_interval,measurement_interval,,,,s,CE09OSSM,MFD35,VEL3D
CE09OSSM-MFD35-01-VEL3DD000,deployment_name,deployment_name,,,,1,CE09OSSM,MFD35,VEL3D
CE09OSSM-MFD35-01-VEL3DD000,wrap_mode,wrap_mode,,,,1,CE09OSSM,MFD35,VEL3D
CE09OSSM-MFD35-01-VEL3DD000,deployment_start_time,deployment_start_time,,,,1,CE09OSSM,MFD35,VEL3D
CE09OSSM-MFD35-01-VEL3DD000,diagnostics_interval,diagnostics_interval,,,,s,CE09OSSM,MFD35,VEL3D
CE09OSSM-MFD35-01-VEL3DD000,use_specified_sound_speed,use_specified_sound_speed,,,,1,CE09OSSM,MFD35,VEL3D
CE09OSSM-MFD35-01-VEL3DD000,diagnostics_mode_enable,diagnostics_mode_enable,,,,1,CE09OSSM,MFD35,VEL3D
CE09OSSM-MFD35-01-VEL3DD000,analog_output_enable,analog_output_enable,,,,1,CE09OSSM,MFD35,VEL3D
CE09OSSM-MFD35-01-VEL3DD000,output_format_nortek,output_format_nortek,,,,1,CE09OSSM,MFD35,VEL3D
CE09OSSM-MFD35-01-VEL3DD000,scaling,scaling,,,,1,CE09OSSM,MFD35,VEL3D
CE09OSSM-MFD35-01-VEL3DD000,serial_output_enable,serial_output_enable,,,,1,CE09OSSM,MFD35,VEL3D
CE09OSSM-MFD35-01-VEL3DD000,stage_enable,stage_enable,,,,1,CE09OSSM,MFD35,VEL3D
CE09OSSM-MFD35-01-VEL3DD000,analog_power_output,analog_power_output,,,,1,CE09OSSM,MFD35,VEL3D
CE09OSSM-MFD35-01-VEL3DD000,sound_speed_adjust_factor,sound_speed_adjust_factor,,,,m s-1,CE09OSSM,MFD35,VEL3D
CE09OSSM-MFD35-01-VEL3DD000,number_diagnostics_samples,number_diagnostics_samples,,,,1,CE09OSSM,MFD35,VEL3D
CE09OSSM-MFD35-01-VEL3DD000,number_beams_per_cell,number_beams_per_cell,,,,1,CE09OSSM,MFD35,VEL3D
CE09OSSM-MFD35-01-VEL3DD000,number_pings_diagnostic,number_pings_diagnostic,,,,1,CE09OSSM,MFD35,VEL3D
CE09OSSM-MFD35-01-VEL3DD000,use_dsp_filter,use_dsp_filter,,,,1,CE09OSSM,MFD35,VEL3D
CE09OSSM-MFD35-01-VEL3DD000,filter_data_output,filter_data_output,,,,1,CE09OSSM,MFD35,VEL3D
CE09OSSM-MFD35-01-VEL3DD000,analog_input_address,analog_input_address,,,,1,CE09OSSM,MFD35,VEL3D
CE09OSSM-MFD35-01-VEL3DD000,software_version,software_version,,,,1,CE09OSSM,MFD35,VEL3D
CE09OSSM-MFD35-01-VEL3DD000,velocity_adjustment_factor,velocity_adjustment_factor,,,,1,CE09OSSM,MFD35,VEL3D
CE09OSSM-MFD35-01-VEL3DD000,file_comments,file_comments,,,,1,CE09OSSM,MFD35,VEL3D
CE09OSSM-MFD35-01-VEL3DD000,wave_data_rate,wave_data_rate,,,,Hz,CE09OSSM,MFD35,VEL3D
CE09OSSM-MFD35-01-VEL3DD000,wave_cell_position,wave_cell_position,,,,1,CE09OSSM,MFD35,VEL3D
CE09OSSM-MFD35-01-VEL3DD000,dynamic_position_type,dynamic_position_type,,,,1,CE09OSSM,MFD35,VEL3D
CE09OSSM-MFD35-01-VEL3DD000,percent_wave_cell_position,percent_wave_cell_position,,,,1,CE09OSSM,MFD35,VEL3D
CE09OSSM-MFD35-01-VEL3DD000,wave_transmit_pulse,wave_transmit_pulse,,,,1,CE09OSSM,MFD35,VEL3D
CE09OSSM-MFD35-01-VEL3DD000,fixed_wave_blanking_distance,fixed_wave_blanking_distance,,,,counts,CE09OSSM,MFD35,VEL3D
CE09OSSM-MFD35-01-VEL3DD000,wave_measurement_cell_size,wave_measurement_cell_size,,,,m,CE09OSSM,MFD35,VEL3D
CE09OSSM-MFD35-01-VEL3DD000,number_diagnostics_per_wave,number_diagnostics_per_wave,,,,1,CE09OSSM,MFD35,VEL3D
CE09OSSM-MFD35-01-VEL3DD000,number_samples_per_burst,number_samples_per_burst,,,,1,CE09OSSM,MFD35,VEL3D
CE09OSSM-MFD35-01-VEL3DD000,analog_scale_factor,analog_scale_factor,,,,1,CE09OSSM,MFD35,VEL3D
CE09OSSM-MFD35-01-VEL3DD000,correlation_threshold,correlation_threshold,,,,1,CE09OSSM,MFD35,VEL3D
CE09OSSM-MFD35-01-VEL3DD000,filter_constants,filter_constants,,,,1,CE09OSSM,MFD35,VEL3D
CE09OSSM-MFD35-01-VEL3DD000,analog_input_2,analog_input_2,,,,1,CE09OSSM,MFD35,VEL3D
CE09OSSM-MFD35-01-VEL3DD000,ensemble_counter,ensemble_counter,,,,1,CE09OSSM,MFD35,VEL3D
CE09OSSM-MFD35-01-VEL3DD000,analog_input_1,analog_input_1,,,,1,CE09OSSM,MFD35,VEL3D
CE09OSSM-MFD35-01-VEL3DD000,turbulent_velocity_east,turbulent_velocity_east,,,L0,mm s-1,CE09OSSM,MFD35,VEL3D
CE09OSSM-MFD35-01-VEL3DD000,turbulent_velocity_north,turbulent_velocity_north,,,L0,mm s-1,CE09OSSM,MFD35,VEL3D
CE09OSSM-MFD35-01-VEL3DD000,turbulent_velocity_vertical,turbulent_velocity_vertical,,,L0,mm s-1,CE09OSSM,MFD35,VEL3D
CE09OSSM-MFD35-01-VEL3DD000,amplitude_beam_1,amplitude_beam_1,,,AUX,counts,CE09OSSM,MFD35,VEL3D
CE09OSSM-MFD35-01-VEL3DD000,amplitude_beam_2,amplitude_beam_2,,,AUX,counts,CE09OSSM,MFD35,VEL3D
CE09OSSM-MFD35-01-VEL3DD000,amplitude_beam_3,amplitude_beam_3,,,AUX,counts,CE09OSSM,MFD35,VEL3D
CE09OSSM-MFD35-01-VEL3DD000,correlation_beam_1,correlation_beam_1,,,AUX,1,CE09OSSM,MFD35,VEL3D
CE09OSSM-MFD35-01-VEL3DD000,correlation_beam_2,correlation_beam_2,,,AUX,1,CE09OSSM,MFD35,VEL3D
CE09OSSM-MFD35-01-VEL3DD000,correlation_beam_3,correlation_beam_3,,,AUX,1,CE09OSSM,MFD35,VEL3D
CE09OSSM-MFD35-01-VEL3DD000,speed_of_sound,speed_of_sound,,,AUX,m s-1,CE09OSSM,MFD35,VEL3D
CE09OSSM-MFD35-01-VEL3DD000,error_code,error_code,,,,1,CE09OSSM,MFD35,VEL3D
CE09OSSM-MFD35-01-VEL3DD000,status_code,status_code,,,,1,CE09OSSM,MFD35,VEL3D
CE09OSSM-MFD35-01-VEL3DD000,analog_input,analog_input,,,,1,CE09OSSM,MFD35,VEL3D
CE09OSSM-MFD35-01-VEL3DD000,number_velocity_records,number_velocity_records,,,,1,CE09OSSM,MFD35,VEL3D
CE09OSSM-MFD35-01-VEL3DD000,noise_amp_beam1,noise_amp_beam1,,,,counts,CE09OSSM,MFD35,VEL3D
CE09OSSM-MFD35-01-VEL3DD000,noise_amp_beam2,noise_amp_beam2,,,,counts,CE09OSSM,MFD35,VEL3D
CE09OSSM-MFD35-01-VEL3DD000,noise_amp_beam3,noise_amp_beam3,,,,counts,CE09OSSM,MFD35,VEL3D
CE09OSSM-MFD35-01-VEL3DD000,noise_correlation_beam1,noise_correlation_beam1,,,,1,CE09OSSM,MFD35,VEL3D
CE09OSSM-MFD35-01-VEL3DD000,noise_correlation_beam2,noise_correlation_beam2,,,,1,CE09OSSM,MFD35,VEL3D
CE09OSSM-MFD35-01-VEL3DD000,noise_correlation_beam3,noise_correlation_beam3,,,,1,CE09OSSM,MFD35,VEL3D
CE09OSSM-MFD35-01-VEL3DD000,time,time,,,ENG,seconds since 1900-01-01,CE09OSSM,MFD35,VEL3D
CE09OSSM-MFD35-01-VEL3DD000,ingestion_timestamp,ingestion_timestamp,,,ENG,seconds since 1900-01-01,CE09OSSM,MFD35,VEL3D
CE09OSSM-MFD35-01-VEL3DD000,date_time_string,date_time_string,,,,1,CE09OSSM,MFD35,VEL3D
CE09OSSM-MFD35-02-PRESFC000,driver_timestamp,driver_timestamp,,,ENG,seconds since 1900-01-01,CE09OSSM,MFD35,PRESF
CE09OSSM-MFD35-02-PRESFC000,internal_timestamp,internal_timestamp,,,ENG,seconds since 1900-01-01,CE09OSSM,MFD35,PRESF
CE09OSSM-MFD35-02-PRESFC000,preferred_timestamp,preferred_timestamp,,,ENG,1,CE09OSSM,MFD35,PRESF
CE09OSSM-MFD35-02-PRESFC000,dcl_controller_timestamp,dcl_controller_timestamp,,,ENG,1,CE09OSSM,MFD35,PRESF
CE09OSSM-MFD35-02-PRESFC000,pressure_temp,pressure_temp,,,AUX,deg_C,CE09OSSM,MFD35,PRESF
CE09OSSM-MFD35-02-PRESFC000,abs_seafloor_pressure,abs_seafloor_pressure,0,6000,L1,dbar,CE09OSSM,MFD35,PRESF
CE09OSSM-MFD35-02-PRESFC000,time,time,,,ENG,seconds since 1900-01-01,CE09OSSM,MFD35,PRESF
CE09OSSM-MFD35-02-PRESFC000,seawater_temperature,seawater_temperature,,,AUX,deg_C,CE09OSSM,MFD35,PRESF
CE09OSSM-MFD35-02-PRESFC000,ingestion_timestamp,ingestion_timestamp,,,ENG,seconds since 1900-01-01,CE09OSSM,MFD35,PRESF
CE09OSSM-MFD35-02-PRESFC000,date_time_string,date_time_string,,,,1,CE09OSSM,MFD35,PRESF
CE09OSSM-MFD35-02-PRESFC000,absolute_pressure,absolute_pressure,,,L0,psi,CE09OSSM,MFD35,PRESF
CE09OSSM-MFD35-04-ADCPSJ000,bin_depths,bin_depths,,,,m,CE09OSSM,MFD35,ADCPS
CE09OSSM-MFD35-04-ADCPSJ000,driver_timestamp,driver_timestamp,,,ENG,seconds since 1900-01-01,CE09OSSM,MFD35,ADCPS
CE09OSSM-MFD35-04-ADCPSJ000,ensemble_start_time_2,ensemble_start_time_2,,,,seconds since 1900-01-01,CE09OSSM,MFD35,ADCPS
CE09OSSM-MFD35-04-ADCPSJ000,real_time_clock_2,real_time_clock_2,,,,1,CE09OSSM,MFD35,ADCPS
CE09OSSM-MFD35-04-ADCPSJ000,internal_timestamp,internal_timestamp,,,ENG,seconds since 1900-01-01,CE09OSSM,MFD35,ADCPS
CE09OSSM-MFD35-04-ADCPSJ000,preferred_timestamp,preferred_timestamp,,,ENG,1,CE09OSSM,MFD35,ADCPS
CE09OSSM-MFD35-04-ADCPSJ000,sensor_available_speed,sensor_available_speed,,,,1,CE09OSSM,MFD35,ADCPS
CE09OSSM-MFD35-04-ADCPSJ000,sysconfig_beam_angle,sysconfig_beam_angle,,,,1,CE09OSSM,MFD35,ADCPS
CE09OSSM-MFD35-04-ADCPSJ000,sysconfig_beam_config,sysconfig_beam_config,,,,1,CE09OSSM,MFD35,ADCPS
CE09OSSM-MFD35-04-ADCPSJ000,adcps_jln_upward_seawater_velocity2,adcps_jln_upward_seawater_velocity2,-1,1,L1,m s-1,CE09OSSM,MFD35,ADCPS
CE09OSSM-MFD35-04-ADCPSJ000,adcps_jln_error_velocity2,adcps_jln_error_velocity2,-1,1,L1,m s-1,CE09OSSM,MFD35,ADCPS
CE09OSSM-MFD35-04-ADCPSJ000,dcl_controller_timestamp,dcl_controller_timestamp,,,ENG,1,CE09OSSM,MFD35,ADCPS
CE09OSSM-MFD35-04-ADCPSJ000,adcps_jln_echo_intensity_beam1,adcps_jln_echo_intensity_beam1,0,255,L1,dB,CE09OSSM,MFD35,ADCPS
CE09OSSM-MFD35-04-ADCPSJ000,adcps_jln_echo_intensity_beam2,adcps_jln_echo_intensity_beam2,0,255,L1,dB,CE09OSSM,MFD35,ADCPS
CE09OSSM-MFD35-04-ADCPSJ000,adcps_jln_echo_intensity_beam3,adcps_jln_echo_intensity_beam3,0,255,L1,dB,CE09OSSM,MFD35,ADCPS
CE09OSSM-MFD35-04-ADCPSJ000,adcps_jln_echo_intensity_beam4,adcps_jln_echo_intensity_beam4,0,255,L1,dB,CE09OSSM,MFD35,ADCPS
CE09OSSM-MFD35-04-ADCPSJ000,dcl_controller_starting_timestamp,dcl_controller_starting_timestamp,,,,1,CE09OSSM,MFD35,ADCPS
CE09OSSM-MFD35-04-ADCPSJ000,corrected_echo_intensity_beam1,corrected_echo_intensity_beam1,0,255,L1,dB,CE09OSSM,MFD35,ADCPS
CE09OSSM-MFD35-04-ADCPSJ000,corrected_echo_intensity_beam2,corrected_echo_intensity_beam2,0,255,L1,dB,CE09OSSM,MFD35,ADCPS
CE09OSSM-MFD35-04-ADCPSJ000,corrected_echo_intensity_beam3,corrected_echo_intensity_beam3,0,255,L1,dB,CE09OSSM,MFD35,ADCPS
CE09OSSM-MFD35-04-ADCPSJ000,corrected_echo_intensity_beam4,corrected_echo_intensity_beam4,0,255,L1,dB,CE09OSSM,MFD35,ADCPS
CE09OSSM-MFD35-04-ADCPSJ000,adcpt_acfgm_dcl_eastward_earth_seawater_velocity,adcpt_acfgm_dcl_eastward_earth_seawater_velocity,-3,3,L1,m s-1,CE09OSSM,MFD35,ADCPS
CE09OSSM-MFD35-04-ADCPSJ000,adcpt_acfgm_dcl_northward_earth_seawater_velocity,adcpt_acfgm_dcl_northward_earth_seawater_velocity,-3,3,L1,m s-1,CE09OSSM,MFD35,ADCPS
CE09OSSM-MFD35-04-ADCPSJ000,serial_number,serial_number,,,ENG,1,CE09OSSM,MFD35,ADCPS
CE09OSSM-MFD35-04-ADCPSJ000,adcps_jln_recovered_eastward_seawater_velocity,adcps_jln_recovered_eastward_seawater_velocity,-3,3,L1,m s-1,CE09OSSM,MFD35,ADCPS
CE09OSSM-MFD35-04-ADCPSJ000,adcps_jln_recovered_northward_seawater_velocity,adcps_jln_recovered_northward_seawater_velocity,-3,3,L1,m s-1,CE09OSSM,MFD35,ADCPS
CE09OSSM-MFD35-04-ADCPSJ000,firmware_version,firmware_version,,,,1,CE09OSSM,MFD35,ADCPS
CE09OSSM-MFD35-04-ADCPSJ000,firmware_revision,firmware_revision,,,,1,CE09OSSM,MFD35,ADCPS
CE09OSSM-MFD35-04-ADCPSJ000,sysconfig_frequency,sysconfig_frequency,,,,kHz,CE09OSSM,MFD35,ADCPS
CE09OSSM-MFD35-04-ADCPSJ000,sysconfig_beam_pattern,sysconfig_beam_pattern,,,,1,CE09OSSM,MFD35,ADCPS
CE09OSSM-MFD35-04-ADCPSJ000,sysconfig_sensor_config,sysconfig_sensor_config,,,,1,CE09OSSM,MFD35,ADCPS
CE09OSSM-MFD35-04-ADCPSJ000,sysconfig_head_attached,sysconfig_head_attached,,,,1,CE09OSSM,MFD35,ADCPS
CE09OSSM-MFD35-04-ADCPSJ000,sysconfig_vertical_orientation,sysconfig_vertical_orientation,,,,1,CE09OSSM,MFD35,ADCPS
CE09OSSM-MFD35-04-ADCPSJ000,data_flag,data_flag,,,,1,CE09OSSM,MFD35,ADCPS
CE09OSSM-MFD35-04-ADCPSJ000,lag_length,lag_length,,,,s,CE09OSSM,MFD35,ADCPS
CE09OSSM-MFD35-04-ADCPSJ000,num_beams,num_beams,,,,1,CE09OSSM,MFD35,ADCPS
CE09OSSM-MFD35-04-ADCPSJ000,num_cells,num_cells,,,,1,CE09OSSM,MFD35,ADCPS
CE09OSSM-MFD35-04-ADCPSJ000,pings_per_ensemble,pings_per_ensemble,,,,1,CE09OSSM,MFD35,ADCPS
CE09OSSM-MFD35-04-ADCPSJ000,cell_length,cell_length,,,,cm,CE09OSSM,MFD35,ADCPS
CE09OSSM-MFD35-04-ADCPSJ000,blank_after_transmit,blank_after_transmit,,,,cm,CE09OSSM,MFD35,ADCPS
CE09OSSM-MFD35-04-ADCPSJ000,signal_processing_mode,signal_processing_mode,,,,1,CE09OSSM,MFD35,ADCPS
CE09OSSM-MFD35-04-ADCPSJ000,low_corr_threshold,low_corr_threshold,,,,counts,CE09OSSM,MFD35,ADCPS
CE09OSSM-MFD35-04-ADCPSJ000,num_code_repetitions,num_code_repetitions,,,,counts,CE09OSSM,MFD35,ADCPS
CE09OSSM-MFD35-04-ADCPSJ000,percent_good_min,percent_good_min,,,,percent,CE09OSSM,MFD35,ADCPS
CE09OSSM-MFD35-04-ADCPSJ000,error_vel_threshold,error_vel_threshold,,,,mm s-1,CE09OSSM,MFD35,ADCPS
CE09OSSM-MFD35-04-ADCPSJ000,time_per_ping_minutes,time_per_ping_minutes,,,,min,CE09OSSM,MFD35,ADCPS
CE09OSSM-MFD35-04-ADCPSJ000,time_per_ping_seconds,time_per_ping_seconds,,,,s,CE09OSSM,MFD35,ADCPS
CE09OSSM-MFD35-04-ADCPSJ000,coord_transform_type,coord_transform_type,,,,1,CE09OSSM,MFD35,ADCPS
CE09OSSM-MFD35-04-ADCPSJ000,coord_transform_tilts,coord_transform_tilts,,,,1,CE09OSSM,MFD35,ADCPS
CE09OSSM-MFD35-04-ADCPSJ000,coord_transform_beams,coord_transform_beams,,,,1,CE09OSSM,MFD35,ADCPS
CE09OSSM-MFD35-04-ADCPSJ000,coord_transform_mapping,coord_transform_mapping,,,,1,CE09OSSM,MFD35,ADCPS
CE09OSSM-MFD35-04-ADCPSJ000,heading_alignment,heading_alignment,,,,cdegrees,CE09OSSM,MFD35,ADCPS
CE09OSSM-MFD35-04-ADCPSJ000,heading_bias,heading_bias,,,,cdegrees,CE09OSSM,MFD35,ADCPS
CE09OSSM-MFD35-04-ADCPSJ000,sensor_source_speed,sensor_source_speed,,,,1,CE09OSSM,MFD35,ADCPS
CE09OSSM-MFD35-04-ADCPSJ000,sensor_source_depth,sensor_source_depth,,,,1,CE09OSSM,MFD35,ADCPS
CE09OSSM-MFD35-04-ADCPSJ000,sensor_source_heading,sensor_source_heading,,,,1,CE09OSSM,MFD35,ADCPS
CE09OSSM-MFD35-04-ADCPSJ000,sensor_source_pitch,sensor_source_pitch,,,,1,CE09OSSM,MFD35,ADCPS
CE09OSSM-MFD35-04-ADCPSJ000,sensor_source_roll,sensor_source_roll,,,,1,CE09OSSM,MFD35,ADCPS
CE09OSSM-MFD35-04-ADCPSJ000,sensor_source_conductivity,sensor_source_conductivity,,,,1,CE09OSSM,MFD35,ADCPS
CE09OSSM-MFD35-04-ADCPSJ000,sensor_source_temperature,sensor_source_temperature,,,,1,CE09OSSM,MFD35,ADCPS
CE09OSSM-MFD35-04-ADCPSJ000,sensor_available_depth,sensor_available_depth,,,,1,CE09OSSM,MFD35,ADCPS
CE09OSSM-MFD35-04-ADCPSJ000,sensor_available_heading,sensor_available_heading,,,,1,CE09OSSM,MFD35,ADCPS
CE09OSSM-MFD35-04-ADCPSJ000,sensor_available_pitch,sensor_available_pitch,,,,1,CE09OSSM,MFD35,ADCPS
CE09OSSM-MFD35-04-ADCPSJ000,sensor_available_roll,sensor_available_roll,,,,1,CE09OSSM,MFD35,ADCPS
CE09OSSM-MFD35-04-ADCPSJ000,sensor_available_conductivity,sensor_available_conductivity,,,,1,CE09OSSM,MFD35,ADCPS
CE09OSSM-MFD35-04-ADCPSJ000,sensor_available_temperature,sensor_available_temperature,,,,1,CE09OSSM,MFD35,ADCPS
CE09OSSM-MFD35-04-ADCPSJ000,bin_1_distance,bin_1_distance,,,,cm,CE09OSSM,MFD35,ADCPS
CE09OSSM-MFD35-04-ADCPSJ000,transmit_pulse_length,transmit_pulse_length,,,,cm,CE09OSSM,MFD35,ADCPS
CE09OSSM-MFD35-04-ADCPSJ000,reference_layer_start,reference_layer_start,,,,1,CE09OSSM,MFD35,ADCPS
CE09OSSM-MFD35-04-ADCPSJ000,reference_layer_stop,reference_layer_stop,,,,1,CE09OSSM,MFD35,ADCPS
CE09OSSM-MFD35-04-ADCPSJ000,false_target_threshold,false_target_threshold,,,,counts,CE09OSSM,MFD35,ADCPS
CE09OSSM-MFD35-04-ADCPSJ000,low_latency_trigger,low_latency_trigger,,,,1,CE09OSSM,MFD35,ADCPS
CE09OSSM-MFD35-04-ADCPSJ000,transmit_lag_distance,transmit_lag_distance,,,,cm,CE09OSSM,MFD35,ADCPS
CE09OSSM-MFD35-04-ADCPSJ000,cpu_board_serial_number,cpu_board_serial_number,,,,1,CE09OSSM,MFD35,ADCPS
CE09OSSM-MFD35-04-ADCPSJ000,system_bandwidth,system_bandwidth,,,,1,CE09OSSM,MFD35,ADCPS
CE09OSSM-MFD35-04-ADCPSJ000,system_power,system_power,,,,1,CE09OSSM,MFD35,ADCPS
CE09OSSM-MFD35-04-ADCPSJ000,beam_angle,beam_angle,,,,degrees,CE09OSSM,MFD35,ADCPS
CE09OSSM-MFD35-04-ADCPSJ000,ensemble_number,ensemble_number,,,,1,CE09OSSM,MFD35,ADCPS
CE09OSSM-MFD35-04-ADCPSJ000,ensemble_number_increment,ensemble_number_increment,,,,1,CE09OSSM,MFD35,ADCPS
CE09OSSM-MFD35-04-ADCPSJ000,bit_result_demod_1,bit_result_demod_1,,,,1,CE09OSSM,MFD35,ADCPS
CE09OSSM-MFD35-04-ADCPSJ000,bit_result_demod_0,bit_result_demod_0,,,,1,CE09OSSM,MFD35,ADCPS
CE09OSSM-MFD35-04-ADCPSJ000,bit_result_timing,bit_result_timing,,,,1,CE09OSSM,MFD35,ADCPS
CE09OSSM-MFD35-04-ADCPSJ000,speed_of_sound,speed_of_sound,,,,m s-1,CE09OSSM,MFD35,ADCPS
CE09OSSM-MFD35-04-ADCPSJ000,transducer_depth,transducer_depth,,,,dm,CE09OSSM,MFD35,ADCPS
CE09OSSM-MFD35-04-ADCPSJ000,heading,heading,,,,cdegrees,CE09OSSM,MFD35,ADCPS
CE09OSSM-MFD35-04-ADCPSJ000,pitch,pitch,,,,cdegrees,CE09OSSM,MFD35,ADCPS
CE09OSSM-MFD35-04-ADCPSJ000,roll,roll,,,,cdegrees,CE09OSSM,MFD35,ADCPS
CE09OSSM-MFD35-04-ADCPSJ000,salinity,salinity,,,,1,CE09OSSM,MFD35,ADCPS
CE09OSSM-MFD35-04-ADCPSJ000,temperature,temperature,,,,cdeg_C,CE09OSSM,MFD35,ADCPS
CE09OSSM-MFD35-04-ADCPSJ000,mpt_minutes,mpt_minutes,,,,min,CE09OSSM,MFD35,ADCPS
CE09OSSM-MFD35-04-ADCPSJ000,mpt_seconds,mpt_seconds,,,,s,CE09OSSM,MFD35,ADCPS
CE09OSSM-MFD35-04-ADCPSJ000,heading_stdev,heading_stdev,,,,degrees,CE09OSSM,MFD35,ADCPS
CE09OSSM-MFD35-04-ADCPSJ000,pitch_stdev,pitch_stdev,,,,ddegrees,CE09OSSM,MFD35,ADCPS
CE09OSSM-MFD35-04-ADCPSJ000,roll_stdev,roll_stdev,,,,ddegrees,CE09OSSM,MFD35,ADCPS
CE09OSSM-MFD35-04-ADCPSJ000,adc_transmit_current,adc_transmit_current,,,,counts,CE09OSSM,MFD35,ADCPS
CE09OSSM-MFD35-04-ADCPSJ000,adc_transmit_voltage,adc_transmit_voltage,,,,counts,CE09OSSM,MFD35,ADCPS
CE09OSSM-MFD35-04-ADCPSJ000,adc_ambient_temp,adc_ambient_temp,,,,counts,CE09OSSM,MFD35,ADCPS
CE09OSSM-MFD35-04-ADCPSJ000,adc_pressure_plus,adc_pressure_plus,,,,counts,CE09OSSM,MFD35,ADCPS
CE09OSSM-MFD35-04-ADCPSJ000,adc_pressure_minus,adc_pressure_minus,,,,counts,CE09OSSM,MFD35,ADCPS
CE09OSSM-MFD35-04-ADCPSJ000,adc_attitude_temp,adc_attitude_temp,,,,counts,CE09OSSM,MFD35,ADCPS
CE09OSSM-MFD35-04-ADCPSJ000,adc_attitude,adc_attitude,,,,counts,CE09OSSM,MFD35,ADCPS
CE09OSSM-MFD35-04-ADCPSJ000,adc_contamination_sensor,adc_contamination_sensor,,,,counts,CE09OSSM,MFD35,ADCPS
CE09OSSM-MFD35-04-ADCPSJ000,bus_error_exception,bus_error_exception,,,,1,CE09OSSM,MFD35,ADCPS
CE09OSSM-MFD35-04-ADCPSJ000,address_error_exception,address_error_exception,,,,1,CE09OSSM,MFD35,ADCPS
CE09OSSM-MFD35-04-ADCPSJ000,illegal_instruction_exception,illegal_instruction_exception,,,,1,CE09OSSM,MFD35,ADCPS
CE09OSSM-MFD35-04-ADCPSJ000,zero_divide_instruction,zero_divide_instruction,,,,1,CE09OSSM,MFD35,ADCPS
CE09OSSM-MFD35-04-ADCPSJ000,emulator_exception,emulator_exception,,,,1,CE09OSSM,MFD35,ADCPS
CE09OSSM-MFD35-04-ADCPSJ000,unassigned_exception,unassigned_exception,,,,1,CE09OSSM,MFD35,ADCPS
CE09OSSM-MFD35-04-ADCPSJ000,watchdog_restart_occurred,watchdog_restart_occurred,,,,1,CE09OSSM,MFD35,ADCPS
CE09OSSM-MFD35-04-ADCPSJ000,battery_saver_power,battery_saver_power,,,,1,CE09OSSM,MFD35,ADCPS
CE09OSSM-MFD35-04-ADCPSJ000,pinging,pinging,,,,1,CE09OSSM,MFD35,ADCPS
CE09OSSM-MFD35-04-ADCPSJ000,cold_wakeup_occurred,cold_wakeup_occurred,,,,1,CE09OSSM,MFD35,ADCPS
CE09OSSM-MFD35-04-ADCPSJ000,time,time,,,ENG,seconds since 1900-01-01,CE09OSSM,MFD35,ADCPS
CE09OSSM-MFD35-04-ADCPSJ000,unknown_wakeup_occurred,unknown_wakeup_occurred,,,,1,CE09OSSM,MFD35,ADCPS
CE09OSSM-MFD35-04-ADCPSJ000,clock_read_error,clock_read_error,,,,1,CE09OSSM,MFD35,ADCPS
CE09OSSM-MFD35-04-ADCPSJ000,unexpected_alarm,unexpected_alarm,,,,1,CE09OSSM,MFD35,ADCPS
CE09OSSM-MFD35-04-ADCPSJ000,clock_jump_forward,clock_jump_forward,,,,1,CE09OSSM,MFD35,ADCPS
CE09OSSM-MFD35-04-ADCPSJ000,clock_jump_backward,clock_jump_backward,,,,1,CE09OSSM,MFD35,ADCPS
CE09OSSM-MFD35-04-ADCPSJ000,power_fail,power_fail,,,,1,CE09OSSM,MFD35,ADCPS
CE09OSSM-MFD35-04-ADCPSJ000,spurious_dsp_interrupt,spurious_dsp_interrupt,,,,1,CE09OSSM,MFD35,ADCPS
CE09OSSM-MFD35-04-ADCPSJ000,spurious_uart_interrupt,spurious_uart_interrupt,,,,1,CE09OSSM,MFD35,ADCPS
CE09OSSM-MFD35-04-ADCPSJ000,spurious_clock_interrupt,spurious_clock_interrupt,,,,1,CE09OSSM,MFD35,ADCPS
CE09OSSM-MFD35-04-ADCPSJ000,level_7_interrupt,level_7_interrupt,,,,1,CE09OSSM,MFD35,ADCPS
CE09OSSM-MFD35-04-ADCPSJ000,pressure,pressure,,,,daPa,CE09OSSM,MFD35,ADCPS
CE09OSSM-MFD35-04-ADCPSJ000,pressure_variance,pressure_variance,,,,daPa,CE09OSSM,MFD35,ADCPS
CE09OSSM-MFD35-04-ADCPSJ000,water_velocity_east,water_velocity_east,,,L0,mm s-1,CE09OSSM,MFD35,ADCPS
CE09OSSM-MFD35-04-ADCPSJ000,water_velocity_north,water_velocity_north,,,L0,mm s-1,CE09OSSM,MFD35,ADCPS
CE09OSSM-MFD35-04-ADCPSJ000,water_velocity_up,water_velocity_up,,,L0,mm s-1,CE09OSSM,MFD35,ADCPS
CE09OSSM-MFD35-04-ADCPSJ000,error_velocity,error_velocity,,,L0,mm s-1,CE09OSSM,MFD35,ADCPS
CE09OSSM-MFD35-04-ADCPSJ000,correlation_magnitude_beam1,correlation_magnitude_beam1,,,,1,CE09OSSM,MFD35,ADCPS
CE09OSSM-MFD35-04-ADCPSJ000,correlation_magnitude_beam2,correlation_magnitude_beam2,,,,1,CE09OSSM,MFD35,ADCPS
CE09OSSM-MFD35-04-ADCPSJ000,correlation_magnitude_beam3,correlation_magnitude_beam3,,,,1,CE09OSSM,MFD35,ADCPS
CE09OSSM-MFD35-04-ADCPSJ000,correlation_magnitude_beam4,correlation_magnitude_beam4,,,,1,CE09OSSM,MFD35,ADCPS
CE09OSSM-MFD35-04-ADCPSJ000,echo_intensity_beam1,echo_intensity_beam1,,,L0,counts,CE09OSSM,MFD35,ADCPS
CE09OSSM-MFD35-04-ADCPSJ000,echo_intensity_beam2,echo_intensity_beam2,,,L0,counts,CE09OSSM,MFD35,ADCPS
CE09OSSM-MFD35-04-ADCPSJ000,echo_intensity_beam3,echo_intensity_beam3,,,L0,counts,CE09OSSM,MFD35,ADCPS
CE09OSSM-MFD35-04-ADCPSJ000,echo_intensity_beam4,echo_intensity_beam4,,,L0,counts,CE09OSSM,MFD35,ADCPS
CE09OSSM-MFD35-04-ADCPSJ000,percent_good_3beam,percent_good_3beam,,,,percent,CE09OSSM,MFD35,ADCPS
CE09OSSM-MFD35-04-ADCPSJ000,percent_transforms_reject,percent_transforms_reject,,,,percent,CE09OSSM,MFD35,ADCPS
CE09OSSM-MFD35-04-ADCPSJ000,percent_bad_beams,percent_bad_beams,,,,percent,CE09OSSM,MFD35,ADCPS
CE09OSSM-MFD35-04-ADCPSJ000,percent_good_4beam,percent_good_4beam,,,,percent,CE09OSSM,MFD35,ADCPS
CE09OSSM-MFD35-04-ADCPSJ000,ensemble_start_time,ensemble_start_time,,,,seconds since 1900-01-01,CE09OSSM,MFD35,ADCPS
CE09OSSM-MFD35-04-ADCPSJ000,ingestion_timestamp,ingestion_timestamp,,,ENG,seconds since 1900-01-01,CE09OSSM,MFD35,ADCPS
CE09OSSM-MFD35-04-ADCPSJ000,real_time_clock,real_time_clock,,,,1,CE09OSSM,MFD35,ADCPS
CE09OSSM-MFD35-04-ADCPSJ000,upward_earth_seawater_velocity,upward_earth_seawater_velocity,-1,1,L1,m s-1,CE09OSSM,MFD35,ADCPS
CE09OSSM-MFD35-04-ADCPSJ000,earth_error_velocity,earth_error_velocity,-1,1,L1,m s-1,CE09OSSM,MFD35,ADCPS
CE09OSSM-MFD35-05-PCO2WB000,driver_timestamp,driver_timestamp,,,ENG,seconds since 1900-01-01,CE09OSSM,MFD35,PCO2W
CE09OSSM-MFD35-05-PCO2WB000,external_device2_fault,external_device2_fault,,,,1,CE09OSSM,MFD35,PCO2W
CE09OSSM-MFD35-05-PCO2WB000,external_device3_fault,external_device3_fault,,,,1,CE09OSSM,MFD35,PCO2W
CE09OSSM-MFD35-05-PCO2WB000,num_data_records,num_data_records,,,,1,CE09OSSM,MFD35,PCO2W
CE09OSSM-MFD35-05-PCO2WB000,num_error_records,num_error_records,,,,1,CE09OSSM,MFD35,PCO2W
CE09OSSM-MFD35-05-PCO2WB000,num_bytes_stored,num_bytes_stored,,,,bytes,CE09OSSM,MFD35,PCO2W
CE09OSSM-MFD35-05-PCO2WB000,internal_timestamp,internal_timestamp,,,ENG,seconds since 1900-01-01,CE09OSSM,MFD35,PCO2W
CE09OSSM-MFD35-05-PCO2WB000,preferred_timestamp,preferred_timestamp,,,ENG,1,CE09OSSM,MFD35,PCO2W
CE09OSSM-MFD35-05-PCO2WB000,passed_checksum,passed_checksum,,,ENG,1,CE09OSSM,MFD35,PCO2W
CE09OSSM-MFD35-05-PCO2WB000,dcl_controller_timestamp,dcl_controller_timestamp,,,ENG,1,CE09OSSM,MFD35,PCO2W
CE09OSSM-MFD35-05-PCO2WB000,blank_light_measurements,blank_light_measurements,,,,counts,CE09OSSM,MFD35,PCO2W
CE09OSSM-MFD35-05-PCO2WB000,battery_low_blank,battery_low_blank,,,,1,CE09OSSM,MFD35,PCO2W
CE09OSSM-MFD35-05-PCO2WB000,unique_id,unique_id,,,,1,CE09OSSM,MFD35,PCO2W
CE09OSSM-MFD35-05-PCO2WB000,record_type,record_type,,,,1,CE09OSSM,MFD35,PCO2W
CE09OSSM-MFD35-05-PCO2WB000,record_time,record_time,,,,seconds since 1904-01-01,CE09OSSM,MFD35,PCO2W
CE09OSSM-MFD35-05-PCO2WB000,light_measurements,light_measurements,,,,counts,CE09OSSM,MFD35,PCO2W
CE09OSSM-MFD35-05-PCO2WB000,voltage_battery,voltage_battery,,,,counts,CE09OSSM,MFD35,PCO2W
CE09OSSM-MFD35-05-PCO2WB000,thermistor_raw,thermistor_raw,,,L0,V,CE09OSSM,MFD35,PCO2W
CE09OSSM-MFD35-05-PCO2WB000,clock_active,clock_active,,,,1,CE09OSSM,MFD35,PCO2W
CE09OSSM-MFD35-05-PCO2WB000,recording_active,recording_active,,,,1,CE09OSSM,MFD35,PCO2W
CE09OSSM-MFD35-05-PCO2WB000,record_end_on_time,record_end_on_time,,,,1,CE09OSSM,MFD35,PCO2W
CE09OSSM-MFD35-05-PCO2WB000,record_memory_full,record_memory_full,,,,1,CE09OSSM,MFD35,PCO2W
CE09OSSM-MFD35-05-PCO2WB000,record_end_on_error,record_end_on_error,,,,1,CE09OSSM,MFD35,PCO2W
CE09OSSM-MFD35-05-PCO2WB000,data_download_ok,data_download_ok,,,,1,CE09OSSM,MFD35,PCO2W
CE09OSSM-MFD35-05-PCO2WB000,flash_memory_open,flash_memory_open,,,,1,CE09OSSM,MFD35,PCO2W
CE09OSSM-MFD35-05-PCO2WB000,battery_low_prestart,battery_low_prestart,,,,1,CE09OSSM,MFD35,PCO2W
CE09OSSM-MFD35-05-PCO2WB000,battery_low_measurement,battery_low_measurement,,,,1,CE09OSSM,MFD35,PCO2W
CE09OSSM-MFD35-05-PCO2WB000,battery_low_external,battery_low_external,,,,1,CE09OSSM,MFD35,PCO2W
CE09OSSM-MFD35-05-PCO2WB000,external_device1_fault,external_device1_fault,,,,1,CE09OSSM,MFD35,PCO2W
CE09OSSM-MFD35-05-PCO2WB000,flash_erased,flash_erased,,,,1,CE09OSSM,MFD35,PCO2W
CE09OSSM-MFD35-05-PCO2WB000,power_on_invalid,power_on_invalid,,,,1,CE09OSSM,MFD35,PCO2W
CE09OSSM-MFD35-05-PCO2WB000,time,time,,,ENG,seconds since 1900-01-01,CE09OSSM,MFD35,PCO2W
CE09OSSM-MFD35-05-PCO2WB000,ingestion_timestamp,ingestion_timestamp,,,ENG,seconds since 1900-01-01,CE09OSSM,MFD35,PCO2W
CE09OSSM-MFD35-05-PCO2WB000,absorbance_ratio_434,absorbance_ratio_434,0,100000,L0,counts,CE09OSSM,MFD35,PCO2W
CE09OSSM-MFD35-05-PCO2WB000,absorbance_ratio_620,absorbance_ratio_620,0,100000,L0,counts,CE09OSSM,MFD35,PCO2W
CE09OSSM-MFD35-05-PCO2WB000,absorbance_blank_434,absorbance_blank_434,,,L0,1,CE09OSSM,MFD35,PCO2W
CE09OSSM-MFD35-05-PCO2WB000,absorbance_blank_620,absorbance_blank_620,,,L0,1,CE09OSSM,MFD35,PCO2W
CE09OSSM-MFD35-05-PCO2WB000,pco2w_thermistor_temperature,pco2w_thermistor_temperature,-2,40,,deg_C,CE09OSSM,MFD35,PCO2W
CE09OSSM-MFD35-05-PCO2WB000,pco2_seawater,pco2_seawater,100,600,L1,uatm,CE09OSSM,MFD35,PCO2W
CE09OSSM-MFD35-06-PHSEND000,driver_timestamp,driver_timestamp,,,ENG,seconds since 1900-01-01,CE09OSSM,MFD35,PHSEN
CE09OSSM-MFD35-06-PHSEND000,external_device2_fault,external_device2_fault,,,,1,CE09OSSM,MFD35,PHSEN
CE09OSSM-MFD35-06-PHSEND000,external_device3_fault,external_device3_fault,,,,1,CE09OSSM,MFD35,PHSEN
CE09OSSM-MFD35-06-PHSEND000,num_data_records,num_data_records,,,,1,CE09OSSM,MFD35,PHSEN
CE09OSSM-MFD35-06-PHSEND000,num_error_records,num_error_records,,,,1,CE09OSSM,MFD35,PHSEN
CE09OSSM-MFD35-06-PHSEND000,num_bytes_stored,num_bytes_stored,,,,bytes,CE09OSSM,MFD35,PHSEN
CE09OSSM-MFD35-06-PHSEND000,internal_timestamp,internal_timestamp,,,ENG,seconds since 1900-01-01,CE09OSSM,MFD35,PHSEN
CE09OSSM-MFD35-06-PHSEND000,preferred_timestamp,preferred_timestamp,,,ENG,1,CE09OSSM,MFD35,PHSEN
CE09OSSM-MFD35-06-PHSEND000,passed_checksum,passed_checksum,,,ENG,1,CE09OSSM,MFD35,PHSEN
CE09OSSM-MFD35-06-PHSEND000,dcl_controller_timestamp,dcl_controller_timestamp,,,ENG,1,CE09OSSM,MFD35,PHSEN
CE09OSSM-MFD35-06-PHSEND000,phsen_abcdef_ph_seawater,phsen_abcdef_ph_seawater,7.3,8.5,L1,(unitless),CE09OSSM,MFD35,PHSEN
CE09OSSM-MFD35-06-PHSEND000,battery_low_blank,battery_low_blank,,,,1,CE09OSSM,MFD35,PHSEN
CE09OSSM-MFD35-06-PHSEND000,unique_id,unique_id,,,,1,CE09OSSM,MFD35,PHSEN
CE09OSSM-MFD35-06-PHSEND000,record_type,record_type,,,,1,CE09OSSM,MFD35,PHSEN
CE09OSSM-MFD35-06-PHSEND000,record_time,record_time,,,,seconds since 1904-01-01,CE09OSSM,MFD35,PHSEN
CE09OSSM-MFD35-06-PHSEND000,light_measurements,light_measurements,,,,counts,CE09OSSM,MFD35,PHSEN
CE09OSSM-MFD35-06-PHSEND000,voltage_battery,voltage_battery,,,,counts,CE09OSSM,MFD35,PHSEN
CE09OSSM-MFD35-06-PHSEND000,clock_active,clock_active,,,,1,CE09OSSM,MFD35,PHSEN
CE09OSSM-MFD35-06-PHSEND000,recording_active,recording_active,,,,1,CE09OSSM,MFD35,PHSEN
CE09OSSM-MFD35-06-PHSEND000,record_end_on_time,record_end_on_time,,,,1,CE09OSSM,MFD35,PHSEN
CE09OSSM-MFD35-06-PHSEND000,record_memory_full,record_memory_full,,,,1,CE09OSSM,MFD35,PHSEN
CE09OSSM-MFD35-06-PHSEND000,phsen_abcdef_signal_intensity_434,phsen_abcdef_signal_intensity_434,,,L0,counts,CE09OSSM,MFD35,PHSEN
CE09OSSM-MFD35-06-PHSEND000,phsen_abcdef_signal_intensity_578,phsen_abcdef_signal_intensity_578,,,L0,counts,CE09OSSM,MFD35,PHSEN
CE09OSSM-MFD35-06-PHSEND000,record_end_on_error,record_end_on_error,,,,1,CE09OSSM,MFD35,PHSEN
CE09OSSM-MFD35-06-PHSEND000,data_download_ok,data_download_ok,,,,1,CE09OSSM,MFD35,PHSEN
CE09OSSM-MFD35-06-PHSEND000,flash_memory_open,flash_memory_open,,,,1,CE09OSSM,MFD35,PHSEN
CE09OSSM-MFD35-06-PHSEND000,battery_low_prestart,battery_low_prestart,,,,1,CE09OSSM,MFD35,PHSEN
CE09OSSM-MFD35-06-PHSEND000,battery_low_measurement,battery_low_measurement,,,,1,CE09OSSM,MFD35,PHSEN
CE09OSSM-MFD35-06-PHSEND000,battery_low_external,battery_low_external,,,,1,CE09OSSM,MFD35,PHSEN
CE09OSSM-MFD35-06-PHSEND000,external_device1_fault,external_device1_fault,,,,1,CE09OSSM,MFD35,PHSEN
CE09OSSM-MFD35-06-PHSEND000,flash_erased,flash_erased,,,,1,CE09OSSM,MFD35,PHSEN
CE09OSSM-MFD35-06-PHSEND000,power_on_invalid,power_on_invalid,,,,1,CE09OSSM,MFD35,PHSEN
CE09OSSM-MFD35-06-PHSEND000,time,time,,,ENG,seconds since 1900-01-01,CE09OSSM,MFD35,PHSEN
CE09OSSM-MFD35-06-PHSEND000,ingestion_timestamp,ingestion_timestamp,,,ENG,seconds since 1900-01-01,CE09OSSM,MFD35,PHSEN
CE09OSSM-MFD35-06-PHSEND000,thermistor_start,thermistor_start,,,,counts,CE09OSSM,MFD35,PHSEN
CE09OSSM-MFD35-06-PHSEND000,reference_light_measurements,reference_light_measurements,,,,counts,CE09OSSM,MFD35,PHSEN
CE09OSSM-MFD35-06-PHSEND000,thermistor_end,thermistor_end,,,,counts,CE09OSSM,MFD35,PHSEN
CE09OSSM-MFD35-06-PHSEND000,phsen_thermistor_temperature,phsen_thermistor_temperature,,,L0,V,CE09OSSM,MFD35,PHSEN
CE09OSSM-MFD37-01-OPTAAD000,driver_timestamp,driver_timestamp,,,ENG,seconds since 1900-01-01,CE09OSSM,MFD37,OPTAA
CE09OSSM-MFD37-01-OPTAAD000,internal_timestamp,internal_timestamp,,,ENG,seconds since 1900-01-01,CE09OSSM,MFD37,OPTAA
CE09OSSM-MFD37-01-OPTAAD000,preferred_timestamp,preferred_timestamp,,,ENG,1,CE09OSSM,MFD37,OPTAA
CE09OSSM-MFD37-01-OPTAAD000,start_date,start_date,,,,1,CE09OSSM,MFD37,OPTAA
CE09OSSM-MFD37-01-OPTAAD000,serial_number,serial_number,,,ENG,1,CE09OSSM,MFD37,OPTAA
CE09OSSM-MFD37-01-OPTAAD000,optaa_dj_dcl_beam_attenuation,optaa_dj_dcl_beam_attenuation,0,100,L2,m-1,CE09OSSM,MFD37,OPTAA
CE09OSSM-MFD37-01-OPTAAD000,optaa_dj_dcl_optical_absorption,optaa_dj_dcl_optical_absorption,0,100,L2,m-1,CE09OSSM,MFD37,OPTAA
CE09OSSM-MFD37-01-OPTAAD000,packet_type,packet_type,,,,1,CE09OSSM,MFD37,OPTAA
CE09OSSM-MFD37-01-OPTAAD000,meter_type,meter_type,,,,1,CE09OSSM,MFD37,OPTAA
CE09OSSM-MFD37-01-OPTAAD000,a_reference_dark_counts,a_reference_dark_counts,,,,counts,CE09OSSM,MFD37,OPTAA
CE09OSSM-MFD37-01-OPTAAD000,pressure_counts,pressure_counts,,,,counts,CE09OSSM,MFD37,OPTAA
CE09OSSM-MFD37-01-OPTAAD000,a_signal_dark_counts,a_signal_dark_counts,,,,counts,CE09OSSM,MFD37,OPTAA
CE09OSSM-MFD37-01-OPTAAD000,external_temp_raw,external_temp_raw,,,,counts,CE09OSSM,MFD37,OPTAA
CE09OSSM-MFD37-01-OPTAAD000,internal_temp_raw,internal_temp_raw,,,L0,counts,CE09OSSM,MFD37,OPTAA
CE09OSSM-MFD37-01-OPTAAD000,c_reference_dark_counts,c_reference_dark_counts,,,,counts,CE09OSSM,MFD37,OPTAA
CE09OSSM-MFD37-01-OPTAAD000,c_signal_dark_counts,c_signal_dark_counts,,,,counts,CE09OSSM,MFD37,OPTAA
CE09OSSM-MFD37-01-OPTAAD000,elapsed_run_time,elapsed_run_time,,,,ms,CE09OSSM,MFD37,OPTAA
CE09OSSM-MFD37-01-OPTAAD000,num_wavelengths,num_wavelengths,,,,1,CE09OSSM,MFD37,OPTAA
CE09OSSM-MFD37-01-OPTAAD000,c_reference_counts,c_reference_counts,,,L0,counts,CE09OSSM,MFD37,OPTAA
CE09OSSM-MFD37-01-OPTAAD000,a_reference_counts,a_reference_counts,,,L0,counts,CE09OSSM,MFD37,OPTAA
CE09OSSM-MFD37-01-OPTAAD000,c_signal_counts,c_signal_counts,,,L0,counts,CE09OSSM,MFD37,OPTAA
CE09OSSM-MFD37-01-OPTAAD000,a_signal_counts,a_signal_counts,,,L0,counts,CE09OSSM,MFD37,OPTAA
CE09OSSM-MFD37-01-OPTAAD000,time,time,,,ENG,seconds since 1900-01-01,CE09OSSM,MFD37,OPTAA
CE09OSSM-MFD37-01-OPTAAD000,ingestion_timestamp,ingestion_timestamp,,,ENG,seconds since 1900-01-01,CE09OSSM,MFD37,OPTAA
CE09OSSM-MFD37-03-CTDBPE000,conductivity,conductivity,0,6,L1,S m-1,CE09OSSM,MFD37,CTDBP
CE09OSSM-MFD37-03-CTDBPE000,driver_timestamp,driver_timestamp,,,ENG,seconds since 1900-01-01,CE09OSSM,MFD37,CTDBP
CE09OSSM-MFD37-03-CTDBPE000,internal_timestamp,internal_timestamp,,,ENG,seconds since 1900-01-01,CE09OSSM,MFD37,CTDBP
CE09OSSM-MFD37-03-CTDBPE000,preferred_timestamp,preferred_timestamp,,,ENG,1,CE09OSSM,MFD37,CTDBP
CE09OSSM-MFD37-03-CTDBPE000,temperature,temperature,,,L0,counts,CE09OSSM,MFD37,CTDBP
CE09OSSM-MFD37-03-CTDBPE000,conductivity,conductivity,,,L0,counts,CE09OSSM,MFD37,CTDBP
CE09OSSM-MFD37-03-CTDBPE000,pressure,pressure,,,L0,counts,CE09OSSM,MFD37,CTDBP
CE09OSSM-MFD37-03-CTDBPE000,pressure_temp,pressure_temp,,,L0,counts,CE09OSSM,MFD37,CTDBP
CE09OSSM-MFD37-03-CTDBPE000,ctd_time,ctd_time,,,ENG,seconds since 2000-01-01,CE09OSSM,MFD37,CTDBP
CE09OSSM-MFD37-03-CTDBPE000,pressure,pressure,0,6000,L1,dbar,CE09OSSM,MFD37,CTDBP
CE09OSSM-MFD37-03-CTDBPE000,dcl_controller_timestamp,dcl_controller_timestamp,,,ENG,1,CE09OSSM,MFD37,CTDBP
CE09OSSM-MFD37-03-CTDBPE000,ctdbp_seawater_temperature,ctdbp_seawater_temperature,-2,40,L1,deg_C,CE09OSSM,MFD37,CTDBP
CE09OSSM-MFD37-03-CTDBPE000,ctdbp_seawater_pressure,ctdbp_seawater_pressure,0,6000,L1,dbar,CE09OSSM,MFD37,CTDBP
CE09OSSM-MFD37-03-CTDBPE000,ctdbp_seawater_conductivity,ctdbp_seawater_conductivity,0,6,L1,S m-1,CE09OSSM,MFD37,CTDBP
CE09OSSM-MFD37-03-CTDBPE000,ctdbp_practical_salinity,ctdbp_practical_salinity,0,42,L2,1,CE09OSSM,MFD37,CTDBP
CE09OSSM-MFD37-03-CTDBPE000,ctdbp_seawater_density,ctdbp_seawater_density,1000,1100,L2,kg m-3,CE09OSSM,MFD37,CTDBP
CE09OSSM-MFD37-03-CTDBPE000,ctdbp_cdef_dcl_ce_density,ctdbp_cdef_dcl_ce_density,1000,1100,L2,kg m-3,CE09OSSM,MFD37,CTDBP
CE09OSSM-MFD37-03-CTDBPE000,temp,temp,-2,40,L1,deg_C,CE09OSSM,MFD37,CTDBP
CE09OSSM-MFD37-03-CTDBPE000,time,time,,,ENG,seconds since 1900-01-01,CE09OSSM,MFD37,CTDBP
CE09OSSM-MFD37-03-CTDBPE000,ingestion_timestamp,ingestion_timestamp,,,ENG,seconds since 1900-01-01,CE09OSSM,MFD37,CTDBP
CE09OSSM-MFD37-03-CTDBPE000,salinity,salinity,0,42,L2,(unitless),CE09OSSM,MFD37,CTDBP
CE09OSSM-MFD37-03-CTDBPE000,date_time_string,date_time_string,,,,1,CE09OSSM,MFD37,CTDBP
CE09OSSM-MFD37-04-DOSTAD000,product_number,product_number,,,,1,CE09OSSM,MFD37,DOSTA
CE09OSSM-MFD37-04-DOSTAD000,driver_timestamp,driver_timestamp,,,ENG,seconds since 1900-01-01,CE09OSSM,MFD37,DOSTA
CE09OSSM-MFD37-04-DOSTAD000,internal_timestamp,internal_timestamp,,,ENG,seconds since 1900-01-01,CE09OSSM,MFD37,DOSTA
CE09OSSM-MFD37-04-DOSTAD000,preferred_timestamp,preferred_timestamp,,,ENG,1,CE09OSSM,MFD37,DOSTA
CE09OSSM-MFD37-04-DOSTAD000,dcl_controller_timestamp,dcl_controller_timestamp,,,ENG,1,CE09OSSM,MFD37,DOSTA
CE09OSSM-MFD37-04-DOSTAD000,dosta_abcdjm_cspp_tc_oxygen,dosta_abcdjm_cspp_tc_oxygen,0,400,L1,umol L-1,CE09OSSM,MFD37,DOSTA
CE09OSSM-MFD37-04-DOSTAD000,serial_number,serial_number,,,ENG,1,CE09OSSM,MFD37,DOSTA
CE09OSSM-MFD37-04-DOSTAD000,dosta_abcdjm_dcl_abs_oxygen,dosta_abcdjm_dcl_abs_oxygen,0,400,L2,umol kg-1,CE09OSSM,MFD37,DOSTA
CE09OSSM-MFD37-04-DOSTAD000,dosta_abcdjm_dcl_metbk_abs_oxygen,dosta_abcdjm_dcl_metbk_abs_oxygen,0,400,L2,umol kg-1,CE09OSSM,MFD37,DOSTA
CE09OSSM-MFD37-04-DOSTAD000,dosta_abcdjm_dcl_ctdbp_abs_oxygen,dosta_abcdjm_dcl_ctdbp_abs_oxygen,0,400,L2,umol kg-1,CE09OSSM,MFD37,DOSTA
CE09OSSM-MFD37-04-DOSTAD000,time,time,,,ENG,seconds since 1900-01-01,CE09OSSM,MFD37,DOSTA
CE09OSSM-MFD37-04-DOSTAD000,ingestion_timestamp,ingestion_timestamp,,,ENG,seconds since 1900-01-01,CE09OSSM,MFD37,DOSTA
CE09OSSM-MFD37-04-DOSTAD000,estimated_oxygen_concentration,estimated_oxygen_concentration,0,400,L1,umol L-1,CE09OSSM,MFD37,DOSTA
CE09OSSM-MFD37-04-DOSTAD000,estimated_oxygen_saturation,estimated_oxygen_saturation,0,110,L1,percent,CE09OSSM,MFD37,DOSTA
CE09OSSM-MFD37-04-DOSTAD000,optode_temperature,optode_temperature,-2,40,,deg_C,CE09OSSM,MFD37,DOSTA
CE09OSSM-MFD37-04-DOSTAD000,calibrated_phase,calibrated_phase,,,L0,degrees,CE09OSSM,MFD37,DOSTA
CE09OSSM-MFD37-04-DOSTAD000,temp_compensated_phase,temp_compensated_phase,,,,degrees,CE09OSSM,MFD37,DOSTA
CE09OSSM-MFD37-04-DOSTAD000,blue_phase,blue_phase,,,,degrees,CE09OSSM,MFD37,DOSTA
CE09OSSM-MFD37-04-DOSTAD000,red_phase,red_phase,,,,degrees,CE09OSSM,MFD37,DOSTA
CE09OSSM-MFD37-04-DOSTAD000,blue_amplitude,blue_amplitude,,,,mV,CE09OSSM,MFD37,DOSTA
CE09OSSM-MFD37-04-DOSTAD000,red_amplitude,red_amplitude,,,,mV,CE09OSSM,MFD37,DOSTA
CE09OSSM-MFD37-04-DOSTAD000,raw_temperature,raw_temperature,,,,mV,CE09OSSM,MFD37,DOSTA
CE09OSSM-MFD37-06-CAMDSA000,Still in development,Still in development,,,,,CE09OSSM,MFD37,CAMDS
CE09OSSM-MFD37-07-ZPLSCC000,serial_number,serial_number,,,ENG,1,CE09OSSM,MFD37,ZPLSC
CE09OSSM-MFD37-07-ZPLSCC000,zplsc_c_transmission_timestamp,zplsc_c_transmission_timestamp,,,,1,CE09OSSM,MFD37,ZPLSC
CE09OSSM-MFD37-07-ZPLSCC000,zplsc_c_phase,zplsc_c_phase,,,,1,CE09OSSM,MFD37,ZPLSC
CE09OSSM-MFD37-07-ZPLSCC000,zplsc_c_number_of_frequencies,zplsc_c_number_of_frequencies,,,,1,CE09OSSM,MFD37,ZPLSC
CE09OSSM-MFD37-07-ZPLSCC000,zplsc_c_number_of_bins_frequency_1,zplsc_c_number_of_bins_frequency_1,,,,1,CE09OSSM,MFD37,ZPLSC
CE09OSSM-MFD37-07-ZPLSCC000,zplsc_c_number_of_bins_frequency_2,zplsc_c_number_of_bins_frequency_2,,,,1,CE09OSSM,MFD37,ZPLSC
CE09OSSM-MFD37-07-ZPLSCC000,zplsc_c_number_of_bins_frequency_3,zplsc_c_number_of_bins_frequency_3,,,,1,CE09OSSM,MFD37,ZPLSC
CE09OSSM-MFD37-07-ZPLSCC000,zplsc_c_number_of_bins_frequency_4,zplsc_c_number_of_bins_frequency_4,,,,1,CE09OSSM,MFD37,ZPLSC
CE09OSSM-MFD37-07-ZPLSCC000,zplsc_c_min_value_channel_1,zplsc_c_min_value_channel_1,,,,counts,CE09OSSM,MFD37,ZPLSC
CE09OSSM-MFD37-07-ZPLSCC000,zplsc_c_min_value_channel_2,zplsc_c_min_value_channel_2,,,,counts,CE09OSSM,MFD37,ZPLSC
CE09OSSM-MFD37-07-ZPLSCC000,zplsc_c_min_value_channel_3,zplsc_c_min_value_channel_3,,,,counts,CE09OSSM,MFD37,ZPLSC
CE09OSSM-MFD37-07-ZPLSCC000,zplsc_c_min_value_channel_4,zplsc_c_min_value_channel_4,,,,counts,CE09OSSM,MFD37,ZPLSC
CE09OSSM-MFD37-07-ZPLSCC000,zplsc_c_date_of_burst,zplsc_c_date_of_burst,,,,1,CE09OSSM,MFD37,ZPLSC
CE09OSSM-MFD37-07-ZPLSCC000,zplsc_c_tilt_x,zplsc_c_tilt_x,,,,deg,CE09OSSM,MFD37,ZPLSC
CE09OSSM-MFD37-07-ZPLSCC000,zplsc_c_tilt_y,zplsc_c_tilt_y,,,,deg,CE09OSSM,MFD37,ZPLSC
CE09OSSM-MFD37-07-ZPLSCC000,zplsc_c_battery_voltage,zplsc_c_battery_voltage,,,,volt,CE09OSSM,MFD37,ZPLSC
CE09OSSM-MFD37-07-ZPLSCC000,zplsc_c_temperature,zplsc_c_temperature,,,,degC,CE09OSSM,MFD37,ZPLSC
CE09OSSM-MFD37-07-ZPLSCC000,zplsc_c_pressure,zplsc_c_pressure,,,,dbar,CE09OSSM,MFD37,ZPLSC
CE09OSSM-MFD37-07-ZPLSCC000,zplsc_c_board_number_channel_1,zplsc_c_board_number_channel_1,,,,1,CE09OSSM,MFD37,ZPLSC
CE09OSSM-MFD37-07-ZPLSCC000,zplsc_c_frequency_channel_1,zplsc_c_frequency_channel_1,,,,kHz,CE09OSSM,MFD37,ZPLSC
CE09OSSM-MFD37-07-ZPLSCC000,zplsc_c_values_channel_1,zplsc_c_values_channel_1,,,,counts,CE09OSSM,MFD37,ZPLSC
CE09OSSM-MFD37-07-ZPLSCC000,zplsc_c_board_number_channel_2,zplsc_c_board_number_channel_2,,,,1,CE09OSSM,MFD37,ZPLSC
CE09OSSM-MFD37-07-ZPLSCC000,zplsc_c_frequency_channel_2,zplsc_c_frequency_channel_2,,,,kHz,CE09OSSM,MFD37,ZPLSC
CE09OSSM-MFD37-07-ZPLSCC000,zplsc_c_values_channel_2,zplsc_c_values_channel_2,,,,counts,CE09OSSM,MFD37,ZPLSC
CE09OSSM-MFD37-07-ZPLSCC000,zplsc_c_board_number_channel_3,zplsc_c_board_number_channel_3,,,,1,CE09OSSM,MFD37,ZPLSC
CE09OSSM-MFD37-07-ZPLSCC000,zplsc_c_frequency_channel_3,zplsc_c_frequency_channel_3,,,,kHz,CE09OSSM,MFD37,ZPLSC
CE09OSSM-MFD37-07-ZPLSCC000,zplsc_c_values_channel_3,zplsc_c_values_channel_3,,,,counts,CE09OSSM,MFD37,ZPLSC
CE09OSSM-MFD37-07-ZPLSCC000,zplsc_c_board_number_channel_4,zplsc_c_board_number_channel_4,,,,1,CE09OSSM,MFD37,ZPLSC
CE09OSSM-MFD37-07-ZPLSCC000,zplsc_c_frequency_channel_4,zplsc_c_frequency_channel_4,,,,kHz,CE09OSSM,MFD37,ZPLSC
CE09OSSM-MFD37-07-ZPLSCC000,zplsc_c_values_channel_4,zplsc_c_values_channel_4,,,,counts,CE09OSSM,MFD37,ZPLSC
CE09OSSM-MFD37-07-ZPLSCC000,time,time,,,ENG,seconds since 1900-01-01,CE09OSSM,MFD37,ZPLSC
CE09OSSM-MFD37-07-ZPLSCC000,burst_number,burst_number,,,,1,CE09OSSM,MFD37,ZPLSC
CE09OSSM-RID26-01-ADCPTC000,bin_depths,bin_depths,,,,m,CE09OSSM,RID26,ADCPT
CE09OSSM-RID26-01-ADCPTC000,driver_timestamp,driver_timestamp,,,ENG,seconds since 1900-01-01,CE09OSSM,RID26,ADCPT
CE09OSSM-RID26-01-ADCPTC000,ensemble_start_time_2,ensemble_start_time_2,,,,seconds since 1900-01-01,CE09OSSM,RID26,ADCPT
CE09OSSM-RID26-01-ADCPTC000,real_time_clock_2,real_time_clock_2,,,,1,CE09OSSM,RID26,ADCPT
CE09OSSM-RID26-01-ADCPTC000,internal_timestamp,internal_timestamp,,,ENG,seconds since 1900-01-01,CE09OSSM,RID26,ADCPT
CE09OSSM-RID26-01-ADCPTC000,preferred_timestamp,preferred_timestamp,,,ENG,1,CE09OSSM,RID26,ADCPT
CE09OSSM-RID26-01-ADCPTC000,sensor_available_speed,sensor_available_speed,,,,1,CE09OSSM,RID26,ADCPT
CE09OSSM-RID26-01-ADCPTC000,sysconfig_beam_angle,sysconfig_beam_angle,,,,1,CE09OSSM,RID26,ADCPT
CE09OSSM-RID26-01-ADCPTC000,sysconfig_beam_config,sysconfig_beam_config,,,,1,CE09OSSM,RID26,ADCPT
CE09OSSM-RID26-01-ADCPTC000,adcps_jln_upward_seawater_velocity2,adcps_jln_upward_seawater_velocity2,-1,1,L1,m s-1,CE09OSSM,RID26,ADCPT
CE09OSSM-RID26-01-ADCPTC000,adcps_jln_error_velocity2,adcps_jln_error_velocity2,-1,1,L1,m s-1,CE09OSSM,RID26,ADCPT
CE09OSSM-RID26-01-ADCPTC000,dcl_controller_timestamp,dcl_controller_timestamp,,,ENG,1,CE09OSSM,RID26,ADCPT
CE09OSSM-RID26-01-ADCPTC000,adcps_jln_echo_intensity_beam1,adcps_jln_echo_intensity_beam1,0,255,L1,dB,CE09OSSM,RID26,ADCPT
CE09OSSM-RID26-01-ADCPTC000,adcps_jln_echo_intensity_beam2,adcps_jln_echo_intensity_beam2,0,255,L1,dB,CE09OSSM,RID26,ADCPT
CE09OSSM-RID26-01-ADCPTC000,adcps_jln_echo_intensity_beam3,adcps_jln_echo_intensity_beam3,0,255,L1,dB,CE09OSSM,RID26,ADCPT
CE09OSSM-RID26-01-ADCPTC000,adcps_jln_echo_intensity_beam4,adcps_jln_echo_intensity_beam4,0,255,L1,dB,CE09OSSM,RID26,ADCPT
CE09OSSM-RID26-01-ADCPTC000,dcl_controller_starting_timestamp,dcl_controller_starting_timestamp,,,,1,CE09OSSM,RID26,ADCPT
CE09OSSM-RID26-01-ADCPTC000,corrected_echo_intensity_beam1,corrected_echo_intensity_beam1,0,255,L1,dB,CE09OSSM,RID26,ADCPT
CE09OSSM-RID26-01-ADCPTC000,corrected_echo_intensity_beam2,corrected_echo_intensity_beam2,0,255,L1,dB,CE09OSSM,RID26,ADCPT
CE09OSSM-RID26-01-ADCPTC000,corrected_echo_intensity_beam3,corrected_echo_intensity_beam3,0,255,L1,dB,CE09OSSM,RID26,ADCPT
CE09OSSM-RID26-01-ADCPTC000,corrected_echo_intensity_beam4,corrected_echo_intensity_beam4,0,255,L1,dB,CE09OSSM,RID26,ADCPT
CE09OSSM-RID26-01-ADCPTC000,adcpt_acfgm_dcl_eastward_earth_seawater_velocity,adcpt_acfgm_dcl_eastward_earth_seawater_velocity,-3,3,L1,m s-1,CE09OSSM,RID26,ADCPT
CE09OSSM-RID26-01-ADCPTC000,adcpt_acfgm_dcl_northward_earth_seawater_velocity,adcpt_acfgm_dcl_northward_earth_seawater_velocity,-3,3,L1,m s-1,CE09OSSM,RID26,ADCPT
CE09OSSM-RID26-01-ADCPTC000,serial_number,serial_number,,,ENG,1,CE09OSSM,RID26,ADCPT
CE09OSSM-RID26-01-ADCPTC000,adcps_jln_recovered_eastward_seawater_velocity,adcps_jln_recovered_eastward_seawater_velocity,-3,3,L1,m s-1,CE09OSSM,RID26,ADCPT
CE09OSSM-RID26-01-ADCPTC000,adcps_jln_recovered_northward_seawater_velocity,adcps_jln_recovered_northward_seawater_velocity,-3,3,L1,m s-1,CE09OSSM,RID26,ADCPT
CE09OSSM-RID26-01-ADCPTC000,firmware_version,firmware_version,,,,1,CE09OSSM,RID26,ADCPT
CE09OSSM-RID26-01-ADCPTC000,firmware_revision,firmware_revision,,,,1,CE09OSSM,RID26,ADCPT
CE09OSSM-RID26-01-ADCPTC000,sysconfig_frequency,sysconfig_frequency,,,,kHz,CE09OSSM,RID26,ADCPT
CE09OSSM-RID26-01-ADCPTC000,sysconfig_beam_pattern,sysconfig_beam_pattern,,,,1,CE09OSSM,RID26,ADCPT
CE09OSSM-RID26-01-ADCPTC000,sysconfig_sensor_config,sysconfig_sensor_config,,,,1,CE09OSSM,RID26,ADCPT
CE09OSSM-RID26-01-ADCPTC000,sysconfig_head_attached,sysconfig_head_attached,,,,1,CE09OSSM,RID26,ADCPT
CE09OSSM-RID26-01-ADCPTC000,sysconfig_vertical_orientation,sysconfig_vertical_orientation,,,,1,CE09OSSM,RID26,ADCPT
CE09OSSM-RID26-01-ADCPTC000,data_flag,data_flag,,,,1,CE09OSSM,RID26,ADCPT
CE09OSSM-RID26-01-ADCPTC000,lag_length,lag_length,,,,s,CE09OSSM,RID26,ADCPT
CE09OSSM-RID26-01-ADCPTC000,num_beams,num_beams,,,,1,CE09OSSM,RID26,ADCPT
CE09OSSM-RID26-01-ADCPTC000,num_cells,num_cells,,,,1,CE09OSSM,RID26,ADCPT
CE09OSSM-RID26-01-ADCPTC000,pings_per_ensemble,pings_per_ensemble,,,,1,CE09OSSM,RID26,ADCPT
CE09OSSM-RID26-01-ADCPTC000,cell_length,cell_length,,,,cm,CE09OSSM,RID26,ADCPT
CE09OSSM-RID26-01-ADCPTC000,blank_after_transmit,blank_after_transmit,,,,cm,CE09OSSM,RID26,ADCPT
CE09OSSM-RID26-01-ADCPTC000,signal_processing_mode,signal_processing_mode,,,,1,CE09OSSM,RID26,ADCPT
CE09OSSM-RID26-01-ADCPTC000,low_corr_threshold,low_corr_threshold,,,,counts,CE09OSSM,RID26,ADCPT
CE09OSSM-RID26-01-ADCPTC000,num_code_repetitions,num_code_repetitions,,,,counts,CE09OSSM,RID26,ADCPT
CE09OSSM-RID26-01-ADCPTC000,percent_good_min,percent_good_min,,,,percent,CE09OSSM,RID26,ADCPT
CE09OSSM-RID26-01-ADCPTC000,error_vel_threshold,error_vel_threshold,,,,mm s-1,CE09OSSM,RID26,ADCPT
CE09OSSM-RID26-01-ADCPTC000,time_per_ping_minutes,time_per_ping_minutes,,,,min,CE09OSSM,RID26,ADCPT
CE09OSSM-RID26-01-ADCPTC000,time_per_ping_seconds,time_per_ping_seconds,,,,s,CE09OSSM,RID26,ADCPT
CE09OSSM-RID26-01-ADCPTC000,coord_transform_type,coord_transform_type,,,,1,CE09OSSM,RID26,ADCPT
CE09OSSM-RID26-01-ADCPTC000,coord_transform_tilts,coord_transform_tilts,,,,1,CE09OSSM,RID26,ADCPT
CE09OSSM-RID26-01-ADCPTC000,coord_transform_beams,coord_transform_beams,,,,1,CE09OSSM,RID26,ADCPT
CE09OSSM-RID26-01-ADCPTC000,coord_transform_mapping,coord_transform_mapping,,,,1,CE09OSSM,RID26,ADCPT
CE09OSSM-RID26-01-ADCPTC000,heading_alignment,heading_alignment,,,,cdegrees,CE09OSSM,RID26,ADCPT
CE09OSSM-RID26-01-ADCPTC000,heading_bias,heading_bias,,,,cdegrees,CE09OSSM,RID26,ADCPT
CE09OSSM-RID26-01-ADCPTC000,sensor_source_speed,sensor_source_speed,,,,1,CE09OSSM,RID26,ADCPT
CE09OSSM-RID26-01-ADCPTC000,sensor_source_depth,sensor_source_depth,,,,1,CE09OSSM,RID26,ADCPT
CE09OSSM-RID26-01-ADCPTC000,sensor_source_heading,sensor_source_heading,,,,1,CE09OSSM,RID26,ADCPT
CE09OSSM-RID26-01-ADCPTC000,sensor_source_pitch,sensor_source_pitch,,,,1,CE09OSSM,RID26,ADCPT
CE09OSSM-RID26-01-ADCPTC000,sensor_source_roll,sensor_source_roll,,,,1,CE09OSSM,RID26,ADCPT
CE09OSSM-RID26-01-ADCPTC000,sensor_source_conductivity,sensor_source_conductivity,,,,1,CE09OSSM,RID26,ADCPT
CE09OSSM-RID26-01-ADCPTC000,sensor_source_temperature,sensor_source_temperature,,,,1,CE09OSSM,RID26,ADCPT
CE09OSSM-RID26-01-ADCPTC000,sensor_available_depth,sensor_available_depth,,,,1,CE09OSSM,RID26,ADCPT
CE09OSSM-RID26-01-ADCPTC000,sensor_available_heading,sensor_available_heading,,,,1,CE09OSSM,RID26,ADCPT
CE09OSSM-RID26-01-ADCPTC000,sensor_available_pitch,sensor_available_pitch,,,,1,CE09OSSM,RID26,ADCPT
CE09OSSM-RID26-01-ADCPTC000,sensor_available_roll,sensor_available_roll,,,,1,CE09OSSM,RID26,ADCPT
CE09OSSM-RID26-01-ADCPTC000,sensor_available_conductivity,sensor_available_conductivity,,,,1,CE09OSSM,RID26,ADCPT
CE09OSSM-RID26-01-ADCPTC000,sensor_available_temperature,sensor_available_temperature,,,,1,CE09OSSM,RID26,ADCPT
CE09OSSM-RID26-01-ADCPTC000,bin_1_distance,bin_1_distance,,,,cm,CE09OSSM,RID26,ADCPT
CE09OSSM-RID26-01-ADCPTC000,transmit_pulse_length,transmit_pulse_length,,,,cm,CE09OSSM,RID26,ADCPT
CE09OSSM-RID26-01-ADCPTC000,reference_layer_start,reference_layer_start,,,,1,CE09OSSM,RID26,ADCPT
CE09OSSM-RID26-01-ADCPTC000,reference_layer_stop,reference_layer_stop,,,,1,CE09OSSM,RID26,ADCPT
CE09OSSM-RID26-01-ADCPTC000,false_target_threshold,false_target_threshold,,,,counts,CE09OSSM,RID26,ADCPT
CE09OSSM-RID26-01-ADCPTC000,low_latency_trigger,low_latency_trigger,,,,1,CE09OSSM,RID26,ADCPT
CE09OSSM-RID26-01-ADCPTC000,transmit_lag_distance,transmit_lag_distance,,,,cm,CE09OSSM,RID26,ADCPT
CE09OSSM-RID26-01-ADCPTC000,cpu_board_serial_number,cpu_board_serial_number,,,,1,CE09OSSM,RID26,ADCPT
CE09OSSM-RID26-01-ADCPTC000,system_bandwidth,system_bandwidth,,,,1,CE09OSSM,RID26,ADCPT
CE09OSSM-RID26-01-ADCPTC000,system_power,system_power,,,,1,CE09OSSM,RID26,ADCPT
CE09OSSM-RID26-01-ADCPTC000,beam_angle,beam_angle,,,,degrees,CE09OSSM,RID26,ADCPT
CE09OSSM-RID26-01-ADCPTC000,ensemble_number,ensemble_number,,,,1,CE09OSSM,RID26,ADCPT
CE09OSSM-RID26-01-ADCPTC000,ensemble_number_increment,ensemble_number_increment,,,,1,CE09OSSM,RID26,ADCPT
CE09OSSM-RID26-01-ADCPTC000,bit_result_demod_1,bit_result_demod_1,,,,1,CE09OSSM,RID26,ADCPT
CE09OSSM-RID26-01-ADCPTC000,bit_result_demod_0,bit_result_demod_0,,,,1,CE09OSSM,RID26,ADCPT
CE09OSSM-RID26-01-ADCPTC000,bit_result_timing,bit_result_timing,,,,1,CE09OSSM,RID26,ADCPT
CE09OSSM-RID26-01-ADCPTC000,speed_of_sound,speed_of_sound,,,,m s-1,CE09OSSM,RID26,ADCPT
CE09OSSM-RID26-01-ADCPTC000,transducer_depth,transducer_depth,,,,dm,CE09OSSM,RID26,ADCPT
CE09OSSM-RID26-01-ADCPTC000,heading,heading,,,,cdegrees,CE09OSSM,RID26,ADCPT
CE09OSSM-RID26-01-ADCPTC000,pitch,pitch,,,,cdegrees,CE09OSSM,RID26,ADCPT
CE09OSSM-RID26-01-ADCPTC000,roll,roll,,,,cdegrees,CE09OSSM,RID26,ADCPT
CE09OSSM-RID26-01-ADCPTC000,salinity,salinity,,,,1,CE09OSSM,RID26,ADCPT
CE09OSSM-RID26-01-ADCPTC000,temperature,temperature,,,,cdeg_C,CE09OSSM,RID26,ADCPT
CE09OSSM-RID26-01-ADCPTC000,mpt_minutes,mpt_minutes,,,,min,CE09OSSM,RID26,ADCPT
CE09OSSM-RID26-01-ADCPTC000,mpt_seconds,mpt_seconds,,,,s,CE09OSSM,RID26,ADCPT
CE09OSSM-RID26-01-ADCPTC000,heading_stdev,heading_stdev,,,,degrees,CE09OSSM,RID26,ADCPT
CE09OSSM-RID26-01-ADCPTC000,pitch_stdev,pitch_stdev,,,,ddegrees,CE09OSSM,RID26,ADCPT
CE09OSSM-RID26-01-ADCPTC000,roll_stdev,roll_stdev,,,,ddegrees,CE09OSSM,RID26,ADCPT
CE09OSSM-RID26-01-ADCPTC000,adc_transmit_current,adc_transmit_current,,,,counts,CE09OSSM,RID26,ADCPT
CE09OSSM-RID26-01-ADCPTC000,adc_transmit_voltage,adc_transmit_voltage,,,,counts,CE09OSSM,RID26,ADCPT
CE09OSSM-RID26-01-ADCPTC000,adc_ambient_temp,adc_ambient_temp,,,,counts,CE09OSSM,RID26,ADCPT
CE09OSSM-RID26-01-ADCPTC000,adc_pressure_plus,adc_pressure_plus,,,,counts,CE09OSSM,RID26,ADCPT
CE09OSSM-RID26-01-ADCPTC000,adc_pressure_minus,adc_pressure_minus,,,,counts,CE09OSSM,RID26,ADCPT
CE09OSSM-RID26-01-ADCPTC000,adc_attitude_temp,adc_attitude_temp,,,,counts,CE09OSSM,RID26,ADCPT
CE09OSSM-RID26-01-ADCPTC000,adc_attitude,adc_attitude,,,,counts,CE09OSSM,RID26,ADCPT
CE09OSSM-RID26-01-ADCPTC000,adc_contamination_sensor,adc_contamination_sensor,,,,counts,CE09OSSM,RID26,ADCPT
CE09OSSM-RID26-01-ADCPTC000,bus_error_exception,bus_error_exception,,,,1,CE09OSSM,RID26,ADCPT
CE09OSSM-RID26-01-ADCPTC000,address_error_exception,address_error_exception,,,,1,CE09OSSM,RID26,ADCPT
CE09OSSM-RID26-01-ADCPTC000,illegal_instruction_exception,illegal_instruction_exception,,,,1,CE09OSSM,RID26,ADCPT
CE09OSSM-RID26-01-ADCPTC000,zero_divide_instruction,zero_divide_instruction,,,,1,CE09OSSM,RID26,ADCPT
CE09OSSM-RID26-01-ADCPTC000,emulator_exception,emulator_exception,,,,1,CE09OSSM,RID26,ADCPT
CE09OSSM-RID26-01-ADCPTC000,unassigned_exception,unassigned_exception,,,,1,CE09OSSM,RID26,ADCPT
CE09OSSM-RID26-01-ADCPTC000,watchdog_restart_occurred,watchdog_restart_occurred,,,,1,CE09OSSM,RID26,ADCPT
CE09OSSM-RID26-01-ADCPTC000,battery_saver_power,battery_saver_power,,,,1,CE09OSSM,RID26,ADCPT
CE09OSSM-RID26-01-ADCPTC000,pinging,pinging,,,,1,CE09OSSM,RID26,ADCPT
CE09OSSM-RID26-01-ADCPTC000,cold_wakeup_occurred,cold_wakeup_occurred,,,,1,CE09OSSM,RID26,ADCPT
CE09OSSM-RID26-01-ADCPTC000,time,time,,,ENG,seconds since 1900-01-01,CE09OSSM,RID26,ADCPT
CE09OSSM-RID26-01-ADCPTC000,unknown_wakeup_occurred,unknown_wakeup_occurred,,,,1,CE09OSSM,RID26,ADCPT
CE09OSSM-RID26-01-ADCPTC000,clock_read_error,clock_read_error,,,,1,CE09OSSM,RID26,ADCPT
CE09OSSM-RID26-01-ADCPTC000,unexpected_alarm,unexpected_alarm,,,,1,CE09OSSM,RID26,ADCPT
CE09OSSM-RID26-01-ADCPTC000,clock_jump_forward,clock_jump_forward,,,,1,CE09OSSM,RID26,ADCPT
CE09OSSM-RID26-01-ADCPTC000,clock_jump_backward,clock_jump_backward,,,,1,CE09OSSM,RID26,ADCPT
CE09OSSM-RID26-01-ADCPTC000,power_fail,power_fail,,,,1,CE09OSSM,RID26,ADCPT
CE09OSSM-RID26-01-ADCPTC000,spurious_dsp_interrupt,spurious_dsp_interrupt,,,,1,CE09OSSM,RID26,ADCPT
CE09OSSM-RID26-01-ADCPTC000,spurious_uart_interrupt,spurious_uart_interrupt,,,,1,CE09OSSM,RID26,ADCPT
CE09OSSM-RID26-01-ADCPTC000,spurious_clock_interrupt,spurious_clock_interrupt,,,,1,CE09OSSM,RID26,ADCPT
CE09OSSM-RID26-01-ADCPTC000,level_7_interrupt,level_7_interrupt,,,,1,CE09OSSM,RID26,ADCPT
CE09OSSM-RID26-01-ADCPTC000,pressure,pressure,,,,daPa,CE09OSSM,RID26,ADCPT
CE09OSSM-RID26-01-ADCPTC000,pressure_variance,pressure_variance,,,,daPa,CE09OSSM,RID26,ADCPT
CE09OSSM-RID26-01-ADCPTC000,water_velocity_east,water_velocity_east,,,L0,mm s-1,CE09OSSM,RID26,ADCPT
CE09OSSM-RID26-01-ADCPTC000,water_velocity_north,water_velocity_north,,,L0,mm s-1,CE09OSSM,RID26,ADCPT
CE09OSSM-RID26-01-ADCPTC000,water_velocity_up,water_velocity_up,,,L0,mm s-1,CE09OSSM,RID26,ADCPT
CE09OSSM-RID26-01-ADCPTC000,error_velocity,error_velocity,,,L0,mm s-1,CE09OSSM,RID26,ADCPT
CE09OSSM-RID26-01-ADCPTC000,correlation_magnitude_beam1,correlation_magnitude_beam1,,,,1,CE09OSSM,RID26,ADCPT
CE09OSSM-RID26-01-ADCPTC000,correlation_magnitude_beam2,correlation_magnitude_beam2,,,,1,CE09OSSM,RID26,ADCPT
CE09OSSM-RID26-01-ADCPTC000,correlation_magnitude_beam3,correlation_magnitude_beam3,,,,1,CE09OSSM,RID26,ADCPT
CE09OSSM-RID26-01-ADCPTC000,correlation_magnitude_beam4,correlation_magnitude_beam4,,,,1,CE09OSSM,RID26,ADCPT
CE09OSSM-RID26-01-ADCPTC000,echo_intensity_beam1,echo_intensity_beam1,,,L0,counts,CE09OSSM,RID26,ADCPT
CE09OSSM-RID26-01-ADCPTC000,echo_intensity_beam2,echo_intensity_beam2,,,L0,counts,CE09OSSM,RID26,ADCPT
CE09OSSM-RID26-01-ADCPTC000,echo_intensity_beam3,echo_intensity_beam3,,,L0,counts,CE09OSSM,RID26,ADCPT
CE09OSSM-RID26-01-ADCPTC000,echo_intensity_beam4,echo_intensity_beam4,,,L0,counts,CE09OSSM,RID26,ADCPT
CE09OSSM-RID26-01-ADCPTC000,percent_good_3beam,percent_good_3beam,,,,percent,CE09OSSM,RID26,ADCPT
CE09OSSM-RID26-01-ADCPTC000,percent_transforms_reject,percent_transforms_reject,,,,percent,CE09OSSM,RID26,ADCPT
CE09OSSM-RID26-01-ADCPTC000,percent_bad_beams,percent_bad_beams,,,,percent,CE09OSSM,RID26,ADCPT
CE09OSSM-RID26-01-ADCPTC000,percent_good_4beam,percent_good_4beam,,,,percent,CE09OSSM,RID26,ADCPT
CE09OSSM-RID26-01-ADCPTC000,ensemble_start_time,ensemble_start_time,,,,seconds since 1900-01-01,CE09OSSM,RID26,ADCPT
CE09OSSM-RID26-01-ADCPTC000,ingestion_timestamp,ingestion_timestamp,,,ENG,seconds since 1900-01-01,CE09OSSM,RID26,ADCPT
CE09OSSM-RID26-01-ADCPTC000,real_time_clock,real_time_clock,,,,1,CE09OSSM,RID26,ADCPT
CE09OSSM-RID26-01-ADCPTC000,upward_earth_seawater_velocity,upward_earth_seawater_velocity,-1,1,L1,m s-1,CE09OSSM,RID26,ADCPT
CE09OSSM-RID26-01-ADCPTC000,earth_error_velocity,earth_error_velocity,-1,1,L1,m s-1,CE09OSSM,RID26,ADCPT
CE09OSSM-RID26-04-VELPTA000,driver_timestamp,driver_timestamp,,,ENG,seconds since 1900-01-01,CE09OSSM,RID26,VELPT
CE09OSSM-RID26-04-VELPTA000,firmware_version,firmware_version,,,,1,CE09OSSM,RID26,VELPT
CE09OSSM-RID26-04-VELPTA000,eastward_velocity,eastward_velocity,-3,3,L1,m s-1,CE09OSSM,RID26,VELPT
CE09OSSM-RID26-04-VELPTA000,northward_velocity,northward_velocity,-3,3,L1,m s-1,CE09OSSM,RID26,VELPT
CE09OSSM-RID26-04-VELPTA000,upward_velocity,upward_velocity,-1,1,L1,m s-1,CE09OSSM,RID26,VELPT
CE09OSSM-RID26-04-VELPTA000,internal_timestamp,internal_timestamp,,,ENG,seconds since 1900-01-01,CE09OSSM,RID26,VELPT
CE09OSSM-RID26-04-VELPTA000,preferred_timestamp,preferred_timestamp,,,ENG,1,CE09OSSM,RID26,VELPT
CE09OSSM-RID26-04-VELPTA000,velpt_ab_eastward_velocity,velpt_ab_eastward_velocity,-3,3,L1,m s-1,CE09OSSM,RID26,VELPT
CE09OSSM-RID26-04-VELPTA000,velpt_ab_northward_velocity,velpt_ab_northward_velocity,-3,3,L1,m s-1,CE09OSSM,RID26,VELPT
CE09OSSM-RID26-04-VELPTA000,velpt_ab_upward_velocity,velpt_ab_upward_velocity,-1,1,L1,m s-1,CE09OSSM,RID26,VELPT
CE09OSSM-RID26-04-VELPTA000,number_of_beam_sequences,number_of_beam_sequences,,,,counts,CE09OSSM,RID26,VELPT
CE09OSSM-RID26-04-VELPTA000,number_of_beams_in_diagnostics_mode,number_of_beams_in_diagnostics_mode,,,,counts,CE09OSSM,RID26,VELPT
CE09OSSM-RID26-04-VELPTA000,reserved_bit_easyq,reserved_bit_easyq,,,,1,CE09OSSM,RID26,VELPT
CE09OSSM-RID26-04-VELPTA000,battery_voltage_dv,battery_voltage_dv,,,AUX,dV,CE09OSSM,RID26,VELPT
CE09OSSM-RID26-04-VELPTA000,sound_speed_dms,sound_speed_dms,,,AUX,dm s-1,CE09OSSM,RID26,VELPT
CE09OSSM-RID26-04-VELPTA000,heading_decidegree,heading_decidegree,,,AUX,deci-degrees,CE09OSSM,RID26,VELPT
CE09OSSM-RID26-04-VELPTA000,roll_decidegree,roll_decidegree,,,AUX,deci-degrees,CE09OSSM,RID26,VELPT
CE09OSSM-RID26-04-VELPTA000,pitch_decidegree,pitch_decidegree,,,AUX,deci-degrees,CE09OSSM,RID26,VELPT
CE09OSSM-RID26-04-VELPTA000,temperature_centidegree,temperature_centidegree,,,AUX,cdeg_C,CE09OSSM,RID26,VELPT
CE09OSSM-RID26-04-VELPTA000,pressure_mbar,pressure_mbar,,,AUX,0.001 dbar,CE09OSSM,RID26,VELPT
CE09OSSM-RID26-04-VELPTA000,error_code,error_code,,,,1,CE09OSSM,RID26,VELPT
CE09OSSM-RID26-04-VELPTA000,analog1,analog1,,,,1,CE09OSSM,RID26,VELPT
CE09OSSM-RID26-04-VELPTA000,status,status,,,,1,CE09OSSM,RID26,VELPT
CE09OSSM-RID26-04-VELPTA000,velocity_beam1,velocity_beam1,,,L0,mm s-1,CE09OSSM,RID26,VELPT
CE09OSSM-RID26-04-VELPTA000,velocity_beam2,velocity_beam2,,,L0,mm s-1,CE09OSSM,RID26,VELPT
CE09OSSM-RID26-04-VELPTA000,velocity_beam3,velocity_beam3,,,L0,mm s-1,CE09OSSM,RID26,VELPT
CE09OSSM-RID26-04-VELPTA000,amplitude_beam1,amplitude_beam1,,,AUX,counts,CE09OSSM,RID26,VELPT
CE09OSSM-RID26-04-VELPTA000,amplitude_beam2,amplitude_beam2,,,AUX,counts,CE09OSSM,RID26,VELPT
CE09OSSM-RID26-04-VELPTA000,amplitude_beam3,amplitude_beam3,,,AUX,counts,CE09OSSM,RID26,VELPT
CE09OSSM-RID26-04-VELPTA000,records_to_follow,records_to_follow,,,,1,CE09OSSM,RID26,VELPT
CE09OSSM-RID26-04-VELPTA000,cell_number_diagnostics,cell_number_diagnostics,,,,1,CE09OSSM,RID26,VELPT
CE09OSSM-RID26-04-VELPTA000,noise_amplitude_beam1,noise_amplitude_beam1,,,,counts,CE09OSSM,RID26,VELPT
CE09OSSM-RID26-04-VELPTA000,noise_amplitude_beam2,noise_amplitude_beam2,,,,counts,CE09OSSM,RID26,VELPT
CE09OSSM-RID26-04-VELPTA000,noise_amplitude_beam3,noise_amplitude_beam3,,,,counts,CE09OSSM,RID26,VELPT
CE09OSSM-RID26-04-VELPTA000,noise_amplitude_beam4,noise_amplitude_beam4,,,,counts,CE09OSSM,RID26,VELPT
CE09OSSM-RID26-04-VELPTA000,processing_magnitude_beam1,processing_magnitude_beam1,,,,1,CE09OSSM,RID26,VELPT
CE09OSSM-RID26-04-VELPTA000,processing_magnitude_beam2,processing_magnitude_beam2,,,,1,CE09OSSM,RID26,VELPT
CE09OSSM-RID26-04-VELPTA000,processing_magnitude_beam3,processing_magnitude_beam3,,,,1,CE09OSSM,RID26,VELPT
CE09OSSM-RID26-04-VELPTA000,processing_magnitude_beam4,processing_magnitude_beam4,,,,1,CE09OSSM,RID26,VELPT
CE09OSSM-RID26-04-VELPTA000,distance_beam1,distance_beam1,,,,1,CE09OSSM,RID26,VELPT
CE09OSSM-RID26-04-VELPTA000,distance_beam2,distance_beam2,,,,1,CE09OSSM,RID26,VELPT
CE09OSSM-RID26-04-VELPTA000,distance_beam3,distance_beam3,,,,1,CE09OSSM,RID26,VELPT
CE09OSSM-RID26-04-VELPTA000,distance_beam4,distance_beam4,,,,1,CE09OSSM,RID26,VELPT
CE09OSSM-RID26-04-VELPTA000,instrmt_type_serial_number,instrmt_type_serial_number,,,,1,CE09OSSM,RID26,VELPT
CE09OSSM-RID26-04-VELPTA000,pic_version,pic_version,,,,1,CE09OSSM,RID26,VELPT
CE09OSSM-RID26-04-VELPTA000,hardware_revision,hardware_revision,,,,1,CE09OSSM,RID26,VELPT
CE09OSSM-RID26-04-VELPTA000,recorder_size,recorder_size,,,,bytes,CE09OSSM,RID26,VELPT
CE09OSSM-RID26-04-VELPTA000,velocity_range,velocity_range,,,,1,CE09OSSM,RID26,VELPT
CE09OSSM-RID26-04-VELPTA000,pressure_sensor,pressure_sensor,,,,1,CE09OSSM,RID26,VELPT
CE09OSSM-RID26-04-VELPTA000,magnetometer_sensor,magnetometer_sensor,,,,1,CE09OSSM,RID26,VELPT
CE09OSSM-RID26-04-VELPTA000,tilt_sensor,tilt_sensor,,,,1,CE09OSSM,RID26,VELPT
CE09OSSM-RID26-04-VELPTA000,tilt_sensor_mounting,tilt_sensor_mounting,,,,1,CE09OSSM,RID26,VELPT
CE09OSSM-RID26-04-VELPTA000,head_frequency,head_frequency,,,,kHz,CE09OSSM,RID26,VELPT
CE09OSSM-RID26-04-VELPTA000,head_type,head_type,,,,1,CE09OSSM,RID26,VELPT
CE09OSSM-RID26-04-VELPTA000,head_serial_number,head_serial_number,,,,1,CE09OSSM,RID26,VELPT
CE09OSSM-RID26-04-VELPTA000,number_beams,number_beams,,,,1,CE09OSSM,RID26,VELPT
CE09OSSM-RID26-04-VELPTA000,transmit_pulse_length,transmit_pulse_length,,,,counts,CE09OSSM,RID26,VELPT
CE09OSSM-RID26-04-VELPTA000,blanking_distance,blanking_distance,,,,counts,CE09OSSM,RID26,VELPT
CE09OSSM-RID26-04-VELPTA000,receive_length,receive_length,,,,counts,CE09OSSM,RID26,VELPT
CE09OSSM-RID26-04-VELPTA000,time_between_pings,time_between_pings,,,,counts,CE09OSSM,RID26,VELPT
CE09OSSM-RID26-04-VELPTA000,time_between_bursts,time_between_bursts,,,,counts,CE09OSSM,RID26,VELPT
CE09OSSM-RID26-04-VELPTA000,average_interval,average_interval,,,,s,CE09OSSM,RID26,VELPT
CE09OSSM-RID26-04-VELPTA000,compass_update_rate,compass_update_rate,,,,Hz,CE09OSSM,RID26,VELPT
CE09OSSM-RID26-04-VELPTA000,coordinate_system,coordinate_system,,,,1,CE09OSSM,RID26,VELPT
CE09OSSM-RID26-04-VELPTA000,number_cells,number_cells,,,,1,CE09OSSM,RID26,VELPT
CE09OSSM-RID26-04-VELPTA000,measurement_interval,measurement_interval,,,,s,CE09OSSM,RID26,VELPT
CE09OSSM-RID26-04-VELPTA000,deployment_name,deployment_name,,,,1,CE09OSSM,RID26,VELPT
CE09OSSM-RID26-04-VELPTA000,diagnostics_interval,diagnostics_interval,,,,s,CE09OSSM,RID26,VELPT
CE09OSSM-RID26-04-VELPTA000,use_specified_sound_speed,use_specified_sound_speed,,,,1,CE09OSSM,RID26,VELPT
CE09OSSM-RID26-04-VELPTA000,diagnostics_mode_enable,diagnostics_mode_enable,,,,1,CE09OSSM,RID26,VELPT
CE09OSSM-RID26-04-VELPTA000,analog_output_enable,analog_output_enable,,,,1,CE09OSSM,RID26,VELPT
CE09OSSM-RID26-04-VELPTA000,output_format_nortek,output_format_nortek,,,,1,CE09OSSM,RID26,VELPT
CE09OSSM-RID26-04-VELPTA000,scaling,scaling,,,,1,CE09OSSM,RID26,VELPT
CE09OSSM-RID26-04-VELPTA000,serial_output_enable,serial_output_enable,,,,1,CE09OSSM,RID26,VELPT
CE09OSSM-RID26-04-VELPTA000,stage_enable,stage_enable,,,,1,CE09OSSM,RID26,VELPT
CE09OSSM-RID26-04-VELPTA000,analog_power_output,analog_power_output,,,,1,CE09OSSM,RID26,VELPT
CE09OSSM-RID26-04-VELPTA000,sound_speed_adjust_factor,sound_speed_adjust_factor,,,,m s-1,CE09OSSM,RID26,VELPT
CE09OSSM-RID26-04-VELPTA000,number_diagnostics_samples,number_diagnostics_samples,,,,1,CE09OSSM,RID26,VELPT
CE09OSSM-RID26-04-VELPTA000,number_pings_diagnostic,number_pings_diagnostic,,,,1,CE09OSSM,RID26,VELPT
CE09OSSM-RID26-04-VELPTA000,software_version,software_version,,,,1,CE09OSSM,RID26,VELPT
CE09OSSM-RID26-04-VELPTA000,correlation_threshold,correlation_threshold,,,,1,CE09OSSM,RID26,VELPT
CE09OSSM-RID26-04-VELPTA000,time,time,,,ENG,seconds since 1900-01-01,CE09OSSM,RID26,VELPT
CE09OSSM-RID26-04-VELPTA000,ingestion_timestamp,ingestion_timestamp,,,ENG,seconds since 1900-01-01,CE09OSSM,RID26,VELPT
CE09OSSM-RID26-04-VELPTA000,date_time_string,date_time_string,,,,1,CE09OSSM,RID26,VELPT
CE09OSSM-RID26-06-PHSEND000,driver_timestamp,driver_timestamp,,,ENG,seconds since 1900-01-01,CE09OSSM,RID26,PHSEN
CE09OSSM-RID26-06-PHSEND000,external_device2_fault,external_device2_fault,,,,1,CE09OSSM,RID26,PHSEN
CE09OSSM-RID26-06-PHSEND000,external_device3_fault,external_device3_fault,,,,1,CE09OSSM,RID26,PHSEN
CE09OSSM-RID26-06-PHSEND000,num_data_records,num_data_records,,,,1,CE09OSSM,RID26,PHSEN
CE09OSSM-RID26-06-PHSEND000,num_error_records,num_error_records,,,,1,CE09OSSM,RID26,PHSEN
CE09OSSM-RID26-06-PHSEND000,num_bytes_stored,num_bytes_stored,,,,bytes,CE09OSSM,RID26,PHSEN
CE09OSSM-RID26-06-PHSEND000,internal_timestamp,internal_timestamp,,,ENG,seconds since 1900-01-01,CE09OSSM,RID26,PHSEN
CE09OSSM-RID26-06-PHSEND000,preferred_timestamp,preferred_timestamp,,,ENG,1,CE09OSSM,RID26,PHSEN
CE09OSSM-RID26-06-PHSEND000,passed_checksum,passed_checksum,,,ENG,1,CE09OSSM,RID26,PHSEN
CE09OSSM-RID26-06-PHSEND000,dcl_controller_timestamp,dcl_controller_timestamp,,,ENG,1,CE09OSSM,RID26,PHSEN
CE09OSSM-RID26-06-PHSEND000,phsen_abcdef_ph_seawater,phsen_abcdef_ph_seawater,7.3,8.5,L1,(unitless),CE09OSSM,RID26,PHSEN
CE09OSSM-RID26-06-PHSEND000,battery_low_blank,battery_low_blank,,,,1,CE09OSSM,RID26,PHSEN
CE09OSSM-RID26-06-PHSEND000,unique_id,unique_id,,,,1,CE09OSSM,RID26,PHSEN
CE09OSSM-RID26-06-PHSEND000,record_type,record_type,,,,1,CE09OSSM,RID26,PHSEN
CE09OSSM-RID26-06-PHSEND000,record_time,record_time,,,,seconds since 1904-01-01,CE09OSSM,RID26,PHSEN
CE09OSSM-RID26-06-PHSEND000,light_measurements,light_measurements,,,,counts,CE09OSSM,RID26,PHSEN
CE09OSSM-RID26-06-PHSEND000,voltage_battery,voltage_battery,,,,counts,CE09OSSM,RID26,PHSEN
CE09OSSM-RID26-06-PHSEND000,clock_active,clock_active,,,,1,CE09OSSM,RID26,PHSEN
CE09OSSM-RID26-06-PHSEND000,recording_active,recording_active,,,,1,CE09OSSM,RID26,PHSEN
CE09OSSM-RID26-06-PHSEND000,record_end_on_time,record_end_on_time,,,,1,CE09OSSM,RID26,PHSEN
CE09OSSM-RID26-06-PHSEND000,record_memory_full,record_memory_full,,,,1,CE09OSSM,RID26,PHSEN
CE09OSSM-RID26-06-PHSEND000,phsen_abcdef_signal_intensity_434,phsen_abcdef_signal_intensity_434,,,L0,counts,CE09OSSM,RID26,PHSEN
CE09OSSM-RID26-06-PHSEND000,phsen_abcdef_signal_intensity_578,phsen_abcdef_signal_intensity_578,,,L0,counts,CE09OSSM,RID26,PHSEN
CE09OSSM-RID26-06-PHSEND000,record_end_on_error,record_end_on_error,,,,1,CE09OSSM,RID26,PHSEN
CE09OSSM-RID26-06-PHSEND000,data_download_ok,data_download_ok,,,,1,CE09OSSM,RID26,PHSEN
CE09OSSM-RID26-06-PHSEND000,flash_memory_open,flash_memory_open,,,,1,CE09OSSM,RID26,PHSEN
CE09OSSM-RID26-06-PHSEND000,battery_low_prestart,battery_low_prestart,,,,1,CE09OSSM,RID26,PHSEN
CE09OSSM-RID26-06-PHSEND000,battery_low_measurement,battery_low_measurement,,,,1,CE09OSSM,RID26,PHSEN
CE09OSSM-RID26-06-PHSEND000,battery_low_external,battery_low_external,,,,1,CE09OSSM,RID26,PHSEN
CE09OSSM-RID26-06-PHSEND000,external_device1_fault,external_device1_fault,,,,1,CE09OSSM,RID26,PHSEN
CE09OSSM-RID26-06-PHSEND000,flash_erased,flash_erased,,,,1,CE09OSSM,RID26,PHSEN
CE09OSSM-RID26-06-PHSEND000,power_on_invalid,power_on_invalid,,,,1,CE09OSSM,RID26,PHSEN
CE09OSSM-RID26-06-PHSEND000,time,time,,,ENG,seconds since 1900-01-01,CE09OSSM,RID26,PHSEN
CE09OSSM-RID26-06-PHSEND000,ingestion_timestamp,ingestion_timestamp,,,ENG,seconds since 1900-01-01,CE09OSSM,RID26,PHSEN
CE09OSSM-RID26-06-PHSEND000,thermistor_start,thermistor_start,,,,counts,CE09OSSM,RID26,PHSEN
CE09OSSM-RID26-06-PHSEND000,reference_light_measurements,reference_light_measurements,,,,counts,CE09OSSM,RID26,PHSEN
CE09OSSM-RID26-06-PHSEND000,thermistor_end,thermistor_end,,,,counts,CE09OSSM,RID26,PHSEN
CE09OSSM-RID26-06-PHSEND000,phsen_thermistor_temperature,phsen_thermistor_temperature,,,L0,V,CE09OSSM,RID26,PHSEN
CE09OSSM-RID26-07-NUTNRB000,driver_timestamp,driver_timestamp,,,ENG,seconds since 1900-01-01,CE09OSSM,RID26,NUTNR
CE09OSSM-RID26-07-NUTNRB000,firmware_version,firmware_version,,,,1,CE09OSSM,RID26,NUTNR
CE09OSSM-RID26-07-NUTNRB000,internal_timestamp,internal_timestamp,,,ENG,seconds since 1900-01-01,CE09OSSM,RID26,NUTNR
CE09OSSM-RID26-07-NUTNRB000,preferred_timestamp,preferred_timestamp,,,ENG,1,CE09OSSM,RID26,NUTNR
CE09OSSM-RID26-07-NUTNRB000,dcl_controller_timestamp,dcl_controller_timestamp,,,ENG,1,CE09OSSM,RID26,NUTNR
CE09OSSM-RID26-07-NUTNRB000,startup_time_string,startup_time_string,,,,1,CE09OSSM,RID26,NUTNR
CE09OSSM-RID26-07-NUTNRB000,nutnr_b_temp_sal_corrected_nitrate,nutnr_b_temp_sal_corrected_nitrate,0,40,L2,umol L-1,CE09OSSM,RID26,NUTNR
CE09OSSM-RID26-07-NUTNRB000,firmware_date,firmware_date,,,,1,CE09OSSM,RID26,NUTNR
CE09OSSM-RID26-07-NUTNRB000,frame_header,frame_header,,,,1,CE09OSSM,RID26,NUTNR
CE09OSSM-RID26-07-NUTNRB000,frame_type,frame_type,,,,1,CE09OSSM,RID26,NUTNR
CE09OSSM-RID26-07-NUTNRB000,serial_number,serial_number,,,ENG,1,CE09OSSM,RID26,NUTNR
CE09OSSM-RID26-07-NUTNRB000,date_of_sample,date_of_sample,,,AUX,1,CE09OSSM,RID26,NUTNR
CE09OSSM-RID26-07-NUTNRB000,time_of_sample,time_of_sample,,,AUX,h,CE09OSSM,RID26,NUTNR
CE09OSSM-RID26-07-NUTNRB000,nitrate_concentration,nitrate_concentration,0,40,L1,umol L-1,CE09OSSM,RID26,NUTNR
CE09OSSM-RID26-07-NUTNRB000,aux_fitting_1,aux_fitting_1,,,AUX,1,CE09OSSM,RID26,NUTNR
CE09OSSM-RID26-07-NUTNRB000,aux_fitting_2,aux_fitting_2,,,AUX,1,CE09OSSM,RID26,NUTNR
CE09OSSM-RID26-07-NUTNRB000,aux_fitting_3,aux_fitting_3,,,AUX,1,CE09OSSM,RID26,NUTNR
CE09OSSM-RID26-07-NUTNRB000,rms_error,rms_error,,,AUX,umol L-1,CE09OSSM,RID26,NUTNR
CE09OSSM-RID26-07-NUTNRB000,temp_interior,temp_interior,,,AUX,deg_C,CE09OSSM,RID26,NUTNR
CE09OSSM-RID26-07-NUTNRB000,temp_spectrometer,temp_spectrometer,,,AUX,deg_C,CE09OSSM,RID26,NUTNR
CE09OSSM-RID26-07-NUTNRB000,temp_lamp,temp_lamp,,,AUX,deg_C,CE09OSSM,RID26,NUTNR
CE09OSSM-RID26-07-NUTNRB000,humidity,humidity,,,AUX,%,CE09OSSM,RID26,NUTNR
CE09OSSM-RID26-07-NUTNRB000,voltage_lamp,voltage_lamp,,,AUX,V,CE09OSSM,RID26,NUTNR
CE09OSSM-RID26-07-NUTNRB000,voltage_analog,voltage_analog,,,AUX,V,CE09OSSM,RID26,NUTNR
CE09OSSM-RID26-07-NUTNRB000,voltage_main,voltage_main,,,AUX,V,CE09OSSM,RID26,NUTNR
CE09OSSM-RID26-07-NUTNRB000,ref_channel_average,ref_channel_average,,,,counts,CE09OSSM,RID26,NUTNR
CE09OSSM-RID26-07-NUTNRB000,ref_channel_variance,ref_channel_variance,,,,1,CE09OSSM,RID26,NUTNR
CE09OSSM-RID26-07-NUTNRB000,sea_water_dark,sea_water_dark,,,AUX,counts,CE09OSSM,RID26,NUTNR
CE09OSSM-RID26-07-NUTNRB000,spec_channel_average,spec_channel_average,,,,counts,CE09OSSM,RID26,NUTNR
CE09OSSM-RID26-07-NUTNRB000,spectral_channels,spectral_channels,,,L0,counts,CE09OSSM,RID26,NUTNR
CE09OSSM-RID26-07-NUTNRB000,startup_time,startup_time,,,,seconds since 1970-01-01,CE09OSSM,RID26,NUTNR
CE09OSSM-RID26-07-NUTNRB000,lamp_time,lamp_time,,,AUX,s,CE09OSSM,RID26,NUTNR
CE09OSSM-RID26-07-NUTNRB000,spec_on_time,spec_on_time,,,,seconds since 1970-01-01,CE09OSSM,RID26,NUTNR
CE09OSSM-RID26-07-NUTNRB000,spec_powered_time,spec_powered_time,,,,seconds since 1970-01-01,CE09OSSM,RID26,NUTNR
CE09OSSM-RID26-07-NUTNRB000,lamp_on_time,lamp_on_time,,,,seconds since 1970-01-01,CE09OSSM,RID26,NUTNR
CE09OSSM-RID26-07-NUTNRB000,lamp_powered_time,lamp_powered_time,,,,seconds since 1970-01-01,CE09OSSM,RID26,NUTNR
CE09OSSM-RID26-07-NUTNRB000,data_log_file,data_log_file,,,,1,CE09OSSM,RID26,NUTNR
CE09OSSM-RID26-07-NUTNRB000,dark_frame_spectral_channels,dark_frame_spectral_channels,,,AUX,counts,CE09OSSM,RID26,NUTNR
CE09OSSM-RID26-07-NUTNRB000,time,time,,,ENG,seconds since 1900-01-01,CE09OSSM,RID26,NUTNR
CE09OSSM-RID26-07-NUTNRB000,ingestion_timestamp,ingestion_timestamp,,,ENG,seconds since 1900-01-01,CE09OSSM,RID26,NUTNR
CE09OSSM-RID26-08-SPKIRB000,instrument_id,instrument_id,,,ENG,1,CE09OSSM,RID26,SPKIR
CE09OSSM-RID26-08-SPKIRB000,timer,timer,,,ENG,s,CE09OSSM,RID26,SPKIR
CE09OSSM-RID26-08-SPKIRB000,sample_delay,sample_delay,,,ENG,ms,CE09OSSM,RID26,SPKIR
CE09OSSM-RID26-08-SPKIRB000,driver_timestamp,driver_timestamp,,,ENG,seconds since 1900-01-01,CE09OSSM,RID26,SPKIR
CE09OSSM-RID26-08-SPKIRB000,vin_sense,vin_sense,,,ENG,counts,CE09OSSM,RID26,SPKIR
CE09OSSM-RID26-08-SPKIRB000,va_sense,va_sense,,,ENG,counts,CE09OSSM,RID26,SPKIR
CE09OSSM-RID26-08-SPKIRB000,internal_temperature,internal_temperature,,,AUX,counts,CE09OSSM,RID26,SPKIR
CE09OSSM-RID26-08-SPKIRB000,frame_counter,frame_counter,,,ENG,counts,CE09OSSM,RID26,SPKIR
CE09OSSM-RID26-08-SPKIRB000,internal_timestamp,internal_timestamp,,,ENG,seconds since 1900-01-01,CE09OSSM,RID26,SPKIR
CE09OSSM-RID26-08-SPKIRB000,preferred_timestamp,preferred_timestamp,,,ENG,1,CE09OSSM,RID26,SPKIR
CE09OSSM-RID26-08-SPKIRB000,passed_checksum,passed_checksum,,,ENG,1,CE09OSSM,RID26,SPKIR
CE09OSSM-RID26-08-SPKIRB000,channel_array,channel_array,,,L0,counts,CE09OSSM,RID26,SPKIR
CE09OSSM-RID26-08-SPKIRB000,dcl_controller_timestamp,dcl_controller_timestamp,,,ENG,1,CE09OSSM,RID26,SPKIR
CE09OSSM-RID26-08-SPKIRB000,spkir_abj_cspp_downwelling_vector,spkir_abj_cspp_downwelling_vector,0,300,L1,uW cm-2 nm-1,CE09OSSM,RID26,SPKIR
CE09OSSM-RID26-08-SPKIRB000,serial_number,serial_number,,,ENG,1,CE09OSSM,RID26,SPKIR
CE09OSSM-RID26-08-SPKIRB000,time,time,,,ENG,seconds since 1900-01-01,CE09OSSM,RID26,SPKIR
CE09OSSM-RID26-08-SPKIRB000,ingestion_timestamp,ingestion_timestamp,,,ENG,seconds since 1900-01-01,CE09OSSM,RID26,SPKIR
CE09OSSM-RID27-01-OPTAAD000,driver_timestamp,driver_timestamp,,,ENG,seconds since 1900-01-01,CE09OSSM,RID27,OPTAA
CE09OSSM-RID27-01-OPTAAD000,internal_timestamp,internal_timestamp,,,ENG,seconds since 1900-01-01,CE09OSSM,RID27,OPTAA
CE09OSSM-RID27-01-OPTAAD000,preferred_timestamp,preferred_timestamp,,,ENG,1,CE09OSSM,RID27,OPTAA
CE09OSSM-RID27-01-OPTAAD000,start_date,start_date,,,,1,CE09OSSM,RID27,OPTAA
CE09OSSM-RID27-01-OPTAAD000,serial_number,serial_number,,,ENG,1,CE09OSSM,RID27,OPTAA
CE09OSSM-RID27-01-OPTAAD000,optaa_dj_dcl_beam_attenuation,optaa_dj_dcl_beam_attenuation,0,100,L2,m-1,CE09OSSM,RID27,OPTAA
CE09OSSM-RID27-01-OPTAAD000,optaa_dj_dcl_optical_absorption,optaa_dj_dcl_optical_absorption,0,100,L2,m-1,CE09OSSM,RID27,OPTAA
CE09OSSM-RID27-01-OPTAAD000,packet_type,packet_type,,,,1,CE09OSSM,RID27,OPTAA
CE09OSSM-RID27-01-OPTAAD000,meter_type,meter_type,,,,1,CE09OSSM,RID27,OPTAA
CE09OSSM-RID27-01-OPTAAD000,a_reference_dark_counts,a_reference_dark_counts,,,,counts,CE09OSSM,RID27,OPTAA
CE09OSSM-RID27-01-OPTAAD000,pressure_counts,pressure_counts,,,,counts,CE09OSSM,RID27,OPTAA
CE09OSSM-RID27-01-OPTAAD000,a_signal_dark_counts,a_signal_dark_counts,,,,counts,CE09OSSM,RID27,OPTAA
CE09OSSM-RID27-01-OPTAAD000,external_temp_raw,external_temp_raw,,,,counts,CE09OSSM,RID27,OPTAA
CE09OSSM-RID27-01-OPTAAD000,internal_temp_raw,internal_temp_raw,,,L0,counts,CE09OSSM,RID27,OPTAA
CE09OSSM-RID27-01-OPTAAD000,c_reference_dark_counts,c_reference_dark_counts,,,,counts,CE09OSSM,RID27,OPTAA
CE09OSSM-RID27-01-OPTAAD000,c_signal_dark_counts,c_signal_dark_counts,,,,counts,CE09OSSM,RID27,OPTAA
CE09OSSM-RID27-01-OPTAAD000,elapsed_run_time,elapsed_run_time,,,,ms,CE09OSSM,RID27,OPTAA
CE09OSSM-RID27-01-OPTAAD000,num_wavelengths,num_wavelengths,,,,1,CE09OSSM,RID27,OPTAA
CE09OSSM-RID27-01-OPTAAD000,c_reference_counts,c_reference_counts,,,L0,counts,CE09OSSM,RID27,OPTAA
CE09OSSM-RID27-01-OPTAAD000,a_reference_counts,a_reference_counts,,,L0,counts,CE09OSSM,RID27,OPTAA
CE09OSSM-RID27-01-OPTAAD000,c_signal_counts,c_signal_counts,,,L0,counts,CE09OSSM,RID27,OPTAA
CE09OSSM-RID27-01-OPTAAD000,a_signal_counts,a_signal_counts,,,L0,counts,CE09OSSM,RID27,OPTAA
CE09OSSM-RID27-01-OPTAAD000,time,time,,,ENG,seconds since 1900-01-01,CE09OSSM,RID27,OPTAA
CE09OSSM-RID27-01-OPTAAD000,ingestion_timestamp,ingestion_timestamp,,,ENG,seconds since 1900-01-01,CE09OSSM,RID27,OPTAA
CE09OSSM-RID27-02-FLORTD000,driver_timestamp,driver_timestamp,,,ENG,seconds since 1900-01-01,CE09OSSM,RID27,FLORT
CE09OSSM-RID27-02-FLORTD000,date_string,date_string,,,ENG,1,CE09OSSM,RID27,FLORT
CE09OSSM-RID27-02-FLORTD000,time_string,time_string,,,ENG,1,CE09OSSM,RID27,FLORT
CE09OSSM-RID27-02-FLORTD000,measurement_wavelength_beta,measurement_wavelength_beta,,,,nm,CE09OSSM,RID27,FLORT
CE09OSSM-RID27-02-FLORTD000,raw_signal_beta,raw_signal_beta,,,L0,counts,CE09OSSM,RID27,FLORT
CE09OSSM-RID27-02-FLORTD000,measurement_wavelength_chl,measurement_wavelength_chl,,,,nm,CE09OSSM,RID27,FLORT
CE09OSSM-RID27-02-FLORTD000,raw_signal_chl,raw_signal_chl,,,L0,counts,CE09OSSM,RID27,FLORT
CE09OSSM-RID27-02-FLORTD000,measurement_wavelength_cdom,measurement_wavelength_cdom,,,,nm,CE09OSSM,RID27,FLORT
CE09OSSM-RID27-02-FLORTD000,raw_signal_cdom,raw_signal_cdom,,,L0,counts,CE09OSSM,RID27,FLORT
CE09OSSM-RID27-02-FLORTD000,raw_internal_temp,raw_internal_temp,,,,counts,CE09OSSM,RID27,FLORT
CE09OSSM-RID27-02-FLORTD000,internal_timestamp,internal_timestamp,,,ENG,seconds since 1900-01-01,CE09OSSM,RID27,FLORT
CE09OSSM-RID27-02-FLORTD000,preferred_timestamp,preferred_timestamp,,,ENG,1,CE09OSSM,RID27,FLORT
CE09OSSM-RID27-02-FLORTD000,flort_k_total_volume_scattering_coefficient,flort_k_total_volume_scattering_coefficient,,,L1,m-1 sr-1,CE09OSSM,RID27,FLORT
CE09OSSM-RID27-02-FLORTD000,fluorometric_chlorophyll_a,fluorometric_chlorophyll_a,0,50,L1,ug L-1,CE09OSSM,RID27,FLORT
CE09OSSM-RID27-02-FLORTD000,fluorometric_cdom,fluorometric_cdom,0,375,L1,ppb,CE09OSSM,RID27,FLORT
CE09OSSM-RID27-02-FLORTD000,dcl_controller_timestamp,dcl_controller_timestamp,,,ENG,1,CE09OSSM,RID27,FLORT
CE09OSSM-RID27-02-FLORTD000,flort_dj_dcl_bback_total,flort_dj_dcl_bback_total,0.0003,1,L2,m-1,CE09OSSM,RID27,FLORT
CE09OSSM-RID27-02-FLORTD000,flort_d_dcl_ctdbp_scat_seawater,flort_d_dcl_ctdbp_scat_seawater,,,AUX,m-1,CE09OSSM,RID27,FLORT
CE09OSSM-RID27-02-FLORTD000,time,time,,,ENG,seconds since 1900-01-01,CE09OSSM,RID27,FLORT
CE09OSSM-RID27-02-FLORTD000,ingestion_timestamp,ingestion_timestamp,,,ENG,seconds since 1900-01-01,CE09OSSM,RID27,FLORT
CE09OSSM-RID27-03-CTDBPC000,conductivity,conductivity,0,6,L1,S m-1,CE09OSSM,RID27,CTDBP
CE09OSSM-RID27-03-CTDBPC000,driver_timestamp,driver_timestamp,,,ENG,seconds since 1900-01-01,CE09OSSM,RID27,CTDBP
CE09OSSM-RID27-03-CTDBPC000,internal_timestamp,internal_timestamp,,,ENG,seconds since 1900-01-01,CE09OSSM,RID27,CTDBP
CE09OSSM-RID27-03-CTDBPC000,preferred_timestamp,preferred_timestamp,,,ENG,1,CE09OSSM,RID27,CTDBP
CE09OSSM-RID27-03-CTDBPC000,temperature,temperature,,,L0,counts,CE09OSSM,RID27,CTDBP
CE09OSSM-RID27-03-CTDBPC000,conductivity,conductivity,,,L0,counts,CE09OSSM,RID27,CTDBP
CE09OSSM-RID27-03-CTDBPC000,pressure,pressure,,,L0,counts,CE09OSSM,RID27,CTDBP
CE09OSSM-RID27-03-CTDBPC000,pressure_temp,pressure_temp,,,L0,counts,CE09OSSM,RID27,CTDBP
CE09OSSM-RID27-03-CTDBPC000,ctd_time,ctd_time,,,ENG,seconds since 2000-01-01,CE09OSSM,RID27,CTDBP
CE09OSSM-RID27-03-CTDBPC000,pressure,pressure,0,6000,L1,dbar,CE09OSSM,RID27,CTDBP
CE09OSSM-RID27-03-CTDBPC000,dcl_controller_timestamp,dcl_controller_timestamp,,,ENG,1,CE09OSSM,RID27,CTDBP
CE09OSSM-RID27-03-CTDBPC000,ctdbp_seawater_temperature,ctdbp_seawater_temperature,-2,40,L1,deg_C,CE09OSSM,RID27,CTDBP
CE09OSSM-RID27-03-CTDBPC000,ctdbp_seawater_pressure,ctdbp_seawater_pressure,0,6000,L1,dbar,CE09OSSM,RID27,CTDBP
CE09OSSM-RID27-03-CTDBPC000,ctdbp_seawater_conductivity,ctdbp_seawater_conductivity,0,6,L1,S m-1,CE09OSSM,RID27,CTDBP
CE09OSSM-RID27-03-CTDBPC000,ctdbp_practical_salinity,ctdbp_practical_salinity,0,42,L2,1,CE09OSSM,RID27,CTDBP
CE09OSSM-RID27-03-CTDBPC000,ctdbp_seawater_density,ctdbp_seawater_density,1000,1100,L2,kg m-3,CE09OSSM,RID27,CTDBP
CE09OSSM-RID27-03-CTDBPC000,ctdbp_cdef_dcl_ce_density,ctdbp_cdef_dcl_ce_density,1000,1100,L2,kg m-3,CE09OSSM,RID27,CTDBP
CE09OSSM-RID27-03-CTDBPC000,temp,temp,-2,40,L1,deg_C,CE09OSSM,RID27,CTDBP
CE09OSSM-RID27-03-CTDBPC000,time,time,,,ENG,seconds since 1900-01-01,CE09OSSM,RID27,CTDBP
CE09OSSM-RID27-03-CTDBPC000,ingestion_timestamp,ingestion_timestamp,,,ENG,seconds since 1900-01-01,CE09OSSM,RID27,CTDBP
CE09OSSM-RID27-03-CTDBPC000,salinity,salinity,0,42,L2,(unitless),CE09OSSM,RID27,CTDBP
CE09OSSM-RID27-03-CTDBPC000,date_time_string,date_time_string,,,,1,CE09OSSM,RID27,CTDBP
CE09OSSM-RID27-04-DOSTAD000,product_number,product_number,,,,1,CE09OSSM,RID27,DOSTA
CE09OSSM-RID27-04-DOSTAD000,driver_timestamp,driver_timestamp,,,ENG,seconds since 1900-01-01,CE09OSSM,RID27,DOSTA
CE09OSSM-RID27-04-DOSTAD000,internal_timestamp,internal_timestamp,,,ENG,seconds since 1900-01-01,CE09OSSM,RID27,DOSTA
CE09OSSM-RID27-04-DOSTAD000,preferred_timestamp,preferred_timestamp,,,ENG,1,CE09OSSM,RID27,DOSTA
CE09OSSM-RID27-04-DOSTAD000,dcl_controller_timestamp,dcl_controller_timestamp,,,ENG,1,CE09OSSM,RID27,DOSTA
CE09OSSM-RID27-04-DOSTAD000,dosta_abcdjm_cspp_tc_oxygen,dosta_abcdjm_cspp_tc_oxygen,0,400,L1,umol L-1,CE09OSSM,RID27,DOSTA
CE09OSSM-RID27-04-DOSTAD000,serial_number,serial_number,,,ENG,1,CE09OSSM,RID27,DOSTA
CE09OSSM-RID27-04-DOSTAD000,dosta_abcdjm_dcl_abs_oxygen,dosta_abcdjm_dcl_abs_oxygen,0,400,L2,umol kg-1,CE09OSSM,RID27,DOSTA
CE09OSSM-RID27-04-DOSTAD000,dosta_abcdjm_dcl_metbk_abs_oxygen,dosta_abcdjm_dcl_metbk_abs_oxygen,0,400,L2,umol kg-1,CE09OSSM,RID27,DOSTA
CE09OSSM-RID27-04-DOSTAD000,dosta_abcdjm_dcl_ctdbp_abs_oxygen,dosta_abcdjm_dcl_ctdbp_abs_oxygen,0,400,L2,umol kg-1,CE09OSSM,RID27,DOSTA
CE09OSSM-RID27-04-DOSTAD000,time,time,,,ENG,seconds since 1900-01-01,CE09OSSM,RID27,DOSTA
CE09OSSM-RID27-04-DOSTAD000,ingestion_timestamp,ingestion_timestamp,,,ENG,seconds since 1900-01-01,CE09OSSM,RID27,DOSTA
CE09OSSM-RID27-04-DOSTAD000,estimated_oxygen_concentration,estimated_oxygen_concentration,0,400,L1,umol L-1,CE09OSSM,RID27,DOSTA
CE09OSSM-RID27-04-DOSTAD000,estimated_oxygen_saturation,estimated_oxygen_saturation,0,110,L1,percent,CE09OSSM,RID27,DOSTA
CE09OSSM-RID27-04-DOSTAD000,optode_temperature,optode_temperature,-2,40,,deg_C,CE09OSSM,RID27,DOSTA
CE09OSSM-RID27-04-DOSTAD000,calibrated_phase,calibrated_phase,,,L0,degrees,CE09OSSM,RID27,DOSTA
CE09OSSM-RID27-04-DOSTAD000,temp_compensated_phase,temp_compensated_phase,,,,degrees,CE09OSSM,RID27,DOSTA
CE09OSSM-RID27-04-DOSTAD000,blue_phase,blue_phase,,,,degrees,CE09OSSM,RID27,DOSTA
CE09OSSM-RID27-04-DOSTAD000,red_phase,red_phase,,,,degrees,CE09OSSM,RID27,DOSTA
CE09OSSM-RID27-04-DOSTAD000,blue_amplitude,blue_amplitude,,,,mV,CE09OSSM,RID27,DOSTA
CE09OSSM-RID27-04-DOSTAD000,red_amplitude,red_amplitude,,,,mV,CE09OSSM,RID27,DOSTA
CE09OSSM-RID27-04-DOSTAD000,raw_temperature,raw_temperature,,,,mV,CE09OSSM,RID27,DOSTA
CE09OSSM-SBD11-01-MOPAK0000,driver_timestamp,driver_timestamp,,,ENG,seconds since 1900-01-01,CE09OSSM,SBD11,MOPAK
CE09OSSM-SBD11-01-MOPAK0000,internal_timestamp,internal_timestamp,,,ENG,seconds since 1900-01-01,CE09OSSM,SBD11,MOPAK
CE09OSSM-SBD11-01-MOPAK0000,mopak_accelx,mopak_accelx,,,ENG,g0,CE09OSSM,SBD11,MOPAK
CE09OSSM-SBD11-01-MOPAK0000,mopak_accely,mopak_accely,,,ENG,g0,CE09OSSM,SBD11,MOPAK
CE09OSSM-SBD11-01-MOPAK0000,mopak_accelz,mopak_accelz,,,ENG,g0,CE09OSSM,SBD11,MOPAK
CE09OSSM-SBD11-01-MOPAK0000,mopak_ang_ratex,mopak_ang_ratex,,,ENG,rad s-1,CE09OSSM,SBD11,MOPAK
CE09OSSM-SBD11-01-MOPAK0000,mopak_ang_ratey,mopak_ang_ratey,,,ENG,rad s-1,CE09OSSM,SBD11,MOPAK
CE09OSSM-SBD11-01-MOPAK0000,preferred_timestamp,preferred_timestamp,,,ENG,1,CE09OSSM,SBD11,MOPAK
CE09OSSM-SBD11-01-MOPAK0000,mopak_ang_ratez,mopak_ang_ratez,,,ENG,rad s-1,CE09OSSM,SBD11,MOPAK
CE09OSSM-SBD11-01-MOPAK0000,mopak_magx,mopak_magx,,,ENG,Gs,CE09OSSM,SBD11,MOPAK
CE09OSSM-SBD11-01-MOPAK0000,mopak_magy,mopak_magy,,,ENG,Gs,CE09OSSM,SBD11,MOPAK
CE09OSSM-SBD11-01-MOPAK0000,mopak_magz,mopak_magz,,,ENG,Gs,CE09OSSM,SBD11,MOPAK
CE09OSSM-SBD11-01-MOPAK0000,mopak_timer,mopak_timer,,,ENG,counts,CE09OSSM,SBD11,MOPAK
CE09OSSM-SBD11-01-MOPAK0000,mopak_roll,mopak_roll,,,ENG,degrees,CE09OSSM,SBD11,MOPAK
CE09OSSM-SBD11-01-MOPAK0000,mopak_pitch,mopak_pitch,,,ENG,degrees,CE09OSSM,SBD11,MOPAK
CE09OSSM-SBD11-01-MOPAK0000,mopak_yaw,mopak_yaw,,,ENG,degrees,CE09OSSM,SBD11,MOPAK
CE09OSSM-SBD11-01-MOPAK0000,time,time,,,ENG,seconds since 1900-01-01,CE09OSSM,SBD11,MOPAK
CE09OSSM-SBD11-01-MOPAK0000,ingestion_timestamp,ingestion_timestamp,,,ENG,seconds since 1900-01-01,CE09OSSM,SBD11,MOPAK
CE09OSSM-SBD11-02-HYDGN0000,driver_timestamp,driver_timestamp,,,ENG,seconds since 1900-01-01,CE09OSSM,SBD11,HYDGN
CE09OSSM-SBD11-02-HYDGN0000,internal_timestamp,internal_timestamp,,,ENG,seconds since 1900-01-01,CE09OSSM,SBD11,HYDGN
CE09OSSM-SBD11-02-HYDGN0000,preferred_timestamp,preferred_timestamp,,,ENG,1,CE09OSSM,SBD11,HYDGN
CE09OSSM-SBD11-02-HYDGN0000,dcl_controller_timestamp,dcl_controller_timestamp,,,ENG,1,CE09OSSM,SBD11,HYDGN
CE09OSSM-SBD11-02-HYDGN0000,hyd_raw,hyd_raw,,,AUX,counts,CE09OSSM,SBD11,HYDGN
CE09OSSM-SBD11-02-HYDGN0000,hyd_percent,hyd_percent,,,AUX,Percentage,CE09OSSM,SBD11,HYDGN
CE09OSSM-SBD11-02-HYDGN0000,time,time,,,ENG,seconds since 1900-01-01,CE09OSSM,SBD11,HYDGN
CE09OSSM-SBD11-02-HYDGN0000,ingestion_timestamp,ingestion_timestamp,,,ENG,seconds since 1900-01-01,CE09OSSM,SBD11,HYDGN
CE09OSSM-SBD11-04-VELPTA000,driver_timestamp,driver_timestamp,,,ENG,seconds since 1900-01-01,CE09OSSM,SBD11,VELPT
CE09OSSM-SBD11-04-VELPTA000,firmware_version,firmware_version,,,,1,CE09OSSM,SBD11,VELPT
CE09OSSM-SBD11-04-VELPTA000,eastward_velocity,eastward_velocity,-3,3,L1,m s-1,CE09OSSM,SBD11,VELPT
CE09OSSM-SBD11-04-VELPTA000,northward_velocity,northward_velocity,-3,3,L1,m s-1,CE09OSSM,SBD11,VELPT
CE09OSSM-SBD11-04-VELPTA000,upward_velocity,upward_velocity,-1,1,L1,m s-1,CE09OSSM,SBD11,VELPT
CE09OSSM-SBD11-04-VELPTA000,internal_timestamp,internal_timestamp,,,ENG,seconds since 1900-01-01,CE09OSSM,SBD11,VELPT
CE09OSSM-SBD11-04-VELPTA000,preferred_timestamp,preferred_timestamp,,,ENG,1,CE09OSSM,SBD11,VELPT
CE09OSSM-SBD11-04-VELPTA000,velpt_ab_eastward_velocity,velpt_ab_eastward_velocity,-3,3,L1,m s-1,CE09OSSM,SBD11,VELPT
CE09OSSM-SBD11-04-VELPTA000,velpt_ab_northward_velocity,velpt_ab_northward_velocity,-3,3,L1,m s-1,CE09OSSM,SBD11,VELPT
CE09OSSM-SBD11-04-VELPTA000,velpt_ab_upward_velocity,velpt_ab_upward_velocity,-1,1,L1,m s-1,CE09OSSM,SBD11,VELPT
CE09OSSM-SBD11-04-VELPTA000,number_of_beam_sequences,number_of_beam_sequences,,,,counts,CE09OSSM,SBD11,VELPT
CE09OSSM-SBD11-04-VELPTA000,number_of_beams_in_diagnostics_mode,number_of_beams_in_diagnostics_mode,,,,counts,CE09OSSM,SBD11,VELPT
CE09OSSM-SBD11-04-VELPTA000,reserved_bit_easyq,reserved_bit_easyq,,,,1,CE09OSSM,SBD11,VELPT
CE09OSSM-SBD11-04-VELPTA000,battery_voltage_dv,battery_voltage_dv,,,AUX,dV,CE09OSSM,SBD11,VELPT
CE09OSSM-SBD11-04-VELPTA000,sound_speed_dms,sound_speed_dms,,,AUX,dm s-1,CE09OSSM,SBD11,VELPT
CE09OSSM-SBD11-04-VELPTA000,heading_decidegree,heading_decidegree,,,AUX,deci-degrees,CE09OSSM,SBD11,VELPT
CE09OSSM-SBD11-04-VELPTA000,roll_decidegree,roll_decidegree,,,AUX,deci-degrees,CE09OSSM,SBD11,VELPT
CE09OSSM-SBD11-04-VELPTA000,pitch_decidegree,pitch_decidegree,,,AUX,deci-degrees,CE09OSSM,SBD11,VELPT
CE09OSSM-SBD11-04-VELPTA000,temperature_centidegree,temperature_centidegree,,,AUX,cdeg_C,CE09OSSM,SBD11,VELPT
CE09OSSM-SBD11-04-VELPTA000,pressure_mbar,pressure_mbar,,,AUX,0.001 dbar,CE09OSSM,SBD11,VELPT
CE09OSSM-SBD11-04-VELPTA000,error_code,error_code,,,,1,CE09OSSM,SBD11,VELPT
CE09OSSM-SBD11-04-VELPTA000,analog1,analog1,,,,1,CE09OSSM,SBD11,VELPT
CE09OSSM-SBD11-04-VELPTA000,status,status,,,,1,CE09OSSM,SBD11,VELPT
CE09OSSM-SBD11-04-VELPTA000,velocity_beam1,velocity_beam1,,,L0,mm s-1,CE09OSSM,SBD11,VELPT
CE09OSSM-SBD11-04-VELPTA000,velocity_beam2,velocity_beam2,,,L0,mm s-1,CE09OSSM,SBD11,VELPT
CE09OSSM-SBD11-04-VELPTA000,velocity_beam3,velocity_beam3,,,L0,mm s-1,CE09OSSM,SBD11,VELPT
CE09OSSM-SBD11-04-VELPTA000,amplitude_beam1,amplitude_beam1,,,AUX,counts,CE09OSSM,SBD11,VELPT
CE09OSSM-SBD11-04-VELPTA000,amplitude_beam2,amplitude_beam2,,,AUX,counts,CE09OSSM,SBD11,VELPT
CE09OSSM-SBD11-04-VELPTA000,amplitude_beam3,amplitude_beam3,,,AUX,counts,CE09OSSM,SBD11,VELPT
CE09OSSM-SBD11-04-VELPTA000,records_to_follow,records_to_follow,,,,1,CE09OSSM,SBD11,VELPT
CE09OSSM-SBD11-04-VELPTA000,cell_number_diagnostics,cell_number_diagnostics,,,,1,CE09OSSM,SBD11,VELPT
CE09OSSM-SBD11-04-VELPTA000,noise_amplitude_beam1,noise_amplitude_beam1,,,,counts,CE09OSSM,SBD11,VELPT
CE09OSSM-SBD11-04-VELPTA000,noise_amplitude_beam2,noise_amplitude_beam2,,,,counts,CE09OSSM,SBD11,VELPT
CE09OSSM-SBD11-04-VELPTA000,noise_amplitude_beam3,noise_amplitude_beam3,,,,counts,CE09OSSM,SBD11,VELPT
CE09OSSM-SBD11-04-VELPTA000,noise_amplitude_beam4,noise_amplitude_beam4,,,,counts,CE09OSSM,SBD11,VELPT
CE09OSSM-SBD11-04-VELPTA000,processing_magnitude_beam1,processing_magnitude_beam1,,,,1,CE09OSSM,SBD11,VELPT
CE09OSSM-SBD11-04-VELPTA000,processing_magnitude_beam2,processing_magnitude_beam2,,,,1,CE09OSSM,SBD11,VELPT
CE09OSSM-SBD11-04-VELPTA000,processing_magnitude_beam3,processing_magnitude_beam3,,,,1,CE09OSSM,SBD11,VELPT
CE09OSSM-SBD11-04-VELPTA000,processing_magnitude_beam4,processing_magnitude_beam4,,,,1,CE09OSSM,SBD11,VELPT
CE09OSSM-SBD11-04-VELPTA000,distance_beam1,distance_beam1,,,,1,CE09OSSM,SBD11,VELPT
CE09OSSM-SBD11-04-VELPTA000,distance_beam2,distance_beam2,,,,1,CE09OSSM,SBD11,VELPT
CE09OSSM-SBD11-04-VELPTA000,distance_beam3,distance_beam3,,,,1,CE09OSSM,SBD11,VELPT
CE09OSSM-SBD11-04-VELPTA000,distance_beam4,distance_beam4,,,,1,CE09OSSM,SBD11,VELPT
CE09OSSM-SBD11-04-VELPTA000,instrmt_type_serial_number,instrmt_type_serial_number,,,,1,CE09OSSM,SBD11,VELPT
CE09OSSM-SBD11-04-VELPTA000,pic_version,pic_version,,,,1,CE09OSSM,SBD11,VELPT
CE09OSSM-SBD11-04-VELPTA000,hardware_revision,hardware_revision,,,,1,CE09OSSM,SBD11,VELPT
CE09OSSM-SBD11-04-VELPTA000,recorder_size,recorder_size,,,,bytes,CE09OSSM,SBD11,VELPT
CE09OSSM-SBD11-04-VELPTA000,velocity_range,velocity_range,,,,1,CE09OSSM,SBD11,VELPT
CE09OSSM-SBD11-04-VELPTA000,pressure_sensor,pressure_sensor,,,,1,CE09OSSM,SBD11,VELPT
CE09OSSM-SBD11-04-VELPTA000,magnetometer_sensor,magnetometer_sensor,,,,1,CE09OSSM,SBD11,VELPT
CE09OSSM-SBD11-04-VELPTA000,tilt_sensor,tilt_sensor,,,,1,CE09OSSM,SBD11,VELPT
CE09OSSM-SBD11-04-VELPTA000,tilt_sensor_mounting,tilt_sensor_mounting,,,,1,CE09OSSM,SBD11,VELPT
CE09OSSM-SBD11-04-VELPTA000,head_frequency,head_frequency,,,,kHz,CE09OSSM,SBD11,VELPT
CE09OSSM-SBD11-04-VELPTA000,head_type,head_type,,,,1,CE09OSSM,SBD11,VELPT
CE09OSSM-SBD11-04-VELPTA000,head_serial_number,head_serial_number,,,,1,CE09OSSM,SBD11,VELPT
CE09OSSM-SBD11-04-VELPTA000,number_beams,number_beams,,,,1,CE09OSSM,SBD11,VELPT
CE09OSSM-SBD11-04-VELPTA000,transmit_pulse_length,transmit_pulse_length,,,,counts,CE09OSSM,SBD11,VELPT
CE09OSSM-SBD11-04-VELPTA000,blanking_distance,blanking_distance,,,,counts,CE09OSSM,SBD11,VELPT
CE09OSSM-SBD11-04-VELPTA000,receive_length,receive_length,,,,counts,CE09OSSM,SBD11,VELPT
CE09OSSM-SBD11-04-VELPTA000,time_between_pings,time_between_pings,,,,counts,CE09OSSM,SBD11,VELPT
CE09OSSM-SBD11-04-VELPTA000,time_between_bursts,time_between_bursts,,,,counts,CE09OSSM,SBD11,VELPT
CE09OSSM-SBD11-04-VELPTA000,average_interval,average_interval,,,,s,CE09OSSM,SBD11,VELPT
CE09OSSM-SBD11-04-VELPTA000,compass_update_rate,compass_update_rate,,,,Hz,CE09OSSM,SBD11,VELPT
CE09OSSM-SBD11-04-VELPTA000,coordinate_system,coordinate_system,,,,1,CE09OSSM,SBD11,VELPT
CE09OSSM-SBD11-04-VELPTA000,number_cells,number_cells,,,,1,CE09OSSM,SBD11,VELPT
CE09OSSM-SBD11-04-VELPTA000,measurement_interval,measurement_interval,,,,s,CE09OSSM,SBD11,VELPT
CE09OSSM-SBD11-04-VELPTA000,deployment_name,deployment_name,,,,1,CE09OSSM,SBD11,VELPT
CE09OSSM-SBD11-04-VELPTA000,diagnostics_interval,diagnostics_interval,,,,s,CE09OSSM,SBD11,VELPT
CE09OSSM-SBD11-04-VELPTA000,use_specified_sound_speed,use_specified_sound_speed,,,,1,CE09OSSM,SBD11,VELPT
CE09OSSM-SBD11-04-VELPTA000,diagnostics_mode_enable,diagnostics_mode_enable,,,,1,CE09OSSM,SBD11,VELPT
CE09OSSM-SBD11-04-VELPTA000,analog_output_enable,analog_output_enable,,,,1,CE09OSSM,SBD11,VELPT
CE09OSSM-SBD11-04-VELPTA000,output_format_nortek,output_format_nortek,,,,1,CE09OSSM,SBD11,VELPT
CE09OSSM-SBD11-04-VELPTA000,scaling,scaling,,,,1,CE09OSSM,SBD11,VELPT
CE09OSSM-SBD11-04-VELPTA000,serial_output_enable,serial_output_enable,,,,1,CE09OSSM,SBD11,VELPT
CE09OSSM-SBD11-04-VELPTA000,stage_enable,stage_enable,,,,1,CE09OSSM,SBD11,VELPT
CE09OSSM-SBD11-04-VELPTA000,analog_power_output,analog_power_output,,,,1,CE09OSSM,SBD11,VELPT
CE09OSSM-SBD11-04-VELPTA000,sound_speed_adjust_factor,sound_speed_adjust_factor,,,,m s-1,CE09OSSM,SBD11,VELPT
CE09OSSM-SBD11-04-VELPTA000,number_diagnostics_samples,number_diagnostics_samples,,,,1,CE09OSSM,SBD11,VELPT
CE09OSSM-SBD11-04-VELPTA000,number_pings_diagnostic,number_pings_diagnostic,,,,1,CE09OSSM,SBD11,VELPT
CE09OSSM-SBD11-04-VELPTA000,software_version,software_version,,,,1,CE09OSSM,SBD11,VELPT
CE09OSSM-SBD11-04-VELPTA000,correlation_threshold,correlation_threshold,,,,1,CE09OSSM,SBD11,VELPT
CE09OSSM-SBD11-04-VELPTA000,time,time,,,ENG,seconds since 1900-01-01,CE09OSSM,SBD11,VELPT
CE09OSSM-SBD11-04-VELPTA000,ingestion_timestamp,ingestion_timestamp,,,ENG,seconds since 1900-01-01,CE09OSSM,SBD11,VELPT
CE09OSSM-SBD11-04-VELPTA000,date_time_string,date_time_string,,,,1,CE09OSSM,SBD11,VELPT
CE09OSSM-SBD11-06-METBKA000,port_timestamp,port_timestamp,,,ENG,seconds since 1900-01-01,CE09OSSM,SBD11,METBK
CE09OSSM-SBD11-06-METBKA000,barometric_pressure,barometric_pressure,,,L0,mbar,CE09OSSM,SBD11,METBK
CE09OSSM-SBD11-06-METBKA000,relative_humidity,relative_humidity,0,100,L1,%,CE09OSSM,SBD11,METBK
CE09OSSM-SBD11-06-METBKA000,air_temperature,air_temperature,-50,50,L1,deg_C,CE09OSSM,SBD11,METBK
CE09OSSM-SBD11-06-METBKA000,longwave_irradiance,longwave_irradiance,200,500,L1,W m-2,CE09OSSM,SBD11,METBK
CE09OSSM-SBD11-06-METBKA000,precipitation,precipitation,0,50,L1,mm,CE09OSSM,SBD11,METBK
CE09OSSM-SBD11-06-METBKA000,sea_surface_temperature,sea_surface_temperature,-2,40,L1,deg_C,CE09OSSM,SBD11,METBK
CE09OSSM-SBD11-06-METBKA000,sea_surface_conductivity,sea_surface_conductivity,0,6,L1,S m-1,CE09OSSM,SBD11,METBK
CE09OSSM-SBD11-06-METBKA000,shortwave_irradiance,shortwave_irradiance,0,1000,L1,W m-2,CE09OSSM,SBD11,METBK
CE09OSSM-SBD11-06-METBKA000,eastward_wind_velocity,eastward_wind_velocity,-10,10,L0,m s-1,CE09OSSM,SBD11,METBK
CE09OSSM-SBD11-06-METBKA000,northward_wind_velocity,northward_wind_velocity,-10,10,L0,m s-1,CE09OSSM,SBD11,METBK
CE09OSSM-SBD11-06-METBKA000,driver_timestamp,driver_timestamp,,,ENG,seconds since 1900-01-01,CE09OSSM,SBD11,METBK
CE09OSSM-SBD11-06-METBKA000,internal_timestamp,internal_timestamp,,,ENG,seconds since 1900-01-01,CE09OSSM,SBD11,METBK
CE09OSSM-SBD11-06-METBKA000,preferred_timestamp,preferred_timestamp,,,ENG,1,CE09OSSM,SBD11,METBK
CE09OSSM-SBD11-06-METBKA000,dcl_controller_timestamp,dcl_controller_timestamp,,,ENG,1,CE09OSSM,SBD11,METBK
CE09OSSM-SBD11-06-METBKA000,met_barpres,met_barpres,87000,108330,L1,Pa,CE09OSSM,SBD11,METBK
CE09OSSM-SBD11-06-METBKA000,met_windavg_mag_corr_east,met_windavg_mag_corr_east,-33,33,L1,m s-1,CE09OSSM,SBD11,METBK
CE09OSSM-SBD11-06-METBKA000,met_windavg_mag_corr_north,met_windavg_mag_corr_north,-33,33,L1,m s-1,CE09OSSM,SBD11,METBK
CE09OSSM-SBD11-06-METBKA000,met_current_direction,met_current_direction,0,360,L1,degrees,CE09OSSM,SBD11,METBK
CE09OSSM-SBD11-06-METBKA000,met_current_speed,met_current_speed,-3,3,L1,m s-1,CE09OSSM,SBD11,METBK
CE09OSSM-SBD11-06-METBKA000,met_relwind_direction,met_relwind_direction,0,360,L1,degrees,CE09OSSM,SBD11,METBK
CE09OSSM-SBD11-06-METBKA000,met_relwind_speed,met_relwind_speed,-33,33,L1,m s-1,CE09OSSM,SBD11,METBK
CE09OSSM-SBD11-06-METBKA000,met_timeflx,met_timeflx,,,L1,seconds since 01-01-1900,CE09OSSM,SBD11,METBK
CE09OSSM-SBD11-06-METBKA000,met_netsirr,met_netsirr,0,500,L1,W m-2,CE09OSSM,SBD11,METBK
CE09OSSM-SBD11-06-METBKA000,met_rainrte,met_rainrte,0,50,L2,mm hr-1,CE09OSSM,SBD11,METBK
CE09OSSM-SBD11-06-METBKA000,met_salsurf,met_salsurf,0,42,L2,1,CE09OSSM,SBD11,METBK
CE09OSSM-SBD11-06-METBKA000,met_spechum,met_spechum,0,47,L2,g kg-1,CE09OSSM,SBD11,METBK
CE09OSSM-SBD11-06-METBKA000,met_buoyfls,met_buoyfls,,,L2,W m-2,CE09OSSM,SBD11,METBK
CE09OSSM-SBD11-06-METBKA000,met_buoyflx,met_buoyflx,,,L2,W m-2,CE09OSSM,SBD11,METBK
CE09OSSM-SBD11-06-METBKA000,met_frshflx,met_frshflx,,,L2,mm hr-1,CE09OSSM,SBD11,METBK
CE09OSSM-SBD11-06-METBKA000,met_heatflx,met_heatflx,,,L2,W m-2,CE09OSSM,SBD11,METBK
CE09OSSM-SBD11-06-METBKA000,met_latnflx,met_latnflx,,,L2,W m-2,CE09OSSM,SBD11,METBK
CE09OSSM-SBD11-06-METBKA000,met_mommflx,met_mommflx,,,L2,N m-2,CE09OSSM,SBD11,METBK
CE09OSSM-SBD11-06-METBKA000,met_netlirr,met_netlirr,,,L2,W m-2,CE09OSSM,SBD11,METBK
CE09OSSM-SBD11-06-METBKA000,met_rainflx,met_rainflx,,,L2,W m-2,CE09OSSM,SBD11,METBK
CE09OSSM-SBD11-06-METBKA000,met_sensflx,met_sensflx,,,L2,W m-2,CE09OSSM,SBD11,METBK
CE09OSSM-SBD11-06-METBKA000,met_sphum2m,met_sphum2m,0,47,L2,g kg-1,CE09OSSM,SBD11,METBK
CE09OSSM-SBD11-06-METBKA000,met_stablty,met_stablty,,,L2,1,CE09OSSM,SBD11,METBK
CE09OSSM-SBD11-06-METBKA000,met_tempa2m,met_tempa2m,-50,50,L2,deg_C,CE09OSSM,SBD11,METBK
CE09OSSM-SBD11-06-METBKA000,met_tempskn,met_tempskn,-2,40,L2,degC,CE09OSSM,SBD11,METBK
CE09OSSM-SBD11-06-METBKA000,met_wind10m,met_wind10m,-33,33,L2,m s-1,CE09OSSM,SBD11,METBK
CE09OSSM-SBD11-06-METBKA000,time,time,,,ENG,seconds since 1900-01-01,CE09OSSM,SBD11,METBK
CE09OSSM-SBD11-06-METBKA000,ingestion_timestamp,ingestion_timestamp,,,ENG,seconds since 1900-01-01,CE09OSSM,SBD11,METBK
CE09OSSM-SBD12-03-HYDGN0000,driver_timestamp,driver_timestamp,,,ENG,seconds since 1900-01-01,CE09OSSM,SBD12,HYDGN
CE09OSSM-SBD12-03-HYDGN0000,internal_timestamp,internal_timestamp,,,ENG,seconds since 1900-01-01,CE09OSSM,SBD12,HYDGN
CE09OSSM-SBD12-03-HYDGN0000,preferred_timestamp,preferred_timestamp,,,ENG,1,CE09OSSM,SBD12,HYDGN
CE09OSSM-SBD12-03-HYDGN0000,dcl_controller_timestamp,dcl_controller_timestamp,,,ENG,1,CE09OSSM,SBD12,HYDGN
CE09OSSM-SBD12-03-HYDGN0000,hyd_raw,hyd_raw,,,AUX,counts,CE09OSSM,SBD12,HYDGN
CE09OSSM-SBD12-03-HYDGN0000,hyd_percent,hyd_percent,,,AUX,Percentage,CE09OSSM,SBD12,HYDGN
CE09OSSM-SBD12-03-HYDGN0000,time,time,,,ENG,seconds since 1900-01-01,CE09OSSM,SBD12,HYDGN
CE09OSSM-SBD12-03-HYDGN0000,ingestion_timestamp,ingestion_timestamp,,,ENG,seconds since 1900-01-01,CE09OSSM,SBD12,HYDGN
CE09OSSM-SBD12-04-PCO2AA000,irga_detector_temperature,irga_detector_temperature,,,AUX,deg_C,CE09OSSM,SBD12,PCO2A
CE09OSSM-SBD12-04-PCO2AA000,irga_source_temperature,irga_source_temperature,,,AUX,deg_C,CE09OSSM,SBD12,PCO2A
CE09OSSM-SBD12-04-PCO2AA000,partial_pressure_co2_atm,partial_pressure_co2_atm,180,500,L1,uatm,CE09OSSM,SBD12,PCO2A
CE09OSSM-SBD12-04-PCO2AA000,partial_pressure_co2_ssw,partial_pressure_co2_ssw,100,600,L1,uatm,CE09OSSM,SBD12,PCO2A
CE09OSSM-SBD12-04-PCO2AA000,driver_timestamp,driver_timestamp,,,ENG,seconds since 1900-01-01,CE09OSSM,SBD12,PCO2A
CE09OSSM-SBD12-04-PCO2AA000,internal_timestamp,internal_timestamp,,,ENG,seconds since 1900-01-01,CE09OSSM,SBD12,PCO2A
CE09OSSM-SBD12-04-PCO2AA000,preferred_timestamp,preferred_timestamp,,,ENG,1,CE09OSSM,SBD12,PCO2A
CE09OSSM-SBD12-04-PCO2AA000,dcl_controller_timestamp,dcl_controller_timestamp,,,ENG,1,CE09OSSM,SBD12,PCO2A
CE09OSSM-SBD12-04-PCO2AA000,pco2_co2flux,pco2_co2flux,,,L2,mol m-2 s-1,CE09OSSM,SBD12,PCO2A
CE09OSSM-SBD12-04-PCO2AA000,time,time,,,ENG,seconds since 1900-01-01,CE09OSSM,SBD12,PCO2A
CE09OSSM-SBD12-04-PCO2AA000,ingestion_timestamp,ingestion_timestamp,,,ENG,seconds since 1900-01-01,CE09OSSM,SBD12,PCO2A
CE09OSSM-SBD12-04-PCO2AA000,date_time_string,date_time_string,,,,1,CE09OSSM,SBD12,PCO2A
CE09OSSM-SBD12-04-PCO2AA000,zero_a2d,zero_a2d,,,,counts,CE09OSSM,SBD12,PCO2A
CE09OSSM-SBD12-04-PCO2AA000,current_a2d,current_a2d,,,,counts,CE09OSSM,SBD12,PCO2A
CE09OSSM-SBD12-04-PCO2AA000,measured_air_co2,measured_air_co2,,,L0,ppm,CE09OSSM,SBD12,PCO2A
CE09OSSM-SBD12-04-PCO2AA000,measured_water_co2,measured_water_co2,,,L0,ppm,CE09OSSM,SBD12,PCO2A
CE09OSSM-SBD12-04-PCO2AA000,avg_irga_temperature,avg_irga_temperature,,,AUX,deg_C,CE09OSSM,SBD12,PCO2A
CE09OSSM-SBD12-04-PCO2AA000,humidity,humidity,,,AUX,mbar,CE09OSSM,SBD12,PCO2A
CE09OSSM-SBD12-04-PCO2AA000,humidity_temperature,humidity_temperature,,,AUX,deg_C,CE09OSSM,SBD12,PCO2A
CE09OSSM-SBD12-04-PCO2AA000,gas_stream_pressure,gas_stream_pressure,,,L0,mbar,CE09OSSM,SBD12,PCO2A
CE09OSSM-SBD12-05-WAVSSA000,driver_timestamp,driver_timestamp,,,ENG,seconds since 1900-01-01,CE09OSSM,SBD12,WAVSS
CE09OSSM-SBD12-05-WAVSSA000,date_string,date_string,,,ENG,1,CE09OSSM,SBD12,WAVSS
CE09OSSM-SBD12-05-WAVSSA000,time_string,time_string,,,ENG,1,CE09OSSM,SBD12,WAVSS
CE09OSSM-SBD12-05-WAVSSA000,internal_timestamp,internal_timestamp,,,ENG,seconds since 1900-01-01,CE09OSSM,SBD12,WAVSS
CE09OSSM-SBD12-05-WAVSSA000,preferred_timestamp,preferred_timestamp,,,ENG,1,CE09OSSM,SBD12,WAVSS
CE09OSSM-SBD12-05-WAVSSA000,dcl_controller_timestamp,dcl_controller_timestamp,,,ENG,1,CE09OSSM,SBD12,WAVSS
CE09OSSM-SBD12-05-WAVSSA000,number_zero_crossings,number_zero_crossings,,,L0,counts,CE09OSSM,SBD12,WAVSS
CE09OSSM-SBD12-05-WAVSSA000,average_wave_height,average_wave_height,0,12,L0,m,CE09OSSM,SBD12,WAVSS
CE09OSSM-SBD12-05-WAVSSA000,mean_spectral_period,mean_spectral_period,,,,sec,CE09OSSM,SBD12,WAVSS
CE09OSSM-SBD12-05-WAVSSA000,max_wave_height,max_wave_height,0,30,L0,m,CE09OSSM,SBD12,WAVSS
CE09OSSM-SBD12-05-WAVSSA000,significant_wave_height,significant_wave_height,0,18,L0,m,CE09OSSM,SBD12,WAVSS
CE09OSSM-SBD12-05-WAVSSA000,significant_period,significant_period,3,20,L0,sec,CE09OSSM,SBD12,WAVSS
CE09OSSM-SBD12-05-WAVSSA000,wave_height_10,wave_height_10,0,23,L0,m,CE09OSSM,SBD12,WAVSS
CE09OSSM-SBD12-05-WAVSSA000,wave_period_10,wave_period_10,3,30,L0,sec,CE09OSSM,SBD12,WAVSS
CE09OSSM-SBD12-05-WAVSSA000,mean_wave_period,mean_wave_period,3,30,L0,sec,CE09OSSM,SBD12,WAVSS
CE09OSSM-SBD12-05-WAVSSA000,peak_wave_period,peak_wave_period,3,30,L0,sec,CE09OSSM,SBD12,WAVSS
CE09OSSM-SBD12-05-WAVSSA000,wave_period_tp5,wave_period_tp5,3,30,L0,sec,CE09OSSM,SBD12,WAVSS
CE09OSSM-SBD12-05-WAVSSA000,wave_height_hmo,wave_height_hmo,0,30,L0,m,CE09OSSM,SBD12,WAVSS
CE09OSSM-SBD12-05-WAVSSA000,mean_direction,mean_direction,0,360,L0,degrees,CE09OSSM,SBD12,WAVSS
CE09OSSM-SBD12-05-WAVSSA000,mean_spread,mean_spread,,,,degrees,CE09OSSM,SBD12,WAVSS
CE09OSSM-SBD12-05-WAVSSA000,number_bands,number_bands,,,,1,CE09OSSM,SBD12,WAVSS
CE09OSSM-SBD12-05-WAVSSA000,initial_frequency,initial_frequency,,,,Hz,CE09OSSM,SBD12,WAVSS
CE09OSSM-SBD12-05-WAVSSA000,frequency_spacing,frequency_spacing,,,,Hz,CE09OSSM,SBD12,WAVSS
CE09OSSM-SBD12-05-WAVSSA000,psd_non_directional,psd_non_directional,,,L0,m2 Hz-1,CE09OSSM,SBD12,WAVSS
CE09OSSM-SBD12-05-WAVSSA000,psd_mean_directional,psd_mean_directional,,,L0,m2 Hz-1,CE09OSSM,SBD12,WAVSS
CE09OSSM-SBD12-05-WAVSSA000,mean_direction_array,mean_direction_array,0,360,L0,degrees,CE09OSSM,SBD12,WAVSS
CE09OSSM-SBD12-05-WAVSSA000,directional_spread_array,directional_spread_array,0,360,L0,degrees,CE09OSSM,SBD12,WAVSS
CE09OSSM-SBD12-05-WAVSSA000,number_time_samples,number_time_samples,,,,1,CE09OSSM,SBD12,WAVSS
CE09OSSM-SBD12-05-WAVSSA000,initial_time,initial_time,,,,sec,CE09OSSM,SBD12,WAVSS
CE09OSSM-SBD12-05-WAVSSA000,time_spacing,time_spacing,,,,sec,CE09OSSM,SBD12,WAVSS
CE09OSSM-SBD12-05-WAVSSA000,solution_found,solution_found,,,,1,CE09OSSM,SBD12,WAVSS
CE09OSSM-SBD12-05-WAVSSA000,heave_offset_array,heave_offset_array,0,3,L0,m,CE09OSSM,SBD12,WAVSS
CE09OSSM-SBD12-05-WAVSSA000,north_offset_array,north_offset_array,0,50,L0,m,CE09OSSM,SBD12,WAVSS
CE09OSSM-SBD12-05-WAVSSA000,east_offset_array,east_offset_array,0,50,L0,m,CE09OSSM,SBD12,WAVSS
CE09OSSM-SBD12-05-WAVSSA000,number_directional_bands,number_directional_bands,,,,1,CE09OSSM,SBD12,WAVSS
CE09OSSM-SBD12-05-WAVSSA000,initial_directional_frequency,initial_directional_frequency,,,,Hz,CE09OSSM,SBD12,WAVSS
CE09OSSM-SBD12-05-WAVSSA000,directional_frequency_spacing,directional_frequency_spacing,,,,Hz,CE09OSSM,SBD12,WAVSS
CE09OSSM-SBD12-05-WAVSSA000,fourier_coefficient_2d_array,fourier_coefficient_2d_array,,,,1,CE09OSSM,SBD12,WAVSS
CE09OSSM-SBD12-05-WAVSSA000,spread_direction,spread_direction,0,360,L0,degrees,CE09OSSM,SBD12,WAVSS
CE09OSSM-SBD12-05-WAVSSA000,wavss_a_directional_frequency,wavss_a_directional_frequency,,,L1,Hz,CE09OSSM,SBD12,WAVSS
CE09OSSM-SBD12-05-WAVSSA000,wavss_a_non_directional_frequency,wavss_a_non_directional_frequency,,,L1,Hz,CE09OSSM,SBD12,WAVSS
CE09OSSM-SBD12-05-WAVSSA000,wavss_a_buoymotion_time,wavss_a_buoymotion_time,,,L1,seconds since 1900-01-01,CE09OSSM,SBD12,WAVSS
CE09OSSM-SBD12-05-WAVSSA000,wavss_a_corrected_mean_wave_direction,wavss_a_corrected_mean_wave_direction,0,360,L1,deg,CE09OSSM,SBD12,WAVSS
CE09OSSM-SBD12-05-WAVSSA000,wavss_a_corrected_directional_wave_direction,wavss_a_corrected_directional_wave_direction,0,360,L1,deg,CE09OSSM,SBD12,WAVSS
CE09OSSM-SBD12-05-WAVSSA000,wavss_a_magcor_buoymotion_x,wavss_a_magcor_buoymotion_x,0,50,L1,m,CE09OSSM,SBD12,WAVSS
CE09OSSM-SBD12-05-WAVSSA000,wavss_a_magcor_buoymotion_y,wavss_a_magcor_buoymotion_y,0,50,L1,m,CE09OSSM,SBD12,WAVSS
CE09OSSM-SBD12-05-WAVSSA000,serial_number,serial_number,,,ENG,1,CE09OSSM,SBD12,WAVSS
CE09OSSM-SBD12-05-WAVSSA000,time,time,,,ENG,seconds since 1900-01-01,CE09OSSM,SBD12,WAVSS
CE09OSSM-SBD12-05-WAVSSA000,ingestion_timestamp,ingestion_timestamp,,,ENG,seconds since 1900-01-01,CE09OSSM,SBD12,WAVSS
CP01CNSM-MFD35-01-ADCPTF000,bin_depths,bin_depths,,,,m,CP01CNSM,MFD35,ADCPT
CP01CNSM-MFD35-01-ADCPTF000,driver_timestamp,driver_timestamp,,,ENG,seconds since 1900-01-01,CP01CNSM,MFD35,ADCPT
CP01CNSM-MFD35-01-ADCPTF000,ensemble_start_time_2,ensemble_start_time_2,,,,seconds since 1900-01-01,CP01CNSM,MFD35,ADCPT
CP01CNSM-MFD35-01-ADCPTF000,real_time_clock_2,real_time_clock_2,,,,1,CP01CNSM,MFD35,ADCPT
CP01CNSM-MFD35-01-ADCPTF000,internal_timestamp,internal_timestamp,,,ENG,seconds since 1900-01-01,CP01CNSM,MFD35,ADCPT
CP01CNSM-MFD35-01-ADCPTF000,adcps_pd12_eastward_seawater_velocity,adcps_pd12_eastward_seawater_velocity,-3,3,L1,m s-1,CP01CNSM,MFD35,ADCPT
CP01CNSM-MFD35-01-ADCPTF000,adcps_pd12_northward_seawater_velocity,adcps_pd12_northward_seawater_velocity,-3,3,L1,m s-1,CP01CNSM,MFD35,ADCPT
CP01CNSM-MFD35-01-ADCPTF000,preferred_timestamp,preferred_timestamp,,,ENG,1,CP01CNSM,MFD35,ADCPT
CP01CNSM-MFD35-01-ADCPTF000,sensor_available_speed,sensor_available_speed,,,,1,CP01CNSM,MFD35,ADCPT
CP01CNSM-MFD35-01-ADCPTF000,sysconfig_beam_angle,sysconfig_beam_angle,,,,1,CP01CNSM,MFD35,ADCPT
CP01CNSM-MFD35-01-ADCPTF000,sysconfig_beam_config,sysconfig_beam_config,,,,1,CP01CNSM,MFD35,ADCPT
CP01CNSM-MFD35-01-ADCPTF000,adcps_jln_upward_seawater_velocity2,adcps_jln_upward_seawater_velocity2,-1,1,L1,m s-1,CP01CNSM,MFD35,ADCPT
CP01CNSM-MFD35-01-ADCPTF000,adcps_jln_error_velocity2,adcps_jln_error_velocity2,-1,1,L1,m s-1,CP01CNSM,MFD35,ADCPT
CP01CNSM-MFD35-01-ADCPTF000,dcl_controller_timestamp,dcl_controller_timestamp,,,ENG,1,CP01CNSM,MFD35,ADCPT
CP01CNSM-MFD35-01-ADCPTF000,adcps_jln_echo_intensity_beam1,adcps_jln_echo_intensity_beam1,0,255,L1,dB,CP01CNSM,MFD35,ADCPT
CP01CNSM-MFD35-01-ADCPTF000,adcps_jln_echo_intensity_beam2,adcps_jln_echo_intensity_beam2,0,255,L1,dB,CP01CNSM,MFD35,ADCPT
CP01CNSM-MFD35-01-ADCPTF000,adcps_jln_echo_intensity_beam3,adcps_jln_echo_intensity_beam3,0,255,L1,dB,CP01CNSM,MFD35,ADCPT
CP01CNSM-MFD35-01-ADCPTF000,adcps_jln_echo_intensity_beam4,adcps_jln_echo_intensity_beam4,0,255,L1,dB,CP01CNSM,MFD35,ADCPT
CP01CNSM-MFD35-01-ADCPTF000,corrected_echo_intensity_beam1,corrected_echo_intensity_beam1,0,255,L1,dB,CP01CNSM,MFD35,ADCPT
CP01CNSM-MFD35-01-ADCPTF000,corrected_echo_intensity_beam2,corrected_echo_intensity_beam2,0,255,L1,dB,CP01CNSM,MFD35,ADCPT
CP01CNSM-MFD35-01-ADCPTF000,corrected_echo_intensity_beam3,corrected_echo_intensity_beam3,0,255,L1,dB,CP01CNSM,MFD35,ADCPT
CP01CNSM-MFD35-01-ADCPTF000,corrected_echo_intensity_beam4,corrected_echo_intensity_beam4,0,255,L1,dB,CP01CNSM,MFD35,ADCPT
CP01CNSM-MFD35-01-ADCPTF000,significant_wave_height,significant_wave_height,0,18,L0,m,CP01CNSM,MFD35,ADCPT
CP01CNSM-MFD35-01-ADCPTF000,peak_wave_period,peak_wave_period,3,30,L0,sec,CP01CNSM,MFD35,ADCPT
CP01CNSM-MFD35-01-ADCPTF000,instrument_timestamp,instrument_timestamp,,,,1,CP01CNSM,MFD35,ADCPT
CP01CNSM-MFD35-01-ADCPTF000,water_direction,water_direction,,,,degrees,CP01CNSM,MFD35,ADCPT
CP01CNSM-MFD35-01-ADCPTF000,water_velocity,water_velocity,,,,mm d-1,CP01CNSM,MFD35,ADCPT
CP01CNSM-MFD35-01-ADCPTF000,burst_start_time,burst_start_time,,,,1,CP01CNSM,MFD35,ADCPT
CP01CNSM-MFD35-01-ADCPTF000,peak_wave_direction,peak_wave_direction,,,L1,degrees,CP01CNSM,MFD35,ADCPT
CP01CNSM-MFD35-01-ADCPTF000,tp_sea,tp_sea,,,,s,CP01CNSM,MFD35,ADCPT
CP01CNSM-MFD35-01-ADCPTF000,dp_sea,dp_sea,,,,degrees,CP01CNSM,MFD35,ADCPT
CP01CNSM-MFD35-01-ADCPTF000,hs_sea,hs_sea,,,,m,CP01CNSM,MFD35,ADCPT
CP01CNSM-MFD35-01-ADCPTF000,tp_swell,tp_swell,,,,s,CP01CNSM,MFD35,ADCPT
CP01CNSM-MFD35-01-ADCPTF000,dp_swell,dp_swell,,,,degrees,CP01CNSM,MFD35,ADCPT
CP01CNSM-MFD35-01-ADCPTF000,hs_swell,hs_swell,,,,m,CP01CNSM,MFD35,ADCPT
CP01CNSM-MFD35-01-ADCPTF000,depth_water_level,depth_water_level,,,,mm,CP01CNSM,MFD35,ADCPT
CP01CNSM-MFD35-01-ADCPTF000,h_max,h_max,,,L1,m,CP01CNSM,MFD35,ADCPT
CP01CNSM-MFD35-01-ADCPTF000,t_max,t_max,,,,s,CP01CNSM,MFD35,ADCPT
CP01CNSM-MFD35-01-ADCPTF000,h_1_3,h_1_3,,,,m,CP01CNSM,MFD35,ADCPT
CP01CNSM-MFD35-01-ADCPTF000,t_1_3,t_1_3,,,,s,CP01CNSM,MFD35,ADCPT
CP01CNSM-MFD35-01-ADCPTF000,h_mean,h_mean,,,L1,m,CP01CNSM,MFD35,ADCPT
CP01CNSM-MFD35-01-ADCPTF000,t_mean,t_mean,,,L1,s,CP01CNSM,MFD35,ADCPT
CP01CNSM-MFD35-01-ADCPTF000,h_1_10,h_1_10,,,L1,m,CP01CNSM,MFD35,ADCPT
CP01CNSM-MFD35-01-ADCPTF000,t_1_10,t_1_10,,,L1,s,CP01CNSM,MFD35,ADCPT
CP01CNSM-MFD35-01-ADCPTF000,d_mean,d_mean,,,,degrees,CP01CNSM,MFD35,ADCPT
CP01CNSM-MFD35-01-ADCPTF000,num_bins,num_bins,,,,counts,CP01CNSM,MFD35,ADCPT
CP01CNSM-MFD35-01-ADCPTF000,depth_level_magnitude,depth_level_magnitude,,,,m s-1,CP01CNSM,MFD35,ADCPT
CP01CNSM-MFD35-01-ADCPTF000,depth_level_direction,depth_level_direction,,,,degrees,CP01CNSM,MFD35,ADCPT
CP01CNSM-MFD35-01-ADCPTF000,file_time,file_time,,,,1,CP01CNSM,MFD35,ADCPT
CP01CNSM-MFD35-01-ADCPTF000,num_dir,num_dir,,,,counts,CP01CNSM,MFD35,ADCPT
CP01CNSM-MFD35-01-ADCPTF000,num_freq,num_freq,,,,counts,CP01CNSM,MFD35,ADCPT
CP01CNSM-MFD35-01-ADCPTF000,freq_w_band,freq_w_band,,,,Hz,CP01CNSM,MFD35,ADCPT
CP01CNSM-MFD35-01-ADCPTF000,freq_0,freq_0,,,,Hz,CP01CNSM,MFD35,ADCPT
CP01CNSM-MFD35-01-ADCPTF000,start_dir,start_dir,,,,degrees,CP01CNSM,MFD35,ADCPT
CP01CNSM-MFD35-01-ADCPTF000,directional_surface_spectrum,directional_surface_spectrum,,,,mm2/hz,CP01CNSM,MFD35,ADCPT
CP01CNSM-MFD35-01-ADCPTF000,num_fields,num_fields,,,,counts,CP01CNSM,MFD35,ADCPT
CP01CNSM-MFD35-01-ADCPTF000,frequency_band,frequency_band,,,,Hz,CP01CNSM,MFD35,ADCPT
CP01CNSM-MFD35-01-ADCPTF000,bandwidth_band,bandwidth_band,,,,Hz,CP01CNSM,MFD35,ADCPT
CP01CNSM-MFD35-01-ADCPTF000,energy_density_band,energy_density_band,,,,m2/hz,CP01CNSM,MFD35,ADCPT
CP01CNSM-MFD35-01-ADCPTF000,direction_band,direction_band,,,,degrees,CP01CNSM,MFD35,ADCPT
CP01CNSM-MFD35-01-ADCPTF000,a1_band,a1_band,,,,1,CP01CNSM,MFD35,ADCPT
CP01CNSM-MFD35-01-ADCPTF000,b1_band,b1_band,,,,1,CP01CNSM,MFD35,ADCPT
CP01CNSM-MFD35-01-ADCPTF000,a2_band,a2_band,,,,1,CP01CNSM,MFD35,ADCPT
CP01CNSM-MFD35-01-ADCPTF000,b2_band,b2_band,,,,1,CP01CNSM,MFD35,ADCPT
CP01CNSM-MFD35-01-ADCPTF000,check_factor_band,check_factor_band,,,,1,CP01CNSM,MFD35,ADCPT
CP01CNSM-MFD35-01-ADCPTF000,sequence_number,sequence_number,,,,1,CP01CNSM,MFD35,ADCPT
CP01CNSM-MFD35-01-ADCPTF000,file_mode,file_mode,,,,1,CP01CNSM,MFD35,ADCPT
CP01CNSM-MFD35-01-ADCPTF000,rec_time_series,rec_time_series,,,,1,CP01CNSM,MFD35,ADCPT
CP01CNSM-MFD35-01-ADCPTF000,rec_spectra,rec_spectra,,,,1,CP01CNSM,MFD35,ADCPT
CP01CNSM-MFD35-01-ADCPTF000,rec_dir_spec,rec_dir_spec,,,,1,CP01CNSM,MFD35,ADCPT
CP01CNSM-MFD35-01-ADCPTF000,samples_per_burst,samples_per_burst,,,,counts,CP01CNSM,MFD35,ADCPT
CP01CNSM-MFD35-01-ADCPTF000,time_between_samples,time_between_samples,,,,1/100 s,CP01CNSM,MFD35,ADCPT
CP01CNSM-MFD35-01-ADCPTF000,serial_number,serial_number,,,ENG,1,CP01CNSM,MFD35,ADCPT
CP01CNSM-MFD35-01-ADCPTF000,time_between_bursts_sec,time_between_bursts_sec,,,,s,CP01CNSM,MFD35,ADCPT
CP01CNSM-MFD35-01-ADCPTF000,bin_size,bin_size,,,,cm,CP01CNSM,MFD35,ADCPT
CP01CNSM-MFD35-01-ADCPTF000,bin_1_middle,bin_1_middle,,,,cm,CP01CNSM,MFD35,ADCPT
CP01CNSM-MFD35-01-ADCPTF000,num_range_bins,num_range_bins,,,,counts,CP01CNSM,MFD35,ADCPT
CP01CNSM-MFD35-01-ADCPTF000,num_vel_bins,num_vel_bins,,,,counts,CP01CNSM,MFD35,ADCPT
CP01CNSM-MFD35-01-ADCPTF000,num_int_bins,num_int_bins,,,,counts,CP01CNSM,MFD35,ADCPT
CP01CNSM-MFD35-01-ADCPTF000,num_beams,num_beams,,,,counts,CP01CNSM,MFD35,ADCPT
CP01CNSM-MFD35-01-ADCPTF000,beam_conf,beam_conf,,,,degrees,CP01CNSM,MFD35,ADCPT
CP01CNSM-MFD35-01-ADCPTF000,wave_param_source,wave_param_source,,,,1,CP01CNSM,MFD35,ADCPT
CP01CNSM-MFD35-01-ADCPTF000,nfft_samples,nfft_samples,,,,counts,CP01CNSM,MFD35,ADCPT
CP01CNSM-MFD35-01-ADCPTF000,num_directional_slices,num_directional_slices,,,,counts,CP01CNSM,MFD35,ADCPT
CP01CNSM-MFD35-01-ADCPTF000,num_freq_bins,num_freq_bins,,,,counts,CP01CNSM,MFD35,ADCPT
CP01CNSM-MFD35-01-ADCPTF000,window_type,window_type,,,,1,CP01CNSM,MFD35,ADCPT
CP01CNSM-MFD35-01-ADCPTF000,use_press_4_depth,use_press_4_depth,,,,1,CP01CNSM,MFD35,ADCPT
CP01CNSM-MFD35-01-ADCPTF000,use_strack_4_depth,use_strack_4_depth,,,,1,CP01CNSM,MFD35,ADCPT
CP01CNSM-MFD35-01-ADCPTF000,strack_spec,strack_spec,,,,1,CP01CNSM,MFD35,ADCPT
CP01CNSM-MFD35-01-ADCPTF000,press_spec,press_spec,,,,1,CP01CNSM,MFD35,ADCPT
CP01CNSM-MFD35-01-ADCPTF000,vel_min,vel_min,,,,mm/s,CP01CNSM,MFD35,ADCPT
CP01CNSM-MFD35-01-ADCPTF000,vel_max,vel_max,,,,mm/s,CP01CNSM,MFD35,ADCPT
CP01CNSM-MFD35-01-ADCPTF000,vel_std,vel_std,,,,mm/s,CP01CNSM,MFD35,ADCPT
CP01CNSM-MFD35-01-ADCPTF000,vel_max_change,vel_max_change,,,,mm/s,CP01CNSM,MFD35,ADCPT
CP01CNSM-MFD35-01-ADCPTF000,vel_pct_gd,vel_pct_gd,,,,%,CP01CNSM,MFD35,ADCPT
CP01CNSM-MFD35-01-ADCPTF000,surf_min,surf_min,,,,mm,CP01CNSM,MFD35,ADCPT
CP01CNSM-MFD35-01-ADCPTF000,surf_max,surf_max,,,,mm,CP01CNSM,MFD35,ADCPT
CP01CNSM-MFD35-01-ADCPTF000,surf_std,surf_std,,,,mm,CP01CNSM,MFD35,ADCPT
CP01CNSM-MFD35-01-ADCPTF000,surf_max_chng,surf_max_chng,,,,mm,CP01CNSM,MFD35,ADCPT
CP01CNSM-MFD35-01-ADCPTF000,surf_pct_gd,surf_pct_gd,,,,%,CP01CNSM,MFD35,ADCPT
CP01CNSM-MFD35-01-ADCPTF000,tbe_max_dev,tbe_max_dev,,,,1/110ths s,CP01CNSM,MFD35,ADCPT
CP01CNSM-MFD35-01-ADCPTF000,h_max_dev,h_max_dev,,,,deg,CP01CNSM,MFD35,ADCPT
CP01CNSM-MFD35-01-ADCPTF000,pr_max_dev,pr_max_dev,,,,deg,CP01CNSM,MFD35,ADCPT
CP01CNSM-MFD35-01-ADCPTF000,nom_depth,nom_depth,,,,cm,CP01CNSM,MFD35,ADCPT
CP01CNSM-MFD35-01-ADCPTF000,cal_press,cal_press,,,,1,CP01CNSM,MFD35,ADCPT
CP01CNSM-MFD35-01-ADCPTF000,depth_offset,depth_offset,,,,mm,CP01CNSM,MFD35,ADCPT
CP01CNSM-MFD35-01-ADCPTF000,currents,currents,,,,1,CP01CNSM,MFD35,ADCPT
CP01CNSM-MFD35-01-ADCPTF000,small_wave_freq,small_wave_freq,,,,1/100 Hz,CP01CNSM,MFD35,ADCPT
CP01CNSM-MFD35-01-ADCPTF000,small_wave_thresh,small_wave_thresh,,,,mm,CP01CNSM,MFD35,ADCPT
CP01CNSM-MFD35-01-ADCPTF000,tilts,tilts,,,,1,CP01CNSM,MFD35,ADCPT
CP01CNSM-MFD35-01-ADCPTF000,fixed_pitch,fixed_pitch,,,,deg,CP01CNSM,MFD35,ADCPT
CP01CNSM-MFD35-01-ADCPTF000,fixed_roll,fixed_roll,,,,deg,CP01CNSM,MFD35,ADCPT
CP01CNSM-MFD35-01-ADCPTF000,bottom_slope_x,bottom_slope_x,,,,m,CP01CNSM,MFD35,ADCPT
CP01CNSM-MFD35-01-ADCPTF000,bottom_slope_y,bottom_slope_y,,,,m,CP01CNSM,MFD35,ADCPT
CP01CNSM-MFD35-01-ADCPTF000,down,down,,,,1,CP01CNSM,MFD35,ADCPT
CP01CNSM-MFD35-01-ADCPTF000,trans_v2_surf,trans_v2_surf,,,,1,CP01CNSM,MFD35,ADCPT
CP01CNSM-MFD35-01-ADCPTF000,scale_spec,scale_spec,,,,1,CP01CNSM,MFD35,ADCPT
CP01CNSM-MFD35-01-ADCPTF000,sample_rate,sample_rate,,,,s,CP01CNSM,MFD35,ADCPT
CP01CNSM-MFD35-01-ADCPTF000,freq_thresh,freq_thresh,,,,Hz,CP01CNSM,MFD35,ADCPT
CP01CNSM-MFD35-01-ADCPTF000,dummy_surf,dummy_surf,,,,1,CP01CNSM,MFD35,ADCPT
CP01CNSM-MFD35-01-ADCPTF000,remove_bias,remove_bias,,,,1,CP01CNSM,MFD35,ADCPT
CP01CNSM-MFD35-01-ADCPTF000,dir_cutoff,dir_cutoff,,,,Hz,CP01CNSM,MFD35,ADCPT
CP01CNSM-MFD35-01-ADCPTF000,heading_variation,heading_variation,,,,1/100 deg,CP01CNSM,MFD35,ADCPT
CP01CNSM-MFD35-01-ADCPTF000,soft_rev,soft_rev,,,,1,CP01CNSM,MFD35,ADCPT
CP01CNSM-MFD35-01-ADCPTF000,clip_pwr_spec,clip_pwr_spec,,,,1,CP01CNSM,MFD35,ADCPT
CP01CNSM-MFD35-01-ADCPTF000,dir_p2,dir_p2,,,,1,CP01CNSM,MFD35,ADCPT
CP01CNSM-MFD35-01-ADCPTF000,horizontal,horizontal,,,,1,CP01CNSM,MFD35,ADCPT
CP01CNSM-MFD35-01-ADCPTF000,start_time,start_time,,,,1,CP01CNSM,MFD35,ADCPT
CP01CNSM-MFD35-01-ADCPTF000,stop_time,stop_time,,,,1,CP01CNSM,MFD35,ADCPT
CP01CNSM-MFD35-01-ADCPTF000,freq_lo,freq_lo,,,,1/1000th Hz,CP01CNSM,MFD35,ADCPT
CP01CNSM-MFD35-01-ADCPTF000,average_depth,average_depth,,,,mm,CP01CNSM,MFD35,ADCPT
CP01CNSM-MFD35-01-ADCPTF000,altitude,altitude,,,,cm,CP01CNSM,MFD35,ADCPT
CP01CNSM-MFD35-01-ADCPTF000,bin_map,bin_map,,,,1,CP01CNSM,MFD35,ADCPT
CP01CNSM-MFD35-01-ADCPTF000,disc_flag,disc_flag,,,,1,CP01CNSM,MFD35,ADCPT
CP01CNSM-MFD35-01-ADCPTF000,pct_gd_press,pct_gd_press,,,,%,CP01CNSM,MFD35,ADCPT
CP01CNSM-MFD35-01-ADCPTF000,avg_ss,avg_ss,,,,m/s,CP01CNSM,MFD35,ADCPT
CP01CNSM-MFD35-01-ADCPTF000,avg_temp,avg_temp,,,,deg C,CP01CNSM,MFD35,ADCPT
CP01CNSM-MFD35-01-ADCPTF000,pct_gd_surf,pct_gd_surf,,,,%,CP01CNSM,MFD35,ADCPT
CP01CNSM-MFD35-01-ADCPTF000,pct_gd_vel,pct_gd_vel,,,,%,CP01CNSM,MFD35,ADCPT
CP01CNSM-MFD35-01-ADCPTF000,heading_offset,heading_offset,,,,deg,CP01CNSM,MFD35,ADCPT
CP01CNSM-MFD35-01-ADCPTF000,hs_std,hs_std,,,,1,CP01CNSM,MFD35,ADCPT
CP01CNSM-MFD35-01-ADCPTF000,vs_std,vs_std,,,,1,CP01CNSM,MFD35,ADCPT
CP01CNSM-MFD35-01-ADCPTF000,ps_std,ps_std,,,,1,CP01CNSM,MFD35,ADCPT
CP01CNSM-MFD35-01-ADCPTF000,ds_freq_hi,ds_freq_hi,,,,1/100 Hz,CP01CNSM,MFD35,ADCPT
CP01CNSM-MFD35-01-ADCPTF000,vs_freq_hi,vs_freq_hi,,,,1/100 Hz,CP01CNSM,MFD35,ADCPT
CP01CNSM-MFD35-01-ADCPTF000,ps_freq_hi,ps_freq_hi,,,,1/100 Hz,CP01CNSM,MFD35,ADCPT
CP01CNSM-MFD35-01-ADCPTF000,ss_freq_hi,ss_freq_hi,,,,1/100 Hz,CP01CNSM,MFD35,ADCPT
CP01CNSM-MFD35-01-ADCPTF000,x_vel,x_vel,,,,mm/s,CP01CNSM,MFD35,ADCPT
CP01CNSM-MFD35-01-ADCPTF000,y_vel,y_vel,,,,mm/s,CP01CNSM,MFD35,ADCPT
CP01CNSM-MFD35-01-ADCPTF000,avg_pitch,avg_pitch,,,,1/100th deg,CP01CNSM,MFD35,ADCPT
CP01CNSM-MFD35-01-ADCPTF000,avg_roll,avg_roll,,,,1/100th deg,CP01CNSM,MFD35,ADCPT
CP01CNSM-MFD35-01-ADCPTF000,avg_heading,avg_heading,,,,1/100th deg,CP01CNSM,MFD35,ADCPT
CP01CNSM-MFD35-01-ADCPTF000,samples_collected,samples_collected,,,,counts,CP01CNSM,MFD35,ADCPT
CP01CNSM-MFD35-01-ADCPTF000,vspec_pct_measured,vspec_pct_measured,,,,%,CP01CNSM,MFD35,ADCPT
CP01CNSM-MFD35-01-ADCPTF000,vspec_num_freq,vspec_num_freq,,,,counts,CP01CNSM,MFD35,ADCPT
CP01CNSM-MFD35-01-ADCPTF000,vspec_dat,vspec_dat,,,,mm/sqrt(Hz),CP01CNSM,MFD35,ADCPT
CP01CNSM-MFD35-01-ADCPTF000,sspec_num_freq,sspec_num_freq,,,,counts,CP01CNSM,MFD35,ADCPT
CP01CNSM-MFD35-01-ADCPTF000,sspec_dat,sspec_dat,,,,mm/sqrt(Hz),CP01CNSM,MFD35,ADCPT
CP01CNSM-MFD35-01-ADCPTF000,pspec_num_freq,pspec_num_freq,,,,counts,CP01CNSM,MFD35,ADCPT
CP01CNSM-MFD35-01-ADCPTF000,pspec_dat,pspec_dat,,,,mm/sqrt(Hz),CP01CNSM,MFD35,ADCPT
CP01CNSM-MFD35-01-ADCPTF000,dspec_num_freq,dspec_num_freq,,,,counts,CP01CNSM,MFD35,ADCPT
CP01CNSM-MFD35-01-ADCPTF000,dspec_num_dir,dspec_num_dir,,,,counts,CP01CNSM,MFD35,ADCPT
CP01CNSM-MFD35-01-ADCPTF000,dspec_good,dspec_good,,,,counts,CP01CNSM,MFD35,ADCPT
CP01CNSM-MFD35-01-ADCPTF000,dspec_dat,dspec_dat,,,,mm/sqrt(Hz)/deg,CP01CNSM,MFD35,ADCPT
CP01CNSM-MFD35-01-ADCPTF000,wave_hs1,wave_hs1,,,,mm,CP01CNSM,MFD35,ADCPT
CP01CNSM-MFD35-01-ADCPTF000,wave_tp1,wave_tp1,,,,1/10 s,CP01CNSM,MFD35,ADCPT
CP01CNSM-MFD35-01-ADCPTF000,wave_dp1,wave_dp1,,,,deg,CP01CNSM,MFD35,ADCPT
CP01CNSM-MFD35-01-ADCPTF000,wave_hs2,wave_hs2,,,,mm,CP01CNSM,MFD35,ADCPT
CP01CNSM-MFD35-01-ADCPTF000,wave_tp2,wave_tp2,,,,1/10 s,CP01CNSM,MFD35,ADCPT
CP01CNSM-MFD35-01-ADCPTF000,wave_dp2,wave_dp2,,,,deg,CP01CNSM,MFD35,ADCPT
CP01CNSM-MFD35-01-ADCPTF000,wave_dm,wave_dm,,,,deg,CP01CNSM,MFD35,ADCPT
CP01CNSM-MFD35-01-ADCPTF000,hpr_num_samples,hpr_num_samples,,,,counts,CP01CNSM,MFD35,ADCPT
CP01CNSM-MFD35-01-ADCPTF000,beam_angle,beam_angle,,,,deg,CP01CNSM,MFD35,ADCPT
CP01CNSM-MFD35-01-ADCPTF000,heading_time_series,heading_time_series,,,,1/100th deg,CP01CNSM,MFD35,ADCPT
CP01CNSM-MFD35-01-ADCPTF000,pitch_time_series,pitch_time_series,,,,1/100th deg,CP01CNSM,MFD35,ADCPT
CP01CNSM-MFD35-01-ADCPTF000,roll_time_series,roll_time_series,,,,1/100th deg,CP01CNSM,MFD35,ADCPT
CP01CNSM-MFD35-01-ADCPTF000,adcps_jln_recovered_eastward_seawater_velocity,adcps_jln_recovered_eastward_seawater_velocity,-3,3,L1,m s-1,CP01CNSM,MFD35,ADCPT
CP01CNSM-MFD35-01-ADCPTF000,adcps_jln_recovered_northward_seawater_velocity,adcps_jln_recovered_northward_seawater_velocity,-3,3,L1,m s-1,CP01CNSM,MFD35,ADCPT
CP01CNSM-MFD35-01-ADCPTF000,heading,heading,,,AUX,degrees,CP01CNSM,MFD35,ADCPT
CP01CNSM-MFD35-01-ADCPTF000,pitch,pitch,,,AUX,degrees,CP01CNSM,MFD35,ADCPT
CP01CNSM-MFD35-01-ADCPTF000,roll,roll,,,AUX,degrees,CP01CNSM,MFD35,ADCPT
CP01CNSM-MFD35-01-ADCPTF000,temperature,temperature,-2,40,L1,deg_C,CP01CNSM,MFD35,ADCPT
CP01CNSM-MFD35-01-ADCPTF000,firmware_version,firmware_version,,,,1,CP01CNSM,MFD35,ADCPT
CP01CNSM-MFD35-01-ADCPTF000,firmware_revision,firmware_revision,,,,1,CP01CNSM,MFD35,ADCPT
CP01CNSM-MFD35-01-ADCPTF000,sysconfig_frequency,sysconfig_frequency,,,,kHz,CP01CNSM,MFD35,ADCPT
CP01CNSM-MFD35-01-ADCPTF000,sysconfig_beam_pattern,sysconfig_beam_pattern,,,,1,CP01CNSM,MFD35,ADCPT
CP01CNSM-MFD35-01-ADCPTF000,sysconfig_sensor_config,sysconfig_sensor_config,,,,1,CP01CNSM,MFD35,ADCPT
CP01CNSM-MFD35-01-ADCPTF000,sysconfig_head_attached,sysconfig_head_attached,,,,1,CP01CNSM,MFD35,ADCPT
CP01CNSM-MFD35-01-ADCPTF000,sysconfig_vertical_orientation,sysconfig_vertical_orientation,,,,1,CP01CNSM,MFD35,ADCPT
CP01CNSM-MFD35-01-ADCPTF000,data_flag,data_flag,,,,1,CP01CNSM,MFD35,ADCPT
CP01CNSM-MFD35-01-ADCPTF000,lag_length,lag_length,,,,s,CP01CNSM,MFD35,ADCPT
CP01CNSM-MFD35-01-ADCPTF000,num_beams,num_beams,,,,1,CP01CNSM,MFD35,ADCPT
CP01CNSM-MFD35-01-ADCPTF000,num_cells,num_cells,,,,1,CP01CNSM,MFD35,ADCPT
CP01CNSM-MFD35-01-ADCPTF000,pings_per_ensemble,pings_per_ensemble,,,,1,CP01CNSM,MFD35,ADCPT
CP01CNSM-MFD35-01-ADCPTF000,cell_length,cell_length,,,,cm,CP01CNSM,MFD35,ADCPT
CP01CNSM-MFD35-01-ADCPTF000,blank_after_transmit,blank_after_transmit,,,,cm,CP01CNSM,MFD35,ADCPT
CP01CNSM-MFD35-01-ADCPTF000,signal_processing_mode,signal_processing_mode,,,,1,CP01CNSM,MFD35,ADCPT
CP01CNSM-MFD35-01-ADCPTF000,low_corr_threshold,low_corr_threshold,,,,counts,CP01CNSM,MFD35,ADCPT
CP01CNSM-MFD35-01-ADCPTF000,num_code_repetitions,num_code_repetitions,,,,counts,CP01CNSM,MFD35,ADCPT
CP01CNSM-MFD35-01-ADCPTF000,percent_good_min,percent_good_min,,,,percent,CP01CNSM,MFD35,ADCPT
CP01CNSM-MFD35-01-ADCPTF000,error_vel_threshold,error_vel_threshold,,,,mm s-1,CP01CNSM,MFD35,ADCPT
CP01CNSM-MFD35-01-ADCPTF000,time_per_ping_minutes,time_per_ping_minutes,,,,min,CP01CNSM,MFD35,ADCPT
CP01CNSM-MFD35-01-ADCPTF000,time_per_ping_seconds,time_per_ping_seconds,,,,s,CP01CNSM,MFD35,ADCPT
CP01CNSM-MFD35-01-ADCPTF000,coord_transform_type,coord_transform_type,,,,1,CP01CNSM,MFD35,ADCPT
CP01CNSM-MFD35-01-ADCPTF000,coord_transform_tilts,coord_transform_tilts,,,,1,CP01CNSM,MFD35,ADCPT
CP01CNSM-MFD35-01-ADCPTF000,coord_transform_beams,coord_transform_beams,,,,1,CP01CNSM,MFD35,ADCPT
CP01CNSM-MFD35-01-ADCPTF000,coord_transform_mapping,coord_transform_mapping,,,,1,CP01CNSM,MFD35,ADCPT
CP01CNSM-MFD35-01-ADCPTF000,heading_alignment,heading_alignment,,,,cdegrees,CP01CNSM,MFD35,ADCPT
CP01CNSM-MFD35-01-ADCPTF000,heading_bias,heading_bias,,,,cdegrees,CP01CNSM,MFD35,ADCPT
CP01CNSM-MFD35-01-ADCPTF000,sensor_source_speed,sensor_source_speed,,,,1,CP01CNSM,MFD35,ADCPT
CP01CNSM-MFD35-01-ADCPTF000,sensor_source_depth,sensor_source_depth,,,,1,CP01CNSM,MFD35,ADCPT
CP01CNSM-MFD35-01-ADCPTF000,sensor_source_heading,sensor_source_heading,,,,1,CP01CNSM,MFD35,ADCPT
CP01CNSM-MFD35-01-ADCPTF000,sensor_source_pitch,sensor_source_pitch,,,,1,CP01CNSM,MFD35,ADCPT
CP01CNSM-MFD35-01-ADCPTF000,sensor_source_roll,sensor_source_roll,,,,1,CP01CNSM,MFD35,ADCPT
CP01CNSM-MFD35-01-ADCPTF000,sensor_source_conductivity,sensor_source_conductivity,,,,1,CP01CNSM,MFD35,ADCPT
CP01CNSM-MFD35-01-ADCPTF000,sensor_source_temperature,sensor_source_temperature,,,,1,CP01CNSM,MFD35,ADCPT
CP01CNSM-MFD35-01-ADCPTF000,sensor_available_depth,sensor_available_depth,,,,1,CP01CNSM,MFD35,ADCPT
CP01CNSM-MFD35-01-ADCPTF000,sensor_available_heading,sensor_available_heading,,,,1,CP01CNSM,MFD35,ADCPT
CP01CNSM-MFD35-01-ADCPTF000,sensor_available_pitch,sensor_available_pitch,,,,1,CP01CNSM,MFD35,ADCPT
CP01CNSM-MFD35-01-ADCPTF000,sensor_available_roll,sensor_available_roll,,,,1,CP01CNSM,MFD35,ADCPT
CP01CNSM-MFD35-01-ADCPTF000,sensor_available_conductivity,sensor_available_conductivity,,,,1,CP01CNSM,MFD35,ADCPT
CP01CNSM-MFD35-01-ADCPTF000,sensor_available_temperature,sensor_available_temperature,,,,1,CP01CNSM,MFD35,ADCPT
CP01CNSM-MFD35-01-ADCPTF000,bin_1_distance,bin_1_distance,,,,cm,CP01CNSM,MFD35,ADCPT
CP01CNSM-MFD35-01-ADCPTF000,transmit_pulse_length,transmit_pulse_length,,,,cm,CP01CNSM,MFD35,ADCPT
CP01CNSM-MFD35-01-ADCPTF000,reference_layer_start,reference_layer_start,,,,1,CP01CNSM,MFD35,ADCPT
CP01CNSM-MFD35-01-ADCPTF000,reference_layer_stop,reference_layer_stop,,,,1,CP01CNSM,MFD35,ADCPT
CP01CNSM-MFD35-01-ADCPTF000,false_target_threshold,false_target_threshold,,,,counts,CP01CNSM,MFD35,ADCPT
CP01CNSM-MFD35-01-ADCPTF000,low_latency_trigger,low_latency_trigger,,,,1,CP01CNSM,MFD35,ADCPT
CP01CNSM-MFD35-01-ADCPTF000,transmit_lag_distance,transmit_lag_distance,,,,cm,CP01CNSM,MFD35,ADCPT
CP01CNSM-MFD35-01-ADCPTF000,cpu_board_serial_number,cpu_board_serial_number,,,,1,CP01CNSM,MFD35,ADCPT
CP01CNSM-MFD35-01-ADCPTF000,system_bandwidth,system_bandwidth,,,,1,CP01CNSM,MFD35,ADCPT
CP01CNSM-MFD35-01-ADCPTF000,system_power,system_power,,,,1,CP01CNSM,MFD35,ADCPT
CP01CNSM-MFD35-01-ADCPTF000,beam_angle,beam_angle,,,,degrees,CP01CNSM,MFD35,ADCPT
CP01CNSM-MFD35-01-ADCPTF000,ensemble_number,ensemble_number,,,,1,CP01CNSM,MFD35,ADCPT
CP01CNSM-MFD35-01-ADCPTF000,ensemble_number_increment,ensemble_number_increment,,,,1,CP01CNSM,MFD35,ADCPT
CP01CNSM-MFD35-01-ADCPTF000,bit_result_demod_1,bit_result_demod_1,,,,1,CP01CNSM,MFD35,ADCPT
CP01CNSM-MFD35-01-ADCPTF000,bit_result_demod_0,bit_result_demod_0,,,,1,CP01CNSM,MFD35,ADCPT
CP01CNSM-MFD35-01-ADCPTF000,bit_result_timing,bit_result_timing,,,,1,CP01CNSM,MFD35,ADCPT
CP01CNSM-MFD35-01-ADCPTF000,speed_of_sound,speed_of_sound,,,,m s-1,CP01CNSM,MFD35,ADCPT
CP01CNSM-MFD35-01-ADCPTF000,transducer_depth,transducer_depth,,,,dm,CP01CNSM,MFD35,ADCPT
CP01CNSM-MFD35-01-ADCPTF000,heading,heading,,,,cdegrees,CP01CNSM,MFD35,ADCPT
CP01CNSM-MFD35-01-ADCPTF000,pitch,pitch,,,,cdegrees,CP01CNSM,MFD35,ADCPT
CP01CNSM-MFD35-01-ADCPTF000,roll,roll,,,,cdegrees,CP01CNSM,MFD35,ADCPT
CP01CNSM-MFD35-01-ADCPTF000,salinity,salinity,,,,1,CP01CNSM,MFD35,ADCPT
CP01CNSM-MFD35-01-ADCPTF000,temperature,temperature,,,,cdeg_C,CP01CNSM,MFD35,ADCPT
CP01CNSM-MFD35-01-ADCPTF000,mpt_minutes,mpt_minutes,,,,min,CP01CNSM,MFD35,ADCPT
CP01CNSM-MFD35-01-ADCPTF000,mpt_seconds,mpt_seconds,,,,s,CP01CNSM,MFD35,ADCPT
CP01CNSM-MFD35-01-ADCPTF000,heading_stdev,heading_stdev,,,,degrees,CP01CNSM,MFD35,ADCPT
CP01CNSM-MFD35-01-ADCPTF000,pitch_stdev,pitch_stdev,,,,ddegrees,CP01CNSM,MFD35,ADCPT
CP01CNSM-MFD35-01-ADCPTF000,roll_stdev,roll_stdev,,,,ddegrees,CP01CNSM,MFD35,ADCPT
CP01CNSM-MFD35-01-ADCPTF000,adc_transmit_current,adc_transmit_current,,,,counts,CP01CNSM,MFD35,ADCPT
CP01CNSM-MFD35-01-ADCPTF000,adc_transmit_voltage,adc_transmit_voltage,,,,counts,CP01CNSM,MFD35,ADCPT
CP01CNSM-MFD35-01-ADCPTF000,adc_ambient_temp,adc_ambient_temp,,,,counts,CP01CNSM,MFD35,ADCPT
CP01CNSM-MFD35-01-ADCPTF000,adc_pressure_plus,adc_pressure_plus,,,,counts,CP01CNSM,MFD35,ADCPT
CP01CNSM-MFD35-01-ADCPTF000,adc_pressure_minus,adc_pressure_minus,,,,counts,CP01CNSM,MFD35,ADCPT
CP01CNSM-MFD35-01-ADCPTF000,adc_attitude_temp,adc_attitude_temp,,,,counts,CP01CNSM,MFD35,ADCPT
CP01CNSM-MFD35-01-ADCPTF000,adc_attitude,adc_attitude,,,,counts,CP01CNSM,MFD35,ADCPT
CP01CNSM-MFD35-01-ADCPTF000,adc_contamination_sensor,adc_contamination_sensor,,,,counts,CP01CNSM,MFD35,ADCPT
CP01CNSM-MFD35-01-ADCPTF000,bus_error_exception,bus_error_exception,,,,1,CP01CNSM,MFD35,ADCPT
CP01CNSM-MFD35-01-ADCPTF000,address_error_exception,address_error_exception,,,,1,CP01CNSM,MFD35,ADCPT
CP01CNSM-MFD35-01-ADCPTF000,illegal_instruction_exception,illegal_instruction_exception,,,,1,CP01CNSM,MFD35,ADCPT
CP01CNSM-MFD35-01-ADCPTF000,zero_divide_instruction,zero_divide_instruction,,,,1,CP01CNSM,MFD35,ADCPT
CP01CNSM-MFD35-01-ADCPTF000,emulator_exception,emulator_exception,,,,1,CP01CNSM,MFD35,ADCPT
CP01CNSM-MFD35-01-ADCPTF000,unassigned_exception,unassigned_exception,,,,1,CP01CNSM,MFD35,ADCPT
CP01CNSM-MFD35-01-ADCPTF000,watchdog_restart_occurred,watchdog_restart_occurred,,,,1,CP01CNSM,MFD35,ADCPT
CP01CNSM-MFD35-01-ADCPTF000,battery_saver_power,battery_saver_power,,,,1,CP01CNSM,MFD35,ADCPT
CP01CNSM-MFD35-01-ADCPTF000,pinging,pinging,,,,1,CP01CNSM,MFD35,ADCPT
CP01CNSM-MFD35-01-ADCPTF000,cold_wakeup_occurred,cold_wakeup_occurred,,,,1,CP01CNSM,MFD35,ADCPT
CP01CNSM-MFD35-01-ADCPTF000,time,time,,,ENG,seconds since 1900-01-01,CP01CNSM,MFD35,ADCPT
CP01CNSM-MFD35-01-ADCPTF000,unknown_wakeup_occurred,unknown_wakeup_occurred,,,,1,CP01CNSM,MFD35,ADCPT
CP01CNSM-MFD35-01-ADCPTF000,clock_read_error,clock_read_error,,,,1,CP01CNSM,MFD35,ADCPT
CP01CNSM-MFD35-01-ADCPTF000,unexpected_alarm,unexpected_alarm,,,,1,CP01CNSM,MFD35,ADCPT
CP01CNSM-MFD35-01-ADCPTF000,clock_jump_forward,clock_jump_forward,,,,1,CP01CNSM,MFD35,ADCPT
CP01CNSM-MFD35-01-ADCPTF000,clock_jump_backward,clock_jump_backward,,,,1,CP01CNSM,MFD35,ADCPT
CP01CNSM-MFD35-01-ADCPTF000,power_fail,power_fail,,,,1,CP01CNSM,MFD35,ADCPT
CP01CNSM-MFD35-01-ADCPTF000,spurious_dsp_interrupt,spurious_dsp_interrupt,,,,1,CP01CNSM,MFD35,ADCPT
CP01CNSM-MFD35-01-ADCPTF000,spurious_uart_interrupt,spurious_uart_interrupt,,,,1,CP01CNSM,MFD35,ADCPT
CP01CNSM-MFD35-01-ADCPTF000,spurious_clock_interrupt,spurious_clock_interrupt,,,,1,CP01CNSM,MFD35,ADCPT
CP01CNSM-MFD35-01-ADCPTF000,level_7_interrupt,level_7_interrupt,,,,1,CP01CNSM,MFD35,ADCPT
CP01CNSM-MFD35-01-ADCPTF000,pressure,pressure,,,,daPa,CP01CNSM,MFD35,ADCPT
CP01CNSM-MFD35-01-ADCPTF000,pressure_variance,pressure_variance,,,,daPa,CP01CNSM,MFD35,ADCPT
CP01CNSM-MFD35-01-ADCPTF000,water_velocity_east,water_velocity_east,,,L0,mm s-1,CP01CNSM,MFD35,ADCPT
CP01CNSM-MFD35-01-ADCPTF000,water_velocity_north,water_velocity_north,,,L0,mm s-1,CP01CNSM,MFD35,ADCPT
CP01CNSM-MFD35-01-ADCPTF000,water_velocity_up,water_velocity_up,,,L0,mm s-1,CP01CNSM,MFD35,ADCPT
CP01CNSM-MFD35-01-ADCPTF000,error_velocity,error_velocity,,,L0,mm s-1,CP01CNSM,MFD35,ADCPT
CP01CNSM-MFD35-01-ADCPTF000,correlation_magnitude_beam1,correlation_magnitude_beam1,,,,1,CP01CNSM,MFD35,ADCPT
CP01CNSM-MFD35-01-ADCPTF000,correlation_magnitude_beam2,correlation_magnitude_beam2,,,,1,CP01CNSM,MFD35,ADCPT
CP01CNSM-MFD35-01-ADCPTF000,correlation_magnitude_beam3,correlation_magnitude_beam3,,,,1,CP01CNSM,MFD35,ADCPT
CP01CNSM-MFD35-01-ADCPTF000,correlation_magnitude_beam4,correlation_magnitude_beam4,,,,1,CP01CNSM,MFD35,ADCPT
CP01CNSM-MFD35-01-ADCPTF000,echo_intensity_beam1,echo_intensity_beam1,,,L0,counts,CP01CNSM,MFD35,ADCPT
CP01CNSM-MFD35-01-ADCPTF000,echo_intensity_beam2,echo_intensity_beam2,,,L0,counts,CP01CNSM,MFD35,ADCPT
CP01CNSM-MFD35-01-ADCPTF000,echo_intensity_beam3,echo_intensity_beam3,,,L0,counts,CP01CNSM,MFD35,ADCPT
CP01CNSM-MFD35-01-ADCPTF000,echo_intensity_beam4,echo_intensity_beam4,,,L0,counts,CP01CNSM,MFD35,ADCPT
CP01CNSM-MFD35-01-ADCPTF000,percent_good_3beam,percent_good_3beam,,,,percent,CP01CNSM,MFD35,ADCPT
CP01CNSM-MFD35-01-ADCPTF000,percent_transforms_reject,percent_transforms_reject,,,,percent,CP01CNSM,MFD35,ADCPT
CP01CNSM-MFD35-01-ADCPTF000,percent_bad_beams,percent_bad_beams,,,,percent,CP01CNSM,MFD35,ADCPT
CP01CNSM-MFD35-01-ADCPTF000,percent_good_4beam,percent_good_4beam,,,,percent,CP01CNSM,MFD35,ADCPT
CP01CNSM-MFD35-01-ADCPTF000,burst_number,burst_number,,,,1,CP01CNSM,MFD35,ADCPT
CP01CNSM-MFD35-01-ADCPTF000,ensemble_start_time,ensemble_start_time,,,,seconds since 1900-01-01,CP01CNSM,MFD35,ADCPT
CP01CNSM-MFD35-01-ADCPTF000,ingestion_timestamp,ingestion_timestamp,,,ENG,seconds since 1900-01-01,CP01CNSM,MFD35,ADCPT
CP01CNSM-MFD35-01-ADCPTF000,real_time_clock,real_time_clock,,,,1,CP01CNSM,MFD35,ADCPT
CP01CNSM-MFD35-01-ADCPTF000,upward_earth_seawater_velocity,upward_earth_seawater_velocity,-1,1,L1,m s-1,CP01CNSM,MFD35,ADCPT
CP01CNSM-MFD35-01-ADCPTF000,earth_error_velocity,earth_error_velocity,-1,1,L1,m s-1,CP01CNSM,MFD35,ADCPT
CP01CNSM-MFD35-02-PRESFB000,driver_timestamp,driver_timestamp,,,ENG,seconds since 1900-01-01,CP01CNSM,MFD35,PRESF
CP01CNSM-MFD35-02-PRESFB000,internal_timestamp,internal_timestamp,,,ENG,seconds since 1900-01-01,CP01CNSM,MFD35,PRESF
CP01CNSM-MFD35-02-PRESFB000,preferred_timestamp,preferred_timestamp,,,ENG,1,CP01CNSM,MFD35,PRESF
CP01CNSM-MFD35-02-PRESFB000,dcl_controller_timestamp,dcl_controller_timestamp,,,ENG,1,CP01CNSM,MFD35,PRESF
CP01CNSM-MFD35-02-PRESFB000,pressure_temp,pressure_temp,,,AUX,deg_C,CP01CNSM,MFD35,PRESF
CP01CNSM-MFD35-02-PRESFB000,abs_seafloor_pressure,abs_seafloor_pressure,0,6000,L1,dbar,CP01CNSM,MFD35,PRESF
CP01CNSM-MFD35-02-PRESFB000,time,time,,,ENG,seconds since 1900-01-01,CP01CNSM,MFD35,PRESF
CP01CNSM-MFD35-02-PRESFB000,seawater_temperature,seawater_temperature,,,AUX,deg_C,CP01CNSM,MFD35,PRESF
CP01CNSM-MFD35-02-PRESFB000,ingestion_timestamp,ingestion_timestamp,,,ENG,seconds since 1900-01-01,CP01CNSM,MFD35,PRESF
CP01CNSM-MFD35-02-PRESFB000,date_time_string,date_time_string,,,,1,CP01CNSM,MFD35,PRESF
CP01CNSM-MFD35-02-PRESFB000,absolute_pressure,absolute_pressure,,,L0,psi,CP01CNSM,MFD35,PRESF
CP01CNSM-MFD35-04-VELPTA000,driver_timestamp,driver_timestamp,,,ENG,seconds since 1900-01-01,CP01CNSM,MFD35,VELPT
CP01CNSM-MFD35-04-VELPTA000,firmware_version,firmware_version,,,,1,CP01CNSM,MFD35,VELPT
CP01CNSM-MFD35-04-VELPTA000,eastward_velocity,eastward_velocity,-3,3,L1,m s-1,CP01CNSM,MFD35,VELPT
CP01CNSM-MFD35-04-VELPTA000,northward_velocity,northward_velocity,-3,3,L1,m s-1,CP01CNSM,MFD35,VELPT
CP01CNSM-MFD35-04-VELPTA000,upward_velocity,upward_velocity,-1,1,L1,m s-1,CP01CNSM,MFD35,VELPT
CP01CNSM-MFD35-04-VELPTA000,internal_timestamp,internal_timestamp,,,ENG,seconds since 1900-01-01,CP01CNSM,MFD35,VELPT
CP01CNSM-MFD35-04-VELPTA000,preferred_timestamp,preferred_timestamp,,,ENG,1,CP01CNSM,MFD35,VELPT
CP01CNSM-MFD35-04-VELPTA000,velpt_ab_eastward_velocity,velpt_ab_eastward_velocity,-3,3,L1,m s-1,CP01CNSM,MFD35,VELPT
CP01CNSM-MFD35-04-VELPTA000,velpt_ab_northward_velocity,velpt_ab_northward_velocity,-3,3,L1,m s-1,CP01CNSM,MFD35,VELPT
CP01CNSM-MFD35-04-VELPTA000,velpt_ab_upward_velocity,velpt_ab_upward_velocity,-1,1,L1,m s-1,CP01CNSM,MFD35,VELPT
CP01CNSM-MFD35-04-VELPTA000,number_of_beam_sequences,number_of_beam_sequences,,,,counts,CP01CNSM,MFD35,VELPT
CP01CNSM-MFD35-04-VELPTA000,number_of_beams_in_diagnostics_mode,number_of_beams_in_diagnostics_mode,,,,counts,CP01CNSM,MFD35,VELPT
CP01CNSM-MFD35-04-VELPTA000,reserved_bit_easyq,reserved_bit_easyq,,,,1,CP01CNSM,MFD35,VELPT
CP01CNSM-MFD35-04-VELPTA000,battery_voltage_dv,battery_voltage_dv,,,AUX,dV,CP01CNSM,MFD35,VELPT
CP01CNSM-MFD35-04-VELPTA000,sound_speed_dms,sound_speed_dms,,,AUX,dm s-1,CP01CNSM,MFD35,VELPT
CP01CNSM-MFD35-04-VELPTA000,heading_decidegree,heading_decidegree,,,AUX,deci-degrees,CP01CNSM,MFD35,VELPT
CP01CNSM-MFD35-04-VELPTA000,roll_decidegree,roll_decidegree,,,AUX,deci-degrees,CP01CNSM,MFD35,VELPT
CP01CNSM-MFD35-04-VELPTA000,pitch_decidegree,pitch_decidegree,,,AUX,deci-degrees,CP01CNSM,MFD35,VELPT
CP01CNSM-MFD35-04-VELPTA000,temperature_centidegree,temperature_centidegree,,,AUX,cdeg_C,CP01CNSM,MFD35,VELPT
CP01CNSM-MFD35-04-VELPTA000,pressure_mbar,pressure_mbar,,,AUX,0.001 dbar,CP01CNSM,MFD35,VELPT
CP01CNSM-MFD35-04-VELPTA000,error_code,error_code,,,,1,CP01CNSM,MFD35,VELPT
CP01CNSM-MFD35-04-VELPTA000,analog1,analog1,,,,1,CP01CNSM,MFD35,VELPT
CP01CNSM-MFD35-04-VELPTA000,status,status,,,,1,CP01CNSM,MFD35,VELPT
CP01CNSM-MFD35-04-VELPTA000,velocity_beam1,velocity_beam1,,,L0,mm s-1,CP01CNSM,MFD35,VELPT
CP01CNSM-MFD35-04-VELPTA000,velocity_beam2,velocity_beam2,,,L0,mm s-1,CP01CNSM,MFD35,VELPT
CP01CNSM-MFD35-04-VELPTA000,velocity_beam3,velocity_beam3,,,L0,mm s-1,CP01CNSM,MFD35,VELPT
CP01CNSM-MFD35-04-VELPTA000,amplitude_beam1,amplitude_beam1,,,AUX,counts,CP01CNSM,MFD35,VELPT
CP01CNSM-MFD35-04-VELPTA000,amplitude_beam2,amplitude_beam2,,,AUX,counts,CP01CNSM,MFD35,VELPT
CP01CNSM-MFD35-04-VELPTA000,amplitude_beam3,amplitude_beam3,,,AUX,counts,CP01CNSM,MFD35,VELPT
CP01CNSM-MFD35-04-VELPTA000,records_to_follow,records_to_follow,,,,1,CP01CNSM,MFD35,VELPT
CP01CNSM-MFD35-04-VELPTA000,cell_number_diagnostics,cell_number_diagnostics,,,,1,CP01CNSM,MFD35,VELPT
CP01CNSM-MFD35-04-VELPTA000,noise_amplitude_beam1,noise_amplitude_beam1,,,,counts,CP01CNSM,MFD35,VELPT
CP01CNSM-MFD35-04-VELPTA000,noise_amplitude_beam2,noise_amplitude_beam2,,,,counts,CP01CNSM,MFD35,VELPT
CP01CNSM-MFD35-04-VELPTA000,noise_amplitude_beam3,noise_amplitude_beam3,,,,counts,CP01CNSM,MFD35,VELPT
CP01CNSM-MFD35-04-VELPTA000,noise_amplitude_beam4,noise_amplitude_beam4,,,,counts,CP01CNSM,MFD35,VELPT
CP01CNSM-MFD35-04-VELPTA000,processing_magnitude_beam1,processing_magnitude_beam1,,,,1,CP01CNSM,MFD35,VELPT
CP01CNSM-MFD35-04-VELPTA000,processing_magnitude_beam2,processing_magnitude_beam2,,,,1,CP01CNSM,MFD35,VELPT
CP01CNSM-MFD35-04-VELPTA000,processing_magnitude_beam3,processing_magnitude_beam3,,,,1,CP01CNSM,MFD35,VELPT
CP01CNSM-MFD35-04-VELPTA000,processing_magnitude_beam4,processing_magnitude_beam4,,,,1,CP01CNSM,MFD35,VELPT
CP01CNSM-MFD35-04-VELPTA000,distance_beam1,distance_beam1,,,,1,CP01CNSM,MFD35,VELPT
CP01CNSM-MFD35-04-VELPTA000,distance_beam2,distance_beam2,,,,1,CP01CNSM,MFD35,VELPT
CP01CNSM-MFD35-04-VELPTA000,distance_beam3,distance_beam3,,,,1,CP01CNSM,MFD35,VELPT
CP01CNSM-MFD35-04-VELPTA000,distance_beam4,distance_beam4,,,,1,CP01CNSM,MFD35,VELPT
CP01CNSM-MFD35-04-VELPTA000,instrmt_type_serial_number,instrmt_type_serial_number,,,,1,CP01CNSM,MFD35,VELPT
CP01CNSM-MFD35-04-VELPTA000,pic_version,pic_version,,,,1,CP01CNSM,MFD35,VELPT
CP01CNSM-MFD35-04-VELPTA000,hardware_revision,hardware_revision,,,,1,CP01CNSM,MFD35,VELPT
CP01CNSM-MFD35-04-VELPTA000,recorder_size,recorder_size,,,,bytes,CP01CNSM,MFD35,VELPT
CP01CNSM-MFD35-04-VELPTA000,velocity_range,velocity_range,,,,1,CP01CNSM,MFD35,VELPT
CP01CNSM-MFD35-04-VELPTA000,pressure_sensor,pressure_sensor,,,,1,CP01CNSM,MFD35,VELPT
CP01CNSM-MFD35-04-VELPTA000,magnetometer_sensor,magnetometer_sensor,,,,1,CP01CNSM,MFD35,VELPT
CP01CNSM-MFD35-04-VELPTA000,tilt_sensor,tilt_sensor,,,,1,CP01CNSM,MFD35,VELPT
CP01CNSM-MFD35-04-VELPTA000,tilt_sensor_mounting,tilt_sensor_mounting,,,,1,CP01CNSM,MFD35,VELPT
CP01CNSM-MFD35-04-VELPTA000,head_frequency,head_frequency,,,,kHz,CP01CNSM,MFD35,VELPT
CP01CNSM-MFD35-04-VELPTA000,head_type,head_type,,,,1,CP01CNSM,MFD35,VELPT
CP01CNSM-MFD35-04-VELPTA000,head_serial_number,head_serial_number,,,,1,CP01CNSM,MFD35,VELPT
CP01CNSM-MFD35-04-VELPTA000,number_beams,number_beams,,,,1,CP01CNSM,MFD35,VELPT
CP01CNSM-MFD35-04-VELPTA000,transmit_pulse_length,transmit_pulse_length,,,,counts,CP01CNSM,MFD35,VELPT
CP01CNSM-MFD35-04-VELPTA000,blanking_distance,blanking_distance,,,,counts,CP01CNSM,MFD35,VELPT
CP01CNSM-MFD35-04-VELPTA000,receive_length,receive_length,,,,counts,CP01CNSM,MFD35,VELPT
CP01CNSM-MFD35-04-VELPTA000,time_between_pings,time_between_pings,,,,counts,CP01CNSM,MFD35,VELPT
CP01CNSM-MFD35-04-VELPTA000,time_between_bursts,time_between_bursts,,,,counts,CP01CNSM,MFD35,VELPT
CP01CNSM-MFD35-04-VELPTA000,average_interval,average_interval,,,,s,CP01CNSM,MFD35,VELPT
CP01CNSM-MFD35-04-VELPTA000,compass_update_rate,compass_update_rate,,,,Hz,CP01CNSM,MFD35,VELPT
CP01CNSM-MFD35-04-VELPTA000,coordinate_system,coordinate_system,,,,1,CP01CNSM,MFD35,VELPT
CP01CNSM-MFD35-04-VELPTA000,number_cells,number_cells,,,,1,CP01CNSM,MFD35,VELPT
CP01CNSM-MFD35-04-VELPTA000,measurement_interval,measurement_interval,,,,s,CP01CNSM,MFD35,VELPT
CP01CNSM-MFD35-04-VELPTA000,deployment_name,deployment_name,,,,1,CP01CNSM,MFD35,VELPT
CP01CNSM-MFD35-04-VELPTA000,diagnostics_interval,diagnostics_interval,,,,s,CP01CNSM,MFD35,VELPT
CP01CNSM-MFD35-04-VELPTA000,use_specified_sound_speed,use_specified_sound_speed,,,,1,CP01CNSM,MFD35,VELPT
CP01CNSM-MFD35-04-VELPTA000,diagnostics_mode_enable,diagnostics_mode_enable,,,,1,CP01CNSM,MFD35,VELPT
CP01CNSM-MFD35-04-VELPTA000,analog_output_enable,analog_output_enable,,,,1,CP01CNSM,MFD35,VELPT
CP01CNSM-MFD35-04-VELPTA000,output_format_nortek,output_format_nortek,,,,1,CP01CNSM,MFD35,VELPT
CP01CNSM-MFD35-04-VELPTA000,scaling,scaling,,,,1,CP01CNSM,MFD35,VELPT
CP01CNSM-MFD35-04-VELPTA000,serial_output_enable,serial_output_enable,,,,1,CP01CNSM,MFD35,VELPT
CP01CNSM-MFD35-04-VELPTA000,stage_enable,stage_enable,,,,1,CP01CNSM,MFD35,VELPT
CP01CNSM-MFD35-04-VELPTA000,analog_power_output,analog_power_output,,,,1,CP01CNSM,MFD35,VELPT
CP01CNSM-MFD35-04-VELPTA000,sound_speed_adjust_factor,sound_speed_adjust_factor,,,,m s-1,CP01CNSM,MFD35,VELPT
CP01CNSM-MFD35-04-VELPTA000,number_diagnostics_samples,number_diagnostics_samples,,,,1,CP01CNSM,MFD35,VELPT
CP01CNSM-MFD35-04-VELPTA000,number_pings_diagnostic,number_pings_diagnostic,,,,1,CP01CNSM,MFD35,VELPT
CP01CNSM-MFD35-04-VELPTA000,software_version,software_version,,,,1,CP01CNSM,MFD35,VELPT
CP01CNSM-MFD35-04-VELPTA000,correlation_threshold,correlation_threshold,,,,1,CP01CNSM,MFD35,VELPT
CP01CNSM-MFD35-04-VELPTA000,time,time,,,ENG,seconds since 1900-01-01,CP01CNSM,MFD35,VELPT
CP01CNSM-MFD35-04-VELPTA000,ingestion_timestamp,ingestion_timestamp,,,ENG,seconds since 1900-01-01,CP01CNSM,MFD35,VELPT
CP01CNSM-MFD35-04-VELPTA000,date_time_string,date_time_string,,,,1,CP01CNSM,MFD35,VELPT
CP01CNSM-MFD35-05-PCO2WB000,driver_timestamp,driver_timestamp,,,ENG,seconds since 1900-01-01,CP01CNSM,MFD35,PCO2W
CP01CNSM-MFD35-05-PCO2WB000,external_device2_fault,external_device2_fault,,,,1,CP01CNSM,MFD35,PCO2W
CP01CNSM-MFD35-05-PCO2WB000,external_device3_fault,external_device3_fault,,,,1,CP01CNSM,MFD35,PCO2W
CP01CNSM-MFD35-05-PCO2WB000,num_data_records,num_data_records,,,,1,CP01CNSM,MFD35,PCO2W
CP01CNSM-MFD35-05-PCO2WB000,num_error_records,num_error_records,,,,1,CP01CNSM,MFD35,PCO2W
CP01CNSM-MFD35-05-PCO2WB000,num_bytes_stored,num_bytes_stored,,,,bytes,CP01CNSM,MFD35,PCO2W
CP01CNSM-MFD35-05-PCO2WB000,internal_timestamp,internal_timestamp,,,ENG,seconds since 1900-01-01,CP01CNSM,MFD35,PCO2W
CP01CNSM-MFD35-05-PCO2WB000,preferred_timestamp,preferred_timestamp,,,ENG,1,CP01CNSM,MFD35,PCO2W
CP01CNSM-MFD35-05-PCO2WB000,passed_checksum,passed_checksum,,,ENG,1,CP01CNSM,MFD35,PCO2W
CP01CNSM-MFD35-05-PCO2WB000,dcl_controller_timestamp,dcl_controller_timestamp,,,ENG,1,CP01CNSM,MFD35,PCO2W
CP01CNSM-MFD35-05-PCO2WB000,blank_light_measurements,blank_light_measurements,,,,counts,CP01CNSM,MFD35,PCO2W
CP01CNSM-MFD35-05-PCO2WB000,battery_low_blank,battery_low_blank,,,,1,CP01CNSM,MFD35,PCO2W
CP01CNSM-MFD35-05-PCO2WB000,unique_id,unique_id,,,,1,CP01CNSM,MFD35,PCO2W
CP01CNSM-MFD35-05-PCO2WB000,record_type,record_type,,,,1,CP01CNSM,MFD35,PCO2W
CP01CNSM-MFD35-05-PCO2WB000,record_time,record_time,,,,seconds since 1904-01-01,CP01CNSM,MFD35,PCO2W
CP01CNSM-MFD35-05-PCO2WB000,light_measurements,light_measurements,,,,counts,CP01CNSM,MFD35,PCO2W
CP01CNSM-MFD35-05-PCO2WB000,voltage_battery,voltage_battery,,,,counts,CP01CNSM,MFD35,PCO2W
CP01CNSM-MFD35-05-PCO2WB000,thermistor_raw,thermistor_raw,,,L0,V,CP01CNSM,MFD35,PCO2W
CP01CNSM-MFD35-05-PCO2WB000,clock_active,clock_active,,,,1,CP01CNSM,MFD35,PCO2W
CP01CNSM-MFD35-05-PCO2WB000,recording_active,recording_active,,,,1,CP01CNSM,MFD35,PCO2W
CP01CNSM-MFD35-05-PCO2WB000,record_end_on_time,record_end_on_time,,,,1,CP01CNSM,MFD35,PCO2W
CP01CNSM-MFD35-05-PCO2WB000,record_memory_full,record_memory_full,,,,1,CP01CNSM,MFD35,PCO2W
CP01CNSM-MFD35-05-PCO2WB000,record_end_on_error,record_end_on_error,,,,1,CP01CNSM,MFD35,PCO2W
CP01CNSM-MFD35-05-PCO2WB000,data_download_ok,data_download_ok,,,,1,CP01CNSM,MFD35,PCO2W
CP01CNSM-MFD35-05-PCO2WB000,flash_memory_open,flash_memory_open,,,,1,CP01CNSM,MFD35,PCO2W
CP01CNSM-MFD35-05-PCO2WB000,battery_low_prestart,battery_low_prestart,,,,1,CP01CNSM,MFD35,PCO2W
CP01CNSM-MFD35-05-PCO2WB000,battery_low_measurement,battery_low_measurement,,,,1,CP01CNSM,MFD35,PCO2W
CP01CNSM-MFD35-05-PCO2WB000,battery_low_external,battery_low_external,,,,1,CP01CNSM,MFD35,PCO2W
CP01CNSM-MFD35-05-PCO2WB000,external_device1_fault,external_device1_fault,,,,1,CP01CNSM,MFD35,PCO2W
CP01CNSM-MFD35-05-PCO2WB000,flash_erased,flash_erased,,,,1,CP01CNSM,MFD35,PCO2W
CP01CNSM-MFD35-05-PCO2WB000,power_on_invalid,power_on_invalid,,,,1,CP01CNSM,MFD35,PCO2W
CP01CNSM-MFD35-05-PCO2WB000,time,time,,,ENG,seconds since 1900-01-01,CP01CNSM,MFD35,PCO2W
CP01CNSM-MFD35-05-PCO2WB000,ingestion_timestamp,ingestion_timestamp,,,ENG,seconds since 1900-01-01,CP01CNSM,MFD35,PCO2W
CP01CNSM-MFD35-05-PCO2WB000,absorbance_ratio_434,absorbance_ratio_434,0,100000,L0,counts,CP01CNSM,MFD35,PCO2W
CP01CNSM-MFD35-05-PCO2WB000,absorbance_ratio_620,absorbance_ratio_620,0,100000,L0,counts,CP01CNSM,MFD35,PCO2W
CP01CNSM-MFD35-05-PCO2WB000,absorbance_blank_434,absorbance_blank_434,,,L0,1,CP01CNSM,MFD35,PCO2W
CP01CNSM-MFD35-05-PCO2WB000,absorbance_blank_620,absorbance_blank_620,,,L0,1,CP01CNSM,MFD35,PCO2W
CP01CNSM-MFD35-05-PCO2WB000,pco2w_thermistor_temperature,pco2w_thermistor_temperature,-2,40,,deg_C,CP01CNSM,MFD35,PCO2W
CP01CNSM-MFD35-05-PCO2WB000,pco2_seawater,pco2_seawater,100,600,L1,uatm,CP01CNSM,MFD35,PCO2W
CP01CNSM-MFD35-06-PHSEND000,driver_timestamp,driver_timestamp,,,ENG,seconds since 1900-01-01,CP01CNSM,MFD35,PHSEN
CP01CNSM-MFD35-06-PHSEND000,external_device2_fault,external_device2_fault,,,,1,CP01CNSM,MFD35,PHSEN
CP01CNSM-MFD35-06-PHSEND000,external_device3_fault,external_device3_fault,,,,1,CP01CNSM,MFD35,PHSEN
CP01CNSM-MFD35-06-PHSEND000,num_data_records,num_data_records,,,,1,CP01CNSM,MFD35,PHSEN
CP01CNSM-MFD35-06-PHSEND000,num_error_records,num_error_records,,,,1,CP01CNSM,MFD35,PHSEN
CP01CNSM-MFD35-06-PHSEND000,num_bytes_stored,num_bytes_stored,,,,bytes,CP01CNSM,MFD35,PHSEN
CP01CNSM-MFD35-06-PHSEND000,internal_timestamp,internal_timestamp,,,ENG,seconds since 1900-01-01,CP01CNSM,MFD35,PHSEN
CP01CNSM-MFD35-06-PHSEND000,preferred_timestamp,preferred_timestamp,,,ENG,1,CP01CNSM,MFD35,PHSEN
CP01CNSM-MFD35-06-PHSEND000,passed_checksum,passed_checksum,,,ENG,1,CP01CNSM,MFD35,PHSEN
CP01CNSM-MFD35-06-PHSEND000,dcl_controller_timestamp,dcl_controller_timestamp,,,ENG,1,CP01CNSM,MFD35,PHSEN
CP01CNSM-MFD35-06-PHSEND000,phsen_abcdef_ph_seawater,phsen_abcdef_ph_seawater,7.3,8.5,L1,(unitless),CP01CNSM,MFD35,PHSEN
CP01CNSM-MFD35-06-PHSEND000,battery_low_blank,battery_low_blank,,,,1,CP01CNSM,MFD35,PHSEN
CP01CNSM-MFD35-06-PHSEND000,unique_id,unique_id,,,,1,CP01CNSM,MFD35,PHSEN
CP01CNSM-MFD35-06-PHSEND000,record_type,record_type,,,,1,CP01CNSM,MFD35,PHSEN
CP01CNSM-MFD35-06-PHSEND000,record_time,record_time,,,,seconds since 1904-01-01,CP01CNSM,MFD35,PHSEN
CP01CNSM-MFD35-06-PHSEND000,light_measurements,light_measurements,,,,counts,CP01CNSM,MFD35,PHSEN
CP01CNSM-MFD35-06-PHSEND000,voltage_battery,voltage_battery,,,,counts,CP01CNSM,MFD35,PHSEN
CP01CNSM-MFD35-06-PHSEND000,clock_active,clock_active,,,,1,CP01CNSM,MFD35,PHSEN
CP01CNSM-MFD35-06-PHSEND000,recording_active,recording_active,,,,1,CP01CNSM,MFD35,PHSEN
CP01CNSM-MFD35-06-PHSEND000,record_end_on_time,record_end_on_time,,,,1,CP01CNSM,MFD35,PHSEN
CP01CNSM-MFD35-06-PHSEND000,record_memory_full,record_memory_full,,,,1,CP01CNSM,MFD35,PHSEN
CP01CNSM-MFD35-06-PHSEND000,phsen_abcdef_signal_intensity_434,phsen_abcdef_signal_intensity_434,,,L0,counts,CP01CNSM,MFD35,PHSEN
CP01CNSM-MFD35-06-PHSEND000,phsen_abcdef_signal_intensity_578,phsen_abcdef_signal_intensity_578,,,L0,counts,CP01CNSM,MFD35,PHSEN
CP01CNSM-MFD35-06-PHSEND000,record_end_on_error,record_end_on_error,,,,1,CP01CNSM,MFD35,PHSEN
CP01CNSM-MFD35-06-PHSEND000,data_download_ok,data_download_ok,,,,1,CP01CNSM,MFD35,PHSEN
CP01CNSM-MFD35-06-PHSEND000,flash_memory_open,flash_memory_open,,,,1,CP01CNSM,MFD35,PHSEN
CP01CNSM-MFD35-06-PHSEND000,battery_low_prestart,battery_low_prestart,,,,1,CP01CNSM,MFD35,PHSEN
CP01CNSM-MFD35-06-PHSEND000,battery_low_measurement,battery_low_measurement,,,,1,CP01CNSM,MFD35,PHSEN
CP01CNSM-MFD35-06-PHSEND000,battery_low_external,battery_low_external,,,,1,CP01CNSM,MFD35,PHSEN
CP01CNSM-MFD35-06-PHSEND000,external_device1_fault,external_device1_fault,,,,1,CP01CNSM,MFD35,PHSEN
CP01CNSM-MFD35-06-PHSEND000,flash_erased,flash_erased,,,,1,CP01CNSM,MFD35,PHSEN
CP01CNSM-MFD35-06-PHSEND000,power_on_invalid,power_on_invalid,,,,1,CP01CNSM,MFD35,PHSEN
CP01CNSM-MFD35-06-PHSEND000,time,time,,,ENG,seconds since 1900-01-01,CP01CNSM,MFD35,PHSEN
CP01CNSM-MFD35-06-PHSEND000,ingestion_timestamp,ingestion_timestamp,,,ENG,seconds since 1900-01-01,CP01CNSM,MFD35,PHSEN
CP01CNSM-MFD35-06-PHSEND000,thermistor_start,thermistor_start,,,,counts,CP01CNSM,MFD35,PHSEN
CP01CNSM-MFD35-06-PHSEND000,reference_light_measurements,reference_light_measurements,,,,counts,CP01CNSM,MFD35,PHSEN
CP01CNSM-MFD35-06-PHSEND000,thermistor_end,thermistor_end,,,,counts,CP01CNSM,MFD35,PHSEN
CP01CNSM-MFD35-06-PHSEND000,phsen_thermistor_temperature,phsen_thermistor_temperature,,,L0,V,CP01CNSM,MFD35,PHSEN
CP01CNSM-MFD37-01-OPTAAD000,driver_timestamp,driver_timestamp,,,ENG,seconds since 1900-01-01,CP01CNSM,MFD37,OPTAA
CP01CNSM-MFD37-01-OPTAAD000,internal_timestamp,internal_timestamp,,,ENG,seconds since 1900-01-01,CP01CNSM,MFD37,OPTAA
CP01CNSM-MFD37-01-OPTAAD000,preferred_timestamp,preferred_timestamp,,,ENG,1,CP01CNSM,MFD37,OPTAA
CP01CNSM-MFD37-01-OPTAAD000,start_date,start_date,,,,1,CP01CNSM,MFD37,OPTAA
CP01CNSM-MFD37-01-OPTAAD000,serial_number,serial_number,,,ENG,1,CP01CNSM,MFD37,OPTAA
CP01CNSM-MFD37-01-OPTAAD000,optaa_dj_dcl_beam_attenuation,optaa_dj_dcl_beam_attenuation,0,100,L2,m-1,CP01CNSM,MFD37,OPTAA
CP01CNSM-MFD37-01-OPTAAD000,optaa_dj_dcl_optical_absorption,optaa_dj_dcl_optical_absorption,0,100,L2,m-1,CP01CNSM,MFD37,OPTAA
CP01CNSM-MFD37-01-OPTAAD000,packet_type,packet_type,,,,1,CP01CNSM,MFD37,OPTAA
CP01CNSM-MFD37-01-OPTAAD000,meter_type,meter_type,,,,1,CP01CNSM,MFD37,OPTAA
CP01CNSM-MFD37-01-OPTAAD000,a_reference_dark_counts,a_reference_dark_counts,,,,counts,CP01CNSM,MFD37,OPTAA
CP01CNSM-MFD37-01-OPTAAD000,pressure_counts,pressure_counts,,,,counts,CP01CNSM,MFD37,OPTAA
CP01CNSM-MFD37-01-OPTAAD000,a_signal_dark_counts,a_signal_dark_counts,,,,counts,CP01CNSM,MFD37,OPTAA
CP01CNSM-MFD37-01-OPTAAD000,external_temp_raw,external_temp_raw,,,,counts,CP01CNSM,MFD37,OPTAA
CP01CNSM-MFD37-01-OPTAAD000,internal_temp_raw,internal_temp_raw,,,L0,counts,CP01CNSM,MFD37,OPTAA
CP01CNSM-MFD37-01-OPTAAD000,c_reference_dark_counts,c_reference_dark_counts,,,,counts,CP01CNSM,MFD37,OPTAA
CP01CNSM-MFD37-01-OPTAAD000,c_signal_dark_counts,c_signal_dark_counts,,,,counts,CP01CNSM,MFD37,OPTAA
CP01CNSM-MFD37-01-OPTAAD000,elapsed_run_time,elapsed_run_time,,,,ms,CP01CNSM,MFD37,OPTAA
CP01CNSM-MFD37-01-OPTAAD000,num_wavelengths,num_wavelengths,,,,1,CP01CNSM,MFD37,OPTAA
CP01CNSM-MFD37-01-OPTAAD000,c_reference_counts,c_reference_counts,,,L0,counts,CP01CNSM,MFD37,OPTAA
CP01CNSM-MFD37-01-OPTAAD000,a_reference_counts,a_reference_counts,,,L0,counts,CP01CNSM,MFD37,OPTAA
CP01CNSM-MFD37-01-OPTAAD000,c_signal_counts,c_signal_counts,,,L0,counts,CP01CNSM,MFD37,OPTAA
CP01CNSM-MFD37-01-OPTAAD000,a_signal_counts,a_signal_counts,,,L0,counts,CP01CNSM,MFD37,OPTAA
CP01CNSM-MFD37-01-OPTAAD000,time,time,,,ENG,seconds since 1900-01-01,CP01CNSM,MFD37,OPTAA
CP01CNSM-MFD37-01-OPTAAD000,ingestion_timestamp,ingestion_timestamp,,,ENG,seconds since 1900-01-01,CP01CNSM,MFD37,OPTAA
CP01CNSM-MFD37-03-CTDBPD000,conductivity,conductivity,0,6,L1,S m-1,CP01CNSM,MFD37,CTDBP
CP01CNSM-MFD37-03-CTDBPD000,driver_timestamp,driver_timestamp,,,ENG,seconds since 1900-01-01,CP01CNSM,MFD37,CTDBP
CP01CNSM-MFD37-03-CTDBPD000,internal_timestamp,internal_timestamp,,,ENG,seconds since 1900-01-01,CP01CNSM,MFD37,CTDBP
CP01CNSM-MFD37-03-CTDBPD000,preferred_timestamp,preferred_timestamp,,,ENG,1,CP01CNSM,MFD37,CTDBP
CP01CNSM-MFD37-03-CTDBPD000,temperature,temperature,,,L0,counts,CP01CNSM,MFD37,CTDBP
CP01CNSM-MFD37-03-CTDBPD000,conductivity,conductivity,,,L0,counts,CP01CNSM,MFD37,CTDBP
CP01CNSM-MFD37-03-CTDBPD000,pressure,pressure,,,L0,counts,CP01CNSM,MFD37,CTDBP
CP01CNSM-MFD37-03-CTDBPD000,pressure_temp,pressure_temp,,,L0,counts,CP01CNSM,MFD37,CTDBP
CP01CNSM-MFD37-03-CTDBPD000,ctd_time,ctd_time,,,ENG,seconds since 2000-01-01,CP01CNSM,MFD37,CTDBP
CP01CNSM-MFD37-03-CTDBPD000,pressure,pressure,0,6000,L1,dbar,CP01CNSM,MFD37,CTDBP
CP01CNSM-MFD37-03-CTDBPD000,dcl_controller_timestamp,dcl_controller_timestamp,,,ENG,1,CP01CNSM,MFD37,CTDBP
CP01CNSM-MFD37-03-CTDBPD000,ctdbp_seawater_temperature,ctdbp_seawater_temperature,-2,40,L1,deg_C,CP01CNSM,MFD37,CTDBP
CP01CNSM-MFD37-03-CTDBPD000,ctdbp_seawater_pressure,ctdbp_seawater_pressure,0,6000,L1,dbar,CP01CNSM,MFD37,CTDBP
CP01CNSM-MFD37-03-CTDBPD000,ctdbp_seawater_conductivity,ctdbp_seawater_conductivity,0,6,L1,S m-1,CP01CNSM,MFD37,CTDBP
CP01CNSM-MFD37-03-CTDBPD000,ctdbp_practical_salinity,ctdbp_practical_salinity,0,42,L2,1,CP01CNSM,MFD37,CTDBP
CP01CNSM-MFD37-03-CTDBPD000,ctdbp_seawater_density,ctdbp_seawater_density,1000,1100,L2,kg m-3,CP01CNSM,MFD37,CTDBP
CP01CNSM-MFD37-03-CTDBPD000,ctdbp_cdef_dcl_ce_density,ctdbp_cdef_dcl_ce_density,1000,1100,L2,kg m-3,CP01CNSM,MFD37,CTDBP
CP01CNSM-MFD37-03-CTDBPD000,temp,temp,-2,40,L1,deg_C,CP01CNSM,MFD37,CTDBP
CP01CNSM-MFD37-03-CTDBPD000,time,time,,,ENG,seconds since 1900-01-01,CP01CNSM,MFD37,CTDBP
CP01CNSM-MFD37-03-CTDBPD000,ingestion_timestamp,ingestion_timestamp,,,ENG,seconds since 1900-01-01,CP01CNSM,MFD37,CTDBP
CP01CNSM-MFD37-03-CTDBPD000,salinity,salinity,0,42,L2,(unitless),CP01CNSM,MFD37,CTDBP
CP01CNSM-MFD37-03-CTDBPD000,date_time_string,date_time_string,,,,1,CP01CNSM,MFD37,CTDBP
CP01CNSM-MFD37-04-DOSTAD000,product_number,product_number,,,,1,CP01CNSM,MFD37,DOSTA
CP01CNSM-MFD37-04-DOSTAD000,driver_timestamp,driver_timestamp,,,ENG,seconds since 1900-01-01,CP01CNSM,MFD37,DOSTA
CP01CNSM-MFD37-04-DOSTAD000,internal_timestamp,internal_timestamp,,,ENG,seconds since 1900-01-01,CP01CNSM,MFD37,DOSTA
CP01CNSM-MFD37-04-DOSTAD000,preferred_timestamp,preferred_timestamp,,,ENG,1,CP01CNSM,MFD37,DOSTA
CP01CNSM-MFD37-04-DOSTAD000,dcl_controller_timestamp,dcl_controller_timestamp,,,ENG,1,CP01CNSM,MFD37,DOSTA
CP01CNSM-MFD37-04-DOSTAD000,dosta_abcdjm_cspp_tc_oxygen,dosta_abcdjm_cspp_tc_oxygen,0,400,L1,umol L-1,CP01CNSM,MFD37,DOSTA
CP01CNSM-MFD37-04-DOSTAD000,serial_number,serial_number,,,ENG,1,CP01CNSM,MFD37,DOSTA
CP01CNSM-MFD37-04-DOSTAD000,dosta_abcdjm_dcl_abs_oxygen,dosta_abcdjm_dcl_abs_oxygen,0,400,L2,umol kg-1,CP01CNSM,MFD37,DOSTA
CP01CNSM-MFD37-04-DOSTAD000,dosta_abcdjm_dcl_metbk_abs_oxygen,dosta_abcdjm_dcl_metbk_abs_oxygen,0,400,L2,umol kg-1,CP01CNSM,MFD37,DOSTA
CP01CNSM-MFD37-04-DOSTAD000,dosta_abcdjm_dcl_ctdbp_abs_oxygen,dosta_abcdjm_dcl_ctdbp_abs_oxygen,0,400,L2,umol kg-1,CP01CNSM,MFD37,DOSTA
CP01CNSM-MFD37-04-DOSTAD000,time,time,,,ENG,seconds since 1900-01-01,CP01CNSM,MFD37,DOSTA
CP01CNSM-MFD37-04-DOSTAD000,ingestion_timestamp,ingestion_timestamp,,,ENG,seconds since 1900-01-01,CP01CNSM,MFD37,DOSTA
CP01CNSM-MFD37-04-DOSTAD000,estimated_oxygen_concentration,estimated_oxygen_concentration,0,400,L1,umol L-1,CP01CNSM,MFD37,DOSTA
CP01CNSM-MFD37-04-DOSTAD000,estimated_oxygen_saturation,estimated_oxygen_saturation,0,110,L1,percent,CP01CNSM,MFD37,DOSTA
CP01CNSM-MFD37-04-DOSTAD000,optode_temperature,optode_temperature,-2,40,,deg_C,CP01CNSM,MFD37,DOSTA
CP01CNSM-MFD37-04-DOSTAD000,calibrated_phase,calibrated_phase,,,L0,degrees,CP01CNSM,MFD37,DOSTA
CP01CNSM-MFD37-04-DOSTAD000,temp_compensated_phase,temp_compensated_phase,,,,degrees,CP01CNSM,MFD37,DOSTA
CP01CNSM-MFD37-04-DOSTAD000,blue_phase,blue_phase,,,,degrees,CP01CNSM,MFD37,DOSTA
CP01CNSM-MFD37-04-DOSTAD000,red_phase,red_phase,,,,degrees,CP01CNSM,MFD37,DOSTA
CP01CNSM-MFD37-04-DOSTAD000,blue_amplitude,blue_amplitude,,,,mV,CP01CNSM,MFD37,DOSTA
CP01CNSM-MFD37-04-DOSTAD000,red_amplitude,red_amplitude,,,,mV,CP01CNSM,MFD37,DOSTA
CP01CNSM-MFD37-04-DOSTAD000,raw_temperature,raw_temperature,,,,mV,CP01CNSM,MFD37,DOSTA
CP01CNSM-MFD37-07-ZPLSCC000,serial_number,serial_number,,,ENG,1,CP01CNSM,MFD37,ZPLSC
CP01CNSM-MFD37-07-ZPLSCC000,zplsc_c_transmission_timestamp,zplsc_c_transmission_timestamp,,,,1,CP01CNSM,MFD37,ZPLSC
CP01CNSM-MFD37-07-ZPLSCC000,zplsc_c_phase,zplsc_c_phase,,,,1,CP01CNSM,MFD37,ZPLSC
CP01CNSM-MFD37-07-ZPLSCC000,zplsc_c_number_of_frequencies,zplsc_c_number_of_frequencies,,,,1,CP01CNSM,MFD37,ZPLSC
CP01CNSM-MFD37-07-ZPLSCC000,zplsc_c_number_of_bins_frequency_1,zplsc_c_number_of_bins_frequency_1,,,,1,CP01CNSM,MFD37,ZPLSC
CP01CNSM-MFD37-07-ZPLSCC000,zplsc_c_number_of_bins_frequency_2,zplsc_c_number_of_bins_frequency_2,,,,1,CP01CNSM,MFD37,ZPLSC
CP01CNSM-MFD37-07-ZPLSCC000,zplsc_c_number_of_bins_frequency_3,zplsc_c_number_of_bins_frequency_3,,,,1,CP01CNSM,MFD37,ZPLSC
CP01CNSM-MFD37-07-ZPLSCC000,zplsc_c_number_of_bins_frequency_4,zplsc_c_number_of_bins_frequency_4,,,,1,CP01CNSM,MFD37,ZPLSC
CP01CNSM-MFD37-07-ZPLSCC000,zplsc_c_min_value_channel_1,zplsc_c_min_value_channel_1,,,,counts,CP01CNSM,MFD37,ZPLSC
CP01CNSM-MFD37-07-ZPLSCC000,zplsc_c_min_value_channel_2,zplsc_c_min_value_channel_2,,,,counts,CP01CNSM,MFD37,ZPLSC
CP01CNSM-MFD37-07-ZPLSCC000,zplsc_c_min_value_channel_3,zplsc_c_min_value_channel_3,,,,counts,CP01CNSM,MFD37,ZPLSC
CP01CNSM-MFD37-07-ZPLSCC000,zplsc_c_min_value_channel_4,zplsc_c_min_value_channel_4,,,,counts,CP01CNSM,MFD37,ZPLSC
CP01CNSM-MFD37-07-ZPLSCC000,zplsc_c_date_of_burst,zplsc_c_date_of_burst,,,,1,CP01CNSM,MFD37,ZPLSC
CP01CNSM-MFD37-07-ZPLSCC000,zplsc_c_tilt_x,zplsc_c_tilt_x,,,,deg,CP01CNSM,MFD37,ZPLSC
CP01CNSM-MFD37-07-ZPLSCC000,zplsc_c_tilt_y,zplsc_c_tilt_y,,,,deg,CP01CNSM,MFD37,ZPLSC
CP01CNSM-MFD37-07-ZPLSCC000,zplsc_c_battery_voltage,zplsc_c_battery_voltage,,,,volt,CP01CNSM,MFD37,ZPLSC
CP01CNSM-MFD37-07-ZPLSCC000,zplsc_c_temperature,zplsc_c_temperature,,,,degC,CP01CNSM,MFD37,ZPLSC
CP01CNSM-MFD37-07-ZPLSCC000,zplsc_c_pressure,zplsc_c_pressure,,,,dbar,CP01CNSM,MFD37,ZPLSC
CP01CNSM-MFD37-07-ZPLSCC000,zplsc_c_board_number_channel_1,zplsc_c_board_number_channel_1,,,,1,CP01CNSM,MFD37,ZPLSC
CP01CNSM-MFD37-07-ZPLSCC000,zplsc_c_frequency_channel_1,zplsc_c_frequency_channel_1,,,,kHz,CP01CNSM,MFD37,ZPLSC
CP01CNSM-MFD37-07-ZPLSCC000,zplsc_c_values_channel_1,zplsc_c_values_channel_1,,,,counts,CP01CNSM,MFD37,ZPLSC
CP01CNSM-MFD37-07-ZPLSCC000,zplsc_c_board_number_channel_2,zplsc_c_board_number_channel_2,,,,1,CP01CNSM,MFD37,ZPLSC
CP01CNSM-MFD37-07-ZPLSCC000,zplsc_c_frequency_channel_2,zplsc_c_frequency_channel_2,,,,kHz,CP01CNSM,MFD37,ZPLSC
CP01CNSM-MFD37-07-ZPLSCC000,zplsc_c_values_channel_2,zplsc_c_values_channel_2,,,,counts,CP01CNSM,MFD37,ZPLSC
CP01CNSM-MFD37-07-ZPLSCC000,zplsc_c_board_number_channel_3,zplsc_c_board_number_channel_3,,,,1,CP01CNSM,MFD37,ZPLSC
CP01CNSM-MFD37-07-ZPLSCC000,zplsc_c_frequency_channel_3,zplsc_c_frequency_channel_3,,,,kHz,CP01CNSM,MFD37,ZPLSC
CP01CNSM-MFD37-07-ZPLSCC000,zplsc_c_values_channel_3,zplsc_c_values_channel_3,,,,counts,CP01CNSM,MFD37,ZPLSC
CP01CNSM-MFD37-07-ZPLSCC000,zplsc_c_board_number_channel_4,zplsc_c_board_number_channel_4,,,,1,CP01CNSM,MFD37,ZPLSC
CP01CNSM-MFD37-07-ZPLSCC000,zplsc_c_frequency_channel_4,zplsc_c_frequency_channel_4,,,,kHz,CP01CNSM,MFD37,ZPLSC
CP01CNSM-MFD37-07-ZPLSCC000,zplsc_c_values_channel_4,zplsc_c_values_channel_4,,,,counts,CP01CNSM,MFD37,ZPLSC
CP01CNSM-MFD37-07-ZPLSCC000,time,time,,,ENG,seconds since 1900-01-01,CP01CNSM,MFD37,ZPLSC
CP01CNSM-MFD37-07-ZPLSCC000,burst_number,burst_number,,,,1,CP01CNSM,MFD37,ZPLSC
CP01CNSM-RID26-04-VELPTA000,driver_timestamp,driver_timestamp,,,ENG,seconds since 1900-01-01,CP01CNSM,RID26,VELPT
CP01CNSM-RID26-04-VELPTA000,firmware_version,firmware_version,,,,1,CP01CNSM,RID26,VELPT
CP01CNSM-RID26-04-VELPTA000,eastward_velocity,eastward_velocity,-3,3,L1,m s-1,CP01CNSM,RID26,VELPT
CP01CNSM-RID26-04-VELPTA000,northward_velocity,northward_velocity,-3,3,L1,m s-1,CP01CNSM,RID26,VELPT
CP01CNSM-RID26-04-VELPTA000,upward_velocity,upward_velocity,-1,1,L1,m s-1,CP01CNSM,RID26,VELPT
CP01CNSM-RID26-04-VELPTA000,internal_timestamp,internal_timestamp,,,ENG,seconds since 1900-01-01,CP01CNSM,RID26,VELPT
CP01CNSM-RID26-04-VELPTA000,preferred_timestamp,preferred_timestamp,,,ENG,1,CP01CNSM,RID26,VELPT
CP01CNSM-RID26-04-VELPTA000,velpt_ab_eastward_velocity,velpt_ab_eastward_velocity,-3,3,L1,m s-1,CP01CNSM,RID26,VELPT
CP01CNSM-RID26-04-VELPTA000,velpt_ab_northward_velocity,velpt_ab_northward_velocity,-3,3,L1,m s-1,CP01CNSM,RID26,VELPT
CP01CNSM-RID26-04-VELPTA000,velpt_ab_upward_velocity,velpt_ab_upward_velocity,-1,1,L1,m s-1,CP01CNSM,RID26,VELPT
CP01CNSM-RID26-04-VELPTA000,number_of_beam_sequences,number_of_beam_sequences,,,,counts,CP01CNSM,RID26,VELPT
CP01CNSM-RID26-04-VELPTA000,number_of_beams_in_diagnostics_mode,number_of_beams_in_diagnostics_mode,,,,counts,CP01CNSM,RID26,VELPT
CP01CNSM-RID26-04-VELPTA000,reserved_bit_easyq,reserved_bit_easyq,,,,1,CP01CNSM,RID26,VELPT
CP01CNSM-RID26-04-VELPTA000,battery_voltage_dv,battery_voltage_dv,,,AUX,dV,CP01CNSM,RID26,VELPT
CP01CNSM-RID26-04-VELPTA000,sound_speed_dms,sound_speed_dms,,,AUX,dm s-1,CP01CNSM,RID26,VELPT
CP01CNSM-RID26-04-VELPTA000,heading_decidegree,heading_decidegree,,,AUX,deci-degrees,CP01CNSM,RID26,VELPT
CP01CNSM-RID26-04-VELPTA000,roll_decidegree,roll_decidegree,,,AUX,deci-degrees,CP01CNSM,RID26,VELPT
CP01CNSM-RID26-04-VELPTA000,pitch_decidegree,pitch_decidegree,,,AUX,deci-degrees,CP01CNSM,RID26,VELPT
CP01CNSM-RID26-04-VELPTA000,temperature_centidegree,temperature_centidegree,,,AUX,cdeg_C,CP01CNSM,RID26,VELPT
CP01CNSM-RID26-04-VELPTA000,pressure_mbar,pressure_mbar,,,AUX,0.001 dbar,CP01CNSM,RID26,VELPT
CP01CNSM-RID26-04-VELPTA000,error_code,error_code,,,,1,CP01CNSM,RID26,VELPT
CP01CNSM-RID26-04-VELPTA000,analog1,analog1,,,,1,CP01CNSM,RID26,VELPT
CP01CNSM-RID26-04-VELPTA000,status,status,,,,1,CP01CNSM,RID26,VELPT
CP01CNSM-RID26-04-VELPTA000,velocity_beam1,velocity_beam1,,,L0,mm s-1,CP01CNSM,RID26,VELPT
CP01CNSM-RID26-04-VELPTA000,velocity_beam2,velocity_beam2,,,L0,mm s-1,CP01CNSM,RID26,VELPT
CP01CNSM-RID26-04-VELPTA000,velocity_beam3,velocity_beam3,,,L0,mm s-1,CP01CNSM,RID26,VELPT
CP01CNSM-RID26-04-VELPTA000,amplitude_beam1,amplitude_beam1,,,AUX,counts,CP01CNSM,RID26,VELPT
CP01CNSM-RID26-04-VELPTA000,amplitude_beam2,amplitude_beam2,,,AUX,counts,CP01CNSM,RID26,VELPT
CP01CNSM-RID26-04-VELPTA000,amplitude_beam3,amplitude_beam3,,,AUX,counts,CP01CNSM,RID26,VELPT
CP01CNSM-RID26-04-VELPTA000,records_to_follow,records_to_follow,,,,1,CP01CNSM,RID26,VELPT
CP01CNSM-RID26-04-VELPTA000,cell_number_diagnostics,cell_number_diagnostics,,,,1,CP01CNSM,RID26,VELPT
CP01CNSM-RID26-04-VELPTA000,noise_amplitude_beam1,noise_amplitude_beam1,,,,counts,CP01CNSM,RID26,VELPT
CP01CNSM-RID26-04-VELPTA000,noise_amplitude_beam2,noise_amplitude_beam2,,,,counts,CP01CNSM,RID26,VELPT
CP01CNSM-RID26-04-VELPTA000,noise_amplitude_beam3,noise_amplitude_beam3,,,,counts,CP01CNSM,RID26,VELPT
CP01CNSM-RID26-04-VELPTA000,noise_amplitude_beam4,noise_amplitude_beam4,,,,counts,CP01CNSM,RID26,VELPT
CP01CNSM-RID26-04-VELPTA000,processing_magnitude_beam1,processing_magnitude_beam1,,,,1,CP01CNSM,RID26,VELPT
CP01CNSM-RID26-04-VELPTA000,processing_magnitude_beam2,processing_magnitude_beam2,,,,1,CP01CNSM,RID26,VELPT
CP01CNSM-RID26-04-VELPTA000,processing_magnitude_beam3,processing_magnitude_beam3,,,,1,CP01CNSM,RID26,VELPT
CP01CNSM-RID26-04-VELPTA000,processing_magnitude_beam4,processing_magnitude_beam4,,,,1,CP01CNSM,RID26,VELPT
CP01CNSM-RID26-04-VELPTA000,distance_beam1,distance_beam1,,,,1,CP01CNSM,RID26,VELPT
CP01CNSM-RID26-04-VELPTA000,distance_beam2,distance_beam2,,,,1,CP01CNSM,RID26,VELPT
CP01CNSM-RID26-04-VELPTA000,distance_beam3,distance_beam3,,,,1,CP01CNSM,RID26,VELPT
CP01CNSM-RID26-04-VELPTA000,distance_beam4,distance_beam4,,,,1,CP01CNSM,RID26,VELPT
CP01CNSM-RID26-04-VELPTA000,instrmt_type_serial_number,instrmt_type_serial_number,,,,1,CP01CNSM,RID26,VELPT
CP01CNSM-RID26-04-VELPTA000,pic_version,pic_version,,,,1,CP01CNSM,RID26,VELPT
CP01CNSM-RID26-04-VELPTA000,hardware_revision,hardware_revision,,,,1,CP01CNSM,RID26,VELPT
CP01CNSM-RID26-04-VELPTA000,recorder_size,recorder_size,,,,bytes,CP01CNSM,RID26,VELPT
CP01CNSM-RID26-04-VELPTA000,velocity_range,velocity_range,,,,1,CP01CNSM,RID26,VELPT
CP01CNSM-RID26-04-VELPTA000,pressure_sensor,pressure_sensor,,,,1,CP01CNSM,RID26,VELPT
CP01CNSM-RID26-04-VELPTA000,magnetometer_sensor,magnetometer_sensor,,,,1,CP01CNSM,RID26,VELPT
CP01CNSM-RID26-04-VELPTA000,tilt_sensor,tilt_sensor,,,,1,CP01CNSM,RID26,VELPT
CP01CNSM-RID26-04-VELPTA000,tilt_sensor_mounting,tilt_sensor_mounting,,,,1,CP01CNSM,RID26,VELPT
CP01CNSM-RID26-04-VELPTA000,head_frequency,head_frequency,,,,kHz,CP01CNSM,RID26,VELPT
CP01CNSM-RID26-04-VELPTA000,head_type,head_type,,,,1,CP01CNSM,RID26,VELPT
CP01CNSM-RID26-04-VELPTA000,head_serial_number,head_serial_number,,,,1,CP01CNSM,RID26,VELPT
CP01CNSM-RID26-04-VELPTA000,number_beams,number_beams,,,,1,CP01CNSM,RID26,VELPT
CP01CNSM-RID26-04-VELPTA000,transmit_pulse_length,transmit_pulse_length,,,,counts,CP01CNSM,RID26,VELPT
CP01CNSM-RID26-04-VELPTA000,blanking_distance,blanking_distance,,,,counts,CP01CNSM,RID26,VELPT
CP01CNSM-RID26-04-VELPTA000,receive_length,receive_length,,,,counts,CP01CNSM,RID26,VELPT
CP01CNSM-RID26-04-VELPTA000,time_between_pings,time_between_pings,,,,counts,CP01CNSM,RID26,VELPT
CP01CNSM-RID26-04-VELPTA000,time_between_bursts,time_between_bursts,,,,counts,CP01CNSM,RID26,VELPT
CP01CNSM-RID26-04-VELPTA000,average_interval,average_interval,,,,s,CP01CNSM,RID26,VELPT
CP01CNSM-RID26-04-VELPTA000,compass_update_rate,compass_update_rate,,,,Hz,CP01CNSM,RID26,VELPT
CP01CNSM-RID26-04-VELPTA000,coordinate_system,coordinate_system,,,,1,CP01CNSM,RID26,VELPT
CP01CNSM-RID26-04-VELPTA000,number_cells,number_cells,,,,1,CP01CNSM,RID26,VELPT
CP01CNSM-RID26-04-VELPTA000,measurement_interval,measurement_interval,,,,s,CP01CNSM,RID26,VELPT
CP01CNSM-RID26-04-VELPTA000,deployment_name,deployment_name,,,,1,CP01CNSM,RID26,VELPT
CP01CNSM-RID26-04-VELPTA000,diagnostics_interval,diagnostics_interval,,,,s,CP01CNSM,RID26,VELPT
CP01CNSM-RID26-04-VELPTA000,use_specified_sound_speed,use_specified_sound_speed,,,,1,CP01CNSM,RID26,VELPT
CP01CNSM-RID26-04-VELPTA000,diagnostics_mode_enable,diagnostics_mode_enable,,,,1,CP01CNSM,RID26,VELPT
CP01CNSM-RID26-04-VELPTA000,analog_output_enable,analog_output_enable,,,,1,CP01CNSM,RID26,VELPT
CP01CNSM-RID26-04-VELPTA000,output_format_nortek,output_format_nortek,,,,1,CP01CNSM,RID26,VELPT
CP01CNSM-RID26-04-VELPTA000,scaling,scaling,,,,1,CP01CNSM,RID26,VELPT
CP01CNSM-RID26-04-VELPTA000,serial_output_enable,serial_output_enable,,,,1,CP01CNSM,RID26,VELPT
CP01CNSM-RID26-04-VELPTA000,stage_enable,stage_enable,,,,1,CP01CNSM,RID26,VELPT
CP01CNSM-RID26-04-VELPTA000,analog_power_output,analog_power_output,,,,1,CP01CNSM,RID26,VELPT
CP01CNSM-RID26-04-VELPTA000,sound_speed_adjust_factor,sound_speed_adjust_factor,,,,m s-1,CP01CNSM,RID26,VELPT
CP01CNSM-RID26-04-VELPTA000,number_diagnostics_samples,number_diagnostics_samples,,,,1,CP01CNSM,RID26,VELPT
CP01CNSM-RID26-04-VELPTA000,number_pings_diagnostic,number_pings_diagnostic,,,,1,CP01CNSM,RID26,VELPT
CP01CNSM-RID26-04-VELPTA000,software_version,software_version,,,,1,CP01CNSM,RID26,VELPT
CP01CNSM-RID26-04-VELPTA000,correlation_threshold,correlation_threshold,,,,1,CP01CNSM,RID26,VELPT
CP01CNSM-RID26-04-VELPTA000,time,time,,,ENG,seconds since 1900-01-01,CP01CNSM,RID26,VELPT
CP01CNSM-RID26-04-VELPTA000,ingestion_timestamp,ingestion_timestamp,,,ENG,seconds since 1900-01-01,CP01CNSM,RID26,VELPT
CP01CNSM-RID26-04-VELPTA000,date_time_string,date_time_string,,,,1,CP01CNSM,RID26,VELPT
CP01CNSM-RID26-06-PHSEND000,driver_timestamp,driver_timestamp,,,ENG,seconds since 1900-01-01,CP01CNSM,RID26,PHSEN
CP01CNSM-RID26-06-PHSEND000,external_device2_fault,external_device2_fault,,,,1,CP01CNSM,RID26,PHSEN
CP01CNSM-RID26-06-PHSEND000,external_device3_fault,external_device3_fault,,,,1,CP01CNSM,RID26,PHSEN
CP01CNSM-RID26-06-PHSEND000,num_data_records,num_data_records,,,,1,CP01CNSM,RID26,PHSEN
CP01CNSM-RID26-06-PHSEND000,num_error_records,num_error_records,,,,1,CP01CNSM,RID26,PHSEN
CP01CNSM-RID26-06-PHSEND000,num_bytes_stored,num_bytes_stored,,,,bytes,CP01CNSM,RID26,PHSEN
CP01CNSM-RID26-06-PHSEND000,internal_timestamp,internal_timestamp,,,ENG,seconds since 1900-01-01,CP01CNSM,RID26,PHSEN
CP01CNSM-RID26-06-PHSEND000,preferred_timestamp,preferred_timestamp,,,ENG,1,CP01CNSM,RID26,PHSEN
CP01CNSM-RID26-06-PHSEND000,passed_checksum,passed_checksum,,,ENG,1,CP01CNSM,RID26,PHSEN
CP01CNSM-RID26-06-PHSEND000,dcl_controller_timestamp,dcl_controller_timestamp,,,ENG,1,CP01CNSM,RID26,PHSEN
CP01CNSM-RID26-06-PHSEND000,phsen_abcdef_ph_seawater,phsen_abcdef_ph_seawater,7.3,8.5,L1,(unitless),CP01CNSM,RID26,PHSEN
CP01CNSM-RID26-06-PHSEND000,battery_low_blank,battery_low_blank,,,,1,CP01CNSM,RID26,PHSEN
CP01CNSM-RID26-06-PHSEND000,unique_id,unique_id,,,,1,CP01CNSM,RID26,PHSEN
CP01CNSM-RID26-06-PHSEND000,record_type,record_type,,,,1,CP01CNSM,RID26,PHSEN
CP01CNSM-RID26-06-PHSEND000,record_time,record_time,,,,seconds since 1904-01-01,CP01CNSM,RID26,PHSEN
CP01CNSM-RID26-06-PHSEND000,light_measurements,light_measurements,,,,counts,CP01CNSM,RID26,PHSEN
CP01CNSM-RID26-06-PHSEND000,voltage_battery,voltage_battery,,,,counts,CP01CNSM,RID26,PHSEN
CP01CNSM-RID26-06-PHSEND000,clock_active,clock_active,,,,1,CP01CNSM,RID26,PHSEN
CP01CNSM-RID26-06-PHSEND000,recording_active,recording_active,,,,1,CP01CNSM,RID26,PHSEN
CP01CNSM-RID26-06-PHSEND000,record_end_on_time,record_end_on_time,,,,1,CP01CNSM,RID26,PHSEN
CP01CNSM-RID26-06-PHSEND000,record_memory_full,record_memory_full,,,,1,CP01CNSM,RID26,PHSEN
CP01CNSM-RID26-06-PHSEND000,phsen_abcdef_signal_intensity_434,phsen_abcdef_signal_intensity_434,,,L0,counts,CP01CNSM,RID26,PHSEN
CP01CNSM-RID26-06-PHSEND000,phsen_abcdef_signal_intensity_578,phsen_abcdef_signal_intensity_578,,,L0,counts,CP01CNSM,RID26,PHSEN
CP01CNSM-RID26-06-PHSEND000,record_end_on_error,record_end_on_error,,,,1,CP01CNSM,RID26,PHSEN
CP01CNSM-RID26-06-PHSEND000,data_download_ok,data_download_ok,,,,1,CP01CNSM,RID26,PHSEN
CP01CNSM-RID26-06-PHSEND000,flash_memory_open,flash_memory_open,,,,1,CP01CNSM,RID26,PHSEN
CP01CNSM-RID26-06-PHSEND000,battery_low_prestart,battery_low_prestart,,,,1,CP01CNSM,RID26,PHSEN
CP01CNSM-RID26-06-PHSEND000,battery_low_measurement,battery_low_measurement,,,,1,CP01CNSM,RID26,PHSEN
CP01CNSM-RID26-06-PHSEND000,battery_low_external,battery_low_external,,,,1,CP01CNSM,RID26,PHSEN
CP01CNSM-RID26-06-PHSEND000,external_device1_fault,external_device1_fault,,,,1,CP01CNSM,RID26,PHSEN
CP01CNSM-RID26-06-PHSEND000,flash_erased,flash_erased,,,,1,CP01CNSM,RID26,PHSEN
CP01CNSM-RID26-06-PHSEND000,power_on_invalid,power_on_invalid,,,,1,CP01CNSM,RID26,PHSEN
CP01CNSM-RID26-06-PHSEND000,time,time,,,ENG,seconds since 1900-01-01,CP01CNSM,RID26,PHSEN
CP01CNSM-RID26-06-PHSEND000,ingestion_timestamp,ingestion_timestamp,,,ENG,seconds since 1900-01-01,CP01CNSM,RID26,PHSEN
CP01CNSM-RID26-06-PHSEND000,thermistor_start,thermistor_start,,,,counts,CP01CNSM,RID26,PHSEN
CP01CNSM-RID26-06-PHSEND000,reference_light_measurements,reference_light_measurements,,,,counts,CP01CNSM,RID26,PHSEN
CP01CNSM-RID26-06-PHSEND000,thermistor_end,thermistor_end,,,,counts,CP01CNSM,RID26,PHSEN
CP01CNSM-RID26-06-PHSEND000,phsen_thermistor_temperature,phsen_thermistor_temperature,,,L0,V,CP01CNSM,RID26,PHSEN
CP01CNSM-RID26-07-NUTNRB000,Not in Preload,Not in Preload,,,,,CP01CNSM,RID26,NUTNR
CP01CNSM-RID26-07-NUTNRB000,driver_timestamp,driver_timestamp,,,ENG,seconds since 1900-01-01,CP01CNSM,RID26,NUTNR
CP01CNSM-RID26-07-NUTNRB000,firmware_version,firmware_version,,,,1,CP01CNSM,RID26,NUTNR
CP01CNSM-RID26-07-NUTNRB000,internal_timestamp,internal_timestamp,,,ENG,seconds since 1900-01-01,CP01CNSM,RID26,NUTNR
CP01CNSM-RID26-07-NUTNRB000,preferred_timestamp,preferred_timestamp,,,ENG,1,CP01CNSM,RID26,NUTNR
CP01CNSM-RID26-07-NUTNRB000,dcl_controller_timestamp,dcl_controller_timestamp,,,ENG,1,CP01CNSM,RID26,NUTNR
CP01CNSM-RID26-07-NUTNRB000,startup_time_string,startup_time_string,,,,1,CP01CNSM,RID26,NUTNR
CP01CNSM-RID26-07-NUTNRB000,nutnr_b_temp_sal_corrected_nitrate,nutnr_b_temp_sal_corrected_nitrate,0,40,L2,umol L-1,CP01CNSM,RID26,NUTNR
CP01CNSM-RID26-07-NUTNRB000,firmware_date,firmware_date,,,,1,CP01CNSM,RID26,NUTNR
CP01CNSM-RID26-07-NUTNRB000,frame_header,frame_header,,,,1,CP01CNSM,RID26,NUTNR
CP01CNSM-RID26-07-NUTNRB000,frame_type,frame_type,,,,1,CP01CNSM,RID26,NUTNR
CP01CNSM-RID26-07-NUTNRB000,serial_number,serial_number,,,ENG,1,CP01CNSM,RID26,NUTNR
CP01CNSM-RID26-07-NUTNRB000,date_of_sample,date_of_sample,,,AUX,1,CP01CNSM,RID26,NUTNR
CP01CNSM-RID26-07-NUTNRB000,time_of_sample,time_of_sample,,,AUX,h,CP01CNSM,RID26,NUTNR
CP01CNSM-RID26-07-NUTNRB000,nitrate_concentration,nitrate_concentration,0,40,L1,umol L-1,CP01CNSM,RID26,NUTNR
CP01CNSM-RID26-07-NUTNRB000,aux_fitting_1,aux_fitting_1,,,AUX,1,CP01CNSM,RID26,NUTNR
CP01CNSM-RID26-07-NUTNRB000,aux_fitting_2,aux_fitting_2,,,AUX,1,CP01CNSM,RID26,NUTNR
CP01CNSM-RID26-07-NUTNRB000,aux_fitting_3,aux_fitting_3,,,AUX,1,CP01CNSM,RID26,NUTNR
CP01CNSM-RID26-07-NUTNRB000,rms_error,rms_error,,,AUX,umol L-1,CP01CNSM,RID26,NUTNR
CP01CNSM-RID26-07-NUTNRB000,temp_interior,temp_interior,,,AUX,deg_C,CP01CNSM,RID26,NUTNR
CP01CNSM-RID26-07-NUTNRB000,temp_spectrometer,temp_spectrometer,,,AUX,deg_C,CP01CNSM,RID26,NUTNR
CP01CNSM-RID26-07-NUTNRB000,temp_lamp,temp_lamp,,,AUX,deg_C,CP01CNSM,RID26,NUTNR
CP01CNSM-RID26-07-NUTNRB000,humidity,humidity,,,AUX,%,CP01CNSM,RID26,NUTNR
CP01CNSM-RID26-07-NUTNRB000,voltage_lamp,voltage_lamp,,,AUX,V,CP01CNSM,RID26,NUTNR
CP01CNSM-RID26-07-NUTNRB000,voltage_analog,voltage_analog,,,AUX,V,CP01CNSM,RID26,NUTNR
CP01CNSM-RID26-07-NUTNRB000,voltage_main,voltage_main,,,AUX,V,CP01CNSM,RID26,NUTNR
CP01CNSM-RID26-07-NUTNRB000,ref_channel_average,ref_channel_average,,,,counts,CP01CNSM,RID26,NUTNR
CP01CNSM-RID26-07-NUTNRB000,ref_channel_variance,ref_channel_variance,,,,1,CP01CNSM,RID26,NUTNR
CP01CNSM-RID26-07-NUTNRB000,sea_water_dark,sea_water_dark,,,AUX,counts,CP01CNSM,RID26,NUTNR
CP01CNSM-RID26-07-NUTNRB000,spec_channel_average,spec_channel_average,,,,counts,CP01CNSM,RID26,NUTNR
CP01CNSM-RID26-07-NUTNRB000,spectral_channels,spectral_channels,,,L0,counts,CP01CNSM,RID26,NUTNR
CP01CNSM-RID26-07-NUTNRB000,startup_time,startup_time,,,,seconds since 1970-01-01,CP01CNSM,RID26,NUTNR
CP01CNSM-RID26-07-NUTNRB000,lamp_time,lamp_time,,,AUX,s,CP01CNSM,RID26,NUTNR
CP01CNSM-RID26-07-NUTNRB000,spec_on_time,spec_on_time,,,,seconds since 1970-01-01,CP01CNSM,RID26,NUTNR
CP01CNSM-RID26-07-NUTNRB000,spec_powered_time,spec_powered_time,,,,seconds since 1970-01-01,CP01CNSM,RID26,NUTNR
CP01CNSM-RID26-07-NUTNRB000,lamp_on_time,lamp_on_time,,,,seconds since 1970-01-01,CP01CNSM,RID26,NUTNR
CP01CNSM-RID26-07-NUTNRB000,lamp_powered_time,lamp_powered_time,,,,seconds since 1970-01-01,CP01CNSM,RID26,NUTNR
CP01CNSM-RID26-07-NUTNRB000,data_log_file,data_log_file,,,,1,CP01CNSM,RID26,NUTNR
CP01CNSM-RID26-07-NUTNRB000,dark_frame_spectral_channels,dark_frame_spectral_channels,,,AUX,counts,CP01CNSM,RID26,NUTNR
CP01CNSM-RID26-07-NUTNRB000,time,time,,,ENG,seconds since 1900-01-01,CP01CNSM,RID26,NUTNR
CP01CNSM-RID26-07-NUTNRB000,ingestion_timestamp,ingestion_timestamp,,,ENG,seconds since 1900-01-01,CP01CNSM,RID26,NUTNR
CP01CNSM-RID26-08-SPKIRB000,instrument_id,instrument_id,,,ENG,1,CP01CNSM,RID26,SPKIR
CP01CNSM-RID26-08-SPKIRB000,timer,timer,,,ENG,s,CP01CNSM,RID26,SPKIR
CP01CNSM-RID26-08-SPKIRB000,sample_delay,sample_delay,,,ENG,ms,CP01CNSM,RID26,SPKIR
CP01CNSM-RID26-08-SPKIRB000,driver_timestamp,driver_timestamp,,,ENG,seconds since 1900-01-01,CP01CNSM,RID26,SPKIR
CP01CNSM-RID26-08-SPKIRB000,vin_sense,vin_sense,,,ENG,counts,CP01CNSM,RID26,SPKIR
CP01CNSM-RID26-08-SPKIRB000,va_sense,va_sense,,,ENG,counts,CP01CNSM,RID26,SPKIR
CP01CNSM-RID26-08-SPKIRB000,internal_temperature,internal_temperature,,,AUX,counts,CP01CNSM,RID26,SPKIR
CP01CNSM-RID26-08-SPKIRB000,frame_counter,frame_counter,,,ENG,counts,CP01CNSM,RID26,SPKIR
CP01CNSM-RID26-08-SPKIRB000,internal_timestamp,internal_timestamp,,,ENG,seconds since 1900-01-01,CP01CNSM,RID26,SPKIR
CP01CNSM-RID26-08-SPKIRB000,preferred_timestamp,preferred_timestamp,,,ENG,1,CP01CNSM,RID26,SPKIR
CP01CNSM-RID26-08-SPKIRB000,passed_checksum,passed_checksum,,,ENG,1,CP01CNSM,RID26,SPKIR
CP01CNSM-RID26-08-SPKIRB000,channel_array,channel_array,,,L0,counts,CP01CNSM,RID26,SPKIR
CP01CNSM-RID26-08-SPKIRB000,dcl_controller_timestamp,dcl_controller_timestamp,,,ENG,1,CP01CNSM,RID26,SPKIR
CP01CNSM-RID26-08-SPKIRB000,spkir_abj_cspp_downwelling_vector,spkir_abj_cspp_downwelling_vector,0,300,L1,uW cm-2 nm-1,CP01CNSM,RID26,SPKIR
CP01CNSM-RID26-08-SPKIRB000,serial_number,serial_number,,,ENG,1,CP01CNSM,RID26,SPKIR
CP01CNSM-RID26-08-SPKIRB000,time,time,,,ENG,seconds since 1900-01-01,CP01CNSM,RID26,SPKIR
CP01CNSM-RID26-08-SPKIRB000,ingestion_timestamp,ingestion_timestamp,,,ENG,seconds since 1900-01-01,CP01CNSM,RID26,SPKIR
CP01CNSM-RID27-01-OPTAAD000,driver_timestamp,driver_timestamp,,,ENG,seconds since 1900-01-01,CP01CNSM,RID27,OPTAA
CP01CNSM-RID27-01-OPTAAD000,internal_timestamp,internal_timestamp,,,ENG,seconds since 1900-01-01,CP01CNSM,RID27,OPTAA
CP01CNSM-RID27-01-OPTAAD000,preferred_timestamp,preferred_timestamp,,,ENG,1,CP01CNSM,RID27,OPTAA
CP01CNSM-RID27-01-OPTAAD000,start_date,start_date,,,,1,CP01CNSM,RID27,OPTAA
CP01CNSM-RID27-01-OPTAAD000,serial_number,serial_number,,,ENG,1,CP01CNSM,RID27,OPTAA
CP01CNSM-RID27-01-OPTAAD000,optaa_dj_dcl_beam_attenuation,optaa_dj_dcl_beam_attenuation,0,100,L2,m-1,CP01CNSM,RID27,OPTAA
CP01CNSM-RID27-01-OPTAAD000,optaa_dj_dcl_optical_absorption,optaa_dj_dcl_optical_absorption,0,100,L2,m-1,CP01CNSM,RID27,OPTAA
CP01CNSM-RID27-01-OPTAAD000,packet_type,packet_type,,,,1,CP01CNSM,RID27,OPTAA
CP01CNSM-RID27-01-OPTAAD000,meter_type,meter_type,,,,1,CP01CNSM,RID27,OPTAA
CP01CNSM-RID27-01-OPTAAD000,a_reference_dark_counts,a_reference_dark_counts,,,,counts,CP01CNSM,RID27,OPTAA
CP01CNSM-RID27-01-OPTAAD000,pressure_counts,pressure_counts,,,,counts,CP01CNSM,RID27,OPTAA
CP01CNSM-RID27-01-OPTAAD000,a_signal_dark_counts,a_signal_dark_counts,,,,counts,CP01CNSM,RID27,OPTAA
CP01CNSM-RID27-01-OPTAAD000,external_temp_raw,external_temp_raw,,,,counts,CP01CNSM,RID27,OPTAA
CP01CNSM-RID27-01-OPTAAD000,internal_temp_raw,internal_temp_raw,,,L0,counts,CP01CNSM,RID27,OPTAA
CP01CNSM-RID27-01-OPTAAD000,c_reference_dark_counts,c_reference_dark_counts,,,,counts,CP01CNSM,RID27,OPTAA
CP01CNSM-RID27-01-OPTAAD000,c_signal_dark_counts,c_signal_dark_counts,,,,counts,CP01CNSM,RID27,OPTAA
CP01CNSM-RID27-01-OPTAAD000,elapsed_run_time,elapsed_run_time,,,,ms,CP01CNSM,RID27,OPTAA
CP01CNSM-RID27-01-OPTAAD000,num_wavelengths,num_wavelengths,,,,1,CP01CNSM,RID27,OPTAA
CP01CNSM-RID27-01-OPTAAD000,c_reference_counts,c_reference_counts,,,L0,counts,CP01CNSM,RID27,OPTAA
CP01CNSM-RID27-01-OPTAAD000,a_reference_counts,a_reference_counts,,,L0,counts,CP01CNSM,RID27,OPTAA
CP01CNSM-RID27-01-OPTAAD000,c_signal_counts,c_signal_counts,,,L0,counts,CP01CNSM,RID27,OPTAA
CP01CNSM-RID27-01-OPTAAD000,a_signal_counts,a_signal_counts,,,L0,counts,CP01CNSM,RID27,OPTAA
CP01CNSM-RID27-01-OPTAAD000,time,time,,,ENG,seconds since 1900-01-01,CP01CNSM,RID27,OPTAA
CP01CNSM-RID27-01-OPTAAD000,ingestion_timestamp,ingestion_timestamp,,,ENG,seconds since 1900-01-01,CP01CNSM,RID27,OPTAA
CP01CNSM-RID27-02-FLORTD000,driver_timestamp,driver_timestamp,,,ENG,seconds since 1900-01-01,CP01CNSM,RID27,FLORT
CP01CNSM-RID27-02-FLORTD000,date_string,date_string,,,ENG,1,CP01CNSM,RID27,FLORT
CP01CNSM-RID27-02-FLORTD000,time_string,time_string,,,ENG,1,CP01CNSM,RID27,FLORT
CP01CNSM-RID27-02-FLORTD000,measurement_wavelength_beta,measurement_wavelength_beta,,,,nm,CP01CNSM,RID27,FLORT
CP01CNSM-RID27-02-FLORTD000,raw_signal_beta,raw_signal_beta,,,L0,counts,CP01CNSM,RID27,FLORT
CP01CNSM-RID27-02-FLORTD000,measurement_wavelength_chl,measurement_wavelength_chl,,,,nm,CP01CNSM,RID27,FLORT
CP01CNSM-RID27-02-FLORTD000,raw_signal_chl,raw_signal_chl,,,L0,counts,CP01CNSM,RID27,FLORT
CP01CNSM-RID27-02-FLORTD000,measurement_wavelength_cdom,measurement_wavelength_cdom,,,,nm,CP01CNSM,RID27,FLORT
CP01CNSM-RID27-02-FLORTD000,raw_signal_cdom,raw_signal_cdom,,,L0,counts,CP01CNSM,RID27,FLORT
CP01CNSM-RID27-02-FLORTD000,raw_internal_temp,raw_internal_temp,,,,counts,CP01CNSM,RID27,FLORT
CP01CNSM-RID27-02-FLORTD000,internal_timestamp,internal_timestamp,,,ENG,seconds since 1900-01-01,CP01CNSM,RID27,FLORT
CP01CNSM-RID27-02-FLORTD000,preferred_timestamp,preferred_timestamp,,,ENG,1,CP01CNSM,RID27,FLORT
CP01CNSM-RID27-02-FLORTD000,flort_k_total_volume_scattering_coefficient,flort_k_total_volume_scattering_coefficient,,,L1,m-1 sr-1,CP01CNSM,RID27,FLORT
CP01CNSM-RID27-02-FLORTD000,fluorometric_chlorophyll_a,fluorometric_chlorophyll_a,0,50,L1,ug L-1,CP01CNSM,RID27,FLORT
CP01CNSM-RID27-02-FLORTD000,fluorometric_cdom,fluorometric_cdom,0,375,L1,ppb,CP01CNSM,RID27,FLORT
CP01CNSM-RID27-02-FLORTD000,dcl_controller_timestamp,dcl_controller_timestamp,,,ENG,1,CP01CNSM,RID27,FLORT
CP01CNSM-RID27-02-FLORTD000,flort_dj_dcl_bback_total,flort_dj_dcl_bback_total,0.0003,1,L2,m-1,CP01CNSM,RID27,FLORT
CP01CNSM-RID27-02-FLORTD000,flort_d_dcl_ctdbp_scat_seawater,flort_d_dcl_ctdbp_scat_seawater,,,AUX,m-1,CP01CNSM,RID27,FLORT
CP01CNSM-RID27-02-FLORTD000,time,time,,,ENG,seconds since 1900-01-01,CP01CNSM,RID27,FLORT
CP01CNSM-RID27-02-FLORTD000,ingestion_timestamp,ingestion_timestamp,,,ENG,seconds since 1900-01-01,CP01CNSM,RID27,FLORT
CP01CNSM-RID27-03-CTDBPC000,conductivity,conductivity,0,6,L1,S m-1,CP01CNSM,RID27,CTDBP
CP01CNSM-RID27-03-CTDBPC000,driver_timestamp,driver_timestamp,,,ENG,seconds since 1900-01-01,CP01CNSM,RID27,CTDBP
CP01CNSM-RID27-03-CTDBPC000,internal_timestamp,internal_timestamp,,,ENG,seconds since 1900-01-01,CP01CNSM,RID27,CTDBP
CP01CNSM-RID27-03-CTDBPC000,preferred_timestamp,preferred_timestamp,,,ENG,1,CP01CNSM,RID27,CTDBP
CP01CNSM-RID27-03-CTDBPC000,temperature,temperature,,,L0,counts,CP01CNSM,RID27,CTDBP
CP01CNSM-RID27-03-CTDBPC000,conductivity,conductivity,,,L0,counts,CP01CNSM,RID27,CTDBP
CP01CNSM-RID27-03-CTDBPC000,pressure,pressure,,,L0,counts,CP01CNSM,RID27,CTDBP
CP01CNSM-RID27-03-CTDBPC000,pressure_temp,pressure_temp,,,L0,counts,CP01CNSM,RID27,CTDBP
CP01CNSM-RID27-03-CTDBPC000,ctd_time,ctd_time,,,ENG,seconds since 2000-01-01,CP01CNSM,RID27,CTDBP
CP01CNSM-RID27-03-CTDBPC000,pressure,pressure,0,6000,L1,dbar,CP01CNSM,RID27,CTDBP
CP01CNSM-RID27-03-CTDBPC000,dcl_controller_timestamp,dcl_controller_timestamp,,,ENG,1,CP01CNSM,RID27,CTDBP
CP01CNSM-RID27-03-CTDBPC000,ctdbp_seawater_temperature,ctdbp_seawater_temperature,-2,40,L1,deg_C,CP01CNSM,RID27,CTDBP
CP01CNSM-RID27-03-CTDBPC000,ctdbp_seawater_pressure,ctdbp_seawater_pressure,0,6000,L1,dbar,CP01CNSM,RID27,CTDBP
CP01CNSM-RID27-03-CTDBPC000,ctdbp_seawater_conductivity,ctdbp_seawater_conductivity,0,6,L1,S m-1,CP01CNSM,RID27,CTDBP
CP01CNSM-RID27-03-CTDBPC000,ctdbp_practical_salinity,ctdbp_practical_salinity,0,42,L2,1,CP01CNSM,RID27,CTDBP
CP01CNSM-RID27-03-CTDBPC000,ctdbp_seawater_density,ctdbp_seawater_density,1000,1100,L2,kg m-3,CP01CNSM,RID27,CTDBP
CP01CNSM-RID27-03-CTDBPC000,ctdbp_cdef_dcl_ce_density,ctdbp_cdef_dcl_ce_density,1000,1100,L2,kg m-3,CP01CNSM,RID27,CTDBP
CP01CNSM-RID27-03-CTDBPC000,temp,temp,-2,40,L1,deg_C,CP01CNSM,RID27,CTDBP
CP01CNSM-RID27-03-CTDBPC000,time,time,,,ENG,seconds since 1900-01-01,CP01CNSM,RID27,CTDBP
CP01CNSM-RID27-03-CTDBPC000,ingestion_timestamp,ingestion_timestamp,,,ENG,seconds since 1900-01-01,CP01CNSM,RID27,CTDBP
CP01CNSM-RID27-03-CTDBPC000,salinity,salinity,0,42,L2,(unitless),CP01CNSM,RID27,CTDBP
CP01CNSM-RID27-03-CTDBPC000,date_time_string,date_time_string,,,,1,CP01CNSM,RID27,CTDBP
CP01CNSM-RID27-04-DOSTAD000,product_number,product_number,,,,1,CP01CNSM,RID27,DOSTA
CP01CNSM-RID27-04-DOSTAD000,driver_timestamp,driver_timestamp,,,ENG,seconds since 1900-01-01,CP01CNSM,RID27,DOSTA
CP01CNSM-RID27-04-DOSTAD000,internal_timestamp,internal_timestamp,,,ENG,seconds since 1900-01-01,CP01CNSM,RID27,DOSTA
CP01CNSM-RID27-04-DOSTAD000,preferred_timestamp,preferred_timestamp,,,ENG,1,CP01CNSM,RID27,DOSTA
CP01CNSM-RID27-04-DOSTAD000,dcl_controller_timestamp,dcl_controller_timestamp,,,ENG,1,CP01CNSM,RID27,DOSTA
CP01CNSM-RID27-04-DOSTAD000,dosta_abcdjm_cspp_tc_oxygen,dosta_abcdjm_cspp_tc_oxygen,0,400,L1,umol L-1,CP01CNSM,RID27,DOSTA
CP01CNSM-RID27-04-DOSTAD000,serial_number,serial_number,,,ENG,1,CP01CNSM,RID27,DOSTA
CP01CNSM-RID27-04-DOSTAD000,dosta_abcdjm_dcl_abs_oxygen,dosta_abcdjm_dcl_abs_oxygen,0,400,L2,umol kg-1,CP01CNSM,RID27,DOSTA
CP01CNSM-RID27-04-DOSTAD000,dosta_abcdjm_dcl_metbk_abs_oxygen,dosta_abcdjm_dcl_metbk_abs_oxygen,0,400,L2,umol kg-1,CP01CNSM,RID27,DOSTA
CP01CNSM-RID27-04-DOSTAD000,dosta_abcdjm_dcl_ctdbp_abs_oxygen,dosta_abcdjm_dcl_ctdbp_abs_oxygen,0,400,L2,umol kg-1,CP01CNSM,RID27,DOSTA
CP01CNSM-RID27-04-DOSTAD000,time,time,,,ENG,seconds since 1900-01-01,CP01CNSM,RID27,DOSTA
CP01CNSM-RID27-04-DOSTAD000,ingestion_timestamp,ingestion_timestamp,,,ENG,seconds since 1900-01-01,CP01CNSM,RID27,DOSTA
CP01CNSM-RID27-04-DOSTAD000,estimated_oxygen_concentration,estimated_oxygen_concentration,0,400,L1,umol L-1,CP01CNSM,RID27,DOSTA
CP01CNSM-RID27-04-DOSTAD000,estimated_oxygen_saturation,estimated_oxygen_saturation,0,110,L1,percent,CP01CNSM,RID27,DOSTA
CP01CNSM-RID27-04-DOSTAD000,optode_temperature,optode_temperature,-2,40,,deg_C,CP01CNSM,RID27,DOSTA
CP01CNSM-RID27-04-DOSTAD000,calibrated_phase,calibrated_phase,,,L0,degrees,CP01CNSM,RID27,DOSTA
CP01CNSM-RID27-04-DOSTAD000,temp_compensated_phase,temp_compensated_phase,,,,degrees,CP01CNSM,RID27,DOSTA
CP01CNSM-RID27-04-DOSTAD000,blue_phase,blue_phase,,,,degrees,CP01CNSM,RID27,DOSTA
CP01CNSM-RID27-04-DOSTAD000,red_phase,red_phase,,,,degrees,CP01CNSM,RID27,DOSTA
CP01CNSM-RID27-04-DOSTAD000,blue_amplitude,blue_amplitude,,,,mV,CP01CNSM,RID27,DOSTA
CP01CNSM-RID27-04-DOSTAD000,red_amplitude,red_amplitude,,,,mV,CP01CNSM,RID27,DOSTA
CP01CNSM-RID27-04-DOSTAD000,raw_temperature,raw_temperature,,,,mV,CP01CNSM,RID27,DOSTA
CP01CNSM-SBD11-01-MOPAK0000,driver_timestamp,driver_timestamp,,,ENG,seconds since 1900-01-01,CP01CNSM,SBD11,MOPAK
CP01CNSM-SBD11-01-MOPAK0000,internal_timestamp,internal_timestamp,,,ENG,seconds since 1900-01-01,CP01CNSM,SBD11,MOPAK
CP01CNSM-SBD11-01-MOPAK0000,mopak_accelx,mopak_accelx,,,ENG,g0,CP01CNSM,SBD11,MOPAK
CP01CNSM-SBD11-01-MOPAK0000,mopak_accely,mopak_accely,,,ENG,g0,CP01CNSM,SBD11,MOPAK
CP01CNSM-SBD11-01-MOPAK0000,mopak_accelz,mopak_accelz,,,ENG,g0,CP01CNSM,SBD11,MOPAK
CP01CNSM-SBD11-01-MOPAK0000,mopak_ang_ratex,mopak_ang_ratex,,,ENG,rad s-1,CP01CNSM,SBD11,MOPAK
CP01CNSM-SBD11-01-MOPAK0000,mopak_ang_ratey,mopak_ang_ratey,,,ENG,rad s-1,CP01CNSM,SBD11,MOPAK
CP01CNSM-SBD11-01-MOPAK0000,preferred_timestamp,preferred_timestamp,,,ENG,1,CP01CNSM,SBD11,MOPAK
CP01CNSM-SBD11-01-MOPAK0000,mopak_ang_ratez,mopak_ang_ratez,,,ENG,rad s-1,CP01CNSM,SBD11,MOPAK
CP01CNSM-SBD11-01-MOPAK0000,mopak_magx,mopak_magx,,,ENG,Gs,CP01CNSM,SBD11,MOPAK
CP01CNSM-SBD11-01-MOPAK0000,mopak_magy,mopak_magy,,,ENG,Gs,CP01CNSM,SBD11,MOPAK
CP01CNSM-SBD11-01-MOPAK0000,mopak_magz,mopak_magz,,,ENG,Gs,CP01CNSM,SBD11,MOPAK
CP01CNSM-SBD11-01-MOPAK0000,mopak_timer,mopak_timer,,,ENG,counts,CP01CNSM,SBD11,MOPAK
CP01CNSM-SBD11-01-MOPAK0000,mopak_roll,mopak_roll,,,ENG,degrees,CP01CNSM,SBD11,MOPAK
CP01CNSM-SBD11-01-MOPAK0000,mopak_pitch,mopak_pitch,,,ENG,degrees,CP01CNSM,SBD11,MOPAK
CP01CNSM-SBD11-01-MOPAK0000,mopak_yaw,mopak_yaw,,,ENG,degrees,CP01CNSM,SBD11,MOPAK
CP01CNSM-SBD11-01-MOPAK0000,time,time,,,ENG,seconds since 1900-01-01,CP01CNSM,SBD11,MOPAK
CP01CNSM-SBD11-01-MOPAK0000,ingestion_timestamp,ingestion_timestamp,,,ENG,seconds since 1900-01-01,CP01CNSM,SBD11,MOPAK
CP01CNSM-SBD11-02-HYDGN0000,driver_timestamp,driver_timestamp,,,ENG,seconds since 1900-01-01,CP01CNSM,SBD11,HYDGN
CP01CNSM-SBD11-02-HYDGN0000,internal_timestamp,internal_timestamp,,,ENG,seconds since 1900-01-01,CP01CNSM,SBD11,HYDGN
CP01CNSM-SBD11-02-HYDGN0000,preferred_timestamp,preferred_timestamp,,,ENG,1,CP01CNSM,SBD11,HYDGN
CP01CNSM-SBD11-02-HYDGN0000,dcl_controller_timestamp,dcl_controller_timestamp,,,ENG,1,CP01CNSM,SBD11,HYDGN
CP01CNSM-SBD11-02-HYDGN0000,hyd_raw,hyd_raw,,,AUX,counts,CP01CNSM,SBD11,HYDGN
CP01CNSM-SBD11-02-HYDGN0000,hyd_percent,hyd_percent,,,AUX,Percentage,CP01CNSM,SBD11,HYDGN
CP01CNSM-SBD11-02-HYDGN0000,time,time,,,ENG,seconds since 1900-01-01,CP01CNSM,SBD11,HYDGN
CP01CNSM-SBD11-02-HYDGN0000,ingestion_timestamp,ingestion_timestamp,,,ENG,seconds since 1900-01-01,CP01CNSM,SBD11,HYDGN
CP01CNSM-SBD11-06-METBKA000,port_timestamp,port_timestamp,,,ENG,seconds since 1900-01-01,CP01CNSM,SBD11,METBK
CP01CNSM-SBD11-06-METBKA000,barometric_pressure,barometric_pressure,,,L0,mbar,CP01CNSM,SBD11,METBK
CP01CNSM-SBD11-06-METBKA000,relative_humidity,relative_humidity,0,100,L1,%,CP01CNSM,SBD11,METBK
CP01CNSM-SBD11-06-METBKA000,air_temperature,air_temperature,-50,50,L1,deg_C,CP01CNSM,SBD11,METBK
CP01CNSM-SBD11-06-METBKA000,longwave_irradiance,longwave_irradiance,200,500,L1,W m-2,CP01CNSM,SBD11,METBK
CP01CNSM-SBD11-06-METBKA000,precipitation,precipitation,0,50,L1,mm,CP01CNSM,SBD11,METBK
CP01CNSM-SBD11-06-METBKA000,sea_surface_temperature,sea_surface_temperature,-2,40,L1,deg_C,CP01CNSM,SBD11,METBK
CP01CNSM-SBD11-06-METBKA000,sea_surface_conductivity,sea_surface_conductivity,0,6,L1,S m-1,CP01CNSM,SBD11,METBK
CP01CNSM-SBD11-06-METBKA000,shortwave_irradiance,shortwave_irradiance,0,1000,L1,W m-2,CP01CNSM,SBD11,METBK
CP01CNSM-SBD11-06-METBKA000,eastward_wind_velocity,eastward_wind_velocity,-10,10,L0,m s-1,CP01CNSM,SBD11,METBK
CP01CNSM-SBD11-06-METBKA000,northward_wind_velocity,northward_wind_velocity,-10,10,L0,m s-1,CP01CNSM,SBD11,METBK
CP01CNSM-SBD11-06-METBKA000,driver_timestamp,driver_timestamp,,,ENG,seconds since 1900-01-01,CP01CNSM,SBD11,METBK
CP01CNSM-SBD11-06-METBKA000,internal_timestamp,internal_timestamp,,,ENG,seconds since 1900-01-01,CP01CNSM,SBD11,METBK
CP01CNSM-SBD11-06-METBKA000,preferred_timestamp,preferred_timestamp,,,ENG,1,CP01CNSM,SBD11,METBK
CP01CNSM-SBD11-06-METBKA000,dcl_controller_timestamp,dcl_controller_timestamp,,,ENG,1,CP01CNSM,SBD11,METBK
CP01CNSM-SBD11-06-METBKA000,met_barpres,met_barpres,87000,108330,L1,Pa,CP01CNSM,SBD11,METBK
CP01CNSM-SBD11-06-METBKA000,met_windavg_mag_corr_east,met_windavg_mag_corr_east,-33,33,L1,m s-1,CP01CNSM,SBD11,METBK
CP01CNSM-SBD11-06-METBKA000,met_windavg_mag_corr_north,met_windavg_mag_corr_north,-33,33,L1,m s-1,CP01CNSM,SBD11,METBK
CP01CNSM-SBD11-06-METBKA000,met_current_direction,met_current_direction,0,360,L1,degrees,CP01CNSM,SBD11,METBK
CP01CNSM-SBD11-06-METBKA000,met_current_speed,met_current_speed,-3,3,L1,m s-1,CP01CNSM,SBD11,METBK
CP01CNSM-SBD11-06-METBKA000,met_relwind_direction,met_relwind_direction,0,360,L1,degrees,CP01CNSM,SBD11,METBK
CP01CNSM-SBD11-06-METBKA000,met_relwind_speed,met_relwind_speed,-33,33,L1,m s-1,CP01CNSM,SBD11,METBK
CP01CNSM-SBD11-06-METBKA000,met_timeflx,met_timeflx,,,L1,seconds since 01-01-1900,CP01CNSM,SBD11,METBK
CP01CNSM-SBD11-06-METBKA000,met_netsirr,met_netsirr,0,500,L1,W m-2,CP01CNSM,SBD11,METBK
CP01CNSM-SBD11-06-METBKA000,met_rainrte,met_rainrte,0,50,L2,mm hr-1,CP01CNSM,SBD11,METBK
CP01CNSM-SBD11-06-METBKA000,met_salsurf,met_salsurf,0,42,L2,1,CP01CNSM,SBD11,METBK
CP01CNSM-SBD11-06-METBKA000,met_spechum,met_spechum,0,47,L2,g kg-1,CP01CNSM,SBD11,METBK
CP01CNSM-SBD11-06-METBKA000,met_buoyfls,met_buoyfls,,,L2,W m-2,CP01CNSM,SBD11,METBK
CP01CNSM-SBD11-06-METBKA000,met_buoyflx,met_buoyflx,,,L2,W m-2,CP01CNSM,SBD11,METBK
CP01CNSM-SBD11-06-METBKA000,met_frshflx,met_frshflx,,,L2,mm hr-1,CP01CNSM,SBD11,METBK
CP01CNSM-SBD11-06-METBKA000,met_heatflx,met_heatflx,,,L2,W m-2,CP01CNSM,SBD11,METBK
CP01CNSM-SBD11-06-METBKA000,met_latnflx,met_latnflx,,,L2,W m-2,CP01CNSM,SBD11,METBK
CP01CNSM-SBD11-06-METBKA000,met_mommflx,met_mommflx,,,L2,N m-2,CP01CNSM,SBD11,METBK
CP01CNSM-SBD11-06-METBKA000,met_netlirr,met_netlirr,,,L2,W m-2,CP01CNSM,SBD11,METBK
CP01CNSM-SBD11-06-METBKA000,met_rainflx,met_rainflx,,,L2,W m-2,CP01CNSM,SBD11,METBK
CP01CNSM-SBD11-06-METBKA000,met_sensflx,met_sensflx,,,L2,W m-2,CP01CNSM,SBD11,METBK
CP01CNSM-SBD11-06-METBKA000,met_sphum2m,met_sphum2m,0,47,L2,g kg-1,CP01CNSM,SBD11,METBK
CP01CNSM-SBD11-06-METBKA000,met_stablty,met_stablty,,,L2,1,CP01CNSM,SBD11,METBK
CP01CNSM-SBD11-06-METBKA000,met_tempa2m,met_tempa2m,-50,50,L2,deg_C,CP01CNSM,SBD11,METBK
CP01CNSM-SBD11-06-METBKA000,met_tempskn,met_tempskn,-2,40,L2,degC,CP01CNSM,SBD11,METBK
CP01CNSM-SBD11-06-METBKA000,met_wind10m,met_wind10m,-33,33,L2,m s-1,CP01CNSM,SBD11,METBK
CP01CNSM-SBD11-06-METBKA000,time,time,,,ENG,seconds since 1900-01-01,CP01CNSM,SBD11,METBK
CP01CNSM-SBD11-06-METBKA000,ingestion_timestamp,ingestion_timestamp,,,ENG,seconds since 1900-01-01,CP01CNSM,SBD11,METBK
CP01CNSM-SBD12-03-HYDGN0000,driver_timestamp,driver_timestamp,,,ENG,seconds since 1900-01-01,CP01CNSM,SBD12,HYDGN
CP01CNSM-SBD12-03-HYDGN0000,internal_timestamp,internal_timestamp,,,ENG,seconds since 1900-01-01,CP01CNSM,SBD12,HYDGN
CP01CNSM-SBD12-03-HYDGN0000,preferred_timestamp,preferred_timestamp,,,ENG,1,CP01CNSM,SBD12,HYDGN
CP01CNSM-SBD12-03-HYDGN0000,dcl_controller_timestamp,dcl_controller_timestamp,,,ENG,1,CP01CNSM,SBD12,HYDGN
CP01CNSM-SBD12-03-HYDGN0000,hyd_raw,hyd_raw,,,AUX,counts,CP01CNSM,SBD12,HYDGN
CP01CNSM-SBD12-03-HYDGN0000,hyd_percent,hyd_percent,,,AUX,Percentage,CP01CNSM,SBD12,HYDGN
CP01CNSM-SBD12-03-HYDGN0000,time,time,,,ENG,seconds since 1900-01-01,CP01CNSM,SBD12,HYDGN
CP01CNSM-SBD12-03-HYDGN0000,ingestion_timestamp,ingestion_timestamp,,,ENG,seconds since 1900-01-01,CP01CNSM,SBD12,HYDGN
CP01CNSM-SBD12-04-PCO2AA000,irga_detector_temperature,irga_detector_temperature,,,AUX,deg_C,CP01CNSM,SBD12,PCO2A
CP01CNSM-SBD12-04-PCO2AA000,irga_source_temperature,irga_source_temperature,,,AUX,deg_C,CP01CNSM,SBD12,PCO2A
CP01CNSM-SBD12-04-PCO2AA000,partial_pressure_co2_atm,partial_pressure_co2_atm,180,500,L1,uatm,CP01CNSM,SBD12,PCO2A
CP01CNSM-SBD12-04-PCO2AA000,partial_pressure_co2_ssw,partial_pressure_co2_ssw,100,600,L1,uatm,CP01CNSM,SBD12,PCO2A
CP01CNSM-SBD12-04-PCO2AA000,driver_timestamp,driver_timestamp,,,ENG,seconds since 1900-01-01,CP01CNSM,SBD12,PCO2A
CP01CNSM-SBD12-04-PCO2AA000,internal_timestamp,internal_timestamp,,,ENG,seconds since 1900-01-01,CP01CNSM,SBD12,PCO2A
CP01CNSM-SBD12-04-PCO2AA000,preferred_timestamp,preferred_timestamp,,,ENG,1,CP01CNSM,SBD12,PCO2A
CP01CNSM-SBD12-04-PCO2AA000,dcl_controller_timestamp,dcl_controller_timestamp,,,ENG,1,CP01CNSM,SBD12,PCO2A
CP01CNSM-SBD12-04-PCO2AA000,pco2_co2flux,pco2_co2flux,,,L2,mol m-2 s-1,CP01CNSM,SBD12,PCO2A
CP01CNSM-SBD12-04-PCO2AA000,time,time,,,ENG,seconds since 1900-01-01,CP01CNSM,SBD12,PCO2A
CP01CNSM-SBD12-04-PCO2AA000,ingestion_timestamp,ingestion_timestamp,,,ENG,seconds since 1900-01-01,CP01CNSM,SBD12,PCO2A
CP01CNSM-SBD12-04-PCO2AA000,date_time_string,date_time_string,,,,1,CP01CNSM,SBD12,PCO2A
CP01CNSM-SBD12-04-PCO2AA000,zero_a2d,zero_a2d,,,,counts,CP01CNSM,SBD12,PCO2A
CP01CNSM-SBD12-04-PCO2AA000,current_a2d,current_a2d,,,,counts,CP01CNSM,SBD12,PCO2A
CP01CNSM-SBD12-04-PCO2AA000,measured_air_co2,measured_air_co2,,,L0,ppm,CP01CNSM,SBD12,PCO2A
CP01CNSM-SBD12-04-PCO2AA000,measured_water_co2,measured_water_co2,,,L0,ppm,CP01CNSM,SBD12,PCO2A
CP01CNSM-SBD12-04-PCO2AA000,avg_irga_temperature,avg_irga_temperature,,,AUX,deg_C,CP01CNSM,SBD12,PCO2A
CP01CNSM-SBD12-04-PCO2AA000,humidity,humidity,,,AUX,mbar,CP01CNSM,SBD12,PCO2A
CP01CNSM-SBD12-04-PCO2AA000,humidity_temperature,humidity_temperature,,,AUX,deg_C,CP01CNSM,SBD12,PCO2A
CP01CNSM-SBD12-04-PCO2AA000,gas_stream_pressure,gas_stream_pressure,,,L0,mbar,CP01CNSM,SBD12,PCO2A
CP01CNSM-SBD12-05-WAVSSA000,driver_timestamp,driver_timestamp,,,ENG,seconds since 1900-01-01,CP01CNSM,SBD12,WAVSS
CP01CNSM-SBD12-05-WAVSSA000,date_string,date_string,,,ENG,1,CP01CNSM,SBD12,WAVSS
CP01CNSM-SBD12-05-WAVSSA000,time_string,time_string,,,ENG,1,CP01CNSM,SBD12,WAVSS
CP01CNSM-SBD12-05-WAVSSA000,internal_timestamp,internal_timestamp,,,ENG,seconds since 1900-01-01,CP01CNSM,SBD12,WAVSS
CP01CNSM-SBD12-05-WAVSSA000,preferred_timestamp,preferred_timestamp,,,ENG,1,CP01CNSM,SBD12,WAVSS
CP01CNSM-SBD12-05-WAVSSA000,dcl_controller_timestamp,dcl_controller_timestamp,,,ENG,1,CP01CNSM,SBD12,WAVSS
CP01CNSM-SBD12-05-WAVSSA000,number_zero_crossings,number_zero_crossings,,,L0,counts,CP01CNSM,SBD12,WAVSS
CP01CNSM-SBD12-05-WAVSSA000,average_wave_height,average_wave_height,0,12,L0,m,CP01CNSM,SBD12,WAVSS
CP01CNSM-SBD12-05-WAVSSA000,mean_spectral_period,mean_spectral_period,,,,sec,CP01CNSM,SBD12,WAVSS
CP01CNSM-SBD12-05-WAVSSA000,max_wave_height,max_wave_height,0,30,L0,m,CP01CNSM,SBD12,WAVSS
CP01CNSM-SBD12-05-WAVSSA000,significant_wave_height,significant_wave_height,0,18,L0,m,CP01CNSM,SBD12,WAVSS
CP01CNSM-SBD12-05-WAVSSA000,significant_period,significant_period,3,20,L0,sec,CP01CNSM,SBD12,WAVSS
CP01CNSM-SBD12-05-WAVSSA000,wave_height_10,wave_height_10,0,23,L0,m,CP01CNSM,SBD12,WAVSS
CP01CNSM-SBD12-05-WAVSSA000,wave_period_10,wave_period_10,3,30,L0,sec,CP01CNSM,SBD12,WAVSS
CP01CNSM-SBD12-05-WAVSSA000,mean_wave_period,mean_wave_period,3,30,L0,sec,CP01CNSM,SBD12,WAVSS
CP01CNSM-SBD12-05-WAVSSA000,peak_wave_period,peak_wave_period,3,30,L0,sec,CP01CNSM,SBD12,WAVSS
CP01CNSM-SBD12-05-WAVSSA000,wave_period_tp5,wave_period_tp5,3,30,L0,sec,CP01CNSM,SBD12,WAVSS
CP01CNSM-SBD12-05-WAVSSA000,wave_height_hmo,wave_height_hmo,0,30,L0,m,CP01CNSM,SBD12,WAVSS
CP01CNSM-SBD12-05-WAVSSA000,mean_direction,mean_direction,0,360,L0,degrees,CP01CNSM,SBD12,WAVSS
CP01CNSM-SBD12-05-WAVSSA000,mean_spread,mean_spread,,,,degrees,CP01CNSM,SBD12,WAVSS
CP01CNSM-SBD12-05-WAVSSA000,number_bands,number_bands,,,,1,CP01CNSM,SBD12,WAVSS
CP01CNSM-SBD12-05-WAVSSA000,initial_frequency,initial_frequency,,,,Hz,CP01CNSM,SBD12,WAVSS
CP01CNSM-SBD12-05-WAVSSA000,frequency_spacing,frequency_spacing,,,,Hz,CP01CNSM,SBD12,WAVSS
CP01CNSM-SBD12-05-WAVSSA000,psd_non_directional,psd_non_directional,,,L0,m2 Hz-1,CP01CNSM,SBD12,WAVSS
CP01CNSM-SBD12-05-WAVSSA000,psd_mean_directional,psd_mean_directional,,,L0,m2 Hz-1,CP01CNSM,SBD12,WAVSS
CP01CNSM-SBD12-05-WAVSSA000,mean_direction_array,mean_direction_array,0,360,L0,degrees,CP01CNSM,SBD12,WAVSS
CP01CNSM-SBD12-05-WAVSSA000,directional_spread_array,directional_spread_array,0,360,L0,degrees,CP01CNSM,SBD12,WAVSS
CP01CNSM-SBD12-05-WAVSSA000,number_time_samples,number_time_samples,,,,1,CP01CNSM,SBD12,WAVSS
CP01CNSM-SBD12-05-WAVSSA000,initial_time,initial_time,,,,sec,CP01CNSM,SBD12,WAVSS
CP01CNSM-SBD12-05-WAVSSA000,time_spacing,time_spacing,,,,sec,CP01CNSM,SBD12,WAVSS
CP01CNSM-SBD12-05-WAVSSA000,solution_found,solution_found,,,,1,CP01CNSM,SBD12,WAVSS
CP01CNSM-SBD12-05-WAVSSA000,heave_offset_array,heave_offset_array,0,3,L0,m,CP01CNSM,SBD12,WAVSS
CP01CNSM-SBD12-05-WAVSSA000,north_offset_array,north_offset_array,0,50,L0,m,CP01CNSM,SBD12,WAVSS
CP01CNSM-SBD12-05-WAVSSA000,east_offset_array,east_offset_array,0,50,L0,m,CP01CNSM,SBD12,WAVSS
CP01CNSM-SBD12-05-WAVSSA000,number_directional_bands,number_directional_bands,,,,1,CP01CNSM,SBD12,WAVSS
CP01CNSM-SBD12-05-WAVSSA000,initial_directional_frequency,initial_directional_frequency,,,,Hz,CP01CNSM,SBD12,WAVSS
CP01CNSM-SBD12-05-WAVSSA000,directional_frequency_spacing,directional_frequency_spacing,,,,Hz,CP01CNSM,SBD12,WAVSS
CP01CNSM-SBD12-05-WAVSSA000,fourier_coefficient_2d_array,fourier_coefficient_2d_array,,,,1,CP01CNSM,SBD12,WAVSS
CP01CNSM-SBD12-05-WAVSSA000,spread_direction,spread_direction,0,360,L0,degrees,CP01CNSM,SBD12,WAVSS
CP01CNSM-SBD12-05-WAVSSA000,wavss_a_directional_frequency,wavss_a_directional_frequency,,,L1,Hz,CP01CNSM,SBD12,WAVSS
CP01CNSM-SBD12-05-WAVSSA000,wavss_a_non_directional_frequency,wavss_a_non_directional_frequency,,,L1,Hz,CP01CNSM,SBD12,WAVSS
CP01CNSM-SBD12-05-WAVSSA000,wavss_a_buoymotion_time,wavss_a_buoymotion_time,,,L1,seconds since 1900-01-01,CP01CNSM,SBD12,WAVSS
CP01CNSM-SBD12-05-WAVSSA000,wavss_a_corrected_mean_wave_direction,wavss_a_corrected_mean_wave_direction,0,360,L1,deg,CP01CNSM,SBD12,WAVSS
CP01CNSM-SBD12-05-WAVSSA000,wavss_a_corrected_directional_wave_direction,wavss_a_corrected_directional_wave_direction,0,360,L1,deg,CP01CNSM,SBD12,WAVSS
CP01CNSM-SBD12-05-WAVSSA000,wavss_a_magcor_buoymotion_x,wavss_a_magcor_buoymotion_x,0,50,L1,m,CP01CNSM,SBD12,WAVSS
CP01CNSM-SBD12-05-WAVSSA000,wavss_a_magcor_buoymotion_y,wavss_a_magcor_buoymotion_y,0,50,L1,m,CP01CNSM,SBD12,WAVSS
CP01CNSM-SBD12-05-WAVSSA000,serial_number,serial_number,,,ENG,1,CP01CNSM,SBD12,WAVSS
CP01CNSM-SBD12-05-WAVSSA000,time,time,,,ENG,seconds since 1900-01-01,CP01CNSM,SBD12,WAVSS
CP01CNSM-SBD12-05-WAVSSA000,ingestion_timestamp,ingestion_timestamp,,,ENG,seconds since 1900-01-01,CP01CNSM,SBD12,WAVSS
CP01CNSM-SBD12-06-METBKA000,port_timestamp,port_timestamp,,,ENG,seconds since 1900-01-01,CP01CNSM,SBD12,METBK
CP01CNSM-SBD12-06-METBKA000,barometric_pressure,barometric_pressure,,,L0,mbar,CP01CNSM,SBD12,METBK
CP01CNSM-SBD12-06-METBKA000,relative_humidity,relative_humidity,0,100,L1,%,CP01CNSM,SBD12,METBK
CP01CNSM-SBD12-06-METBKA000,air_temperature,air_temperature,-50,50,L1,deg_C,CP01CNSM,SBD12,METBK
CP01CNSM-SBD12-06-METBKA000,longwave_irradiance,longwave_irradiance,200,500,L1,W m-2,CP01CNSM,SBD12,METBK
CP01CNSM-SBD12-06-METBKA000,precipitation,precipitation,0,50,L1,mm,CP01CNSM,SBD12,METBK
CP01CNSM-SBD12-06-METBKA000,sea_surface_temperature,sea_surface_temperature,-2,40,L1,deg_C,CP01CNSM,SBD12,METBK
CP01CNSM-SBD12-06-METBKA000,sea_surface_conductivity,sea_surface_conductivity,0,6,L1,S m-1,CP01CNSM,SBD12,METBK
CP01CNSM-SBD12-06-METBKA000,shortwave_irradiance,shortwave_irradiance,0,1000,L1,W m-2,CP01CNSM,SBD12,METBK
CP01CNSM-SBD12-06-METBKA000,eastward_wind_velocity,eastward_wind_velocity,-10,10,L0,m s-1,CP01CNSM,SBD12,METBK
CP01CNSM-SBD12-06-METBKA000,northward_wind_velocity,northward_wind_velocity,-10,10,L0,m s-1,CP01CNSM,SBD12,METBK
CP01CNSM-SBD12-06-METBKA000,driver_timestamp,driver_timestamp,,,ENG,seconds since 1900-01-01,CP01CNSM,SBD12,METBK
CP01CNSM-SBD12-06-METBKA000,internal_timestamp,internal_timestamp,,,ENG,seconds since 1900-01-01,CP01CNSM,SBD12,METBK
CP01CNSM-SBD12-06-METBKA000,preferred_timestamp,preferred_timestamp,,,ENG,1,CP01CNSM,SBD12,METBK
CP01CNSM-SBD12-06-METBKA000,dcl_controller_timestamp,dcl_controller_timestamp,,,ENG,1,CP01CNSM,SBD12,METBK
CP01CNSM-SBD12-06-METBKA000,met_barpres,met_barpres,87000,108330,L1,Pa,CP01CNSM,SBD12,METBK
CP01CNSM-SBD12-06-METBKA000,met_windavg_mag_corr_east,met_windavg_mag_corr_east,-33,33,L1,m s-1,CP01CNSM,SBD12,METBK
CP01CNSM-SBD12-06-METBKA000,met_windavg_mag_corr_north,met_windavg_mag_corr_north,-33,33,L1,m s-1,CP01CNSM,SBD12,METBK
CP01CNSM-SBD12-06-METBKA000,met_current_direction,met_current_direction,0,360,L1,degrees,CP01CNSM,SBD12,METBK
CP01CNSM-SBD12-06-METBKA000,met_current_speed,met_current_speed,-3,3,L1,m s-1,CP01CNSM,SBD12,METBK
CP01CNSM-SBD12-06-METBKA000,met_relwind_direction,met_relwind_direction,0,360,L1,degrees,CP01CNSM,SBD12,METBK
CP01CNSM-SBD12-06-METBKA000,met_relwind_speed,met_relwind_speed,-33,33,L1,m s-1,CP01CNSM,SBD12,METBK
CP01CNSM-SBD12-06-METBKA000,met_timeflx,met_timeflx,,,L1,seconds since 01-01-1900,CP01CNSM,SBD12,METBK
CP01CNSM-SBD12-06-METBKA000,met_netsirr,met_netsirr,0,500,L1,W m-2,CP01CNSM,SBD12,METBK
CP01CNSM-SBD12-06-METBKA000,met_rainrte,met_rainrte,0,50,L2,mm hr-1,CP01CNSM,SBD12,METBK
CP01CNSM-SBD12-06-METBKA000,met_salsurf,met_salsurf,0,42,L2,1,CP01CNSM,SBD12,METBK
CP01CNSM-SBD12-06-METBKA000,met_spechum,met_spechum,0,47,L2,g kg-1,CP01CNSM,SBD12,METBK
CP01CNSM-SBD12-06-METBKA000,met_buoyfls,met_buoyfls,,,L2,W m-2,CP01CNSM,SBD12,METBK
CP01CNSM-SBD12-06-METBKA000,met_buoyflx,met_buoyflx,,,L2,W m-2,CP01CNSM,SBD12,METBK
CP01CNSM-SBD12-06-METBKA000,met_frshflx,met_frshflx,,,L2,mm hr-1,CP01CNSM,SBD12,METBK
CP01CNSM-SBD12-06-METBKA000,met_heatflx,met_heatflx,,,L2,W m-2,CP01CNSM,SBD12,METBK
CP01CNSM-SBD12-06-METBKA000,met_latnflx,met_latnflx,,,L2,W m-2,CP01CNSM,SBD12,METBK
CP01CNSM-SBD12-06-METBKA000,met_mommflx,met_mommflx,,,L2,N m-2,CP01CNSM,SBD12,METBK
CP01CNSM-SBD12-06-METBKA000,met_netlirr,met_netlirr,,,L2,W m-2,CP01CNSM,SBD12,METBK
CP01CNSM-SBD12-06-METBKA000,met_rainflx,met_rainflx,,,L2,W m-2,CP01CNSM,SBD12,METBK
CP01CNSM-SBD12-06-METBKA000,met_sensflx,met_sensflx,,,L2,W m-2,CP01CNSM,SBD12,METBK
CP01CNSM-SBD12-06-METBKA000,met_sphum2m,met_sphum2m,0,47,L2,g kg-1,CP01CNSM,SBD12,METBK
CP01CNSM-SBD12-06-METBKA000,met_stablty,met_stablty,,,L2,1,CP01CNSM,SBD12,METBK
CP01CNSM-SBD12-06-METBKA000,met_tempa2m,met_tempa2m,-50,50,L2,deg_C,CP01CNSM,SBD12,METBK
CP01CNSM-SBD12-06-METBKA000,met_tempskn,met_tempskn,-2,40,L2,degC,CP01CNSM,SBD12,METBK
CP01CNSM-SBD12-06-METBKA000,met_wind10m,met_wind10m,-33,33,L2,m s-1,CP01CNSM,SBD12,METBK
CP01CNSM-SBD12-06-METBKA000,time,time,,,ENG,seconds since 1900-01-01,CP01CNSM,SBD12,METBK
CP01CNSM-SBD12-06-METBKA000,ingestion_timestamp,ingestion_timestamp,,,ENG,seconds since 1900-01-01,CP01CNSM,SBD12,METBK
CP01CNSM-SBD12-08-FDCHPA000,driver_timestamp,driver_timestamp,,,ENG,seconds since 1900-01-01,CP01CNSM,SBD12,FDCHP
CP01CNSM-SBD12-08-FDCHPA000,internal_timestamp,internal_timestamp,,,ENG,seconds since 1900-01-01,CP01CNSM,SBD12,FDCHP
CP01CNSM-SBD12-08-FDCHPA000,preferred_timestamp,preferred_timestamp,,,ENG,1,CP01CNSM,SBD12,FDCHP
CP01CNSM-SBD12-08-FDCHPA000,dcl_controller_timestamp,dcl_controller_timestamp,,,ENG,1,CP01CNSM,SBD12,FDCHP
CP01CNSM-SBD12-08-FDCHPA000,year,year,,,,year,CP01CNSM,SBD12,FDCHP
CP01CNSM-SBD12-08-FDCHPA000,instrument_start_timestamp,instrument_start_timestamp,,,ENG,1,CP01CNSM,SBD12,FDCHP
CP01CNSM-SBD12-08-FDCHPA000,time_datacollection,time_datacollection,,,ENG,sec,CP01CNSM,SBD12,FDCHP
CP01CNSM-SBD12-08-FDCHPA000,v_num_datacollection,v_num_datacollection,,,ENG,1,CP01CNSM,SBD12,FDCHP
CP01CNSM-SBD12-08-FDCHPA000,status_datacollection,status_datacollection,,,ENG,1,CP01CNSM,SBD12,FDCHP
CP01CNSM-SBD12-08-FDCHPA000,wind_u_avg,wind_u_avg,,,AUX,m s-1,CP01CNSM,SBD12,FDCHP
CP01CNSM-SBD12-08-FDCHPA000,wind_v_avg,wind_v_avg,,,AUX,m s-1,CP01CNSM,SBD12,FDCHP
CP01CNSM-SBD12-08-FDCHPA000,wind_w_avg,wind_w_avg,,,AUX,m s-1,CP01CNSM,SBD12,FDCHP
CP01CNSM-SBD12-08-FDCHPA000,speed_of_sound_avg,speed_of_sound_avg,,,AUX,m s-1,CP01CNSM,SBD12,FDCHP
CP01CNSM-SBD12-08-FDCHPA000,wind_u_std,wind_u_std,,,AUX,m s-1,CP01CNSM,SBD12,FDCHP
CP01CNSM-SBD12-08-FDCHPA000,wind_v_std,wind_v_std,,,AUX,m s-1,CP01CNSM,SBD12,FDCHP
CP01CNSM-SBD12-08-FDCHPA000,wind_w_std,wind_w_std,,,AUX,m s-1,CP01CNSM,SBD12,FDCHP
CP01CNSM-SBD12-08-FDCHPA000,speed_of_sound_std,speed_of_sound_std,,,AUX,m s-1,CP01CNSM,SBD12,FDCHP
CP01CNSM-SBD12-08-FDCHPA000,wind_u_max,wind_u_max,,,AUX,m s-1,CP01CNSM,SBD12,FDCHP
CP01CNSM-SBD12-08-FDCHPA000,wind_v_max,wind_v_max,,,AUX,m s-1,CP01CNSM,SBD12,FDCHP
CP01CNSM-SBD12-08-FDCHPA000,wind_w_max,wind_w_max,,,AUX,m s-1,CP01CNSM,SBD12,FDCHP
CP01CNSM-SBD12-08-FDCHPA000,speed_of_sound_max,speed_of_sound_max,,,AUX,m s-1,CP01CNSM,SBD12,FDCHP
CP01CNSM-SBD12-08-FDCHPA000,wind_u_min,wind_u_min,,,AUX,m s-1,CP01CNSM,SBD12,FDCHP
CP01CNSM-SBD12-08-FDCHPA000,wind_v_min,wind_v_min,,,AUX,m s-1,CP01CNSM,SBD12,FDCHP
CP01CNSM-SBD12-08-FDCHPA000,wind_w_min,wind_w_min,,,AUX,m s-1,CP01CNSM,SBD12,FDCHP
CP01CNSM-SBD12-08-FDCHPA000,speed_of_sound_min,speed_of_sound_min,,,AUX,m s-1,CP01CNSM,SBD12,FDCHP
CP01CNSM-SBD12-08-FDCHPA000,x_accel,x_accel,,,AUX,m s-2,CP01CNSM,SBD12,FDCHP
CP01CNSM-SBD12-08-FDCHPA000,y_accel,y_accel,,,AUX,m s-2,CP01CNSM,SBD12,FDCHP
CP01CNSM-SBD12-08-FDCHPA000,z_accel,z_accel,,,AUX,m s-2,CP01CNSM,SBD12,FDCHP
CP01CNSM-SBD12-08-FDCHPA000,x_accel_std,x_accel_std,,,AUX,m s-2,CP01CNSM,SBD12,FDCHP
CP01CNSM-SBD12-08-FDCHPA000,y_accel_std,y_accel_std,,,AUX,m s-2,CP01CNSM,SBD12,FDCHP
CP01CNSM-SBD12-08-FDCHPA000,z_accel_std,z_accel_std,,,AUX,m s-2,CP01CNSM,SBD12,FDCHP
CP01CNSM-SBD12-08-FDCHPA000,x_accel_max,x_accel_max,,,AUX,m s-2,CP01CNSM,SBD12,FDCHP
CP01CNSM-SBD12-08-FDCHPA000,y_accel_max,y_accel_max,,,AUX,m s-2,CP01CNSM,SBD12,FDCHP
CP01CNSM-SBD12-08-FDCHPA000,z_accel_max,z_accel_max,,,AUX,m s-2,CP01CNSM,SBD12,FDCHP
CP01CNSM-SBD12-08-FDCHPA000,x_accel_min,x_accel_min,,,AUX,m s-2,CP01CNSM,SBD12,FDCHP
CP01CNSM-SBD12-08-FDCHPA000,y_accel_min,y_accel_min,,,AUX,m s-2,CP01CNSM,SBD12,FDCHP
CP01CNSM-SBD12-08-FDCHPA000,z_accel_min,z_accel_min,,,AUX,m s-2,CP01CNSM,SBD12,FDCHP
CP01CNSM-SBD12-08-FDCHPA000,x_ang_rate,x_ang_rate,,,AUX,rad s-1,CP01CNSM,SBD12,FDCHP
CP01CNSM-SBD12-08-FDCHPA000,x_ang_rate,x_ang_rate,,,L0,rad s-1,CP01CNSM,SBD12,FDCHP
CP01CNSM-SBD12-08-FDCHPA000,y_ang_rate,y_ang_rate,,,AUX,rad s-1,CP01CNSM,SBD12,FDCHP
CP01CNSM-SBD12-08-FDCHPA000,y_ang_rate,y_ang_rate,,,L0,rad s-1,CP01CNSM,SBD12,FDCHP
CP01CNSM-SBD12-08-FDCHPA000,z_ang_rate,z_ang_rate,,,AUX,rad s-1,CP01CNSM,SBD12,FDCHP
CP01CNSM-SBD12-08-FDCHPA000,z_ang_rate,z_ang_rate,,,L0,rad s-1,CP01CNSM,SBD12,FDCHP
CP01CNSM-SBD12-08-FDCHPA000,x_ang_rate_std,x_ang_rate_std,,,AUX,rad s-1,CP01CNSM,SBD12,FDCHP
CP01CNSM-SBD12-08-FDCHPA000,y_ang_rate_std,y_ang_rate_std,,,AUX,rad s-1,CP01CNSM,SBD12,FDCHP
CP01CNSM-SBD12-08-FDCHPA000,z_ang_rate_std,z_ang_rate_std,,,AUX,rad s-1,CP01CNSM,SBD12,FDCHP
CP01CNSM-SBD12-08-FDCHPA000,x_ang_rate_max,x_ang_rate_max,,,AUX,rad s-1,CP01CNSM,SBD12,FDCHP
CP01CNSM-SBD12-08-FDCHPA000,y_ang_rate_max,y_ang_rate_max,,,AUX,rad s-1,CP01CNSM,SBD12,FDCHP
CP01CNSM-SBD12-08-FDCHPA000,z_ang_rate_max,z_ang_rate_max,,,AUX,rad s-1,CP01CNSM,SBD12,FDCHP
CP01CNSM-SBD12-08-FDCHPA000,x_ang_rate_min,x_ang_rate_min,,,AUX,rad s-1,CP01CNSM,SBD12,FDCHP
CP01CNSM-SBD12-08-FDCHPA000,y_ang_rate_min,y_ang_rate_min,,,AUX,rad s-1,CP01CNSM,SBD12,FDCHP
CP01CNSM-SBD12-08-FDCHPA000,z_ang_rate_min,z_ang_rate_min,,,AUX,rad s-1,CP01CNSM,SBD12,FDCHP
CP01CNSM-SBD12-08-FDCHPA000,heading_std,heading_std,,,AUX,rad,CP01CNSM,SBD12,FDCHP
CP01CNSM-SBD12-08-FDCHPA000,pitch_std,pitch_std,,,AUX,rad,CP01CNSM,SBD12,FDCHP
CP01CNSM-SBD12-08-FDCHPA000,roll_std,roll_std,,,AUX,rad,CP01CNSM,SBD12,FDCHP
CP01CNSM-SBD12-08-FDCHPA000,heading_max,heading_max,,,AUX,rad,CP01CNSM,SBD12,FDCHP
CP01CNSM-SBD12-08-FDCHPA000,pitch_max,pitch_max,,,AUX,rad,CP01CNSM,SBD12,FDCHP
CP01CNSM-SBD12-08-FDCHPA000,roll_max,roll_max,,,AUX,rad,CP01CNSM,SBD12,FDCHP
CP01CNSM-SBD12-08-FDCHPA000,heading_min,heading_min,,,AUX,rad,CP01CNSM,SBD12,FDCHP
CP01CNSM-SBD12-08-FDCHPA000,pitch_min,pitch_min,,,AUX,rad,CP01CNSM,SBD12,FDCHP
CP01CNSM-SBD12-08-FDCHPA000,roll_min,roll_min,,,AUX,rad,CP01CNSM,SBD12,FDCHP
CP01CNSM-SBD12-08-FDCHPA000,u_corr,u_corr,,,AUX,m s-1,CP01CNSM,SBD12,FDCHP
CP01CNSM-SBD12-08-FDCHPA000,v_corr,v_corr,,,AUX,m s-1,CP01CNSM,SBD12,FDCHP
CP01CNSM-SBD12-08-FDCHPA000,w_corr,w_corr,,,AUX,m s-1,CP01CNSM,SBD12,FDCHP
CP01CNSM-SBD12-08-FDCHPA000,u_corr_std,u_corr_std,,,AUX,m s-1,CP01CNSM,SBD12,FDCHP
CP01CNSM-SBD12-08-FDCHPA000,v_corr_std,v_corr_std,,,AUX,m s-1,CP01CNSM,SBD12,FDCHP
CP01CNSM-SBD12-08-FDCHPA000,w_corr_std,w_corr_std,,,AUX,m s-1,CP01CNSM,SBD12,FDCHP
CP01CNSM-SBD12-08-FDCHPA000,wind_speed,wind_speed,,,AUX,m s-1,CP01CNSM,SBD12,FDCHP
CP01CNSM-SBD12-08-FDCHPA000,uw_momentum_flux,uw_momentum_flux,,,L2,m2 s-2,CP01CNSM,SBD12,FDCHP
CP01CNSM-SBD12-08-FDCHPA000,vw_momentum_flux,vw_momentum_flux,,,L2,m2 s-2,CP01CNSM,SBD12,FDCHP
CP01CNSM-SBD12-08-FDCHPA000,buoyance_flux,buoyance_flux,,,L2,m s-1 K,CP01CNSM,SBD12,FDCHP
CP01CNSM-SBD12-08-FDCHPA000,eng_wave_motion,eng_wave_motion,,,ENG,1,CP01CNSM,SBD12,FDCHP
CP01CNSM-SBD12-08-FDCHPA000,month,month,,,ENG,month,CP01CNSM,SBD12,FDCHP
CP01CNSM-SBD12-08-FDCHPA000,day,day,,,ENG,day,CP01CNSM,SBD12,FDCHP
CP01CNSM-SBD12-08-FDCHPA000,hour,hour,,,ENG,hour,CP01CNSM,SBD12,FDCHP
CP01CNSM-SBD12-08-FDCHPA000,minute,minute,,,ENG,minute,CP01CNSM,SBD12,FDCHP
CP01CNSM-SBD12-08-FDCHPA000,second,second,,,ENG,second,CP01CNSM,SBD12,FDCHP
CP01CNSM-SBD12-08-FDCHPA000,millisecond,millisecond,,,ENG,millisecond,CP01CNSM,SBD12,FDCHP
CP01CNSM-SBD12-08-FDCHPA000,fdchp_wind_x,fdchp_wind_x,,,L0,cm s-1,CP01CNSM,SBD12,FDCHP
CP01CNSM-SBD12-08-FDCHPA000,fdchp_wind_y,fdchp_wind_y,,,L0,cm s-1,CP01CNSM,SBD12,FDCHP
CP01CNSM-SBD12-08-FDCHPA000,fdchp_wind_z,fdchp_wind_z,,,L0,cm s-1,CP01CNSM,SBD12,FDCHP
CP01CNSM-SBD12-08-FDCHPA000,fdchp_speed_of_sound_sonic,fdchp_speed_of_sound_sonic,,,L0,cm s-1,CP01CNSM,SBD12,FDCHP
CP01CNSM-SBD12-08-FDCHPA000,fdchp_x_accel_g,fdchp_x_accel_g,,,L0,g [m s-2],CP01CNSM,SBD12,FDCHP
CP01CNSM-SBD12-08-FDCHPA000,fdchp_y_accel_g,fdchp_y_accel_g,,,L0,g [m s-2],CP01CNSM,SBD12,FDCHP
CP01CNSM-SBD12-08-FDCHPA000,fdchp_z_accel_g,fdchp_z_accel_g,,,L0,g [m s-2],CP01CNSM,SBD12,FDCHP
CP01CNSM-SBD12-08-FDCHPA000,fdchp_roll,fdchp_roll,0,360,L0,rad,CP01CNSM,SBD12,FDCHP
CP01CNSM-SBD12-08-FDCHPA000,fdchp_pitch,fdchp_pitch,0,360,L0,rad,CP01CNSM,SBD12,FDCHP
CP01CNSM-SBD12-08-FDCHPA000,fdchp_heading,fdchp_heading,0,360,L0,rad,CP01CNSM,SBD12,FDCHP
CP01CNSM-SBD12-08-FDCHPA000,fdchp_status_1,fdchp_status_1,,,ENG,1,CP01CNSM,SBD12,FDCHP
CP01CNSM-SBD12-08-FDCHPA000,fdchp_status_2,fdchp_status_2,,,ENG,1,CP01CNSM,SBD12,FDCHP
CP01CNSM-SBD12-08-FDCHPA000,fdchp_a_tmpatur,fdchp_a_tmpatur,-50,50,L1,deg_C,CP01CNSM,SBD12,FDCHP
CP01CNSM-SBD12-08-FDCHPA000,fdchp_a_windtur_north,fdchp_a_windtur_north,-33,33,L1,m s-1,CP01CNSM,SBD12,FDCHP
CP01CNSM-SBD12-08-FDCHPA000,fdchp_a_windtur_up,fdchp_a_windtur_up,-10,10,L1,m s-1,CP01CNSM,SBD12,FDCHP
CP01CNSM-SBD12-08-FDCHPA000,fdchp_a_windtur_west,fdchp_a_windtur_west,-33,33,L1,m s-1,CP01CNSM,SBD12,FDCHP
CP01CNSM-SBD12-08-FDCHPA000,fdchp_a_fluxhot,fdchp_a_fluxhot,,,L2,m s-1 K,CP01CNSM,SBD12,FDCHP
CP01CNSM-SBD12-08-FDCHPA000,fdchp_a_fluxmom_alongwind,fdchp_a_fluxmom_alongwind,,,L2,m2 s-2,CP01CNSM,SBD12,FDCHP
CP01CNSM-SBD12-08-FDCHPA000,fdchp_a_fluxmom_crosswind,fdchp_a_fluxmom_crosswind,,,L2,m2 s-2,CP01CNSM,SBD12,FDCHP
CP01CNSM-SBD12-08-FDCHPA000,fdchp_a_time_L1,fdchp_a_time_L1,,,L1,seconds since 1900-01-01,CP01CNSM,SBD12,FDCHP
CP01CNSM-SBD12-08-FDCHPA000,fdchp_a_time_L2,fdchp_a_time_L2,,,L1,seconds since 1900-01-01,CP01CNSM,SBD12,FDCHP
CP01CNSM-SBD12-08-FDCHPA000,heading,heading,,,AUX,rad,CP01CNSM,SBD12,FDCHP
CP01CNSM-SBD12-08-FDCHPA000,pitch,pitch,,,AUX,rad,CP01CNSM,SBD12,FDCHP
CP01CNSM-SBD12-08-FDCHPA000,roll,roll,,,AUX,rad,CP01CNSM,SBD12,FDCHP
CP01CNSM-SBD12-08-FDCHPA000,time,time,,,ENG,seconds since 1900-01-01,CP01CNSM,SBD12,FDCHP
CP01CNSM-SBD12-08-FDCHPA000,ingestion_timestamp,ingestion_timestamp,,,ENG,seconds since 1900-01-01,CP01CNSM,SBD12,FDCHP
CP01CNSP-SP001-02-OPTAAJ000,driver_timestamp,driver_timestamp,,,ENG,seconds since 1900-01-01,CP01CNSP,SP001,OPTAA
CP01CNSP-SP001-02-OPTAAJ000,internal_timestamp,internal_timestamp,,,ENG,seconds since 1900-01-01,CP01CNSP,SP001,OPTAA
CP01CNSP-SP001-02-OPTAAJ000,preferred_timestamp,preferred_timestamp,,,ENG,1,CP01CNSP,SP001,OPTAA
CP01CNSP-SP001-02-OPTAAJ000,profiler_timestamp,profiler_timestamp,,,ENG,seconds since 1970-01-01,CP01CNSP,SP001,OPTAA
CP01CNSP-SP001-02-OPTAAJ000,last_character_controller_id,last_character_controller_id,,,,1,CP01CNSP,SP001,OPTAA
CP01CNSP-SP001-02-OPTAAJ000,day_of_year_number,day_of_year_number,,,,1,CP01CNSP,SP001,OPTAA
CP01CNSP-SP001-02-OPTAAJ000,fraction_of_day,fraction_of_day,,,,1,CP01CNSP,SP001,OPTAA
CP01CNSP-SP001-02-OPTAAJ000,source_file,source_file,,,,1,CP01CNSP,SP001,OPTAA
CP01CNSP-SP001-02-OPTAAJ000,processing_time,processing_time,,,,1,CP01CNSP,SP001,OPTAA
CP01CNSP-SP001-02-OPTAAJ000,preprocessing_software_version,preprocessing_software_version,,,ENG,1,CP01CNSP,SP001,OPTAA
CP01CNSP-SP001-02-OPTAAJ000,start_date,start_date,,,,1,CP01CNSP,SP001,OPTAA
CP01CNSP-SP001-02-OPTAAJ000,pressure_depth,pressure_depth,,,AUX,dbar,CP01CNSP,SP001,OPTAA
CP01CNSP-SP001-02-OPTAAJ000,on_seconds,on_seconds,,,,s,CP01CNSP,SP001,OPTAA
CP01CNSP-SP001-02-OPTAAJ000,suspect_timestamp,suspect_timestamp,,,,1,CP01CNSP,SP001,OPTAA
CP01CNSP-SP001-02-OPTAAJ000,serial_number,serial_number,,,ENG,1,CP01CNSP,SP001,OPTAA
CP01CNSP-SP001-02-OPTAAJ000,optaa_dj_cspp_beam_attenuation,optaa_dj_cspp_beam_attenuation,0,100,L2,m-1,CP01CNSP,SP001,OPTAA
CP01CNSP-SP001-02-OPTAAJ000,optaa_dj_cspp_optical_absorption,optaa_dj_cspp_optical_absorption,0,100,L2,m-1,CP01CNSP,SP001,OPTAA
CP01CNSP-SP001-02-OPTAAJ000,a_reference_dark_counts,a_reference_dark_counts,,,,counts,CP01CNSP,SP001,OPTAA
CP01CNSP-SP001-02-OPTAAJ000,pressure_counts,pressure_counts,,,,counts,CP01CNSP,SP001,OPTAA
CP01CNSP-SP001-02-OPTAAJ000,a_signal_dark_counts,a_signal_dark_counts,,,,counts,CP01CNSP,SP001,OPTAA
CP01CNSP-SP001-02-OPTAAJ000,external_temp_raw,external_temp_raw,,,,counts,CP01CNSP,SP001,OPTAA
CP01CNSP-SP001-02-OPTAAJ000,internal_temp_raw,internal_temp_raw,,,L0,counts,CP01CNSP,SP001,OPTAA
CP01CNSP-SP001-02-OPTAAJ000,c_reference_dark_counts,c_reference_dark_counts,,,,counts,CP01CNSP,SP001,OPTAA
CP01CNSP-SP001-02-OPTAAJ000,c_signal_dark_counts,c_signal_dark_counts,,,,counts,CP01CNSP,SP001,OPTAA
CP01CNSP-SP001-02-OPTAAJ000,num_wavelengths,num_wavelengths,,,,1,CP01CNSP,SP001,OPTAA
CP01CNSP-SP001-02-OPTAAJ000,c_reference_counts,c_reference_counts,,,L0,counts,CP01CNSP,SP001,OPTAA
CP01CNSP-SP001-02-OPTAAJ000,a_reference_counts,a_reference_counts,,,L0,counts,CP01CNSP,SP001,OPTAA
CP01CNSP-SP001-02-OPTAAJ000,c_signal_counts,c_signal_counts,,,L0,counts,CP01CNSP,SP001,OPTAA
CP01CNSP-SP001-02-OPTAAJ000,a_signal_counts,a_signal_counts,,,L0,counts,CP01CNSP,SP001,OPTAA
CP01CNSP-SP001-02-OPTAAJ000,time,time,,,ENG,seconds since 1900-01-01,CP01CNSP,SP001,OPTAA
CP01CNSP-SP001-02-OPTAAJ000,ingestion_timestamp,ingestion_timestamp,,,ENG,seconds since 1900-01-01,CP01CNSP,SP001,OPTAA
CP01CNSP-SP001-03-NUTNRJ000,driver_timestamp,driver_timestamp,,,ENG,seconds since 1900-01-01,CP01CNSP,SP001,NUTNR
CP01CNSP-SP001-03-NUTNRJ000,internal_timestamp,internal_timestamp,,,ENG,seconds since 1900-01-01,CP01CNSP,SP001,NUTNR
CP01CNSP-SP001-03-NUTNRJ000,preferred_timestamp,preferred_timestamp,,,ENG,1,CP01CNSP,SP001,NUTNR
CP01CNSP-SP001-03-NUTNRJ000,profiler_timestamp,profiler_timestamp,,,ENG,seconds since 1970-01-01,CP01CNSP,SP001,NUTNR
CP01CNSP-SP001-03-NUTNRJ000,last_character_controller_id,last_character_controller_id,,,,1,CP01CNSP,SP001,NUTNR
CP01CNSP-SP001-03-NUTNRJ000,day_of_year_number,day_of_year_number,,,,1,CP01CNSP,SP001,NUTNR
CP01CNSP-SP001-03-NUTNRJ000,fraction_of_day,fraction_of_day,,,,1,CP01CNSP,SP001,NUTNR
CP01CNSP-SP001-03-NUTNRJ000,source_file,source_file,,,,1,CP01CNSP,SP001,NUTNR
CP01CNSP-SP001-03-NUTNRJ000,processing_time,processing_time,,,,1,CP01CNSP,SP001,NUTNR
CP01CNSP-SP001-03-NUTNRJ000,preprocessing_software_version,preprocessing_software_version,,,ENG,1,CP01CNSP,SP001,NUTNR
CP01CNSP-SP001-03-NUTNRJ000,start_date,start_date,,,,1,CP01CNSP,SP001,NUTNR
CP01CNSP-SP001-03-NUTNRJ000,nutnr_nitrogen_in_nitrate,nutnr_nitrogen_in_nitrate,,,,mg/L,CP01CNSP,SP001,NUTNR
CP01CNSP-SP001-03-NUTNRJ000,nutnr_absorbance_at_254_nm,nutnr_absorbance_at_254_nm,,,,1,CP01CNSP,SP001,NUTNR
CP01CNSP-SP001-03-NUTNRJ000,nutnr_absorbance_at_350_nm,nutnr_absorbance_at_350_nm,,,,1,CP01CNSP,SP001,NUTNR
CP01CNSP-SP001-03-NUTNRJ000,nutnr_bromide_trace,nutnr_bromide_trace,,,,mg/L,CP01CNSP,SP001,NUTNR
CP01CNSP-SP001-03-NUTNRJ000,nutnr_spectrum_average,nutnr_spectrum_average,,,,1,CP01CNSP,SP001,NUTNR
CP01CNSP-SP001-03-NUTNRJ000,nutnr_dark_value_used_for_fit,nutnr_dark_value_used_for_fit,,,AUX,1,CP01CNSP,SP001,NUTNR
CP01CNSP-SP001-03-NUTNRJ000,nutnr_integration_time_factor,nutnr_integration_time_factor,,,,1,CP01CNSP,SP001,NUTNR
CP01CNSP-SP001-03-NUTNRJ000,nutnr_voltage_int,nutnr_voltage_int,,,,V,CP01CNSP,SP001,NUTNR
CP01CNSP-SP001-03-NUTNRJ000,nutnr_current_main,nutnr_current_main,,,,mA,CP01CNSP,SP001,NUTNR
CP01CNSP-SP001-03-NUTNRJ000,nutnr_fit_base_1,nutnr_fit_base_1,,,,1,CP01CNSP,SP001,NUTNR
CP01CNSP-SP001-03-NUTNRJ000,nutnr_fit_base_2,nutnr_fit_base_2,,,,1,CP01CNSP,SP001,NUTNR
CP01CNSP-SP001-03-NUTNRJ000,nutnr_fit_rmse,nutnr_fit_rmse,,,AUX,1,CP01CNSP,SP001,NUTNR
CP01CNSP-SP001-03-NUTNRJ000,pressure_depth,pressure_depth,,,AUX,dbar,CP01CNSP,SP001,NUTNR
CP01CNSP-SP001-03-NUTNRJ000,year,year,,,,year,CP01CNSP,SP001,NUTNR
CP01CNSP-SP001-03-NUTNRJ000,day_of_year,day_of_year,,,,1,CP01CNSP,SP001,NUTNR
CP01CNSP-SP001-03-NUTNRJ000,ctd_time_uint32,ctd_time_uint32,,,,seconds since 1970-01-01,CP01CNSP,SP001,NUTNR
CP01CNSP-SP001-03-NUTNRJ000,ctd_psu,ctd_psu,,,AUX,(unitless),CP01CNSP,SP001,NUTNR
CP01CNSP-SP001-03-NUTNRJ000,ctd_temp,ctd_temp,,,AUX,deg_C,CP01CNSP,SP001,NUTNR
CP01CNSP-SP001-03-NUTNRJ000,ctd_dbar,ctd_dbar,,,AUX,dbar,CP01CNSP,SP001,NUTNR
CP01CNSP-SP001-03-NUTNRJ000,suspect_timestamp,suspect_timestamp,,,,1,CP01CNSP,SP001,NUTNR
CP01CNSP-SP001-03-NUTNRJ000,frame_type,frame_type,,,,1,CP01CNSP,SP001,NUTNR
CP01CNSP-SP001-03-NUTNRJ000,time_of_sample,time_of_sample,,,AUX,h,CP01CNSP,SP001,NUTNR
CP01CNSP-SP001-03-NUTNRJ000,nitrate_concentration,nitrate_concentration,0,40,L1,umol L-1,CP01CNSP,SP001,NUTNR
CP01CNSP-SP001-03-NUTNRJ000,aux_fitting_1,aux_fitting_1,,,AUX,1,CP01CNSP,SP001,NUTNR
CP01CNSP-SP001-03-NUTNRJ000,aux_fitting_2,aux_fitting_2,,,AUX,1,CP01CNSP,SP001,NUTNR
CP01CNSP-SP001-03-NUTNRJ000,temp_interior,temp_interior,,,AUX,deg_C,CP01CNSP,SP001,NUTNR
CP01CNSP-SP001-03-NUTNRJ000,temp_spectrometer,temp_spectrometer,,,AUX,deg_C,CP01CNSP,SP001,NUTNR
CP01CNSP-SP001-03-NUTNRJ000,temp_lamp,temp_lamp,,,AUX,deg_C,CP01CNSP,SP001,NUTNR
CP01CNSP-SP001-03-NUTNRJ000,humidity,humidity,,,AUX,%,CP01CNSP,SP001,NUTNR
CP01CNSP-SP001-03-NUTNRJ000,voltage_lamp,voltage_lamp,,,AUX,V,CP01CNSP,SP001,NUTNR
CP01CNSP-SP001-03-NUTNRJ000,voltage_main,voltage_main,,,AUX,V,CP01CNSP,SP001,NUTNR
CP01CNSP-SP001-03-NUTNRJ000,spectral_channels,spectral_channels,,,L0,counts,CP01CNSP,SP001,NUTNR
CP01CNSP-SP001-03-NUTNRJ000,lamp_time,lamp_time,,,AUX,s,CP01CNSP,SP001,NUTNR
CP01CNSP-SP001-03-NUTNRJ000,nutnr_j_cspp_temp_sal_corrected_nitrate,nutnr_j_cspp_temp_sal_corrected_nitrate,0,40,L2,umol L-1,CP01CNSP,SP001,NUTNR
CP01CNSP-SP001-03-NUTNRJ000,dark_frame_spectral_channels,dark_frame_spectral_channels,,,AUX,counts,CP01CNSP,SP001,NUTNR
CP01CNSP-SP001-03-NUTNRJ000,time,time,,,ENG,seconds since 1900-01-01,CP01CNSP,SP001,NUTNR
CP01CNSP-SP001-03-NUTNRJ000,ingestion_timestamp,ingestion_timestamp,,,ENG,seconds since 1900-01-01,CP01CNSP,SP001,NUTNR
CP01CNSP-SP001-05-VELPTJ000,driver_timestamp,driver_timestamp,,,ENG,seconds since 1900-01-01,CP01CNSP,SP001,VELPT
CP01CNSP-SP001-05-VELPTJ000,internal_timestamp,internal_timestamp,,,ENG,seconds since 1900-01-01,CP01CNSP,SP001,VELPT
CP01CNSP-SP001-05-VELPTJ000,preferred_timestamp,preferred_timestamp,,,ENG,1,CP01CNSP,SP001,VELPT
CP01CNSP-SP001-05-VELPTJ000,profiler_timestamp,profiler_timestamp,,,ENG,seconds since 1970-01-01,CP01CNSP,SP001,VELPT
CP01CNSP-SP001-05-VELPTJ000,last_character_controller_id,last_character_controller_id,,,,1,CP01CNSP,SP001,VELPT
CP01CNSP-SP001-05-VELPTJ000,day_of_year_number,day_of_year_number,,,,1,CP01CNSP,SP001,VELPT
CP01CNSP-SP001-05-VELPTJ000,fraction_of_day,fraction_of_day,,,,1,CP01CNSP,SP001,VELPT
CP01CNSP-SP001-05-VELPTJ000,source_file,source_file,,,,1,CP01CNSP,SP001,VELPT
CP01CNSP-SP001-05-VELPTJ000,processing_time,processing_time,,,,1,CP01CNSP,SP001,VELPT
CP01CNSP-SP001-05-VELPTJ000,preprocessing_software_version,preprocessing_software_version,,,ENG,1,CP01CNSP,SP001,VELPT
CP01CNSP-SP001-05-VELPTJ000,start_date,start_date,,,,1,CP01CNSP,SP001,VELPT
CP01CNSP-SP001-05-VELPTJ000,pressure_depth,pressure_depth,,,AUX,dbar,CP01CNSP,SP001,VELPT
CP01CNSP-SP001-05-VELPTJ000,velpt_pressure,velpt_pressure,,,AUX,dbar,CP01CNSP,SP001,VELPT
CP01CNSP-SP001-05-VELPTJ000,velocity_beam1_m_s,velocity_beam1_m_s,,,,m s-1,CP01CNSP,SP001,VELPT
CP01CNSP-SP001-05-VELPTJ000,velocity_beam2_m_s,velocity_beam2_m_s,,,,m s-1,CP01CNSP,SP001,VELPT
CP01CNSP-SP001-05-VELPTJ000,velocity_beam3_m_s,velocity_beam3_m_s,,,,m s-1,CP01CNSP,SP001,VELPT
CP01CNSP-SP001-05-VELPTJ000,suspect_timestamp,suspect_timestamp,,,,1,CP01CNSP,SP001,VELPT
CP01CNSP-SP001-05-VELPTJ000,velpt_j_eastward_velocity,velpt_j_eastward_velocity,-3,3,L1,m s-1,CP01CNSP,SP001,VELPT
CP01CNSP-SP001-05-VELPTJ000,velpt_j_northward_velocity,velpt_j_northward_velocity,-3,3,L1,m s-1,CP01CNSP,SP001,VELPT
CP01CNSP-SP001-05-VELPTJ000,velpt_j_upward_velocity,velpt_j_upward_velocity,-1,1,L1,m s-1,CP01CNSP,SP001,VELPT
CP01CNSP-SP001-05-VELPTJ000,heading,heading,,,AUX,rad,CP01CNSP,SP001,VELPT
CP01CNSP-SP001-05-VELPTJ000,pitch,pitch,,,AUX,rad,CP01CNSP,SP001,VELPT
CP01CNSP-SP001-05-VELPTJ000,roll,roll,,,AUX,rad,CP01CNSP,SP001,VELPT
CP01CNSP-SP001-05-VELPTJ000,temperature,temperature,-2,40,L1,deg_C,CP01CNSP,SP001,VELPT
CP01CNSP-SP001-05-VELPTJ000,amplitude_beam1,amplitude_beam1,,,AUX,counts,CP01CNSP,SP001,VELPT
CP01CNSP-SP001-05-VELPTJ000,amplitude_beam2,amplitude_beam2,,,AUX,counts,CP01CNSP,SP001,VELPT
CP01CNSP-SP001-05-VELPTJ000,amplitude_beam3,amplitude_beam3,,,AUX,counts,CP01CNSP,SP001,VELPT
CP01CNSP-SP001-05-VELPTJ000,speed_of_sound,speed_of_sound,,,AUX,m s-1,CP01CNSP,SP001,VELPT
CP01CNSP-SP001-05-VELPTJ000,time,time,,,ENG,seconds since 1900-01-01,CP01CNSP,SP001,VELPT
CP01CNSP-SP001-05-VELPTJ000,ingestion_timestamp,ingestion_timestamp,,,ENG,seconds since 1900-01-01,CP01CNSP,SP001,VELPT
CP01CNSP-SP001-06-DOSTAJ000,product_number,product_number,,,,1,CP01CNSP,SP001,DOSTA
CP01CNSP-SP001-06-DOSTAJ000,driver_timestamp,driver_timestamp,,,ENG,seconds since 1900-01-01,CP01CNSP,SP001,DOSTA
CP01CNSP-SP001-06-DOSTAJ000,internal_timestamp,internal_timestamp,,,ENG,seconds since 1900-01-01,CP01CNSP,SP001,DOSTA
CP01CNSP-SP001-06-DOSTAJ000,preferred_timestamp,preferred_timestamp,,,ENG,1,CP01CNSP,SP001,DOSTA
CP01CNSP-SP001-06-DOSTAJ000,profiler_timestamp,profiler_timestamp,,,ENG,seconds since 1970-01-01,CP01CNSP,SP001,DOSTA
CP01CNSP-SP001-06-DOSTAJ000,last_character_controller_id,last_character_controller_id,,,,1,CP01CNSP,SP001,DOSTA
CP01CNSP-SP001-06-DOSTAJ000,day_of_year_number,day_of_year_number,,,,1,CP01CNSP,SP001,DOSTA
CP01CNSP-SP001-06-DOSTAJ000,fraction_of_day,fraction_of_day,,,,1,CP01CNSP,SP001,DOSTA
CP01CNSP-SP001-06-DOSTAJ000,source_file,source_file,,,,1,CP01CNSP,SP001,DOSTA
CP01CNSP-SP001-06-DOSTAJ000,processing_time,processing_time,,,,1,CP01CNSP,SP001,DOSTA
CP01CNSP-SP001-06-DOSTAJ000,preprocessing_software_version,preprocessing_software_version,,,ENG,1,CP01CNSP,SP001,DOSTA
CP01CNSP-SP001-06-DOSTAJ000,start_date,start_date,,,,1,CP01CNSP,SP001,DOSTA
CP01CNSP-SP001-06-DOSTAJ000,pressure_depth,pressure_depth,,,AUX,dbar,CP01CNSP,SP001,DOSTA
CP01CNSP-SP001-06-DOSTAJ000,suspect_timestamp,suspect_timestamp,,,,1,CP01CNSP,SP001,DOSTA
CP01CNSP-SP001-06-DOSTAJ000,dosta_abcdjm_cspp_tc_oxygen,dosta_abcdjm_cspp_tc_oxygen,0,400,L1,umol L-1,CP01CNSP,SP001,DOSTA
CP01CNSP-SP001-06-DOSTAJ000,serial_number,serial_number,,,ENG,1,CP01CNSP,SP001,DOSTA
CP01CNSP-SP001-06-DOSTAJ000,dosta_abcdjm_cspp_abs_oxygen,dosta_abcdjm_cspp_abs_oxygen,0,400,L2,umol kg-1,CP01CNSP,SP001,DOSTA
CP01CNSP-SP001-06-DOSTAJ000,time,time,,,ENG,seconds since 1900-01-01,CP01CNSP,SP001,DOSTA
CP01CNSP-SP001-06-DOSTAJ000,ingestion_timestamp,ingestion_timestamp,,,ENG,seconds since 1900-01-01,CP01CNSP,SP001,DOSTA
CP01CNSP-SP001-06-DOSTAJ000,estimated_oxygen_concentration,estimated_oxygen_concentration,0,400,L1,umol L-1,CP01CNSP,SP001,DOSTA
CP01CNSP-SP001-06-DOSTAJ000,optode_temperature,optode_temperature,-2,40,,deg_C,CP01CNSP,SP001,DOSTA
CP01CNSP-SP001-06-DOSTAJ000,calibrated_phase,calibrated_phase,,,L0,degrees,CP01CNSP,SP001,DOSTA
CP01CNSP-SP001-06-DOSTAJ000,temp_compensated_phase,temp_compensated_phase,,,,degrees,CP01CNSP,SP001,DOSTA
CP01CNSP-SP001-06-DOSTAJ000,blue_phase,blue_phase,,,,degrees,CP01CNSP,SP001,DOSTA
CP01CNSP-SP001-06-DOSTAJ000,red_phase,red_phase,,,,degrees,CP01CNSP,SP001,DOSTA
CP01CNSP-SP001-06-DOSTAJ000,blue_amplitude,blue_amplitude,,,,mV,CP01CNSP,SP001,DOSTA
CP01CNSP-SP001-06-DOSTAJ000,red_amplitude,red_amplitude,,,,mV,CP01CNSP,SP001,DOSTA
CP01CNSP-SP001-06-DOSTAJ000,raw_temperature,raw_temperature,,,,mV,CP01CNSP,SP001,DOSTA
CP01CNSP-SP001-07-SPKIRJ000,instrument_id,instrument_id,,,ENG,1,CP01CNSP,SP001,SPKIR
CP01CNSP-SP001-07-SPKIRJ000,timer,timer,,,ENG,s,CP01CNSP,SP001,SPKIR
CP01CNSP-SP001-07-SPKIRJ000,sample_delay,sample_delay,,,ENG,ms,CP01CNSP,SP001,SPKIR
CP01CNSP-SP001-07-SPKIRJ000,driver_timestamp,driver_timestamp,,,ENG,seconds since 1900-01-01,CP01CNSP,SP001,SPKIR
CP01CNSP-SP001-07-SPKIRJ000,vin_sense,vin_sense,,,ENG,counts,CP01CNSP,SP001,SPKIR
CP01CNSP-SP001-07-SPKIRJ000,va_sense,va_sense,,,ENG,counts,CP01CNSP,SP001,SPKIR
CP01CNSP-SP001-07-SPKIRJ000,internal_temperature,internal_temperature,,,AUX,counts,CP01CNSP,SP001,SPKIR
CP01CNSP-SP001-07-SPKIRJ000,frame_counter,frame_counter,,,ENG,counts,CP01CNSP,SP001,SPKIR
CP01CNSP-SP001-07-SPKIRJ000,internal_timestamp,internal_timestamp,,,ENG,seconds since 1900-01-01,CP01CNSP,SP001,SPKIR
CP01CNSP-SP001-07-SPKIRJ000,preferred_timestamp,preferred_timestamp,,,ENG,1,CP01CNSP,SP001,SPKIR
CP01CNSP-SP001-07-SPKIRJ000,profiler_timestamp,profiler_timestamp,,,ENG,seconds since 1970-01-01,CP01CNSP,SP001,SPKIR
CP01CNSP-SP001-07-SPKIRJ000,last_character_controller_id,last_character_controller_id,,,,1,CP01CNSP,SP001,SPKIR
CP01CNSP-SP001-07-SPKIRJ000,day_of_year_number,day_of_year_number,,,,1,CP01CNSP,SP001,SPKIR
CP01CNSP-SP001-07-SPKIRJ000,fraction_of_day,fraction_of_day,,,,1,CP01CNSP,SP001,SPKIR
CP01CNSP-SP001-07-SPKIRJ000,source_file,source_file,,,,1,CP01CNSP,SP001,SPKIR
CP01CNSP-SP001-07-SPKIRJ000,processing_time,processing_time,,,,1,CP01CNSP,SP001,SPKIR
CP01CNSP-SP001-07-SPKIRJ000,preprocessing_software_version,preprocessing_software_version,,,ENG,1,CP01CNSP,SP001,SPKIR
CP01CNSP-SP001-07-SPKIRJ000,start_date,start_date,,,,1,CP01CNSP,SP001,SPKIR
CP01CNSP-SP001-07-SPKIRJ000,channel_array,channel_array,,,L0,counts,CP01CNSP,SP001,SPKIR
CP01CNSP-SP001-07-SPKIRJ000,pressure_depth,pressure_depth,,,AUX,dbar,CP01CNSP,SP001,SPKIR
CP01CNSP-SP001-07-SPKIRJ000,suspect_timestamp,suspect_timestamp,,,,1,CP01CNSP,SP001,SPKIR
CP01CNSP-SP001-07-SPKIRJ000,spkir_abj_cspp_downwelling_vector,spkir_abj_cspp_downwelling_vector,0,300,L1,uW cm-2 nm-1,CP01CNSP,SP001,SPKIR
CP01CNSP-SP001-07-SPKIRJ000,serial_number,serial_number,,,ENG,1,CP01CNSP,SP001,SPKIR
CP01CNSP-SP001-07-SPKIRJ000,time,time,,,ENG,seconds since 1900-01-01,CP01CNSP,SP001,SPKIR
CP01CNSP-SP001-07-SPKIRJ000,ingestion_timestamp,ingestion_timestamp,,,ENG,seconds since 1900-01-01,CP01CNSP,SP001,SPKIR
CP01CNSP-SP001-08-CTDPFJ000,conductivity,conductivity,0,6,L1,S m-1,CP01CNSP,SP001,CTDPF
CP01CNSP-SP001-08-CTDPFJ000,driver_timestamp,driver_timestamp,,,ENG,seconds since 1900-01-01,CP01CNSP,SP001,CTDPF
CP01CNSP-SP001-08-CTDPFJ000,internal_timestamp,internal_timestamp,,,ENG,seconds since 1900-01-01,CP01CNSP,SP001,CTDPF
CP01CNSP-SP001-08-CTDPFJ000,preferred_timestamp,preferred_timestamp,,,ENG,1,CP01CNSP,SP001,CTDPF
CP01CNSP-SP001-08-CTDPFJ000,pressure,pressure,0,6000,L1,dbar,CP01CNSP,SP001,CTDPF
CP01CNSP-SP001-08-CTDPFJ000,profiler_timestamp,profiler_timestamp,,,ENG,seconds since 1970-01-01,CP01CNSP,SP001,CTDPF
CP01CNSP-SP001-08-CTDPFJ000,last_character_controller_id,last_character_controller_id,,,,1,CP01CNSP,SP001,CTDPF
CP01CNSP-SP001-08-CTDPFJ000,day_of_year_number,day_of_year_number,,,,1,CP01CNSP,SP001,CTDPF
CP01CNSP-SP001-08-CTDPFJ000,fraction_of_day,fraction_of_day,,,,1,CP01CNSP,SP001,CTDPF
CP01CNSP-SP001-08-CTDPFJ000,source_file,source_file,,,,1,CP01CNSP,SP001,CTDPF
CP01CNSP-SP001-08-CTDPFJ000,processing_time,processing_time,,,,1,CP01CNSP,SP001,CTDPF
CP01CNSP-SP001-08-CTDPFJ000,preprocessing_software_version,preprocessing_software_version,,,ENG,1,CP01CNSP,SP001,CTDPF
CP01CNSP-SP001-08-CTDPFJ000,start_date,start_date,,,,1,CP01CNSP,SP001,CTDPF
CP01CNSP-SP001-08-CTDPFJ000,suspect_timestamp,suspect_timestamp,,,,1,CP01CNSP,SP001,CTDPF
CP01CNSP-SP001-08-CTDPFJ000,ctdpf_j_density,ctdpf_j_density,1000,1100,L2,kg m-3,CP01CNSP,SP001,CTDPF
CP01CNSP-SP001-08-CTDPFJ000,salinity,salinity,0,42,L2,1,CP01CNSP,SP001,CTDPF
CP01CNSP-SP001-08-CTDPFJ000,temperature,temperature,-2,40,L1,deg_C,CP01CNSP,SP001,CTDPF
CP01CNSP-SP001-08-CTDPFJ000,time,time,,,ENG,seconds since 1900-01-01,CP01CNSP,SP001,CTDPF
CP01CNSP-SP001-08-CTDPFJ000,ingestion_timestamp,ingestion_timestamp,,,ENG,seconds since 1900-01-01,CP01CNSP,SP001,CTDPF
CP01CNSP-SP001-09-FLORTJ000,driver_timestamp,driver_timestamp,,,ENG,seconds since 1900-01-01,CP01CNSP,SP001,FLORT
CP01CNSP-SP001-09-FLORTJ000,date_string,date_string,,,ENG,1,CP01CNSP,SP001,FLORT
CP01CNSP-SP001-09-FLORTJ000,time_string,time_string,,,ENG,1,CP01CNSP,SP001,FLORT
CP01CNSP-SP001-09-FLORTJ000,measurement_wavelength_beta,measurement_wavelength_beta,,,,nm,CP01CNSP,SP001,FLORT
CP01CNSP-SP001-09-FLORTJ000,raw_signal_beta,raw_signal_beta,,,L0,counts,CP01CNSP,SP001,FLORT
CP01CNSP-SP001-09-FLORTJ000,measurement_wavelength_chl,measurement_wavelength_chl,,,,nm,CP01CNSP,SP001,FLORT
CP01CNSP-SP001-09-FLORTJ000,raw_signal_chl,raw_signal_chl,,,L0,counts,CP01CNSP,SP001,FLORT
CP01CNSP-SP001-09-FLORTJ000,measurement_wavelength_cdom,measurement_wavelength_cdom,,,,nm,CP01CNSP,SP001,FLORT
CP01CNSP-SP001-09-FLORTJ000,raw_signal_cdom,raw_signal_cdom,,,L0,counts,CP01CNSP,SP001,FLORT
CP01CNSP-SP001-09-FLORTJ000,raw_internal_temp,raw_internal_temp,,,,counts,CP01CNSP,SP001,FLORT
CP01CNSP-SP001-09-FLORTJ000,internal_timestamp,internal_timestamp,,,ENG,seconds since 1900-01-01,CP01CNSP,SP001,FLORT
CP01CNSP-SP001-09-FLORTJ000,preferred_timestamp,preferred_timestamp,,,ENG,1,CP01CNSP,SP001,FLORT
CP01CNSP-SP001-09-FLORTJ000,flort_k_total_volume_scattering_coefficient,flort_k_total_volume_scattering_coefficient,,,L1,m-1 sr-1,CP01CNSP,SP001,FLORT
CP01CNSP-SP001-09-FLORTJ000,fluorometric_chlorophyll_a,fluorometric_chlorophyll_a,0,50,L1,ug L-1,CP01CNSP,SP001,FLORT
CP01CNSP-SP001-09-FLORTJ000,fluorometric_cdom,fluorometric_cdom,0,375,L1,ppb,CP01CNSP,SP001,FLORT
CP01CNSP-SP001-09-FLORTJ000,profiler_timestamp,profiler_timestamp,,,ENG,seconds since 1970-01-01,CP01CNSP,SP001,FLORT
CP01CNSP-SP001-09-FLORTJ000,last_character_controller_id,last_character_controller_id,,,,1,CP01CNSP,SP001,FLORT
CP01CNSP-SP001-09-FLORTJ000,day_of_year_number,day_of_year_number,,,,1,CP01CNSP,SP001,FLORT
CP01CNSP-SP001-09-FLORTJ000,fraction_of_day,fraction_of_day,,,,1,CP01CNSP,SP001,FLORT
CP01CNSP-SP001-09-FLORTJ000,source_file,source_file,,,,1,CP01CNSP,SP001,FLORT
CP01CNSP-SP001-09-FLORTJ000,processing_time,processing_time,,,,1,CP01CNSP,SP001,FLORT
CP01CNSP-SP001-09-FLORTJ000,preprocessing_software_version,preprocessing_software_version,,,ENG,1,CP01CNSP,SP001,FLORT
CP01CNSP-SP001-09-FLORTJ000,start_date,start_date,,,,1,CP01CNSP,SP001,FLORT
CP01CNSP-SP001-09-FLORTJ000,pressure_depth,pressure_depth,,,AUX,dbar,CP01CNSP,SP001,FLORT
CP01CNSP-SP001-09-FLORTJ000,suspect_timestamp,suspect_timestamp,,,,1,CP01CNSP,SP001,FLORT
CP01CNSP-SP001-09-FLORTJ000,flort_dj_cspp_bback_total,flort_dj_cspp_bback_total,0.0003,1,L2,m-1,CP01CNSP,SP001,FLORT
CP01CNSP-SP001-09-FLORTJ000,flort_dj_cspp_scat_seawater,flort_dj_cspp_scat_seawater,,,AUX,m-1,CP01CNSP,SP001,FLORT
CP01CNSP-SP001-09-FLORTJ000,time,time,,,ENG,seconds since 1900-01-01,CP01CNSP,SP001,FLORT
CP01CNSP-SP001-09-FLORTJ000,ingestion_timestamp,ingestion_timestamp,,,ENG,seconds since 1900-01-01,CP01CNSP,SP001,FLORT
CP01CNSP-SP001-10-PARADJ000,driver_timestamp,driver_timestamp,,,ENG,seconds since 1900-01-01,CP01CNSP,SP001,PARAD
CP01CNSP-SP001-10-PARADJ000,date_string,date_string,,,ENG,1,CP01CNSP,SP001,PARAD
CP01CNSP-SP001-10-PARADJ000,time_string,time_string,,,ENG,1,CP01CNSP,SP001,PARAD
CP01CNSP-SP001-10-PARADJ000,internal_timestamp,internal_timestamp,,,ENG,seconds since 1900-01-01,CP01CNSP,SP001,PARAD
CP01CNSP-SP001-10-PARADJ000,preferred_timestamp,preferred_timestamp,,,ENG,1,CP01CNSP,SP001,PARAD
CP01CNSP-SP001-10-PARADJ000,par,par,,,L0,counts,CP01CNSP,SP001,PARAD
CP01CNSP-SP001-10-PARADJ000,profiler_timestamp,profiler_timestamp,,,ENG,seconds since 1970-01-01,CP01CNSP,SP001,PARAD
CP01CNSP-SP001-10-PARADJ000,last_character_controller_id,last_character_controller_id,,,,1,CP01CNSP,SP001,PARAD
CP01CNSP-SP001-10-PARADJ000,day_of_year_number,day_of_year_number,,,,1,CP01CNSP,SP001,PARAD
CP01CNSP-SP001-10-PARADJ000,fraction_of_day,fraction_of_day,,,,1,CP01CNSP,SP001,PARAD
CP01CNSP-SP001-10-PARADJ000,source_file,source_file,,,,1,CP01CNSP,SP001,PARAD
CP01CNSP-SP001-10-PARADJ000,processing_time,processing_time,,,,1,CP01CNSP,SP001,PARAD
CP01CNSP-SP001-10-PARADJ000,preprocessing_software_version,preprocessing_software_version,,,ENG,1,CP01CNSP,SP001,PARAD
CP01CNSP-SP001-10-PARADJ000,start_date,start_date,,,,1,CP01CNSP,SP001,PARAD
CP01CNSP-SP001-10-PARADJ000,pressure_depth,pressure_depth,,,AUX,dbar,CP01CNSP,SP001,PARAD
CP01CNSP-SP001-10-PARADJ000,suspect_timestamp,suspect_timestamp,,,,1,CP01CNSP,SP001,PARAD
CP01CNSP-SP001-10-PARADJ000,parad_j_par_counts_output,parad_j_par_counts_output,0,2500,L1,umol photons m-2 s-1,CP01CNSP,SP001,PARAD
CP01CNSP-SP001-10-PARADJ000,time,time,,,ENG,seconds since 1900-01-01,CP01CNSP,SP001,PARAD
CP01CNSP-SP001-10-PARADJ000,ingestion_timestamp,ingestion_timestamp,,,ENG,seconds since 1900-01-01,CP01CNSP,SP001,PARAD
CP02PMCI-RII01-02-ADCPTG010,bin_depths,bin_depths,,,,m,CP02PMCI,RII01,ADCPT
CP02PMCI-RII01-02-ADCPTG010,driver_timestamp,driver_timestamp,,,ENG,seconds since 1900-01-01,CP02PMCI,RII01,ADCPT
CP02PMCI-RII01-02-ADCPTG010,ensemble_start_time_2,ensemble_start_time_2,,,,seconds since 1900-01-01,CP02PMCI,RII01,ADCPT
CP02PMCI-RII01-02-ADCPTG010,real_time_clock_2,real_time_clock_2,,,,1,CP02PMCI,RII01,ADCPT
CP02PMCI-RII01-02-ADCPTG010,internal_timestamp,internal_timestamp,,,ENG,seconds since 1900-01-01,CP02PMCI,RII01,ADCPT
CP02PMCI-RII01-02-ADCPTG010,preferred_timestamp,preferred_timestamp,,,ENG,1,CP02PMCI,RII01,ADCPT
CP02PMCI-RII01-02-ADCPTG010,adcps_jln_record,adcps_jln_record,,,,1,CP02PMCI,RII01,ADCPT
CP02PMCI-RII01-02-ADCPTG010,adcps_jln_number,adcps_jln_number,,,,1,CP02PMCI,RII01,ADCPT
CP02PMCI-RII01-02-ADCPTG010,adcps_jln_unit_id,adcps_jln_unit_id,,,,1,CP02PMCI,RII01,ADCPT
CP02PMCI-RII01-02-ADCPTG010,adcps_jln_fw_vers,adcps_jln_fw_vers,,,,1,CP02PMCI,RII01,ADCPT
CP02PMCI-RII01-02-ADCPTG010,adcps_jln_fw_rev,adcps_jln_fw_rev,,,,1,CP02PMCI,RII01,ADCPT
CP02PMCI-RII01-02-ADCPTG010,adcps_jln_year,adcps_jln_year,,,,year,CP02PMCI,RII01,ADCPT
CP02PMCI-RII01-02-ADCPTG010,adcps_jln_month,adcps_jln_month,,,,month,CP02PMCI,RII01,ADCPT
CP02PMCI-RII01-02-ADCPTG010,adcps_jln_day,adcps_jln_day,,,,day,CP02PMCI,RII01,ADCPT
CP02PMCI-RII01-02-ADCPTG010,adcps_jln_hour,adcps_jln_hour,,,,hour,CP02PMCI,RII01,ADCPT
CP02PMCI-RII01-02-ADCPTG010,adcps_jln_minute,adcps_jln_minute,,,,minute,CP02PMCI,RII01,ADCPT
CP02PMCI-RII01-02-ADCPTG010,adcps_jln_second,adcps_jln_second,,,,sec,CP02PMCI,RII01,ADCPT
CP02PMCI-RII01-02-ADCPTG010,adcps_jln_hsec,adcps_jln_hsec,,,,csec,CP02PMCI,RII01,ADCPT
CP02PMCI-RII01-02-ADCPTG010,adcps_jln_heading,adcps_jln_heading,,,,cdegree,CP02PMCI,RII01,ADCPT
CP02PMCI-RII01-02-ADCPTG010,adcps_jln_pitch,adcps_jln_pitch,,,,cdegree,CP02PMCI,RII01,ADCPT
CP02PMCI-RII01-02-ADCPTG010,adcps_jln_roll,adcps_jln_roll,,,,cdegree,CP02PMCI,RII01,ADCPT
CP02PMCI-RII01-02-ADCPTG010,adcps_jln_temp,adcps_jln_temp,,,,cdeg_C,CP02PMCI,RII01,ADCPT
CP02PMCI-RII01-02-ADCPTG010,adcps_jln_pressure,adcps_jln_pressure,,,,daPa,CP02PMCI,RII01,ADCPT
CP02PMCI-RII01-02-ADCPTG010,adcps_jln_startbin,adcps_jln_startbin,,,,1,CP02PMCI,RII01,ADCPT
CP02PMCI-RII01-02-ADCPTG010,adcps_jln_bins,adcps_jln_bins,,,,1,CP02PMCI,RII01,ADCPT
CP02PMCI-RII01-02-ADCPTG010,adcps_jln_timestamp,adcps_jln_timestamp,,,,1,CP02PMCI,RII01,ADCPT
CP02PMCI-RII01-02-ADCPTG010,adcps_jln_id,adcps_jln_id,,,,1,CP02PMCI,RII01,ADCPT
CP02PMCI-RII01-02-ADCPTG010,adcps_jln_volts,adcps_jln_volts,,,,V,CP02PMCI,RII01,ADCPT
CP02PMCI-RII01-02-ADCPTG010,adcps_jln_records,adcps_jln_records,,,,1,CP02PMCI,RII01,ADCPT
CP02PMCI-RII01-02-ADCPTG010,adcps_jln_length,adcps_jln_length,,,,1,CP02PMCI,RII01,ADCPT
CP02PMCI-RII01-02-ADCPTG010,adcps_jln_events,adcps_jln_events,,,,1,CP02PMCI,RII01,ADCPT
CP02PMCI-RII01-02-ADCPTG010,adcps_jln_samples_written,adcps_jln_samples_written,,,,1,CP02PMCI,RII01,ADCPT
CP02PMCI-RII01-02-ADCPTG010,sensor_available_speed,sensor_available_speed,,,,1,CP02PMCI,RII01,ADCPT
CP02PMCI-RII01-02-ADCPTG010,sysconfig_beam_angle,sysconfig_beam_angle,,,,1,CP02PMCI,RII01,ADCPT
CP02PMCI-RII01-02-ADCPTG010,sysconfig_beam_config,sysconfig_beam_config,,,,1,CP02PMCI,RII01,ADCPT
CP02PMCI-RII01-02-ADCPTG010,adcps_jln_upward_seawater_velocity2,adcps_jln_upward_seawater_velocity2,-1,1,L1,m s-1,CP02PMCI,RII01,ADCPT
CP02PMCI-RII01-02-ADCPTG010,adcps_jln_error_velocity2,adcps_jln_error_velocity2,-1,1,L1,m s-1,CP02PMCI,RII01,ADCPT
CP02PMCI-RII01-02-ADCPTG010,adcps_jln_eastward_seawater_velocity2,adcps_jln_eastward_seawater_velocity2,-3,3,L1,m s-1,CP02PMCI,RII01,ADCPT
CP02PMCI-RII01-02-ADCPTG010,adcps_jln_northward_seawater_velocity2,adcps_jln_northward_seawater_velocity2,-3,3,L1,m s-1,CP02PMCI,RII01,ADCPT
CP02PMCI-RII01-02-ADCPTG010,adcps_jln_echo_intensity_beam1,adcps_jln_echo_intensity_beam1,0,255,L1,dB,CP02PMCI,RII01,ADCPT
CP02PMCI-RII01-02-ADCPTG010,adcps_jln_echo_intensity_beam2,adcps_jln_echo_intensity_beam2,0,255,L1,dB,CP02PMCI,RII01,ADCPT
CP02PMCI-RII01-02-ADCPTG010,adcps_jln_echo_intensity_beam3,adcps_jln_echo_intensity_beam3,0,255,L1,dB,CP02PMCI,RII01,ADCPT
CP02PMCI-RII01-02-ADCPTG010,adcps_jln_echo_intensity_beam4,adcps_jln_echo_intensity_beam4,0,255,L1,dB,CP02PMCI,RII01,ADCPT
CP02PMCI-RII01-02-ADCPTG010,serial_number,serial_number,,,ENG,1,CP02PMCI,RII01,ADCPT
CP02PMCI-RII01-02-ADCPTG010,adcps_jln_recovered_eastward_seawater_velocity,adcps_jln_recovered_eastward_seawater_velocity,-3,3,L1,m s-1,CP02PMCI,RII01,ADCPT
CP02PMCI-RII01-02-ADCPTG010,adcps_jln_recovered_northward_seawater_velocity,adcps_jln_recovered_northward_seawater_velocity,-3,3,L1,m s-1,CP02PMCI,RII01,ADCPT
CP02PMCI-RII01-02-ADCPTG010,firmware_version,firmware_version,,,,1,CP02PMCI,RII01,ADCPT
CP02PMCI-RII01-02-ADCPTG010,firmware_revision,firmware_revision,,,,1,CP02PMCI,RII01,ADCPT
CP02PMCI-RII01-02-ADCPTG010,sysconfig_frequency,sysconfig_frequency,,,,kHz,CP02PMCI,RII01,ADCPT
CP02PMCI-RII01-02-ADCPTG010,sysconfig_beam_pattern,sysconfig_beam_pattern,,,,1,CP02PMCI,RII01,ADCPT
CP02PMCI-RII01-02-ADCPTG010,sysconfig_sensor_config,sysconfig_sensor_config,,,,1,CP02PMCI,RII01,ADCPT
CP02PMCI-RII01-02-ADCPTG010,sysconfig_head_attached,sysconfig_head_attached,,,,1,CP02PMCI,RII01,ADCPT
CP02PMCI-RII01-02-ADCPTG010,sysconfig_vertical_orientation,sysconfig_vertical_orientation,,,,1,CP02PMCI,RII01,ADCPT
CP02PMCI-RII01-02-ADCPTG010,data_flag,data_flag,,,,1,CP02PMCI,RII01,ADCPT
CP02PMCI-RII01-02-ADCPTG010,lag_length,lag_length,,,,s,CP02PMCI,RII01,ADCPT
CP02PMCI-RII01-02-ADCPTG010,num_beams,num_beams,,,,1,CP02PMCI,RII01,ADCPT
CP02PMCI-RII01-02-ADCPTG010,num_cells,num_cells,,,,1,CP02PMCI,RII01,ADCPT
CP02PMCI-RII01-02-ADCPTG010,pings_per_ensemble,pings_per_ensemble,,,,1,CP02PMCI,RII01,ADCPT
CP02PMCI-RII01-02-ADCPTG010,cell_length,cell_length,,,,cm,CP02PMCI,RII01,ADCPT
CP02PMCI-RII01-02-ADCPTG010,blank_after_transmit,blank_after_transmit,,,,cm,CP02PMCI,RII01,ADCPT
CP02PMCI-RII01-02-ADCPTG010,signal_processing_mode,signal_processing_mode,,,,1,CP02PMCI,RII01,ADCPT
CP02PMCI-RII01-02-ADCPTG010,low_corr_threshold,low_corr_threshold,,,,counts,CP02PMCI,RII01,ADCPT
CP02PMCI-RII01-02-ADCPTG010,num_code_repetitions,num_code_repetitions,,,,counts,CP02PMCI,RII01,ADCPT
CP02PMCI-RII01-02-ADCPTG010,percent_good_min,percent_good_min,,,,percent,CP02PMCI,RII01,ADCPT
CP02PMCI-RII01-02-ADCPTG010,error_vel_threshold,error_vel_threshold,,,,mm s-1,CP02PMCI,RII01,ADCPT
CP02PMCI-RII01-02-ADCPTG010,time_per_ping_minutes,time_per_ping_minutes,,,,min,CP02PMCI,RII01,ADCPT
CP02PMCI-RII01-02-ADCPTG010,time_per_ping_seconds,time_per_ping_seconds,,,,s,CP02PMCI,RII01,ADCPT
CP02PMCI-RII01-02-ADCPTG010,coord_transform_type,coord_transform_type,,,,1,CP02PMCI,RII01,ADCPT
CP02PMCI-RII01-02-ADCPTG010,coord_transform_tilts,coord_transform_tilts,,,,1,CP02PMCI,RII01,ADCPT
CP02PMCI-RII01-02-ADCPTG010,coord_transform_beams,coord_transform_beams,,,,1,CP02PMCI,RII01,ADCPT
CP02PMCI-RII01-02-ADCPTG010,coord_transform_mapping,coord_transform_mapping,,,,1,CP02PMCI,RII01,ADCPT
CP02PMCI-RII01-02-ADCPTG010,heading_alignment,heading_alignment,,,,cdegrees,CP02PMCI,RII01,ADCPT
CP02PMCI-RII01-02-ADCPTG010,heading_bias,heading_bias,,,,cdegrees,CP02PMCI,RII01,ADCPT
CP02PMCI-RII01-02-ADCPTG010,sensor_source_speed,sensor_source_speed,,,,1,CP02PMCI,RII01,ADCPT
CP02PMCI-RII01-02-ADCPTG010,sensor_source_depth,sensor_source_depth,,,,1,CP02PMCI,RII01,ADCPT
CP02PMCI-RII01-02-ADCPTG010,sensor_source_heading,sensor_source_heading,,,,1,CP02PMCI,RII01,ADCPT
CP02PMCI-RII01-02-ADCPTG010,sensor_source_pitch,sensor_source_pitch,,,,1,CP02PMCI,RII01,ADCPT
CP02PMCI-RII01-02-ADCPTG010,sensor_source_roll,sensor_source_roll,,,,1,CP02PMCI,RII01,ADCPT
CP02PMCI-RII01-02-ADCPTG010,sensor_source_conductivity,sensor_source_conductivity,,,,1,CP02PMCI,RII01,ADCPT
CP02PMCI-RII01-02-ADCPTG010,sensor_source_temperature,sensor_source_temperature,,,,1,CP02PMCI,RII01,ADCPT
CP02PMCI-RII01-02-ADCPTG010,sensor_available_depth,sensor_available_depth,,,,1,CP02PMCI,RII01,ADCPT
CP02PMCI-RII01-02-ADCPTG010,sensor_available_heading,sensor_available_heading,,,,1,CP02PMCI,RII01,ADCPT
CP02PMCI-RII01-02-ADCPTG010,sensor_available_pitch,sensor_available_pitch,,,,1,CP02PMCI,RII01,ADCPT
CP02PMCI-RII01-02-ADCPTG010,sensor_available_roll,sensor_available_roll,,,,1,CP02PMCI,RII01,ADCPT
CP02PMCI-RII01-02-ADCPTG010,sensor_available_conductivity,sensor_available_conductivity,,,,1,CP02PMCI,RII01,ADCPT
CP02PMCI-RII01-02-ADCPTG010,sensor_available_temperature,sensor_available_temperature,,,,1,CP02PMCI,RII01,ADCPT
CP02PMCI-RII01-02-ADCPTG010,bin_1_distance,bin_1_distance,,,,cm,CP02PMCI,RII01,ADCPT
CP02PMCI-RII01-02-ADCPTG010,transmit_pulse_length,transmit_pulse_length,,,,cm,CP02PMCI,RII01,ADCPT
CP02PMCI-RII01-02-ADCPTG010,reference_layer_start,reference_layer_start,,,,1,CP02PMCI,RII01,ADCPT
CP02PMCI-RII01-02-ADCPTG010,reference_layer_stop,reference_layer_stop,,,,1,CP02PMCI,RII01,ADCPT
CP02PMCI-RII01-02-ADCPTG010,false_target_threshold,false_target_threshold,,,,counts,CP02PMCI,RII01,ADCPT
CP02PMCI-RII01-02-ADCPTG010,low_latency_trigger,low_latency_trigger,,,,1,CP02PMCI,RII01,ADCPT
CP02PMCI-RII01-02-ADCPTG010,transmit_lag_distance,transmit_lag_distance,,,,cm,CP02PMCI,RII01,ADCPT
CP02PMCI-RII01-02-ADCPTG010,cpu_board_serial_number,cpu_board_serial_number,,,,1,CP02PMCI,RII01,ADCPT
CP02PMCI-RII01-02-ADCPTG010,system_bandwidth,system_bandwidth,,,,1,CP02PMCI,RII01,ADCPT
CP02PMCI-RII01-02-ADCPTG010,system_power,system_power,,,,1,CP02PMCI,RII01,ADCPT
CP02PMCI-RII01-02-ADCPTG010,beam_angle,beam_angle,,,,degrees,CP02PMCI,RII01,ADCPT
CP02PMCI-RII01-02-ADCPTG010,ensemble_number,ensemble_number,,,,1,CP02PMCI,RII01,ADCPT
CP02PMCI-RII01-02-ADCPTG010,ensemble_number_increment,ensemble_number_increment,,,,1,CP02PMCI,RII01,ADCPT
CP02PMCI-RII01-02-ADCPTG010,bit_result_demod_1,bit_result_demod_1,,,,1,CP02PMCI,RII01,ADCPT
CP02PMCI-RII01-02-ADCPTG010,bit_result_demod_0,bit_result_demod_0,,,,1,CP02PMCI,RII01,ADCPT
CP02PMCI-RII01-02-ADCPTG010,bit_result_timing,bit_result_timing,,,,1,CP02PMCI,RII01,ADCPT
CP02PMCI-RII01-02-ADCPTG010,speed_of_sound,speed_of_sound,,,,m s-1,CP02PMCI,RII01,ADCPT
CP02PMCI-RII01-02-ADCPTG010,transducer_depth,transducer_depth,,,,dm,CP02PMCI,RII01,ADCPT
CP02PMCI-RII01-02-ADCPTG010,heading,heading,,,,cdegrees,CP02PMCI,RII01,ADCPT
CP02PMCI-RII01-02-ADCPTG010,pitch,pitch,,,,cdegrees,CP02PMCI,RII01,ADCPT
CP02PMCI-RII01-02-ADCPTG010,roll,roll,,,,cdegrees,CP02PMCI,RII01,ADCPT
CP02PMCI-RII01-02-ADCPTG010,salinity,salinity,,,,1,CP02PMCI,RII01,ADCPT
CP02PMCI-RII01-02-ADCPTG010,temperature,temperature,,,,cdeg_C,CP02PMCI,RII01,ADCPT
CP02PMCI-RII01-02-ADCPTG010,mpt_minutes,mpt_minutes,,,,min,CP02PMCI,RII01,ADCPT
CP02PMCI-RII01-02-ADCPTG010,mpt_seconds,mpt_seconds,,,,s,CP02PMCI,RII01,ADCPT
CP02PMCI-RII01-02-ADCPTG010,heading_stdev,heading_stdev,,,,degrees,CP02PMCI,RII01,ADCPT
CP02PMCI-RII01-02-ADCPTG010,pitch_stdev,pitch_stdev,,,,ddegrees,CP02PMCI,RII01,ADCPT
CP02PMCI-RII01-02-ADCPTG010,roll_stdev,roll_stdev,,,,ddegrees,CP02PMCI,RII01,ADCPT
CP02PMCI-RII01-02-ADCPTG010,adc_transmit_current,adc_transmit_current,,,,counts,CP02PMCI,RII01,ADCPT
CP02PMCI-RII01-02-ADCPTG010,adc_transmit_voltage,adc_transmit_voltage,,,,counts,CP02PMCI,RII01,ADCPT
CP02PMCI-RII01-02-ADCPTG010,adc_ambient_temp,adc_ambient_temp,,,,counts,CP02PMCI,RII01,ADCPT
CP02PMCI-RII01-02-ADCPTG010,adc_pressure_plus,adc_pressure_plus,,,,counts,CP02PMCI,RII01,ADCPT
CP02PMCI-RII01-02-ADCPTG010,adc_pressure_minus,adc_pressure_minus,,,,counts,CP02PMCI,RII01,ADCPT
CP02PMCI-RII01-02-ADCPTG010,adc_attitude_temp,adc_attitude_temp,,,,counts,CP02PMCI,RII01,ADCPT
CP02PMCI-RII01-02-ADCPTG010,adc_attitude,adc_attitude,,,,counts,CP02PMCI,RII01,ADCPT
CP02PMCI-RII01-02-ADCPTG010,adc_contamination_sensor,adc_contamination_sensor,,,,counts,CP02PMCI,RII01,ADCPT
CP02PMCI-RII01-02-ADCPTG010,bus_error_exception,bus_error_exception,,,,1,CP02PMCI,RII01,ADCPT
CP02PMCI-RII01-02-ADCPTG010,address_error_exception,address_error_exception,,,,1,CP02PMCI,RII01,ADCPT
CP02PMCI-RII01-02-ADCPTG010,illegal_instruction_exception,illegal_instruction_exception,,,,1,CP02PMCI,RII01,ADCPT
CP02PMCI-RII01-02-ADCPTG010,zero_divide_instruction,zero_divide_instruction,,,,1,CP02PMCI,RII01,ADCPT
CP02PMCI-RII01-02-ADCPTG010,emulator_exception,emulator_exception,,,,1,CP02PMCI,RII01,ADCPT
CP02PMCI-RII01-02-ADCPTG010,unassigned_exception,unassigned_exception,,,,1,CP02PMCI,RII01,ADCPT
CP02PMCI-RII01-02-ADCPTG010,watchdog_restart_occurred,watchdog_restart_occurred,,,,1,CP02PMCI,RII01,ADCPT
CP02PMCI-RII01-02-ADCPTG010,battery_saver_power,battery_saver_power,,,,1,CP02PMCI,RII01,ADCPT
CP02PMCI-RII01-02-ADCPTG010,pinging,pinging,,,,1,CP02PMCI,RII01,ADCPT
CP02PMCI-RII01-02-ADCPTG010,cold_wakeup_occurred,cold_wakeup_occurred,,,,1,CP02PMCI,RII01,ADCPT
CP02PMCI-RII01-02-ADCPTG010,time,time,,,ENG,seconds since 1900-01-01,CP02PMCI,RII01,ADCPT
CP02PMCI-RII01-02-ADCPTG010,unknown_wakeup_occurred,unknown_wakeup_occurred,,,,1,CP02PMCI,RII01,ADCPT
CP02PMCI-RII01-02-ADCPTG010,clock_read_error,clock_read_error,,,,1,CP02PMCI,RII01,ADCPT
CP02PMCI-RII01-02-ADCPTG010,unexpected_alarm,unexpected_alarm,,,,1,CP02PMCI,RII01,ADCPT
CP02PMCI-RII01-02-ADCPTG010,clock_jump_forward,clock_jump_forward,,,,1,CP02PMCI,RII01,ADCPT
CP02PMCI-RII01-02-ADCPTG010,clock_jump_backward,clock_jump_backward,,,,1,CP02PMCI,RII01,ADCPT
CP02PMCI-RII01-02-ADCPTG010,power_fail,power_fail,,,,1,CP02PMCI,RII01,ADCPT
CP02PMCI-RII01-02-ADCPTG010,spurious_dsp_interrupt,spurious_dsp_interrupt,,,,1,CP02PMCI,RII01,ADCPT
CP02PMCI-RII01-02-ADCPTG010,spurious_uart_interrupt,spurious_uart_interrupt,,,,1,CP02PMCI,RII01,ADCPT
CP02PMCI-RII01-02-ADCPTG010,spurious_clock_interrupt,spurious_clock_interrupt,,,,1,CP02PMCI,RII01,ADCPT
CP02PMCI-RII01-02-ADCPTG010,level_7_interrupt,level_7_interrupt,,,,1,CP02PMCI,RII01,ADCPT
CP02PMCI-RII01-02-ADCPTG010,pressure,pressure,,,,daPa,CP02PMCI,RII01,ADCPT
CP02PMCI-RII01-02-ADCPTG010,pressure_variance,pressure_variance,,,,daPa,CP02PMCI,RII01,ADCPT
CP02PMCI-RII01-02-ADCPTG010,water_velocity_east,water_velocity_east,,,L0,mm s-1,CP02PMCI,RII01,ADCPT
CP02PMCI-RII01-02-ADCPTG010,water_velocity_north,water_velocity_north,,,L0,mm s-1,CP02PMCI,RII01,ADCPT
CP02PMCI-RII01-02-ADCPTG010,water_velocity_up,water_velocity_up,,,L0,mm s-1,CP02PMCI,RII01,ADCPT
CP02PMCI-RII01-02-ADCPTG010,error_velocity,error_velocity,,,L0,mm s-1,CP02PMCI,RII01,ADCPT
CP02PMCI-RII01-02-ADCPTG010,correlation_magnitude_beam1,correlation_magnitude_beam1,,,,1,CP02PMCI,RII01,ADCPT
CP02PMCI-RII01-02-ADCPTG010,correlation_magnitude_beam2,correlation_magnitude_beam2,,,,1,CP02PMCI,RII01,ADCPT
CP02PMCI-RII01-02-ADCPTG010,correlation_magnitude_beam3,correlation_magnitude_beam3,,,,1,CP02PMCI,RII01,ADCPT
CP02PMCI-RII01-02-ADCPTG010,correlation_magnitude_beam4,correlation_magnitude_beam4,,,,1,CP02PMCI,RII01,ADCPT
CP02PMCI-RII01-02-ADCPTG010,echo_intensity_beam1,echo_intensity_beam1,,,L0,counts,CP02PMCI,RII01,ADCPT
CP02PMCI-RII01-02-ADCPTG010,echo_intensity_beam2,echo_intensity_beam2,,,L0,counts,CP02PMCI,RII01,ADCPT
CP02PMCI-RII01-02-ADCPTG010,echo_intensity_beam3,echo_intensity_beam3,,,L0,counts,CP02PMCI,RII01,ADCPT
CP02PMCI-RII01-02-ADCPTG010,echo_intensity_beam4,echo_intensity_beam4,,,L0,counts,CP02PMCI,RII01,ADCPT
CP02PMCI-RII01-02-ADCPTG010,percent_good_3beam,percent_good_3beam,,,,percent,CP02PMCI,RII01,ADCPT
CP02PMCI-RII01-02-ADCPTG010,percent_transforms_reject,percent_transforms_reject,,,,percent,CP02PMCI,RII01,ADCPT
CP02PMCI-RII01-02-ADCPTG010,percent_bad_beams,percent_bad_beams,,,,percent,CP02PMCI,RII01,ADCPT
CP02PMCI-RII01-02-ADCPTG010,percent_good_4beam,percent_good_4beam,,,,percent,CP02PMCI,RII01,ADCPT
CP02PMCI-RII01-02-ADCPTG010,ensemble_start_time,ensemble_start_time,,,,seconds since 1900-01-01,CP02PMCI,RII01,ADCPT
CP02PMCI-RII01-02-ADCPTG010,ingestion_timestamp,ingestion_timestamp,,,ENG,seconds since 1900-01-01,CP02PMCI,RII01,ADCPT
CP02PMCI-RII01-02-ADCPTG010,real_time_clock,real_time_clock,,,,1,CP02PMCI,RII01,ADCPT
CP02PMCI-SBS01-01-MOPAK0000,driver_timestamp,driver_timestamp,,,ENG,seconds since 1900-01-01,CP02PMCI,SBS01,MOPAK
CP02PMCI-SBS01-01-MOPAK0000,internal_timestamp,internal_timestamp,,,ENG,seconds since 1900-01-01,CP02PMCI,SBS01,MOPAK
CP02PMCI-SBS01-01-MOPAK0000,mopak_accelx,mopak_accelx,,,ENG,g0,CP02PMCI,SBS01,MOPAK
CP02PMCI-SBS01-01-MOPAK0000,mopak_accely,mopak_accely,,,ENG,g0,CP02PMCI,SBS01,MOPAK
CP02PMCI-SBS01-01-MOPAK0000,mopak_accelz,mopak_accelz,,,ENG,g0,CP02PMCI,SBS01,MOPAK
CP02PMCI-SBS01-01-MOPAK0000,mopak_ang_ratex,mopak_ang_ratex,,,ENG,rad s-1,CP02PMCI,SBS01,MOPAK
CP02PMCI-SBS01-01-MOPAK0000,mopak_ang_ratey,mopak_ang_ratey,,,ENG,rad s-1,CP02PMCI,SBS01,MOPAK
CP02PMCI-SBS01-01-MOPAK0000,preferred_timestamp,preferred_timestamp,,,ENG,1,CP02PMCI,SBS01,MOPAK
CP02PMCI-SBS01-01-MOPAK0000,mopak_ang_ratez,mopak_ang_ratez,,,ENG,rad s-1,CP02PMCI,SBS01,MOPAK
CP02PMCI-SBS01-01-MOPAK0000,mopak_magx,mopak_magx,,,ENG,Gs,CP02PMCI,SBS01,MOPAK
CP02PMCI-SBS01-01-MOPAK0000,mopak_magy,mopak_magy,,,ENG,Gs,CP02PMCI,SBS01,MOPAK
CP02PMCI-SBS01-01-MOPAK0000,mopak_magz,mopak_magz,,,ENG,Gs,CP02PMCI,SBS01,MOPAK
CP02PMCI-SBS01-01-MOPAK0000,mopak_timer,mopak_timer,,,ENG,counts,CP02PMCI,SBS01,MOPAK
CP02PMCI-SBS01-01-MOPAK0000,mopak_roll,mopak_roll,,,ENG,degrees,CP02PMCI,SBS01,MOPAK
CP02PMCI-SBS01-01-MOPAK0000,mopak_pitch,mopak_pitch,,,ENG,degrees,CP02PMCI,SBS01,MOPAK
CP02PMCI-SBS01-01-MOPAK0000,mopak_yaw,mopak_yaw,,,ENG,degrees,CP02PMCI,SBS01,MOPAK
CP02PMCI-SBS01-01-MOPAK0000,time,time,,,ENG,seconds since 1900-01-01,CP02PMCI,SBS01,MOPAK
CP02PMCI-SBS01-01-MOPAK0000,ingestion_timestamp,ingestion_timestamp,,,ENG,seconds since 1900-01-01,CP02PMCI,SBS01,MOPAK
CP02PMCI-WFP01-01-VEL3DK000,driver_timestamp,driver_timestamp,,,ENG,seconds since 1900-01-01,CP02PMCI,WFP01,VEL3D
CP02PMCI-WFP01-01-VEL3DK000,internal_timestamp,internal_timestamp,,,ENG,seconds since 1900-01-01,CP02PMCI,WFP01,VEL3D
CP02PMCI-WFP01-01-VEL3DK000,preferred_timestamp,preferred_timestamp,,,ENG,1,CP02PMCI,WFP01,VEL3D
CP02PMCI-WFP01-01-VEL3DK000,vel3d_k_temp_c,vel3d_k_temp_c,,,AUX,cdeg_C,CP02PMCI,WFP01,VEL3D
CP02PMCI-WFP01-01-VEL3DK000,vel3d_k_heading,vel3d_k_heading,,,AUX,ddegrees,CP02PMCI,WFP01,VEL3D
CP02PMCI-WFP01-01-VEL3DK000,vel3d_k_pitch,vel3d_k_pitch,,,AUX,ddegrees,CP02PMCI,WFP01,VEL3D
CP02PMCI-WFP01-01-VEL3DK000,vel3d_k_roll,vel3d_k_roll,,,AUX,ddegrees,CP02PMCI,WFP01,VEL3D
CP02PMCI-WFP01-01-VEL3DK000,vel3d_k_v_scale,vel3d_k_v_scale,,,,counts,CP02PMCI,WFP01,VEL3D
CP02PMCI-WFP01-01-VEL3DK000,vel3d_k_vel0,vel3d_k_vel0,,,L0,counts,CP02PMCI,WFP01,VEL3D
CP02PMCI-WFP01-01-VEL3DK000,vel3d_k_vel1,vel3d_k_vel1,,,L0,counts,CP02PMCI,WFP01,VEL3D
CP02PMCI-WFP01-01-VEL3DK000,vel3d_k_vel2,vel3d_k_vel2,,,L0,counts,CP02PMCI,WFP01,VEL3D
CP02PMCI-WFP01-01-VEL3DK000,vel3d_k_amp0,vel3d_k_amp0,,,AUX,counts,CP02PMCI,WFP01,VEL3D
CP02PMCI-WFP01-01-VEL3DK000,vel3d_k_amp1,vel3d_k_amp1,,,AUX,counts,CP02PMCI,WFP01,VEL3D
CP02PMCI-WFP01-01-VEL3DK000,vel3d_k_amp2,vel3d_k_amp2,,,AUX,counts,CP02PMCI,WFP01,VEL3D
CP02PMCI-WFP01-01-VEL3DK000,vel3d_k_number_of_records,vel3d_k_number_of_records,,,,counts,CP02PMCI,WFP01,VEL3D
CP02PMCI-WFP01-01-VEL3DK000,vel3d_k_time_on,vel3d_k_time_on,,,,s,CP02PMCI,WFP01,VEL3D
CP02PMCI-WFP01-01-VEL3DK000,vel3d_k_time_off,vel3d_k_time_off,,,,s,CP02PMCI,WFP01,VEL3D
CP02PMCI-WFP01-01-VEL3DK000,vel3d_k_id,vel3d_k_id,,,,1,CP02PMCI,WFP01,VEL3D
CP02PMCI-WFP01-01-VEL3DK000,vel3d_k_version,vel3d_k_version,,,,counts,CP02PMCI,WFP01,VEL3D
CP02PMCI-WFP01-01-VEL3DK000,vel3d_k_serial,vel3d_k_serial,,,ENG,counts,CP02PMCI,WFP01,VEL3D
CP02PMCI-WFP01-01-VEL3DK000,vel3d_k_configuration,vel3d_k_configuration,,,,counts,CP02PMCI,WFP01,VEL3D
CP02PMCI-WFP01-01-VEL3DK000,vel3d_k_micro_second,vel3d_k_micro_second,,,,counts,CP02PMCI,WFP01,VEL3D
CP02PMCI-WFP01-01-VEL3DK000,vel3d_k_speed_sound,vel3d_k_speed_sound,,,AUX,counts,CP02PMCI,WFP01,VEL3D
CP02PMCI-WFP01-01-VEL3DK000,vel3d_k_pressure,vel3d_k_pressure,,,AUX,0.001 dbar,CP02PMCI,WFP01,VEL3D
CP02PMCI-WFP01-01-VEL3DK000,vel3d_k_error,vel3d_k_error,,,,counts,CP02PMCI,WFP01,VEL3D
CP02PMCI-WFP01-01-VEL3DK000,vel3d_k_status,vel3d_k_status,,,,counts,CP02PMCI,WFP01,VEL3D
CP02PMCI-WFP01-01-VEL3DK000,vel3d_k_beams_coordinate,vel3d_k_beams_coordinate,,,,bit mask,CP02PMCI,WFP01,VEL3D
CP02PMCI-WFP01-01-VEL3DK000,vel3d_k_cell_size,vel3d_k_cell_size,,,,counts,CP02PMCI,WFP01,VEL3D
CP02PMCI-WFP01-01-VEL3DK000,vel3d_k_blanking,vel3d_k_blanking,,,,counts,CP02PMCI,WFP01,VEL3D
CP02PMCI-WFP01-01-VEL3DK000,vel3d_k_velocity_range,vel3d_k_velocity_range,,,,counts,CP02PMCI,WFP01,VEL3D
CP02PMCI-WFP01-01-VEL3DK000,vel3d_k_battery_voltage,vel3d_k_battery_voltage,,,,counts,CP02PMCI,WFP01,VEL3D
CP02PMCI-WFP01-01-VEL3DK000,vel3d_k_mag_x,vel3d_k_mag_x,,,AUX,counts,CP02PMCI,WFP01,VEL3D
CP02PMCI-WFP01-01-VEL3DK000,vel3d_k_mag_y,vel3d_k_mag_y,,,AUX,counts,CP02PMCI,WFP01,VEL3D
CP02PMCI-WFP01-01-VEL3DK000,vel3d_k_mag_z,vel3d_k_mag_z,,,AUX,counts,CP02PMCI,WFP01,VEL3D
CP02PMCI-WFP01-01-VEL3DK000,vel3d_k_acc_x,vel3d_k_acc_x,,,AUX,counts,CP02PMCI,WFP01,VEL3D
CP02PMCI-WFP01-01-VEL3DK000,vel3d_k_acc_y,vel3d_k_acc_y,,,AUX,counts,CP02PMCI,WFP01,VEL3D
CP02PMCI-WFP01-01-VEL3DK000,vel3d_k_acc_z,vel3d_k_acc_z,,,AUX,counts,CP02PMCI,WFP01,VEL3D
CP02PMCI-WFP01-01-VEL3DK000,vel3d_k_ambiguity,vel3d_k_ambiguity,,,,counts,CP02PMCI,WFP01,VEL3D
CP02PMCI-WFP01-01-VEL3DK000,vel3d_k_data_set_description,vel3d_k_data_set_description,,,,bit mask,CP02PMCI,WFP01,VEL3D
CP02PMCI-WFP01-01-VEL3DK000,vel3d_k_transmit_energy,vel3d_k_transmit_energy,,,,counts,CP02PMCI,WFP01,VEL3D
CP02PMCI-WFP01-01-VEL3DK000,vel3d_k_power_level,vel3d_k_power_level,,,,counts,CP02PMCI,WFP01,VEL3D
CP02PMCI-WFP01-01-VEL3DK000,vel3d_k_corr0,vel3d_k_corr0,,,AUX,counts,CP02PMCI,WFP01,VEL3D
CP02PMCI-WFP01-01-VEL3DK000,vel3d_k_corr1,vel3d_k_corr1,,,AUX,counts,CP02PMCI,WFP01,VEL3D
CP02PMCI-WFP01-01-VEL3DK000,vel3d_k_corr2,vel3d_k_corr2,,,AUX,counts,CP02PMCI,WFP01,VEL3D
CP02PMCI-WFP01-01-VEL3DK000,vel3d_k_str_id,vel3d_k_str_id,,,,counts,CP02PMCI,WFP01,VEL3D
CP02PMCI-WFP01-01-VEL3DK000,vel3d_k_string,vel3d_k_string,,,,1,CP02PMCI,WFP01,VEL3D
CP02PMCI-WFP01-01-VEL3DK000,vel3d_k_beams,vel3d_k_beams,,,,1,CP02PMCI,WFP01,VEL3D
CP02PMCI-WFP01-01-VEL3DK000,vel3d_k_eastward_velocity,vel3d_k_eastward_velocity,-3,3,L1,m s-1,CP02PMCI,WFP01,VEL3D
CP02PMCI-WFP01-01-VEL3DK000,vel3d_k_northward_velocity,vel3d_k_northward_velocity,-3,3,L1,m s-1,CP02PMCI,WFP01,VEL3D
CP02PMCI-WFP01-01-VEL3DK000,vel3d_k_upward_velocity,vel3d_k_upward_velocity,-1,1,L1,m s-1,CP02PMCI,WFP01,VEL3D
CP02PMCI-WFP01-01-VEL3DK000,time,time,,,ENG,seconds since 1900-01-01,CP02PMCI,WFP01,VEL3D
CP02PMCI-WFP01-01-VEL3DK000,date_time_array,date_time_array,,,,1,CP02PMCI,WFP01,VEL3D
CP02PMCI-WFP01-01-VEL3DK000,ingestion_timestamp,ingestion_timestamp,,,ENG,seconds since 1900-01-01,CP02PMCI,WFP01,VEL3D
CP02PMCI-WFP01-02-DOFSTK000,driver_timestamp,driver_timestamp,,,ENG,seconds since 1900-01-01,CP02PMCI,WFP01,DOFST
CP02PMCI-WFP01-02-DOFSTK000,internal_timestamp,internal_timestamp,,,ENG,seconds since 1900-01-01,CP02PMCI,WFP01,DOFST
CP02PMCI-WFP01-02-DOFSTK000,wfp_time_on,wfp_time_on,,,,seconds since 1970-01-01,CP02PMCI,WFP01,DOFST
CP02PMCI-WFP01-02-DOFSTK000,wfp_time_off,wfp_time_off,,,,seconds since 1970-01-01,CP02PMCI,WFP01,DOFST
CP02PMCI-WFP01-02-DOFSTK000,wfp_number_samples,wfp_number_samples,,,,counts,CP02PMCI,WFP01,DOFST
CP02PMCI-WFP01-02-DOFSTK000,preferred_timestamp,preferred_timestamp,,,ENG,1,CP02PMCI,WFP01,DOFST
CP02PMCI-WFP01-02-DOFSTK000,dofst_k_oxygen,dofst_k_oxygen,,,L0,Hz,CP02PMCI,WFP01,DOFST
CP02PMCI-WFP01-02-DOFSTK000,dofst_k_oxygen_l2,dofst_k_oxygen_l2,0,400,L2,umol kg-1,CP02PMCI,WFP01,DOFST
CP02PMCI-WFP01-02-DOFSTK000,time,time,,,ENG,seconds since 1900-01-01,CP02PMCI,WFP01,DOFST
CP02PMCI-WFP01-02-DOFSTK000,ingestion_timestamp,ingestion_timestamp,,,ENG,seconds since 1900-01-01,CP02PMCI,WFP01,DOFST
CP02PMCI-WFP01-03-CTDPFK000,driver_timestamp,driver_timestamp,,,ENG,seconds since 1900-01-01,CP02PMCI,WFP01,CTDPF
CP02PMCI-WFP01-03-CTDPFK000,internal_timestamp,internal_timestamp,,,ENG,seconds since 1900-01-01,CP02PMCI,WFP01,CTDPF
CP02PMCI-WFP01-03-CTDPFK000,wfp_time_on,wfp_time_on,,,,seconds since 1970-01-01,CP02PMCI,WFP01,CTDPF
CP02PMCI-WFP01-03-CTDPFK000,wfp_time_off,wfp_time_off,,,,seconds since 1970-01-01,CP02PMCI,WFP01,CTDPF
CP02PMCI-WFP01-03-CTDPFK000,wfp_number_samples,wfp_number_samples,,,,counts,CP02PMCI,WFP01,CTDPF
CP02PMCI-WFP01-03-CTDPFK000,preferred_timestamp,preferred_timestamp,,,ENG,1,CP02PMCI,WFP01,CTDPF
CP02PMCI-WFP01-03-CTDPFK000,temperature,temperature,,,L0,counts,CP02PMCI,WFP01,CTDPF
CP02PMCI-WFP01-03-CTDPFK000,conductivity,conductivity,,,L0,counts,CP02PMCI,WFP01,CTDPF
CP02PMCI-WFP01-03-CTDPFK000,pressure,pressure,,,L0,counts,CP02PMCI,WFP01,CTDPF
CP02PMCI-WFP01-03-CTDPFK000,ctdpf_ckl_seawater_pressure,ctdpf_ckl_seawater_pressure,0,6000,L1,dbar,CP02PMCI,WFP01,CTDPF
CP02PMCI-WFP01-03-CTDPFK000,ctdpf_ckl_seawater_temperature,ctdpf_ckl_seawater_temperature,-2,40,L1,deg_C,CP02PMCI,WFP01,CTDPF
CP02PMCI-WFP01-03-CTDPFK000,ctdpf_ckl_seawater_conductivity,ctdpf_ckl_seawater_conductivity,0,6,L1,S m-1,CP02PMCI,WFP01,CTDPF
CP02PMCI-WFP01-03-CTDPFK000,ctdpf_ckl_sci_water_pracsal,ctdpf_ckl_sci_water_pracsal,0,42,L2,1,CP02PMCI,WFP01,CTDPF
CP02PMCI-WFP01-03-CTDPFK000,ctdpf_ckl_seawater_density,ctdpf_ckl_seawater_density,1000,1100,L2,kg m-3,CP02PMCI,WFP01,CTDPF
CP02PMCI-WFP01-03-CTDPFK000,time,time,,,ENG,seconds since 1900-01-01,CP02PMCI,WFP01,CTDPF
CP02PMCI-WFP01-03-CTDPFK000,ingestion_timestamp,ingestion_timestamp,,,ENG,seconds since 1900-01-01,CP02PMCI,WFP01,CTDPF
CP02PMCI-WFP01-04-FLORTK000,driver_timestamp,driver_timestamp,,,ENG,seconds since 1900-01-01,CP02PMCI,WFP01,FLORT
CP02PMCI-WFP01-04-FLORTK000,raw_signal_beta,raw_signal_beta,,,L0,counts,CP02PMCI,WFP01,FLORT
CP02PMCI-WFP01-04-FLORTK000,raw_signal_chl,raw_signal_chl,,,L0,counts,CP02PMCI,WFP01,FLORT
CP02PMCI-WFP01-04-FLORTK000,raw_signal_cdom,raw_signal_cdom,,,L0,counts,CP02PMCI,WFP01,FLORT
CP02PMCI-WFP01-04-FLORTK000,internal_timestamp,internal_timestamp,,,ENG,seconds since 1900-01-01,CP02PMCI,WFP01,FLORT
CP02PMCI-WFP01-04-FLORTK000,preferred_timestamp,preferred_timestamp,,,ENG,1,CP02PMCI,WFP01,FLORT
CP02PMCI-WFP01-04-FLORTK000,wfp_timestamp,wfp_timestamp,,,ENG,seconds since 1970-01-01,CP02PMCI,WFP01,FLORT
CP02PMCI-WFP01-04-FLORTK000,flort_k_total_volume_scattering_coefficient,flort_k_total_volume_scattering_coefficient,,,L1,m-1 sr-1,CP02PMCI,WFP01,FLORT
CP02PMCI-WFP01-04-FLORTK000,fluorometric_chlorophyll_a,fluorometric_chlorophyll_a,0,50,L1,ug L-1,CP02PMCI,WFP01,FLORT
CP02PMCI-WFP01-04-FLORTK000,fluorometric_cdom,fluorometric_cdom,0,375,L1,ppb,CP02PMCI,WFP01,FLORT
CP02PMCI-WFP01-04-FLORTK000,flort_kn_bback_total,flort_kn_bback_total,0.0003,1,L2,m-1,CP02PMCI,WFP01,FLORT
CP02PMCI-WFP01-04-FLORTK000,scat_seawater,scat_seawater,,,AUX,m-1,CP02PMCI,WFP01,FLORT
CP02PMCI-WFP01-04-FLORTK000,time,time,,,ENG,seconds since 1900-01-01,CP02PMCI,WFP01,FLORT
CP02PMCI-WFP01-04-FLORTK000,ingestion_timestamp,ingestion_timestamp,,,ENG,seconds since 1900-01-01,CP02PMCI,WFP01,FLORT
CP02PMCI-WFP01-05-PARADK000,driver_timestamp,driver_timestamp,,,ENG,seconds since 1900-01-01,CP02PMCI,WFP01,PARAD
CP02PMCI-WFP01-05-PARADK000,internal_timestamp,internal_timestamp,,,ENG,seconds since 1900-01-01,CP02PMCI,WFP01,PARAD
CP02PMCI-WFP01-05-PARADK000,par_val_v,par_val_v,,,L0,mV,CP02PMCI,WFP01,PARAD
CP02PMCI-WFP01-05-PARADK000,preferred_timestamp,preferred_timestamp,,,ENG,1,CP02PMCI,WFP01,PARAD
CP02PMCI-WFP01-05-PARADK000,wfp_timestamp,wfp_timestamp,,,ENG,seconds since 1970-01-01,CP02PMCI,WFP01,PARAD
CP02PMCI-WFP01-05-PARADK000,parad_k_par,parad_k_par,0,2500,L1,umol photons m-2 s-1,CP02PMCI,WFP01,PARAD
CP02PMCI-WFP01-05-PARADK000,time,time,,,ENG,seconds since 1900-01-01,CP02PMCI,WFP01,PARAD
CP02PMCI-WFP01-05-PARADK000,ingestion_timestamp,ingestion_timestamp,,,ENG,seconds since 1900-01-01,CP02PMCI,WFP01,PARAD
CP02PMCO-RII01-02-ADCPTG010,bin_depths,bin_depths,,,,m,CP02PMCO,RII01,ADCPT
CP02PMCO-RII01-02-ADCPTG010,driver_timestamp,driver_timestamp,,,ENG,seconds since 1900-01-01,CP02PMCO,RII01,ADCPT
CP02PMCO-RII01-02-ADCPTG010,ensemble_start_time_2,ensemble_start_time_2,,,,seconds since 1900-01-01,CP02PMCO,RII01,ADCPT
CP02PMCO-RII01-02-ADCPTG010,real_time_clock_2,real_time_clock_2,,,,1,CP02PMCO,RII01,ADCPT
CP02PMCO-RII01-02-ADCPTG010,internal_timestamp,internal_timestamp,,,ENG,seconds since 1900-01-01,CP02PMCO,RII01,ADCPT
CP02PMCO-RII01-02-ADCPTG010,preferred_timestamp,preferred_timestamp,,,ENG,1,CP02PMCO,RII01,ADCPT
CP02PMCO-RII01-02-ADCPTG010,adcps_jln_record,adcps_jln_record,,,,1,CP02PMCO,RII01,ADCPT
CP02PMCO-RII01-02-ADCPTG010,adcps_jln_number,adcps_jln_number,,,,1,CP02PMCO,RII01,ADCPT
CP02PMCO-RII01-02-ADCPTG010,adcps_jln_unit_id,adcps_jln_unit_id,,,,1,CP02PMCO,RII01,ADCPT
CP02PMCO-RII01-02-ADCPTG010,adcps_jln_fw_vers,adcps_jln_fw_vers,,,,1,CP02PMCO,RII01,ADCPT
CP02PMCO-RII01-02-ADCPTG010,adcps_jln_fw_rev,adcps_jln_fw_rev,,,,1,CP02PMCO,RII01,ADCPT
CP02PMCO-RII01-02-ADCPTG010,adcps_jln_year,adcps_jln_year,,,,year,CP02PMCO,RII01,ADCPT
CP02PMCO-RII01-02-ADCPTG010,adcps_jln_month,adcps_jln_month,,,,month,CP02PMCO,RII01,ADCPT
CP02PMCO-RII01-02-ADCPTG010,adcps_jln_day,adcps_jln_day,,,,day,CP02PMCO,RII01,ADCPT
CP02PMCO-RII01-02-ADCPTG010,adcps_jln_hour,adcps_jln_hour,,,,hour,CP02PMCO,RII01,ADCPT
CP02PMCO-RII01-02-ADCPTG010,adcps_jln_minute,adcps_jln_minute,,,,minute,CP02PMCO,RII01,ADCPT
CP02PMCO-RII01-02-ADCPTG010,adcps_jln_second,adcps_jln_second,,,,sec,CP02PMCO,RII01,ADCPT
CP02PMCO-RII01-02-ADCPTG010,adcps_jln_hsec,adcps_jln_hsec,,,,csec,CP02PMCO,RII01,ADCPT
CP02PMCO-RII01-02-ADCPTG010,adcps_jln_heading,adcps_jln_heading,,,,cdegree,CP02PMCO,RII01,ADCPT
CP02PMCO-RII01-02-ADCPTG010,adcps_jln_pitch,adcps_jln_pitch,,,,cdegree,CP02PMCO,RII01,ADCPT
CP02PMCO-RII01-02-ADCPTG010,adcps_jln_roll,adcps_jln_roll,,,,cdegree,CP02PMCO,RII01,ADCPT
CP02PMCO-RII01-02-ADCPTG010,adcps_jln_temp,adcps_jln_temp,,,,cdeg_C,CP02PMCO,RII01,ADCPT
CP02PMCO-RII01-02-ADCPTG010,adcps_jln_pressure,adcps_jln_pressure,,,,daPa,CP02PMCO,RII01,ADCPT
CP02PMCO-RII01-02-ADCPTG010,adcps_jln_startbin,adcps_jln_startbin,,,,1,CP02PMCO,RII01,ADCPT
CP02PMCO-RII01-02-ADCPTG010,adcps_jln_bins,adcps_jln_bins,,,,1,CP02PMCO,RII01,ADCPT
CP02PMCO-RII01-02-ADCPTG010,adcps_jln_timestamp,adcps_jln_timestamp,,,,1,CP02PMCO,RII01,ADCPT
CP02PMCO-RII01-02-ADCPTG010,adcps_jln_id,adcps_jln_id,,,,1,CP02PMCO,RII01,ADCPT
CP02PMCO-RII01-02-ADCPTG010,adcps_jln_volts,adcps_jln_volts,,,,V,CP02PMCO,RII01,ADCPT
CP02PMCO-RII01-02-ADCPTG010,adcps_jln_records,adcps_jln_records,,,,1,CP02PMCO,RII01,ADCPT
CP02PMCO-RII01-02-ADCPTG010,adcps_jln_length,adcps_jln_length,,,,1,CP02PMCO,RII01,ADCPT
CP02PMCO-RII01-02-ADCPTG010,adcps_jln_events,adcps_jln_events,,,,1,CP02PMCO,RII01,ADCPT
CP02PMCO-RII01-02-ADCPTG010,adcps_jln_samples_written,adcps_jln_samples_written,,,,1,CP02PMCO,RII01,ADCPT
CP02PMCO-RII01-02-ADCPTG010,sensor_available_speed,sensor_available_speed,,,,1,CP02PMCO,RII01,ADCPT
CP02PMCO-RII01-02-ADCPTG010,sysconfig_beam_angle,sysconfig_beam_angle,,,,1,CP02PMCO,RII01,ADCPT
CP02PMCO-RII01-02-ADCPTG010,sysconfig_beam_config,sysconfig_beam_config,,,,1,CP02PMCO,RII01,ADCPT
CP02PMCO-RII01-02-ADCPTG010,adcps_jln_upward_seawater_velocity2,adcps_jln_upward_seawater_velocity2,-1,1,L1,m s-1,CP02PMCO,RII01,ADCPT
CP02PMCO-RII01-02-ADCPTG010,adcps_jln_error_velocity2,adcps_jln_error_velocity2,-1,1,L1,m s-1,CP02PMCO,RII01,ADCPT
CP02PMCO-RII01-02-ADCPTG010,adcps_jln_eastward_seawater_velocity2,adcps_jln_eastward_seawater_velocity2,-3,3,L1,m s-1,CP02PMCO,RII01,ADCPT
CP02PMCO-RII01-02-ADCPTG010,adcps_jln_northward_seawater_velocity2,adcps_jln_northward_seawater_velocity2,-3,3,L1,m s-1,CP02PMCO,RII01,ADCPT
CP02PMCO-RII01-02-ADCPTG010,adcps_jln_echo_intensity_beam1,adcps_jln_echo_intensity_beam1,0,255,L1,dB,CP02PMCO,RII01,ADCPT
CP02PMCO-RII01-02-ADCPTG010,adcps_jln_echo_intensity_beam2,adcps_jln_echo_intensity_beam2,0,255,L1,dB,CP02PMCO,RII01,ADCPT
CP02PMCO-RII01-02-ADCPTG010,adcps_jln_echo_intensity_beam3,adcps_jln_echo_intensity_beam3,0,255,L1,dB,CP02PMCO,RII01,ADCPT
CP02PMCO-RII01-02-ADCPTG010,adcps_jln_echo_intensity_beam4,adcps_jln_echo_intensity_beam4,0,255,L1,dB,CP02PMCO,RII01,ADCPT
CP02PMCO-RII01-02-ADCPTG010,serial_number,serial_number,,,ENG,1,CP02PMCO,RII01,ADCPT
CP02PMCO-RII01-02-ADCPTG010,adcps_jln_recovered_eastward_seawater_velocity,adcps_jln_recovered_eastward_seawater_velocity,-3,3,L1,m s-1,CP02PMCO,RII01,ADCPT
CP02PMCO-RII01-02-ADCPTG010,adcps_jln_recovered_northward_seawater_velocity,adcps_jln_recovered_northward_seawater_velocity,-3,3,L1,m s-1,CP02PMCO,RII01,ADCPT
CP02PMCO-RII01-02-ADCPTG010,firmware_version,firmware_version,,,,1,CP02PMCO,RII01,ADCPT
CP02PMCO-RII01-02-ADCPTG010,firmware_revision,firmware_revision,,,,1,CP02PMCO,RII01,ADCPT
CP02PMCO-RII01-02-ADCPTG010,sysconfig_frequency,sysconfig_frequency,,,,kHz,CP02PMCO,RII01,ADCPT
CP02PMCO-RII01-02-ADCPTG010,sysconfig_beam_pattern,sysconfig_beam_pattern,,,,1,CP02PMCO,RII01,ADCPT
CP02PMCO-RII01-02-ADCPTG010,sysconfig_sensor_config,sysconfig_sensor_config,,,,1,CP02PMCO,RII01,ADCPT
CP02PMCO-RII01-02-ADCPTG010,sysconfig_head_attached,sysconfig_head_attached,,,,1,CP02PMCO,RII01,ADCPT
CP02PMCO-RII01-02-ADCPTG010,sysconfig_vertical_orientation,sysconfig_vertical_orientation,,,,1,CP02PMCO,RII01,ADCPT
CP02PMCO-RII01-02-ADCPTG010,data_flag,data_flag,,,,1,CP02PMCO,RII01,ADCPT
CP02PMCO-RII01-02-ADCPTG010,lag_length,lag_length,,,,s,CP02PMCO,RII01,ADCPT
CP02PMCO-RII01-02-ADCPTG010,num_beams,num_beams,,,,1,CP02PMCO,RII01,ADCPT
CP02PMCO-RII01-02-ADCPTG010,num_cells,num_cells,,,,1,CP02PMCO,RII01,ADCPT
CP02PMCO-RII01-02-ADCPTG010,pings_per_ensemble,pings_per_ensemble,,,,1,CP02PMCO,RII01,ADCPT
CP02PMCO-RII01-02-ADCPTG010,cell_length,cell_length,,,,cm,CP02PMCO,RII01,ADCPT
CP02PMCO-RII01-02-ADCPTG010,blank_after_transmit,blank_after_transmit,,,,cm,CP02PMCO,RII01,ADCPT
CP02PMCO-RII01-02-ADCPTG010,signal_processing_mode,signal_processing_mode,,,,1,CP02PMCO,RII01,ADCPT
CP02PMCO-RII01-02-ADCPTG010,low_corr_threshold,low_corr_threshold,,,,counts,CP02PMCO,RII01,ADCPT
CP02PMCO-RII01-02-ADCPTG010,num_code_repetitions,num_code_repetitions,,,,counts,CP02PMCO,RII01,ADCPT
CP02PMCO-RII01-02-ADCPTG010,percent_good_min,percent_good_min,,,,percent,CP02PMCO,RII01,ADCPT
CP02PMCO-RII01-02-ADCPTG010,error_vel_threshold,error_vel_threshold,,,,mm s-1,CP02PMCO,RII01,ADCPT
CP02PMCO-RII01-02-ADCPTG010,time_per_ping_minutes,time_per_ping_minutes,,,,min,CP02PMCO,RII01,ADCPT
CP02PMCO-RII01-02-ADCPTG010,time_per_ping_seconds,time_per_ping_seconds,,,,s,CP02PMCO,RII01,ADCPT
CP02PMCO-RII01-02-ADCPTG010,coord_transform_type,coord_transform_type,,,,1,CP02PMCO,RII01,ADCPT
CP02PMCO-RII01-02-ADCPTG010,coord_transform_tilts,coord_transform_tilts,,,,1,CP02PMCO,RII01,ADCPT
CP02PMCO-RII01-02-ADCPTG010,coord_transform_beams,coord_transform_beams,,,,1,CP02PMCO,RII01,ADCPT
CP02PMCO-RII01-02-ADCPTG010,coord_transform_mapping,coord_transform_mapping,,,,1,CP02PMCO,RII01,ADCPT
CP02PMCO-RII01-02-ADCPTG010,heading_alignment,heading_alignment,,,,cdegrees,CP02PMCO,RII01,ADCPT
CP02PMCO-RII01-02-ADCPTG010,heading_bias,heading_bias,,,,cdegrees,CP02PMCO,RII01,ADCPT
CP02PMCO-RII01-02-ADCPTG010,sensor_source_speed,sensor_source_speed,,,,1,CP02PMCO,RII01,ADCPT
CP02PMCO-RII01-02-ADCPTG010,sensor_source_depth,sensor_source_depth,,,,1,CP02PMCO,RII01,ADCPT
CP02PMCO-RII01-02-ADCPTG010,sensor_source_heading,sensor_source_heading,,,,1,CP02PMCO,RII01,ADCPT
CP02PMCO-RII01-02-ADCPTG010,sensor_source_pitch,sensor_source_pitch,,,,1,CP02PMCO,RII01,ADCPT
CP02PMCO-RII01-02-ADCPTG010,sensor_source_roll,sensor_source_roll,,,,1,CP02PMCO,RII01,ADCPT
CP02PMCO-RII01-02-ADCPTG010,sensor_source_conductivity,sensor_source_conductivity,,,,1,CP02PMCO,RII01,ADCPT
CP02PMCO-RII01-02-ADCPTG010,sensor_source_temperature,sensor_source_temperature,,,,1,CP02PMCO,RII01,ADCPT
CP02PMCO-RII01-02-ADCPTG010,sensor_available_depth,sensor_available_depth,,,,1,CP02PMCO,RII01,ADCPT
CP02PMCO-RII01-02-ADCPTG010,sensor_available_heading,sensor_available_heading,,,,1,CP02PMCO,RII01,ADCPT
CP02PMCO-RII01-02-ADCPTG010,sensor_available_pitch,sensor_available_pitch,,,,1,CP02PMCO,RII01,ADCPT
CP02PMCO-RII01-02-ADCPTG010,sensor_available_roll,sensor_available_roll,,,,1,CP02PMCO,RII01,ADCPT
CP02PMCO-RII01-02-ADCPTG010,sensor_available_conductivity,sensor_available_conductivity,,,,1,CP02PMCO,RII01,ADCPT
CP02PMCO-RII01-02-ADCPTG010,sensor_available_temperature,sensor_available_temperature,,,,1,CP02PMCO,RII01,ADCPT
CP02PMCO-RII01-02-ADCPTG010,bin_1_distance,bin_1_distance,,,,cm,CP02PMCO,RII01,ADCPT
CP02PMCO-RII01-02-ADCPTG010,transmit_pulse_length,transmit_pulse_length,,,,cm,CP02PMCO,RII01,ADCPT
CP02PMCO-RII01-02-ADCPTG010,reference_layer_start,reference_layer_start,,,,1,CP02PMCO,RII01,ADCPT
CP02PMCO-RII01-02-ADCPTG010,reference_layer_stop,reference_layer_stop,,,,1,CP02PMCO,RII01,ADCPT
CP02PMCO-RII01-02-ADCPTG010,false_target_threshold,false_target_threshold,,,,counts,CP02PMCO,RII01,ADCPT
CP02PMCO-RII01-02-ADCPTG010,low_latency_trigger,low_latency_trigger,,,,1,CP02PMCO,RII01,ADCPT
CP02PMCO-RII01-02-ADCPTG010,transmit_lag_distance,transmit_lag_distance,,,,cm,CP02PMCO,RII01,ADCPT
CP02PMCO-RII01-02-ADCPTG010,cpu_board_serial_number,cpu_board_serial_number,,,,1,CP02PMCO,RII01,ADCPT
CP02PMCO-RII01-02-ADCPTG010,system_bandwidth,system_bandwidth,,,,1,CP02PMCO,RII01,ADCPT
CP02PMCO-RII01-02-ADCPTG010,system_power,system_power,,,,1,CP02PMCO,RII01,ADCPT
CP02PMCO-RII01-02-ADCPTG010,beam_angle,beam_angle,,,,degrees,CP02PMCO,RII01,ADCPT
CP02PMCO-RII01-02-ADCPTG010,ensemble_number,ensemble_number,,,,1,CP02PMCO,RII01,ADCPT
CP02PMCO-RII01-02-ADCPTG010,ensemble_number_increment,ensemble_number_increment,,,,1,CP02PMCO,RII01,ADCPT
CP02PMCO-RII01-02-ADCPTG010,bit_result_demod_1,bit_result_demod_1,,,,1,CP02PMCO,RII01,ADCPT
CP02PMCO-RII01-02-ADCPTG010,bit_result_demod_0,bit_result_demod_0,,,,1,CP02PMCO,RII01,ADCPT
CP02PMCO-RII01-02-ADCPTG010,bit_result_timing,bit_result_timing,,,,1,CP02PMCO,RII01,ADCPT
CP02PMCO-RII01-02-ADCPTG010,speed_of_sound,speed_of_sound,,,,m s-1,CP02PMCO,RII01,ADCPT
CP02PMCO-RII01-02-ADCPTG010,transducer_depth,transducer_depth,,,,dm,CP02PMCO,RII01,ADCPT
CP02PMCO-RII01-02-ADCPTG010,heading,heading,,,,cdegrees,CP02PMCO,RII01,ADCPT
CP02PMCO-RII01-02-ADCPTG010,pitch,pitch,,,,cdegrees,CP02PMCO,RII01,ADCPT
CP02PMCO-RII01-02-ADCPTG010,roll,roll,,,,cdegrees,CP02PMCO,RII01,ADCPT
CP02PMCO-RII01-02-ADCPTG010,salinity,salinity,,,,1,CP02PMCO,RII01,ADCPT
CP02PMCO-RII01-02-ADCPTG010,temperature,temperature,,,,cdeg_C,CP02PMCO,RII01,ADCPT
CP02PMCO-RII01-02-ADCPTG010,mpt_minutes,mpt_minutes,,,,min,CP02PMCO,RII01,ADCPT
CP02PMCO-RII01-02-ADCPTG010,mpt_seconds,mpt_seconds,,,,s,CP02PMCO,RII01,ADCPT
CP02PMCO-RII01-02-ADCPTG010,heading_stdev,heading_stdev,,,,degrees,CP02PMCO,RII01,ADCPT
CP02PMCO-RII01-02-ADCPTG010,pitch_stdev,pitch_stdev,,,,ddegrees,CP02PMCO,RII01,ADCPT
CP02PMCO-RII01-02-ADCPTG010,roll_stdev,roll_stdev,,,,ddegrees,CP02PMCO,RII01,ADCPT
CP02PMCO-RII01-02-ADCPTG010,adc_transmit_current,adc_transmit_current,,,,counts,CP02PMCO,RII01,ADCPT
CP02PMCO-RII01-02-ADCPTG010,adc_transmit_voltage,adc_transmit_voltage,,,,counts,CP02PMCO,RII01,ADCPT
CP02PMCO-RII01-02-ADCPTG010,adc_ambient_temp,adc_ambient_temp,,,,counts,CP02PMCO,RII01,ADCPT
CP02PMCO-RII01-02-ADCPTG010,adc_pressure_plus,adc_pressure_plus,,,,counts,CP02PMCO,RII01,ADCPT
CP02PMCO-RII01-02-ADCPTG010,adc_pressure_minus,adc_pressure_minus,,,,counts,CP02PMCO,RII01,ADCPT
CP02PMCO-RII01-02-ADCPTG010,adc_attitude_temp,adc_attitude_temp,,,,counts,CP02PMCO,RII01,ADCPT
CP02PMCO-RII01-02-ADCPTG010,adc_attitude,adc_attitude,,,,counts,CP02PMCO,RII01,ADCPT
CP02PMCO-RII01-02-ADCPTG010,adc_contamination_sensor,adc_contamination_sensor,,,,counts,CP02PMCO,RII01,ADCPT
CP02PMCO-RII01-02-ADCPTG010,bus_error_exception,bus_error_exception,,,,1,CP02PMCO,RII01,ADCPT
CP02PMCO-RII01-02-ADCPTG010,address_error_exception,address_error_exception,,,,1,CP02PMCO,RII01,ADCPT
CP02PMCO-RII01-02-ADCPTG010,illegal_instruction_exception,illegal_instruction_exception,,,,1,CP02PMCO,RII01,ADCPT
CP02PMCO-RII01-02-ADCPTG010,zero_divide_instruction,zero_divide_instruction,,,,1,CP02PMCO,RII01,ADCPT
CP02PMCO-RII01-02-ADCPTG010,emulator_exception,emulator_exception,,,,1,CP02PMCO,RII01,ADCPT
CP02PMCO-RII01-02-ADCPTG010,unassigned_exception,unassigned_exception,,,,1,CP02PMCO,RII01,ADCPT
CP02PMCO-RII01-02-ADCPTG010,watchdog_restart_occurred,watchdog_restart_occurred,,,,1,CP02PMCO,RII01,ADCPT
CP02PMCO-RII01-02-ADCPTG010,battery_saver_power,battery_saver_power,,,,1,CP02PMCO,RII01,ADCPT
CP02PMCO-RII01-02-ADCPTG010,pinging,pinging,,,,1,CP02PMCO,RII01,ADCPT
CP02PMCO-RII01-02-ADCPTG010,cold_wakeup_occurred,cold_wakeup_occurred,,,,1,CP02PMCO,RII01,ADCPT
CP02PMCO-RII01-02-ADCPTG010,time,time,,,ENG,seconds since 1900-01-01,CP02PMCO,RII01,ADCPT
CP02PMCO-RII01-02-ADCPTG010,unknown_wakeup_occurred,unknown_wakeup_occurred,,,,1,CP02PMCO,RII01,ADCPT
CP02PMCO-RII01-02-ADCPTG010,clock_read_error,clock_read_error,,,,1,CP02PMCO,RII01,ADCPT
CP02PMCO-RII01-02-ADCPTG010,unexpected_alarm,unexpected_alarm,,,,1,CP02PMCO,RII01,ADCPT
CP02PMCO-RII01-02-ADCPTG010,clock_jump_forward,clock_jump_forward,,,,1,CP02PMCO,RII01,ADCPT
CP02PMCO-RII01-02-ADCPTG010,clock_jump_backward,clock_jump_backward,,,,1,CP02PMCO,RII01,ADCPT
CP02PMCO-RII01-02-ADCPTG010,power_fail,power_fail,,,,1,CP02PMCO,RII01,ADCPT
CP02PMCO-RII01-02-ADCPTG010,spurious_dsp_interrupt,spurious_dsp_interrupt,,,,1,CP02PMCO,RII01,ADCPT
CP02PMCO-RII01-02-ADCPTG010,spurious_uart_interrupt,spurious_uart_interrupt,,,,1,CP02PMCO,RII01,ADCPT
CP02PMCO-RII01-02-ADCPTG010,spurious_clock_interrupt,spurious_clock_interrupt,,,,1,CP02PMCO,RII01,ADCPT
CP02PMCO-RII01-02-ADCPTG010,level_7_interrupt,level_7_interrupt,,,,1,CP02PMCO,RII01,ADCPT
CP02PMCO-RII01-02-ADCPTG010,pressure,pressure,,,,daPa,CP02PMCO,RII01,ADCPT
CP02PMCO-RII01-02-ADCPTG010,pressure_variance,pressure_variance,,,,daPa,CP02PMCO,RII01,ADCPT
CP02PMCO-RII01-02-ADCPTG010,water_velocity_east,water_velocity_east,,,L0,mm s-1,CP02PMCO,RII01,ADCPT
CP02PMCO-RII01-02-ADCPTG010,water_velocity_north,water_velocity_north,,,L0,mm s-1,CP02PMCO,RII01,ADCPT
CP02PMCO-RII01-02-ADCPTG010,water_velocity_up,water_velocity_up,,,L0,mm s-1,CP02PMCO,RII01,ADCPT
CP02PMCO-RII01-02-ADCPTG010,error_velocity,error_velocity,,,L0,mm s-1,CP02PMCO,RII01,ADCPT
CP02PMCO-RII01-02-ADCPTG010,correlation_magnitude_beam1,correlation_magnitude_beam1,,,,1,CP02PMCO,RII01,ADCPT
CP02PMCO-RII01-02-ADCPTG010,correlation_magnitude_beam2,correlation_magnitude_beam2,,,,1,CP02PMCO,RII01,ADCPT
CP02PMCO-RII01-02-ADCPTG010,correlation_magnitude_beam3,correlation_magnitude_beam3,,,,1,CP02PMCO,RII01,ADCPT
CP02PMCO-RII01-02-ADCPTG010,correlation_magnitude_beam4,correlation_magnitude_beam4,,,,1,CP02PMCO,RII01,ADCPT
CP02PMCO-RII01-02-ADCPTG010,echo_intensity_beam1,echo_intensity_beam1,,,L0,counts,CP02PMCO,RII01,ADCPT
CP02PMCO-RII01-02-ADCPTG010,echo_intensity_beam2,echo_intensity_beam2,,,L0,counts,CP02PMCO,RII01,ADCPT
CP02PMCO-RII01-02-ADCPTG010,echo_intensity_beam3,echo_intensity_beam3,,,L0,counts,CP02PMCO,RII01,ADCPT
CP02PMCO-RII01-02-ADCPTG010,echo_intensity_beam4,echo_intensity_beam4,,,L0,counts,CP02PMCO,RII01,ADCPT
CP02PMCO-RII01-02-ADCPTG010,percent_good_3beam,percent_good_3beam,,,,percent,CP02PMCO,RII01,ADCPT
CP02PMCO-RII01-02-ADCPTG010,percent_transforms_reject,percent_transforms_reject,,,,percent,CP02PMCO,RII01,ADCPT
CP02PMCO-RII01-02-ADCPTG010,percent_bad_beams,percent_bad_beams,,,,percent,CP02PMCO,RII01,ADCPT
CP02PMCO-RII01-02-ADCPTG010,percent_good_4beam,percent_good_4beam,,,,percent,CP02PMCO,RII01,ADCPT
CP02PMCO-RII01-02-ADCPTG010,ensemble_start_time,ensemble_start_time,,,,seconds since 1900-01-01,CP02PMCO,RII01,ADCPT
CP02PMCO-RII01-02-ADCPTG010,ingestion_timestamp,ingestion_timestamp,,,ENG,seconds since 1900-01-01,CP02PMCO,RII01,ADCPT
CP02PMCO-RII01-02-ADCPTG010,real_time_clock,real_time_clock,,,,1,CP02PMCO,RII01,ADCPT
CP02PMCO-SBS01-01-MOPAK0000,driver_timestamp,driver_timestamp,,,ENG,seconds since 1900-01-01,CP02PMCO,SBS01,MOPAK
CP02PMCO-SBS01-01-MOPAK0000,internal_timestamp,internal_timestamp,,,ENG,seconds since 1900-01-01,CP02PMCO,SBS01,MOPAK
CP02PMCO-SBS01-01-MOPAK0000,mopak_accelx,mopak_accelx,,,ENG,g0,CP02PMCO,SBS01,MOPAK
CP02PMCO-SBS01-01-MOPAK0000,mopak_accely,mopak_accely,,,ENG,g0,CP02PMCO,SBS01,MOPAK
CP02PMCO-SBS01-01-MOPAK0000,mopak_accelz,mopak_accelz,,,ENG,g0,CP02PMCO,SBS01,MOPAK
CP02PMCO-SBS01-01-MOPAK0000,mopak_ang_ratex,mopak_ang_ratex,,,ENG,rad s-1,CP02PMCO,SBS01,MOPAK
CP02PMCO-SBS01-01-MOPAK0000,mopak_ang_ratey,mopak_ang_ratey,,,ENG,rad s-1,CP02PMCO,SBS01,MOPAK
CP02PMCO-SBS01-01-MOPAK0000,preferred_timestamp,preferred_timestamp,,,ENG,1,CP02PMCO,SBS01,MOPAK
CP02PMCO-SBS01-01-MOPAK0000,mopak_ang_ratez,mopak_ang_ratez,,,ENG,rad s-1,CP02PMCO,SBS01,MOPAK
CP02PMCO-SBS01-01-MOPAK0000,mopak_magx,mopak_magx,,,ENG,Gs,CP02PMCO,SBS01,MOPAK
CP02PMCO-SBS01-01-MOPAK0000,mopak_magy,mopak_magy,,,ENG,Gs,CP02PMCO,SBS01,MOPAK
CP02PMCO-SBS01-01-MOPAK0000,mopak_magz,mopak_magz,,,ENG,Gs,CP02PMCO,SBS01,MOPAK
CP02PMCO-SBS01-01-MOPAK0000,mopak_timer,mopak_timer,,,ENG,counts,CP02PMCO,SBS01,MOPAK
CP02PMCO-SBS01-01-MOPAK0000,mopak_roll,mopak_roll,,,ENG,degrees,CP02PMCO,SBS01,MOPAK
CP02PMCO-SBS01-01-MOPAK0000,mopak_pitch,mopak_pitch,,,ENG,degrees,CP02PMCO,SBS01,MOPAK
CP02PMCO-SBS01-01-MOPAK0000,mopak_yaw,mopak_yaw,,,ENG,degrees,CP02PMCO,SBS01,MOPAK
CP02PMCO-SBS01-01-MOPAK0000,time,time,,,ENG,seconds since 1900-01-01,CP02PMCO,SBS01,MOPAK
CP02PMCO-SBS01-01-MOPAK0000,ingestion_timestamp,ingestion_timestamp,,,ENG,seconds since 1900-01-01,CP02PMCO,SBS01,MOPAK
CP02PMCO-WFP01-01-VEL3DK000,driver_timestamp,driver_timestamp,,,ENG,seconds since 1900-01-01,CP02PMCO,WFP01,VEL3D
CP02PMCO-WFP01-01-VEL3DK000,internal_timestamp,internal_timestamp,,,ENG,seconds since 1900-01-01,CP02PMCO,WFP01,VEL3D
CP02PMCO-WFP01-01-VEL3DK000,preferred_timestamp,preferred_timestamp,,,ENG,1,CP02PMCO,WFP01,VEL3D
CP02PMCO-WFP01-01-VEL3DK000,vel3d_k_temp_c,vel3d_k_temp_c,,,AUX,cdeg_C,CP02PMCO,WFP01,VEL3D
CP02PMCO-WFP01-01-VEL3DK000,vel3d_k_heading,vel3d_k_heading,,,AUX,ddegrees,CP02PMCO,WFP01,VEL3D
CP02PMCO-WFP01-01-VEL3DK000,vel3d_k_pitch,vel3d_k_pitch,,,AUX,ddegrees,CP02PMCO,WFP01,VEL3D
CP02PMCO-WFP01-01-VEL3DK000,vel3d_k_roll,vel3d_k_roll,,,AUX,ddegrees,CP02PMCO,WFP01,VEL3D
CP02PMCO-WFP01-01-VEL3DK000,vel3d_k_v_scale,vel3d_k_v_scale,,,,counts,CP02PMCO,WFP01,VEL3D
CP02PMCO-WFP01-01-VEL3DK000,vel3d_k_vel0,vel3d_k_vel0,,,L0,counts,CP02PMCO,WFP01,VEL3D
CP02PMCO-WFP01-01-VEL3DK000,vel3d_k_vel1,vel3d_k_vel1,,,L0,counts,CP02PMCO,WFP01,VEL3D
CP02PMCO-WFP01-01-VEL3DK000,vel3d_k_vel2,vel3d_k_vel2,,,L0,counts,CP02PMCO,WFP01,VEL3D
CP02PMCO-WFP01-01-VEL3DK000,vel3d_k_amp0,vel3d_k_amp0,,,AUX,counts,CP02PMCO,WFP01,VEL3D
CP02PMCO-WFP01-01-VEL3DK000,vel3d_k_amp1,vel3d_k_amp1,,,AUX,counts,CP02PMCO,WFP01,VEL3D
CP02PMCO-WFP01-01-VEL3DK000,vel3d_k_amp2,vel3d_k_amp2,,,AUX,counts,CP02PMCO,WFP01,VEL3D
CP02PMCO-WFP01-01-VEL3DK000,vel3d_k_number_of_records,vel3d_k_number_of_records,,,,counts,CP02PMCO,WFP01,VEL3D
CP02PMCO-WFP01-01-VEL3DK000,vel3d_k_time_on,vel3d_k_time_on,,,,s,CP02PMCO,WFP01,VEL3D
CP02PMCO-WFP01-01-VEL3DK000,vel3d_k_time_off,vel3d_k_time_off,,,,s,CP02PMCO,WFP01,VEL3D
CP02PMCO-WFP01-01-VEL3DK000,vel3d_k_id,vel3d_k_id,,,,1,CP02PMCO,WFP01,VEL3D
CP02PMCO-WFP01-01-VEL3DK000,vel3d_k_version,vel3d_k_version,,,,counts,CP02PMCO,WFP01,VEL3D
CP02PMCO-WFP01-01-VEL3DK000,vel3d_k_serial,vel3d_k_serial,,,ENG,counts,CP02PMCO,WFP01,VEL3D
CP02PMCO-WFP01-01-VEL3DK000,vel3d_k_configuration,vel3d_k_configuration,,,,counts,CP02PMCO,WFP01,VEL3D
CP02PMCO-WFP01-01-VEL3DK000,vel3d_k_micro_second,vel3d_k_micro_second,,,,counts,CP02PMCO,WFP01,VEL3D
CP02PMCO-WFP01-01-VEL3DK000,vel3d_k_speed_sound,vel3d_k_speed_sound,,,AUX,counts,CP02PMCO,WFP01,VEL3D
CP02PMCO-WFP01-01-VEL3DK000,vel3d_k_pressure,vel3d_k_pressure,,,AUX,0.001 dbar,CP02PMCO,WFP01,VEL3D
CP02PMCO-WFP01-01-VEL3DK000,vel3d_k_error,vel3d_k_error,,,,counts,CP02PMCO,WFP01,VEL3D
CP02PMCO-WFP01-01-VEL3DK000,vel3d_k_status,vel3d_k_status,,,,counts,CP02PMCO,WFP01,VEL3D
CP02PMCO-WFP01-01-VEL3DK000,vel3d_k_beams_coordinate,vel3d_k_beams_coordinate,,,,bit mask,CP02PMCO,WFP01,VEL3D
CP02PMCO-WFP01-01-VEL3DK000,vel3d_k_cell_size,vel3d_k_cell_size,,,,counts,CP02PMCO,WFP01,VEL3D
CP02PMCO-WFP01-01-VEL3DK000,vel3d_k_blanking,vel3d_k_blanking,,,,counts,CP02PMCO,WFP01,VEL3D
CP02PMCO-WFP01-01-VEL3DK000,vel3d_k_velocity_range,vel3d_k_velocity_range,,,,counts,CP02PMCO,WFP01,VEL3D
CP02PMCO-WFP01-01-VEL3DK000,vel3d_k_battery_voltage,vel3d_k_battery_voltage,,,,counts,CP02PMCO,WFP01,VEL3D
CP02PMCO-WFP01-01-VEL3DK000,vel3d_k_mag_x,vel3d_k_mag_x,,,AUX,counts,CP02PMCO,WFP01,VEL3D
CP02PMCO-WFP01-01-VEL3DK000,vel3d_k_mag_y,vel3d_k_mag_y,,,AUX,counts,CP02PMCO,WFP01,VEL3D
CP02PMCO-WFP01-01-VEL3DK000,vel3d_k_mag_z,vel3d_k_mag_z,,,AUX,counts,CP02PMCO,WFP01,VEL3D
CP02PMCO-WFP01-01-VEL3DK000,vel3d_k_acc_x,vel3d_k_acc_x,,,AUX,counts,CP02PMCO,WFP01,VEL3D
CP02PMCO-WFP01-01-VEL3DK000,vel3d_k_acc_y,vel3d_k_acc_y,,,AUX,counts,CP02PMCO,WFP01,VEL3D
CP02PMCO-WFP01-01-VEL3DK000,vel3d_k_acc_z,vel3d_k_acc_z,,,AUX,counts,CP02PMCO,WFP01,VEL3D
CP02PMCO-WFP01-01-VEL3DK000,vel3d_k_ambiguity,vel3d_k_ambiguity,,,,counts,CP02PMCO,WFP01,VEL3D
CP02PMCO-WFP01-01-VEL3DK000,vel3d_k_data_set_description,vel3d_k_data_set_description,,,,bit mask,CP02PMCO,WFP01,VEL3D
CP02PMCO-WFP01-01-VEL3DK000,vel3d_k_transmit_energy,vel3d_k_transmit_energy,,,,counts,CP02PMCO,WFP01,VEL3D
CP02PMCO-WFP01-01-VEL3DK000,vel3d_k_power_level,vel3d_k_power_level,,,,counts,CP02PMCO,WFP01,VEL3D
CP02PMCO-WFP01-01-VEL3DK000,vel3d_k_corr0,vel3d_k_corr0,,,AUX,counts,CP02PMCO,WFP01,VEL3D
CP02PMCO-WFP01-01-VEL3DK000,vel3d_k_corr1,vel3d_k_corr1,,,AUX,counts,CP02PMCO,WFP01,VEL3D
CP02PMCO-WFP01-01-VEL3DK000,vel3d_k_corr2,vel3d_k_corr2,,,AUX,counts,CP02PMCO,WFP01,VEL3D
CP02PMCO-WFP01-01-VEL3DK000,vel3d_k_str_id,vel3d_k_str_id,,,,counts,CP02PMCO,WFP01,VEL3D
CP02PMCO-WFP01-01-VEL3DK000,vel3d_k_string,vel3d_k_string,,,,1,CP02PMCO,WFP01,VEL3D
CP02PMCO-WFP01-01-VEL3DK000,vel3d_k_beams,vel3d_k_beams,,,,1,CP02PMCO,WFP01,VEL3D
CP02PMCO-WFP01-01-VEL3DK000,vel3d_k_eastward_velocity,vel3d_k_eastward_velocity,-3,3,L1,m s-1,CP02PMCO,WFP01,VEL3D
CP02PMCO-WFP01-01-VEL3DK000,vel3d_k_northward_velocity,vel3d_k_northward_velocity,-3,3,L1,m s-1,CP02PMCO,WFP01,VEL3D
CP02PMCO-WFP01-01-VEL3DK000,vel3d_k_upward_velocity,vel3d_k_upward_velocity,-1,1,L1,m s-1,CP02PMCO,WFP01,VEL3D
CP02PMCO-WFP01-01-VEL3DK000,time,time,,,ENG,seconds since 1900-01-01,CP02PMCO,WFP01,VEL3D
CP02PMCO-WFP01-01-VEL3DK000,date_time_array,date_time_array,,,,1,CP02PMCO,WFP01,VEL3D
CP02PMCO-WFP01-01-VEL3DK000,ingestion_timestamp,ingestion_timestamp,,,ENG,seconds since 1900-01-01,CP02PMCO,WFP01,VEL3D
CP02PMCO-WFP01-02-DOFSTK000,driver_timestamp,driver_timestamp,,,ENG,seconds since 1900-01-01,CP02PMCO,WFP01,DOFST
CP02PMCO-WFP01-02-DOFSTK000,internal_timestamp,internal_timestamp,,,ENG,seconds since 1900-01-01,CP02PMCO,WFP01,DOFST
CP02PMCO-WFP01-02-DOFSTK000,wfp_time_on,wfp_time_on,,,,seconds since 1970-01-01,CP02PMCO,WFP01,DOFST
CP02PMCO-WFP01-02-DOFSTK000,wfp_time_off,wfp_time_off,,,,seconds since 1970-01-01,CP02PMCO,WFP01,DOFST
CP02PMCO-WFP01-02-DOFSTK000,wfp_number_samples,wfp_number_samples,,,,counts,CP02PMCO,WFP01,DOFST
CP02PMCO-WFP01-02-DOFSTK000,preferred_timestamp,preferred_timestamp,,,ENG,1,CP02PMCO,WFP01,DOFST
CP02PMCO-WFP01-02-DOFSTK000,dofst_k_oxygen,dofst_k_oxygen,,,L0,Hz,CP02PMCO,WFP01,DOFST
CP02PMCO-WFP01-02-DOFSTK000,dofst_k_oxygen_l2,dofst_k_oxygen_l2,0,400,L2,umol kg-1,CP02PMCO,WFP01,DOFST
CP02PMCO-WFP01-02-DOFSTK000,time,time,,,ENG,seconds since 1900-01-01,CP02PMCO,WFP01,DOFST
CP02PMCO-WFP01-02-DOFSTK000,ingestion_timestamp,ingestion_timestamp,,,ENG,seconds since 1900-01-01,CP02PMCO,WFP01,DOFST
CP02PMCO-WFP01-03-CTDPFK000,driver_timestamp,driver_timestamp,,,ENG,seconds since 1900-01-01,CP02PMCO,WFP01,CTDPF
CP02PMCO-WFP01-03-CTDPFK000,internal_timestamp,internal_timestamp,,,ENG,seconds since 1900-01-01,CP02PMCO,WFP01,CTDPF
CP02PMCO-WFP01-03-CTDPFK000,wfp_time_on,wfp_time_on,,,,seconds since 1970-01-01,CP02PMCO,WFP01,CTDPF
CP02PMCO-WFP01-03-CTDPFK000,wfp_time_off,wfp_time_off,,,,seconds since 1970-01-01,CP02PMCO,WFP01,CTDPF
CP02PMCO-WFP01-03-CTDPFK000,wfp_number_samples,wfp_number_samples,,,,counts,CP02PMCO,WFP01,CTDPF
CP02PMCO-WFP01-03-CTDPFK000,preferred_timestamp,preferred_timestamp,,,ENG,1,CP02PMCO,WFP01,CTDPF
CP02PMCO-WFP01-03-CTDPFK000,temperature,temperature,,,L0,counts,CP02PMCO,WFP01,CTDPF
CP02PMCO-WFP01-03-CTDPFK000,conductivity,conductivity,,,L0,counts,CP02PMCO,WFP01,CTDPF
CP02PMCO-WFP01-03-CTDPFK000,pressure,pressure,,,L0,counts,CP02PMCO,WFP01,CTDPF
CP02PMCO-WFP01-03-CTDPFK000,ctdpf_ckl_seawater_pressure,ctdpf_ckl_seawater_pressure,0,6000,L1,dbar,CP02PMCO,WFP01,CTDPF
CP02PMCO-WFP01-03-CTDPFK000,ctdpf_ckl_seawater_temperature,ctdpf_ckl_seawater_temperature,-2,40,L1,deg_C,CP02PMCO,WFP01,CTDPF
CP02PMCO-WFP01-03-CTDPFK000,ctdpf_ckl_seawater_conductivity,ctdpf_ckl_seawater_conductivity,0,6,L1,S m-1,CP02PMCO,WFP01,CTDPF
CP02PMCO-WFP01-03-CTDPFK000,ctdpf_ckl_sci_water_pracsal,ctdpf_ckl_sci_water_pracsal,0,42,L2,1,CP02PMCO,WFP01,CTDPF
CP02PMCO-WFP01-03-CTDPFK000,ctdpf_ckl_seawater_density,ctdpf_ckl_seawater_density,1000,1100,L2,kg m-3,CP02PMCO,WFP01,CTDPF
CP02PMCO-WFP01-03-CTDPFK000,time,time,,,ENG,seconds since 1900-01-01,CP02PMCO,WFP01,CTDPF
CP02PMCO-WFP01-03-CTDPFK000,ingestion_timestamp,ingestion_timestamp,,,ENG,seconds since 1900-01-01,CP02PMCO,WFP01,CTDPF
CP02PMCO-WFP01-04-FLORTK000,driver_timestamp,driver_timestamp,,,ENG,seconds since 1900-01-01,CP02PMCO,WFP01,FLORT
CP02PMCO-WFP01-04-FLORTK000,raw_signal_beta,raw_signal_beta,,,L0,counts,CP02PMCO,WFP01,FLORT
CP02PMCO-WFP01-04-FLORTK000,raw_signal_chl,raw_signal_chl,,,L0,counts,CP02PMCO,WFP01,FLORT
CP02PMCO-WFP01-04-FLORTK000,raw_signal_cdom,raw_signal_cdom,,,L0,counts,CP02PMCO,WFP01,FLORT
CP02PMCO-WFP01-04-FLORTK000,internal_timestamp,internal_timestamp,,,ENG,seconds since 1900-01-01,CP02PMCO,WFP01,FLORT
CP02PMCO-WFP01-04-FLORTK000,preferred_timestamp,preferred_timestamp,,,ENG,1,CP02PMCO,WFP01,FLORT
CP02PMCO-WFP01-04-FLORTK000,wfp_timestamp,wfp_timestamp,,,ENG,seconds since 1970-01-01,CP02PMCO,WFP01,FLORT
CP02PMCO-WFP01-04-FLORTK000,flort_k_total_volume_scattering_coefficient,flort_k_total_volume_scattering_coefficient,,,L1,m-1 sr-1,CP02PMCO,WFP01,FLORT
CP02PMCO-WFP01-04-FLORTK000,fluorometric_chlorophyll_a,fluorometric_chlorophyll_a,0,50,L1,ug L-1,CP02PMCO,WFP01,FLORT
CP02PMCO-WFP01-04-FLORTK000,fluorometric_cdom,fluorometric_cdom,0,375,L1,ppb,CP02PMCO,WFP01,FLORT
CP02PMCO-WFP01-04-FLORTK000,flort_kn_bback_total,flort_kn_bback_total,0.0003,1,L2,m-1,CP02PMCO,WFP01,FLORT
CP02PMCO-WFP01-04-FLORTK000,scat_seawater,scat_seawater,,,AUX,m-1,CP02PMCO,WFP01,FLORT
CP02PMCO-WFP01-04-FLORTK000,time,time,,,ENG,seconds since 1900-01-01,CP02PMCO,WFP01,FLORT
CP02PMCO-WFP01-04-FLORTK000,ingestion_timestamp,ingestion_timestamp,,,ENG,seconds since 1900-01-01,CP02PMCO,WFP01,FLORT
CP02PMCO-WFP01-05-PARADK000,driver_timestamp,driver_timestamp,,,ENG,seconds since 1900-01-01,CP02PMCO,WFP01,PARAD
CP02PMCO-WFP01-05-PARADK000,internal_timestamp,internal_timestamp,,,ENG,seconds since 1900-01-01,CP02PMCO,WFP01,PARAD
CP02PMCO-WFP01-05-PARADK000,par_val_v,par_val_v,,,L0,mV,CP02PMCO,WFP01,PARAD
CP02PMCO-WFP01-05-PARADK000,preferred_timestamp,preferred_timestamp,,,ENG,1,CP02PMCO,WFP01,PARAD
CP02PMCO-WFP01-05-PARADK000,wfp_timestamp,wfp_timestamp,,,ENG,seconds since 1970-01-01,CP02PMCO,WFP01,PARAD
CP02PMCO-WFP01-05-PARADK000,parad_k_par,parad_k_par,0,2500,L1,umol photons m-2 s-1,CP02PMCO,WFP01,PARAD
CP02PMCO-WFP01-05-PARADK000,time,time,,,ENG,seconds since 1900-01-01,CP02PMCO,WFP01,PARAD
CP02PMCO-WFP01-05-PARADK000,ingestion_timestamp,ingestion_timestamp,,,ENG,seconds since 1900-01-01,CP02PMCO,WFP01,PARAD
CP02PMUI-RII01-02-ADCPTG010,bin_depths,bin_depths,,,,m,CP02PMUI,RII01,ADCPT
CP02PMUI-RII01-02-ADCPTG010,driver_timestamp,driver_timestamp,,,ENG,seconds since 1900-01-01,CP02PMUI,RII01,ADCPT
CP02PMUI-RII01-02-ADCPTG010,ensemble_start_time_2,ensemble_start_time_2,,,,seconds since 1900-01-01,CP02PMUI,RII01,ADCPT
CP02PMUI-RII01-02-ADCPTG010,real_time_clock_2,real_time_clock_2,,,,1,CP02PMUI,RII01,ADCPT
CP02PMUI-RII01-02-ADCPTG010,internal_timestamp,internal_timestamp,,,ENG,seconds since 1900-01-01,CP02PMUI,RII01,ADCPT
CP02PMUI-RII01-02-ADCPTG010,preferred_timestamp,preferred_timestamp,,,ENG,1,CP02PMUI,RII01,ADCPT
CP02PMUI-RII01-02-ADCPTG010,adcps_jln_record,adcps_jln_record,,,,1,CP02PMUI,RII01,ADCPT
CP02PMUI-RII01-02-ADCPTG010,adcps_jln_number,adcps_jln_number,,,,1,CP02PMUI,RII01,ADCPT
CP02PMUI-RII01-02-ADCPTG010,adcps_jln_unit_id,adcps_jln_unit_id,,,,1,CP02PMUI,RII01,ADCPT
CP02PMUI-RII01-02-ADCPTG010,adcps_jln_fw_vers,adcps_jln_fw_vers,,,,1,CP02PMUI,RII01,ADCPT
CP02PMUI-RII01-02-ADCPTG010,adcps_jln_fw_rev,adcps_jln_fw_rev,,,,1,CP02PMUI,RII01,ADCPT
CP02PMUI-RII01-02-ADCPTG010,adcps_jln_year,adcps_jln_year,,,,year,CP02PMUI,RII01,ADCPT
CP02PMUI-RII01-02-ADCPTG010,adcps_jln_month,adcps_jln_month,,,,month,CP02PMUI,RII01,ADCPT
CP02PMUI-RII01-02-ADCPTG010,adcps_jln_day,adcps_jln_day,,,,day,CP02PMUI,RII01,ADCPT
CP02PMUI-RII01-02-ADCPTG010,adcps_jln_hour,adcps_jln_hour,,,,hour,CP02PMUI,RII01,ADCPT
CP02PMUI-RII01-02-ADCPTG010,adcps_jln_minute,adcps_jln_minute,,,,minute,CP02PMUI,RII01,ADCPT
CP02PMUI-RII01-02-ADCPTG010,adcps_jln_second,adcps_jln_second,,,,sec,CP02PMUI,RII01,ADCPT
CP02PMUI-RII01-02-ADCPTG010,adcps_jln_hsec,adcps_jln_hsec,,,,csec,CP02PMUI,RII01,ADCPT
CP02PMUI-RII01-02-ADCPTG010,adcps_jln_heading,adcps_jln_heading,,,,cdegree,CP02PMUI,RII01,ADCPT
CP02PMUI-RII01-02-ADCPTG010,adcps_jln_pitch,adcps_jln_pitch,,,,cdegree,CP02PMUI,RII01,ADCPT
CP02PMUI-RII01-02-ADCPTG010,adcps_jln_roll,adcps_jln_roll,,,,cdegree,CP02PMUI,RII01,ADCPT
CP02PMUI-RII01-02-ADCPTG010,adcps_jln_temp,adcps_jln_temp,,,,cdeg_C,CP02PMUI,RII01,ADCPT
CP02PMUI-RII01-02-ADCPTG010,adcps_jln_pressure,adcps_jln_pressure,,,,daPa,CP02PMUI,RII01,ADCPT
CP02PMUI-RII01-02-ADCPTG010,adcps_jln_startbin,adcps_jln_startbin,,,,1,CP02PMUI,RII01,ADCPT
CP02PMUI-RII01-02-ADCPTG010,adcps_jln_bins,adcps_jln_bins,,,,1,CP02PMUI,RII01,ADCPT
CP02PMUI-RII01-02-ADCPTG010,adcps_jln_timestamp,adcps_jln_timestamp,,,,1,CP02PMUI,RII01,ADCPT
CP02PMUI-RII01-02-ADCPTG010,adcps_jln_id,adcps_jln_id,,,,1,CP02PMUI,RII01,ADCPT
CP02PMUI-RII01-02-ADCPTG010,adcps_jln_volts,adcps_jln_volts,,,,V,CP02PMUI,RII01,ADCPT
CP02PMUI-RII01-02-ADCPTG010,adcps_jln_records,adcps_jln_records,,,,1,CP02PMUI,RII01,ADCPT
CP02PMUI-RII01-02-ADCPTG010,adcps_jln_length,adcps_jln_length,,,,1,CP02PMUI,RII01,ADCPT
CP02PMUI-RII01-02-ADCPTG010,adcps_jln_events,adcps_jln_events,,,,1,CP02PMUI,RII01,ADCPT
CP02PMUI-RII01-02-ADCPTG010,adcps_jln_samples_written,adcps_jln_samples_written,,,,1,CP02PMUI,RII01,ADCPT
CP02PMUI-RII01-02-ADCPTG010,sensor_available_speed,sensor_available_speed,,,,1,CP02PMUI,RII01,ADCPT
CP02PMUI-RII01-02-ADCPTG010,sysconfig_beam_angle,sysconfig_beam_angle,,,,1,CP02PMUI,RII01,ADCPT
CP02PMUI-RII01-02-ADCPTG010,sysconfig_beam_config,sysconfig_beam_config,,,,1,CP02PMUI,RII01,ADCPT
CP02PMUI-RII01-02-ADCPTG010,adcps_jln_upward_seawater_velocity2,adcps_jln_upward_seawater_velocity2,-1,1,L1,m s-1,CP02PMUI,RII01,ADCPT
CP02PMUI-RII01-02-ADCPTG010,adcps_jln_error_velocity2,adcps_jln_error_velocity2,-1,1,L1,m s-1,CP02PMUI,RII01,ADCPT
CP02PMUI-RII01-02-ADCPTG010,adcps_jln_eastward_seawater_velocity2,adcps_jln_eastward_seawater_velocity2,-3,3,L1,m s-1,CP02PMUI,RII01,ADCPT
CP02PMUI-RII01-02-ADCPTG010,adcps_jln_northward_seawater_velocity2,adcps_jln_northward_seawater_velocity2,-3,3,L1,m s-1,CP02PMUI,RII01,ADCPT
CP02PMUI-RII01-02-ADCPTG010,adcps_jln_echo_intensity_beam1,adcps_jln_echo_intensity_beam1,0,255,L1,dB,CP02PMUI,RII01,ADCPT
CP02PMUI-RII01-02-ADCPTG010,adcps_jln_echo_intensity_beam2,adcps_jln_echo_intensity_beam2,0,255,L1,dB,CP02PMUI,RII01,ADCPT
CP02PMUI-RII01-02-ADCPTG010,adcps_jln_echo_intensity_beam3,adcps_jln_echo_intensity_beam3,0,255,L1,dB,CP02PMUI,RII01,ADCPT
CP02PMUI-RII01-02-ADCPTG010,adcps_jln_echo_intensity_beam4,adcps_jln_echo_intensity_beam4,0,255,L1,dB,CP02PMUI,RII01,ADCPT
CP02PMUI-RII01-02-ADCPTG010,serial_number,serial_number,,,ENG,1,CP02PMUI,RII01,ADCPT
CP02PMUI-RII01-02-ADCPTG010,adcps_jln_recovered_eastward_seawater_velocity,adcps_jln_recovered_eastward_seawater_velocity,-3,3,L1,m s-1,CP02PMUI,RII01,ADCPT
CP02PMUI-RII01-02-ADCPTG010,adcps_jln_recovered_northward_seawater_velocity,adcps_jln_recovered_northward_seawater_velocity,-3,3,L1,m s-1,CP02PMUI,RII01,ADCPT
CP02PMUI-RII01-02-ADCPTG010,firmware_version,firmware_version,,,,1,CP02PMUI,RII01,ADCPT
CP02PMUI-RII01-02-ADCPTG010,firmware_revision,firmware_revision,,,,1,CP02PMUI,RII01,ADCPT
CP02PMUI-RII01-02-ADCPTG010,sysconfig_frequency,sysconfig_frequency,,,,kHz,CP02PMUI,RII01,ADCPT
CP02PMUI-RII01-02-ADCPTG010,sysconfig_beam_pattern,sysconfig_beam_pattern,,,,1,CP02PMUI,RII01,ADCPT
CP02PMUI-RII01-02-ADCPTG010,sysconfig_sensor_config,sysconfig_sensor_config,,,,1,CP02PMUI,RII01,ADCPT
CP02PMUI-RII01-02-ADCPTG010,sysconfig_head_attached,sysconfig_head_attached,,,,1,CP02PMUI,RII01,ADCPT
CP02PMUI-RII01-02-ADCPTG010,sysconfig_vertical_orientation,sysconfig_vertical_orientation,,,,1,CP02PMUI,RII01,ADCPT
CP02PMUI-RII01-02-ADCPTG010,data_flag,data_flag,,,,1,CP02PMUI,RII01,ADCPT
CP02PMUI-RII01-02-ADCPTG010,lag_length,lag_length,,,,s,CP02PMUI,RII01,ADCPT
CP02PMUI-RII01-02-ADCPTG010,num_beams,num_beams,,,,1,CP02PMUI,RII01,ADCPT
CP02PMUI-RII01-02-ADCPTG010,num_cells,num_cells,,,,1,CP02PMUI,RII01,ADCPT
CP02PMUI-RII01-02-ADCPTG010,pings_per_ensemble,pings_per_ensemble,,,,1,CP02PMUI,RII01,ADCPT
CP02PMUI-RII01-02-ADCPTG010,cell_length,cell_length,,,,cm,CP02PMUI,RII01,ADCPT
CP02PMUI-RII01-02-ADCPTG010,blank_after_transmit,blank_after_transmit,,,,cm,CP02PMUI,RII01,ADCPT
CP02PMUI-RII01-02-ADCPTG010,signal_processing_mode,signal_processing_mode,,,,1,CP02PMUI,RII01,ADCPT
CP02PMUI-RII01-02-ADCPTG010,low_corr_threshold,low_corr_threshold,,,,counts,CP02PMUI,RII01,ADCPT
CP02PMUI-RII01-02-ADCPTG010,num_code_repetitions,num_code_repetitions,,,,counts,CP02PMUI,RII01,ADCPT
CP02PMUI-RII01-02-ADCPTG010,percent_good_min,percent_good_min,,,,percent,CP02PMUI,RII01,ADCPT
CP02PMUI-RII01-02-ADCPTG010,error_vel_threshold,error_vel_threshold,,,,mm s-1,CP02PMUI,RII01,ADCPT
CP02PMUI-RII01-02-ADCPTG010,time_per_ping_minutes,time_per_ping_minutes,,,,min,CP02PMUI,RII01,ADCPT
CP02PMUI-RII01-02-ADCPTG010,time_per_ping_seconds,time_per_ping_seconds,,,,s,CP02PMUI,RII01,ADCPT
CP02PMUI-RII01-02-ADCPTG010,coord_transform_type,coord_transform_type,,,,1,CP02PMUI,RII01,ADCPT
CP02PMUI-RII01-02-ADCPTG010,coord_transform_tilts,coord_transform_tilts,,,,1,CP02PMUI,RII01,ADCPT
CP02PMUI-RII01-02-ADCPTG010,coord_transform_beams,coord_transform_beams,,,,1,CP02PMUI,RII01,ADCPT
CP02PMUI-RII01-02-ADCPTG010,coord_transform_mapping,coord_transform_mapping,,,,1,CP02PMUI,RII01,ADCPT
CP02PMUI-RII01-02-ADCPTG010,heading_alignment,heading_alignment,,,,cdegrees,CP02PMUI,RII01,ADCPT
CP02PMUI-RII01-02-ADCPTG010,heading_bias,heading_bias,,,,cdegrees,CP02PMUI,RII01,ADCPT
CP02PMUI-RII01-02-ADCPTG010,sensor_source_speed,sensor_source_speed,,,,1,CP02PMUI,RII01,ADCPT
CP02PMUI-RII01-02-ADCPTG010,sensor_source_depth,sensor_source_depth,,,,1,CP02PMUI,RII01,ADCPT
CP02PMUI-RII01-02-ADCPTG010,sensor_source_heading,sensor_source_heading,,,,1,CP02PMUI,RII01,ADCPT
CP02PMUI-RII01-02-ADCPTG010,sensor_source_pitch,sensor_source_pitch,,,,1,CP02PMUI,RII01,ADCPT
CP02PMUI-RII01-02-ADCPTG010,sensor_source_roll,sensor_source_roll,,,,1,CP02PMUI,RII01,ADCPT
CP02PMUI-RII01-02-ADCPTG010,sensor_source_conductivity,sensor_source_conductivity,,,,1,CP02PMUI,RII01,ADCPT
CP02PMUI-RII01-02-ADCPTG010,sensor_source_temperature,sensor_source_temperature,,,,1,CP02PMUI,RII01,ADCPT
CP02PMUI-RII01-02-ADCPTG010,sensor_available_depth,sensor_available_depth,,,,1,CP02PMUI,RII01,ADCPT
CP02PMUI-RII01-02-ADCPTG010,sensor_available_heading,sensor_available_heading,,,,1,CP02PMUI,RII01,ADCPT
CP02PMUI-RII01-02-ADCPTG010,sensor_available_pitch,sensor_available_pitch,,,,1,CP02PMUI,RII01,ADCPT
CP02PMUI-RII01-02-ADCPTG010,sensor_available_roll,sensor_available_roll,,,,1,CP02PMUI,RII01,ADCPT
CP02PMUI-RII01-02-ADCPTG010,sensor_available_conductivity,sensor_available_conductivity,,,,1,CP02PMUI,RII01,ADCPT
CP02PMUI-RII01-02-ADCPTG010,sensor_available_temperature,sensor_available_temperature,,,,1,CP02PMUI,RII01,ADCPT
CP02PMUI-RII01-02-ADCPTG010,bin_1_distance,bin_1_distance,,,,cm,CP02PMUI,RII01,ADCPT
CP02PMUI-RII01-02-ADCPTG010,transmit_pulse_length,transmit_pulse_length,,,,cm,CP02PMUI,RII01,ADCPT
CP02PMUI-RII01-02-ADCPTG010,reference_layer_start,reference_layer_start,,,,1,CP02PMUI,RII01,ADCPT
CP02PMUI-RII01-02-ADCPTG010,reference_layer_stop,reference_layer_stop,,,,1,CP02PMUI,RII01,ADCPT
CP02PMUI-RII01-02-ADCPTG010,false_target_threshold,false_target_threshold,,,,counts,CP02PMUI,RII01,ADCPT
CP02PMUI-RII01-02-ADCPTG010,low_latency_trigger,low_latency_trigger,,,,1,CP02PMUI,RII01,ADCPT
CP02PMUI-RII01-02-ADCPTG010,transmit_lag_distance,transmit_lag_distance,,,,cm,CP02PMUI,RII01,ADCPT
CP02PMUI-RII01-02-ADCPTG010,cpu_board_serial_number,cpu_board_serial_number,,,,1,CP02PMUI,RII01,ADCPT
CP02PMUI-RII01-02-ADCPTG010,system_bandwidth,system_bandwidth,,,,1,CP02PMUI,RII01,ADCPT
CP02PMUI-RII01-02-ADCPTG010,system_power,system_power,,,,1,CP02PMUI,RII01,ADCPT
CP02PMUI-RII01-02-ADCPTG010,beam_angle,beam_angle,,,,degrees,CP02PMUI,RII01,ADCPT
CP02PMUI-RII01-02-ADCPTG010,ensemble_number,ensemble_number,,,,1,CP02PMUI,RII01,ADCPT
CP02PMUI-RII01-02-ADCPTG010,ensemble_number_increment,ensemble_number_increment,,,,1,CP02PMUI,RII01,ADCPT
CP02PMUI-RII01-02-ADCPTG010,bit_result_demod_1,bit_result_demod_1,,,,1,CP02PMUI,RII01,ADCPT
CP02PMUI-RII01-02-ADCPTG010,bit_result_demod_0,bit_result_demod_0,,,,1,CP02PMUI,RII01,ADCPT
CP02PMUI-RII01-02-ADCPTG010,bit_result_timing,bit_result_timing,,,,1,CP02PMUI,RII01,ADCPT
CP02PMUI-RII01-02-ADCPTG010,speed_of_sound,speed_of_sound,,,,m s-1,CP02PMUI,RII01,ADCPT
CP02PMUI-RII01-02-ADCPTG010,transducer_depth,transducer_depth,,,,dm,CP02PMUI,RII01,ADCPT
CP02PMUI-RII01-02-ADCPTG010,heading,heading,,,,cdegrees,CP02PMUI,RII01,ADCPT
CP02PMUI-RII01-02-ADCPTG010,pitch,pitch,,,,cdegrees,CP02PMUI,RII01,ADCPT
CP02PMUI-RII01-02-ADCPTG010,roll,roll,,,,cdegrees,CP02PMUI,RII01,ADCPT
CP02PMUI-RII01-02-ADCPTG010,salinity,salinity,,,,1,CP02PMUI,RII01,ADCPT
CP02PMUI-RII01-02-ADCPTG010,temperature,temperature,,,,cdeg_C,CP02PMUI,RII01,ADCPT
CP02PMUI-RII01-02-ADCPTG010,mpt_minutes,mpt_minutes,,,,min,CP02PMUI,RII01,ADCPT
CP02PMUI-RII01-02-ADCPTG010,mpt_seconds,mpt_seconds,,,,s,CP02PMUI,RII01,ADCPT
CP02PMUI-RII01-02-ADCPTG010,heading_stdev,heading_stdev,,,,degrees,CP02PMUI,RII01,ADCPT
CP02PMUI-RII01-02-ADCPTG010,pitch_stdev,pitch_stdev,,,,ddegrees,CP02PMUI,RII01,ADCPT
CP02PMUI-RII01-02-ADCPTG010,roll_stdev,roll_stdev,,,,ddegrees,CP02PMUI,RII01,ADCPT
CP02PMUI-RII01-02-ADCPTG010,adc_transmit_current,adc_transmit_current,,,,counts,CP02PMUI,RII01,ADCPT
CP02PMUI-RII01-02-ADCPTG010,adc_transmit_voltage,adc_transmit_voltage,,,,counts,CP02PMUI,RII01,ADCPT
CP02PMUI-RII01-02-ADCPTG010,adc_ambient_temp,adc_ambient_temp,,,,counts,CP02PMUI,RII01,ADCPT
CP02PMUI-RII01-02-ADCPTG010,adc_pressure_plus,adc_pressure_plus,,,,counts,CP02PMUI,RII01,ADCPT
CP02PMUI-RII01-02-ADCPTG010,adc_pressure_minus,adc_pressure_minus,,,,counts,CP02PMUI,RII01,ADCPT
CP02PMUI-RII01-02-ADCPTG010,adc_attitude_temp,adc_attitude_temp,,,,counts,CP02PMUI,RII01,ADCPT
CP02PMUI-RII01-02-ADCPTG010,adc_attitude,adc_attitude,,,,counts,CP02PMUI,RII01,ADCPT
CP02PMUI-RII01-02-ADCPTG010,adc_contamination_sensor,adc_contamination_sensor,,,,counts,CP02PMUI,RII01,ADCPT
CP02PMUI-RII01-02-ADCPTG010,bus_error_exception,bus_error_exception,,,,1,CP02PMUI,RII01,ADCPT
CP02PMUI-RII01-02-ADCPTG010,address_error_exception,address_error_exception,,,,1,CP02PMUI,RII01,ADCPT
CP02PMUI-RII01-02-ADCPTG010,illegal_instruction_exception,illegal_instruction_exception,,,,1,CP02PMUI,RII01,ADCPT
CP02PMUI-RII01-02-ADCPTG010,zero_divide_instruction,zero_divide_instruction,,,,1,CP02PMUI,RII01,ADCPT
CP02PMUI-RII01-02-ADCPTG010,emulator_exception,emulator_exception,,,,1,CP02PMUI,RII01,ADCPT
CP02PMUI-RII01-02-ADCPTG010,unassigned_exception,unassigned_exception,,,,1,CP02PMUI,RII01,ADCPT
CP02PMUI-RII01-02-ADCPTG010,watchdog_restart_occurred,watchdog_restart_occurred,,,,1,CP02PMUI,RII01,ADCPT
CP02PMUI-RII01-02-ADCPTG010,battery_saver_power,battery_saver_power,,,,1,CP02PMUI,RII01,ADCPT
CP02PMUI-RII01-02-ADCPTG010,pinging,pinging,,,,1,CP02PMUI,RII01,ADCPT
CP02PMUI-RII01-02-ADCPTG010,cold_wakeup_occurred,cold_wakeup_occurred,,,,1,CP02PMUI,RII01,ADCPT
CP02PMUI-RII01-02-ADCPTG010,time,time,,,ENG,seconds since 1900-01-01,CP02PMUI,RII01,ADCPT
CP02PMUI-RII01-02-ADCPTG010,unknown_wakeup_occurred,unknown_wakeup_occurred,,,,1,CP02PMUI,RII01,ADCPT
CP02PMUI-RII01-02-ADCPTG010,clock_read_error,clock_read_error,,,,1,CP02PMUI,RII01,ADCPT
CP02PMUI-RII01-02-ADCPTG010,unexpected_alarm,unexpected_alarm,,,,1,CP02PMUI,RII01,ADCPT
CP02PMUI-RII01-02-ADCPTG010,clock_jump_forward,clock_jump_forward,,,,1,CP02PMUI,RII01,ADCPT
CP02PMUI-RII01-02-ADCPTG010,clock_jump_backward,clock_jump_backward,,,,1,CP02PMUI,RII01,ADCPT
CP02PMUI-RII01-02-ADCPTG010,power_fail,power_fail,,,,1,CP02PMUI,RII01,ADCPT
CP02PMUI-RII01-02-ADCPTG010,spurious_dsp_interrupt,spurious_dsp_interrupt,,,,1,CP02PMUI,RII01,ADCPT
CP02PMUI-RII01-02-ADCPTG010,spurious_uart_interrupt,spurious_uart_interrupt,,,,1,CP02PMUI,RII01,ADCPT
CP02PMUI-RII01-02-ADCPTG010,spurious_clock_interrupt,spurious_clock_interrupt,,,,1,CP02PMUI,RII01,ADCPT
CP02PMUI-RII01-02-ADCPTG010,level_7_interrupt,level_7_interrupt,,,,1,CP02PMUI,RII01,ADCPT
CP02PMUI-RII01-02-ADCPTG010,pressure,pressure,,,,daPa,CP02PMUI,RII01,ADCPT
CP02PMUI-RII01-02-ADCPTG010,pressure_variance,pressure_variance,,,,daPa,CP02PMUI,RII01,ADCPT
CP02PMUI-RII01-02-ADCPTG010,water_velocity_east,water_velocity_east,,,L0,mm s-1,CP02PMUI,RII01,ADCPT
CP02PMUI-RII01-02-ADCPTG010,water_velocity_north,water_velocity_north,,,L0,mm s-1,CP02PMUI,RII01,ADCPT
CP02PMUI-RII01-02-ADCPTG010,water_velocity_up,water_velocity_up,,,L0,mm s-1,CP02PMUI,RII01,ADCPT
CP02PMUI-RII01-02-ADCPTG010,error_velocity,error_velocity,,,L0,mm s-1,CP02PMUI,RII01,ADCPT
CP02PMUI-RII01-02-ADCPTG010,correlation_magnitude_beam1,correlation_magnitude_beam1,,,,1,CP02PMUI,RII01,ADCPT
CP02PMUI-RII01-02-ADCPTG010,correlation_magnitude_beam2,correlation_magnitude_beam2,,,,1,CP02PMUI,RII01,ADCPT
CP02PMUI-RII01-02-ADCPTG010,correlation_magnitude_beam3,correlation_magnitude_beam3,,,,1,CP02PMUI,RII01,ADCPT
CP02PMUI-RII01-02-ADCPTG010,correlation_magnitude_beam4,correlation_magnitude_beam4,,,,1,CP02PMUI,RII01,ADCPT
CP02PMUI-RII01-02-ADCPTG010,echo_intensity_beam1,echo_intensity_beam1,,,L0,counts,CP02PMUI,RII01,ADCPT
CP02PMUI-RII01-02-ADCPTG010,echo_intensity_beam2,echo_intensity_beam2,,,L0,counts,CP02PMUI,RII01,ADCPT
CP02PMUI-RII01-02-ADCPTG010,echo_intensity_beam3,echo_intensity_beam3,,,L0,counts,CP02PMUI,RII01,ADCPT
CP02PMUI-RII01-02-ADCPTG010,echo_intensity_beam4,echo_intensity_beam4,,,L0,counts,CP02PMUI,RII01,ADCPT
CP02PMUI-RII01-02-ADCPTG010,percent_good_3beam,percent_good_3beam,,,,percent,CP02PMUI,RII01,ADCPT
CP02PMUI-RII01-02-ADCPTG010,percent_transforms_reject,percent_transforms_reject,,,,percent,CP02PMUI,RII01,ADCPT
CP02PMUI-RII01-02-ADCPTG010,percent_bad_beams,percent_bad_beams,,,,percent,CP02PMUI,RII01,ADCPT
CP02PMUI-RII01-02-ADCPTG010,percent_good_4beam,percent_good_4beam,,,,percent,CP02PMUI,RII01,ADCPT
CP02PMUI-RII01-02-ADCPTG010,ensemble_start_time,ensemble_start_time,,,,seconds since 1900-01-01,CP02PMUI,RII01,ADCPT
CP02PMUI-RII01-02-ADCPTG010,ingestion_timestamp,ingestion_timestamp,,,ENG,seconds since 1900-01-01,CP02PMUI,RII01,ADCPT
CP02PMUI-RII01-02-ADCPTG010,real_time_clock,real_time_clock,,,,1,CP02PMUI,RII01,ADCPT
CP02PMUI-SBS01-01-MOPAK0000,driver_timestamp,driver_timestamp,,,ENG,seconds since 1900-01-01,CP02PMUI,SBS01,MOPAK
CP02PMUI-SBS01-01-MOPAK0000,internal_timestamp,internal_timestamp,,,ENG,seconds since 1900-01-01,CP02PMUI,SBS01,MOPAK
CP02PMUI-SBS01-01-MOPAK0000,mopak_accelx,mopak_accelx,,,ENG,g0,CP02PMUI,SBS01,MOPAK
CP02PMUI-SBS01-01-MOPAK0000,mopak_accely,mopak_accely,,,ENG,g0,CP02PMUI,SBS01,MOPAK
CP02PMUI-SBS01-01-MOPAK0000,mopak_accelz,mopak_accelz,,,ENG,g0,CP02PMUI,SBS01,MOPAK
CP02PMUI-SBS01-01-MOPAK0000,mopak_ang_ratex,mopak_ang_ratex,,,ENG,rad s-1,CP02PMUI,SBS01,MOPAK
CP02PMUI-SBS01-01-MOPAK0000,mopak_ang_ratey,mopak_ang_ratey,,,ENG,rad s-1,CP02PMUI,SBS01,MOPAK
CP02PMUI-SBS01-01-MOPAK0000,preferred_timestamp,preferred_timestamp,,,ENG,1,CP02PMUI,SBS01,MOPAK
CP02PMUI-SBS01-01-MOPAK0000,mopak_ang_ratez,mopak_ang_ratez,,,ENG,rad s-1,CP02PMUI,SBS01,MOPAK
CP02PMUI-SBS01-01-MOPAK0000,mopak_magx,mopak_magx,,,ENG,Gs,CP02PMUI,SBS01,MOPAK
CP02PMUI-SBS01-01-MOPAK0000,mopak_magy,mopak_magy,,,ENG,Gs,CP02PMUI,SBS01,MOPAK
CP02PMUI-SBS01-01-MOPAK0000,mopak_magz,mopak_magz,,,ENG,Gs,CP02PMUI,SBS01,MOPAK
CP02PMUI-SBS01-01-MOPAK0000,mopak_timer,mopak_timer,,,ENG,counts,CP02PMUI,SBS01,MOPAK
CP02PMUI-SBS01-01-MOPAK0000,mopak_roll,mopak_roll,,,ENG,degrees,CP02PMUI,SBS01,MOPAK
CP02PMUI-SBS01-01-MOPAK0000,mopak_pitch,mopak_pitch,,,ENG,degrees,CP02PMUI,SBS01,MOPAK
CP02PMUI-SBS01-01-MOPAK0000,mopak_yaw,mopak_yaw,,,ENG,degrees,CP02PMUI,SBS01,MOPAK
CP02PMUI-SBS01-01-MOPAK0000,time,time,,,ENG,seconds since 1900-01-01,CP02PMUI,SBS01,MOPAK
CP02PMUI-SBS01-01-MOPAK0000,ingestion_timestamp,ingestion_timestamp,,,ENG,seconds since 1900-01-01,CP02PMUI,SBS01,MOPAK
CP02PMUI-WFP01-01-VEL3DK000,driver_timestamp,driver_timestamp,,,ENG,seconds since 1900-01-01,CP02PMUI,WFP01,VEL3D
CP02PMUI-WFP01-01-VEL3DK000,internal_timestamp,internal_timestamp,,,ENG,seconds since 1900-01-01,CP02PMUI,WFP01,VEL3D
CP02PMUI-WFP01-01-VEL3DK000,preferred_timestamp,preferred_timestamp,,,ENG,1,CP02PMUI,WFP01,VEL3D
CP02PMUI-WFP01-01-VEL3DK000,vel3d_k_temp_c,vel3d_k_temp_c,,,AUX,cdeg_C,CP02PMUI,WFP01,VEL3D
CP02PMUI-WFP01-01-VEL3DK000,vel3d_k_heading,vel3d_k_heading,,,AUX,ddegrees,CP02PMUI,WFP01,VEL3D
CP02PMUI-WFP01-01-VEL3DK000,vel3d_k_pitch,vel3d_k_pitch,,,AUX,ddegrees,CP02PMUI,WFP01,VEL3D
CP02PMUI-WFP01-01-VEL3DK000,vel3d_k_roll,vel3d_k_roll,,,AUX,ddegrees,CP02PMUI,WFP01,VEL3D
CP02PMUI-WFP01-01-VEL3DK000,vel3d_k_v_scale,vel3d_k_v_scale,,,,counts,CP02PMUI,WFP01,VEL3D
CP02PMUI-WFP01-01-VEL3DK000,vel3d_k_vel0,vel3d_k_vel0,,,L0,counts,CP02PMUI,WFP01,VEL3D
CP02PMUI-WFP01-01-VEL3DK000,vel3d_k_vel1,vel3d_k_vel1,,,L0,counts,CP02PMUI,WFP01,VEL3D
CP02PMUI-WFP01-01-VEL3DK000,vel3d_k_vel2,vel3d_k_vel2,,,L0,counts,CP02PMUI,WFP01,VEL3D
CP02PMUI-WFP01-01-VEL3DK000,vel3d_k_amp0,vel3d_k_amp0,,,AUX,counts,CP02PMUI,WFP01,VEL3D
CP02PMUI-WFP01-01-VEL3DK000,vel3d_k_amp1,vel3d_k_amp1,,,AUX,counts,CP02PMUI,WFP01,VEL3D
CP02PMUI-WFP01-01-VEL3DK000,vel3d_k_amp2,vel3d_k_amp2,,,AUX,counts,CP02PMUI,WFP01,VEL3D
CP02PMUI-WFP01-01-VEL3DK000,vel3d_k_number_of_records,vel3d_k_number_of_records,,,,counts,CP02PMUI,WFP01,VEL3D
CP02PMUI-WFP01-01-VEL3DK000,vel3d_k_time_on,vel3d_k_time_on,,,,s,CP02PMUI,WFP01,VEL3D
CP02PMUI-WFP01-01-VEL3DK000,vel3d_k_time_off,vel3d_k_time_off,,,,s,CP02PMUI,WFP01,VEL3D
CP02PMUI-WFP01-01-VEL3DK000,vel3d_k_id,vel3d_k_id,,,,1,CP02PMUI,WFP01,VEL3D
CP02PMUI-WFP01-01-VEL3DK000,vel3d_k_version,vel3d_k_version,,,,counts,CP02PMUI,WFP01,VEL3D
CP02PMUI-WFP01-01-VEL3DK000,vel3d_k_serial,vel3d_k_serial,,,ENG,counts,CP02PMUI,WFP01,VEL3D
CP02PMUI-WFP01-01-VEL3DK000,vel3d_k_configuration,vel3d_k_configuration,,,,counts,CP02PMUI,WFP01,VEL3D
CP02PMUI-WFP01-01-VEL3DK000,vel3d_k_micro_second,vel3d_k_micro_second,,,,counts,CP02PMUI,WFP01,VEL3D
CP02PMUI-WFP01-01-VEL3DK000,vel3d_k_speed_sound,vel3d_k_speed_sound,,,AUX,counts,CP02PMUI,WFP01,VEL3D
CP02PMUI-WFP01-01-VEL3DK000,vel3d_k_pressure,vel3d_k_pressure,,,AUX,0.001 dbar,CP02PMUI,WFP01,VEL3D
CP02PMUI-WFP01-01-VEL3DK000,vel3d_k_error,vel3d_k_error,,,,counts,CP02PMUI,WFP01,VEL3D
CP02PMUI-WFP01-01-VEL3DK000,vel3d_k_status,vel3d_k_status,,,,counts,CP02PMUI,WFP01,VEL3D
CP02PMUI-WFP01-01-VEL3DK000,vel3d_k_beams_coordinate,vel3d_k_beams_coordinate,,,,bit mask,CP02PMUI,WFP01,VEL3D
CP02PMUI-WFP01-01-VEL3DK000,vel3d_k_cell_size,vel3d_k_cell_size,,,,counts,CP02PMUI,WFP01,VEL3D
CP02PMUI-WFP01-01-VEL3DK000,vel3d_k_blanking,vel3d_k_blanking,,,,counts,CP02PMUI,WFP01,VEL3D
CP02PMUI-WFP01-01-VEL3DK000,vel3d_k_velocity_range,vel3d_k_velocity_range,,,,counts,CP02PMUI,WFP01,VEL3D
CP02PMUI-WFP01-01-VEL3DK000,vel3d_k_battery_voltage,vel3d_k_battery_voltage,,,,counts,CP02PMUI,WFP01,VEL3D
CP02PMUI-WFP01-01-VEL3DK000,vel3d_k_mag_x,vel3d_k_mag_x,,,AUX,counts,CP02PMUI,WFP01,VEL3D
CP02PMUI-WFP01-01-VEL3DK000,vel3d_k_mag_y,vel3d_k_mag_y,,,AUX,counts,CP02PMUI,WFP01,VEL3D
CP02PMUI-WFP01-01-VEL3DK000,vel3d_k_mag_z,vel3d_k_mag_z,,,AUX,counts,CP02PMUI,WFP01,VEL3D
CP02PMUI-WFP01-01-VEL3DK000,vel3d_k_acc_x,vel3d_k_acc_x,,,AUX,counts,CP02PMUI,WFP01,VEL3D
CP02PMUI-WFP01-01-VEL3DK000,vel3d_k_acc_y,vel3d_k_acc_y,,,AUX,counts,CP02PMUI,WFP01,VEL3D
CP02PMUI-WFP01-01-VEL3DK000,vel3d_k_acc_z,vel3d_k_acc_z,,,AUX,counts,CP02PMUI,WFP01,VEL3D
CP02PMUI-WFP01-01-VEL3DK000,vel3d_k_ambiguity,vel3d_k_ambiguity,,,,counts,CP02PMUI,WFP01,VEL3D
CP02PMUI-WFP01-01-VEL3DK000,vel3d_k_data_set_description,vel3d_k_data_set_description,,,,bit mask,CP02PMUI,WFP01,VEL3D
CP02PMUI-WFP01-01-VEL3DK000,vel3d_k_transmit_energy,vel3d_k_transmit_energy,,,,counts,CP02PMUI,WFP01,VEL3D
CP02PMUI-WFP01-01-VEL3DK000,vel3d_k_power_level,vel3d_k_power_level,,,,counts,CP02PMUI,WFP01,VEL3D
CP02PMUI-WFP01-01-VEL3DK000,vel3d_k_corr0,vel3d_k_corr0,,,AUX,counts,CP02PMUI,WFP01,VEL3D
CP02PMUI-WFP01-01-VEL3DK000,vel3d_k_corr1,vel3d_k_corr1,,,AUX,counts,CP02PMUI,WFP01,VEL3D
CP02PMUI-WFP01-01-VEL3DK000,vel3d_k_corr2,vel3d_k_corr2,,,AUX,counts,CP02PMUI,WFP01,VEL3D
CP02PMUI-WFP01-01-VEL3DK000,vel3d_k_str_id,vel3d_k_str_id,,,,counts,CP02PMUI,WFP01,VEL3D
CP02PMUI-WFP01-01-VEL3DK000,vel3d_k_string,vel3d_k_string,,,,1,CP02PMUI,WFP01,VEL3D
CP02PMUI-WFP01-01-VEL3DK000,vel3d_k_beams,vel3d_k_beams,,,,1,CP02PMUI,WFP01,VEL3D
CP02PMUI-WFP01-01-VEL3DK000,vel3d_k_eastward_velocity,vel3d_k_eastward_velocity,-3,3,L1,m s-1,CP02PMUI,WFP01,VEL3D
CP02PMUI-WFP01-01-VEL3DK000,vel3d_k_northward_velocity,vel3d_k_northward_velocity,-3,3,L1,m s-1,CP02PMUI,WFP01,VEL3D
CP02PMUI-WFP01-01-VEL3DK000,vel3d_k_upward_velocity,vel3d_k_upward_velocity,-1,1,L1,m s-1,CP02PMUI,WFP01,VEL3D
CP02PMUI-WFP01-01-VEL3DK000,time,time,,,ENG,seconds since 1900-01-01,CP02PMUI,WFP01,VEL3D
CP02PMUI-WFP01-01-VEL3DK000,date_time_array,date_time_array,,,,1,CP02PMUI,WFP01,VEL3D
CP02PMUI-WFP01-01-VEL3DK000,ingestion_timestamp,ingestion_timestamp,,,ENG,seconds since 1900-01-01,CP02PMUI,WFP01,VEL3D
CP02PMUI-WFP01-02-DOFSTK000,driver_timestamp,driver_timestamp,,,ENG,seconds since 1900-01-01,CP02PMUI,WFP01,DOFST
CP02PMUI-WFP01-02-DOFSTK000,internal_timestamp,internal_timestamp,,,ENG,seconds since 1900-01-01,CP02PMUI,WFP01,DOFST
CP02PMUI-WFP01-02-DOFSTK000,wfp_time_on,wfp_time_on,,,,seconds since 1970-01-01,CP02PMUI,WFP01,DOFST
CP02PMUI-WFP01-02-DOFSTK000,wfp_time_off,wfp_time_off,,,,seconds since 1970-01-01,CP02PMUI,WFP01,DOFST
CP02PMUI-WFP01-02-DOFSTK000,wfp_number_samples,wfp_number_samples,,,,counts,CP02PMUI,WFP01,DOFST
CP02PMUI-WFP01-02-DOFSTK000,preferred_timestamp,preferred_timestamp,,,ENG,1,CP02PMUI,WFP01,DOFST
CP02PMUI-WFP01-02-DOFSTK000,dofst_k_oxygen,dofst_k_oxygen,,,L0,Hz,CP02PMUI,WFP01,DOFST
CP02PMUI-WFP01-02-DOFSTK000,dofst_k_oxygen_l2,dofst_k_oxygen_l2,0,400,L2,umol kg-1,CP02PMUI,WFP01,DOFST
CP02PMUI-WFP01-02-DOFSTK000,time,time,,,ENG,seconds since 1900-01-01,CP02PMUI,WFP01,DOFST
CP02PMUI-WFP01-02-DOFSTK000,ingestion_timestamp,ingestion_timestamp,,,ENG,seconds since 1900-01-01,CP02PMUI,WFP01,DOFST
CP02PMUI-WFP01-03-CTDPFK000,driver_timestamp,driver_timestamp,,,ENG,seconds since 1900-01-01,CP02PMUI,WFP01,CTDPF
CP02PMUI-WFP01-03-CTDPFK000,internal_timestamp,internal_timestamp,,,ENG,seconds since 1900-01-01,CP02PMUI,WFP01,CTDPF
CP02PMUI-WFP01-03-CTDPFK000,wfp_time_on,wfp_time_on,,,,seconds since 1970-01-01,CP02PMUI,WFP01,CTDPF
CP02PMUI-WFP01-03-CTDPFK000,wfp_time_off,wfp_time_off,,,,seconds since 1970-01-01,CP02PMUI,WFP01,CTDPF
CP02PMUI-WFP01-03-CTDPFK000,wfp_number_samples,wfp_number_samples,,,,counts,CP02PMUI,WFP01,CTDPF
CP02PMUI-WFP01-03-CTDPFK000,preferred_timestamp,preferred_timestamp,,,ENG,1,CP02PMUI,WFP01,CTDPF
CP02PMUI-WFP01-03-CTDPFK000,temperature,temperature,,,L0,counts,CP02PMUI,WFP01,CTDPF
CP02PMUI-WFP01-03-CTDPFK000,conductivity,conductivity,,,L0,counts,CP02PMUI,WFP01,CTDPF
CP02PMUI-WFP01-03-CTDPFK000,pressure,pressure,,,L0,counts,CP02PMUI,WFP01,CTDPF
CP02PMUI-WFP01-03-CTDPFK000,ctdpf_ckl_seawater_pressure,ctdpf_ckl_seawater_pressure,0,6000,L1,dbar,CP02PMUI,WFP01,CTDPF
CP02PMUI-WFP01-03-CTDPFK000,ctdpf_ckl_seawater_temperature,ctdpf_ckl_seawater_temperature,-2,40,L1,deg_C,CP02PMUI,WFP01,CTDPF
CP02PMUI-WFP01-03-CTDPFK000,ctdpf_ckl_seawater_conductivity,ctdpf_ckl_seawater_conductivity,0,6,L1,S m-1,CP02PMUI,WFP01,CTDPF
CP02PMUI-WFP01-03-CTDPFK000,ctdpf_ckl_sci_water_pracsal,ctdpf_ckl_sci_water_pracsal,0,42,L2,1,CP02PMUI,WFP01,CTDPF
CP02PMUI-WFP01-03-CTDPFK000,ctdpf_ckl_seawater_density,ctdpf_ckl_seawater_density,1000,1100,L2,kg m-3,CP02PMUI,WFP01,CTDPF
CP02PMUI-WFP01-03-CTDPFK000,time,time,,,ENG,seconds since 1900-01-01,CP02PMUI,WFP01,CTDPF
CP02PMUI-WFP01-03-CTDPFK000,ingestion_timestamp,ingestion_timestamp,,,ENG,seconds since 1900-01-01,CP02PMUI,WFP01,CTDPF
CP02PMUI-WFP01-04-FLORTK000,driver_timestamp,driver_timestamp,,,ENG,seconds since 1900-01-01,CP02PMUI,WFP01,FLORT
CP02PMUI-WFP01-04-FLORTK000,raw_signal_beta,raw_signal_beta,,,L0,counts,CP02PMUI,WFP01,FLORT
CP02PMUI-WFP01-04-FLORTK000,raw_signal_chl,raw_signal_chl,,,L0,counts,CP02PMUI,WFP01,FLORT
CP02PMUI-WFP01-04-FLORTK000,raw_signal_cdom,raw_signal_cdom,,,L0,counts,CP02PMUI,WFP01,FLORT
CP02PMUI-WFP01-04-FLORTK000,internal_timestamp,internal_timestamp,,,ENG,seconds since 1900-01-01,CP02PMUI,WFP01,FLORT
CP02PMUI-WFP01-04-FLORTK000,preferred_timestamp,preferred_timestamp,,,ENG,1,CP02PMUI,WFP01,FLORT
CP02PMUI-WFP01-04-FLORTK000,wfp_timestamp,wfp_timestamp,,,ENG,seconds since 1970-01-01,CP02PMUI,WFP01,FLORT
CP02PMUI-WFP01-04-FLORTK000,flort_k_total_volume_scattering_coefficient,flort_k_total_volume_scattering_coefficient,,,L1,m-1 sr-1,CP02PMUI,WFP01,FLORT
CP02PMUI-WFP01-04-FLORTK000,fluorometric_chlorophyll_a,fluorometric_chlorophyll_a,0,50,L1,ug L-1,CP02PMUI,WFP01,FLORT
CP02PMUI-WFP01-04-FLORTK000,fluorometric_cdom,fluorometric_cdom,0,375,L1,ppb,CP02PMUI,WFP01,FLORT
CP02PMUI-WFP01-04-FLORTK000,flort_kn_bback_total,flort_kn_bback_total,0.0003,1,L2,m-1,CP02PMUI,WFP01,FLORT
CP02PMUI-WFP01-04-FLORTK000,scat_seawater,scat_seawater,,,AUX,m-1,CP02PMUI,WFP01,FLORT
CP02PMUI-WFP01-04-FLORTK000,time,time,,,ENG,seconds since 1900-01-01,CP02PMUI,WFP01,FLORT
CP02PMUI-WFP01-04-FLORTK000,ingestion_timestamp,ingestion_timestamp,,,ENG,seconds since 1900-01-01,CP02PMUI,WFP01,FLORT
CP02PMUI-WFP01-05-PARADK000,driver_timestamp,driver_timestamp,,,ENG,seconds since 1900-01-01,CP02PMUI,WFP01,PARAD
CP02PMUI-WFP01-05-PARADK000,internal_timestamp,internal_timestamp,,,ENG,seconds since 1900-01-01,CP02PMUI,WFP01,PARAD
CP02PMUI-WFP01-05-PARADK000,par_val_v,par_val_v,,,L0,mV,CP02PMUI,WFP01,PARAD
CP02PMUI-WFP01-05-PARADK000,preferred_timestamp,preferred_timestamp,,,ENG,1,CP02PMUI,WFP01,PARAD
CP02PMUI-WFP01-05-PARADK000,wfp_timestamp,wfp_timestamp,,,ENG,seconds since 1970-01-01,CP02PMUI,WFP01,PARAD
CP02PMUI-WFP01-05-PARADK000,parad_k_par,parad_k_par,0,2500,L1,umol photons m-2 s-1,CP02PMUI,WFP01,PARAD
CP02PMUI-WFP01-05-PARADK000,time,time,,,ENG,seconds since 1900-01-01,CP02PMUI,WFP01,PARAD
CP02PMUI-WFP01-05-PARADK000,ingestion_timestamp,ingestion_timestamp,,,ENG,seconds since 1900-01-01,CP02PMUI,WFP01,PARAD
CP02PMUO-RII01-02-ADCPSL010,bin_depths,bin_depths,,,,m,CP02PMUO,RII01,ADCPS
CP02PMUO-RII01-02-ADCPSL010,driver_timestamp,driver_timestamp,,,ENG,seconds since 1900-01-01,CP02PMUO,RII01,ADCPS
CP02PMUO-RII01-02-ADCPSL010,ensemble_start_time_2,ensemble_start_time_2,,,,seconds since 1900-01-01,CP02PMUO,RII01,ADCPS
CP02PMUO-RII01-02-ADCPSL010,real_time_clock_2,real_time_clock_2,,,,1,CP02PMUO,RII01,ADCPS
CP02PMUO-RII01-02-ADCPSL010,internal_timestamp,internal_timestamp,,,ENG,seconds since 1900-01-01,CP02PMUO,RII01,ADCPS
CP02PMUO-RII01-02-ADCPSL010,preferred_timestamp,preferred_timestamp,,,ENG,1,CP02PMUO,RII01,ADCPS
CP02PMUO-RII01-02-ADCPSL010,adcps_jln_record,adcps_jln_record,,,,1,CP02PMUO,RII01,ADCPS
CP02PMUO-RII01-02-ADCPSL010,adcps_jln_number,adcps_jln_number,,,,1,CP02PMUO,RII01,ADCPS
CP02PMUO-RII01-02-ADCPSL010,adcps_jln_unit_id,adcps_jln_unit_id,,,,1,CP02PMUO,RII01,ADCPS
CP02PMUO-RII01-02-ADCPSL010,adcps_jln_fw_vers,adcps_jln_fw_vers,,,,1,CP02PMUO,RII01,ADCPS
CP02PMUO-RII01-02-ADCPSL010,adcps_jln_fw_rev,adcps_jln_fw_rev,,,,1,CP02PMUO,RII01,ADCPS
CP02PMUO-RII01-02-ADCPSL010,adcps_jln_year,adcps_jln_year,,,,year,CP02PMUO,RII01,ADCPS
CP02PMUO-RII01-02-ADCPSL010,adcps_jln_month,adcps_jln_month,,,,month,CP02PMUO,RII01,ADCPS
CP02PMUO-RII01-02-ADCPSL010,adcps_jln_day,adcps_jln_day,,,,day,CP02PMUO,RII01,ADCPS
CP02PMUO-RII01-02-ADCPSL010,adcps_jln_hour,adcps_jln_hour,,,,hour,CP02PMUO,RII01,ADCPS
CP02PMUO-RII01-02-ADCPSL010,adcps_jln_minute,adcps_jln_minute,,,,minute,CP02PMUO,RII01,ADCPS
CP02PMUO-RII01-02-ADCPSL010,adcps_jln_second,adcps_jln_second,,,,sec,CP02PMUO,RII01,ADCPS
CP02PMUO-RII01-02-ADCPSL010,adcps_jln_hsec,adcps_jln_hsec,,,,csec,CP02PMUO,RII01,ADCPS
CP02PMUO-RII01-02-ADCPSL010,adcps_jln_heading,adcps_jln_heading,,,,cdegree,CP02PMUO,RII01,ADCPS
CP02PMUO-RII01-02-ADCPSL010,adcps_jln_pitch,adcps_jln_pitch,,,,cdegree,CP02PMUO,RII01,ADCPS
CP02PMUO-RII01-02-ADCPSL010,adcps_jln_roll,adcps_jln_roll,,,,cdegree,CP02PMUO,RII01,ADCPS
CP02PMUO-RII01-02-ADCPSL010,adcps_jln_temp,adcps_jln_temp,,,,cdeg_C,CP02PMUO,RII01,ADCPS
CP02PMUO-RII01-02-ADCPSL010,adcps_jln_pressure,adcps_jln_pressure,,,,daPa,CP02PMUO,RII01,ADCPS
CP02PMUO-RII01-02-ADCPSL010,adcps_jln_startbin,adcps_jln_startbin,,,,1,CP02PMUO,RII01,ADCPS
CP02PMUO-RII01-02-ADCPSL010,adcps_jln_bins,adcps_jln_bins,,,,1,CP02PMUO,RII01,ADCPS
CP02PMUO-RII01-02-ADCPSL010,adcps_jln_timestamp,adcps_jln_timestamp,,,,1,CP02PMUO,RII01,ADCPS
CP02PMUO-RII01-02-ADCPSL010,adcps_jln_id,adcps_jln_id,,,,1,CP02PMUO,RII01,ADCPS
CP02PMUO-RII01-02-ADCPSL010,adcps_jln_volts,adcps_jln_volts,,,,V,CP02PMUO,RII01,ADCPS
CP02PMUO-RII01-02-ADCPSL010,adcps_jln_records,adcps_jln_records,,,,1,CP02PMUO,RII01,ADCPS
CP02PMUO-RII01-02-ADCPSL010,adcps_jln_length,adcps_jln_length,,,,1,CP02PMUO,RII01,ADCPS
CP02PMUO-RII01-02-ADCPSL010,adcps_jln_events,adcps_jln_events,,,,1,CP02PMUO,RII01,ADCPS
CP02PMUO-RII01-02-ADCPSL010,adcps_jln_samples_written,adcps_jln_samples_written,,,,1,CP02PMUO,RII01,ADCPS
CP02PMUO-RII01-02-ADCPSL010,sensor_available_speed,sensor_available_speed,,,,1,CP02PMUO,RII01,ADCPS
CP02PMUO-RII01-02-ADCPSL010,sysconfig_beam_angle,sysconfig_beam_angle,,,,1,CP02PMUO,RII01,ADCPS
CP02PMUO-RII01-02-ADCPSL010,sysconfig_beam_config,sysconfig_beam_config,,,,1,CP02PMUO,RII01,ADCPS
CP02PMUO-RII01-02-ADCPSL010,adcps_jln_upward_seawater_velocity2,adcps_jln_upward_seawater_velocity2,-1,1,L1,m s-1,CP02PMUO,RII01,ADCPS
CP02PMUO-RII01-02-ADCPSL010,adcps_jln_error_velocity2,adcps_jln_error_velocity2,-1,1,L1,m s-1,CP02PMUO,RII01,ADCPS
CP02PMUO-RII01-02-ADCPSL010,adcps_jln_eastward_seawater_velocity2,adcps_jln_eastward_seawater_velocity2,-3,3,L1,m s-1,CP02PMUO,RII01,ADCPS
CP02PMUO-RII01-02-ADCPSL010,adcps_jln_northward_seawater_velocity2,adcps_jln_northward_seawater_velocity2,-3,3,L1,m s-1,CP02PMUO,RII01,ADCPS
CP02PMUO-RII01-02-ADCPSL010,adcps_jln_echo_intensity_beam1,adcps_jln_echo_intensity_beam1,0,255,L1,dB,CP02PMUO,RII01,ADCPS
CP02PMUO-RII01-02-ADCPSL010,adcps_jln_echo_intensity_beam2,adcps_jln_echo_intensity_beam2,0,255,L1,dB,CP02PMUO,RII01,ADCPS
CP02PMUO-RII01-02-ADCPSL010,adcps_jln_echo_intensity_beam3,adcps_jln_echo_intensity_beam3,0,255,L1,dB,CP02PMUO,RII01,ADCPS
CP02PMUO-RII01-02-ADCPSL010,adcps_jln_echo_intensity_beam4,adcps_jln_echo_intensity_beam4,0,255,L1,dB,CP02PMUO,RII01,ADCPS
CP02PMUO-RII01-02-ADCPSL010,serial_number,serial_number,,,ENG,1,CP02PMUO,RII01,ADCPS
CP02PMUO-RII01-02-ADCPSL010,adcps_jln_recovered_eastward_seawater_velocity,adcps_jln_recovered_eastward_seawater_velocity,-3,3,L1,m s-1,CP02PMUO,RII01,ADCPS
CP02PMUO-RII01-02-ADCPSL010,adcps_jln_recovered_northward_seawater_velocity,adcps_jln_recovered_northward_seawater_velocity,-3,3,L1,m s-1,CP02PMUO,RII01,ADCPS
CP02PMUO-RII01-02-ADCPSL010,firmware_version,firmware_version,,,,1,CP02PMUO,RII01,ADCPS
CP02PMUO-RII01-02-ADCPSL010,firmware_revision,firmware_revision,,,,1,CP02PMUO,RII01,ADCPS
CP02PMUO-RII01-02-ADCPSL010,sysconfig_frequency,sysconfig_frequency,,,,kHz,CP02PMUO,RII01,ADCPS
CP02PMUO-RII01-02-ADCPSL010,sysconfig_beam_pattern,sysconfig_beam_pattern,,,,1,CP02PMUO,RII01,ADCPS
CP02PMUO-RII01-02-ADCPSL010,sysconfig_sensor_config,sysconfig_sensor_config,,,,1,CP02PMUO,RII01,ADCPS
CP02PMUO-RII01-02-ADCPSL010,sysconfig_head_attached,sysconfig_head_attached,,,,1,CP02PMUO,RII01,ADCPS
CP02PMUO-RII01-02-ADCPSL010,sysconfig_vertical_orientation,sysconfig_vertical_orientation,,,,1,CP02PMUO,RII01,ADCPS
CP02PMUO-RII01-02-ADCPSL010,data_flag,data_flag,,,,1,CP02PMUO,RII01,ADCPS
CP02PMUO-RII01-02-ADCPSL010,lag_length,lag_length,,,,s,CP02PMUO,RII01,ADCPS
CP02PMUO-RII01-02-ADCPSL010,num_beams,num_beams,,,,1,CP02PMUO,RII01,ADCPS
CP02PMUO-RII01-02-ADCPSL010,num_cells,num_cells,,,,1,CP02PMUO,RII01,ADCPS
CP02PMUO-RII01-02-ADCPSL010,pings_per_ensemble,pings_per_ensemble,,,,1,CP02PMUO,RII01,ADCPS
CP02PMUO-RII01-02-ADCPSL010,cell_length,cell_length,,,,cm,CP02PMUO,RII01,ADCPS
CP02PMUO-RII01-02-ADCPSL010,blank_after_transmit,blank_after_transmit,,,,cm,CP02PMUO,RII01,ADCPS
CP02PMUO-RII01-02-ADCPSL010,signal_processing_mode,signal_processing_mode,,,,1,CP02PMUO,RII01,ADCPS
CP02PMUO-RII01-02-ADCPSL010,low_corr_threshold,low_corr_threshold,,,,counts,CP02PMUO,RII01,ADCPS
CP02PMUO-RII01-02-ADCPSL010,num_code_repetitions,num_code_repetitions,,,,counts,CP02PMUO,RII01,ADCPS
CP02PMUO-RII01-02-ADCPSL010,percent_good_min,percent_good_min,,,,percent,CP02PMUO,RII01,ADCPS
CP02PMUO-RII01-02-ADCPSL010,error_vel_threshold,error_vel_threshold,,,,mm s-1,CP02PMUO,RII01,ADCPS
CP02PMUO-RII01-02-ADCPSL010,time_per_ping_minutes,time_per_ping_minutes,,,,min,CP02PMUO,RII01,ADCPS
CP02PMUO-RII01-02-ADCPSL010,time_per_ping_seconds,time_per_ping_seconds,,,,s,CP02PMUO,RII01,ADCPS
CP02PMUO-RII01-02-ADCPSL010,coord_transform_type,coord_transform_type,,,,1,CP02PMUO,RII01,ADCPS
CP02PMUO-RII01-02-ADCPSL010,coord_transform_tilts,coord_transform_tilts,,,,1,CP02PMUO,RII01,ADCPS
CP02PMUO-RII01-02-ADCPSL010,coord_transform_beams,coord_transform_beams,,,,1,CP02PMUO,RII01,ADCPS
CP02PMUO-RII01-02-ADCPSL010,coord_transform_mapping,coord_transform_mapping,,,,1,CP02PMUO,RII01,ADCPS
CP02PMUO-RII01-02-ADCPSL010,heading_alignment,heading_alignment,,,,cdegrees,CP02PMUO,RII01,ADCPS
CP02PMUO-RII01-02-ADCPSL010,heading_bias,heading_bias,,,,cdegrees,CP02PMUO,RII01,ADCPS
CP02PMUO-RII01-02-ADCPSL010,sensor_source_speed,sensor_source_speed,,,,1,CP02PMUO,RII01,ADCPS
CP02PMUO-RII01-02-ADCPSL010,sensor_source_depth,sensor_source_depth,,,,1,CP02PMUO,RII01,ADCPS
CP02PMUO-RII01-02-ADCPSL010,sensor_source_heading,sensor_source_heading,,,,1,CP02PMUO,RII01,ADCPS
CP02PMUO-RII01-02-ADCPSL010,sensor_source_pitch,sensor_source_pitch,,,,1,CP02PMUO,RII01,ADCPS
CP02PMUO-RII01-02-ADCPSL010,sensor_source_roll,sensor_source_roll,,,,1,CP02PMUO,RII01,ADCPS
CP02PMUO-RII01-02-ADCPSL010,sensor_source_conductivity,sensor_source_conductivity,,,,1,CP02PMUO,RII01,ADCPS
CP02PMUO-RII01-02-ADCPSL010,sensor_source_temperature,sensor_source_temperature,,,,1,CP02PMUO,RII01,ADCPS
CP02PMUO-RII01-02-ADCPSL010,sensor_available_depth,sensor_available_depth,,,,1,CP02PMUO,RII01,ADCPS
CP02PMUO-RII01-02-ADCPSL010,sensor_available_heading,sensor_available_heading,,,,1,CP02PMUO,RII01,ADCPS
CP02PMUO-RII01-02-ADCPSL010,sensor_available_pitch,sensor_available_pitch,,,,1,CP02PMUO,RII01,ADCPS
CP02PMUO-RII01-02-ADCPSL010,sensor_available_roll,sensor_available_roll,,,,1,CP02PMUO,RII01,ADCPS
CP02PMUO-RII01-02-ADCPSL010,sensor_available_conductivity,sensor_available_conductivity,,,,1,CP02PMUO,RII01,ADCPS
CP02PMUO-RII01-02-ADCPSL010,sensor_available_temperature,sensor_available_temperature,,,,1,CP02PMUO,RII01,ADCPS
CP02PMUO-RII01-02-ADCPSL010,bin_1_distance,bin_1_distance,,,,cm,CP02PMUO,RII01,ADCPS
CP02PMUO-RII01-02-ADCPSL010,transmit_pulse_length,transmit_pulse_length,,,,cm,CP02PMUO,RII01,ADCPS
CP02PMUO-RII01-02-ADCPSL010,reference_layer_start,reference_layer_start,,,,1,CP02PMUO,RII01,ADCPS
CP02PMUO-RII01-02-ADCPSL010,reference_layer_stop,reference_layer_stop,,,,1,CP02PMUO,RII01,ADCPS
CP02PMUO-RII01-02-ADCPSL010,false_target_threshold,false_target_threshold,,,,counts,CP02PMUO,RII01,ADCPS
CP02PMUO-RII01-02-ADCPSL010,low_latency_trigger,low_latency_trigger,,,,1,CP02PMUO,RII01,ADCPS
CP02PMUO-RII01-02-ADCPSL010,transmit_lag_distance,transmit_lag_distance,,,,cm,CP02PMUO,RII01,ADCPS
CP02PMUO-RII01-02-ADCPSL010,cpu_board_serial_number,cpu_board_serial_number,,,,1,CP02PMUO,RII01,ADCPS
CP02PMUO-RII01-02-ADCPSL010,system_bandwidth,system_bandwidth,,,,1,CP02PMUO,RII01,ADCPS
CP02PMUO-RII01-02-ADCPSL010,system_power,system_power,,,,1,CP02PMUO,RII01,ADCPS
CP02PMUO-RII01-02-ADCPSL010,beam_angle,beam_angle,,,,degrees,CP02PMUO,RII01,ADCPS
CP02PMUO-RII01-02-ADCPSL010,ensemble_number,ensemble_number,,,,1,CP02PMUO,RII01,ADCPS
CP02PMUO-RII01-02-ADCPSL010,ensemble_number_increment,ensemble_number_increment,,,,1,CP02PMUO,RII01,ADCPS
CP02PMUO-RII01-02-ADCPSL010,bit_result_demod_1,bit_result_demod_1,,,,1,CP02PMUO,RII01,ADCPS
CP02PMUO-RII01-02-ADCPSL010,bit_result_demod_0,bit_result_demod_0,,,,1,CP02PMUO,RII01,ADCPS
CP02PMUO-RII01-02-ADCPSL010,bit_result_timing,bit_result_timing,,,,1,CP02PMUO,RII01,ADCPS
CP02PMUO-RII01-02-ADCPSL010,speed_of_sound,speed_of_sound,,,,m s-1,CP02PMUO,RII01,ADCPS
CP02PMUO-RII01-02-ADCPSL010,transducer_depth,transducer_depth,,,,dm,CP02PMUO,RII01,ADCPS
CP02PMUO-RII01-02-ADCPSL010,heading,heading,,,,cdegrees,CP02PMUO,RII01,ADCPS
CP02PMUO-RII01-02-ADCPSL010,pitch,pitch,,,,cdegrees,CP02PMUO,RII01,ADCPS
CP02PMUO-RII01-02-ADCPSL010,roll,roll,,,,cdegrees,CP02PMUO,RII01,ADCPS
CP02PMUO-RII01-02-ADCPSL010,salinity,salinity,,,,1,CP02PMUO,RII01,ADCPS
CP02PMUO-RII01-02-ADCPSL010,temperature,temperature,,,,cdeg_C,CP02PMUO,RII01,ADCPS
CP02PMUO-RII01-02-ADCPSL010,mpt_minutes,mpt_minutes,,,,min,CP02PMUO,RII01,ADCPS
CP02PMUO-RII01-02-ADCPSL010,mpt_seconds,mpt_seconds,,,,s,CP02PMUO,RII01,ADCPS
CP02PMUO-RII01-02-ADCPSL010,heading_stdev,heading_stdev,,,,degrees,CP02PMUO,RII01,ADCPS
CP02PMUO-RII01-02-ADCPSL010,pitch_stdev,pitch_stdev,,,,ddegrees,CP02PMUO,RII01,ADCPS
CP02PMUO-RII01-02-ADCPSL010,roll_stdev,roll_stdev,,,,ddegrees,CP02PMUO,RII01,ADCPS
CP02PMUO-RII01-02-ADCPSL010,adc_transmit_current,adc_transmit_current,,,,counts,CP02PMUO,RII01,ADCPS
CP02PMUO-RII01-02-ADCPSL010,adc_transmit_voltage,adc_transmit_voltage,,,,counts,CP02PMUO,RII01,ADCPS
CP02PMUO-RII01-02-ADCPSL010,adc_ambient_temp,adc_ambient_temp,,,,counts,CP02PMUO,RII01,ADCPS
CP02PMUO-RII01-02-ADCPSL010,adc_pressure_plus,adc_pressure_plus,,,,counts,CP02PMUO,RII01,ADCPS
CP02PMUO-RII01-02-ADCPSL010,adc_pressure_minus,adc_pressure_minus,,,,counts,CP02PMUO,RII01,ADCPS
CP02PMUO-RII01-02-ADCPSL010,adc_attitude_temp,adc_attitude_temp,,,,counts,CP02PMUO,RII01,ADCPS
CP02PMUO-RII01-02-ADCPSL010,adc_attitude,adc_attitude,,,,counts,CP02PMUO,RII01,ADCPS
CP02PMUO-RII01-02-ADCPSL010,adc_contamination_sensor,adc_contamination_sensor,,,,counts,CP02PMUO,RII01,ADCPS
CP02PMUO-RII01-02-ADCPSL010,bus_error_exception,bus_error_exception,,,,1,CP02PMUO,RII01,ADCPS
CP02PMUO-RII01-02-ADCPSL010,address_error_exception,address_error_exception,,,,1,CP02PMUO,RII01,ADCPS
CP02PMUO-RII01-02-ADCPSL010,illegal_instruction_exception,illegal_instruction_exception,,,,1,CP02PMUO,RII01,ADCPS
CP02PMUO-RII01-02-ADCPSL010,zero_divide_instruction,zero_divide_instruction,,,,1,CP02PMUO,RII01,ADCPS
CP02PMUO-RII01-02-ADCPSL010,emulator_exception,emulator_exception,,,,1,CP02PMUO,RII01,ADCPS
CP02PMUO-RII01-02-ADCPSL010,unassigned_exception,unassigned_exception,,,,1,CP02PMUO,RII01,ADCPS
CP02PMUO-RII01-02-ADCPSL010,watchdog_restart_occurred,watchdog_restart_occurred,,,,1,CP02PMUO,RII01,ADCPS
CP02PMUO-RII01-02-ADCPSL010,battery_saver_power,battery_saver_power,,,,1,CP02PMUO,RII01,ADCPS
CP02PMUO-RII01-02-ADCPSL010,pinging,pinging,,,,1,CP02PMUO,RII01,ADCPS
CP02PMUO-RII01-02-ADCPSL010,cold_wakeup_occurred,cold_wakeup_occurred,,,,1,CP02PMUO,RII01,ADCPS
CP02PMUO-RII01-02-ADCPSL010,time,time,,,ENG,seconds since 1900-01-01,CP02PMUO,RII01,ADCPS
CP02PMUO-RII01-02-ADCPSL010,unknown_wakeup_occurred,unknown_wakeup_occurred,,,,1,CP02PMUO,RII01,ADCPS
CP02PMUO-RII01-02-ADCPSL010,clock_read_error,clock_read_error,,,,1,CP02PMUO,RII01,ADCPS
CP02PMUO-RII01-02-ADCPSL010,unexpected_alarm,unexpected_alarm,,,,1,CP02PMUO,RII01,ADCPS
CP02PMUO-RII01-02-ADCPSL010,clock_jump_forward,clock_jump_forward,,,,1,CP02PMUO,RII01,ADCPS
CP02PMUO-RII01-02-ADCPSL010,clock_jump_backward,clock_jump_backward,,,,1,CP02PMUO,RII01,ADCPS
CP02PMUO-RII01-02-ADCPSL010,power_fail,power_fail,,,,1,CP02PMUO,RII01,ADCPS
CP02PMUO-RII01-02-ADCPSL010,spurious_dsp_interrupt,spurious_dsp_interrupt,,,,1,CP02PMUO,RII01,ADCPS
CP02PMUO-RII01-02-ADCPSL010,spurious_uart_interrupt,spurious_uart_interrupt,,,,1,CP02PMUO,RII01,ADCPS
CP02PMUO-RII01-02-ADCPSL010,spurious_clock_interrupt,spurious_clock_interrupt,,,,1,CP02PMUO,RII01,ADCPS
CP02PMUO-RII01-02-ADCPSL010,level_7_interrupt,level_7_interrupt,,,,1,CP02PMUO,RII01,ADCPS
CP02PMUO-RII01-02-ADCPSL010,pressure,pressure,,,,daPa,CP02PMUO,RII01,ADCPS
CP02PMUO-RII01-02-ADCPSL010,pressure_variance,pressure_variance,,,,daPa,CP02PMUO,RII01,ADCPS
CP02PMUO-RII01-02-ADCPSL010,water_velocity_east,water_velocity_east,,,L0,mm s-1,CP02PMUO,RII01,ADCPS
CP02PMUO-RII01-02-ADCPSL010,water_velocity_north,water_velocity_north,,,L0,mm s-1,CP02PMUO,RII01,ADCPS
CP02PMUO-RII01-02-ADCPSL010,water_velocity_up,water_velocity_up,,,L0,mm s-1,CP02PMUO,RII01,ADCPS
CP02PMUO-RII01-02-ADCPSL010,error_velocity,error_velocity,,,L0,mm s-1,CP02PMUO,RII01,ADCPS
CP02PMUO-RII01-02-ADCPSL010,correlation_magnitude_beam1,correlation_magnitude_beam1,,,,1,CP02PMUO,RII01,ADCPS
CP02PMUO-RII01-02-ADCPSL010,correlation_magnitude_beam2,correlation_magnitude_beam2,,,,1,CP02PMUO,RII01,ADCPS
CP02PMUO-RII01-02-ADCPSL010,correlation_magnitude_beam3,correlation_magnitude_beam3,,,,1,CP02PMUO,RII01,ADCPS
CP02PMUO-RII01-02-ADCPSL010,correlation_magnitude_beam4,correlation_magnitude_beam4,,,,1,CP02PMUO,RII01,ADCPS
CP02PMUO-RII01-02-ADCPSL010,echo_intensity_beam1,echo_intensity_beam1,,,L0,counts,CP02PMUO,RII01,ADCPS
CP02PMUO-RII01-02-ADCPSL010,echo_intensity_beam2,echo_intensity_beam2,,,L0,counts,CP02PMUO,RII01,ADCPS
CP02PMUO-RII01-02-ADCPSL010,echo_intensity_beam3,echo_intensity_beam3,,,L0,counts,CP02PMUO,RII01,ADCPS
CP02PMUO-RII01-02-ADCPSL010,echo_intensity_beam4,echo_intensity_beam4,,,L0,counts,CP02PMUO,RII01,ADCPS
CP02PMUO-RII01-02-ADCPSL010,percent_good_3beam,percent_good_3beam,,,,percent,CP02PMUO,RII01,ADCPS
CP02PMUO-RII01-02-ADCPSL010,percent_transforms_reject,percent_transforms_reject,,,,percent,CP02PMUO,RII01,ADCPS
CP02PMUO-RII01-02-ADCPSL010,percent_bad_beams,percent_bad_beams,,,,percent,CP02PMUO,RII01,ADCPS
CP02PMUO-RII01-02-ADCPSL010,percent_good_4beam,percent_good_4beam,,,,percent,CP02PMUO,RII01,ADCPS
CP02PMUO-RII01-02-ADCPSL010,ensemble_start_time,ensemble_start_time,,,,seconds since 1900-01-01,CP02PMUO,RII01,ADCPS
CP02PMUO-RII01-02-ADCPSL010,ingestion_timestamp,ingestion_timestamp,,,ENG,seconds since 1900-01-01,CP02PMUO,RII01,ADCPS
CP02PMUO-RII01-02-ADCPSL010,real_time_clock,real_time_clock,,,,1,CP02PMUO,RII01,ADCPS
CP02PMUO-SBS01-01-MOPAK0000,driver_timestamp,driver_timestamp,,,ENG,seconds since 1900-01-01,CP02PMUO,SBS01,MOPAK
CP02PMUO-SBS01-01-MOPAK0000,internal_timestamp,internal_timestamp,,,ENG,seconds since 1900-01-01,CP02PMUO,SBS01,MOPAK
CP02PMUO-SBS01-01-MOPAK0000,mopak_accelx,mopak_accelx,,,ENG,g0,CP02PMUO,SBS01,MOPAK
CP02PMUO-SBS01-01-MOPAK0000,mopak_accely,mopak_accely,,,ENG,g0,CP02PMUO,SBS01,MOPAK
CP02PMUO-SBS01-01-MOPAK0000,mopak_accelz,mopak_accelz,,,ENG,g0,CP02PMUO,SBS01,MOPAK
CP02PMUO-SBS01-01-MOPAK0000,mopak_ang_ratex,mopak_ang_ratex,,,ENG,rad s-1,CP02PMUO,SBS01,MOPAK
CP02PMUO-SBS01-01-MOPAK0000,mopak_ang_ratey,mopak_ang_ratey,,,ENG,rad s-1,CP02PMUO,SBS01,MOPAK
CP02PMUO-SBS01-01-MOPAK0000,preferred_timestamp,preferred_timestamp,,,ENG,1,CP02PMUO,SBS01,MOPAK
CP02PMUO-SBS01-01-MOPAK0000,mopak_ang_ratez,mopak_ang_ratez,,,ENG,rad s-1,CP02PMUO,SBS01,MOPAK
CP02PMUO-SBS01-01-MOPAK0000,mopak_magx,mopak_magx,,,ENG,Gs,CP02PMUO,SBS01,MOPAK
CP02PMUO-SBS01-01-MOPAK0000,mopak_magy,mopak_magy,,,ENG,Gs,CP02PMUO,SBS01,MOPAK
CP02PMUO-SBS01-01-MOPAK0000,mopak_magz,mopak_magz,,,ENG,Gs,CP02PMUO,SBS01,MOPAK
CP02PMUO-SBS01-01-MOPAK0000,mopak_timer,mopak_timer,,,ENG,counts,CP02PMUO,SBS01,MOPAK
CP02PMUO-SBS01-01-MOPAK0000,mopak_roll,mopak_roll,,,ENG,degrees,CP02PMUO,SBS01,MOPAK
CP02PMUO-SBS01-01-MOPAK0000,mopak_pitch,mopak_pitch,,,ENG,degrees,CP02PMUO,SBS01,MOPAK
CP02PMUO-SBS01-01-MOPAK0000,mopak_yaw,mopak_yaw,,,ENG,degrees,CP02PMUO,SBS01,MOPAK
CP02PMUO-SBS01-01-MOPAK0000,time,time,,,ENG,seconds since 1900-01-01,CP02PMUO,SBS01,MOPAK
CP02PMUO-SBS01-01-MOPAK0000,ingestion_timestamp,ingestion_timestamp,,,ENG,seconds since 1900-01-01,CP02PMUO,SBS01,MOPAK
CP02PMUO-WFP01-01-VEL3DK000,driver_timestamp,driver_timestamp,,,ENG,seconds since 1900-01-01,CP02PMUO,WFP01,VEL3D
CP02PMUO-WFP01-01-VEL3DK000,internal_timestamp,internal_timestamp,,,ENG,seconds since 1900-01-01,CP02PMUO,WFP01,VEL3D
CP02PMUO-WFP01-01-VEL3DK000,preferred_timestamp,preferred_timestamp,,,ENG,1,CP02PMUO,WFP01,VEL3D
CP02PMUO-WFP01-01-VEL3DK000,vel3d_k_temp_c,vel3d_k_temp_c,,,AUX,cdeg_C,CP02PMUO,WFP01,VEL3D
CP02PMUO-WFP01-01-VEL3DK000,vel3d_k_heading,vel3d_k_heading,,,AUX,ddegrees,CP02PMUO,WFP01,VEL3D
CP02PMUO-WFP01-01-VEL3DK000,vel3d_k_pitch,vel3d_k_pitch,,,AUX,ddegrees,CP02PMUO,WFP01,VEL3D
CP02PMUO-WFP01-01-VEL3DK000,vel3d_k_roll,vel3d_k_roll,,,AUX,ddegrees,CP02PMUO,WFP01,VEL3D
CP02PMUO-WFP01-01-VEL3DK000,vel3d_k_v_scale,vel3d_k_v_scale,,,,counts,CP02PMUO,WFP01,VEL3D
CP02PMUO-WFP01-01-VEL3DK000,vel3d_k_vel0,vel3d_k_vel0,,,L0,counts,CP02PMUO,WFP01,VEL3D
CP02PMUO-WFP01-01-VEL3DK000,vel3d_k_vel1,vel3d_k_vel1,,,L0,counts,CP02PMUO,WFP01,VEL3D
CP02PMUO-WFP01-01-VEL3DK000,vel3d_k_vel2,vel3d_k_vel2,,,L0,counts,CP02PMUO,WFP01,VEL3D
CP02PMUO-WFP01-01-VEL3DK000,vel3d_k_amp0,vel3d_k_amp0,,,AUX,counts,CP02PMUO,WFP01,VEL3D
CP02PMUO-WFP01-01-VEL3DK000,vel3d_k_amp1,vel3d_k_amp1,,,AUX,counts,CP02PMUO,WFP01,VEL3D
CP02PMUO-WFP01-01-VEL3DK000,vel3d_k_amp2,vel3d_k_amp2,,,AUX,counts,CP02PMUO,WFP01,VEL3D
CP02PMUO-WFP01-01-VEL3DK000,vel3d_k_number_of_records,vel3d_k_number_of_records,,,,counts,CP02PMUO,WFP01,VEL3D
CP02PMUO-WFP01-01-VEL3DK000,vel3d_k_time_on,vel3d_k_time_on,,,,s,CP02PMUO,WFP01,VEL3D
CP02PMUO-WFP01-01-VEL3DK000,vel3d_k_time_off,vel3d_k_time_off,,,,s,CP02PMUO,WFP01,VEL3D
CP02PMUO-WFP01-01-VEL3DK000,vel3d_k_id,vel3d_k_id,,,,1,CP02PMUO,WFP01,VEL3D
CP02PMUO-WFP01-01-VEL3DK000,vel3d_k_version,vel3d_k_version,,,,counts,CP02PMUO,WFP01,VEL3D
CP02PMUO-WFP01-01-VEL3DK000,vel3d_k_serial,vel3d_k_serial,,,ENG,counts,CP02PMUO,WFP01,VEL3D
CP02PMUO-WFP01-01-VEL3DK000,vel3d_k_configuration,vel3d_k_configuration,,,,counts,CP02PMUO,WFP01,VEL3D
CP02PMUO-WFP01-01-VEL3DK000,vel3d_k_micro_second,vel3d_k_micro_second,,,,counts,CP02PMUO,WFP01,VEL3D
CP02PMUO-WFP01-01-VEL3DK000,vel3d_k_speed_sound,vel3d_k_speed_sound,,,AUX,counts,CP02PMUO,WFP01,VEL3D
CP02PMUO-WFP01-01-VEL3DK000,vel3d_k_pressure,vel3d_k_pressure,,,AUX,0.001 dbar,CP02PMUO,WFP01,VEL3D
CP02PMUO-WFP01-01-VEL3DK000,vel3d_k_error,vel3d_k_error,,,,counts,CP02PMUO,WFP01,VEL3D
CP02PMUO-WFP01-01-VEL3DK000,vel3d_k_status,vel3d_k_status,,,,counts,CP02PMUO,WFP01,VEL3D
CP02PMUO-WFP01-01-VEL3DK000,vel3d_k_beams_coordinate,vel3d_k_beams_coordinate,,,,bit mask,CP02PMUO,WFP01,VEL3D
CP02PMUO-WFP01-01-VEL3DK000,vel3d_k_cell_size,vel3d_k_cell_size,,,,counts,CP02PMUO,WFP01,VEL3D
CP02PMUO-WFP01-01-VEL3DK000,vel3d_k_blanking,vel3d_k_blanking,,,,counts,CP02PMUO,WFP01,VEL3D
CP02PMUO-WFP01-01-VEL3DK000,vel3d_k_velocity_range,vel3d_k_velocity_range,,,,counts,CP02PMUO,WFP01,VEL3D
CP02PMUO-WFP01-01-VEL3DK000,vel3d_k_battery_voltage,vel3d_k_battery_voltage,,,,counts,CP02PMUO,WFP01,VEL3D
CP02PMUO-WFP01-01-VEL3DK000,vel3d_k_mag_x,vel3d_k_mag_x,,,AUX,counts,CP02PMUO,WFP01,VEL3D
CP02PMUO-WFP01-01-VEL3DK000,vel3d_k_mag_y,vel3d_k_mag_y,,,AUX,counts,CP02PMUO,WFP01,VEL3D
CP02PMUO-WFP01-01-VEL3DK000,vel3d_k_mag_z,vel3d_k_mag_z,,,AUX,counts,CP02PMUO,WFP01,VEL3D
CP02PMUO-WFP01-01-VEL3DK000,vel3d_k_acc_x,vel3d_k_acc_x,,,AUX,counts,CP02PMUO,WFP01,VEL3D
CP02PMUO-WFP01-01-VEL3DK000,vel3d_k_acc_y,vel3d_k_acc_y,,,AUX,counts,CP02PMUO,WFP01,VEL3D
CP02PMUO-WFP01-01-VEL3DK000,vel3d_k_acc_z,vel3d_k_acc_z,,,AUX,counts,CP02PMUO,WFP01,VEL3D
CP02PMUO-WFP01-01-VEL3DK000,vel3d_k_ambiguity,vel3d_k_ambiguity,,,,counts,CP02PMUO,WFP01,VEL3D
CP02PMUO-WFP01-01-VEL3DK000,vel3d_k_data_set_description,vel3d_k_data_set_description,,,,bit mask,CP02PMUO,WFP01,VEL3D
CP02PMUO-WFP01-01-VEL3DK000,vel3d_k_transmit_energy,vel3d_k_transmit_energy,,,,counts,CP02PMUO,WFP01,VEL3D
CP02PMUO-WFP01-01-VEL3DK000,vel3d_k_power_level,vel3d_k_power_level,,,,counts,CP02PMUO,WFP01,VEL3D
CP02PMUO-WFP01-01-VEL3DK000,vel3d_k_corr0,vel3d_k_corr0,,,AUX,counts,CP02PMUO,WFP01,VEL3D
CP02PMUO-WFP01-01-VEL3DK000,vel3d_k_corr1,vel3d_k_corr1,,,AUX,counts,CP02PMUO,WFP01,VEL3D
CP02PMUO-WFP01-01-VEL3DK000,vel3d_k_corr2,vel3d_k_corr2,,,AUX,counts,CP02PMUO,WFP01,VEL3D
CP02PMUO-WFP01-01-VEL3DK000,vel3d_k_str_id,vel3d_k_str_id,,,,counts,CP02PMUO,WFP01,VEL3D
CP02PMUO-WFP01-01-VEL3DK000,vel3d_k_string,vel3d_k_string,,,,1,CP02PMUO,WFP01,VEL3D
CP02PMUO-WFP01-01-VEL3DK000,vel3d_k_beams,vel3d_k_beams,,,,1,CP02PMUO,WFP01,VEL3D
CP02PMUO-WFP01-01-VEL3DK000,vel3d_k_eastward_velocity,vel3d_k_eastward_velocity,-3,3,L1,m s-1,CP02PMUO,WFP01,VEL3D
CP02PMUO-WFP01-01-VEL3DK000,vel3d_k_northward_velocity,vel3d_k_northward_velocity,-3,3,L1,m s-1,CP02PMUO,WFP01,VEL3D
CP02PMUO-WFP01-01-VEL3DK000,vel3d_k_upward_velocity,vel3d_k_upward_velocity,-1,1,L1,m s-1,CP02PMUO,WFP01,VEL3D
CP02PMUO-WFP01-01-VEL3DK000,time,time,,,ENG,seconds since 1900-01-01,CP02PMUO,WFP01,VEL3D
CP02PMUO-WFP01-01-VEL3DK000,date_time_array,date_time_array,,,,1,CP02PMUO,WFP01,VEL3D
CP02PMUO-WFP01-01-VEL3DK000,ingestion_timestamp,ingestion_timestamp,,,ENG,seconds since 1900-01-01,CP02PMUO,WFP01,VEL3D
CP02PMUO-WFP01-02-DOFSTK000,driver_timestamp,driver_timestamp,,,ENG,seconds since 1900-01-01,CP02PMUO,WFP01,DOFST
CP02PMUO-WFP01-02-DOFSTK000,internal_timestamp,internal_timestamp,,,ENG,seconds since 1900-01-01,CP02PMUO,WFP01,DOFST
CP02PMUO-WFP01-02-DOFSTK000,wfp_time_on,wfp_time_on,,,,seconds since 1970-01-01,CP02PMUO,WFP01,DOFST
CP02PMUO-WFP01-02-DOFSTK000,wfp_time_off,wfp_time_off,,,,seconds since 1970-01-01,CP02PMUO,WFP01,DOFST
CP02PMUO-WFP01-02-DOFSTK000,wfp_number_samples,wfp_number_samples,,,,counts,CP02PMUO,WFP01,DOFST
CP02PMUO-WFP01-02-DOFSTK000,preferred_timestamp,preferred_timestamp,,,ENG,1,CP02PMUO,WFP01,DOFST
CP02PMUO-WFP01-02-DOFSTK000,dofst_k_oxygen,dofst_k_oxygen,,,L0,Hz,CP02PMUO,WFP01,DOFST
CP02PMUO-WFP01-02-DOFSTK000,dofst_k_oxygen_l2,dofst_k_oxygen_l2,0,400,L2,umol kg-1,CP02PMUO,WFP01,DOFST
CP02PMUO-WFP01-02-DOFSTK000,time,time,,,ENG,seconds since 1900-01-01,CP02PMUO,WFP01,DOFST
CP02PMUO-WFP01-02-DOFSTK000,ingestion_timestamp,ingestion_timestamp,,,ENG,seconds since 1900-01-01,CP02PMUO,WFP01,DOFST
CP02PMUO-WFP01-03-CTDPFK000,driver_timestamp,driver_timestamp,,,ENG,seconds since 1900-01-01,CP02PMUO,WFP01,CTDPF
CP02PMUO-WFP01-03-CTDPFK000,internal_timestamp,internal_timestamp,,,ENG,seconds since 1900-01-01,CP02PMUO,WFP01,CTDPF
CP02PMUO-WFP01-03-CTDPFK000,wfp_time_on,wfp_time_on,,,,seconds since 1970-01-01,CP02PMUO,WFP01,CTDPF
CP02PMUO-WFP01-03-CTDPFK000,wfp_time_off,wfp_time_off,,,,seconds since 1970-01-01,CP02PMUO,WFP01,CTDPF
CP02PMUO-WFP01-03-CTDPFK000,wfp_number_samples,wfp_number_samples,,,,counts,CP02PMUO,WFP01,CTDPF
CP02PMUO-WFP01-03-CTDPFK000,preferred_timestamp,preferred_timestamp,,,ENG,1,CP02PMUO,WFP01,CTDPF
CP02PMUO-WFP01-03-CTDPFK000,temperature,temperature,,,L0,counts,CP02PMUO,WFP01,CTDPF
CP02PMUO-WFP01-03-CTDPFK000,conductivity,conductivity,,,L0,counts,CP02PMUO,WFP01,CTDPF
CP02PMUO-WFP01-03-CTDPFK000,pressure,pressure,,,L0,counts,CP02PMUO,WFP01,CTDPF
CP02PMUO-WFP01-03-CTDPFK000,ctdpf_ckl_seawater_pressure,ctdpf_ckl_seawater_pressure,0,6000,L1,dbar,CP02PMUO,WFP01,CTDPF
CP02PMUO-WFP01-03-CTDPFK000,ctdpf_ckl_seawater_temperature,ctdpf_ckl_seawater_temperature,-2,40,L1,deg_C,CP02PMUO,WFP01,CTDPF
CP02PMUO-WFP01-03-CTDPFK000,ctdpf_ckl_seawater_conductivity,ctdpf_ckl_seawater_conductivity,0,6,L1,S m-1,CP02PMUO,WFP01,CTDPF
CP02PMUO-WFP01-03-CTDPFK000,ctdpf_ckl_sci_water_pracsal,ctdpf_ckl_sci_water_pracsal,0,42,L2,1,CP02PMUO,WFP01,CTDPF
CP02PMUO-WFP01-03-CTDPFK000,ctdpf_ckl_seawater_density,ctdpf_ckl_seawater_density,1000,1100,L2,kg m-3,CP02PMUO,WFP01,CTDPF
CP02PMUO-WFP01-03-CTDPFK000,time,time,,,ENG,seconds since 1900-01-01,CP02PMUO,WFP01,CTDPF
CP02PMUO-WFP01-03-CTDPFK000,ingestion_timestamp,ingestion_timestamp,,,ENG,seconds since 1900-01-01,CP02PMUO,WFP01,CTDPF
CP02PMUO-WFP01-04-FLORTK000,driver_timestamp,driver_timestamp,,,ENG,seconds since 1900-01-01,CP02PMUO,WFP01,FLORT
CP02PMUO-WFP01-04-FLORTK000,raw_signal_beta,raw_signal_beta,,,L0,counts,CP02PMUO,WFP01,FLORT
CP02PMUO-WFP01-04-FLORTK000,raw_signal_chl,raw_signal_chl,,,L0,counts,CP02PMUO,WFP01,FLORT
CP02PMUO-WFP01-04-FLORTK000,raw_signal_cdom,raw_signal_cdom,,,L0,counts,CP02PMUO,WFP01,FLORT
CP02PMUO-WFP01-04-FLORTK000,internal_timestamp,internal_timestamp,,,ENG,seconds since 1900-01-01,CP02PMUO,WFP01,FLORT
CP02PMUO-WFP01-04-FLORTK000,preferred_timestamp,preferred_timestamp,,,ENG,1,CP02PMUO,WFP01,FLORT
CP02PMUO-WFP01-04-FLORTK000,wfp_timestamp,wfp_timestamp,,,ENG,seconds since 1970-01-01,CP02PMUO,WFP01,FLORT
CP02PMUO-WFP01-04-FLORTK000,flort_k_total_volume_scattering_coefficient,flort_k_total_volume_scattering_coefficient,,,L1,m-1 sr-1,CP02PMUO,WFP01,FLORT
CP02PMUO-WFP01-04-FLORTK000,fluorometric_chlorophyll_a,fluorometric_chlorophyll_a,0,50,L1,ug L-1,CP02PMUO,WFP01,FLORT
CP02PMUO-WFP01-04-FLORTK000,fluorometric_cdom,fluorometric_cdom,0,375,L1,ppb,CP02PMUO,WFP01,FLORT
CP02PMUO-WFP01-04-FLORTK000,flort_kn_bback_total,flort_kn_bback_total,0.0003,1,L2,m-1,CP02PMUO,WFP01,FLORT
CP02PMUO-WFP01-04-FLORTK000,scat_seawater,scat_seawater,,,AUX,m-1,CP02PMUO,WFP01,FLORT
CP02PMUO-WFP01-04-FLORTK000,time,time,,,ENG,seconds since 1900-01-01,CP02PMUO,WFP01,FLORT
CP02PMUO-WFP01-04-FLORTK000,ingestion_timestamp,ingestion_timestamp,,,ENG,seconds since 1900-01-01,CP02PMUO,WFP01,FLORT
CP02PMUO-WFP01-05-PARADK000,driver_timestamp,driver_timestamp,,,ENG,seconds since 1900-01-01,CP02PMUO,WFP01,PARAD
CP02PMUO-WFP01-05-PARADK000,internal_timestamp,internal_timestamp,,,ENG,seconds since 1900-01-01,CP02PMUO,WFP01,PARAD
CP02PMUO-WFP01-05-PARADK000,par_val_v,par_val_v,,,L0,mV,CP02PMUO,WFP01,PARAD
CP02PMUO-WFP01-05-PARADK000,preferred_timestamp,preferred_timestamp,,,ENG,1,CP02PMUO,WFP01,PARAD
CP02PMUO-WFP01-05-PARADK000,wfp_timestamp,wfp_timestamp,,,ENG,seconds since 1970-01-01,CP02PMUO,WFP01,PARAD
CP02PMUO-WFP01-05-PARADK000,parad_k_par,parad_k_par,0,2500,L1,umol photons m-2 s-1,CP02PMUO,WFP01,PARAD
CP02PMUO-WFP01-05-PARADK000,time,time,,,ENG,seconds since 1900-01-01,CP02PMUO,WFP01,PARAD
CP02PMUO-WFP01-05-PARADK000,ingestion_timestamp,ingestion_timestamp,,,ENG,seconds since 1900-01-01,CP02PMUO,WFP01,PARAD
CP03ISSM-MFD35-01-ADCPTF000,bin_depths,bin_depths,,,,m,CP03ISSM,MFD35,ADCPT
CP03ISSM-MFD35-01-ADCPTF000,driver_timestamp,driver_timestamp,,,ENG,seconds since 1900-01-01,CP03ISSM,MFD35,ADCPT
CP03ISSM-MFD35-01-ADCPTF000,ensemble_start_time_2,ensemble_start_time_2,,,,seconds since 1900-01-01,CP03ISSM,MFD35,ADCPT
CP03ISSM-MFD35-01-ADCPTF000,real_time_clock_2,real_time_clock_2,,,,1,CP03ISSM,MFD35,ADCPT
CP03ISSM-MFD35-01-ADCPTF000,internal_timestamp,internal_timestamp,,,ENG,seconds since 1900-01-01,CP03ISSM,MFD35,ADCPT
CP03ISSM-MFD35-01-ADCPTF000,adcps_pd12_eastward_seawater_velocity,adcps_pd12_eastward_seawater_velocity,-3,3,L1,m s-1,CP03ISSM,MFD35,ADCPT
CP03ISSM-MFD35-01-ADCPTF000,adcps_pd12_northward_seawater_velocity,adcps_pd12_northward_seawater_velocity,-3,3,L1,m s-1,CP03ISSM,MFD35,ADCPT
CP03ISSM-MFD35-01-ADCPTF000,preferred_timestamp,preferred_timestamp,,,ENG,1,CP03ISSM,MFD35,ADCPT
CP03ISSM-MFD35-01-ADCPTF000,sensor_available_speed,sensor_available_speed,,,,1,CP03ISSM,MFD35,ADCPT
CP03ISSM-MFD35-01-ADCPTF000,sysconfig_beam_angle,sysconfig_beam_angle,,,,1,CP03ISSM,MFD35,ADCPT
CP03ISSM-MFD35-01-ADCPTF000,sysconfig_beam_config,sysconfig_beam_config,,,,1,CP03ISSM,MFD35,ADCPT
CP03ISSM-MFD35-01-ADCPTF000,adcps_jln_upward_seawater_velocity2,adcps_jln_upward_seawater_velocity2,-1,1,L1,m s-1,CP03ISSM,MFD35,ADCPT
CP03ISSM-MFD35-01-ADCPTF000,adcps_jln_error_velocity2,adcps_jln_error_velocity2,-1,1,L1,m s-1,CP03ISSM,MFD35,ADCPT
CP03ISSM-MFD35-01-ADCPTF000,dcl_controller_timestamp,dcl_controller_timestamp,,,ENG,1,CP03ISSM,MFD35,ADCPT
CP03ISSM-MFD35-01-ADCPTF000,adcps_jln_echo_intensity_beam1,adcps_jln_echo_intensity_beam1,0,255,L1,dB,CP03ISSM,MFD35,ADCPT
CP03ISSM-MFD35-01-ADCPTF000,adcps_jln_echo_intensity_beam2,adcps_jln_echo_intensity_beam2,0,255,L1,dB,CP03ISSM,MFD35,ADCPT
CP03ISSM-MFD35-01-ADCPTF000,adcps_jln_echo_intensity_beam3,adcps_jln_echo_intensity_beam3,0,255,L1,dB,CP03ISSM,MFD35,ADCPT
CP03ISSM-MFD35-01-ADCPTF000,adcps_jln_echo_intensity_beam4,adcps_jln_echo_intensity_beam4,0,255,L1,dB,CP03ISSM,MFD35,ADCPT
CP03ISSM-MFD35-01-ADCPTF000,corrected_echo_intensity_beam1,corrected_echo_intensity_beam1,0,255,L1,dB,CP03ISSM,MFD35,ADCPT
CP03ISSM-MFD35-01-ADCPTF000,corrected_echo_intensity_beam2,corrected_echo_intensity_beam2,0,255,L1,dB,CP03ISSM,MFD35,ADCPT
CP03ISSM-MFD35-01-ADCPTF000,corrected_echo_intensity_beam3,corrected_echo_intensity_beam3,0,255,L1,dB,CP03ISSM,MFD35,ADCPT
CP03ISSM-MFD35-01-ADCPTF000,corrected_echo_intensity_beam4,corrected_echo_intensity_beam4,0,255,L1,dB,CP03ISSM,MFD35,ADCPT
CP03ISSM-MFD35-01-ADCPTF000,significant_wave_height,significant_wave_height,0,18,L0,m,CP03ISSM,MFD35,ADCPT
CP03ISSM-MFD35-01-ADCPTF000,peak_wave_period,peak_wave_period,3,30,L0,sec,CP03ISSM,MFD35,ADCPT
CP03ISSM-MFD35-01-ADCPTF000,instrument_timestamp,instrument_timestamp,,,,1,CP03ISSM,MFD35,ADCPT
CP03ISSM-MFD35-01-ADCPTF000,water_direction,water_direction,,,,degrees,CP03ISSM,MFD35,ADCPT
CP03ISSM-MFD35-01-ADCPTF000,water_velocity,water_velocity,,,,mm d-1,CP03ISSM,MFD35,ADCPT
CP03ISSM-MFD35-01-ADCPTF000,burst_start_time,burst_start_time,,,,1,CP03ISSM,MFD35,ADCPT
CP03ISSM-MFD35-01-ADCPTF000,peak_wave_direction,peak_wave_direction,,,L1,degrees,CP03ISSM,MFD35,ADCPT
CP03ISSM-MFD35-01-ADCPTF000,tp_sea,tp_sea,,,,s,CP03ISSM,MFD35,ADCPT
CP03ISSM-MFD35-01-ADCPTF000,dp_sea,dp_sea,,,,degrees,CP03ISSM,MFD35,ADCPT
CP03ISSM-MFD35-01-ADCPTF000,hs_sea,hs_sea,,,,m,CP03ISSM,MFD35,ADCPT
CP03ISSM-MFD35-01-ADCPTF000,tp_swell,tp_swell,,,,s,CP03ISSM,MFD35,ADCPT
CP03ISSM-MFD35-01-ADCPTF000,dp_swell,dp_swell,,,,degrees,CP03ISSM,MFD35,ADCPT
CP03ISSM-MFD35-01-ADCPTF000,hs_swell,hs_swell,,,,m,CP03ISSM,MFD35,ADCPT
CP03ISSM-MFD35-01-ADCPTF000,depth_water_level,depth_water_level,,,,mm,CP03ISSM,MFD35,ADCPT
CP03ISSM-MFD35-01-ADCPTF000,h_max,h_max,,,L1,m,CP03ISSM,MFD35,ADCPT
CP03ISSM-MFD35-01-ADCPTF000,t_max,t_max,,,,s,CP03ISSM,MFD35,ADCPT
CP03ISSM-MFD35-01-ADCPTF000,h_1_3,h_1_3,,,,m,CP03ISSM,MFD35,ADCPT
CP03ISSM-MFD35-01-ADCPTF000,t_1_3,t_1_3,,,,s,CP03ISSM,MFD35,ADCPT
CP03ISSM-MFD35-01-ADCPTF000,h_mean,h_mean,,,L1,m,CP03ISSM,MFD35,ADCPT
CP03ISSM-MFD35-01-ADCPTF000,t_mean,t_mean,,,L1,s,CP03ISSM,MFD35,ADCPT
CP03ISSM-MFD35-01-ADCPTF000,h_1_10,h_1_10,,,L1,m,CP03ISSM,MFD35,ADCPT
CP03ISSM-MFD35-01-ADCPTF000,t_1_10,t_1_10,,,L1,s,CP03ISSM,MFD35,ADCPT
CP03ISSM-MFD35-01-ADCPTF000,d_mean,d_mean,,,,degrees,CP03ISSM,MFD35,ADCPT
CP03ISSM-MFD35-01-ADCPTF000,num_bins,num_bins,,,,counts,CP03ISSM,MFD35,ADCPT
CP03ISSM-MFD35-01-ADCPTF000,depth_level_magnitude,depth_level_magnitude,,,,m s-1,CP03ISSM,MFD35,ADCPT
CP03ISSM-MFD35-01-ADCPTF000,depth_level_direction,depth_level_direction,,,,degrees,CP03ISSM,MFD35,ADCPT
CP03ISSM-MFD35-01-ADCPTF000,file_time,file_time,,,,1,CP03ISSM,MFD35,ADCPT
CP03ISSM-MFD35-01-ADCPTF000,num_dir,num_dir,,,,counts,CP03ISSM,MFD35,ADCPT
CP03ISSM-MFD35-01-ADCPTF000,num_freq,num_freq,,,,counts,CP03ISSM,MFD35,ADCPT
CP03ISSM-MFD35-01-ADCPTF000,freq_w_band,freq_w_band,,,,Hz,CP03ISSM,MFD35,ADCPT
CP03ISSM-MFD35-01-ADCPTF000,freq_0,freq_0,,,,Hz,CP03ISSM,MFD35,ADCPT
CP03ISSM-MFD35-01-ADCPTF000,start_dir,start_dir,,,,degrees,CP03ISSM,MFD35,ADCPT
CP03ISSM-MFD35-01-ADCPTF000,directional_surface_spectrum,directional_surface_spectrum,,,,mm2/hz,CP03ISSM,MFD35,ADCPT
CP03ISSM-MFD35-01-ADCPTF000,num_fields,num_fields,,,,counts,CP03ISSM,MFD35,ADCPT
CP03ISSM-MFD35-01-ADCPTF000,frequency_band,frequency_band,,,,Hz,CP03ISSM,MFD35,ADCPT
CP03ISSM-MFD35-01-ADCPTF000,bandwidth_band,bandwidth_band,,,,Hz,CP03ISSM,MFD35,ADCPT
CP03ISSM-MFD35-01-ADCPTF000,energy_density_band,energy_density_band,,,,m2/hz,CP03ISSM,MFD35,ADCPT
CP03ISSM-MFD35-01-ADCPTF000,direction_band,direction_band,,,,degrees,CP03ISSM,MFD35,ADCPT
CP03ISSM-MFD35-01-ADCPTF000,a1_band,a1_band,,,,1,CP03ISSM,MFD35,ADCPT
CP03ISSM-MFD35-01-ADCPTF000,b1_band,b1_band,,,,1,CP03ISSM,MFD35,ADCPT
CP03ISSM-MFD35-01-ADCPTF000,a2_band,a2_band,,,,1,CP03ISSM,MFD35,ADCPT
CP03ISSM-MFD35-01-ADCPTF000,b2_band,b2_band,,,,1,CP03ISSM,MFD35,ADCPT
CP03ISSM-MFD35-01-ADCPTF000,check_factor_band,check_factor_band,,,,1,CP03ISSM,MFD35,ADCPT
CP03ISSM-MFD35-01-ADCPTF000,sequence_number,sequence_number,,,,1,CP03ISSM,MFD35,ADCPT
CP03ISSM-MFD35-01-ADCPTF000,file_mode,file_mode,,,,1,CP03ISSM,MFD35,ADCPT
CP03ISSM-MFD35-01-ADCPTF000,rec_time_series,rec_time_series,,,,1,CP03ISSM,MFD35,ADCPT
CP03ISSM-MFD35-01-ADCPTF000,rec_spectra,rec_spectra,,,,1,CP03ISSM,MFD35,ADCPT
CP03ISSM-MFD35-01-ADCPTF000,rec_dir_spec,rec_dir_spec,,,,1,CP03ISSM,MFD35,ADCPT
CP03ISSM-MFD35-01-ADCPTF000,samples_per_burst,samples_per_burst,,,,counts,CP03ISSM,MFD35,ADCPT
CP03ISSM-MFD35-01-ADCPTF000,time_between_samples,time_between_samples,,,,1/100 s,CP03ISSM,MFD35,ADCPT
CP03ISSM-MFD35-01-ADCPTF000,serial_number,serial_number,,,ENG,1,CP03ISSM,MFD35,ADCPT
CP03ISSM-MFD35-01-ADCPTF000,time_between_bursts_sec,time_between_bursts_sec,,,,s,CP03ISSM,MFD35,ADCPT
CP03ISSM-MFD35-01-ADCPTF000,bin_size,bin_size,,,,cm,CP03ISSM,MFD35,ADCPT
CP03ISSM-MFD35-01-ADCPTF000,bin_1_middle,bin_1_middle,,,,cm,CP03ISSM,MFD35,ADCPT
CP03ISSM-MFD35-01-ADCPTF000,num_range_bins,num_range_bins,,,,counts,CP03ISSM,MFD35,ADCPT
CP03ISSM-MFD35-01-ADCPTF000,num_vel_bins,num_vel_bins,,,,counts,CP03ISSM,MFD35,ADCPT
CP03ISSM-MFD35-01-ADCPTF000,num_int_bins,num_int_bins,,,,counts,CP03ISSM,MFD35,ADCPT
CP03ISSM-MFD35-01-ADCPTF000,num_beams,num_beams,,,,counts,CP03ISSM,MFD35,ADCPT
CP03ISSM-MFD35-01-ADCPTF000,beam_conf,beam_conf,,,,degrees,CP03ISSM,MFD35,ADCPT
CP03ISSM-MFD35-01-ADCPTF000,wave_param_source,wave_param_source,,,,1,CP03ISSM,MFD35,ADCPT
CP03ISSM-MFD35-01-ADCPTF000,nfft_samples,nfft_samples,,,,counts,CP03ISSM,MFD35,ADCPT
CP03ISSM-MFD35-01-ADCPTF000,num_directional_slices,num_directional_slices,,,,counts,CP03ISSM,MFD35,ADCPT
CP03ISSM-MFD35-01-ADCPTF000,num_freq_bins,num_freq_bins,,,,counts,CP03ISSM,MFD35,ADCPT
CP03ISSM-MFD35-01-ADCPTF000,window_type,window_type,,,,1,CP03ISSM,MFD35,ADCPT
CP03ISSM-MFD35-01-ADCPTF000,use_press_4_depth,use_press_4_depth,,,,1,CP03ISSM,MFD35,ADCPT
CP03ISSM-MFD35-01-ADCPTF000,use_strack_4_depth,use_strack_4_depth,,,,1,CP03ISSM,MFD35,ADCPT
CP03ISSM-MFD35-01-ADCPTF000,strack_spec,strack_spec,,,,1,CP03ISSM,MFD35,ADCPT
CP03ISSM-MFD35-01-ADCPTF000,press_spec,press_spec,,,,1,CP03ISSM,MFD35,ADCPT
CP03ISSM-MFD35-01-ADCPTF000,vel_min,vel_min,,,,mm/s,CP03ISSM,MFD35,ADCPT
CP03ISSM-MFD35-01-ADCPTF000,vel_max,vel_max,,,,mm/s,CP03ISSM,MFD35,ADCPT
CP03ISSM-MFD35-01-ADCPTF000,vel_std,vel_std,,,,mm/s,CP03ISSM,MFD35,ADCPT
CP03ISSM-MFD35-01-ADCPTF000,vel_max_change,vel_max_change,,,,mm/s,CP03ISSM,MFD35,ADCPT
CP03ISSM-MFD35-01-ADCPTF000,vel_pct_gd,vel_pct_gd,,,,%,CP03ISSM,MFD35,ADCPT
CP03ISSM-MFD35-01-ADCPTF000,surf_min,surf_min,,,,mm,CP03ISSM,MFD35,ADCPT
CP03ISSM-MFD35-01-ADCPTF000,surf_max,surf_max,,,,mm,CP03ISSM,MFD35,ADCPT
CP03ISSM-MFD35-01-ADCPTF000,surf_std,surf_std,,,,mm,CP03ISSM,MFD35,ADCPT
CP03ISSM-MFD35-01-ADCPTF000,surf_max_chng,surf_max_chng,,,,mm,CP03ISSM,MFD35,ADCPT
CP03ISSM-MFD35-01-ADCPTF000,surf_pct_gd,surf_pct_gd,,,,%,CP03ISSM,MFD35,ADCPT
CP03ISSM-MFD35-01-ADCPTF000,tbe_max_dev,tbe_max_dev,,,,1/110ths s,CP03ISSM,MFD35,ADCPT
CP03ISSM-MFD35-01-ADCPTF000,h_max_dev,h_max_dev,,,,deg,CP03ISSM,MFD35,ADCPT
CP03ISSM-MFD35-01-ADCPTF000,pr_max_dev,pr_max_dev,,,,deg,CP03ISSM,MFD35,ADCPT
CP03ISSM-MFD35-01-ADCPTF000,nom_depth,nom_depth,,,,cm,CP03ISSM,MFD35,ADCPT
CP03ISSM-MFD35-01-ADCPTF000,cal_press,cal_press,,,,1,CP03ISSM,MFD35,ADCPT
CP03ISSM-MFD35-01-ADCPTF000,depth_offset,depth_offset,,,,mm,CP03ISSM,MFD35,ADCPT
CP03ISSM-MFD35-01-ADCPTF000,currents,currents,,,,1,CP03ISSM,MFD35,ADCPT
CP03ISSM-MFD35-01-ADCPTF000,small_wave_freq,small_wave_freq,,,,1/100 Hz,CP03ISSM,MFD35,ADCPT
CP03ISSM-MFD35-01-ADCPTF000,small_wave_thresh,small_wave_thresh,,,,mm,CP03ISSM,MFD35,ADCPT
CP03ISSM-MFD35-01-ADCPTF000,tilts,tilts,,,,1,CP03ISSM,MFD35,ADCPT
CP03ISSM-MFD35-01-ADCPTF000,fixed_pitch,fixed_pitch,,,,deg,CP03ISSM,MFD35,ADCPT
CP03ISSM-MFD35-01-ADCPTF000,fixed_roll,fixed_roll,,,,deg,CP03ISSM,MFD35,ADCPT
CP03ISSM-MFD35-01-ADCPTF000,bottom_slope_x,bottom_slope_x,,,,m,CP03ISSM,MFD35,ADCPT
CP03ISSM-MFD35-01-ADCPTF000,bottom_slope_y,bottom_slope_y,,,,m,CP03ISSM,MFD35,ADCPT
CP03ISSM-MFD35-01-ADCPTF000,down,down,,,,1,CP03ISSM,MFD35,ADCPT
CP03ISSM-MFD35-01-ADCPTF000,trans_v2_surf,trans_v2_surf,,,,1,CP03ISSM,MFD35,ADCPT
CP03ISSM-MFD35-01-ADCPTF000,scale_spec,scale_spec,,,,1,CP03ISSM,MFD35,ADCPT
CP03ISSM-MFD35-01-ADCPTF000,sample_rate,sample_rate,,,,s,CP03ISSM,MFD35,ADCPT
CP03ISSM-MFD35-01-ADCPTF000,freq_thresh,freq_thresh,,,,Hz,CP03ISSM,MFD35,ADCPT
CP03ISSM-MFD35-01-ADCPTF000,dummy_surf,dummy_surf,,,,1,CP03ISSM,MFD35,ADCPT
CP03ISSM-MFD35-01-ADCPTF000,remove_bias,remove_bias,,,,1,CP03ISSM,MFD35,ADCPT
CP03ISSM-MFD35-01-ADCPTF000,dir_cutoff,dir_cutoff,,,,Hz,CP03ISSM,MFD35,ADCPT
CP03ISSM-MFD35-01-ADCPTF000,heading_variation,heading_variation,,,,1/100 deg,CP03ISSM,MFD35,ADCPT
CP03ISSM-MFD35-01-ADCPTF000,soft_rev,soft_rev,,,,1,CP03ISSM,MFD35,ADCPT
CP03ISSM-MFD35-01-ADCPTF000,clip_pwr_spec,clip_pwr_spec,,,,1,CP03ISSM,MFD35,ADCPT
CP03ISSM-MFD35-01-ADCPTF000,dir_p2,dir_p2,,,,1,CP03ISSM,MFD35,ADCPT
CP03ISSM-MFD35-01-ADCPTF000,horizontal,horizontal,,,,1,CP03ISSM,MFD35,ADCPT
CP03ISSM-MFD35-01-ADCPTF000,start_time,start_time,,,,1,CP03ISSM,MFD35,ADCPT
CP03ISSM-MFD35-01-ADCPTF000,stop_time,stop_time,,,,1,CP03ISSM,MFD35,ADCPT
CP03ISSM-MFD35-01-ADCPTF000,freq_lo,freq_lo,,,,1/1000th Hz,CP03ISSM,MFD35,ADCPT
CP03ISSM-MFD35-01-ADCPTF000,average_depth,average_depth,,,,mm,CP03ISSM,MFD35,ADCPT
CP03ISSM-MFD35-01-ADCPTF000,altitude,altitude,,,,cm,CP03ISSM,MFD35,ADCPT
CP03ISSM-MFD35-01-ADCPTF000,bin_map,bin_map,,,,1,CP03ISSM,MFD35,ADCPT
CP03ISSM-MFD35-01-ADCPTF000,disc_flag,disc_flag,,,,1,CP03ISSM,MFD35,ADCPT
CP03ISSM-MFD35-01-ADCPTF000,pct_gd_press,pct_gd_press,,,,%,CP03ISSM,MFD35,ADCPT
CP03ISSM-MFD35-01-ADCPTF000,avg_ss,avg_ss,,,,m/s,CP03ISSM,MFD35,ADCPT
CP03ISSM-MFD35-01-ADCPTF000,avg_temp,avg_temp,,,,deg C,CP03ISSM,MFD35,ADCPT
CP03ISSM-MFD35-01-ADCPTF000,pct_gd_surf,pct_gd_surf,,,,%,CP03ISSM,MFD35,ADCPT
CP03ISSM-MFD35-01-ADCPTF000,pct_gd_vel,pct_gd_vel,,,,%,CP03ISSM,MFD35,ADCPT
CP03ISSM-MFD35-01-ADCPTF000,heading_offset,heading_offset,,,,deg,CP03ISSM,MFD35,ADCPT
CP03ISSM-MFD35-01-ADCPTF000,hs_std,hs_std,,,,1,CP03ISSM,MFD35,ADCPT
CP03ISSM-MFD35-01-ADCPTF000,vs_std,vs_std,,,,1,CP03ISSM,MFD35,ADCPT
CP03ISSM-MFD35-01-ADCPTF000,ps_std,ps_std,,,,1,CP03ISSM,MFD35,ADCPT
CP03ISSM-MFD35-01-ADCPTF000,ds_freq_hi,ds_freq_hi,,,,1/100 Hz,CP03ISSM,MFD35,ADCPT
CP03ISSM-MFD35-01-ADCPTF000,vs_freq_hi,vs_freq_hi,,,,1/100 Hz,CP03ISSM,MFD35,ADCPT
CP03ISSM-MFD35-01-ADCPTF000,ps_freq_hi,ps_freq_hi,,,,1/100 Hz,CP03ISSM,MFD35,ADCPT
CP03ISSM-MFD35-01-ADCPTF000,ss_freq_hi,ss_freq_hi,,,,1/100 Hz,CP03ISSM,MFD35,ADCPT
CP03ISSM-MFD35-01-ADCPTF000,x_vel,x_vel,,,,mm/s,CP03ISSM,MFD35,ADCPT
CP03ISSM-MFD35-01-ADCPTF000,y_vel,y_vel,,,,mm/s,CP03ISSM,MFD35,ADCPT
CP03ISSM-MFD35-01-ADCPTF000,avg_pitch,avg_pitch,,,,1/100th deg,CP03ISSM,MFD35,ADCPT
CP03ISSM-MFD35-01-ADCPTF000,avg_roll,avg_roll,,,,1/100th deg,CP03ISSM,MFD35,ADCPT
CP03ISSM-MFD35-01-ADCPTF000,avg_heading,avg_heading,,,,1/100th deg,CP03ISSM,MFD35,ADCPT
CP03ISSM-MFD35-01-ADCPTF000,samples_collected,samples_collected,,,,counts,CP03ISSM,MFD35,ADCPT
CP03ISSM-MFD35-01-ADCPTF000,vspec_pct_measured,vspec_pct_measured,,,,%,CP03ISSM,MFD35,ADCPT
CP03ISSM-MFD35-01-ADCPTF000,vspec_num_freq,vspec_num_freq,,,,counts,CP03ISSM,MFD35,ADCPT
CP03ISSM-MFD35-01-ADCPTF000,vspec_dat,vspec_dat,,,,mm/sqrt(Hz),CP03ISSM,MFD35,ADCPT
CP03ISSM-MFD35-01-ADCPTF000,sspec_num_freq,sspec_num_freq,,,,counts,CP03ISSM,MFD35,ADCPT
CP03ISSM-MFD35-01-ADCPTF000,sspec_dat,sspec_dat,,,,mm/sqrt(Hz),CP03ISSM,MFD35,ADCPT
CP03ISSM-MFD35-01-ADCPTF000,pspec_num_freq,pspec_num_freq,,,,counts,CP03ISSM,MFD35,ADCPT
CP03ISSM-MFD35-01-ADCPTF000,pspec_dat,pspec_dat,,,,mm/sqrt(Hz),CP03ISSM,MFD35,ADCPT
CP03ISSM-MFD35-01-ADCPTF000,dspec_num_freq,dspec_num_freq,,,,counts,CP03ISSM,MFD35,ADCPT
CP03ISSM-MFD35-01-ADCPTF000,dspec_num_dir,dspec_num_dir,,,,counts,CP03ISSM,MFD35,ADCPT
CP03ISSM-MFD35-01-ADCPTF000,dspec_good,dspec_good,,,,counts,CP03ISSM,MFD35,ADCPT
CP03ISSM-MFD35-01-ADCPTF000,dspec_dat,dspec_dat,,,,mm/sqrt(Hz)/deg,CP03ISSM,MFD35,ADCPT
CP03ISSM-MFD35-01-ADCPTF000,wave_hs1,wave_hs1,,,,mm,CP03ISSM,MFD35,ADCPT
CP03ISSM-MFD35-01-ADCPTF000,wave_tp1,wave_tp1,,,,1/10 s,CP03ISSM,MFD35,ADCPT
CP03ISSM-MFD35-01-ADCPTF000,wave_dp1,wave_dp1,,,,deg,CP03ISSM,MFD35,ADCPT
CP03ISSM-MFD35-01-ADCPTF000,wave_hs2,wave_hs2,,,,mm,CP03ISSM,MFD35,ADCPT
CP03ISSM-MFD35-01-ADCPTF000,wave_tp2,wave_tp2,,,,1/10 s,CP03ISSM,MFD35,ADCPT
CP03ISSM-MFD35-01-ADCPTF000,wave_dp2,wave_dp2,,,,deg,CP03ISSM,MFD35,ADCPT
CP03ISSM-MFD35-01-ADCPTF000,wave_dm,wave_dm,,,,deg,CP03ISSM,MFD35,ADCPT
CP03ISSM-MFD35-01-ADCPTF000,hpr_num_samples,hpr_num_samples,,,,counts,CP03ISSM,MFD35,ADCPT
CP03ISSM-MFD35-01-ADCPTF000,beam_angle,beam_angle,,,,deg,CP03ISSM,MFD35,ADCPT
CP03ISSM-MFD35-01-ADCPTF000,heading_time_series,heading_time_series,,,,1/100th deg,CP03ISSM,MFD35,ADCPT
CP03ISSM-MFD35-01-ADCPTF000,pitch_time_series,pitch_time_series,,,,1/100th deg,CP03ISSM,MFD35,ADCPT
CP03ISSM-MFD35-01-ADCPTF000,roll_time_series,roll_time_series,,,,1/100th deg,CP03ISSM,MFD35,ADCPT
CP03ISSM-MFD35-01-ADCPTF000,adcps_jln_recovered_eastward_seawater_velocity,adcps_jln_recovered_eastward_seawater_velocity,-3,3,L1,m s-1,CP03ISSM,MFD35,ADCPT
CP03ISSM-MFD35-01-ADCPTF000,adcps_jln_recovered_northward_seawater_velocity,adcps_jln_recovered_northward_seawater_velocity,-3,3,L1,m s-1,CP03ISSM,MFD35,ADCPT
CP03ISSM-MFD35-01-ADCPTF000,heading,heading,,,AUX,degrees,CP03ISSM,MFD35,ADCPT
CP03ISSM-MFD35-01-ADCPTF000,pitch,pitch,,,AUX,degrees,CP03ISSM,MFD35,ADCPT
CP03ISSM-MFD35-01-ADCPTF000,roll,roll,,,AUX,degrees,CP03ISSM,MFD35,ADCPT
CP03ISSM-MFD35-01-ADCPTF000,temperature,temperature,-2,40,L1,deg_C,CP03ISSM,MFD35,ADCPT
CP03ISSM-MFD35-01-ADCPTF000,firmware_version,firmware_version,,,,1,CP03ISSM,MFD35,ADCPT
CP03ISSM-MFD35-01-ADCPTF000,firmware_revision,firmware_revision,,,,1,CP03ISSM,MFD35,ADCPT
CP03ISSM-MFD35-01-ADCPTF000,sysconfig_frequency,sysconfig_frequency,,,,kHz,CP03ISSM,MFD35,ADCPT
CP03ISSM-MFD35-01-ADCPTF000,sysconfig_beam_pattern,sysconfig_beam_pattern,,,,1,CP03ISSM,MFD35,ADCPT
CP03ISSM-MFD35-01-ADCPTF000,sysconfig_sensor_config,sysconfig_sensor_config,,,,1,CP03ISSM,MFD35,ADCPT
CP03ISSM-MFD35-01-ADCPTF000,sysconfig_head_attached,sysconfig_head_attached,,,,1,CP03ISSM,MFD35,ADCPT
CP03ISSM-MFD35-01-ADCPTF000,sysconfig_vertical_orientation,sysconfig_vertical_orientation,,,,1,CP03ISSM,MFD35,ADCPT
CP03ISSM-MFD35-01-ADCPTF000,data_flag,data_flag,,,,1,CP03ISSM,MFD35,ADCPT
CP03ISSM-MFD35-01-ADCPTF000,lag_length,lag_length,,,,s,CP03ISSM,MFD35,ADCPT
CP03ISSM-MFD35-01-ADCPTF000,num_beams,num_beams,,,,1,CP03ISSM,MFD35,ADCPT
CP03ISSM-MFD35-01-ADCPTF000,num_cells,num_cells,,,,1,CP03ISSM,MFD35,ADCPT
CP03ISSM-MFD35-01-ADCPTF000,pings_per_ensemble,pings_per_ensemble,,,,1,CP03ISSM,MFD35,ADCPT
CP03ISSM-MFD35-01-ADCPTF000,cell_length,cell_length,,,,cm,CP03ISSM,MFD35,ADCPT
CP03ISSM-MFD35-01-ADCPTF000,blank_after_transmit,blank_after_transmit,,,,cm,CP03ISSM,MFD35,ADCPT
CP03ISSM-MFD35-01-ADCPTF000,signal_processing_mode,signal_processing_mode,,,,1,CP03ISSM,MFD35,ADCPT
CP03ISSM-MFD35-01-ADCPTF000,low_corr_threshold,low_corr_threshold,,,,counts,CP03ISSM,MFD35,ADCPT
CP03ISSM-MFD35-01-ADCPTF000,num_code_repetitions,num_code_repetitions,,,,counts,CP03ISSM,MFD35,ADCPT
CP03ISSM-MFD35-01-ADCPTF000,percent_good_min,percent_good_min,,,,percent,CP03ISSM,MFD35,ADCPT
CP03ISSM-MFD35-01-ADCPTF000,error_vel_threshold,error_vel_threshold,,,,mm s-1,CP03ISSM,MFD35,ADCPT
CP03ISSM-MFD35-01-ADCPTF000,time_per_ping_minutes,time_per_ping_minutes,,,,min,CP03ISSM,MFD35,ADCPT
CP03ISSM-MFD35-01-ADCPTF000,time_per_ping_seconds,time_per_ping_seconds,,,,s,CP03ISSM,MFD35,ADCPT
CP03ISSM-MFD35-01-ADCPTF000,coord_transform_type,coord_transform_type,,,,1,CP03ISSM,MFD35,ADCPT
CP03ISSM-MFD35-01-ADCPTF000,coord_transform_tilts,coord_transform_tilts,,,,1,CP03ISSM,MFD35,ADCPT
CP03ISSM-MFD35-01-ADCPTF000,coord_transform_beams,coord_transform_beams,,,,1,CP03ISSM,MFD35,ADCPT
CP03ISSM-MFD35-01-ADCPTF000,coord_transform_mapping,coord_transform_mapping,,,,1,CP03ISSM,MFD35,ADCPT
CP03ISSM-MFD35-01-ADCPTF000,heading_alignment,heading_alignment,,,,cdegrees,CP03ISSM,MFD35,ADCPT
CP03ISSM-MFD35-01-ADCPTF000,heading_bias,heading_bias,,,,cdegrees,CP03ISSM,MFD35,ADCPT
CP03ISSM-MFD35-01-ADCPTF000,sensor_source_speed,sensor_source_speed,,,,1,CP03ISSM,MFD35,ADCPT
CP03ISSM-MFD35-01-ADCPTF000,sensor_source_depth,sensor_source_depth,,,,1,CP03ISSM,MFD35,ADCPT
CP03ISSM-MFD35-01-ADCPTF000,sensor_source_heading,sensor_source_heading,,,,1,CP03ISSM,MFD35,ADCPT
CP03ISSM-MFD35-01-ADCPTF000,sensor_source_pitch,sensor_source_pitch,,,,1,CP03ISSM,MFD35,ADCPT
CP03ISSM-MFD35-01-ADCPTF000,sensor_source_roll,sensor_source_roll,,,,1,CP03ISSM,MFD35,ADCPT
CP03ISSM-MFD35-01-ADCPTF000,sensor_source_conductivity,sensor_source_conductivity,,,,1,CP03ISSM,MFD35,ADCPT
CP03ISSM-MFD35-01-ADCPTF000,sensor_source_temperature,sensor_source_temperature,,,,1,CP03ISSM,MFD35,ADCPT
CP03ISSM-MFD35-01-ADCPTF000,sensor_available_depth,sensor_available_depth,,,,1,CP03ISSM,MFD35,ADCPT
CP03ISSM-MFD35-01-ADCPTF000,sensor_available_heading,sensor_available_heading,,,,1,CP03ISSM,MFD35,ADCPT
CP03ISSM-MFD35-01-ADCPTF000,sensor_available_pitch,sensor_available_pitch,,,,1,CP03ISSM,MFD35,ADCPT
CP03ISSM-MFD35-01-ADCPTF000,sensor_available_roll,sensor_available_roll,,,,1,CP03ISSM,MFD35,ADCPT
CP03ISSM-MFD35-01-ADCPTF000,sensor_available_conductivity,sensor_available_conductivity,,,,1,CP03ISSM,MFD35,ADCPT
CP03ISSM-MFD35-01-ADCPTF000,sensor_available_temperature,sensor_available_temperature,,,,1,CP03ISSM,MFD35,ADCPT
CP03ISSM-MFD35-01-ADCPTF000,bin_1_distance,bin_1_distance,,,,cm,CP03ISSM,MFD35,ADCPT
CP03ISSM-MFD35-01-ADCPTF000,transmit_pulse_length,transmit_pulse_length,,,,cm,CP03ISSM,MFD35,ADCPT
CP03ISSM-MFD35-01-ADCPTF000,reference_layer_start,reference_layer_start,,,,1,CP03ISSM,MFD35,ADCPT
CP03ISSM-MFD35-01-ADCPTF000,reference_layer_stop,reference_layer_stop,,,,1,CP03ISSM,MFD35,ADCPT
CP03ISSM-MFD35-01-ADCPTF000,false_target_threshold,false_target_threshold,,,,counts,CP03ISSM,MFD35,ADCPT
CP03ISSM-MFD35-01-ADCPTF000,low_latency_trigger,low_latency_trigger,,,,1,CP03ISSM,MFD35,ADCPT
CP03ISSM-MFD35-01-ADCPTF000,transmit_lag_distance,transmit_lag_distance,,,,cm,CP03ISSM,MFD35,ADCPT
CP03ISSM-MFD35-01-ADCPTF000,cpu_board_serial_number,cpu_board_serial_number,,,,1,CP03ISSM,MFD35,ADCPT
CP03ISSM-MFD35-01-ADCPTF000,system_bandwidth,system_bandwidth,,,,1,CP03ISSM,MFD35,ADCPT
CP03ISSM-MFD35-01-ADCPTF000,system_power,system_power,,,,1,CP03ISSM,MFD35,ADCPT
CP03ISSM-MFD35-01-ADCPTF000,beam_angle,beam_angle,,,,degrees,CP03ISSM,MFD35,ADCPT
CP03ISSM-MFD35-01-ADCPTF000,ensemble_number,ensemble_number,,,,1,CP03ISSM,MFD35,ADCPT
CP03ISSM-MFD35-01-ADCPTF000,ensemble_number_increment,ensemble_number_increment,,,,1,CP03ISSM,MFD35,ADCPT
CP03ISSM-MFD35-01-ADCPTF000,bit_result_demod_1,bit_result_demod_1,,,,1,CP03ISSM,MFD35,ADCPT
CP03ISSM-MFD35-01-ADCPTF000,bit_result_demod_0,bit_result_demod_0,,,,1,CP03ISSM,MFD35,ADCPT
CP03ISSM-MFD35-01-ADCPTF000,bit_result_timing,bit_result_timing,,,,1,CP03ISSM,MFD35,ADCPT
CP03ISSM-MFD35-01-ADCPTF000,speed_of_sound,speed_of_sound,,,,m s-1,CP03ISSM,MFD35,ADCPT
CP03ISSM-MFD35-01-ADCPTF000,transducer_depth,transducer_depth,,,,dm,CP03ISSM,MFD35,ADCPT
CP03ISSM-MFD35-01-ADCPTF000,heading,heading,,,,cdegrees,CP03ISSM,MFD35,ADCPT
CP03ISSM-MFD35-01-ADCPTF000,pitch,pitch,,,,cdegrees,CP03ISSM,MFD35,ADCPT
CP03ISSM-MFD35-01-ADCPTF000,roll,roll,,,,cdegrees,CP03ISSM,MFD35,ADCPT
CP03ISSM-MFD35-01-ADCPTF000,salinity,salinity,,,,1,CP03ISSM,MFD35,ADCPT
CP03ISSM-MFD35-01-ADCPTF000,temperature,temperature,,,,cdeg_C,CP03ISSM,MFD35,ADCPT
CP03ISSM-MFD35-01-ADCPTF000,mpt_minutes,mpt_minutes,,,,min,CP03ISSM,MFD35,ADCPT
CP03ISSM-MFD35-01-ADCPTF000,mpt_seconds,mpt_seconds,,,,s,CP03ISSM,MFD35,ADCPT
CP03ISSM-MFD35-01-ADCPTF000,heading_stdev,heading_stdev,,,,degrees,CP03ISSM,MFD35,ADCPT
CP03ISSM-MFD35-01-ADCPTF000,pitch_stdev,pitch_stdev,,,,ddegrees,CP03ISSM,MFD35,ADCPT
CP03ISSM-MFD35-01-ADCPTF000,roll_stdev,roll_stdev,,,,ddegrees,CP03ISSM,MFD35,ADCPT
CP03ISSM-MFD35-01-ADCPTF000,adc_transmit_current,adc_transmit_current,,,,counts,CP03ISSM,MFD35,ADCPT
CP03ISSM-MFD35-01-ADCPTF000,adc_transmit_voltage,adc_transmit_voltage,,,,counts,CP03ISSM,MFD35,ADCPT
CP03ISSM-MFD35-01-ADCPTF000,adc_ambient_temp,adc_ambient_temp,,,,counts,CP03ISSM,MFD35,ADCPT
CP03ISSM-MFD35-01-ADCPTF000,adc_pressure_plus,adc_pressure_plus,,,,counts,CP03ISSM,MFD35,ADCPT
CP03ISSM-MFD35-01-ADCPTF000,adc_pressure_minus,adc_pressure_minus,,,,counts,CP03ISSM,MFD35,ADCPT
CP03ISSM-MFD35-01-ADCPTF000,adc_attitude_temp,adc_attitude_temp,,,,counts,CP03ISSM,MFD35,ADCPT
CP03ISSM-MFD35-01-ADCPTF000,adc_attitude,adc_attitude,,,,counts,CP03ISSM,MFD35,ADCPT
CP03ISSM-MFD35-01-ADCPTF000,adc_contamination_sensor,adc_contamination_sensor,,,,counts,CP03ISSM,MFD35,ADCPT
CP03ISSM-MFD35-01-ADCPTF000,bus_error_exception,bus_error_exception,,,,1,CP03ISSM,MFD35,ADCPT
CP03ISSM-MFD35-01-ADCPTF000,address_error_exception,address_error_exception,,,,1,CP03ISSM,MFD35,ADCPT
CP03ISSM-MFD35-01-ADCPTF000,illegal_instruction_exception,illegal_instruction_exception,,,,1,CP03ISSM,MFD35,ADCPT
CP03ISSM-MFD35-01-ADCPTF000,zero_divide_instruction,zero_divide_instruction,,,,1,CP03ISSM,MFD35,ADCPT
CP03ISSM-MFD35-01-ADCPTF000,emulator_exception,emulator_exception,,,,1,CP03ISSM,MFD35,ADCPT
CP03ISSM-MFD35-01-ADCPTF000,unassigned_exception,unassigned_exception,,,,1,CP03ISSM,MFD35,ADCPT
CP03ISSM-MFD35-01-ADCPTF000,watchdog_restart_occurred,watchdog_restart_occurred,,,,1,CP03ISSM,MFD35,ADCPT
CP03ISSM-MFD35-01-ADCPTF000,battery_saver_power,battery_saver_power,,,,1,CP03ISSM,MFD35,ADCPT
CP03ISSM-MFD35-01-ADCPTF000,pinging,pinging,,,,1,CP03ISSM,MFD35,ADCPT
CP03ISSM-MFD35-01-ADCPTF000,cold_wakeup_occurred,cold_wakeup_occurred,,,,1,CP03ISSM,MFD35,ADCPT
CP03ISSM-MFD35-01-ADCPTF000,time,time,,,ENG,seconds since 1900-01-01,CP03ISSM,MFD35,ADCPT
CP03ISSM-MFD35-01-ADCPTF000,unknown_wakeup_occurred,unknown_wakeup_occurred,,,,1,CP03ISSM,MFD35,ADCPT
CP03ISSM-MFD35-01-ADCPTF000,clock_read_error,clock_read_error,,,,1,CP03ISSM,MFD35,ADCPT
CP03ISSM-MFD35-01-ADCPTF000,unexpected_alarm,unexpected_alarm,,,,1,CP03ISSM,MFD35,ADCPT
CP03ISSM-MFD35-01-ADCPTF000,clock_jump_forward,clock_jump_forward,,,,1,CP03ISSM,MFD35,ADCPT
CP03ISSM-MFD35-01-ADCPTF000,clock_jump_backward,clock_jump_backward,,,,1,CP03ISSM,MFD35,ADCPT
CP03ISSM-MFD35-01-ADCPTF000,power_fail,power_fail,,,,1,CP03ISSM,MFD35,ADCPT
CP03ISSM-MFD35-01-ADCPTF000,spurious_dsp_interrupt,spurious_dsp_interrupt,,,,1,CP03ISSM,MFD35,ADCPT
CP03ISSM-MFD35-01-ADCPTF000,spurious_uart_interrupt,spurious_uart_interrupt,,,,1,CP03ISSM,MFD35,ADCPT
CP03ISSM-MFD35-01-ADCPTF000,spurious_clock_interrupt,spurious_clock_interrupt,,,,1,CP03ISSM,MFD35,ADCPT
CP03ISSM-MFD35-01-ADCPTF000,level_7_interrupt,level_7_interrupt,,,,1,CP03ISSM,MFD35,ADCPT
CP03ISSM-MFD35-01-ADCPTF000,pressure,pressure,,,,daPa,CP03ISSM,MFD35,ADCPT
CP03ISSM-MFD35-01-ADCPTF000,pressure_variance,pressure_variance,,,,daPa,CP03ISSM,MFD35,ADCPT
CP03ISSM-MFD35-01-ADCPTF000,water_velocity_east,water_velocity_east,,,L0,mm s-1,CP03ISSM,MFD35,ADCPT
CP03ISSM-MFD35-01-ADCPTF000,water_velocity_north,water_velocity_north,,,L0,mm s-1,CP03ISSM,MFD35,ADCPT
CP03ISSM-MFD35-01-ADCPTF000,water_velocity_up,water_velocity_up,,,L0,mm s-1,CP03ISSM,MFD35,ADCPT
CP03ISSM-MFD35-01-ADCPTF000,error_velocity,error_velocity,,,L0,mm s-1,CP03ISSM,MFD35,ADCPT
CP03ISSM-MFD35-01-ADCPTF000,correlation_magnitude_beam1,correlation_magnitude_beam1,,,,1,CP03ISSM,MFD35,ADCPT
CP03ISSM-MFD35-01-ADCPTF000,correlation_magnitude_beam2,correlation_magnitude_beam2,,,,1,CP03ISSM,MFD35,ADCPT
CP03ISSM-MFD35-01-ADCPTF000,correlation_magnitude_beam3,correlation_magnitude_beam3,,,,1,CP03ISSM,MFD35,ADCPT
CP03ISSM-MFD35-01-ADCPTF000,correlation_magnitude_beam4,correlation_magnitude_beam4,,,,1,CP03ISSM,MFD35,ADCPT
CP03ISSM-MFD35-01-ADCPTF000,echo_intensity_beam1,echo_intensity_beam1,,,L0,counts,CP03ISSM,MFD35,ADCPT
CP03ISSM-MFD35-01-ADCPTF000,echo_intensity_beam2,echo_intensity_beam2,,,L0,counts,CP03ISSM,MFD35,ADCPT
CP03ISSM-MFD35-01-ADCPTF000,echo_intensity_beam3,echo_intensity_beam3,,,L0,counts,CP03ISSM,MFD35,ADCPT
CP03ISSM-MFD35-01-ADCPTF000,echo_intensity_beam4,echo_intensity_beam4,,,L0,counts,CP03ISSM,MFD35,ADCPT
CP03ISSM-MFD35-01-ADCPTF000,percent_good_3beam,percent_good_3beam,,,,percent,CP03ISSM,MFD35,ADCPT
CP03ISSM-MFD35-01-ADCPTF000,percent_transforms_reject,percent_transforms_reject,,,,percent,CP03ISSM,MFD35,ADCPT
CP03ISSM-MFD35-01-ADCPTF000,percent_bad_beams,percent_bad_beams,,,,percent,CP03ISSM,MFD35,ADCPT
CP03ISSM-MFD35-01-ADCPTF000,percent_good_4beam,percent_good_4beam,,,,percent,CP03ISSM,MFD35,ADCPT
CP03ISSM-MFD35-01-ADCPTF000,burst_number,burst_number,,,,1,CP03ISSM,MFD35,ADCPT
CP03ISSM-MFD35-01-ADCPTF000,ensemble_start_time,ensemble_start_time,,,,seconds since 1900-01-01,CP03ISSM,MFD35,ADCPT
CP03ISSM-MFD35-01-ADCPTF000,ingestion_timestamp,ingestion_timestamp,,,ENG,seconds since 1900-01-01,CP03ISSM,MFD35,ADCPT
CP03ISSM-MFD35-01-ADCPTF000,real_time_clock,real_time_clock,,,,1,CP03ISSM,MFD35,ADCPT
CP03ISSM-MFD35-01-ADCPTF000,upward_earth_seawater_velocity,upward_earth_seawater_velocity,-1,1,L1,m s-1,CP03ISSM,MFD35,ADCPT
CP03ISSM-MFD35-01-ADCPTF000,earth_error_velocity,earth_error_velocity,-1,1,L1,m s-1,CP03ISSM,MFD35,ADCPT
CP03ISSM-MFD35-02-PRESFB000,driver_timestamp,driver_timestamp,,,ENG,seconds since 1900-01-01,CP03ISSM,MFD35,PRESF
CP03ISSM-MFD35-02-PRESFB000,internal_timestamp,internal_timestamp,,,ENG,seconds since 1900-01-01,CP03ISSM,MFD35,PRESF
CP03ISSM-MFD35-02-PRESFB000,preferred_timestamp,preferred_timestamp,,,ENG,1,CP03ISSM,MFD35,PRESF
CP03ISSM-MFD35-02-PRESFB000,dcl_controller_timestamp,dcl_controller_timestamp,,,ENG,1,CP03ISSM,MFD35,PRESF
CP03ISSM-MFD35-02-PRESFB000,pressure_temp,pressure_temp,,,AUX,deg_C,CP03ISSM,MFD35,PRESF
CP03ISSM-MFD35-02-PRESFB000,abs_seafloor_pressure,abs_seafloor_pressure,0,6000,L1,dbar,CP03ISSM,MFD35,PRESF
CP03ISSM-MFD35-02-PRESFB000,time,time,,,ENG,seconds since 1900-01-01,CP03ISSM,MFD35,PRESF
CP03ISSM-MFD35-02-PRESFB000,seawater_temperature,seawater_temperature,,,AUX,deg_C,CP03ISSM,MFD35,PRESF
CP03ISSM-MFD35-02-PRESFB000,ingestion_timestamp,ingestion_timestamp,,,ENG,seconds since 1900-01-01,CP03ISSM,MFD35,PRESF
CP03ISSM-MFD35-02-PRESFB000,date_time_string,date_time_string,,,,1,CP03ISSM,MFD35,PRESF
CP03ISSM-MFD35-02-PRESFB000,absolute_pressure,absolute_pressure,,,L0,psi,CP03ISSM,MFD35,PRESF
CP03ISSM-MFD35-04-VELPTA000,driver_timestamp,driver_timestamp,,,ENG,seconds since 1900-01-01,CP03ISSM,MFD35,VELPT
CP03ISSM-MFD35-04-VELPTA000,firmware_version,firmware_version,,,,1,CP03ISSM,MFD35,VELPT
CP03ISSM-MFD35-04-VELPTA000,eastward_velocity,eastward_velocity,-3,3,L1,m s-1,CP03ISSM,MFD35,VELPT
CP03ISSM-MFD35-04-VELPTA000,northward_velocity,northward_velocity,-3,3,L1,m s-1,CP03ISSM,MFD35,VELPT
CP03ISSM-MFD35-04-VELPTA000,upward_velocity,upward_velocity,-1,1,L1,m s-1,CP03ISSM,MFD35,VELPT
CP03ISSM-MFD35-04-VELPTA000,internal_timestamp,internal_timestamp,,,ENG,seconds since 1900-01-01,CP03ISSM,MFD35,VELPT
CP03ISSM-MFD35-04-VELPTA000,preferred_timestamp,preferred_timestamp,,,ENG,1,CP03ISSM,MFD35,VELPT
CP03ISSM-MFD35-04-VELPTA000,velpt_ab_eastward_velocity,velpt_ab_eastward_velocity,-3,3,L1,m s-1,CP03ISSM,MFD35,VELPT
CP03ISSM-MFD35-04-VELPTA000,velpt_ab_northward_velocity,velpt_ab_northward_velocity,-3,3,L1,m s-1,CP03ISSM,MFD35,VELPT
CP03ISSM-MFD35-04-VELPTA000,velpt_ab_upward_velocity,velpt_ab_upward_velocity,-1,1,L1,m s-1,CP03ISSM,MFD35,VELPT
CP03ISSM-MFD35-04-VELPTA000,number_of_beam_sequences,number_of_beam_sequences,,,,counts,CP03ISSM,MFD35,VELPT
CP03ISSM-MFD35-04-VELPTA000,number_of_beams_in_diagnostics_mode,number_of_beams_in_diagnostics_mode,,,,counts,CP03ISSM,MFD35,VELPT
CP03ISSM-MFD35-04-VELPTA000,reserved_bit_easyq,reserved_bit_easyq,,,,1,CP03ISSM,MFD35,VELPT
CP03ISSM-MFD35-04-VELPTA000,battery_voltage_dv,battery_voltage_dv,,,AUX,dV,CP03ISSM,MFD35,VELPT
CP03ISSM-MFD35-04-VELPTA000,sound_speed_dms,sound_speed_dms,,,AUX,dm s-1,CP03ISSM,MFD35,VELPT
CP03ISSM-MFD35-04-VELPTA000,heading_decidegree,heading_decidegree,,,AUX,deci-degrees,CP03ISSM,MFD35,VELPT
CP03ISSM-MFD35-04-VELPTA000,roll_decidegree,roll_decidegree,,,AUX,deci-degrees,CP03ISSM,MFD35,VELPT
CP03ISSM-MFD35-04-VELPTA000,pitch_decidegree,pitch_decidegree,,,AUX,deci-degrees,CP03ISSM,MFD35,VELPT
CP03ISSM-MFD35-04-VELPTA000,temperature_centidegree,temperature_centidegree,,,AUX,cdeg_C,CP03ISSM,MFD35,VELPT
CP03ISSM-MFD35-04-VELPTA000,pressure_mbar,pressure_mbar,,,AUX,0.001 dbar,CP03ISSM,MFD35,VELPT
CP03ISSM-MFD35-04-VELPTA000,error_code,error_code,,,,1,CP03ISSM,MFD35,VELPT
CP03ISSM-MFD35-04-VELPTA000,analog1,analog1,,,,1,CP03ISSM,MFD35,VELPT
CP03ISSM-MFD35-04-VELPTA000,status,status,,,,1,CP03ISSM,MFD35,VELPT
CP03ISSM-MFD35-04-VELPTA000,velocity_beam1,velocity_beam1,,,L0,mm s-1,CP03ISSM,MFD35,VELPT
CP03ISSM-MFD35-04-VELPTA000,velocity_beam2,velocity_beam2,,,L0,mm s-1,CP03ISSM,MFD35,VELPT
CP03ISSM-MFD35-04-VELPTA000,velocity_beam3,velocity_beam3,,,L0,mm s-1,CP03ISSM,MFD35,VELPT
CP03ISSM-MFD35-04-VELPTA000,amplitude_beam1,amplitude_beam1,,,AUX,counts,CP03ISSM,MFD35,VELPT
CP03ISSM-MFD35-04-VELPTA000,amplitude_beam2,amplitude_beam2,,,AUX,counts,CP03ISSM,MFD35,VELPT
CP03ISSM-MFD35-04-VELPTA000,amplitude_beam3,amplitude_beam3,,,AUX,counts,CP03ISSM,MFD35,VELPT
CP03ISSM-MFD35-04-VELPTA000,records_to_follow,records_to_follow,,,,1,CP03ISSM,MFD35,VELPT
CP03ISSM-MFD35-04-VELPTA000,cell_number_diagnostics,cell_number_diagnostics,,,,1,CP03ISSM,MFD35,VELPT
CP03ISSM-MFD35-04-VELPTA000,noise_amplitude_beam1,noise_amplitude_beam1,,,,counts,CP03ISSM,MFD35,VELPT
CP03ISSM-MFD35-04-VELPTA000,noise_amplitude_beam2,noise_amplitude_beam2,,,,counts,CP03ISSM,MFD35,VELPT
CP03ISSM-MFD35-04-VELPTA000,noise_amplitude_beam3,noise_amplitude_beam3,,,,counts,CP03ISSM,MFD35,VELPT
CP03ISSM-MFD35-04-VELPTA000,noise_amplitude_beam4,noise_amplitude_beam4,,,,counts,CP03ISSM,MFD35,VELPT
CP03ISSM-MFD35-04-VELPTA000,processing_magnitude_beam1,processing_magnitude_beam1,,,,1,CP03ISSM,MFD35,VELPT
CP03ISSM-MFD35-04-VELPTA000,processing_magnitude_beam2,processing_magnitude_beam2,,,,1,CP03ISSM,MFD35,VELPT
CP03ISSM-MFD35-04-VELPTA000,processing_magnitude_beam3,processing_magnitude_beam3,,,,1,CP03ISSM,MFD35,VELPT
CP03ISSM-MFD35-04-VELPTA000,processing_magnitude_beam4,processing_magnitude_beam4,,,,1,CP03ISSM,MFD35,VELPT
CP03ISSM-MFD35-04-VELPTA000,distance_beam1,distance_beam1,,,,1,CP03ISSM,MFD35,VELPT
CP03ISSM-MFD35-04-VELPTA000,distance_beam2,distance_beam2,,,,1,CP03ISSM,MFD35,VELPT
CP03ISSM-MFD35-04-VELPTA000,distance_beam3,distance_beam3,,,,1,CP03ISSM,MFD35,VELPT
CP03ISSM-MFD35-04-VELPTA000,distance_beam4,distance_beam4,,,,1,CP03ISSM,MFD35,VELPT
CP03ISSM-MFD35-04-VELPTA000,instrmt_type_serial_number,instrmt_type_serial_number,,,,1,CP03ISSM,MFD35,VELPT
CP03ISSM-MFD35-04-VELPTA000,pic_version,pic_version,,,,1,CP03ISSM,MFD35,VELPT
CP03ISSM-MFD35-04-VELPTA000,hardware_revision,hardware_revision,,,,1,CP03ISSM,MFD35,VELPT
CP03ISSM-MFD35-04-VELPTA000,recorder_size,recorder_size,,,,bytes,CP03ISSM,MFD35,VELPT
CP03ISSM-MFD35-04-VELPTA000,velocity_range,velocity_range,,,,1,CP03ISSM,MFD35,VELPT
CP03ISSM-MFD35-04-VELPTA000,pressure_sensor,pressure_sensor,,,,1,CP03ISSM,MFD35,VELPT
CP03ISSM-MFD35-04-VELPTA000,magnetometer_sensor,magnetometer_sensor,,,,1,CP03ISSM,MFD35,VELPT
CP03ISSM-MFD35-04-VELPTA000,tilt_sensor,tilt_sensor,,,,1,CP03ISSM,MFD35,VELPT
CP03ISSM-MFD35-04-VELPTA000,tilt_sensor_mounting,tilt_sensor_mounting,,,,1,CP03ISSM,MFD35,VELPT
CP03ISSM-MFD35-04-VELPTA000,head_frequency,head_frequency,,,,kHz,CP03ISSM,MFD35,VELPT
CP03ISSM-MFD35-04-VELPTA000,head_type,head_type,,,,1,CP03ISSM,MFD35,VELPT
CP03ISSM-MFD35-04-VELPTA000,head_serial_number,head_serial_number,,,,1,CP03ISSM,MFD35,VELPT
CP03ISSM-MFD35-04-VELPTA000,number_beams,number_beams,,,,1,CP03ISSM,MFD35,VELPT
CP03ISSM-MFD35-04-VELPTA000,transmit_pulse_length,transmit_pulse_length,,,,counts,CP03ISSM,MFD35,VELPT
CP03ISSM-MFD35-04-VELPTA000,blanking_distance,blanking_distance,,,,counts,CP03ISSM,MFD35,VELPT
CP03ISSM-MFD35-04-VELPTA000,receive_length,receive_length,,,,counts,CP03ISSM,MFD35,VELPT
CP03ISSM-MFD35-04-VELPTA000,time_between_pings,time_between_pings,,,,counts,CP03ISSM,MFD35,VELPT
CP03ISSM-MFD35-04-VELPTA000,time_between_bursts,time_between_bursts,,,,counts,CP03ISSM,MFD35,VELPT
CP03ISSM-MFD35-04-VELPTA000,average_interval,average_interval,,,,s,CP03ISSM,MFD35,VELPT
CP03ISSM-MFD35-04-VELPTA000,compass_update_rate,compass_update_rate,,,,Hz,CP03ISSM,MFD35,VELPT
CP03ISSM-MFD35-04-VELPTA000,coordinate_system,coordinate_system,,,,1,CP03ISSM,MFD35,VELPT
CP03ISSM-MFD35-04-VELPTA000,number_cells,number_cells,,,,1,CP03ISSM,MFD35,VELPT
CP03ISSM-MFD35-04-VELPTA000,measurement_interval,measurement_interval,,,,s,CP03ISSM,MFD35,VELPT
CP03ISSM-MFD35-04-VELPTA000,deployment_name,deployment_name,,,,1,CP03ISSM,MFD35,VELPT
CP03ISSM-MFD35-04-VELPTA000,diagnostics_interval,diagnostics_interval,,,,s,CP03ISSM,MFD35,VELPT
CP03ISSM-MFD35-04-VELPTA000,use_specified_sound_speed,use_specified_sound_speed,,,,1,CP03ISSM,MFD35,VELPT
CP03ISSM-MFD35-04-VELPTA000,diagnostics_mode_enable,diagnostics_mode_enable,,,,1,CP03ISSM,MFD35,VELPT
CP03ISSM-MFD35-04-VELPTA000,analog_output_enable,analog_output_enable,,,,1,CP03ISSM,MFD35,VELPT
CP03ISSM-MFD35-04-VELPTA000,output_format_nortek,output_format_nortek,,,,1,CP03ISSM,MFD35,VELPT
CP03ISSM-MFD35-04-VELPTA000,scaling,scaling,,,,1,CP03ISSM,MFD35,VELPT
CP03ISSM-MFD35-04-VELPTA000,serial_output_enable,serial_output_enable,,,,1,CP03ISSM,MFD35,VELPT
CP03ISSM-MFD35-04-VELPTA000,stage_enable,stage_enable,,,,1,CP03ISSM,MFD35,VELPT
CP03ISSM-MFD35-04-VELPTA000,analog_power_output,analog_power_output,,,,1,CP03ISSM,MFD35,VELPT
CP03ISSM-MFD35-04-VELPTA000,sound_speed_adjust_factor,sound_speed_adjust_factor,,,,m s-1,CP03ISSM,MFD35,VELPT
CP03ISSM-MFD35-04-VELPTA000,number_diagnostics_samples,number_diagnostics_samples,,,,1,CP03ISSM,MFD35,VELPT
CP03ISSM-MFD35-04-VELPTA000,number_pings_diagnostic,number_pings_diagnostic,,,,1,CP03ISSM,MFD35,VELPT
CP03ISSM-MFD35-04-VELPTA000,software_version,software_version,,,,1,CP03ISSM,MFD35,VELPT
CP03ISSM-MFD35-04-VELPTA000,correlation_threshold,correlation_threshold,,,,1,CP03ISSM,MFD35,VELPT
CP03ISSM-MFD35-04-VELPTA000,time,time,,,ENG,seconds since 1900-01-01,CP03ISSM,MFD35,VELPT
CP03ISSM-MFD35-04-VELPTA000,ingestion_timestamp,ingestion_timestamp,,,ENG,seconds since 1900-01-01,CP03ISSM,MFD35,VELPT
CP03ISSM-MFD35-04-VELPTA000,date_time_string,date_time_string,,,,1,CP03ISSM,MFD35,VELPT
CP03ISSM-MFD35-05-PCO2WB000,driver_timestamp,driver_timestamp,,,ENG,seconds since 1900-01-01,CP03ISSM,MFD35,PCO2W
CP03ISSM-MFD35-05-PCO2WB000,external_device2_fault,external_device2_fault,,,,1,CP03ISSM,MFD35,PCO2W
CP03ISSM-MFD35-05-PCO2WB000,external_device3_fault,external_device3_fault,,,,1,CP03ISSM,MFD35,PCO2W
CP03ISSM-MFD35-05-PCO2WB000,num_data_records,num_data_records,,,,1,CP03ISSM,MFD35,PCO2W
CP03ISSM-MFD35-05-PCO2WB000,num_error_records,num_error_records,,,,1,CP03ISSM,MFD35,PCO2W
CP03ISSM-MFD35-05-PCO2WB000,num_bytes_stored,num_bytes_stored,,,,bytes,CP03ISSM,MFD35,PCO2W
CP03ISSM-MFD35-05-PCO2WB000,internal_timestamp,internal_timestamp,,,ENG,seconds since 1900-01-01,CP03ISSM,MFD35,PCO2W
CP03ISSM-MFD35-05-PCO2WB000,preferred_timestamp,preferred_timestamp,,,ENG,1,CP03ISSM,MFD35,PCO2W
CP03ISSM-MFD35-05-PCO2WB000,passed_checksum,passed_checksum,,,ENG,1,CP03ISSM,MFD35,PCO2W
CP03ISSM-MFD35-05-PCO2WB000,dcl_controller_timestamp,dcl_controller_timestamp,,,ENG,1,CP03ISSM,MFD35,PCO2W
CP03ISSM-MFD35-05-PCO2WB000,blank_light_measurements,blank_light_measurements,,,,counts,CP03ISSM,MFD35,PCO2W
CP03ISSM-MFD35-05-PCO2WB000,battery_low_blank,battery_low_blank,,,,1,CP03ISSM,MFD35,PCO2W
CP03ISSM-MFD35-05-PCO2WB000,unique_id,unique_id,,,,1,CP03ISSM,MFD35,PCO2W
CP03ISSM-MFD35-05-PCO2WB000,record_type,record_type,,,,1,CP03ISSM,MFD35,PCO2W
CP03ISSM-MFD35-05-PCO2WB000,record_time,record_time,,,,seconds since 1904-01-01,CP03ISSM,MFD35,PCO2W
CP03ISSM-MFD35-05-PCO2WB000,light_measurements,light_measurements,,,,counts,CP03ISSM,MFD35,PCO2W
CP03ISSM-MFD35-05-PCO2WB000,voltage_battery,voltage_battery,,,,counts,CP03ISSM,MFD35,PCO2W
CP03ISSM-MFD35-05-PCO2WB000,thermistor_raw,thermistor_raw,,,L0,V,CP03ISSM,MFD35,PCO2W
CP03ISSM-MFD35-05-PCO2WB000,clock_active,clock_active,,,,1,CP03ISSM,MFD35,PCO2W
CP03ISSM-MFD35-05-PCO2WB000,recording_active,recording_active,,,,1,CP03ISSM,MFD35,PCO2W
CP03ISSM-MFD35-05-PCO2WB000,record_end_on_time,record_end_on_time,,,,1,CP03ISSM,MFD35,PCO2W
CP03ISSM-MFD35-05-PCO2WB000,record_memory_full,record_memory_full,,,,1,CP03ISSM,MFD35,PCO2W
CP03ISSM-MFD35-05-PCO2WB000,record_end_on_error,record_end_on_error,,,,1,CP03ISSM,MFD35,PCO2W
CP03ISSM-MFD35-05-PCO2WB000,data_download_ok,data_download_ok,,,,1,CP03ISSM,MFD35,PCO2W
CP03ISSM-MFD35-05-PCO2WB000,flash_memory_open,flash_memory_open,,,,1,CP03ISSM,MFD35,PCO2W
CP03ISSM-MFD35-05-PCO2WB000,battery_low_prestart,battery_low_prestart,,,,1,CP03ISSM,MFD35,PCO2W
CP03ISSM-MFD35-05-PCO2WB000,battery_low_measurement,battery_low_measurement,,,,1,CP03ISSM,MFD35,PCO2W
CP03ISSM-MFD35-05-PCO2WB000,battery_low_external,battery_low_external,,,,1,CP03ISSM,MFD35,PCO2W
CP03ISSM-MFD35-05-PCO2WB000,external_device1_fault,external_device1_fault,,,,1,CP03ISSM,MFD35,PCO2W
CP03ISSM-MFD35-05-PCO2WB000,flash_erased,flash_erased,,,,1,CP03ISSM,MFD35,PCO2W
CP03ISSM-MFD35-05-PCO2WB000,power_on_invalid,power_on_invalid,,,,1,CP03ISSM,MFD35,PCO2W
CP03ISSM-MFD35-05-PCO2WB000,time,time,,,ENG,seconds since 1900-01-01,CP03ISSM,MFD35,PCO2W
CP03ISSM-MFD35-05-PCO2WB000,ingestion_timestamp,ingestion_timestamp,,,ENG,seconds since 1900-01-01,CP03ISSM,MFD35,PCO2W
CP03ISSM-MFD35-05-PCO2WB000,absorbance_ratio_434,absorbance_ratio_434,0,100000,L0,counts,CP03ISSM,MFD35,PCO2W
CP03ISSM-MFD35-05-PCO2WB000,absorbance_ratio_620,absorbance_ratio_620,0,100000,L0,counts,CP03ISSM,MFD35,PCO2W
CP03ISSM-MFD35-05-PCO2WB000,absorbance_blank_434,absorbance_blank_434,,,L0,1,CP03ISSM,MFD35,PCO2W
CP03ISSM-MFD35-05-PCO2WB000,absorbance_blank_620,absorbance_blank_620,,,L0,1,CP03ISSM,MFD35,PCO2W
CP03ISSM-MFD35-05-PCO2WB000,pco2w_thermistor_temperature,pco2w_thermistor_temperature,-2,40,,deg_C,CP03ISSM,MFD35,PCO2W
CP03ISSM-MFD35-05-PCO2WB000,pco2_seawater,pco2_seawater,100,600,L1,uatm,CP03ISSM,MFD35,PCO2W
CP03ISSM-MFD35-06-PHSEND000,driver_timestamp,driver_timestamp,,,ENG,seconds since 1900-01-01,CP03ISSM,MFD35,PHSEN
CP03ISSM-MFD35-06-PHSEND000,external_device2_fault,external_device2_fault,,,,1,CP03ISSM,MFD35,PHSEN
CP03ISSM-MFD35-06-PHSEND000,external_device3_fault,external_device3_fault,,,,1,CP03ISSM,MFD35,PHSEN
CP03ISSM-MFD35-06-PHSEND000,num_data_records,num_data_records,,,,1,CP03ISSM,MFD35,PHSEN
CP03ISSM-MFD35-06-PHSEND000,num_error_records,num_error_records,,,,1,CP03ISSM,MFD35,PHSEN
CP03ISSM-MFD35-06-PHSEND000,num_bytes_stored,num_bytes_stored,,,,bytes,CP03ISSM,MFD35,PHSEN
CP03ISSM-MFD35-06-PHSEND000,internal_timestamp,internal_timestamp,,,ENG,seconds since 1900-01-01,CP03ISSM,MFD35,PHSEN
CP03ISSM-MFD35-06-PHSEND000,preferred_timestamp,preferred_timestamp,,,ENG,1,CP03ISSM,MFD35,PHSEN
CP03ISSM-MFD35-06-PHSEND000,passed_checksum,passed_checksum,,,ENG,1,CP03ISSM,MFD35,PHSEN
CP03ISSM-MFD35-06-PHSEND000,dcl_controller_timestamp,dcl_controller_timestamp,,,ENG,1,CP03ISSM,MFD35,PHSEN
CP03ISSM-MFD35-06-PHSEND000,phsen_abcdef_ph_seawater,phsen_abcdef_ph_seawater,7.3,8.5,L1,(unitless),CP03ISSM,MFD35,PHSEN
CP03ISSM-MFD35-06-PHSEND000,battery_low_blank,battery_low_blank,,,,1,CP03ISSM,MFD35,PHSEN
CP03ISSM-MFD35-06-PHSEND000,unique_id,unique_id,,,,1,CP03ISSM,MFD35,PHSEN
CP03ISSM-MFD35-06-PHSEND000,record_type,record_type,,,,1,CP03ISSM,MFD35,PHSEN
CP03ISSM-MFD35-06-PHSEND000,record_time,record_time,,,,seconds since 1904-01-01,CP03ISSM,MFD35,PHSEN
CP03ISSM-MFD35-06-PHSEND000,light_measurements,light_measurements,,,,counts,CP03ISSM,MFD35,PHSEN
CP03ISSM-MFD35-06-PHSEND000,voltage_battery,voltage_battery,,,,counts,CP03ISSM,MFD35,PHSEN
CP03ISSM-MFD35-06-PHSEND000,clock_active,clock_active,,,,1,CP03ISSM,MFD35,PHSEN
CP03ISSM-MFD35-06-PHSEND000,recording_active,recording_active,,,,1,CP03ISSM,MFD35,PHSEN
CP03ISSM-MFD35-06-PHSEND000,record_end_on_time,record_end_on_time,,,,1,CP03ISSM,MFD35,PHSEN
CP03ISSM-MFD35-06-PHSEND000,record_memory_full,record_memory_full,,,,1,CP03ISSM,MFD35,PHSEN
CP03ISSM-MFD35-06-PHSEND000,phsen_abcdef_signal_intensity_434,phsen_abcdef_signal_intensity_434,,,L0,counts,CP03ISSM,MFD35,PHSEN
CP03ISSM-MFD35-06-PHSEND000,phsen_abcdef_signal_intensity_578,phsen_abcdef_signal_intensity_578,,,L0,counts,CP03ISSM,MFD35,PHSEN
CP03ISSM-MFD35-06-PHSEND000,record_end_on_error,record_end_on_error,,,,1,CP03ISSM,MFD35,PHSEN
CP03ISSM-MFD35-06-PHSEND000,data_download_ok,data_download_ok,,,,1,CP03ISSM,MFD35,PHSEN
CP03ISSM-MFD35-06-PHSEND000,flash_memory_open,flash_memory_open,,,,1,CP03ISSM,MFD35,PHSEN
CP03ISSM-MFD35-06-PHSEND000,battery_low_prestart,battery_low_prestart,,,,1,CP03ISSM,MFD35,PHSEN
CP03ISSM-MFD35-06-PHSEND000,battery_low_measurement,battery_low_measurement,,,,1,CP03ISSM,MFD35,PHSEN
CP03ISSM-MFD35-06-PHSEND000,battery_low_external,battery_low_external,,,,1,CP03ISSM,MFD35,PHSEN
CP03ISSM-MFD35-06-PHSEND000,external_device1_fault,external_device1_fault,,,,1,CP03ISSM,MFD35,PHSEN
CP03ISSM-MFD35-06-PHSEND000,flash_erased,flash_erased,,,,1,CP03ISSM,MFD35,PHSEN
CP03ISSM-MFD35-06-PHSEND000,power_on_invalid,power_on_invalid,,,,1,CP03ISSM,MFD35,PHSEN
CP03ISSM-MFD35-06-PHSEND000,time,time,,,ENG,seconds since 1900-01-01,CP03ISSM,MFD35,PHSEN
CP03ISSM-MFD35-06-PHSEND000,ingestion_timestamp,ingestion_timestamp,,,ENG,seconds since 1900-01-01,CP03ISSM,MFD35,PHSEN
CP03ISSM-MFD35-06-PHSEND000,thermistor_start,thermistor_start,,,,counts,CP03ISSM,MFD35,PHSEN
CP03ISSM-MFD35-06-PHSEND000,reference_light_measurements,reference_light_measurements,,,,counts,CP03ISSM,MFD35,PHSEN
CP03ISSM-MFD35-06-PHSEND000,thermistor_end,thermistor_end,,,,counts,CP03ISSM,MFD35,PHSEN
CP03ISSM-MFD35-06-PHSEND000,phsen_thermistor_temperature,phsen_thermistor_temperature,,,L0,V,CP03ISSM,MFD35,PHSEN
CP03ISSM-MFD37-01-OPTAAD000,driver_timestamp,driver_timestamp,,,ENG,seconds since 1900-01-01,CP03ISSM,MFD37,OPTAA
CP03ISSM-MFD37-01-OPTAAD000,internal_timestamp,internal_timestamp,,,ENG,seconds since 1900-01-01,CP03ISSM,MFD37,OPTAA
CP03ISSM-MFD37-01-OPTAAD000,preferred_timestamp,preferred_timestamp,,,ENG,1,CP03ISSM,MFD37,OPTAA
CP03ISSM-MFD37-01-OPTAAD000,start_date,start_date,,,,1,CP03ISSM,MFD37,OPTAA
CP03ISSM-MFD37-01-OPTAAD000,serial_number,serial_number,,,ENG,1,CP03ISSM,MFD37,OPTAA
CP03ISSM-MFD37-01-OPTAAD000,optaa_dj_dcl_beam_attenuation,optaa_dj_dcl_beam_attenuation,0,100,L2,m-1,CP03ISSM,MFD37,OPTAA
CP03ISSM-MFD37-01-OPTAAD000,optaa_dj_dcl_optical_absorption,optaa_dj_dcl_optical_absorption,0,100,L2,m-1,CP03ISSM,MFD37,OPTAA
CP03ISSM-MFD37-01-OPTAAD000,packet_type,packet_type,,,,1,CP03ISSM,MFD37,OPTAA
CP03ISSM-MFD37-01-OPTAAD000,meter_type,meter_type,,,,1,CP03ISSM,MFD37,OPTAA
CP03ISSM-MFD37-01-OPTAAD000,a_reference_dark_counts,a_reference_dark_counts,,,,counts,CP03ISSM,MFD37,OPTAA
CP03ISSM-MFD37-01-OPTAAD000,pressure_counts,pressure_counts,,,,counts,CP03ISSM,MFD37,OPTAA
CP03ISSM-MFD37-01-OPTAAD000,a_signal_dark_counts,a_signal_dark_counts,,,,counts,CP03ISSM,MFD37,OPTAA
CP03ISSM-MFD37-01-OPTAAD000,external_temp_raw,external_temp_raw,,,,counts,CP03ISSM,MFD37,OPTAA
CP03ISSM-MFD37-01-OPTAAD000,internal_temp_raw,internal_temp_raw,,,L0,counts,CP03ISSM,MFD37,OPTAA
CP03ISSM-MFD37-01-OPTAAD000,c_reference_dark_counts,c_reference_dark_counts,,,,counts,CP03ISSM,MFD37,OPTAA
CP03ISSM-MFD37-01-OPTAAD000,c_signal_dark_counts,c_signal_dark_counts,,,,counts,CP03ISSM,MFD37,OPTAA
CP03ISSM-MFD37-01-OPTAAD000,elapsed_run_time,elapsed_run_time,,,,ms,CP03ISSM,MFD37,OPTAA
CP03ISSM-MFD37-01-OPTAAD000,num_wavelengths,num_wavelengths,,,,1,CP03ISSM,MFD37,OPTAA
CP03ISSM-MFD37-01-OPTAAD000,c_reference_counts,c_reference_counts,,,L0,counts,CP03ISSM,MFD37,OPTAA
CP03ISSM-MFD37-01-OPTAAD000,a_reference_counts,a_reference_counts,,,L0,counts,CP03ISSM,MFD37,OPTAA
CP03ISSM-MFD37-01-OPTAAD000,c_signal_counts,c_signal_counts,,,L0,counts,CP03ISSM,MFD37,OPTAA
CP03ISSM-MFD37-01-OPTAAD000,a_signal_counts,a_signal_counts,,,L0,counts,CP03ISSM,MFD37,OPTAA
CP03ISSM-MFD37-01-OPTAAD000,time,time,,,ENG,seconds since 1900-01-01,CP03ISSM,MFD37,OPTAA
CP03ISSM-MFD37-01-OPTAAD000,ingestion_timestamp,ingestion_timestamp,,,ENG,seconds since 1900-01-01,CP03ISSM,MFD37,OPTAA
CP03ISSM-MFD37-03-CTDBPD000,conductivity,conductivity,0,6,L1,S m-1,CP03ISSM,MFD37,CTDBP
CP03ISSM-MFD37-03-CTDBPD000,driver_timestamp,driver_timestamp,,,ENG,seconds since 1900-01-01,CP03ISSM,MFD37,CTDBP
CP03ISSM-MFD37-03-CTDBPD000,internal_timestamp,internal_timestamp,,,ENG,seconds since 1900-01-01,CP03ISSM,MFD37,CTDBP
CP03ISSM-MFD37-03-CTDBPD000,preferred_timestamp,preferred_timestamp,,,ENG,1,CP03ISSM,MFD37,CTDBP
CP03ISSM-MFD37-03-CTDBPD000,temperature,temperature,,,L0,counts,CP03ISSM,MFD37,CTDBP
CP03ISSM-MFD37-03-CTDBPD000,conductivity,conductivity,,,L0,counts,CP03ISSM,MFD37,CTDBP
CP03ISSM-MFD37-03-CTDBPD000,pressure,pressure,,,L0,counts,CP03ISSM,MFD37,CTDBP
CP03ISSM-MFD37-03-CTDBPD000,pressure_temp,pressure_temp,,,L0,counts,CP03ISSM,MFD37,CTDBP
CP03ISSM-MFD37-03-CTDBPD000,ctd_time,ctd_time,,,ENG,seconds since 2000-01-01,CP03ISSM,MFD37,CTDBP
CP03ISSM-MFD37-03-CTDBPD000,pressure,pressure,0,6000,L1,dbar,CP03ISSM,MFD37,CTDBP
CP03ISSM-MFD37-03-CTDBPD000,dcl_controller_timestamp,dcl_controller_timestamp,,,ENG,1,CP03ISSM,MFD37,CTDBP
CP03ISSM-MFD37-03-CTDBPD000,ctdbp_seawater_temperature,ctdbp_seawater_temperature,-2,40,L1,deg_C,CP03ISSM,MFD37,CTDBP
CP03ISSM-MFD37-03-CTDBPD000,ctdbp_seawater_pressure,ctdbp_seawater_pressure,0,6000,L1,dbar,CP03ISSM,MFD37,CTDBP
CP03ISSM-MFD37-03-CTDBPD000,ctdbp_seawater_conductivity,ctdbp_seawater_conductivity,0,6,L1,S m-1,CP03ISSM,MFD37,CTDBP
CP03ISSM-MFD37-03-CTDBPD000,ctdbp_practical_salinity,ctdbp_practical_salinity,0,42,L2,1,CP03ISSM,MFD37,CTDBP
CP03ISSM-MFD37-03-CTDBPD000,ctdbp_seawater_density,ctdbp_seawater_density,1000,1100,L2,kg m-3,CP03ISSM,MFD37,CTDBP
CP03ISSM-MFD37-03-CTDBPD000,ctdbp_cdef_dcl_ce_density,ctdbp_cdef_dcl_ce_density,1000,1100,L2,kg m-3,CP03ISSM,MFD37,CTDBP
CP03ISSM-MFD37-03-CTDBPD000,temp,temp,-2,40,L1,deg_C,CP03ISSM,MFD37,CTDBP
CP03ISSM-MFD37-03-CTDBPD000,time,time,,,ENG,seconds since 1900-01-01,CP03ISSM,MFD37,CTDBP
CP03ISSM-MFD37-03-CTDBPD000,ingestion_timestamp,ingestion_timestamp,,,ENG,seconds since 1900-01-01,CP03ISSM,MFD37,CTDBP
CP03ISSM-MFD37-03-CTDBPD000,salinity,salinity,0,42,L2,(unitless),CP03ISSM,MFD37,CTDBP
CP03ISSM-MFD37-03-CTDBPD000,date_time_string,date_time_string,,,,1,CP03ISSM,MFD37,CTDBP
CP03ISSM-MFD37-04-DOSTAD000,product_number,product_number,,,,1,CP03ISSM,MFD37,DOSTA
CP03ISSM-MFD37-04-DOSTAD000,driver_timestamp,driver_timestamp,,,ENG,seconds since 1900-01-01,CP03ISSM,MFD37,DOSTA
CP03ISSM-MFD37-04-DOSTAD000,internal_timestamp,internal_timestamp,,,ENG,seconds since 1900-01-01,CP03ISSM,MFD37,DOSTA
CP03ISSM-MFD37-04-DOSTAD000,preferred_timestamp,preferred_timestamp,,,ENG,1,CP03ISSM,MFD37,DOSTA
CP03ISSM-MFD37-04-DOSTAD000,dcl_controller_timestamp,dcl_controller_timestamp,,,ENG,1,CP03ISSM,MFD37,DOSTA
CP03ISSM-MFD37-04-DOSTAD000,dosta_abcdjm_cspp_tc_oxygen,dosta_abcdjm_cspp_tc_oxygen,0,400,L1,umol L-1,CP03ISSM,MFD37,DOSTA
CP03ISSM-MFD37-04-DOSTAD000,serial_number,serial_number,,,ENG,1,CP03ISSM,MFD37,DOSTA
CP03ISSM-MFD37-04-DOSTAD000,dosta_abcdjm_dcl_abs_oxygen,dosta_abcdjm_dcl_abs_oxygen,0,400,L2,umol kg-1,CP03ISSM,MFD37,DOSTA
CP03ISSM-MFD37-04-DOSTAD000,dosta_abcdjm_dcl_metbk_abs_oxygen,dosta_abcdjm_dcl_metbk_abs_oxygen,0,400,L2,umol kg-1,CP03ISSM,MFD37,DOSTA
CP03ISSM-MFD37-04-DOSTAD000,dosta_abcdjm_dcl_ctdbp_abs_oxygen,dosta_abcdjm_dcl_ctdbp_abs_oxygen,0,400,L2,umol kg-1,CP03ISSM,MFD37,DOSTA
CP03ISSM-MFD37-04-DOSTAD000,time,time,,,ENG,seconds since 1900-01-01,CP03ISSM,MFD37,DOSTA
CP03ISSM-MFD37-04-DOSTAD000,ingestion_timestamp,ingestion_timestamp,,,ENG,seconds since 1900-01-01,CP03ISSM,MFD37,DOSTA
CP03ISSM-MFD37-04-DOSTAD000,estimated_oxygen_concentration,estimated_oxygen_concentration,0,400,L1,umol L-1,CP03ISSM,MFD37,DOSTA
CP03ISSM-MFD37-04-DOSTAD000,estimated_oxygen_saturation,estimated_oxygen_saturation,0,110,L1,percent,CP03ISSM,MFD37,DOSTA
CP03ISSM-MFD37-04-DOSTAD000,optode_temperature,optode_temperature,-2,40,,deg_C,CP03ISSM,MFD37,DOSTA
CP03ISSM-MFD37-04-DOSTAD000,calibrated_phase,calibrated_phase,,,L0,degrees,CP03ISSM,MFD37,DOSTA
CP03ISSM-MFD37-04-DOSTAD000,temp_compensated_phase,temp_compensated_phase,,,,degrees,CP03ISSM,MFD37,DOSTA
CP03ISSM-MFD37-04-DOSTAD000,blue_phase,blue_phase,,,,degrees,CP03ISSM,MFD37,DOSTA
CP03ISSM-MFD37-04-DOSTAD000,red_phase,red_phase,,,,degrees,CP03ISSM,MFD37,DOSTA
CP03ISSM-MFD37-04-DOSTAD000,blue_amplitude,blue_amplitude,,,,mV,CP03ISSM,MFD37,DOSTA
CP03ISSM-MFD37-04-DOSTAD000,red_amplitude,red_amplitude,,,,mV,CP03ISSM,MFD37,DOSTA
CP03ISSM-MFD37-04-DOSTAD000,raw_temperature,raw_temperature,,,,mV,CP03ISSM,MFD37,DOSTA
CP03ISSM-MFD37-07-ZPLSCC000,serial_number,serial_number,,,ENG,1,CP03ISSM,MFD37,ZPLSC
CP03ISSM-MFD37-07-ZPLSCC000,zplsc_c_transmission_timestamp,zplsc_c_transmission_timestamp,,,,1,CP03ISSM,MFD37,ZPLSC
CP03ISSM-MFD37-07-ZPLSCC000,zplsc_c_phase,zplsc_c_phase,,,,1,CP03ISSM,MFD37,ZPLSC
CP03ISSM-MFD37-07-ZPLSCC000,zplsc_c_number_of_frequencies,zplsc_c_number_of_frequencies,,,,1,CP03ISSM,MFD37,ZPLSC
CP03ISSM-MFD37-07-ZPLSCC000,zplsc_c_number_of_bins_frequency_1,zplsc_c_number_of_bins_frequency_1,,,,1,CP03ISSM,MFD37,ZPLSC
CP03ISSM-MFD37-07-ZPLSCC000,zplsc_c_number_of_bins_frequency_2,zplsc_c_number_of_bins_frequency_2,,,,1,CP03ISSM,MFD37,ZPLSC
CP03ISSM-MFD37-07-ZPLSCC000,zplsc_c_number_of_bins_frequency_3,zplsc_c_number_of_bins_frequency_3,,,,1,CP03ISSM,MFD37,ZPLSC
CP03ISSM-MFD37-07-ZPLSCC000,zplsc_c_number_of_bins_frequency_4,zplsc_c_number_of_bins_frequency_4,,,,1,CP03ISSM,MFD37,ZPLSC
CP03ISSM-MFD37-07-ZPLSCC000,zplsc_c_min_value_channel_1,zplsc_c_min_value_channel_1,,,,counts,CP03ISSM,MFD37,ZPLSC
CP03ISSM-MFD37-07-ZPLSCC000,zplsc_c_min_value_channel_2,zplsc_c_min_value_channel_2,,,,counts,CP03ISSM,MFD37,ZPLSC
CP03ISSM-MFD37-07-ZPLSCC000,zplsc_c_min_value_channel_3,zplsc_c_min_value_channel_3,,,,counts,CP03ISSM,MFD37,ZPLSC
CP03ISSM-MFD37-07-ZPLSCC000,zplsc_c_min_value_channel_4,zplsc_c_min_value_channel_4,,,,counts,CP03ISSM,MFD37,ZPLSC
CP03ISSM-MFD37-07-ZPLSCC000,zplsc_c_date_of_burst,zplsc_c_date_of_burst,,,,1,CP03ISSM,MFD37,ZPLSC
CP03ISSM-MFD37-07-ZPLSCC000,zplsc_c_tilt_x,zplsc_c_tilt_x,,,,deg,CP03ISSM,MFD37,ZPLSC
CP03ISSM-MFD37-07-ZPLSCC000,zplsc_c_tilt_y,zplsc_c_tilt_y,,,,deg,CP03ISSM,MFD37,ZPLSC
CP03ISSM-MFD37-07-ZPLSCC000,zplsc_c_battery_voltage,zplsc_c_battery_voltage,,,,volt,CP03ISSM,MFD37,ZPLSC
CP03ISSM-MFD37-07-ZPLSCC000,zplsc_c_temperature,zplsc_c_temperature,,,,degC,CP03ISSM,MFD37,ZPLSC
CP03ISSM-MFD37-07-ZPLSCC000,zplsc_c_pressure,zplsc_c_pressure,,,,dbar,CP03ISSM,MFD37,ZPLSC
CP03ISSM-MFD37-07-ZPLSCC000,zplsc_c_board_number_channel_1,zplsc_c_board_number_channel_1,,,,1,CP03ISSM,MFD37,ZPLSC
CP03ISSM-MFD37-07-ZPLSCC000,zplsc_c_frequency_channel_1,zplsc_c_frequency_channel_1,,,,kHz,CP03ISSM,MFD37,ZPLSC
CP03ISSM-MFD37-07-ZPLSCC000,zplsc_c_values_channel_1,zplsc_c_values_channel_1,,,,counts,CP03ISSM,MFD37,ZPLSC
CP03ISSM-MFD37-07-ZPLSCC000,zplsc_c_board_number_channel_2,zplsc_c_board_number_channel_2,,,,1,CP03ISSM,MFD37,ZPLSC
CP03ISSM-MFD37-07-ZPLSCC000,zplsc_c_frequency_channel_2,zplsc_c_frequency_channel_2,,,,kHz,CP03ISSM,MFD37,ZPLSC
CP03ISSM-MFD37-07-ZPLSCC000,zplsc_c_values_channel_2,zplsc_c_values_channel_2,,,,counts,CP03ISSM,MFD37,ZPLSC
CP03ISSM-MFD37-07-ZPLSCC000,zplsc_c_board_number_channel_3,zplsc_c_board_number_channel_3,,,,1,CP03ISSM,MFD37,ZPLSC
CP03ISSM-MFD37-07-ZPLSCC000,zplsc_c_frequency_channel_3,zplsc_c_frequency_channel_3,,,,kHz,CP03ISSM,MFD37,ZPLSC
CP03ISSM-MFD37-07-ZPLSCC000,zplsc_c_values_channel_3,zplsc_c_values_channel_3,,,,counts,CP03ISSM,MFD37,ZPLSC
CP03ISSM-MFD37-07-ZPLSCC000,zplsc_c_board_number_channel_4,zplsc_c_board_number_channel_4,,,,1,CP03ISSM,MFD37,ZPLSC
CP03ISSM-MFD37-07-ZPLSCC000,zplsc_c_frequency_channel_4,zplsc_c_frequency_channel_4,,,,kHz,CP03ISSM,MFD37,ZPLSC
CP03ISSM-MFD37-07-ZPLSCC000,zplsc_c_values_channel_4,zplsc_c_values_channel_4,,,,counts,CP03ISSM,MFD37,ZPLSC
CP03ISSM-MFD37-07-ZPLSCC000,time,time,,,ENG,seconds since 1900-01-01,CP03ISSM,MFD37,ZPLSC
CP03ISSM-MFD37-07-ZPLSCC000,burst_number,burst_number,,,,1,CP03ISSM,MFD37,ZPLSC
CP03ISSM-RID26-04-VELPTA000,driver_timestamp,driver_timestamp,,,ENG,seconds since 1900-01-01,CP03ISSM,RID26,VELPT
CP03ISSM-RID26-04-VELPTA000,firmware_version,firmware_version,,,,1,CP03ISSM,RID26,VELPT
CP03ISSM-RID26-04-VELPTA000,eastward_velocity,eastward_velocity,-3,3,L1,m s-1,CP03ISSM,RID26,VELPT
CP03ISSM-RID26-04-VELPTA000,northward_velocity,northward_velocity,-3,3,L1,m s-1,CP03ISSM,RID26,VELPT
CP03ISSM-RID26-04-VELPTA000,upward_velocity,upward_velocity,-1,1,L1,m s-1,CP03ISSM,RID26,VELPT
CP03ISSM-RID26-04-VELPTA000,internal_timestamp,internal_timestamp,,,ENG,seconds since 1900-01-01,CP03ISSM,RID26,VELPT
CP03ISSM-RID26-04-VELPTA000,preferred_timestamp,preferred_timestamp,,,ENG,1,CP03ISSM,RID26,VELPT
CP03ISSM-RID26-04-VELPTA000,velpt_ab_eastward_velocity,velpt_ab_eastward_velocity,-3,3,L1,m s-1,CP03ISSM,RID26,VELPT
CP03ISSM-RID26-04-VELPTA000,velpt_ab_northward_velocity,velpt_ab_northward_velocity,-3,3,L1,m s-1,CP03ISSM,RID26,VELPT
CP03ISSM-RID26-04-VELPTA000,velpt_ab_upward_velocity,velpt_ab_upward_velocity,-1,1,L1,m s-1,CP03ISSM,RID26,VELPT
CP03ISSM-RID26-04-VELPTA000,number_of_beam_sequences,number_of_beam_sequences,,,,counts,CP03ISSM,RID26,VELPT
CP03ISSM-RID26-04-VELPTA000,number_of_beams_in_diagnostics_mode,number_of_beams_in_diagnostics_mode,,,,counts,CP03ISSM,RID26,VELPT
CP03ISSM-RID26-04-VELPTA000,reserved_bit_easyq,reserved_bit_easyq,,,,1,CP03ISSM,RID26,VELPT
CP03ISSM-RID26-04-VELPTA000,battery_voltage_dv,battery_voltage_dv,,,AUX,dV,CP03ISSM,RID26,VELPT
CP03ISSM-RID26-04-VELPTA000,sound_speed_dms,sound_speed_dms,,,AUX,dm s-1,CP03ISSM,RID26,VELPT
CP03ISSM-RID26-04-VELPTA000,heading_decidegree,heading_decidegree,,,AUX,deci-degrees,CP03ISSM,RID26,VELPT
CP03ISSM-RID26-04-VELPTA000,roll_decidegree,roll_decidegree,,,AUX,deci-degrees,CP03ISSM,RID26,VELPT
CP03ISSM-RID26-04-VELPTA000,pitch_decidegree,pitch_decidegree,,,AUX,deci-degrees,CP03ISSM,RID26,VELPT
CP03ISSM-RID26-04-VELPTA000,temperature_centidegree,temperature_centidegree,,,AUX,cdeg_C,CP03ISSM,RID26,VELPT
CP03ISSM-RID26-04-VELPTA000,pressure_mbar,pressure_mbar,,,AUX,0.001 dbar,CP03ISSM,RID26,VELPT
CP03ISSM-RID26-04-VELPTA000,error_code,error_code,,,,1,CP03ISSM,RID26,VELPT
CP03ISSM-RID26-04-VELPTA000,analog1,analog1,,,,1,CP03ISSM,RID26,VELPT
CP03ISSM-RID26-04-VELPTA000,status,status,,,,1,CP03ISSM,RID26,VELPT
CP03ISSM-RID26-04-VELPTA000,velocity_beam1,velocity_beam1,,,L0,mm s-1,CP03ISSM,RID26,VELPT
CP03ISSM-RID26-04-VELPTA000,velocity_beam2,velocity_beam2,,,L0,mm s-1,CP03ISSM,RID26,VELPT
CP03ISSM-RID26-04-VELPTA000,velocity_beam3,velocity_beam3,,,L0,mm s-1,CP03ISSM,RID26,VELPT
CP03ISSM-RID26-04-VELPTA000,amplitude_beam1,amplitude_beam1,,,AUX,counts,CP03ISSM,RID26,VELPT
CP03ISSM-RID26-04-VELPTA000,amplitude_beam2,amplitude_beam2,,,AUX,counts,CP03ISSM,RID26,VELPT
CP03ISSM-RID26-04-VELPTA000,amplitude_beam3,amplitude_beam3,,,AUX,counts,CP03ISSM,RID26,VELPT
CP03ISSM-RID26-04-VELPTA000,records_to_follow,records_to_follow,,,,1,CP03ISSM,RID26,VELPT
CP03ISSM-RID26-04-VELPTA000,cell_number_diagnostics,cell_number_diagnostics,,,,1,CP03ISSM,RID26,VELPT
CP03ISSM-RID26-04-VELPTA000,noise_amplitude_beam1,noise_amplitude_beam1,,,,counts,CP03ISSM,RID26,VELPT
CP03ISSM-RID26-04-VELPTA000,noise_amplitude_beam2,noise_amplitude_beam2,,,,counts,CP03ISSM,RID26,VELPT
CP03ISSM-RID26-04-VELPTA000,noise_amplitude_beam3,noise_amplitude_beam3,,,,counts,CP03ISSM,RID26,VELPT
CP03ISSM-RID26-04-VELPTA000,noise_amplitude_beam4,noise_amplitude_beam4,,,,counts,CP03ISSM,RID26,VELPT
CP03ISSM-RID26-04-VELPTA000,processing_magnitude_beam1,processing_magnitude_beam1,,,,1,CP03ISSM,RID26,VELPT
CP03ISSM-RID26-04-VELPTA000,processing_magnitude_beam2,processing_magnitude_beam2,,,,1,CP03ISSM,RID26,VELPT
CP03ISSM-RID26-04-VELPTA000,processing_magnitude_beam3,processing_magnitude_beam3,,,,1,CP03ISSM,RID26,VELPT
CP03ISSM-RID26-04-VELPTA000,processing_magnitude_beam4,processing_magnitude_beam4,,,,1,CP03ISSM,RID26,VELPT
CP03ISSM-RID26-04-VELPTA000,distance_beam1,distance_beam1,,,,1,CP03ISSM,RID26,VELPT
CP03ISSM-RID26-04-VELPTA000,distance_beam2,distance_beam2,,,,1,CP03ISSM,RID26,VELPT
CP03ISSM-RID26-04-VELPTA000,distance_beam3,distance_beam3,,,,1,CP03ISSM,RID26,VELPT
CP03ISSM-RID26-04-VELPTA000,distance_beam4,distance_beam4,,,,1,CP03ISSM,RID26,VELPT
CP03ISSM-RID26-04-VELPTA000,instrmt_type_serial_number,instrmt_type_serial_number,,,,1,CP03ISSM,RID26,VELPT
CP03ISSM-RID26-04-VELPTA000,pic_version,pic_version,,,,1,CP03ISSM,RID26,VELPT
CP03ISSM-RID26-04-VELPTA000,hardware_revision,hardware_revision,,,,1,CP03ISSM,RID26,VELPT
CP03ISSM-RID26-04-VELPTA000,recorder_size,recorder_size,,,,bytes,CP03ISSM,RID26,VELPT
CP03ISSM-RID26-04-VELPTA000,velocity_range,velocity_range,,,,1,CP03ISSM,RID26,VELPT
CP03ISSM-RID26-04-VELPTA000,pressure_sensor,pressure_sensor,,,,1,CP03ISSM,RID26,VELPT
CP03ISSM-RID26-04-VELPTA000,magnetometer_sensor,magnetometer_sensor,,,,1,CP03ISSM,RID26,VELPT
CP03ISSM-RID26-04-VELPTA000,tilt_sensor,tilt_sensor,,,,1,CP03ISSM,RID26,VELPT
CP03ISSM-RID26-04-VELPTA000,tilt_sensor_mounting,tilt_sensor_mounting,,,,1,CP03ISSM,RID26,VELPT
CP03ISSM-RID26-04-VELPTA000,head_frequency,head_frequency,,,,kHz,CP03ISSM,RID26,VELPT
CP03ISSM-RID26-04-VELPTA000,head_type,head_type,,,,1,CP03ISSM,RID26,VELPT
CP03ISSM-RID26-04-VELPTA000,head_serial_number,head_serial_number,,,,1,CP03ISSM,RID26,VELPT
CP03ISSM-RID26-04-VELPTA000,number_beams,number_beams,,,,1,CP03ISSM,RID26,VELPT
CP03ISSM-RID26-04-VELPTA000,transmit_pulse_length,transmit_pulse_length,,,,counts,CP03ISSM,RID26,VELPT
CP03ISSM-RID26-04-VELPTA000,blanking_distance,blanking_distance,,,,counts,CP03ISSM,RID26,VELPT
CP03ISSM-RID26-04-VELPTA000,receive_length,receive_length,,,,counts,CP03ISSM,RID26,VELPT
CP03ISSM-RID26-04-VELPTA000,time_between_pings,time_between_pings,,,,counts,CP03ISSM,RID26,VELPT
CP03ISSM-RID26-04-VELPTA000,time_between_bursts,time_between_bursts,,,,counts,CP03ISSM,RID26,VELPT
CP03ISSM-RID26-04-VELPTA000,average_interval,average_interval,,,,s,CP03ISSM,RID26,VELPT
CP03ISSM-RID26-04-VELPTA000,compass_update_rate,compass_update_rate,,,,Hz,CP03ISSM,RID26,VELPT
CP03ISSM-RID26-04-VELPTA000,coordinate_system,coordinate_system,,,,1,CP03ISSM,RID26,VELPT
CP03ISSM-RID26-04-VELPTA000,number_cells,number_cells,,,,1,CP03ISSM,RID26,VELPT
CP03ISSM-RID26-04-VELPTA000,measurement_interval,measurement_interval,,,,s,CP03ISSM,RID26,VELPT
CP03ISSM-RID26-04-VELPTA000,deployment_name,deployment_name,,,,1,CP03ISSM,RID26,VELPT
CP03ISSM-RID26-04-VELPTA000,diagnostics_interval,diagnostics_interval,,,,s,CP03ISSM,RID26,VELPT
CP03ISSM-RID26-04-VELPTA000,use_specified_sound_speed,use_specified_sound_speed,,,,1,CP03ISSM,RID26,VELPT
CP03ISSM-RID26-04-VELPTA000,diagnostics_mode_enable,diagnostics_mode_enable,,,,1,CP03ISSM,RID26,VELPT
CP03ISSM-RID26-04-VELPTA000,analog_output_enable,analog_output_enable,,,,1,CP03ISSM,RID26,VELPT
CP03ISSM-RID26-04-VELPTA000,output_format_nortek,output_format_nortek,,,,1,CP03ISSM,RID26,VELPT
CP03ISSM-RID26-04-VELPTA000,scaling,scaling,,,,1,CP03ISSM,RID26,VELPT
CP03ISSM-RID26-04-VELPTA000,serial_output_enable,serial_output_enable,,,,1,CP03ISSM,RID26,VELPT
CP03ISSM-RID26-04-VELPTA000,stage_enable,stage_enable,,,,1,CP03ISSM,RID26,VELPT
CP03ISSM-RID26-04-VELPTA000,analog_power_output,analog_power_output,,,,1,CP03ISSM,RID26,VELPT
CP03ISSM-RID26-04-VELPTA000,sound_speed_adjust_factor,sound_speed_adjust_factor,,,,m s-1,CP03ISSM,RID26,VELPT
CP03ISSM-RID26-04-VELPTA000,number_diagnostics_samples,number_diagnostics_samples,,,,1,CP03ISSM,RID26,VELPT
CP03ISSM-RID26-04-VELPTA000,number_pings_diagnostic,number_pings_diagnostic,,,,1,CP03ISSM,RID26,VELPT
CP03ISSM-RID26-04-VELPTA000,software_version,software_version,,,,1,CP03ISSM,RID26,VELPT
CP03ISSM-RID26-04-VELPTA000,correlation_threshold,correlation_threshold,,,,1,CP03ISSM,RID26,VELPT
CP03ISSM-RID26-04-VELPTA000,time,time,,,ENG,seconds since 1900-01-01,CP03ISSM,RID26,VELPT
CP03ISSM-RID26-04-VELPTA000,ingestion_timestamp,ingestion_timestamp,,,ENG,seconds since 1900-01-01,CP03ISSM,RID26,VELPT
CP03ISSM-RID26-04-VELPTA000,date_time_string,date_time_string,,,,1,CP03ISSM,RID26,VELPT
CP03ISSM-RID26-06-PHSEND000,driver_timestamp,driver_timestamp,,,ENG,seconds since 1900-01-01,CP03ISSM,RID26,PHSEN
CP03ISSM-RID26-06-PHSEND000,external_device2_fault,external_device2_fault,,,,1,CP03ISSM,RID26,PHSEN
CP03ISSM-RID26-06-PHSEND000,external_device3_fault,external_device3_fault,,,,1,CP03ISSM,RID26,PHSEN
CP03ISSM-RID26-06-PHSEND000,num_data_records,num_data_records,,,,1,CP03ISSM,RID26,PHSEN
CP03ISSM-RID26-06-PHSEND000,num_error_records,num_error_records,,,,1,CP03ISSM,RID26,PHSEN
CP03ISSM-RID26-06-PHSEND000,num_bytes_stored,num_bytes_stored,,,,bytes,CP03ISSM,RID26,PHSEN
CP03ISSM-RID26-06-PHSEND000,internal_timestamp,internal_timestamp,,,ENG,seconds since 1900-01-01,CP03ISSM,RID26,PHSEN
CP03ISSM-RID26-06-PHSEND000,preferred_timestamp,preferred_timestamp,,,ENG,1,CP03ISSM,RID26,PHSEN
CP03ISSM-RID26-06-PHSEND000,passed_checksum,passed_checksum,,,ENG,1,CP03ISSM,RID26,PHSEN
CP03ISSM-RID26-06-PHSEND000,dcl_controller_timestamp,dcl_controller_timestamp,,,ENG,1,CP03ISSM,RID26,PHSEN
CP03ISSM-RID26-06-PHSEND000,phsen_abcdef_ph_seawater,phsen_abcdef_ph_seawater,7.3,8.5,L1,(unitless),CP03ISSM,RID26,PHSEN
CP03ISSM-RID26-06-PHSEND000,battery_low_blank,battery_low_blank,,,,1,CP03ISSM,RID26,PHSEN
CP03ISSM-RID26-06-PHSEND000,unique_id,unique_id,,,,1,CP03ISSM,RID26,PHSEN
CP03ISSM-RID26-06-PHSEND000,record_type,record_type,,,,1,CP03ISSM,RID26,PHSEN
CP03ISSM-RID26-06-PHSEND000,record_time,record_time,,,,seconds since 1904-01-01,CP03ISSM,RID26,PHSEN
CP03ISSM-RID26-06-PHSEND000,light_measurements,light_measurements,,,,counts,CP03ISSM,RID26,PHSEN
CP03ISSM-RID26-06-PHSEND000,voltage_battery,voltage_battery,,,,counts,CP03ISSM,RID26,PHSEN
CP03ISSM-RID26-06-PHSEND000,clock_active,clock_active,,,,1,CP03ISSM,RID26,PHSEN
CP03ISSM-RID26-06-PHSEND000,recording_active,recording_active,,,,1,CP03ISSM,RID26,PHSEN
CP03ISSM-RID26-06-PHSEND000,record_end_on_time,record_end_on_time,,,,1,CP03ISSM,RID26,PHSEN
CP03ISSM-RID26-06-PHSEND000,record_memory_full,record_memory_full,,,,1,CP03ISSM,RID26,PHSEN
CP03ISSM-RID26-06-PHSEND000,phsen_abcdef_signal_intensity_434,phsen_abcdef_signal_intensity_434,,,L0,counts,CP03ISSM,RID26,PHSEN
CP03ISSM-RID26-06-PHSEND000,phsen_abcdef_signal_intensity_578,phsen_abcdef_signal_intensity_578,,,L0,counts,CP03ISSM,RID26,PHSEN
CP03ISSM-RID26-06-PHSEND000,record_end_on_error,record_end_on_error,,,,1,CP03ISSM,RID26,PHSEN
CP03ISSM-RID26-06-PHSEND000,data_download_ok,data_download_ok,,,,1,CP03ISSM,RID26,PHSEN
CP03ISSM-RID26-06-PHSEND000,flash_memory_open,flash_memory_open,,,,1,CP03ISSM,RID26,PHSEN
CP03ISSM-RID26-06-PHSEND000,battery_low_prestart,battery_low_prestart,,,,1,CP03ISSM,RID26,PHSEN
CP03ISSM-RID26-06-PHSEND000,battery_low_measurement,battery_low_measurement,,,,1,CP03ISSM,RID26,PHSEN
CP03ISSM-RID26-06-PHSEND000,battery_low_external,battery_low_external,,,,1,CP03ISSM,RID26,PHSEN
CP03ISSM-RID26-06-PHSEND000,external_device1_fault,external_device1_fault,,,,1,CP03ISSM,RID26,PHSEN
CP03ISSM-RID26-06-PHSEND000,flash_erased,flash_erased,,,,1,CP03ISSM,RID26,PHSEN
CP03ISSM-RID26-06-PHSEND000,power_on_invalid,power_on_invalid,,,,1,CP03ISSM,RID26,PHSEN
CP03ISSM-RID26-06-PHSEND000,time,time,,,ENG,seconds since 1900-01-01,CP03ISSM,RID26,PHSEN
CP03ISSM-RID26-06-PHSEND000,ingestion_timestamp,ingestion_timestamp,,,ENG,seconds since 1900-01-01,CP03ISSM,RID26,PHSEN
CP03ISSM-RID26-06-PHSEND000,thermistor_start,thermistor_start,,,,counts,CP03ISSM,RID26,PHSEN
CP03ISSM-RID26-06-PHSEND000,reference_light_measurements,reference_light_measurements,,,,counts,CP03ISSM,RID26,PHSEN
CP03ISSM-RID26-06-PHSEND000,thermistor_end,thermistor_end,,,,counts,CP03ISSM,RID26,PHSEN
CP03ISSM-RID26-06-PHSEND000,phsen_thermistor_temperature,phsen_thermistor_temperature,,,L0,V,CP03ISSM,RID26,PHSEN
CP03ISSM-RID26-07-NUTNRB000,Not in Preload,Not in Preload,,,,,CP03ISSM,RID26,NUTNR
CP03ISSM-RID26-07-NUTNRB000,driver_timestamp,driver_timestamp,,,ENG,seconds since 1900-01-01,CP03ISSM,RID26,NUTNR
CP03ISSM-RID26-07-NUTNRB000,firmware_version,firmware_version,,,,1,CP03ISSM,RID26,NUTNR
CP03ISSM-RID26-07-NUTNRB000,internal_timestamp,internal_timestamp,,,ENG,seconds since 1900-01-01,CP03ISSM,RID26,NUTNR
CP03ISSM-RID26-07-NUTNRB000,preferred_timestamp,preferred_timestamp,,,ENG,1,CP03ISSM,RID26,NUTNR
CP03ISSM-RID26-07-NUTNRB000,dcl_controller_timestamp,dcl_controller_timestamp,,,ENG,1,CP03ISSM,RID26,NUTNR
CP03ISSM-RID26-07-NUTNRB000,startup_time_string,startup_time_string,,,,1,CP03ISSM,RID26,NUTNR
CP03ISSM-RID26-07-NUTNRB000,nutnr_b_temp_sal_corrected_nitrate,nutnr_b_temp_sal_corrected_nitrate,0,40,L2,umol L-1,CP03ISSM,RID26,NUTNR
CP03ISSM-RID26-07-NUTNRB000,firmware_date,firmware_date,,,,1,CP03ISSM,RID26,NUTNR
CP03ISSM-RID26-07-NUTNRB000,frame_header,frame_header,,,,1,CP03ISSM,RID26,NUTNR
CP03ISSM-RID26-07-NUTNRB000,frame_type,frame_type,,,,1,CP03ISSM,RID26,NUTNR
CP03ISSM-RID26-07-NUTNRB000,serial_number,serial_number,,,ENG,1,CP03ISSM,RID26,NUTNR
CP03ISSM-RID26-07-NUTNRB000,date_of_sample,date_of_sample,,,AUX,1,CP03ISSM,RID26,NUTNR
CP03ISSM-RID26-07-NUTNRB000,time_of_sample,time_of_sample,,,AUX,h,CP03ISSM,RID26,NUTNR
CP03ISSM-RID26-07-NUTNRB000,nitrate_concentration,nitrate_concentration,0,40,L1,umol L-1,CP03ISSM,RID26,NUTNR
CP03ISSM-RID26-07-NUTNRB000,aux_fitting_1,aux_fitting_1,,,AUX,1,CP03ISSM,RID26,NUTNR
CP03ISSM-RID26-07-NUTNRB000,aux_fitting_2,aux_fitting_2,,,AUX,1,CP03ISSM,RID26,NUTNR
CP03ISSM-RID26-07-NUTNRB000,aux_fitting_3,aux_fitting_3,,,AUX,1,CP03ISSM,RID26,NUTNR
CP03ISSM-RID26-07-NUTNRB000,rms_error,rms_error,,,AUX,umol L-1,CP03ISSM,RID26,NUTNR
CP03ISSM-RID26-07-NUTNRB000,temp_interior,temp_interior,,,AUX,deg_C,CP03ISSM,RID26,NUTNR
CP03ISSM-RID26-07-NUTNRB000,temp_spectrometer,temp_spectrometer,,,AUX,deg_C,CP03ISSM,RID26,NUTNR
CP03ISSM-RID26-07-NUTNRB000,temp_lamp,temp_lamp,,,AUX,deg_C,CP03ISSM,RID26,NUTNR
CP03ISSM-RID26-07-NUTNRB000,humidity,humidity,,,AUX,%,CP03ISSM,RID26,NUTNR
CP03ISSM-RID26-07-NUTNRB000,voltage_lamp,voltage_lamp,,,AUX,V,CP03ISSM,RID26,NUTNR
CP03ISSM-RID26-07-NUTNRB000,voltage_analog,voltage_analog,,,AUX,V,CP03ISSM,RID26,NUTNR
CP03ISSM-RID26-07-NUTNRB000,voltage_main,voltage_main,,,AUX,V,CP03ISSM,RID26,NUTNR
CP03ISSM-RID26-07-NUTNRB000,ref_channel_average,ref_channel_average,,,,counts,CP03ISSM,RID26,NUTNR
CP03ISSM-RID26-07-NUTNRB000,ref_channel_variance,ref_channel_variance,,,,1,CP03ISSM,RID26,NUTNR
CP03ISSM-RID26-07-NUTNRB000,sea_water_dark,sea_water_dark,,,AUX,counts,CP03ISSM,RID26,NUTNR
CP03ISSM-RID26-07-NUTNRB000,spec_channel_average,spec_channel_average,,,,counts,CP03ISSM,RID26,NUTNR
CP03ISSM-RID26-07-NUTNRB000,spectral_channels,spectral_channels,,,L0,counts,CP03ISSM,RID26,NUTNR
CP03ISSM-RID26-07-NUTNRB000,startup_time,startup_time,,,,seconds since 1970-01-01,CP03ISSM,RID26,NUTNR
CP03ISSM-RID26-07-NUTNRB000,lamp_time,lamp_time,,,AUX,s,CP03ISSM,RID26,NUTNR
CP03ISSM-RID26-07-NUTNRB000,spec_on_time,spec_on_time,,,,seconds since 1970-01-01,CP03ISSM,RID26,NUTNR
CP03ISSM-RID26-07-NUTNRB000,spec_powered_time,spec_powered_time,,,,seconds since 1970-01-01,CP03ISSM,RID26,NUTNR
CP03ISSM-RID26-07-NUTNRB000,lamp_on_time,lamp_on_time,,,,seconds since 1970-01-01,CP03ISSM,RID26,NUTNR
CP03ISSM-RID26-07-NUTNRB000,lamp_powered_time,lamp_powered_time,,,,seconds since 1970-01-01,CP03ISSM,RID26,NUTNR
CP03ISSM-RID26-07-NUTNRB000,data_log_file,data_log_file,,,,1,CP03ISSM,RID26,NUTNR
CP03ISSM-RID26-07-NUTNRB000,dark_frame_spectral_channels,dark_frame_spectral_channels,,,AUX,counts,CP03ISSM,RID26,NUTNR
CP03ISSM-RID26-07-NUTNRB000,time,time,,,ENG,seconds since 1900-01-01,CP03ISSM,RID26,NUTNR
CP03ISSM-RID26-07-NUTNRB000,ingestion_timestamp,ingestion_timestamp,,,ENG,seconds since 1900-01-01,CP03ISSM,RID26,NUTNR
CP03ISSM-RID26-08-SPKIRB000,instrument_id,instrument_id,,,ENG,1,CP03ISSM,RID26,SPKIR
CP03ISSM-RID26-08-SPKIRB000,timer,timer,,,ENG,s,CP03ISSM,RID26,SPKIR
CP03ISSM-RID26-08-SPKIRB000,sample_delay,sample_delay,,,ENG,ms,CP03ISSM,RID26,SPKIR
CP03ISSM-RID26-08-SPKIRB000,driver_timestamp,driver_timestamp,,,ENG,seconds since 1900-01-01,CP03ISSM,RID26,SPKIR
CP03ISSM-RID26-08-SPKIRB000,vin_sense,vin_sense,,,ENG,counts,CP03ISSM,RID26,SPKIR
CP03ISSM-RID26-08-SPKIRB000,va_sense,va_sense,,,ENG,counts,CP03ISSM,RID26,SPKIR
CP03ISSM-RID26-08-SPKIRB000,internal_temperature,internal_temperature,,,AUX,counts,CP03ISSM,RID26,SPKIR
CP03ISSM-RID26-08-SPKIRB000,frame_counter,frame_counter,,,ENG,counts,CP03ISSM,RID26,SPKIR
CP03ISSM-RID26-08-SPKIRB000,internal_timestamp,internal_timestamp,,,ENG,seconds since 1900-01-01,CP03ISSM,RID26,SPKIR
CP03ISSM-RID26-08-SPKIRB000,preferred_timestamp,preferred_timestamp,,,ENG,1,CP03ISSM,RID26,SPKIR
CP03ISSM-RID26-08-SPKIRB000,passed_checksum,passed_checksum,,,ENG,1,CP03ISSM,RID26,SPKIR
CP03ISSM-RID26-08-SPKIRB000,channel_array,channel_array,,,L0,counts,CP03ISSM,RID26,SPKIR
CP03ISSM-RID26-08-SPKIRB000,dcl_controller_timestamp,dcl_controller_timestamp,,,ENG,1,CP03ISSM,RID26,SPKIR
CP03ISSM-RID26-08-SPKIRB000,spkir_abj_cspp_downwelling_vector,spkir_abj_cspp_downwelling_vector,0,300,L1,uW cm-2 nm-1,CP03ISSM,RID26,SPKIR
CP03ISSM-RID26-08-SPKIRB000,serial_number,serial_number,,,ENG,1,CP03ISSM,RID26,SPKIR
CP03ISSM-RID26-08-SPKIRB000,time,time,,,ENG,seconds since 1900-01-01,CP03ISSM,RID26,SPKIR
CP03ISSM-RID26-08-SPKIRB000,ingestion_timestamp,ingestion_timestamp,,,ENG,seconds since 1900-01-01,CP03ISSM,RID26,SPKIR
CP03ISSM-RID27-01-OPTAAD000,driver_timestamp,driver_timestamp,,,ENG,seconds since 1900-01-01,CP03ISSM,RID27,OPTAA
CP03ISSM-RID27-01-OPTAAD000,internal_timestamp,internal_timestamp,,,ENG,seconds since 1900-01-01,CP03ISSM,RID27,OPTAA
CP03ISSM-RID27-01-OPTAAD000,preferred_timestamp,preferred_timestamp,,,ENG,1,CP03ISSM,RID27,OPTAA
CP03ISSM-RID27-01-OPTAAD000,start_date,start_date,,,,1,CP03ISSM,RID27,OPTAA
CP03ISSM-RID27-01-OPTAAD000,serial_number,serial_number,,,ENG,1,CP03ISSM,RID27,OPTAA
CP03ISSM-RID27-01-OPTAAD000,optaa_dj_dcl_beam_attenuation,optaa_dj_dcl_beam_attenuation,0,100,L2,m-1,CP03ISSM,RID27,OPTAA
CP03ISSM-RID27-01-OPTAAD000,optaa_dj_dcl_optical_absorption,optaa_dj_dcl_optical_absorption,0,100,L2,m-1,CP03ISSM,RID27,OPTAA
CP03ISSM-RID27-01-OPTAAD000,packet_type,packet_type,,,,1,CP03ISSM,RID27,OPTAA
CP03ISSM-RID27-01-OPTAAD000,meter_type,meter_type,,,,1,CP03ISSM,RID27,OPTAA
CP03ISSM-RID27-01-OPTAAD000,a_reference_dark_counts,a_reference_dark_counts,,,,counts,CP03ISSM,RID27,OPTAA
CP03ISSM-RID27-01-OPTAAD000,pressure_counts,pressure_counts,,,,counts,CP03ISSM,RID27,OPTAA
CP03ISSM-RID27-01-OPTAAD000,a_signal_dark_counts,a_signal_dark_counts,,,,counts,CP03ISSM,RID27,OPTAA
CP03ISSM-RID27-01-OPTAAD000,external_temp_raw,external_temp_raw,,,,counts,CP03ISSM,RID27,OPTAA
CP03ISSM-RID27-01-OPTAAD000,internal_temp_raw,internal_temp_raw,,,L0,counts,CP03ISSM,RID27,OPTAA
CP03ISSM-RID27-01-OPTAAD000,c_reference_dark_counts,c_reference_dark_counts,,,,counts,CP03ISSM,RID27,OPTAA
CP03ISSM-RID27-01-OPTAAD000,c_signal_dark_counts,c_signal_dark_counts,,,,counts,CP03ISSM,RID27,OPTAA
CP03ISSM-RID27-01-OPTAAD000,elapsed_run_time,elapsed_run_time,,,,ms,CP03ISSM,RID27,OPTAA
CP03ISSM-RID27-01-OPTAAD000,num_wavelengths,num_wavelengths,,,,1,CP03ISSM,RID27,OPTAA
CP03ISSM-RID27-01-OPTAAD000,c_reference_counts,c_reference_counts,,,L0,counts,CP03ISSM,RID27,OPTAA
CP03ISSM-RID27-01-OPTAAD000,a_reference_counts,a_reference_counts,,,L0,counts,CP03ISSM,RID27,OPTAA
CP03ISSM-RID27-01-OPTAAD000,c_signal_counts,c_signal_counts,,,L0,counts,CP03ISSM,RID27,OPTAA
CP03ISSM-RID27-01-OPTAAD000,a_signal_counts,a_signal_counts,,,L0,counts,CP03ISSM,RID27,OPTAA
CP03ISSM-RID27-01-OPTAAD000,time,time,,,ENG,seconds since 1900-01-01,CP03ISSM,RID27,OPTAA
CP03ISSM-RID27-01-OPTAAD000,ingestion_timestamp,ingestion_timestamp,,,ENG,seconds since 1900-01-01,CP03ISSM,RID27,OPTAA
CP03ISSM-RID27-02-FLORTD000,driver_timestamp,driver_timestamp,,,ENG,seconds since 1900-01-01,CP03ISSM,RID27,FLORT
CP03ISSM-RID27-02-FLORTD000,date_string,date_string,,,ENG,1,CP03ISSM,RID27,FLORT
CP03ISSM-RID27-02-FLORTD000,time_string,time_string,,,ENG,1,CP03ISSM,RID27,FLORT
CP03ISSM-RID27-02-FLORTD000,measurement_wavelength_beta,measurement_wavelength_beta,,,,nm,CP03ISSM,RID27,FLORT
CP03ISSM-RID27-02-FLORTD000,raw_signal_beta,raw_signal_beta,,,L0,counts,CP03ISSM,RID27,FLORT
CP03ISSM-RID27-02-FLORTD000,measurement_wavelength_chl,measurement_wavelength_chl,,,,nm,CP03ISSM,RID27,FLORT
CP03ISSM-RID27-02-FLORTD000,raw_signal_chl,raw_signal_chl,,,L0,counts,CP03ISSM,RID27,FLORT
CP03ISSM-RID27-02-FLORTD000,measurement_wavelength_cdom,measurement_wavelength_cdom,,,,nm,CP03ISSM,RID27,FLORT
CP03ISSM-RID27-02-FLORTD000,raw_signal_cdom,raw_signal_cdom,,,L0,counts,CP03ISSM,RID27,FLORT
CP03ISSM-RID27-02-FLORTD000,raw_internal_temp,raw_internal_temp,,,,counts,CP03ISSM,RID27,FLORT
CP03ISSM-RID27-02-FLORTD000,internal_timestamp,internal_timestamp,,,ENG,seconds since 1900-01-01,CP03ISSM,RID27,FLORT
CP03ISSM-RID27-02-FLORTD000,preferred_timestamp,preferred_timestamp,,,ENG,1,CP03ISSM,RID27,FLORT
CP03ISSM-RID27-02-FLORTD000,flort_k_total_volume_scattering_coefficient,flort_k_total_volume_scattering_coefficient,,,L1,m-1 sr-1,CP03ISSM,RID27,FLORT
CP03ISSM-RID27-02-FLORTD000,fluorometric_chlorophyll_a,fluorometric_chlorophyll_a,0,50,L1,ug L-1,CP03ISSM,RID27,FLORT
CP03ISSM-RID27-02-FLORTD000,fluorometric_cdom,fluorometric_cdom,0,375,L1,ppb,CP03ISSM,RID27,FLORT
CP03ISSM-RID27-02-FLORTD000,dcl_controller_timestamp,dcl_controller_timestamp,,,ENG,1,CP03ISSM,RID27,FLORT
CP03ISSM-RID27-02-FLORTD000,flort_dj_dcl_bback_total,flort_dj_dcl_bback_total,0.0003,1,L2,m-1,CP03ISSM,RID27,FLORT
CP03ISSM-RID27-02-FLORTD000,flort_d_dcl_ctdbp_scat_seawater,flort_d_dcl_ctdbp_scat_seawater,,,AUX,m-1,CP03ISSM,RID27,FLORT
CP03ISSM-RID27-02-FLORTD000,time,time,,,ENG,seconds since 1900-01-01,CP03ISSM,RID27,FLORT
CP03ISSM-RID27-02-FLORTD000,ingestion_timestamp,ingestion_timestamp,,,ENG,seconds since 1900-01-01,CP03ISSM,RID27,FLORT
CP03ISSM-RID27-03-CTDBPC000,conductivity,conductivity,0,6,L1,S m-1,CP03ISSM,RID27,CTDBP
CP03ISSM-RID27-03-CTDBPC000,driver_timestamp,driver_timestamp,,,ENG,seconds since 1900-01-01,CP03ISSM,RID27,CTDBP
CP03ISSM-RID27-03-CTDBPC000,internal_timestamp,internal_timestamp,,,ENG,seconds since 1900-01-01,CP03ISSM,RID27,CTDBP
CP03ISSM-RID27-03-CTDBPC000,preferred_timestamp,preferred_timestamp,,,ENG,1,CP03ISSM,RID27,CTDBP
CP03ISSM-RID27-03-CTDBPC000,temperature,temperature,,,L0,counts,CP03ISSM,RID27,CTDBP
CP03ISSM-RID27-03-CTDBPC000,conductivity,conductivity,,,L0,counts,CP03ISSM,RID27,CTDBP
CP03ISSM-RID27-03-CTDBPC000,pressure,pressure,,,L0,counts,CP03ISSM,RID27,CTDBP
CP03ISSM-RID27-03-CTDBPC000,pressure_temp,pressure_temp,,,L0,counts,CP03ISSM,RID27,CTDBP
CP03ISSM-RID27-03-CTDBPC000,ctd_time,ctd_time,,,ENG,seconds since 2000-01-01,CP03ISSM,RID27,CTDBP
CP03ISSM-RID27-03-CTDBPC000,pressure,pressure,0,6000,L1,dbar,CP03ISSM,RID27,CTDBP
CP03ISSM-RID27-03-CTDBPC000,dcl_controller_timestamp,dcl_controller_timestamp,,,ENG,1,CP03ISSM,RID27,CTDBP
CP03ISSM-RID27-03-CTDBPC000,ctdbp_seawater_temperature,ctdbp_seawater_temperature,-2,40,L1,deg_C,CP03ISSM,RID27,CTDBP
CP03ISSM-RID27-03-CTDBPC000,ctdbp_seawater_pressure,ctdbp_seawater_pressure,0,6000,L1,dbar,CP03ISSM,RID27,CTDBP
CP03ISSM-RID27-03-CTDBPC000,ctdbp_seawater_conductivity,ctdbp_seawater_conductivity,0,6,L1,S m-1,CP03ISSM,RID27,CTDBP
CP03ISSM-RID27-03-CTDBPC000,ctdbp_practical_salinity,ctdbp_practical_salinity,0,42,L2,1,CP03ISSM,RID27,CTDBP
CP03ISSM-RID27-03-CTDBPC000,ctdbp_seawater_density,ctdbp_seawater_density,1000,1100,L2,kg m-3,CP03ISSM,RID27,CTDBP
CP03ISSM-RID27-03-CTDBPC000,ctdbp_cdef_dcl_ce_density,ctdbp_cdef_dcl_ce_density,1000,1100,L2,kg m-3,CP03ISSM,RID27,CTDBP
CP03ISSM-RID27-03-CTDBPC000,temp,temp,-2,40,L1,deg_C,CP03ISSM,RID27,CTDBP
CP03ISSM-RID27-03-CTDBPC000,time,time,,,ENG,seconds since 1900-01-01,CP03ISSM,RID27,CTDBP
CP03ISSM-RID27-03-CTDBPC000,ingestion_timestamp,ingestion_timestamp,,,ENG,seconds since 1900-01-01,CP03ISSM,RID27,CTDBP
CP03ISSM-RID27-03-CTDBPC000,salinity,salinity,0,42,L2,(unitless),CP03ISSM,RID27,CTDBP
CP03ISSM-RID27-03-CTDBPC000,date_time_string,date_time_string,,,,1,CP03ISSM,RID27,CTDBP
CP03ISSM-RID27-04-DOSTAD000,product_number,product_number,,,,1,CP03ISSM,RID27,DOSTA
CP03ISSM-RID27-04-DOSTAD000,driver_timestamp,driver_timestamp,,,ENG,seconds since 1900-01-01,CP03ISSM,RID27,DOSTA
CP03ISSM-RID27-04-DOSTAD000,internal_timestamp,internal_timestamp,,,ENG,seconds since 1900-01-01,CP03ISSM,RID27,DOSTA
CP03ISSM-RID27-04-DOSTAD000,preferred_timestamp,preferred_timestamp,,,ENG,1,CP03ISSM,RID27,DOSTA
CP03ISSM-RID27-04-DOSTAD000,dcl_controller_timestamp,dcl_controller_timestamp,,,ENG,1,CP03ISSM,RID27,DOSTA
CP03ISSM-RID27-04-DOSTAD000,dosta_abcdjm_cspp_tc_oxygen,dosta_abcdjm_cspp_tc_oxygen,0,400,L1,umol L-1,CP03ISSM,RID27,DOSTA
CP03ISSM-RID27-04-DOSTAD000,serial_number,serial_number,,,ENG,1,CP03ISSM,RID27,DOSTA
CP03ISSM-RID27-04-DOSTAD000,dosta_abcdjm_dcl_abs_oxygen,dosta_abcdjm_dcl_abs_oxygen,0,400,L2,umol kg-1,CP03ISSM,RID27,DOSTA
CP03ISSM-RID27-04-DOSTAD000,dosta_abcdjm_dcl_metbk_abs_oxygen,dosta_abcdjm_dcl_metbk_abs_oxygen,0,400,L2,umol kg-1,CP03ISSM,RID27,DOSTA
CP03ISSM-RID27-04-DOSTAD000,dosta_abcdjm_dcl_ctdbp_abs_oxygen,dosta_abcdjm_dcl_ctdbp_abs_oxygen,0,400,L2,umol kg-1,CP03ISSM,RID27,DOSTA
CP03ISSM-RID27-04-DOSTAD000,time,time,,,ENG,seconds since 1900-01-01,CP03ISSM,RID27,DOSTA
CP03ISSM-RID27-04-DOSTAD000,ingestion_timestamp,ingestion_timestamp,,,ENG,seconds since 1900-01-01,CP03ISSM,RID27,DOSTA
CP03ISSM-RID27-04-DOSTAD000,estimated_oxygen_concentration,estimated_oxygen_concentration,0,400,L1,umol L-1,CP03ISSM,RID27,DOSTA
CP03ISSM-RID27-04-DOSTAD000,estimated_oxygen_saturation,estimated_oxygen_saturation,0,110,L1,percent,CP03ISSM,RID27,DOSTA
CP03ISSM-RID27-04-DOSTAD000,optode_temperature,optode_temperature,-2,40,,deg_C,CP03ISSM,RID27,DOSTA
CP03ISSM-RID27-04-DOSTAD000,calibrated_phase,calibrated_phase,,,L0,degrees,CP03ISSM,RID27,DOSTA
CP03ISSM-RID27-04-DOSTAD000,temp_compensated_phase,temp_compensated_phase,,,,degrees,CP03ISSM,RID27,DOSTA
CP03ISSM-RID27-04-DOSTAD000,blue_phase,blue_phase,,,,degrees,CP03ISSM,RID27,DOSTA
CP03ISSM-RID27-04-DOSTAD000,red_phase,red_phase,,,,degrees,CP03ISSM,RID27,DOSTA
CP03ISSM-RID27-04-DOSTAD000,blue_amplitude,blue_amplitude,,,,mV,CP03ISSM,RID27,DOSTA
CP03ISSM-RID27-04-DOSTAD000,red_amplitude,red_amplitude,,,,mV,CP03ISSM,RID27,DOSTA
CP03ISSM-RID27-04-DOSTAD000,raw_temperature,raw_temperature,,,,mV,CP03ISSM,RID27,DOSTA
CP03ISSM-SBD11-01-MOPAK0000,driver_timestamp,driver_timestamp,,,ENG,seconds since 1900-01-01,CP03ISSM,SBD11,MOPAK
CP03ISSM-SBD11-01-MOPAK0000,internal_timestamp,internal_timestamp,,,ENG,seconds since 1900-01-01,CP03ISSM,SBD11,MOPAK
CP03ISSM-SBD11-01-MOPAK0000,mopak_accelx,mopak_accelx,,,ENG,g0,CP03ISSM,SBD11,MOPAK
CP03ISSM-SBD11-01-MOPAK0000,mopak_accely,mopak_accely,,,ENG,g0,CP03ISSM,SBD11,MOPAK
CP03ISSM-SBD11-01-MOPAK0000,mopak_accelz,mopak_accelz,,,ENG,g0,CP03ISSM,SBD11,MOPAK
CP03ISSM-SBD11-01-MOPAK0000,mopak_ang_ratex,mopak_ang_ratex,,,ENG,rad s-1,CP03ISSM,SBD11,MOPAK
CP03ISSM-SBD11-01-MOPAK0000,mopak_ang_ratey,mopak_ang_ratey,,,ENG,rad s-1,CP03ISSM,SBD11,MOPAK
CP03ISSM-SBD11-01-MOPAK0000,preferred_timestamp,preferred_timestamp,,,ENG,1,CP03ISSM,SBD11,MOPAK
CP03ISSM-SBD11-01-MOPAK0000,mopak_ang_ratez,mopak_ang_ratez,,,ENG,rad s-1,CP03ISSM,SBD11,MOPAK
CP03ISSM-SBD11-01-MOPAK0000,mopak_magx,mopak_magx,,,ENG,Gs,CP03ISSM,SBD11,MOPAK
CP03ISSM-SBD11-01-MOPAK0000,mopak_magy,mopak_magy,,,ENG,Gs,CP03ISSM,SBD11,MOPAK
CP03ISSM-SBD11-01-MOPAK0000,mopak_magz,mopak_magz,,,ENG,Gs,CP03ISSM,SBD11,MOPAK
CP03ISSM-SBD11-01-MOPAK0000,mopak_timer,mopak_timer,,,ENG,counts,CP03ISSM,SBD11,MOPAK
CP03ISSM-SBD11-01-MOPAK0000,mopak_roll,mopak_roll,,,ENG,degrees,CP03ISSM,SBD11,MOPAK
CP03ISSM-SBD11-01-MOPAK0000,mopak_pitch,mopak_pitch,,,ENG,degrees,CP03ISSM,SBD11,MOPAK
CP03ISSM-SBD11-01-MOPAK0000,mopak_yaw,mopak_yaw,,,ENG,degrees,CP03ISSM,SBD11,MOPAK
CP03ISSM-SBD11-01-MOPAK0000,time,time,,,ENG,seconds since 1900-01-01,CP03ISSM,SBD11,MOPAK
CP03ISSM-SBD11-01-MOPAK0000,ingestion_timestamp,ingestion_timestamp,,,ENG,seconds since 1900-01-01,CP03ISSM,SBD11,MOPAK
CP03ISSM-SBD11-02-HYDGN0000,driver_timestamp,driver_timestamp,,,ENG,seconds since 1900-01-01,CP03ISSM,SBD11,HYDGN
CP03ISSM-SBD11-02-HYDGN0000,internal_timestamp,internal_timestamp,,,ENG,seconds since 1900-01-01,CP03ISSM,SBD11,HYDGN
CP03ISSM-SBD11-02-HYDGN0000,preferred_timestamp,preferred_timestamp,,,ENG,1,CP03ISSM,SBD11,HYDGN
CP03ISSM-SBD11-02-HYDGN0000,dcl_controller_timestamp,dcl_controller_timestamp,,,ENG,1,CP03ISSM,SBD11,HYDGN
CP03ISSM-SBD11-02-HYDGN0000,hyd_raw,hyd_raw,,,AUX,counts,CP03ISSM,SBD11,HYDGN
CP03ISSM-SBD11-02-HYDGN0000,hyd_percent,hyd_percent,,,AUX,Percentage,CP03ISSM,SBD11,HYDGN
CP03ISSM-SBD11-02-HYDGN0000,time,time,,,ENG,seconds since 1900-01-01,CP03ISSM,SBD11,HYDGN
CP03ISSM-SBD11-02-HYDGN0000,ingestion_timestamp,ingestion_timestamp,,,ENG,seconds since 1900-01-01,CP03ISSM,SBD11,HYDGN
CP03ISSM-SBD11-06-METBKA000,port_timestamp,port_timestamp,,,ENG,seconds since 1900-01-01,CP03ISSM,SBD11,METBK
CP03ISSM-SBD11-06-METBKA000,barometric_pressure,barometric_pressure,,,L0,mbar,CP03ISSM,SBD11,METBK
CP03ISSM-SBD11-06-METBKA000,relative_humidity,relative_humidity,0,100,L1,%,CP03ISSM,SBD11,METBK
CP03ISSM-SBD11-06-METBKA000,air_temperature,air_temperature,-50,50,L1,deg_C,CP03ISSM,SBD11,METBK
CP03ISSM-SBD11-06-METBKA000,longwave_irradiance,longwave_irradiance,200,500,L1,W m-2,CP03ISSM,SBD11,METBK
CP03ISSM-SBD11-06-METBKA000,precipitation,precipitation,0,50,L1,mm,CP03ISSM,SBD11,METBK
CP03ISSM-SBD11-06-METBKA000,sea_surface_temperature,sea_surface_temperature,-2,40,L1,deg_C,CP03ISSM,SBD11,METBK
CP03ISSM-SBD11-06-METBKA000,sea_surface_conductivity,sea_surface_conductivity,0,6,L1,S m-1,CP03ISSM,SBD11,METBK
CP03ISSM-SBD11-06-METBKA000,shortwave_irradiance,shortwave_irradiance,0,1000,L1,W m-2,CP03ISSM,SBD11,METBK
CP03ISSM-SBD11-06-METBKA000,eastward_wind_velocity,eastward_wind_velocity,-10,10,L0,m s-1,CP03ISSM,SBD11,METBK
CP03ISSM-SBD11-06-METBKA000,northward_wind_velocity,northward_wind_velocity,-10,10,L0,m s-1,CP03ISSM,SBD11,METBK
CP03ISSM-SBD11-06-METBKA000,driver_timestamp,driver_timestamp,,,ENG,seconds since 1900-01-01,CP03ISSM,SBD11,METBK
CP03ISSM-SBD11-06-METBKA000,internal_timestamp,internal_timestamp,,,ENG,seconds since 1900-01-01,CP03ISSM,SBD11,METBK
CP03ISSM-SBD11-06-METBKA000,preferred_timestamp,preferred_timestamp,,,ENG,1,CP03ISSM,SBD11,METBK
CP03ISSM-SBD11-06-METBKA000,dcl_controller_timestamp,dcl_controller_timestamp,,,ENG,1,CP03ISSM,SBD11,METBK
CP03ISSM-SBD11-06-METBKA000,met_barpres,met_barpres,87000,108330,L1,Pa,CP03ISSM,SBD11,METBK
CP03ISSM-SBD11-06-METBKA000,met_windavg_mag_corr_east,met_windavg_mag_corr_east,-33,33,L1,m s-1,CP03ISSM,SBD11,METBK
CP03ISSM-SBD11-06-METBKA000,met_windavg_mag_corr_north,met_windavg_mag_corr_north,-33,33,L1,m s-1,CP03ISSM,SBD11,METBK
CP03ISSM-SBD11-06-METBKA000,met_current_direction,met_current_direction,0,360,L1,degrees,CP03ISSM,SBD11,METBK
CP03ISSM-SBD11-06-METBKA000,met_current_speed,met_current_speed,-3,3,L1,m s-1,CP03ISSM,SBD11,METBK
CP03ISSM-SBD11-06-METBKA000,met_relwind_direction,met_relwind_direction,0,360,L1,degrees,CP03ISSM,SBD11,METBK
CP03ISSM-SBD11-06-METBKA000,met_relwind_speed,met_relwind_speed,-33,33,L1,m s-1,CP03ISSM,SBD11,METBK
CP03ISSM-SBD11-06-METBKA000,met_timeflx,met_timeflx,,,L1,seconds since 01-01-1900,CP03ISSM,SBD11,METBK
CP03ISSM-SBD11-06-METBKA000,met_netsirr,met_netsirr,0,500,L1,W m-2,CP03ISSM,SBD11,METBK
CP03ISSM-SBD11-06-METBKA000,met_rainrte,met_rainrte,0,50,L2,mm hr-1,CP03ISSM,SBD11,METBK
CP03ISSM-SBD11-06-METBKA000,met_salsurf,met_salsurf,0,42,L2,1,CP03ISSM,SBD11,METBK
CP03ISSM-SBD11-06-METBKA000,met_spechum,met_spechum,0,47,L2,g kg-1,CP03ISSM,SBD11,METBK
CP03ISSM-SBD11-06-METBKA000,met_buoyfls,met_buoyfls,,,L2,W m-2,CP03ISSM,SBD11,METBK
CP03ISSM-SBD11-06-METBKA000,met_buoyflx,met_buoyflx,,,L2,W m-2,CP03ISSM,SBD11,METBK
CP03ISSM-SBD11-06-METBKA000,met_frshflx,met_frshflx,,,L2,mm hr-1,CP03ISSM,SBD11,METBK
CP03ISSM-SBD11-06-METBKA000,met_heatflx,met_heatflx,,,L2,W m-2,CP03ISSM,SBD11,METBK
CP03ISSM-SBD11-06-METBKA000,met_latnflx,met_latnflx,,,L2,W m-2,CP03ISSM,SBD11,METBK
CP03ISSM-SBD11-06-METBKA000,met_mommflx,met_mommflx,,,L2,N m-2,CP03ISSM,SBD11,METBK
CP03ISSM-SBD11-06-METBKA000,met_netlirr,met_netlirr,,,L2,W m-2,CP03ISSM,SBD11,METBK
CP03ISSM-SBD11-06-METBKA000,met_rainflx,met_rainflx,,,L2,W m-2,CP03ISSM,SBD11,METBK
CP03ISSM-SBD11-06-METBKA000,met_sensflx,met_sensflx,,,L2,W m-2,CP03ISSM,SBD11,METBK
CP03ISSM-SBD11-06-METBKA000,met_sphum2m,met_sphum2m,0,47,L2,g kg-1,CP03ISSM,SBD11,METBK
CP03ISSM-SBD11-06-METBKA000,met_stablty,met_stablty,,,L2,1,CP03ISSM,SBD11,METBK
CP03ISSM-SBD11-06-METBKA000,met_tempa2m,met_tempa2m,-50,50,L2,deg_C,CP03ISSM,SBD11,METBK
CP03ISSM-SBD11-06-METBKA000,met_tempskn,met_tempskn,-2,40,L2,degC,CP03ISSM,SBD11,METBK
CP03ISSM-SBD11-06-METBKA000,met_wind10m,met_wind10m,-33,33,L2,m s-1,CP03ISSM,SBD11,METBK
CP03ISSM-SBD11-06-METBKA000,time,time,,,ENG,seconds since 1900-01-01,CP03ISSM,SBD11,METBK
CP03ISSM-SBD11-06-METBKA000,ingestion_timestamp,ingestion_timestamp,,,ENG,seconds since 1900-01-01,CP03ISSM,SBD11,METBK
CP03ISSM-SBD12-03-HYDGN0000,driver_timestamp,driver_timestamp,,,ENG,seconds since 1900-01-01,CP03ISSM,SBD12,HYDGN
CP03ISSM-SBD12-03-HYDGN0000,internal_timestamp,internal_timestamp,,,ENG,seconds since 1900-01-01,CP03ISSM,SBD12,HYDGN
CP03ISSM-SBD12-03-HYDGN0000,preferred_timestamp,preferred_timestamp,,,ENG,1,CP03ISSM,SBD12,HYDGN
CP03ISSM-SBD12-03-HYDGN0000,dcl_controller_timestamp,dcl_controller_timestamp,,,ENG,1,CP03ISSM,SBD12,HYDGN
CP03ISSM-SBD12-03-HYDGN0000,hyd_raw,hyd_raw,,,AUX,counts,CP03ISSM,SBD12,HYDGN
CP03ISSM-SBD12-03-HYDGN0000,hyd_percent,hyd_percent,,,AUX,Percentage,CP03ISSM,SBD12,HYDGN
CP03ISSM-SBD12-03-HYDGN0000,time,time,,,ENG,seconds since 1900-01-01,CP03ISSM,SBD12,HYDGN
CP03ISSM-SBD12-03-HYDGN0000,ingestion_timestamp,ingestion_timestamp,,,ENG,seconds since 1900-01-01,CP03ISSM,SBD12,HYDGN
CP03ISSM-SBD12-04-PCO2AA000,irga_detector_temperature,irga_detector_temperature,,,AUX,deg_C,CP03ISSM,SBD12,PCO2A
CP03ISSM-SBD12-04-PCO2AA000,irga_source_temperature,irga_source_temperature,,,AUX,deg_C,CP03ISSM,SBD12,PCO2A
CP03ISSM-SBD12-04-PCO2AA000,partial_pressure_co2_atm,partial_pressure_co2_atm,180,500,L1,uatm,CP03ISSM,SBD12,PCO2A
CP03ISSM-SBD12-04-PCO2AA000,partial_pressure_co2_ssw,partial_pressure_co2_ssw,100,600,L1,uatm,CP03ISSM,SBD12,PCO2A
CP03ISSM-SBD12-04-PCO2AA000,driver_timestamp,driver_timestamp,,,ENG,seconds since 1900-01-01,CP03ISSM,SBD12,PCO2A
CP03ISSM-SBD12-04-PCO2AA000,internal_timestamp,internal_timestamp,,,ENG,seconds since 1900-01-01,CP03ISSM,SBD12,PCO2A
CP03ISSM-SBD12-04-PCO2AA000,preferred_timestamp,preferred_timestamp,,,ENG,1,CP03ISSM,SBD12,PCO2A
CP03ISSM-SBD12-04-PCO2AA000,dcl_controller_timestamp,dcl_controller_timestamp,,,ENG,1,CP03ISSM,SBD12,PCO2A
CP03ISSM-SBD12-04-PCO2AA000,pco2_co2flux,pco2_co2flux,,,L2,mol m-2 s-1,CP03ISSM,SBD12,PCO2A
CP03ISSM-SBD12-04-PCO2AA000,time,time,,,ENG,seconds since 1900-01-01,CP03ISSM,SBD12,PCO2A
CP03ISSM-SBD12-04-PCO2AA000,ingestion_timestamp,ingestion_timestamp,,,ENG,seconds since 1900-01-01,CP03ISSM,SBD12,PCO2A
CP03ISSM-SBD12-04-PCO2AA000,date_time_string,date_time_string,,,,1,CP03ISSM,SBD12,PCO2A
CP03ISSM-SBD12-04-PCO2AA000,zero_a2d,zero_a2d,,,,counts,CP03ISSM,SBD12,PCO2A
CP03ISSM-SBD12-04-PCO2AA000,current_a2d,current_a2d,,,,counts,CP03ISSM,SBD12,PCO2A
CP03ISSM-SBD12-04-PCO2AA000,measured_air_co2,measured_air_co2,,,L0,ppm,CP03ISSM,SBD12,PCO2A
CP03ISSM-SBD12-04-PCO2AA000,measured_water_co2,measured_water_co2,,,L0,ppm,CP03ISSM,SBD12,PCO2A
CP03ISSM-SBD12-04-PCO2AA000,avg_irga_temperature,avg_irga_temperature,,,AUX,deg_C,CP03ISSM,SBD12,PCO2A
CP03ISSM-SBD12-04-PCO2AA000,humidity,humidity,,,AUX,mbar,CP03ISSM,SBD12,PCO2A
CP03ISSM-SBD12-04-PCO2AA000,humidity_temperature,humidity_temperature,,,AUX,deg_C,CP03ISSM,SBD12,PCO2A
CP03ISSM-SBD12-04-PCO2AA000,gas_stream_pressure,gas_stream_pressure,,,L0,mbar,CP03ISSM,SBD12,PCO2A
CP03ISSP-SP001-02-OPTAAJ000,driver_timestamp,driver_timestamp,,,ENG,seconds since 1900-01-01,CP03ISSP,SP001,OPTAA
CP03ISSP-SP001-02-OPTAAJ000,internal_timestamp,internal_timestamp,,,ENG,seconds since 1900-01-01,CP03ISSP,SP001,OPTAA
CP03ISSP-SP001-02-OPTAAJ000,preferred_timestamp,preferred_timestamp,,,ENG,1,CP03ISSP,SP001,OPTAA
CP03ISSP-SP001-02-OPTAAJ000,profiler_timestamp,profiler_timestamp,,,ENG,seconds since 1970-01-01,CP03ISSP,SP001,OPTAA
CP03ISSP-SP001-02-OPTAAJ000,last_character_controller_id,last_character_controller_id,,,,1,CP03ISSP,SP001,OPTAA
CP03ISSP-SP001-02-OPTAAJ000,day_of_year_number,day_of_year_number,,,,1,CP03ISSP,SP001,OPTAA
CP03ISSP-SP001-02-OPTAAJ000,fraction_of_day,fraction_of_day,,,,1,CP03ISSP,SP001,OPTAA
CP03ISSP-SP001-02-OPTAAJ000,source_file,source_file,,,,1,CP03ISSP,SP001,OPTAA
CP03ISSP-SP001-02-OPTAAJ000,processing_time,processing_time,,,,1,CP03ISSP,SP001,OPTAA
CP03ISSP-SP001-02-OPTAAJ000,preprocessing_software_version,preprocessing_software_version,,,ENG,1,CP03ISSP,SP001,OPTAA
CP03ISSP-SP001-02-OPTAAJ000,start_date,start_date,,,,1,CP03ISSP,SP001,OPTAA
CP03ISSP-SP001-02-OPTAAJ000,pressure_depth,pressure_depth,,,AUX,dbar,CP03ISSP,SP001,OPTAA
CP03ISSP-SP001-02-OPTAAJ000,on_seconds,on_seconds,,,,s,CP03ISSP,SP001,OPTAA
CP03ISSP-SP001-02-OPTAAJ000,suspect_timestamp,suspect_timestamp,,,,1,CP03ISSP,SP001,OPTAA
CP03ISSP-SP001-02-OPTAAJ000,serial_number,serial_number,,,ENG,1,CP03ISSP,SP001,OPTAA
CP03ISSP-SP001-02-OPTAAJ000,optaa_dj_cspp_beam_attenuation,optaa_dj_cspp_beam_attenuation,0,100,L2,m-1,CP03ISSP,SP001,OPTAA
CP03ISSP-SP001-02-OPTAAJ000,optaa_dj_cspp_optical_absorption,optaa_dj_cspp_optical_absorption,0,100,L2,m-1,CP03ISSP,SP001,OPTAA
CP03ISSP-SP001-02-OPTAAJ000,a_reference_dark_counts,a_reference_dark_counts,,,,counts,CP03ISSP,SP001,OPTAA
CP03ISSP-SP001-02-OPTAAJ000,pressure_counts,pressure_counts,,,,counts,CP03ISSP,SP001,OPTAA
CP03ISSP-SP001-02-OPTAAJ000,a_signal_dark_counts,a_signal_dark_counts,,,,counts,CP03ISSP,SP001,OPTAA
CP03ISSP-SP001-02-OPTAAJ000,external_temp_raw,external_temp_raw,,,,counts,CP03ISSP,SP001,OPTAA
CP03ISSP-SP001-02-OPTAAJ000,internal_temp_raw,internal_temp_raw,,,L0,counts,CP03ISSP,SP001,OPTAA
CP03ISSP-SP001-02-OPTAAJ000,c_reference_dark_counts,c_reference_dark_counts,,,,counts,CP03ISSP,SP001,OPTAA
CP03ISSP-SP001-02-OPTAAJ000,c_signal_dark_counts,c_signal_dark_counts,,,,counts,CP03ISSP,SP001,OPTAA
CP03ISSP-SP001-02-OPTAAJ000,num_wavelengths,num_wavelengths,,,,1,CP03ISSP,SP001,OPTAA
CP03ISSP-SP001-02-OPTAAJ000,c_reference_counts,c_reference_counts,,,L0,counts,CP03ISSP,SP001,OPTAA
CP03ISSP-SP001-02-OPTAAJ000,a_reference_counts,a_reference_counts,,,L0,counts,CP03ISSP,SP001,OPTAA
CP03ISSP-SP001-02-OPTAAJ000,c_signal_counts,c_signal_counts,,,L0,counts,CP03ISSP,SP001,OPTAA
CP03ISSP-SP001-02-OPTAAJ000,a_signal_counts,a_signal_counts,,,L0,counts,CP03ISSP,SP001,OPTAA
CP03ISSP-SP001-02-OPTAAJ000,time,time,,,ENG,seconds since 1900-01-01,CP03ISSP,SP001,OPTAA
CP03ISSP-SP001-02-OPTAAJ000,ingestion_timestamp,ingestion_timestamp,,,ENG,seconds since 1900-01-01,CP03ISSP,SP001,OPTAA
CP03ISSP-SP001-03-NUTNRJ000,driver_timestamp,driver_timestamp,,,ENG,seconds since 1900-01-01,CP03ISSP,SP001,NUTNR
CP03ISSP-SP001-03-NUTNRJ000,internal_timestamp,internal_timestamp,,,ENG,seconds since 1900-01-01,CP03ISSP,SP001,NUTNR
CP03ISSP-SP001-03-NUTNRJ000,preferred_timestamp,preferred_timestamp,,,ENG,1,CP03ISSP,SP001,NUTNR
CP03ISSP-SP001-03-NUTNRJ000,profiler_timestamp,profiler_timestamp,,,ENG,seconds since 1970-01-01,CP03ISSP,SP001,NUTNR
CP03ISSP-SP001-03-NUTNRJ000,last_character_controller_id,last_character_controller_id,,,,1,CP03ISSP,SP001,NUTNR
CP03ISSP-SP001-03-NUTNRJ000,day_of_year_number,day_of_year_number,,,,1,CP03ISSP,SP001,NUTNR
CP03ISSP-SP001-03-NUTNRJ000,fraction_of_day,fraction_of_day,,,,1,CP03ISSP,SP001,NUTNR
CP03ISSP-SP001-03-NUTNRJ000,source_file,source_file,,,,1,CP03ISSP,SP001,NUTNR
CP03ISSP-SP001-03-NUTNRJ000,processing_time,processing_time,,,,1,CP03ISSP,SP001,NUTNR
CP03ISSP-SP001-03-NUTNRJ000,preprocessing_software_version,preprocessing_software_version,,,ENG,1,CP03ISSP,SP001,NUTNR
CP03ISSP-SP001-03-NUTNRJ000,start_date,start_date,,,,1,CP03ISSP,SP001,NUTNR
CP03ISSP-SP001-03-NUTNRJ000,nutnr_nitrogen_in_nitrate,nutnr_nitrogen_in_nitrate,,,,mg/L,CP03ISSP,SP001,NUTNR
CP03ISSP-SP001-03-NUTNRJ000,nutnr_absorbance_at_254_nm,nutnr_absorbance_at_254_nm,,,,1,CP03ISSP,SP001,NUTNR
CP03ISSP-SP001-03-NUTNRJ000,nutnr_absorbance_at_350_nm,nutnr_absorbance_at_350_nm,,,,1,CP03ISSP,SP001,NUTNR
CP03ISSP-SP001-03-NUTNRJ000,nutnr_bromide_trace,nutnr_bromide_trace,,,,mg/L,CP03ISSP,SP001,NUTNR
CP03ISSP-SP001-03-NUTNRJ000,nutnr_spectrum_average,nutnr_spectrum_average,,,,1,CP03ISSP,SP001,NUTNR
CP03ISSP-SP001-03-NUTNRJ000,nutnr_dark_value_used_for_fit,nutnr_dark_value_used_for_fit,,,AUX,1,CP03ISSP,SP001,NUTNR
CP03ISSP-SP001-03-NUTNRJ000,nutnr_integration_time_factor,nutnr_integration_time_factor,,,,1,CP03ISSP,SP001,NUTNR
CP03ISSP-SP001-03-NUTNRJ000,nutnr_voltage_int,nutnr_voltage_int,,,,V,CP03ISSP,SP001,NUTNR
CP03ISSP-SP001-03-NUTNRJ000,nutnr_current_main,nutnr_current_main,,,,mA,CP03ISSP,SP001,NUTNR
CP03ISSP-SP001-03-NUTNRJ000,nutnr_fit_base_1,nutnr_fit_base_1,,,,1,CP03ISSP,SP001,NUTNR
CP03ISSP-SP001-03-NUTNRJ000,nutnr_fit_base_2,nutnr_fit_base_2,,,,1,CP03ISSP,SP001,NUTNR
CP03ISSP-SP001-03-NUTNRJ000,nutnr_fit_rmse,nutnr_fit_rmse,,,AUX,1,CP03ISSP,SP001,NUTNR
CP03ISSP-SP001-03-NUTNRJ000,pressure_depth,pressure_depth,,,AUX,dbar,CP03ISSP,SP001,NUTNR
CP03ISSP-SP001-03-NUTNRJ000,year,year,,,,year,CP03ISSP,SP001,NUTNR
CP03ISSP-SP001-03-NUTNRJ000,day_of_year,day_of_year,,,,1,CP03ISSP,SP001,NUTNR
CP03ISSP-SP001-03-NUTNRJ000,ctd_time_uint32,ctd_time_uint32,,,,seconds since 1970-01-01,CP03ISSP,SP001,NUTNR
CP03ISSP-SP001-03-NUTNRJ000,ctd_psu,ctd_psu,,,AUX,(unitless),CP03ISSP,SP001,NUTNR
CP03ISSP-SP001-03-NUTNRJ000,ctd_temp,ctd_temp,,,AUX,deg_C,CP03ISSP,SP001,NUTNR
CP03ISSP-SP001-03-NUTNRJ000,ctd_dbar,ctd_dbar,,,AUX,dbar,CP03ISSP,SP001,NUTNR
CP03ISSP-SP001-03-NUTNRJ000,suspect_timestamp,suspect_timestamp,,,,1,CP03ISSP,SP001,NUTNR
CP03ISSP-SP001-03-NUTNRJ000,frame_type,frame_type,,,,1,CP03ISSP,SP001,NUTNR
CP03ISSP-SP001-03-NUTNRJ000,time_of_sample,time_of_sample,,,AUX,h,CP03ISSP,SP001,NUTNR
CP03ISSP-SP001-03-NUTNRJ000,nitrate_concentration,nitrate_concentration,0,40,L1,umol L-1,CP03ISSP,SP001,NUTNR
CP03ISSP-SP001-03-NUTNRJ000,aux_fitting_1,aux_fitting_1,,,AUX,1,CP03ISSP,SP001,NUTNR
CP03ISSP-SP001-03-NUTNRJ000,aux_fitting_2,aux_fitting_2,,,AUX,1,CP03ISSP,SP001,NUTNR
CP03ISSP-SP001-03-NUTNRJ000,temp_interior,temp_interior,,,AUX,deg_C,CP03ISSP,SP001,NUTNR
CP03ISSP-SP001-03-NUTNRJ000,temp_spectrometer,temp_spectrometer,,,AUX,deg_C,CP03ISSP,SP001,NUTNR
CP03ISSP-SP001-03-NUTNRJ000,temp_lamp,temp_lamp,,,AUX,deg_C,CP03ISSP,SP001,NUTNR
CP03ISSP-SP001-03-NUTNRJ000,humidity,humidity,,,AUX,%,CP03ISSP,SP001,NUTNR
CP03ISSP-SP001-03-NUTNRJ000,voltage_lamp,voltage_lamp,,,AUX,V,CP03ISSP,SP001,NUTNR
CP03ISSP-SP001-03-NUTNRJ000,voltage_main,voltage_main,,,AUX,V,CP03ISSP,SP001,NUTNR
CP03ISSP-SP001-03-NUTNRJ000,spectral_channels,spectral_channels,,,L0,counts,CP03ISSP,SP001,NUTNR
CP03ISSP-SP001-03-NUTNRJ000,lamp_time,lamp_time,,,AUX,s,CP03ISSP,SP001,NUTNR
CP03ISSP-SP001-03-NUTNRJ000,nutnr_j_cspp_temp_sal_corrected_nitrate,nutnr_j_cspp_temp_sal_corrected_nitrate,0,40,L2,umol L-1,CP03ISSP,SP001,NUTNR
CP03ISSP-SP001-03-NUTNRJ000,dark_frame_spectral_channels,dark_frame_spectral_channels,,,AUX,counts,CP03ISSP,SP001,NUTNR
CP03ISSP-SP001-03-NUTNRJ000,time,time,,,ENG,seconds since 1900-01-01,CP03ISSP,SP001,NUTNR
CP03ISSP-SP001-03-NUTNRJ000,ingestion_timestamp,ingestion_timestamp,,,ENG,seconds since 1900-01-01,CP03ISSP,SP001,NUTNR
CP03ISSP-SP001-05-VELPTJ000,driver_timestamp,driver_timestamp,,,ENG,seconds since 1900-01-01,CP03ISSP,SP001,VELPT
CP03ISSP-SP001-05-VELPTJ000,internal_timestamp,internal_timestamp,,,ENG,seconds since 1900-01-01,CP03ISSP,SP001,VELPT
CP03ISSP-SP001-05-VELPTJ000,preferred_timestamp,preferred_timestamp,,,ENG,1,CP03ISSP,SP001,VELPT
CP03ISSP-SP001-05-VELPTJ000,profiler_timestamp,profiler_timestamp,,,ENG,seconds since 1970-01-01,CP03ISSP,SP001,VELPT
CP03ISSP-SP001-05-VELPTJ000,last_character_controller_id,last_character_controller_id,,,,1,CP03ISSP,SP001,VELPT
CP03ISSP-SP001-05-VELPTJ000,day_of_year_number,day_of_year_number,,,,1,CP03ISSP,SP001,VELPT
CP03ISSP-SP001-05-VELPTJ000,fraction_of_day,fraction_of_day,,,,1,CP03ISSP,SP001,VELPT
CP03ISSP-SP001-05-VELPTJ000,source_file,source_file,,,,1,CP03ISSP,SP001,VELPT
CP03ISSP-SP001-05-VELPTJ000,processing_time,processing_time,,,,1,CP03ISSP,SP001,VELPT
CP03ISSP-SP001-05-VELPTJ000,preprocessing_software_version,preprocessing_software_version,,,ENG,1,CP03ISSP,SP001,VELPT
CP03ISSP-SP001-05-VELPTJ000,start_date,start_date,,,,1,CP03ISSP,SP001,VELPT
CP03ISSP-SP001-05-VELPTJ000,pressure_depth,pressure_depth,,,AUX,dbar,CP03ISSP,SP001,VELPT
CP03ISSP-SP001-05-VELPTJ000,velpt_pressure,velpt_pressure,,,AUX,dbar,CP03ISSP,SP001,VELPT
CP03ISSP-SP001-05-VELPTJ000,velocity_beam1_m_s,velocity_beam1_m_s,,,,m s-1,CP03ISSP,SP001,VELPT
CP03ISSP-SP001-05-VELPTJ000,velocity_beam2_m_s,velocity_beam2_m_s,,,,m s-1,CP03ISSP,SP001,VELPT
CP03ISSP-SP001-05-VELPTJ000,velocity_beam3_m_s,velocity_beam3_m_s,,,,m s-1,CP03ISSP,SP001,VELPT
CP03ISSP-SP001-05-VELPTJ000,suspect_timestamp,suspect_timestamp,,,,1,CP03ISSP,SP001,VELPT
CP03ISSP-SP001-05-VELPTJ000,velpt_j_eastward_velocity,velpt_j_eastward_velocity,-3,3,L1,m s-1,CP03ISSP,SP001,VELPT
CP03ISSP-SP001-05-VELPTJ000,velpt_j_northward_velocity,velpt_j_northward_velocity,-3,3,L1,m s-1,CP03ISSP,SP001,VELPT
CP03ISSP-SP001-05-VELPTJ000,velpt_j_upward_velocity,velpt_j_upward_velocity,-1,1,L1,m s-1,CP03ISSP,SP001,VELPT
CP03ISSP-SP001-05-VELPTJ000,heading,heading,,,AUX,rad,CP03ISSP,SP001,VELPT
CP03ISSP-SP001-05-VELPTJ000,pitch,pitch,,,AUX,rad,CP03ISSP,SP001,VELPT
CP03ISSP-SP001-05-VELPTJ000,roll,roll,,,AUX,rad,CP03ISSP,SP001,VELPT
CP03ISSP-SP001-05-VELPTJ000,temperature,temperature,-2,40,L1,deg_C,CP03ISSP,SP001,VELPT
CP03ISSP-SP001-05-VELPTJ000,amplitude_beam1,amplitude_beam1,,,AUX,counts,CP03ISSP,SP001,VELPT
CP03ISSP-SP001-05-VELPTJ000,amplitude_beam2,amplitude_beam2,,,AUX,counts,CP03ISSP,SP001,VELPT
CP03ISSP-SP001-05-VELPTJ000,amplitude_beam3,amplitude_beam3,,,AUX,counts,CP03ISSP,SP001,VELPT
CP03ISSP-SP001-05-VELPTJ000,speed_of_sound,speed_of_sound,,,AUX,m s-1,CP03ISSP,SP001,VELPT
CP03ISSP-SP001-05-VELPTJ000,time,time,,,ENG,seconds since 1900-01-01,CP03ISSP,SP001,VELPT
CP03ISSP-SP001-05-VELPTJ000,ingestion_timestamp,ingestion_timestamp,,,ENG,seconds since 1900-01-01,CP03ISSP,SP001,VELPT
CP03ISSP-SP001-06-DOSTAJ000,product_number,product_number,,,,1,CP03ISSP,SP001,DOSTA
CP03ISSP-SP001-06-DOSTAJ000,driver_timestamp,driver_timestamp,,,ENG,seconds since 1900-01-01,CP03ISSP,SP001,DOSTA
CP03ISSP-SP001-06-DOSTAJ000,internal_timestamp,internal_timestamp,,,ENG,seconds since 1900-01-01,CP03ISSP,SP001,DOSTA
CP03ISSP-SP001-06-DOSTAJ000,preferred_timestamp,preferred_timestamp,,,ENG,1,CP03ISSP,SP001,DOSTA
CP03ISSP-SP001-06-DOSTAJ000,profiler_timestamp,profiler_timestamp,,,ENG,seconds since 1970-01-01,CP03ISSP,SP001,DOSTA
CP03ISSP-SP001-06-DOSTAJ000,last_character_controller_id,last_character_controller_id,,,,1,CP03ISSP,SP001,DOSTA
CP03ISSP-SP001-06-DOSTAJ000,day_of_year_number,day_of_year_number,,,,1,CP03ISSP,SP001,DOSTA
CP03ISSP-SP001-06-DOSTAJ000,fraction_of_day,fraction_of_day,,,,1,CP03ISSP,SP001,DOSTA
CP03ISSP-SP001-06-DOSTAJ000,source_file,source_file,,,,1,CP03ISSP,SP001,DOSTA
CP03ISSP-SP001-06-DOSTAJ000,processing_time,processing_time,,,,1,CP03ISSP,SP001,DOSTA
CP03ISSP-SP001-06-DOSTAJ000,preprocessing_software_version,preprocessing_software_version,,,ENG,1,CP03ISSP,SP001,DOSTA
CP03ISSP-SP001-06-DOSTAJ000,start_date,start_date,,,,1,CP03ISSP,SP001,DOSTA
CP03ISSP-SP001-06-DOSTAJ000,pressure_depth,pressure_depth,,,AUX,dbar,CP03ISSP,SP001,DOSTA
CP03ISSP-SP001-06-DOSTAJ000,suspect_timestamp,suspect_timestamp,,,,1,CP03ISSP,SP001,DOSTA
CP03ISSP-SP001-06-DOSTAJ000,dosta_abcdjm_cspp_tc_oxygen,dosta_abcdjm_cspp_tc_oxygen,0,400,L1,umol L-1,CP03ISSP,SP001,DOSTA
CP03ISSP-SP001-06-DOSTAJ000,serial_number,serial_number,,,ENG,1,CP03ISSP,SP001,DOSTA
CP03ISSP-SP001-06-DOSTAJ000,dosta_abcdjm_cspp_abs_oxygen,dosta_abcdjm_cspp_abs_oxygen,0,400,L2,umol kg-1,CP03ISSP,SP001,DOSTA
CP03ISSP-SP001-06-DOSTAJ000,time,time,,,ENG,seconds since 1900-01-01,CP03ISSP,SP001,DOSTA
CP03ISSP-SP001-06-DOSTAJ000,ingestion_timestamp,ingestion_timestamp,,,ENG,seconds since 1900-01-01,CP03ISSP,SP001,DOSTA
CP03ISSP-SP001-06-DOSTAJ000,estimated_oxygen_concentration,estimated_oxygen_concentration,0,400,L1,umol L-1,CP03ISSP,SP001,DOSTA
CP03ISSP-SP001-06-DOSTAJ000,optode_temperature,optode_temperature,-2,40,,deg_C,CP03ISSP,SP001,DOSTA
CP03ISSP-SP001-06-DOSTAJ000,calibrated_phase,calibrated_phase,,,L0,degrees,CP03ISSP,SP001,DOSTA
CP03ISSP-SP001-06-DOSTAJ000,temp_compensated_phase,temp_compensated_phase,,,,degrees,CP03ISSP,SP001,DOSTA
CP03ISSP-SP001-06-DOSTAJ000,blue_phase,blue_phase,,,,degrees,CP03ISSP,SP001,DOSTA
CP03ISSP-SP001-06-DOSTAJ000,red_phase,red_phase,,,,degrees,CP03ISSP,SP001,DOSTA
CP03ISSP-SP001-06-DOSTAJ000,blue_amplitude,blue_amplitude,,,,mV,CP03ISSP,SP001,DOSTA
CP03ISSP-SP001-06-DOSTAJ000,red_amplitude,red_amplitude,,,,mV,CP03ISSP,SP001,DOSTA
CP03ISSP-SP001-06-DOSTAJ000,raw_temperature,raw_temperature,,,,mV,CP03ISSP,SP001,DOSTA
CP03ISSP-SP001-07-SPKIRJ000,instrument_id,instrument_id,,,ENG,1,CP03ISSP,SP001,SPKIR
CP03ISSP-SP001-07-SPKIRJ000,timer,timer,,,ENG,s,CP03ISSP,SP001,SPKIR
CP03ISSP-SP001-07-SPKIRJ000,sample_delay,sample_delay,,,ENG,ms,CP03ISSP,SP001,SPKIR
CP03ISSP-SP001-07-SPKIRJ000,driver_timestamp,driver_timestamp,,,ENG,seconds since 1900-01-01,CP03ISSP,SP001,SPKIR
CP03ISSP-SP001-07-SPKIRJ000,vin_sense,vin_sense,,,ENG,counts,CP03ISSP,SP001,SPKIR
CP03ISSP-SP001-07-SPKIRJ000,va_sense,va_sense,,,ENG,counts,CP03ISSP,SP001,SPKIR
CP03ISSP-SP001-07-SPKIRJ000,internal_temperature,internal_temperature,,,AUX,counts,CP03ISSP,SP001,SPKIR
CP03ISSP-SP001-07-SPKIRJ000,frame_counter,frame_counter,,,ENG,counts,CP03ISSP,SP001,SPKIR
CP03ISSP-SP001-07-SPKIRJ000,internal_timestamp,internal_timestamp,,,ENG,seconds since 1900-01-01,CP03ISSP,SP001,SPKIR
CP03ISSP-SP001-07-SPKIRJ000,preferred_timestamp,preferred_timestamp,,,ENG,1,CP03ISSP,SP001,SPKIR
CP03ISSP-SP001-07-SPKIRJ000,profiler_timestamp,profiler_timestamp,,,ENG,seconds since 1970-01-01,CP03ISSP,SP001,SPKIR
CP03ISSP-SP001-07-SPKIRJ000,last_character_controller_id,last_character_controller_id,,,,1,CP03ISSP,SP001,SPKIR
CP03ISSP-SP001-07-SPKIRJ000,day_of_year_number,day_of_year_number,,,,1,CP03ISSP,SP001,SPKIR
CP03ISSP-SP001-07-SPKIRJ000,fraction_of_day,fraction_of_day,,,,1,CP03ISSP,SP001,SPKIR
CP03ISSP-SP001-07-SPKIRJ000,source_file,source_file,,,,1,CP03ISSP,SP001,SPKIR
CP03ISSP-SP001-07-SPKIRJ000,processing_time,processing_time,,,,1,CP03ISSP,SP001,SPKIR
CP03ISSP-SP001-07-SPKIRJ000,preprocessing_software_version,preprocessing_software_version,,,ENG,1,CP03ISSP,SP001,SPKIR
CP03ISSP-SP001-07-SPKIRJ000,start_date,start_date,,,,1,CP03ISSP,SP001,SPKIR
CP03ISSP-SP001-07-SPKIRJ000,channel_array,channel_array,,,L0,counts,CP03ISSP,SP001,SPKIR
CP03ISSP-SP001-07-SPKIRJ000,pressure_depth,pressure_depth,,,AUX,dbar,CP03ISSP,SP001,SPKIR
CP03ISSP-SP001-07-SPKIRJ000,suspect_timestamp,suspect_timestamp,,,,1,CP03ISSP,SP001,SPKIR
CP03ISSP-SP001-07-SPKIRJ000,spkir_abj_cspp_downwelling_vector,spkir_abj_cspp_downwelling_vector,0,300,L1,uW cm-2 nm-1,CP03ISSP,SP001,SPKIR
CP03ISSP-SP001-07-SPKIRJ000,serial_number,serial_number,,,ENG,1,CP03ISSP,SP001,SPKIR
CP03ISSP-SP001-07-SPKIRJ000,time,time,,,ENG,seconds since 1900-01-01,CP03ISSP,SP001,SPKIR
CP03ISSP-SP001-07-SPKIRJ000,ingestion_timestamp,ingestion_timestamp,,,ENG,seconds since 1900-01-01,CP03ISSP,SP001,SPKIR
CP03ISSP-SP001-08-CTDPFJ000,conductivity,conductivity,0,6,L1,S m-1,CP03ISSP,SP001,CTDPF
CP03ISSP-SP001-08-CTDPFJ000,driver_timestamp,driver_timestamp,,,ENG,seconds since 1900-01-01,CP03ISSP,SP001,CTDPF
CP03ISSP-SP001-08-CTDPFJ000,internal_timestamp,internal_timestamp,,,ENG,seconds since 1900-01-01,CP03ISSP,SP001,CTDPF
CP03ISSP-SP001-08-CTDPFJ000,preferred_timestamp,preferred_timestamp,,,ENG,1,CP03ISSP,SP001,CTDPF
CP03ISSP-SP001-08-CTDPFJ000,pressure,pressure,0,6000,L1,dbar,CP03ISSP,SP001,CTDPF
CP03ISSP-SP001-08-CTDPFJ000,profiler_timestamp,profiler_timestamp,,,ENG,seconds since 1970-01-01,CP03ISSP,SP001,CTDPF
CP03ISSP-SP001-08-CTDPFJ000,last_character_controller_id,last_character_controller_id,,,,1,CP03ISSP,SP001,CTDPF
CP03ISSP-SP001-08-CTDPFJ000,day_of_year_number,day_of_year_number,,,,1,CP03ISSP,SP001,CTDPF
CP03ISSP-SP001-08-CTDPFJ000,fraction_of_day,fraction_of_day,,,,1,CP03ISSP,SP001,CTDPF
CP03ISSP-SP001-08-CTDPFJ000,source_file,source_file,,,,1,CP03ISSP,SP001,CTDPF
CP03ISSP-SP001-08-CTDPFJ000,processing_time,processing_time,,,,1,CP03ISSP,SP001,CTDPF
CP03ISSP-SP001-08-CTDPFJ000,preprocessing_software_version,preprocessing_software_version,,,ENG,1,CP03ISSP,SP001,CTDPF
CP03ISSP-SP001-08-CTDPFJ000,start_date,start_date,,,,1,CP03ISSP,SP001,CTDPF
CP03ISSP-SP001-08-CTDPFJ000,suspect_timestamp,suspect_timestamp,,,,1,CP03ISSP,SP001,CTDPF
CP03ISSP-SP001-08-CTDPFJ000,ctdpf_j_density,ctdpf_j_density,1000,1100,L2,kg m-3,CP03ISSP,SP001,CTDPF
CP03ISSP-SP001-08-CTDPFJ000,salinity,salinity,0,42,L2,1,CP03ISSP,SP001,CTDPF
CP03ISSP-SP001-08-CTDPFJ000,temperature,temperature,-2,40,L1,deg_C,CP03ISSP,SP001,CTDPF
CP03ISSP-SP001-08-CTDPFJ000,time,time,,,ENG,seconds since 1900-01-01,CP03ISSP,SP001,CTDPF
CP03ISSP-SP001-08-CTDPFJ000,ingestion_timestamp,ingestion_timestamp,,,ENG,seconds since 1900-01-01,CP03ISSP,SP001,CTDPF
CP03ISSP-SP001-09-FLORTJ000,driver_timestamp,driver_timestamp,,,ENG,seconds since 1900-01-01,CP03ISSP,SP001,FLORT
CP03ISSP-SP001-09-FLORTJ000,date_string,date_string,,,ENG,1,CP03ISSP,SP001,FLORT
CP03ISSP-SP001-09-FLORTJ000,time_string,time_string,,,ENG,1,CP03ISSP,SP001,FLORT
CP03ISSP-SP001-09-FLORTJ000,measurement_wavelength_beta,measurement_wavelength_beta,,,,nm,CP03ISSP,SP001,FLORT
CP03ISSP-SP001-09-FLORTJ000,raw_signal_beta,raw_signal_beta,,,L0,counts,CP03ISSP,SP001,FLORT
CP03ISSP-SP001-09-FLORTJ000,measurement_wavelength_chl,measurement_wavelength_chl,,,,nm,CP03ISSP,SP001,FLORT
CP03ISSP-SP001-09-FLORTJ000,raw_signal_chl,raw_signal_chl,,,L0,counts,CP03ISSP,SP001,FLORT
CP03ISSP-SP001-09-FLORTJ000,measurement_wavelength_cdom,measurement_wavelength_cdom,,,,nm,CP03ISSP,SP001,FLORT
CP03ISSP-SP001-09-FLORTJ000,raw_signal_cdom,raw_signal_cdom,,,L0,counts,CP03ISSP,SP001,FLORT
CP03ISSP-SP001-09-FLORTJ000,raw_internal_temp,raw_internal_temp,,,,counts,CP03ISSP,SP001,FLORT
CP03ISSP-SP001-09-FLORTJ000,internal_timestamp,internal_timestamp,,,ENG,seconds since 1900-01-01,CP03ISSP,SP001,FLORT
CP03ISSP-SP001-09-FLORTJ000,preferred_timestamp,preferred_timestamp,,,ENG,1,CP03ISSP,SP001,FLORT
CP03ISSP-SP001-09-FLORTJ000,flort_k_total_volume_scattering_coefficient,flort_k_total_volume_scattering_coefficient,,,L1,m-1 sr-1,CP03ISSP,SP001,FLORT
CP03ISSP-SP001-09-FLORTJ000,fluorometric_chlorophyll_a,fluorometric_chlorophyll_a,0,50,L1,ug L-1,CP03ISSP,SP001,FLORT
CP03ISSP-SP001-09-FLORTJ000,fluorometric_cdom,fluorometric_cdom,0,375,L1,ppb,CP03ISSP,SP001,FLORT
CP03ISSP-SP001-09-FLORTJ000,profiler_timestamp,profiler_timestamp,,,ENG,seconds since 1970-01-01,CP03ISSP,SP001,FLORT
CP03ISSP-SP001-09-FLORTJ000,last_character_controller_id,last_character_controller_id,,,,1,CP03ISSP,SP001,FLORT
CP03ISSP-SP001-09-FLORTJ000,day_of_year_number,day_of_year_number,,,,1,CP03ISSP,SP001,FLORT
CP03ISSP-SP001-09-FLORTJ000,fraction_of_day,fraction_of_day,,,,1,CP03ISSP,SP001,FLORT
CP03ISSP-SP001-09-FLORTJ000,source_file,source_file,,,,1,CP03ISSP,SP001,FLORT
CP03ISSP-SP001-09-FLORTJ000,processing_time,processing_time,,,,1,CP03ISSP,SP001,FLORT
CP03ISSP-SP001-09-FLORTJ000,preprocessing_software_version,preprocessing_software_version,,,ENG,1,CP03ISSP,SP001,FLORT
CP03ISSP-SP001-09-FLORTJ000,start_date,start_date,,,,1,CP03ISSP,SP001,FLORT
CP03ISSP-SP001-09-FLORTJ000,pressure_depth,pressure_depth,,,AUX,dbar,CP03ISSP,SP001,FLORT
CP03ISSP-SP001-09-FLORTJ000,suspect_timestamp,suspect_timestamp,,,,1,CP03ISSP,SP001,FLORT
CP03ISSP-SP001-09-FLORTJ000,flort_dj_cspp_bback_total,flort_dj_cspp_bback_total,0.0003,1,L2,m-1,CP03ISSP,SP001,FLORT
CP03ISSP-SP001-09-FLORTJ000,flort_dj_cspp_scat_seawater,flort_dj_cspp_scat_seawater,,,AUX,m-1,CP03ISSP,SP001,FLORT
CP03ISSP-SP001-09-FLORTJ000,time,time,,,ENG,seconds since 1900-01-01,CP03ISSP,SP001,FLORT
CP03ISSP-SP001-09-FLORTJ000,ingestion_timestamp,ingestion_timestamp,,,ENG,seconds since 1900-01-01,CP03ISSP,SP001,FLORT
CP03ISSP-SP001-10-PARADJ000,driver_timestamp,driver_timestamp,,,ENG,seconds since 1900-01-01,CP03ISSP,SP001,PARAD
CP03ISSP-SP001-10-PARADJ000,date_string,date_string,,,ENG,1,CP03ISSP,SP001,PARAD
CP03ISSP-SP001-10-PARADJ000,time_string,time_string,,,ENG,1,CP03ISSP,SP001,PARAD
CP03ISSP-SP001-10-PARADJ000,internal_timestamp,internal_timestamp,,,ENG,seconds since 1900-01-01,CP03ISSP,SP001,PARAD
CP03ISSP-SP001-10-PARADJ000,preferred_timestamp,preferred_timestamp,,,ENG,1,CP03ISSP,SP001,PARAD
CP03ISSP-SP001-10-PARADJ000,par,par,,,L0,counts,CP03ISSP,SP001,PARAD
CP03ISSP-SP001-10-PARADJ000,profiler_timestamp,profiler_timestamp,,,ENG,seconds since 1970-01-01,CP03ISSP,SP001,PARAD
CP03ISSP-SP001-10-PARADJ000,last_character_controller_id,last_character_controller_id,,,,1,CP03ISSP,SP001,PARAD
CP03ISSP-SP001-10-PARADJ000,day_of_year_number,day_of_year_number,,,,1,CP03ISSP,SP001,PARAD
CP03ISSP-SP001-10-PARADJ000,fraction_of_day,fraction_of_day,,,,1,CP03ISSP,SP001,PARAD
CP03ISSP-SP001-10-PARADJ000,source_file,source_file,,,,1,CP03ISSP,SP001,PARAD
CP03ISSP-SP001-10-PARADJ000,processing_time,processing_time,,,,1,CP03ISSP,SP001,PARAD
CP03ISSP-SP001-10-PARADJ000,preprocessing_software_version,preprocessing_software_version,,,ENG,1,CP03ISSP,SP001,PARAD
CP03ISSP-SP001-10-PARADJ000,start_date,start_date,,,,1,CP03ISSP,SP001,PARAD
CP03ISSP-SP001-10-PARADJ000,pressure_depth,pressure_depth,,,AUX,dbar,CP03ISSP,SP001,PARAD
CP03ISSP-SP001-10-PARADJ000,suspect_timestamp,suspect_timestamp,,,,1,CP03ISSP,SP001,PARAD
CP03ISSP-SP001-10-PARADJ000,parad_j_par_counts_output,parad_j_par_counts_output,0,2500,L1,umol photons m-2 s-1,CP03ISSP,SP001,PARAD
CP03ISSP-SP001-10-PARADJ000,time,time,,,ENG,seconds since 1900-01-01,CP03ISSP,SP001,PARAD
CP03ISSP-SP001-10-PARADJ000,ingestion_timestamp,ingestion_timestamp,,,ENG,seconds since 1900-01-01,CP03ISSP,SP001,PARAD
CP04OSPM-SBS11-02-MOPAK0000,driver_timestamp,driver_timestamp,,,ENG,seconds since 1900-01-01,CP04OSPM,SBS11,MOPAK
CP04OSPM-SBS11-02-MOPAK0000,internal_timestamp,internal_timestamp,,,ENG,seconds since 1900-01-01,CP04OSPM,SBS11,MOPAK
CP04OSPM-SBS11-02-MOPAK0000,mopak_accelx,mopak_accelx,,,ENG,g0,CP04OSPM,SBS11,MOPAK
CP04OSPM-SBS11-02-MOPAK0000,mopak_accely,mopak_accely,,,ENG,g0,CP04OSPM,SBS11,MOPAK
CP04OSPM-SBS11-02-MOPAK0000,mopak_accelz,mopak_accelz,,,ENG,g0,CP04OSPM,SBS11,MOPAK
CP04OSPM-SBS11-02-MOPAK0000,mopak_ang_ratex,mopak_ang_ratex,,,ENG,rad s-1,CP04OSPM,SBS11,MOPAK
CP04OSPM-SBS11-02-MOPAK0000,mopak_ang_ratey,mopak_ang_ratey,,,ENG,rad s-1,CP04OSPM,SBS11,MOPAK
CP04OSPM-SBS11-02-MOPAK0000,preferred_timestamp,preferred_timestamp,,,ENG,1,CP04OSPM,SBS11,MOPAK
CP04OSPM-SBS11-02-MOPAK0000,mopak_ang_ratez,mopak_ang_ratez,,,ENG,rad s-1,CP04OSPM,SBS11,MOPAK
CP04OSPM-SBS11-02-MOPAK0000,mopak_magx,mopak_magx,,,ENG,Gs,CP04OSPM,SBS11,MOPAK
CP04OSPM-SBS11-02-MOPAK0000,mopak_magy,mopak_magy,,,ENG,Gs,CP04OSPM,SBS11,MOPAK
CP04OSPM-SBS11-02-MOPAK0000,mopak_magz,mopak_magz,,,ENG,Gs,CP04OSPM,SBS11,MOPAK
CP04OSPM-SBS11-02-MOPAK0000,mopak_timer,mopak_timer,,,ENG,counts,CP04OSPM,SBS11,MOPAK
CP04OSPM-SBS11-02-MOPAK0000,mopak_roll,mopak_roll,,,ENG,degrees,CP04OSPM,SBS11,MOPAK
CP04OSPM-SBS11-02-MOPAK0000,mopak_pitch,mopak_pitch,,,ENG,degrees,CP04OSPM,SBS11,MOPAK
CP04OSPM-SBS11-02-MOPAK0000,mopak_yaw,mopak_yaw,,,ENG,degrees,CP04OSPM,SBS11,MOPAK
CP04OSPM-SBS11-02-MOPAK0000,time,time,,,ENG,seconds since 1900-01-01,CP04OSPM,SBS11,MOPAK
CP04OSPM-SBS11-02-MOPAK0000,ingestion_timestamp,ingestion_timestamp,,,ENG,seconds since 1900-01-01,CP04OSPM,SBS11,MOPAK
CP04OSPM-WFP01-01-VEL3DK000,driver_timestamp,driver_timestamp,,,ENG,seconds since 1900-01-01,CP04OSPM,WFP01,VEL3D
CP04OSPM-WFP01-01-VEL3DK000,internal_timestamp,internal_timestamp,,,ENG,seconds since 1900-01-01,CP04OSPM,WFP01,VEL3D
CP04OSPM-WFP01-01-VEL3DK000,preferred_timestamp,preferred_timestamp,,,ENG,1,CP04OSPM,WFP01,VEL3D
CP04OSPM-WFP01-01-VEL3DK000,vel3d_k_temp_c,vel3d_k_temp_c,,,AUX,cdeg_C,CP04OSPM,WFP01,VEL3D
CP04OSPM-WFP01-01-VEL3DK000,vel3d_k_heading,vel3d_k_heading,,,AUX,ddegrees,CP04OSPM,WFP01,VEL3D
CP04OSPM-WFP01-01-VEL3DK000,vel3d_k_pitch,vel3d_k_pitch,,,AUX,ddegrees,CP04OSPM,WFP01,VEL3D
CP04OSPM-WFP01-01-VEL3DK000,vel3d_k_roll,vel3d_k_roll,,,AUX,ddegrees,CP04OSPM,WFP01,VEL3D
CP04OSPM-WFP01-01-VEL3DK000,vel3d_k_v_scale,vel3d_k_v_scale,,,,counts,CP04OSPM,WFP01,VEL3D
CP04OSPM-WFP01-01-VEL3DK000,vel3d_k_vel0,vel3d_k_vel0,,,L0,counts,CP04OSPM,WFP01,VEL3D
CP04OSPM-WFP01-01-VEL3DK000,vel3d_k_vel1,vel3d_k_vel1,,,L0,counts,CP04OSPM,WFP01,VEL3D
CP04OSPM-WFP01-01-VEL3DK000,vel3d_k_vel2,vel3d_k_vel2,,,L0,counts,CP04OSPM,WFP01,VEL3D
CP04OSPM-WFP01-01-VEL3DK000,vel3d_k_amp0,vel3d_k_amp0,,,AUX,counts,CP04OSPM,WFP01,VEL3D
CP04OSPM-WFP01-01-VEL3DK000,vel3d_k_amp1,vel3d_k_amp1,,,AUX,counts,CP04OSPM,WFP01,VEL3D
CP04OSPM-WFP01-01-VEL3DK000,vel3d_k_amp2,vel3d_k_amp2,,,AUX,counts,CP04OSPM,WFP01,VEL3D
CP04OSPM-WFP01-01-VEL3DK000,vel3d_k_number_of_records,vel3d_k_number_of_records,,,,counts,CP04OSPM,WFP01,VEL3D
CP04OSPM-WFP01-01-VEL3DK000,vel3d_k_time_on,vel3d_k_time_on,,,,s,CP04OSPM,WFP01,VEL3D
CP04OSPM-WFP01-01-VEL3DK000,vel3d_k_time_off,vel3d_k_time_off,,,,s,CP04OSPM,WFP01,VEL3D
CP04OSPM-WFP01-01-VEL3DK000,vel3d_k_id,vel3d_k_id,,,,1,CP04OSPM,WFP01,VEL3D
CP04OSPM-WFP01-01-VEL3DK000,vel3d_k_version,vel3d_k_version,,,,counts,CP04OSPM,WFP01,VEL3D
CP04OSPM-WFP01-01-VEL3DK000,vel3d_k_serial,vel3d_k_serial,,,ENG,counts,CP04OSPM,WFP01,VEL3D
CP04OSPM-WFP01-01-VEL3DK000,vel3d_k_configuration,vel3d_k_configuration,,,,counts,CP04OSPM,WFP01,VEL3D
CP04OSPM-WFP01-01-VEL3DK000,vel3d_k_micro_second,vel3d_k_micro_second,,,,counts,CP04OSPM,WFP01,VEL3D
CP04OSPM-WFP01-01-VEL3DK000,vel3d_k_speed_sound,vel3d_k_speed_sound,,,AUX,counts,CP04OSPM,WFP01,VEL3D
CP04OSPM-WFP01-01-VEL3DK000,vel3d_k_pressure,vel3d_k_pressure,,,AUX,0.001 dbar,CP04OSPM,WFP01,VEL3D
CP04OSPM-WFP01-01-VEL3DK000,vel3d_k_error,vel3d_k_error,,,,counts,CP04OSPM,WFP01,VEL3D
CP04OSPM-WFP01-01-VEL3DK000,vel3d_k_status,vel3d_k_status,,,,counts,CP04OSPM,WFP01,VEL3D
CP04OSPM-WFP01-01-VEL3DK000,vel3d_k_beams_coordinate,vel3d_k_beams_coordinate,,,,bit mask,CP04OSPM,WFP01,VEL3D
CP04OSPM-WFP01-01-VEL3DK000,vel3d_k_cell_size,vel3d_k_cell_size,,,,counts,CP04OSPM,WFP01,VEL3D
CP04OSPM-WFP01-01-VEL3DK000,vel3d_k_blanking,vel3d_k_blanking,,,,counts,CP04OSPM,WFP01,VEL3D
CP04OSPM-WFP01-01-VEL3DK000,vel3d_k_velocity_range,vel3d_k_velocity_range,,,,counts,CP04OSPM,WFP01,VEL3D
CP04OSPM-WFP01-01-VEL3DK000,vel3d_k_battery_voltage,vel3d_k_battery_voltage,,,,counts,CP04OSPM,WFP01,VEL3D
CP04OSPM-WFP01-01-VEL3DK000,vel3d_k_mag_x,vel3d_k_mag_x,,,AUX,counts,CP04OSPM,WFP01,VEL3D
CP04OSPM-WFP01-01-VEL3DK000,vel3d_k_mag_y,vel3d_k_mag_y,,,AUX,counts,CP04OSPM,WFP01,VEL3D
CP04OSPM-WFP01-01-VEL3DK000,vel3d_k_mag_z,vel3d_k_mag_z,,,AUX,counts,CP04OSPM,WFP01,VEL3D
CP04OSPM-WFP01-01-VEL3DK000,vel3d_k_acc_x,vel3d_k_acc_x,,,AUX,counts,CP04OSPM,WFP01,VEL3D
CP04OSPM-WFP01-01-VEL3DK000,vel3d_k_acc_y,vel3d_k_acc_y,,,AUX,counts,CP04OSPM,WFP01,VEL3D
CP04OSPM-WFP01-01-VEL3DK000,vel3d_k_acc_z,vel3d_k_acc_z,,,AUX,counts,CP04OSPM,WFP01,VEL3D
CP04OSPM-WFP01-01-VEL3DK000,vel3d_k_ambiguity,vel3d_k_ambiguity,,,,counts,CP04OSPM,WFP01,VEL3D
CP04OSPM-WFP01-01-VEL3DK000,vel3d_k_data_set_description,vel3d_k_data_set_description,,,,bit mask,CP04OSPM,WFP01,VEL3D
CP04OSPM-WFP01-01-VEL3DK000,vel3d_k_transmit_energy,vel3d_k_transmit_energy,,,,counts,CP04OSPM,WFP01,VEL3D
CP04OSPM-WFP01-01-VEL3DK000,vel3d_k_power_level,vel3d_k_power_level,,,,counts,CP04OSPM,WFP01,VEL3D
CP04OSPM-WFP01-01-VEL3DK000,vel3d_k_corr0,vel3d_k_corr0,,,AUX,counts,CP04OSPM,WFP01,VEL3D
CP04OSPM-WFP01-01-VEL3DK000,vel3d_k_corr1,vel3d_k_corr1,,,AUX,counts,CP04OSPM,WFP01,VEL3D
CP04OSPM-WFP01-01-VEL3DK000,vel3d_k_corr2,vel3d_k_corr2,,,AUX,counts,CP04OSPM,WFP01,VEL3D
CP04OSPM-WFP01-01-VEL3DK000,vel3d_k_str_id,vel3d_k_str_id,,,,counts,CP04OSPM,WFP01,VEL3D
CP04OSPM-WFP01-01-VEL3DK000,vel3d_k_string,vel3d_k_string,,,,1,CP04OSPM,WFP01,VEL3D
CP04OSPM-WFP01-01-VEL3DK000,vel3d_k_beams,vel3d_k_beams,,,,1,CP04OSPM,WFP01,VEL3D
CP04OSPM-WFP01-01-VEL3DK000,vel3d_k_eastward_velocity,vel3d_k_eastward_velocity,-3,3,L1,m s-1,CP04OSPM,WFP01,VEL3D
CP04OSPM-WFP01-01-VEL3DK000,vel3d_k_northward_velocity,vel3d_k_northward_velocity,-3,3,L1,m s-1,CP04OSPM,WFP01,VEL3D
CP04OSPM-WFP01-01-VEL3DK000,vel3d_k_upward_velocity,vel3d_k_upward_velocity,-1,1,L1,m s-1,CP04OSPM,WFP01,VEL3D
CP04OSPM-WFP01-01-VEL3DK000,time,time,,,ENG,seconds since 1900-01-01,CP04OSPM,WFP01,VEL3D
CP04OSPM-WFP01-01-VEL3DK000,date_time_array,date_time_array,,,,1,CP04OSPM,WFP01,VEL3D
CP04OSPM-WFP01-01-VEL3DK000,ingestion_timestamp,ingestion_timestamp,,,ENG,seconds since 1900-01-01,CP04OSPM,WFP01,VEL3D
CP04OSPM-WFP01-02-DOFSTK000,driver_timestamp,driver_timestamp,,,ENG,seconds since 1900-01-01,CP04OSPM,WFP01,DOFST
CP04OSPM-WFP01-02-DOFSTK000,internal_timestamp,internal_timestamp,,,ENG,seconds since 1900-01-01,CP04OSPM,WFP01,DOFST
CP04OSPM-WFP01-02-DOFSTK000,wfp_time_on,wfp_time_on,,,,seconds since 1970-01-01,CP04OSPM,WFP01,DOFST
CP04OSPM-WFP01-02-DOFSTK000,wfp_time_off,wfp_time_off,,,,seconds since 1970-01-01,CP04OSPM,WFP01,DOFST
CP04OSPM-WFP01-02-DOFSTK000,wfp_number_samples,wfp_number_samples,,,,counts,CP04OSPM,WFP01,DOFST
CP04OSPM-WFP01-02-DOFSTK000,preferred_timestamp,preferred_timestamp,,,ENG,1,CP04OSPM,WFP01,DOFST
CP04OSPM-WFP01-02-DOFSTK000,dofst_k_oxygen,dofst_k_oxygen,,,L0,Hz,CP04OSPM,WFP01,DOFST
CP04OSPM-WFP01-02-DOFSTK000,dofst_k_oxygen_l2,dofst_k_oxygen_l2,0,400,L2,umol kg-1,CP04OSPM,WFP01,DOFST
CP04OSPM-WFP01-02-DOFSTK000,time,time,,,ENG,seconds since 1900-01-01,CP04OSPM,WFP01,DOFST
CP04OSPM-WFP01-02-DOFSTK000,ingestion_timestamp,ingestion_timestamp,,,ENG,seconds since 1900-01-01,CP04OSPM,WFP01,DOFST
CP04OSPM-WFP01-03-CTDPFK000,driver_timestamp,driver_timestamp,,,ENG,seconds since 1900-01-01,CP04OSPM,WFP01,CTDPF
CP04OSPM-WFP01-03-CTDPFK000,internal_timestamp,internal_timestamp,,,ENG,seconds since 1900-01-01,CP04OSPM,WFP01,CTDPF
CP04OSPM-WFP01-03-CTDPFK000,wfp_time_on,wfp_time_on,,,,seconds since 1970-01-01,CP04OSPM,WFP01,CTDPF
CP04OSPM-WFP01-03-CTDPFK000,wfp_time_off,wfp_time_off,,,,seconds since 1970-01-01,CP04OSPM,WFP01,CTDPF
CP04OSPM-WFP01-03-CTDPFK000,wfp_number_samples,wfp_number_samples,,,,counts,CP04OSPM,WFP01,CTDPF
CP04OSPM-WFP01-03-CTDPFK000,preferred_timestamp,preferred_timestamp,,,ENG,1,CP04OSPM,WFP01,CTDPF
CP04OSPM-WFP01-03-CTDPFK000,temperature,temperature,,,L0,counts,CP04OSPM,WFP01,CTDPF
CP04OSPM-WFP01-03-CTDPFK000,conductivity,conductivity,,,L0,counts,CP04OSPM,WFP01,CTDPF
CP04OSPM-WFP01-03-CTDPFK000,pressure,pressure,,,L0,counts,CP04OSPM,WFP01,CTDPF
CP04OSPM-WFP01-03-CTDPFK000,ctdpf_ckl_seawater_pressure,ctdpf_ckl_seawater_pressure,0,6000,L1,dbar,CP04OSPM,WFP01,CTDPF
CP04OSPM-WFP01-03-CTDPFK000,ctdpf_ckl_seawater_temperature,ctdpf_ckl_seawater_temperature,-2,40,L1,deg_C,CP04OSPM,WFP01,CTDPF
CP04OSPM-WFP01-03-CTDPFK000,ctdpf_ckl_seawater_conductivity,ctdpf_ckl_seawater_conductivity,0,6,L1,S m-1,CP04OSPM,WFP01,CTDPF
CP04OSPM-WFP01-03-CTDPFK000,ctdpf_ckl_sci_water_pracsal,ctdpf_ckl_sci_water_pracsal,0,42,L2,1,CP04OSPM,WFP01,CTDPF
CP04OSPM-WFP01-03-CTDPFK000,ctdpf_ckl_seawater_density,ctdpf_ckl_seawater_density,1000,1100,L2,kg m-3,CP04OSPM,WFP01,CTDPF
CP04OSPM-WFP01-03-CTDPFK000,time,time,,,ENG,seconds since 1900-01-01,CP04OSPM,WFP01,CTDPF
CP04OSPM-WFP01-03-CTDPFK000,ingestion_timestamp,ingestion_timestamp,,,ENG,seconds since 1900-01-01,CP04OSPM,WFP01,CTDPF
CP04OSPM-WFP01-04-FLORTK000,driver_timestamp,driver_timestamp,,,ENG,seconds since 1900-01-01,CP04OSPM,WFP01,FLORT
CP04OSPM-WFP01-04-FLORTK000,raw_signal_beta,raw_signal_beta,,,L0,counts,CP04OSPM,WFP01,FLORT
CP04OSPM-WFP01-04-FLORTK000,raw_signal_chl,raw_signal_chl,,,L0,counts,CP04OSPM,WFP01,FLORT
CP04OSPM-WFP01-04-FLORTK000,raw_signal_cdom,raw_signal_cdom,,,L0,counts,CP04OSPM,WFP01,FLORT
CP04OSPM-WFP01-04-FLORTK000,internal_timestamp,internal_timestamp,,,ENG,seconds since 1900-01-01,CP04OSPM,WFP01,FLORT
CP04OSPM-WFP01-04-FLORTK000,preferred_timestamp,preferred_timestamp,,,ENG,1,CP04OSPM,WFP01,FLORT
CP04OSPM-WFP01-04-FLORTK000,wfp_timestamp,wfp_timestamp,,,ENG,seconds since 1970-01-01,CP04OSPM,WFP01,FLORT
CP04OSPM-WFP01-04-FLORTK000,flort_k_total_volume_scattering_coefficient,flort_k_total_volume_scattering_coefficient,,,L1,m-1 sr-1,CP04OSPM,WFP01,FLORT
CP04OSPM-WFP01-04-FLORTK000,fluorometric_chlorophyll_a,fluorometric_chlorophyll_a,0,50,L1,ug L-1,CP04OSPM,WFP01,FLORT
CP04OSPM-WFP01-04-FLORTK000,fluorometric_cdom,fluorometric_cdom,0,375,L1,ppb,CP04OSPM,WFP01,FLORT
CP04OSPM-WFP01-04-FLORTK000,flort_kn_bback_total,flort_kn_bback_total,0.0003,1,L2,m-1,CP04OSPM,WFP01,FLORT
CP04OSPM-WFP01-04-FLORTK000,scat_seawater,scat_seawater,,,AUX,m-1,CP04OSPM,WFP01,FLORT
CP04OSPM-WFP01-04-FLORTK000,time,time,,,ENG,seconds since 1900-01-01,CP04OSPM,WFP01,FLORT
CP04OSPM-WFP01-04-FLORTK000,ingestion_timestamp,ingestion_timestamp,,,ENG,seconds since 1900-01-01,CP04OSPM,WFP01,FLORT
CP04OSPM-WFP01-05-PARADK000,driver_timestamp,driver_timestamp,,,ENG,seconds since 1900-01-01,CP04OSPM,WFP01,PARAD
CP04OSPM-WFP01-05-PARADK000,internal_timestamp,internal_timestamp,,,ENG,seconds since 1900-01-01,CP04OSPM,WFP01,PARAD
CP04OSPM-WFP01-05-PARADK000,par_val_v,par_val_v,,,L0,mV,CP04OSPM,WFP01,PARAD
CP04OSPM-WFP01-05-PARADK000,preferred_timestamp,preferred_timestamp,,,ENG,1,CP04OSPM,WFP01,PARAD
CP04OSPM-WFP01-05-PARADK000,wfp_timestamp,wfp_timestamp,,,ENG,seconds since 1970-01-01,CP04OSPM,WFP01,PARAD
CP04OSPM-WFP01-05-PARADK000,parad_k_par,parad_k_par,0,2500,L1,umol photons m-2 s-1,CP04OSPM,WFP01,PARAD
CP04OSPM-WFP01-05-PARADK000,time,time,,,ENG,seconds since 1900-01-01,CP04OSPM,WFP01,PARAD
CP04OSPM-WFP01-05-PARADK000,ingestion_timestamp,ingestion_timestamp,,,ENG,seconds since 1900-01-01,CP04OSPM,WFP01,PARAD
CP04OSSM-MFD35-01-ADCPSJ000,bin_depths,bin_depths,,,,m,CP04OSSM,MFD35,ADCPS
CP04OSSM-MFD35-01-ADCPSJ000,driver_timestamp,driver_timestamp,,,ENG,seconds since 1900-01-01,CP04OSSM,MFD35,ADCPS
CP04OSSM-MFD35-01-ADCPSJ000,ensemble_start_time_2,ensemble_start_time_2,,,,seconds since 1900-01-01,CP04OSSM,MFD35,ADCPS
CP04OSSM-MFD35-01-ADCPSJ000,real_time_clock_2,real_time_clock_2,,,,1,CP04OSSM,MFD35,ADCPS
CP04OSSM-MFD35-01-ADCPSJ000,internal_timestamp,internal_timestamp,,,ENG,seconds since 1900-01-01,CP04OSSM,MFD35,ADCPS
CP04OSSM-MFD35-01-ADCPSJ000,adcps_pd12_eastward_seawater_velocity,adcps_pd12_eastward_seawater_velocity,-3,3,L1,m s-1,CP04OSSM,MFD35,ADCPS
CP04OSSM-MFD35-01-ADCPSJ000,adcps_pd12_northward_seawater_velocity,adcps_pd12_northward_seawater_velocity,-3,3,L1,m s-1,CP04OSSM,MFD35,ADCPS
CP04OSSM-MFD35-01-ADCPSJ000,preferred_timestamp,preferred_timestamp,,,ENG,1,CP04OSSM,MFD35,ADCPS
CP04OSSM-MFD35-01-ADCPSJ000,sensor_available_speed,sensor_available_speed,,,,1,CP04OSSM,MFD35,ADCPS
CP04OSSM-MFD35-01-ADCPSJ000,sysconfig_beam_angle,sysconfig_beam_angle,,,,1,CP04OSSM,MFD35,ADCPS
CP04OSSM-MFD35-01-ADCPSJ000,sysconfig_beam_config,sysconfig_beam_config,,,,1,CP04OSSM,MFD35,ADCPS
CP04OSSM-MFD35-01-ADCPSJ000,adcps_jln_upward_seawater_velocity2,adcps_jln_upward_seawater_velocity2,-1,1,L1,m s-1,CP04OSSM,MFD35,ADCPS
CP04OSSM-MFD35-01-ADCPSJ000,adcps_jln_error_velocity2,adcps_jln_error_velocity2,-1,1,L1,m s-1,CP04OSSM,MFD35,ADCPS
CP04OSSM-MFD35-01-ADCPSJ000,dcl_controller_timestamp,dcl_controller_timestamp,,,ENG,1,CP04OSSM,MFD35,ADCPS
CP04OSSM-MFD35-01-ADCPSJ000,adcps_jln_echo_intensity_beam1,adcps_jln_echo_intensity_beam1,0,255,L1,dB,CP04OSSM,MFD35,ADCPS
CP04OSSM-MFD35-01-ADCPSJ000,adcps_jln_echo_intensity_beam2,adcps_jln_echo_intensity_beam2,0,255,L1,dB,CP04OSSM,MFD35,ADCPS
CP04OSSM-MFD35-01-ADCPSJ000,adcps_jln_echo_intensity_beam3,adcps_jln_echo_intensity_beam3,0,255,L1,dB,CP04OSSM,MFD35,ADCPS
CP04OSSM-MFD35-01-ADCPSJ000,adcps_jln_echo_intensity_beam4,adcps_jln_echo_intensity_beam4,0,255,L1,dB,CP04OSSM,MFD35,ADCPS
CP04OSSM-MFD35-01-ADCPSJ000,corrected_echo_intensity_beam1,corrected_echo_intensity_beam1,0,255,L1,dB,CP04OSSM,MFD35,ADCPS
CP04OSSM-MFD35-01-ADCPSJ000,corrected_echo_intensity_beam2,corrected_echo_intensity_beam2,0,255,L1,dB,CP04OSSM,MFD35,ADCPS
CP04OSSM-MFD35-01-ADCPSJ000,corrected_echo_intensity_beam3,corrected_echo_intensity_beam3,0,255,L1,dB,CP04OSSM,MFD35,ADCPS
CP04OSSM-MFD35-01-ADCPSJ000,corrected_echo_intensity_beam4,corrected_echo_intensity_beam4,0,255,L1,dB,CP04OSSM,MFD35,ADCPS
CP04OSSM-MFD35-01-ADCPSJ000,significant_wave_height,significant_wave_height,0,18,L0,m,CP04OSSM,MFD35,ADCPS
CP04OSSM-MFD35-01-ADCPSJ000,peak_wave_period,peak_wave_period,3,30,L0,sec,CP04OSSM,MFD35,ADCPS
CP04OSSM-MFD35-01-ADCPSJ000,instrument_timestamp,instrument_timestamp,,,,1,CP04OSSM,MFD35,ADCPS
CP04OSSM-MFD35-01-ADCPSJ000,water_direction,water_direction,,,,degrees,CP04OSSM,MFD35,ADCPS
CP04OSSM-MFD35-01-ADCPSJ000,water_velocity,water_velocity,,,,mm d-1,CP04OSSM,MFD35,ADCPS
CP04OSSM-MFD35-01-ADCPSJ000,burst_start_time,burst_start_time,,,,1,CP04OSSM,MFD35,ADCPS
CP04OSSM-MFD35-01-ADCPSJ000,peak_wave_direction,peak_wave_direction,,,L1,degrees,CP04OSSM,MFD35,ADCPS
CP04OSSM-MFD35-01-ADCPSJ000,tp_sea,tp_sea,,,,s,CP04OSSM,MFD35,ADCPS
CP04OSSM-MFD35-01-ADCPSJ000,dp_sea,dp_sea,,,,degrees,CP04OSSM,MFD35,ADCPS
CP04OSSM-MFD35-01-ADCPSJ000,hs_sea,hs_sea,,,,m,CP04OSSM,MFD35,ADCPS
CP04OSSM-MFD35-01-ADCPSJ000,tp_swell,tp_swell,,,,s,CP04OSSM,MFD35,ADCPS
CP04OSSM-MFD35-01-ADCPSJ000,dp_swell,dp_swell,,,,degrees,CP04OSSM,MFD35,ADCPS
CP04OSSM-MFD35-01-ADCPSJ000,hs_swell,hs_swell,,,,m,CP04OSSM,MFD35,ADCPS
CP04OSSM-MFD35-01-ADCPSJ000,depth_water_level,depth_water_level,,,,mm,CP04OSSM,MFD35,ADCPS
CP04OSSM-MFD35-01-ADCPSJ000,h_max,h_max,,,L1,m,CP04OSSM,MFD35,ADCPS
CP04OSSM-MFD35-01-ADCPSJ000,t_max,t_max,,,,s,CP04OSSM,MFD35,ADCPS
CP04OSSM-MFD35-01-ADCPSJ000,h_1_3,h_1_3,,,,m,CP04OSSM,MFD35,ADCPS
CP04OSSM-MFD35-01-ADCPSJ000,t_1_3,t_1_3,,,,s,CP04OSSM,MFD35,ADCPS
CP04OSSM-MFD35-01-ADCPSJ000,h_mean,h_mean,,,L1,m,CP04OSSM,MFD35,ADCPS
CP04OSSM-MFD35-01-ADCPSJ000,t_mean,t_mean,,,L1,s,CP04OSSM,MFD35,ADCPS
CP04OSSM-MFD35-01-ADCPSJ000,h_1_10,h_1_10,,,L1,m,CP04OSSM,MFD35,ADCPS
CP04OSSM-MFD35-01-ADCPSJ000,t_1_10,t_1_10,,,L1,s,CP04OSSM,MFD35,ADCPS
CP04OSSM-MFD35-01-ADCPSJ000,d_mean,d_mean,,,,degrees,CP04OSSM,MFD35,ADCPS
CP04OSSM-MFD35-01-ADCPSJ000,num_bins,num_bins,,,,counts,CP04OSSM,MFD35,ADCPS
CP04OSSM-MFD35-01-ADCPSJ000,depth_level_magnitude,depth_level_magnitude,,,,m s-1,CP04OSSM,MFD35,ADCPS
CP04OSSM-MFD35-01-ADCPSJ000,depth_level_direction,depth_level_direction,,,,degrees,CP04OSSM,MFD35,ADCPS
CP04OSSM-MFD35-01-ADCPSJ000,file_time,file_time,,,,1,CP04OSSM,MFD35,ADCPS
CP04OSSM-MFD35-01-ADCPSJ000,num_dir,num_dir,,,,counts,CP04OSSM,MFD35,ADCPS
CP04OSSM-MFD35-01-ADCPSJ000,num_freq,num_freq,,,,counts,CP04OSSM,MFD35,ADCPS
CP04OSSM-MFD35-01-ADCPSJ000,freq_w_band,freq_w_band,,,,Hz,CP04OSSM,MFD35,ADCPS
CP04OSSM-MFD35-01-ADCPSJ000,freq_0,freq_0,,,,Hz,CP04OSSM,MFD35,ADCPS
CP04OSSM-MFD35-01-ADCPSJ000,start_dir,start_dir,,,,degrees,CP04OSSM,MFD35,ADCPS
CP04OSSM-MFD35-01-ADCPSJ000,directional_surface_spectrum,directional_surface_spectrum,,,,mm2/hz,CP04OSSM,MFD35,ADCPS
CP04OSSM-MFD35-01-ADCPSJ000,num_fields,num_fields,,,,counts,CP04OSSM,MFD35,ADCPS
CP04OSSM-MFD35-01-ADCPSJ000,frequency_band,frequency_band,,,,Hz,CP04OSSM,MFD35,ADCPS
CP04OSSM-MFD35-01-ADCPSJ000,bandwidth_band,bandwidth_band,,,,Hz,CP04OSSM,MFD35,ADCPS
CP04OSSM-MFD35-01-ADCPSJ000,energy_density_band,energy_density_band,,,,m2/hz,CP04OSSM,MFD35,ADCPS
CP04OSSM-MFD35-01-ADCPSJ000,direction_band,direction_band,,,,degrees,CP04OSSM,MFD35,ADCPS
CP04OSSM-MFD35-01-ADCPSJ000,a1_band,a1_band,,,,1,CP04OSSM,MFD35,ADCPS
CP04OSSM-MFD35-01-ADCPSJ000,b1_band,b1_band,,,,1,CP04OSSM,MFD35,ADCPS
CP04OSSM-MFD35-01-ADCPSJ000,a2_band,a2_band,,,,1,CP04OSSM,MFD35,ADCPS
CP04OSSM-MFD35-01-ADCPSJ000,b2_band,b2_band,,,,1,CP04OSSM,MFD35,ADCPS
CP04OSSM-MFD35-01-ADCPSJ000,check_factor_band,check_factor_band,,,,1,CP04OSSM,MFD35,ADCPS
CP04OSSM-MFD35-01-ADCPSJ000,sequence_number,sequence_number,,,,1,CP04OSSM,MFD35,ADCPS
CP04OSSM-MFD35-01-ADCPSJ000,file_mode,file_mode,,,,1,CP04OSSM,MFD35,ADCPS
CP04OSSM-MFD35-01-ADCPSJ000,rec_time_series,rec_time_series,,,,1,CP04OSSM,MFD35,ADCPS
CP04OSSM-MFD35-01-ADCPSJ000,rec_spectra,rec_spectra,,,,1,CP04OSSM,MFD35,ADCPS
CP04OSSM-MFD35-01-ADCPSJ000,rec_dir_spec,rec_dir_spec,,,,1,CP04OSSM,MFD35,ADCPS
CP04OSSM-MFD35-01-ADCPSJ000,samples_per_burst,samples_per_burst,,,,counts,CP04OSSM,MFD35,ADCPS
CP04OSSM-MFD35-01-ADCPSJ000,time_between_samples,time_between_samples,,,,1/100 s,CP04OSSM,MFD35,ADCPS
CP04OSSM-MFD35-01-ADCPSJ000,serial_number,serial_number,,,ENG,1,CP04OSSM,MFD35,ADCPS
CP04OSSM-MFD35-01-ADCPSJ000,time_between_bursts_sec,time_between_bursts_sec,,,,s,CP04OSSM,MFD35,ADCPS
CP04OSSM-MFD35-01-ADCPSJ000,bin_size,bin_size,,,,cm,CP04OSSM,MFD35,ADCPS
CP04OSSM-MFD35-01-ADCPSJ000,bin_1_middle,bin_1_middle,,,,cm,CP04OSSM,MFD35,ADCPS
CP04OSSM-MFD35-01-ADCPSJ000,num_range_bins,num_range_bins,,,,counts,CP04OSSM,MFD35,ADCPS
CP04OSSM-MFD35-01-ADCPSJ000,num_vel_bins,num_vel_bins,,,,counts,CP04OSSM,MFD35,ADCPS
CP04OSSM-MFD35-01-ADCPSJ000,num_int_bins,num_int_bins,,,,counts,CP04OSSM,MFD35,ADCPS
CP04OSSM-MFD35-01-ADCPSJ000,num_beams,num_beams,,,,counts,CP04OSSM,MFD35,ADCPS
CP04OSSM-MFD35-01-ADCPSJ000,beam_conf,beam_conf,,,,degrees,CP04OSSM,MFD35,ADCPS
CP04OSSM-MFD35-01-ADCPSJ000,wave_param_source,wave_param_source,,,,1,CP04OSSM,MFD35,ADCPS
CP04OSSM-MFD35-01-ADCPSJ000,nfft_samples,nfft_samples,,,,counts,CP04OSSM,MFD35,ADCPS
CP04OSSM-MFD35-01-ADCPSJ000,num_directional_slices,num_directional_slices,,,,counts,CP04OSSM,MFD35,ADCPS
CP04OSSM-MFD35-01-ADCPSJ000,num_freq_bins,num_freq_bins,,,,counts,CP04OSSM,MFD35,ADCPS
CP04OSSM-MFD35-01-ADCPSJ000,window_type,window_type,,,,1,CP04OSSM,MFD35,ADCPS
CP04OSSM-MFD35-01-ADCPSJ000,use_press_4_depth,use_press_4_depth,,,,1,CP04OSSM,MFD35,ADCPS
CP04OSSM-MFD35-01-ADCPSJ000,use_strack_4_depth,use_strack_4_depth,,,,1,CP04OSSM,MFD35,ADCPS
CP04OSSM-MFD35-01-ADCPSJ000,strack_spec,strack_spec,,,,1,CP04OSSM,MFD35,ADCPS
CP04OSSM-MFD35-01-ADCPSJ000,press_spec,press_spec,,,,1,CP04OSSM,MFD35,ADCPS
CP04OSSM-MFD35-01-ADCPSJ000,vel_min,vel_min,,,,mm/s,CP04OSSM,MFD35,ADCPS
CP04OSSM-MFD35-01-ADCPSJ000,vel_max,vel_max,,,,mm/s,CP04OSSM,MFD35,ADCPS
CP04OSSM-MFD35-01-ADCPSJ000,vel_std,vel_std,,,,mm/s,CP04OSSM,MFD35,ADCPS
CP04OSSM-MFD35-01-ADCPSJ000,vel_max_change,vel_max_change,,,,mm/s,CP04OSSM,MFD35,ADCPS
CP04OSSM-MFD35-01-ADCPSJ000,vel_pct_gd,vel_pct_gd,,,,%,CP04OSSM,MFD35,ADCPS
CP04OSSM-MFD35-01-ADCPSJ000,surf_min,surf_min,,,,mm,CP04OSSM,MFD35,ADCPS
CP04OSSM-MFD35-01-ADCPSJ000,surf_max,surf_max,,,,mm,CP04OSSM,MFD35,ADCPS
CP04OSSM-MFD35-01-ADCPSJ000,surf_std,surf_std,,,,mm,CP04OSSM,MFD35,ADCPS
CP04OSSM-MFD35-01-ADCPSJ000,surf_max_chng,surf_max_chng,,,,mm,CP04OSSM,MFD35,ADCPS
CP04OSSM-MFD35-01-ADCPSJ000,surf_pct_gd,surf_pct_gd,,,,%,CP04OSSM,MFD35,ADCPS
CP04OSSM-MFD35-01-ADCPSJ000,tbe_max_dev,tbe_max_dev,,,,1/110ths s,CP04OSSM,MFD35,ADCPS
CP04OSSM-MFD35-01-ADCPSJ000,h_max_dev,h_max_dev,,,,deg,CP04OSSM,MFD35,ADCPS
CP04OSSM-MFD35-01-ADCPSJ000,pr_max_dev,pr_max_dev,,,,deg,CP04OSSM,MFD35,ADCPS
CP04OSSM-MFD35-01-ADCPSJ000,nom_depth,nom_depth,,,,cm,CP04OSSM,MFD35,ADCPS
CP04OSSM-MFD35-01-ADCPSJ000,cal_press,cal_press,,,,1,CP04OSSM,MFD35,ADCPS
CP04OSSM-MFD35-01-ADCPSJ000,depth_offset,depth_offset,,,,mm,CP04OSSM,MFD35,ADCPS
CP04OSSM-MFD35-01-ADCPSJ000,currents,currents,,,,1,CP04OSSM,MFD35,ADCPS
CP04OSSM-MFD35-01-ADCPSJ000,small_wave_freq,small_wave_freq,,,,1/100 Hz,CP04OSSM,MFD35,ADCPS
CP04OSSM-MFD35-01-ADCPSJ000,small_wave_thresh,small_wave_thresh,,,,mm,CP04OSSM,MFD35,ADCPS
CP04OSSM-MFD35-01-ADCPSJ000,tilts,tilts,,,,1,CP04OSSM,MFD35,ADCPS
CP04OSSM-MFD35-01-ADCPSJ000,fixed_pitch,fixed_pitch,,,,deg,CP04OSSM,MFD35,ADCPS
CP04OSSM-MFD35-01-ADCPSJ000,fixed_roll,fixed_roll,,,,deg,CP04OSSM,MFD35,ADCPS
CP04OSSM-MFD35-01-ADCPSJ000,bottom_slope_x,bottom_slope_x,,,,m,CP04OSSM,MFD35,ADCPS
CP04OSSM-MFD35-01-ADCPSJ000,bottom_slope_y,bottom_slope_y,,,,m,CP04OSSM,MFD35,ADCPS
CP04OSSM-MFD35-01-ADCPSJ000,down,down,,,,1,CP04OSSM,MFD35,ADCPS
CP04OSSM-MFD35-01-ADCPSJ000,trans_v2_surf,trans_v2_surf,,,,1,CP04OSSM,MFD35,ADCPS
CP04OSSM-MFD35-01-ADCPSJ000,scale_spec,scale_spec,,,,1,CP04OSSM,MFD35,ADCPS
CP04OSSM-MFD35-01-ADCPSJ000,sample_rate,sample_rate,,,,s,CP04OSSM,MFD35,ADCPS
CP04OSSM-MFD35-01-ADCPSJ000,freq_thresh,freq_thresh,,,,Hz,CP04OSSM,MFD35,ADCPS
CP04OSSM-MFD35-01-ADCPSJ000,dummy_surf,dummy_surf,,,,1,CP04OSSM,MFD35,ADCPS
CP04OSSM-MFD35-01-ADCPSJ000,remove_bias,remove_bias,,,,1,CP04OSSM,MFD35,ADCPS
CP04OSSM-MFD35-01-ADCPSJ000,dir_cutoff,dir_cutoff,,,,Hz,CP04OSSM,MFD35,ADCPS
CP04OSSM-MFD35-01-ADCPSJ000,heading_variation,heading_variation,,,,1/100 deg,CP04OSSM,MFD35,ADCPS
CP04OSSM-MFD35-01-ADCPSJ000,soft_rev,soft_rev,,,,1,CP04OSSM,MFD35,ADCPS
CP04OSSM-MFD35-01-ADCPSJ000,clip_pwr_spec,clip_pwr_spec,,,,1,CP04OSSM,MFD35,ADCPS
CP04OSSM-MFD35-01-ADCPSJ000,dir_p2,dir_p2,,,,1,CP04OSSM,MFD35,ADCPS
CP04OSSM-MFD35-01-ADCPSJ000,horizontal,horizontal,,,,1,CP04OSSM,MFD35,ADCPS
CP04OSSM-MFD35-01-ADCPSJ000,start_time,start_time,,,,1,CP04OSSM,MFD35,ADCPS
CP04OSSM-MFD35-01-ADCPSJ000,stop_time,stop_time,,,,1,CP04OSSM,MFD35,ADCPS
CP04OSSM-MFD35-01-ADCPSJ000,freq_lo,freq_lo,,,,1/1000th Hz,CP04OSSM,MFD35,ADCPS
CP04OSSM-MFD35-01-ADCPSJ000,average_depth,average_depth,,,,mm,CP04OSSM,MFD35,ADCPS
CP04OSSM-MFD35-01-ADCPSJ000,altitude,altitude,,,,cm,CP04OSSM,MFD35,ADCPS
CP04OSSM-MFD35-01-ADCPSJ000,bin_map,bin_map,,,,1,CP04OSSM,MFD35,ADCPS
CP04OSSM-MFD35-01-ADCPSJ000,disc_flag,disc_flag,,,,1,CP04OSSM,MFD35,ADCPS
CP04OSSM-MFD35-01-ADCPSJ000,pct_gd_press,pct_gd_press,,,,%,CP04OSSM,MFD35,ADCPS
CP04OSSM-MFD35-01-ADCPSJ000,avg_ss,avg_ss,,,,m/s,CP04OSSM,MFD35,ADCPS
CP04OSSM-MFD35-01-ADCPSJ000,avg_temp,avg_temp,,,,deg C,CP04OSSM,MFD35,ADCPS
CP04OSSM-MFD35-01-ADCPSJ000,pct_gd_surf,pct_gd_surf,,,,%,CP04OSSM,MFD35,ADCPS
CP04OSSM-MFD35-01-ADCPSJ000,pct_gd_vel,pct_gd_vel,,,,%,CP04OSSM,MFD35,ADCPS
CP04OSSM-MFD35-01-ADCPSJ000,heading_offset,heading_offset,,,,deg,CP04OSSM,MFD35,ADCPS
CP04OSSM-MFD35-01-ADCPSJ000,hs_std,hs_std,,,,1,CP04OSSM,MFD35,ADCPS
CP04OSSM-MFD35-01-ADCPSJ000,vs_std,vs_std,,,,1,CP04OSSM,MFD35,ADCPS
CP04OSSM-MFD35-01-ADCPSJ000,ps_std,ps_std,,,,1,CP04OSSM,MFD35,ADCPS
CP04OSSM-MFD35-01-ADCPSJ000,ds_freq_hi,ds_freq_hi,,,,1/100 Hz,CP04OSSM,MFD35,ADCPS
CP04OSSM-MFD35-01-ADCPSJ000,vs_freq_hi,vs_freq_hi,,,,1/100 Hz,CP04OSSM,MFD35,ADCPS
CP04OSSM-MFD35-01-ADCPSJ000,ps_freq_hi,ps_freq_hi,,,,1/100 Hz,CP04OSSM,MFD35,ADCPS
CP04OSSM-MFD35-01-ADCPSJ000,ss_freq_hi,ss_freq_hi,,,,1/100 Hz,CP04OSSM,MFD35,ADCPS
CP04OSSM-MFD35-01-ADCPSJ000,x_vel,x_vel,,,,mm/s,CP04OSSM,MFD35,ADCPS
CP04OSSM-MFD35-01-ADCPSJ000,y_vel,y_vel,,,,mm/s,CP04OSSM,MFD35,ADCPS
CP04OSSM-MFD35-01-ADCPSJ000,avg_pitch,avg_pitch,,,,1/100th deg,CP04OSSM,MFD35,ADCPS
CP04OSSM-MFD35-01-ADCPSJ000,avg_roll,avg_roll,,,,1/100th deg,CP04OSSM,MFD35,ADCPS
CP04OSSM-MFD35-01-ADCPSJ000,avg_heading,avg_heading,,,,1/100th deg,CP04OSSM,MFD35,ADCPS
CP04OSSM-MFD35-01-ADCPSJ000,samples_collected,samples_collected,,,,counts,CP04OSSM,MFD35,ADCPS
CP04OSSM-MFD35-01-ADCPSJ000,vspec_pct_measured,vspec_pct_measured,,,,%,CP04OSSM,MFD35,ADCPS
CP04OSSM-MFD35-01-ADCPSJ000,vspec_num_freq,vspec_num_freq,,,,counts,CP04OSSM,MFD35,ADCPS
CP04OSSM-MFD35-01-ADCPSJ000,vspec_dat,vspec_dat,,,,mm/sqrt(Hz),CP04OSSM,MFD35,ADCPS
CP04OSSM-MFD35-01-ADCPSJ000,sspec_num_freq,sspec_num_freq,,,,counts,CP04OSSM,MFD35,ADCPS
CP04OSSM-MFD35-01-ADCPSJ000,sspec_dat,sspec_dat,,,,mm/sqrt(Hz),CP04OSSM,MFD35,ADCPS
CP04OSSM-MFD35-01-ADCPSJ000,pspec_num_freq,pspec_num_freq,,,,counts,CP04OSSM,MFD35,ADCPS
CP04OSSM-MFD35-01-ADCPSJ000,pspec_dat,pspec_dat,,,,mm/sqrt(Hz),CP04OSSM,MFD35,ADCPS
CP04OSSM-MFD35-01-ADCPSJ000,dspec_num_freq,dspec_num_freq,,,,counts,CP04OSSM,MFD35,ADCPS
CP04OSSM-MFD35-01-ADCPSJ000,dspec_num_dir,dspec_num_dir,,,,counts,CP04OSSM,MFD35,ADCPS
CP04OSSM-MFD35-01-ADCPSJ000,dspec_good,dspec_good,,,,counts,CP04OSSM,MFD35,ADCPS
CP04OSSM-MFD35-01-ADCPSJ000,dspec_dat,dspec_dat,,,,mm/sqrt(Hz)/deg,CP04OSSM,MFD35,ADCPS
CP04OSSM-MFD35-01-ADCPSJ000,wave_hs1,wave_hs1,,,,mm,CP04OSSM,MFD35,ADCPS
CP04OSSM-MFD35-01-ADCPSJ000,wave_tp1,wave_tp1,,,,1/10 s,CP04OSSM,MFD35,ADCPS
CP04OSSM-MFD35-01-ADCPSJ000,wave_dp1,wave_dp1,,,,deg,CP04OSSM,MFD35,ADCPS
CP04OSSM-MFD35-01-ADCPSJ000,wave_hs2,wave_hs2,,,,mm,CP04OSSM,MFD35,ADCPS
CP04OSSM-MFD35-01-ADCPSJ000,wave_tp2,wave_tp2,,,,1/10 s,CP04OSSM,MFD35,ADCPS
CP04OSSM-MFD35-01-ADCPSJ000,wave_dp2,wave_dp2,,,,deg,CP04OSSM,MFD35,ADCPS
CP04OSSM-MFD35-01-ADCPSJ000,wave_dm,wave_dm,,,,deg,CP04OSSM,MFD35,ADCPS
CP04OSSM-MFD35-01-ADCPSJ000,hpr_num_samples,hpr_num_samples,,,,counts,CP04OSSM,MFD35,ADCPS
CP04OSSM-MFD35-01-ADCPSJ000,beam_angle,beam_angle,,,,deg,CP04OSSM,MFD35,ADCPS
CP04OSSM-MFD35-01-ADCPSJ000,heading_time_series,heading_time_series,,,,1/100th deg,CP04OSSM,MFD35,ADCPS
CP04OSSM-MFD35-01-ADCPSJ000,pitch_time_series,pitch_time_series,,,,1/100th deg,CP04OSSM,MFD35,ADCPS
CP04OSSM-MFD35-01-ADCPSJ000,roll_time_series,roll_time_series,,,,1/100th deg,CP04OSSM,MFD35,ADCPS
CP04OSSM-MFD35-01-ADCPSJ000,adcps_jln_recovered_eastward_seawater_velocity,adcps_jln_recovered_eastward_seawater_velocity,-3,3,L1,m s-1,CP04OSSM,MFD35,ADCPS
CP04OSSM-MFD35-01-ADCPSJ000,adcps_jln_recovered_northward_seawater_velocity,adcps_jln_recovered_northward_seawater_velocity,-3,3,L1,m s-1,CP04OSSM,MFD35,ADCPS
CP04OSSM-MFD35-01-ADCPSJ000,heading,heading,,,AUX,degrees,CP04OSSM,MFD35,ADCPS
CP04OSSM-MFD35-01-ADCPSJ000,pitch,pitch,,,AUX,degrees,CP04OSSM,MFD35,ADCPS
CP04OSSM-MFD35-01-ADCPSJ000,roll,roll,,,AUX,degrees,CP04OSSM,MFD35,ADCPS
CP04OSSM-MFD35-01-ADCPSJ000,temperature,temperature,-2,40,L1,deg_C,CP04OSSM,MFD35,ADCPS
CP04OSSM-MFD35-01-ADCPSJ000,firmware_version,firmware_version,,,,1,CP04OSSM,MFD35,ADCPS
CP04OSSM-MFD35-01-ADCPSJ000,firmware_revision,firmware_revision,,,,1,CP04OSSM,MFD35,ADCPS
CP04OSSM-MFD35-01-ADCPSJ000,sysconfig_frequency,sysconfig_frequency,,,,kHz,CP04OSSM,MFD35,ADCPS
CP04OSSM-MFD35-01-ADCPSJ000,sysconfig_beam_pattern,sysconfig_beam_pattern,,,,1,CP04OSSM,MFD35,ADCPS
CP04OSSM-MFD35-01-ADCPSJ000,sysconfig_sensor_config,sysconfig_sensor_config,,,,1,CP04OSSM,MFD35,ADCPS
CP04OSSM-MFD35-01-ADCPSJ000,sysconfig_head_attached,sysconfig_head_attached,,,,1,CP04OSSM,MFD35,ADCPS
CP04OSSM-MFD35-01-ADCPSJ000,sysconfig_vertical_orientation,sysconfig_vertical_orientation,,,,1,CP04OSSM,MFD35,ADCPS
CP04OSSM-MFD35-01-ADCPSJ000,data_flag,data_flag,,,,1,CP04OSSM,MFD35,ADCPS
CP04OSSM-MFD35-01-ADCPSJ000,lag_length,lag_length,,,,s,CP04OSSM,MFD35,ADCPS
CP04OSSM-MFD35-01-ADCPSJ000,num_beams,num_beams,,,,1,CP04OSSM,MFD35,ADCPS
CP04OSSM-MFD35-01-ADCPSJ000,num_cells,num_cells,,,,1,CP04OSSM,MFD35,ADCPS
CP04OSSM-MFD35-01-ADCPSJ000,pings_per_ensemble,pings_per_ensemble,,,,1,CP04OSSM,MFD35,ADCPS
CP04OSSM-MFD35-01-ADCPSJ000,cell_length,cell_length,,,,cm,CP04OSSM,MFD35,ADCPS
CP04OSSM-MFD35-01-ADCPSJ000,blank_after_transmit,blank_after_transmit,,,,cm,CP04OSSM,MFD35,ADCPS
CP04OSSM-MFD35-01-ADCPSJ000,signal_processing_mode,signal_processing_mode,,,,1,CP04OSSM,MFD35,ADCPS
CP04OSSM-MFD35-01-ADCPSJ000,low_corr_threshold,low_corr_threshold,,,,counts,CP04OSSM,MFD35,ADCPS
CP04OSSM-MFD35-01-ADCPSJ000,num_code_repetitions,num_code_repetitions,,,,counts,CP04OSSM,MFD35,ADCPS
CP04OSSM-MFD35-01-ADCPSJ000,percent_good_min,percent_good_min,,,,percent,CP04OSSM,MFD35,ADCPS
CP04OSSM-MFD35-01-ADCPSJ000,error_vel_threshold,error_vel_threshold,,,,mm s-1,CP04OSSM,MFD35,ADCPS
CP04OSSM-MFD35-01-ADCPSJ000,time_per_ping_minutes,time_per_ping_minutes,,,,min,CP04OSSM,MFD35,ADCPS
CP04OSSM-MFD35-01-ADCPSJ000,time_per_ping_seconds,time_per_ping_seconds,,,,s,CP04OSSM,MFD35,ADCPS
CP04OSSM-MFD35-01-ADCPSJ000,coord_transform_type,coord_transform_type,,,,1,CP04OSSM,MFD35,ADCPS
CP04OSSM-MFD35-01-ADCPSJ000,coord_transform_tilts,coord_transform_tilts,,,,1,CP04OSSM,MFD35,ADCPS
CP04OSSM-MFD35-01-ADCPSJ000,coord_transform_beams,coord_transform_beams,,,,1,CP04OSSM,MFD35,ADCPS
CP04OSSM-MFD35-01-ADCPSJ000,coord_transform_mapping,coord_transform_mapping,,,,1,CP04OSSM,MFD35,ADCPS
CP04OSSM-MFD35-01-ADCPSJ000,heading_alignment,heading_alignment,,,,cdegrees,CP04OSSM,MFD35,ADCPS
CP04OSSM-MFD35-01-ADCPSJ000,heading_bias,heading_bias,,,,cdegrees,CP04OSSM,MFD35,ADCPS
CP04OSSM-MFD35-01-ADCPSJ000,sensor_source_speed,sensor_source_speed,,,,1,CP04OSSM,MFD35,ADCPS
CP04OSSM-MFD35-01-ADCPSJ000,sensor_source_depth,sensor_source_depth,,,,1,CP04OSSM,MFD35,ADCPS
CP04OSSM-MFD35-01-ADCPSJ000,sensor_source_heading,sensor_source_heading,,,,1,CP04OSSM,MFD35,ADCPS
CP04OSSM-MFD35-01-ADCPSJ000,sensor_source_pitch,sensor_source_pitch,,,,1,CP04OSSM,MFD35,ADCPS
CP04OSSM-MFD35-01-ADCPSJ000,sensor_source_roll,sensor_source_roll,,,,1,CP04OSSM,MFD35,ADCPS
CP04OSSM-MFD35-01-ADCPSJ000,sensor_source_conductivity,sensor_source_conductivity,,,,1,CP04OSSM,MFD35,ADCPS
CP04OSSM-MFD35-01-ADCPSJ000,sensor_source_temperature,sensor_source_temperature,,,,1,CP04OSSM,MFD35,ADCPS
CP04OSSM-MFD35-01-ADCPSJ000,sensor_available_depth,sensor_available_depth,,,,1,CP04OSSM,MFD35,ADCPS
CP04OSSM-MFD35-01-ADCPSJ000,sensor_available_heading,sensor_available_heading,,,,1,CP04OSSM,MFD35,ADCPS
CP04OSSM-MFD35-01-ADCPSJ000,sensor_available_pitch,sensor_available_pitch,,,,1,CP04OSSM,MFD35,ADCPS
CP04OSSM-MFD35-01-ADCPSJ000,sensor_available_roll,sensor_available_roll,,,,1,CP04OSSM,MFD35,ADCPS
CP04OSSM-MFD35-01-ADCPSJ000,sensor_available_conductivity,sensor_available_conductivity,,,,1,CP04OSSM,MFD35,ADCPS
CP04OSSM-MFD35-01-ADCPSJ000,sensor_available_temperature,sensor_available_temperature,,,,1,CP04OSSM,MFD35,ADCPS
CP04OSSM-MFD35-01-ADCPSJ000,bin_1_distance,bin_1_distance,,,,cm,CP04OSSM,MFD35,ADCPS
CP04OSSM-MFD35-01-ADCPSJ000,transmit_pulse_length,transmit_pulse_length,,,,cm,CP04OSSM,MFD35,ADCPS
CP04OSSM-MFD35-01-ADCPSJ000,reference_layer_start,reference_layer_start,,,,1,CP04OSSM,MFD35,ADCPS
CP04OSSM-MFD35-01-ADCPSJ000,reference_layer_stop,reference_layer_stop,,,,1,CP04OSSM,MFD35,ADCPS
CP04OSSM-MFD35-01-ADCPSJ000,false_target_threshold,false_target_threshold,,,,counts,CP04OSSM,MFD35,ADCPS
CP04OSSM-MFD35-01-ADCPSJ000,low_latency_trigger,low_latency_trigger,,,,1,CP04OSSM,MFD35,ADCPS
CP04OSSM-MFD35-01-ADCPSJ000,transmit_lag_distance,transmit_lag_distance,,,,cm,CP04OSSM,MFD35,ADCPS
CP04OSSM-MFD35-01-ADCPSJ000,cpu_board_serial_number,cpu_board_serial_number,,,,1,CP04OSSM,MFD35,ADCPS
CP04OSSM-MFD35-01-ADCPSJ000,system_bandwidth,system_bandwidth,,,,1,CP04OSSM,MFD35,ADCPS
CP04OSSM-MFD35-01-ADCPSJ000,system_power,system_power,,,,1,CP04OSSM,MFD35,ADCPS
CP04OSSM-MFD35-01-ADCPSJ000,beam_angle,beam_angle,,,,degrees,CP04OSSM,MFD35,ADCPS
CP04OSSM-MFD35-01-ADCPSJ000,ensemble_number,ensemble_number,,,,1,CP04OSSM,MFD35,ADCPS
CP04OSSM-MFD35-01-ADCPSJ000,ensemble_number_increment,ensemble_number_increment,,,,1,CP04OSSM,MFD35,ADCPS
CP04OSSM-MFD35-01-ADCPSJ000,bit_result_demod_1,bit_result_demod_1,,,,1,CP04OSSM,MFD35,ADCPS
CP04OSSM-MFD35-01-ADCPSJ000,bit_result_demod_0,bit_result_demod_0,,,,1,CP04OSSM,MFD35,ADCPS
CP04OSSM-MFD35-01-ADCPSJ000,bit_result_timing,bit_result_timing,,,,1,CP04OSSM,MFD35,ADCPS
CP04OSSM-MFD35-01-ADCPSJ000,speed_of_sound,speed_of_sound,,,,m s-1,CP04OSSM,MFD35,ADCPS
CP04OSSM-MFD35-01-ADCPSJ000,transducer_depth,transducer_depth,,,,dm,CP04OSSM,MFD35,ADCPS
CP04OSSM-MFD35-01-ADCPSJ000,heading,heading,,,,cdegrees,CP04OSSM,MFD35,ADCPS
CP04OSSM-MFD35-01-ADCPSJ000,pitch,pitch,,,,cdegrees,CP04OSSM,MFD35,ADCPS
CP04OSSM-MFD35-01-ADCPSJ000,roll,roll,,,,cdegrees,CP04OSSM,MFD35,ADCPS
CP04OSSM-MFD35-01-ADCPSJ000,salinity,salinity,,,,1,CP04OSSM,MFD35,ADCPS
CP04OSSM-MFD35-01-ADCPSJ000,temperature,temperature,,,,cdeg_C,CP04OSSM,MFD35,ADCPS
CP04OSSM-MFD35-01-ADCPSJ000,mpt_minutes,mpt_minutes,,,,min,CP04OSSM,MFD35,ADCPS
CP04OSSM-MFD35-01-ADCPSJ000,mpt_seconds,mpt_seconds,,,,s,CP04OSSM,MFD35,ADCPS
CP04OSSM-MFD35-01-ADCPSJ000,heading_stdev,heading_stdev,,,,degrees,CP04OSSM,MFD35,ADCPS
CP04OSSM-MFD35-01-ADCPSJ000,pitch_stdev,pitch_stdev,,,,ddegrees,CP04OSSM,MFD35,ADCPS
CP04OSSM-MFD35-01-ADCPSJ000,roll_stdev,roll_stdev,,,,ddegrees,CP04OSSM,MFD35,ADCPS
CP04OSSM-MFD35-01-ADCPSJ000,adc_transmit_current,adc_transmit_current,,,,counts,CP04OSSM,MFD35,ADCPS
CP04OSSM-MFD35-01-ADCPSJ000,adc_transmit_voltage,adc_transmit_voltage,,,,counts,CP04OSSM,MFD35,ADCPS
CP04OSSM-MFD35-01-ADCPSJ000,adc_ambient_temp,adc_ambient_temp,,,,counts,CP04OSSM,MFD35,ADCPS
CP04OSSM-MFD35-01-ADCPSJ000,adc_pressure_plus,adc_pressure_plus,,,,counts,CP04OSSM,MFD35,ADCPS
CP04OSSM-MFD35-01-ADCPSJ000,adc_pressure_minus,adc_pressure_minus,,,,counts,CP04OSSM,MFD35,ADCPS
CP04OSSM-MFD35-01-ADCPSJ000,adc_attitude_temp,adc_attitude_temp,,,,counts,CP04OSSM,MFD35,ADCPS
CP04OSSM-MFD35-01-ADCPSJ000,adc_attitude,adc_attitude,,,,counts,CP04OSSM,MFD35,ADCPS
CP04OSSM-MFD35-01-ADCPSJ000,adc_contamination_sensor,adc_contamination_sensor,,,,counts,CP04OSSM,MFD35,ADCPS
CP04OSSM-MFD35-01-ADCPSJ000,bus_error_exception,bus_error_exception,,,,1,CP04OSSM,MFD35,ADCPS
CP04OSSM-MFD35-01-ADCPSJ000,address_error_exception,address_error_exception,,,,1,CP04OSSM,MFD35,ADCPS
CP04OSSM-MFD35-01-ADCPSJ000,illegal_instruction_exception,illegal_instruction_exception,,,,1,CP04OSSM,MFD35,ADCPS
CP04OSSM-MFD35-01-ADCPSJ000,zero_divide_instruction,zero_divide_instruction,,,,1,CP04OSSM,MFD35,ADCPS
CP04OSSM-MFD35-01-ADCPSJ000,emulator_exception,emulator_exception,,,,1,CP04OSSM,MFD35,ADCPS
CP04OSSM-MFD35-01-ADCPSJ000,unassigned_exception,unassigned_exception,,,,1,CP04OSSM,MFD35,ADCPS
CP04OSSM-MFD35-01-ADCPSJ000,watchdog_restart_occurred,watchdog_restart_occurred,,,,1,CP04OSSM,MFD35,ADCPS
CP04OSSM-MFD35-01-ADCPSJ000,battery_saver_power,battery_saver_power,,,,1,CP04OSSM,MFD35,ADCPS
CP04OSSM-MFD35-01-ADCPSJ000,pinging,pinging,,,,1,CP04OSSM,MFD35,ADCPS
CP04OSSM-MFD35-01-ADCPSJ000,cold_wakeup_occurred,cold_wakeup_occurred,,,,1,CP04OSSM,MFD35,ADCPS
CP04OSSM-MFD35-01-ADCPSJ000,time,time,,,ENG,seconds since 1900-01-01,CP04OSSM,MFD35,ADCPS
CP04OSSM-MFD35-01-ADCPSJ000,unknown_wakeup_occurred,unknown_wakeup_occurred,,,,1,CP04OSSM,MFD35,ADCPS
CP04OSSM-MFD35-01-ADCPSJ000,clock_read_error,clock_read_error,,,,1,CP04OSSM,MFD35,ADCPS
CP04OSSM-MFD35-01-ADCPSJ000,unexpected_alarm,unexpected_alarm,,,,1,CP04OSSM,MFD35,ADCPS
CP04OSSM-MFD35-01-ADCPSJ000,clock_jump_forward,clock_jump_forward,,,,1,CP04OSSM,MFD35,ADCPS
CP04OSSM-MFD35-01-ADCPSJ000,clock_jump_backward,clock_jump_backward,,,,1,CP04OSSM,MFD35,ADCPS
CP04OSSM-MFD35-01-ADCPSJ000,power_fail,power_fail,,,,1,CP04OSSM,MFD35,ADCPS
CP04OSSM-MFD35-01-ADCPSJ000,spurious_dsp_interrupt,spurious_dsp_interrupt,,,,1,CP04OSSM,MFD35,ADCPS
CP04OSSM-MFD35-01-ADCPSJ000,spurious_uart_interrupt,spurious_uart_interrupt,,,,1,CP04OSSM,MFD35,ADCPS
CP04OSSM-MFD35-01-ADCPSJ000,spurious_clock_interrupt,spurious_clock_interrupt,,,,1,CP04OSSM,MFD35,ADCPS
CP04OSSM-MFD35-01-ADCPSJ000,level_7_interrupt,level_7_interrupt,,,,1,CP04OSSM,MFD35,ADCPS
CP04OSSM-MFD35-01-ADCPSJ000,pressure,pressure,,,,daPa,CP04OSSM,MFD35,ADCPS
CP04OSSM-MFD35-01-ADCPSJ000,pressure_variance,pressure_variance,,,,daPa,CP04OSSM,MFD35,ADCPS
CP04OSSM-MFD35-01-ADCPSJ000,water_velocity_east,water_velocity_east,,,L0,mm s-1,CP04OSSM,MFD35,ADCPS
CP04OSSM-MFD35-01-ADCPSJ000,water_velocity_north,water_velocity_north,,,L0,mm s-1,CP04OSSM,MFD35,ADCPS
CP04OSSM-MFD35-01-ADCPSJ000,water_velocity_up,water_velocity_up,,,L0,mm s-1,CP04OSSM,MFD35,ADCPS
CP04OSSM-MFD35-01-ADCPSJ000,error_velocity,error_velocity,,,L0,mm s-1,CP04OSSM,MFD35,ADCPS
CP04OSSM-MFD35-01-ADCPSJ000,correlation_magnitude_beam1,correlation_magnitude_beam1,,,,1,CP04OSSM,MFD35,ADCPS
CP04OSSM-MFD35-01-ADCPSJ000,correlation_magnitude_beam2,correlation_magnitude_beam2,,,,1,CP04OSSM,MFD35,ADCPS
CP04OSSM-MFD35-01-ADCPSJ000,correlation_magnitude_beam3,correlation_magnitude_beam3,,,,1,CP04OSSM,MFD35,ADCPS
CP04OSSM-MFD35-01-ADCPSJ000,correlation_magnitude_beam4,correlation_magnitude_beam4,,,,1,CP04OSSM,MFD35,ADCPS
CP04OSSM-MFD35-01-ADCPSJ000,echo_intensity_beam1,echo_intensity_beam1,,,L0,counts,CP04OSSM,MFD35,ADCPS
CP04OSSM-MFD35-01-ADCPSJ000,echo_intensity_beam2,echo_intensity_beam2,,,L0,counts,CP04OSSM,MFD35,ADCPS
CP04OSSM-MFD35-01-ADCPSJ000,echo_intensity_beam3,echo_intensity_beam3,,,L0,counts,CP04OSSM,MFD35,ADCPS
CP04OSSM-MFD35-01-ADCPSJ000,echo_intensity_beam4,echo_intensity_beam4,,,L0,counts,CP04OSSM,MFD35,ADCPS
CP04OSSM-MFD35-01-ADCPSJ000,percent_good_3beam,percent_good_3beam,,,,percent,CP04OSSM,MFD35,ADCPS
CP04OSSM-MFD35-01-ADCPSJ000,percent_transforms_reject,percent_transforms_reject,,,,percent,CP04OSSM,MFD35,ADCPS
CP04OSSM-MFD35-01-ADCPSJ000,percent_bad_beams,percent_bad_beams,,,,percent,CP04OSSM,MFD35,ADCPS
CP04OSSM-MFD35-01-ADCPSJ000,percent_good_4beam,percent_good_4beam,,,,percent,CP04OSSM,MFD35,ADCPS
CP04OSSM-MFD35-01-ADCPSJ000,burst_number,burst_number,,,,1,CP04OSSM,MFD35,ADCPS
CP04OSSM-MFD35-01-ADCPSJ000,ensemble_start_time,ensemble_start_time,,,,seconds since 1900-01-01,CP04OSSM,MFD35,ADCPS
CP04OSSM-MFD35-01-ADCPSJ000,ingestion_timestamp,ingestion_timestamp,,,ENG,seconds since 1900-01-01,CP04OSSM,MFD35,ADCPS
CP04OSSM-MFD35-01-ADCPSJ000,real_time_clock,real_time_clock,,,,1,CP04OSSM,MFD35,ADCPS
CP04OSSM-MFD35-01-ADCPSJ000,upward_earth_seawater_velocity,upward_earth_seawater_velocity,-1,1,L1,m s-1,CP04OSSM,MFD35,ADCPS
CP04OSSM-MFD35-01-ADCPSJ000,earth_error_velocity,earth_error_velocity,-1,1,L1,m s-1,CP04OSSM,MFD35,ADCPS
CP04OSSM-MFD35-02-PRESFC000,driver_timestamp,driver_timestamp,,,ENG,seconds since 1900-01-01,CP04OSSM,MFD35,PRESF
CP04OSSM-MFD35-02-PRESFC000,internal_timestamp,internal_timestamp,,,ENG,seconds since 1900-01-01,CP04OSSM,MFD35,PRESF
CP04OSSM-MFD35-02-PRESFC000,preferred_timestamp,preferred_timestamp,,,ENG,1,CP04OSSM,MFD35,PRESF
CP04OSSM-MFD35-02-PRESFC000,dcl_controller_timestamp,dcl_controller_timestamp,,,ENG,1,CP04OSSM,MFD35,PRESF
CP04OSSM-MFD35-02-PRESFC000,pressure_temp,pressure_temp,,,AUX,deg_C,CP04OSSM,MFD35,PRESF
CP04OSSM-MFD35-02-PRESFC000,abs_seafloor_pressure,abs_seafloor_pressure,0,6000,L1,dbar,CP04OSSM,MFD35,PRESF
CP04OSSM-MFD35-02-PRESFC000,time,time,,,ENG,seconds since 1900-01-01,CP04OSSM,MFD35,PRESF
CP04OSSM-MFD35-02-PRESFC000,seawater_temperature,seawater_temperature,,,AUX,deg_C,CP04OSSM,MFD35,PRESF
CP04OSSM-MFD35-02-PRESFC000,ingestion_timestamp,ingestion_timestamp,,,ENG,seconds since 1900-01-01,CP04OSSM,MFD35,PRESF
CP04OSSM-MFD35-02-PRESFC000,date_time_string,date_time_string,,,,1,CP04OSSM,MFD35,PRESF
CP04OSSM-MFD35-02-PRESFC000,absolute_pressure,absolute_pressure,,,L0,psi,CP04OSSM,MFD35,PRESF
CP04OSSM-MFD35-04-VELPTB000,driver_timestamp,driver_timestamp,,,ENG,seconds since 1900-01-01,CP04OSSM,MFD35,VELPT
CP04OSSM-MFD35-04-VELPTB000,firmware_version,firmware_version,,,,1,CP04OSSM,MFD35,VELPT
CP04OSSM-MFD35-04-VELPTB000,eastward_velocity,eastward_velocity,-3,3,L1,m s-1,CP04OSSM,MFD35,VELPT
CP04OSSM-MFD35-04-VELPTB000,northward_velocity,northward_velocity,-3,3,L1,m s-1,CP04OSSM,MFD35,VELPT
CP04OSSM-MFD35-04-VELPTB000,upward_velocity,upward_velocity,-1,1,L1,m s-1,CP04OSSM,MFD35,VELPT
CP04OSSM-MFD35-04-VELPTB000,internal_timestamp,internal_timestamp,,,ENG,seconds since 1900-01-01,CP04OSSM,MFD35,VELPT
CP04OSSM-MFD35-04-VELPTB000,preferred_timestamp,preferred_timestamp,,,ENG,1,CP04OSSM,MFD35,VELPT
CP04OSSM-MFD35-04-VELPTB000,velpt_ab_eastward_velocity,velpt_ab_eastward_velocity,-3,3,L1,m s-1,CP04OSSM,MFD35,VELPT
CP04OSSM-MFD35-04-VELPTB000,velpt_ab_northward_velocity,velpt_ab_northward_velocity,-3,3,L1,m s-1,CP04OSSM,MFD35,VELPT
CP04OSSM-MFD35-04-VELPTB000,velpt_ab_upward_velocity,velpt_ab_upward_velocity,-1,1,L1,m s-1,CP04OSSM,MFD35,VELPT
CP04OSSM-MFD35-04-VELPTB000,number_of_beam_sequences,number_of_beam_sequences,,,,counts,CP04OSSM,MFD35,VELPT
CP04OSSM-MFD35-04-VELPTB000,number_of_beams_in_diagnostics_mode,number_of_beams_in_diagnostics_mode,,,,counts,CP04OSSM,MFD35,VELPT
CP04OSSM-MFD35-04-VELPTB000,reserved_bit_easyq,reserved_bit_easyq,,,,1,CP04OSSM,MFD35,VELPT
CP04OSSM-MFD35-04-VELPTB000,battery_voltage_dv,battery_voltage_dv,,,AUX,dV,CP04OSSM,MFD35,VELPT
CP04OSSM-MFD35-04-VELPTB000,sound_speed_dms,sound_speed_dms,,,AUX,dm s-1,CP04OSSM,MFD35,VELPT
CP04OSSM-MFD35-04-VELPTB000,heading_decidegree,heading_decidegree,,,AUX,deci-degrees,CP04OSSM,MFD35,VELPT
CP04OSSM-MFD35-04-VELPTB000,roll_decidegree,roll_decidegree,,,AUX,deci-degrees,CP04OSSM,MFD35,VELPT
CP04OSSM-MFD35-04-VELPTB000,pitch_decidegree,pitch_decidegree,,,AUX,deci-degrees,CP04OSSM,MFD35,VELPT
CP04OSSM-MFD35-04-VELPTB000,temperature_centidegree,temperature_centidegree,,,AUX,cdeg_C,CP04OSSM,MFD35,VELPT
CP04OSSM-MFD35-04-VELPTB000,pressure_mbar,pressure_mbar,,,AUX,0.001 dbar,CP04OSSM,MFD35,VELPT
CP04OSSM-MFD35-04-VELPTB000,error_code,error_code,,,,1,CP04OSSM,MFD35,VELPT
CP04OSSM-MFD35-04-VELPTB000,analog1,analog1,,,,1,CP04OSSM,MFD35,VELPT
CP04OSSM-MFD35-04-VELPTB000,status,status,,,,1,CP04OSSM,MFD35,VELPT
CP04OSSM-MFD35-04-VELPTB000,velocity_beam1,velocity_beam1,,,L0,mm s-1,CP04OSSM,MFD35,VELPT
CP04OSSM-MFD35-04-VELPTB000,velocity_beam2,velocity_beam2,,,L0,mm s-1,CP04OSSM,MFD35,VELPT
CP04OSSM-MFD35-04-VELPTB000,velocity_beam3,velocity_beam3,,,L0,mm s-1,CP04OSSM,MFD35,VELPT
CP04OSSM-MFD35-04-VELPTB000,amplitude_beam1,amplitude_beam1,,,AUX,counts,CP04OSSM,MFD35,VELPT
CP04OSSM-MFD35-04-VELPTB000,amplitude_beam2,amplitude_beam2,,,AUX,counts,CP04OSSM,MFD35,VELPT
CP04OSSM-MFD35-04-VELPTB000,amplitude_beam3,amplitude_beam3,,,AUX,counts,CP04OSSM,MFD35,VELPT
CP04OSSM-MFD35-04-VELPTB000,records_to_follow,records_to_follow,,,,1,CP04OSSM,MFD35,VELPT
CP04OSSM-MFD35-04-VELPTB000,cell_number_diagnostics,cell_number_diagnostics,,,,1,CP04OSSM,MFD35,VELPT
CP04OSSM-MFD35-04-VELPTB000,noise_amplitude_beam1,noise_amplitude_beam1,,,,counts,CP04OSSM,MFD35,VELPT
CP04OSSM-MFD35-04-VELPTB000,noise_amplitude_beam2,noise_amplitude_beam2,,,,counts,CP04OSSM,MFD35,VELPT
CP04OSSM-MFD35-04-VELPTB000,noise_amplitude_beam3,noise_amplitude_beam3,,,,counts,CP04OSSM,MFD35,VELPT
CP04OSSM-MFD35-04-VELPTB000,noise_amplitude_beam4,noise_amplitude_beam4,,,,counts,CP04OSSM,MFD35,VELPT
CP04OSSM-MFD35-04-VELPTB000,processing_magnitude_beam1,processing_magnitude_beam1,,,,1,CP04OSSM,MFD35,VELPT
CP04OSSM-MFD35-04-VELPTB000,processing_magnitude_beam2,processing_magnitude_beam2,,,,1,CP04OSSM,MFD35,VELPT
CP04OSSM-MFD35-04-VELPTB000,processing_magnitude_beam3,processing_magnitude_beam3,,,,1,CP04OSSM,MFD35,VELPT
CP04OSSM-MFD35-04-VELPTB000,processing_magnitude_beam4,processing_magnitude_beam4,,,,1,CP04OSSM,MFD35,VELPT
CP04OSSM-MFD35-04-VELPTB000,distance_beam1,distance_beam1,,,,1,CP04OSSM,MFD35,VELPT
CP04OSSM-MFD35-04-VELPTB000,distance_beam2,distance_beam2,,,,1,CP04OSSM,MFD35,VELPT
CP04OSSM-MFD35-04-VELPTB000,distance_beam3,distance_beam3,,,,1,CP04OSSM,MFD35,VELPT
CP04OSSM-MFD35-04-VELPTB000,distance_beam4,distance_beam4,,,,1,CP04OSSM,MFD35,VELPT
CP04OSSM-MFD35-04-VELPTB000,instrmt_type_serial_number,instrmt_type_serial_number,,,,1,CP04OSSM,MFD35,VELPT
CP04OSSM-MFD35-04-VELPTB000,pic_version,pic_version,,,,1,CP04OSSM,MFD35,VELPT
CP04OSSM-MFD35-04-VELPTB000,hardware_revision,hardware_revision,,,,1,CP04OSSM,MFD35,VELPT
CP04OSSM-MFD35-04-VELPTB000,recorder_size,recorder_size,,,,bytes,CP04OSSM,MFD35,VELPT
CP04OSSM-MFD35-04-VELPTB000,velocity_range,velocity_range,,,,1,CP04OSSM,MFD35,VELPT
CP04OSSM-MFD35-04-VELPTB000,pressure_sensor,pressure_sensor,,,,1,CP04OSSM,MFD35,VELPT
CP04OSSM-MFD35-04-VELPTB000,magnetometer_sensor,magnetometer_sensor,,,,1,CP04OSSM,MFD35,VELPT
CP04OSSM-MFD35-04-VELPTB000,tilt_sensor,tilt_sensor,,,,1,CP04OSSM,MFD35,VELPT
CP04OSSM-MFD35-04-VELPTB000,tilt_sensor_mounting,tilt_sensor_mounting,,,,1,CP04OSSM,MFD35,VELPT
CP04OSSM-MFD35-04-VELPTB000,head_frequency,head_frequency,,,,kHz,CP04OSSM,MFD35,VELPT
CP04OSSM-MFD35-04-VELPTB000,head_type,head_type,,,,1,CP04OSSM,MFD35,VELPT
CP04OSSM-MFD35-04-VELPTB000,head_serial_number,head_serial_number,,,,1,CP04OSSM,MFD35,VELPT
CP04OSSM-MFD35-04-VELPTB000,number_beams,number_beams,,,,1,CP04OSSM,MFD35,VELPT
CP04OSSM-MFD35-04-VELPTB000,transmit_pulse_length,transmit_pulse_length,,,,counts,CP04OSSM,MFD35,VELPT
CP04OSSM-MFD35-04-VELPTB000,blanking_distance,blanking_distance,,,,counts,CP04OSSM,MFD35,VELPT
CP04OSSM-MFD35-04-VELPTB000,receive_length,receive_length,,,,counts,CP04OSSM,MFD35,VELPT
CP04OSSM-MFD35-04-VELPTB000,time_between_pings,time_between_pings,,,,counts,CP04OSSM,MFD35,VELPT
CP04OSSM-MFD35-04-VELPTB000,time_between_bursts,time_between_bursts,,,,counts,CP04OSSM,MFD35,VELPT
CP04OSSM-MFD35-04-VELPTB000,average_interval,average_interval,,,,s,CP04OSSM,MFD35,VELPT
CP04OSSM-MFD35-04-VELPTB000,compass_update_rate,compass_update_rate,,,,Hz,CP04OSSM,MFD35,VELPT
CP04OSSM-MFD35-04-VELPTB000,coordinate_system,coordinate_system,,,,1,CP04OSSM,MFD35,VELPT
CP04OSSM-MFD35-04-VELPTB000,number_cells,number_cells,,,,1,CP04OSSM,MFD35,VELPT
CP04OSSM-MFD35-04-VELPTB000,measurement_interval,measurement_interval,,,,s,CP04OSSM,MFD35,VELPT
CP04OSSM-MFD35-04-VELPTB000,deployment_name,deployment_name,,,,1,CP04OSSM,MFD35,VELPT
CP04OSSM-MFD35-04-VELPTB000,diagnostics_interval,diagnostics_interval,,,,s,CP04OSSM,MFD35,VELPT
CP04OSSM-MFD35-04-VELPTB000,use_specified_sound_speed,use_specified_sound_speed,,,,1,CP04OSSM,MFD35,VELPT
CP04OSSM-MFD35-04-VELPTB000,diagnostics_mode_enable,diagnostics_mode_enable,,,,1,CP04OSSM,MFD35,VELPT
CP04OSSM-MFD35-04-VELPTB000,analog_output_enable,analog_output_enable,,,,1,CP04OSSM,MFD35,VELPT
CP04OSSM-MFD35-04-VELPTB000,output_format_nortek,output_format_nortek,,,,1,CP04OSSM,MFD35,VELPT
CP04OSSM-MFD35-04-VELPTB000,scaling,scaling,,,,1,CP04OSSM,MFD35,VELPT
CP04OSSM-MFD35-04-VELPTB000,serial_output_enable,serial_output_enable,,,,1,CP04OSSM,MFD35,VELPT
CP04OSSM-MFD35-04-VELPTB000,stage_enable,stage_enable,,,,1,CP04OSSM,MFD35,VELPT
CP04OSSM-MFD35-04-VELPTB000,analog_power_output,analog_power_output,,,,1,CP04OSSM,MFD35,VELPT
CP04OSSM-MFD35-04-VELPTB000,sound_speed_adjust_factor,sound_speed_adjust_factor,,,,m s-1,CP04OSSM,MFD35,VELPT
CP04OSSM-MFD35-04-VELPTB000,number_diagnostics_samples,number_diagnostics_samples,,,,1,CP04OSSM,MFD35,VELPT
CP04OSSM-MFD35-04-VELPTB000,number_pings_diagnostic,number_pings_diagnostic,,,,1,CP04OSSM,MFD35,VELPT
CP04OSSM-MFD35-04-VELPTB000,software_version,software_version,,,,1,CP04OSSM,MFD35,VELPT
CP04OSSM-MFD35-04-VELPTB000,correlation_threshold,correlation_threshold,,,,1,CP04OSSM,MFD35,VELPT
CP04OSSM-MFD35-04-VELPTB000,time,time,,,ENG,seconds since 1900-01-01,CP04OSSM,MFD35,VELPT
CP04OSSM-MFD35-04-VELPTB000,ingestion_timestamp,ingestion_timestamp,,,ENG,seconds since 1900-01-01,CP04OSSM,MFD35,VELPT
CP04OSSM-MFD35-04-VELPTB000,date_time_string,date_time_string,,,,1,CP04OSSM,MFD35,VELPT
CP04OSSM-MFD35-05-PCO2WB000,driver_timestamp,driver_timestamp,,,ENG,seconds since 1900-01-01,CP04OSSM,MFD35,PCO2W
CP04OSSM-MFD35-05-PCO2WB000,external_device2_fault,external_device2_fault,,,,1,CP04OSSM,MFD35,PCO2W
CP04OSSM-MFD35-05-PCO2WB000,external_device3_fault,external_device3_fault,,,,1,CP04OSSM,MFD35,PCO2W
CP04OSSM-MFD35-05-PCO2WB000,num_data_records,num_data_records,,,,1,CP04OSSM,MFD35,PCO2W
CP04OSSM-MFD35-05-PCO2WB000,num_error_records,num_error_records,,,,1,CP04OSSM,MFD35,PCO2W
CP04OSSM-MFD35-05-PCO2WB000,num_bytes_stored,num_bytes_stored,,,,bytes,CP04OSSM,MFD35,PCO2W
CP04OSSM-MFD35-05-PCO2WB000,internal_timestamp,internal_timestamp,,,ENG,seconds since 1900-01-01,CP04OSSM,MFD35,PCO2W
CP04OSSM-MFD35-05-PCO2WB000,preferred_timestamp,preferred_timestamp,,,ENG,1,CP04OSSM,MFD35,PCO2W
CP04OSSM-MFD35-05-PCO2WB000,passed_checksum,passed_checksum,,,ENG,1,CP04OSSM,MFD35,PCO2W
CP04OSSM-MFD35-05-PCO2WB000,dcl_controller_timestamp,dcl_controller_timestamp,,,ENG,1,CP04OSSM,MFD35,PCO2W
CP04OSSM-MFD35-05-PCO2WB000,blank_light_measurements,blank_light_measurements,,,,counts,CP04OSSM,MFD35,PCO2W
CP04OSSM-MFD35-05-PCO2WB000,battery_low_blank,battery_low_blank,,,,1,CP04OSSM,MFD35,PCO2W
CP04OSSM-MFD35-05-PCO2WB000,unique_id,unique_id,,,,1,CP04OSSM,MFD35,PCO2W
CP04OSSM-MFD35-05-PCO2WB000,record_type,record_type,,,,1,CP04OSSM,MFD35,PCO2W
CP04OSSM-MFD35-05-PCO2WB000,record_time,record_time,,,,seconds since 1904-01-01,CP04OSSM,MFD35,PCO2W
CP04OSSM-MFD35-05-PCO2WB000,light_measurements,light_measurements,,,,counts,CP04OSSM,MFD35,PCO2W
CP04OSSM-MFD35-05-PCO2WB000,voltage_battery,voltage_battery,,,,counts,CP04OSSM,MFD35,PCO2W
CP04OSSM-MFD35-05-PCO2WB000,thermistor_raw,thermistor_raw,,,L0,V,CP04OSSM,MFD35,PCO2W
CP04OSSM-MFD35-05-PCO2WB000,clock_active,clock_active,,,,1,CP04OSSM,MFD35,PCO2W
CP04OSSM-MFD35-05-PCO2WB000,recording_active,recording_active,,,,1,CP04OSSM,MFD35,PCO2W
CP04OSSM-MFD35-05-PCO2WB000,record_end_on_time,record_end_on_time,,,,1,CP04OSSM,MFD35,PCO2W
CP04OSSM-MFD35-05-PCO2WB000,record_memory_full,record_memory_full,,,,1,CP04OSSM,MFD35,PCO2W
CP04OSSM-MFD35-05-PCO2WB000,record_end_on_error,record_end_on_error,,,,1,CP04OSSM,MFD35,PCO2W
CP04OSSM-MFD35-05-PCO2WB000,data_download_ok,data_download_ok,,,,1,CP04OSSM,MFD35,PCO2W
CP04OSSM-MFD35-05-PCO2WB000,flash_memory_open,flash_memory_open,,,,1,CP04OSSM,MFD35,PCO2W
CP04OSSM-MFD35-05-PCO2WB000,battery_low_prestart,battery_low_prestart,,,,1,CP04OSSM,MFD35,PCO2W
CP04OSSM-MFD35-05-PCO2WB000,battery_low_measurement,battery_low_measurement,,,,1,CP04OSSM,MFD35,PCO2W
CP04OSSM-MFD35-05-PCO2WB000,battery_low_external,battery_low_external,,,,1,CP04OSSM,MFD35,PCO2W
CP04OSSM-MFD35-05-PCO2WB000,external_device1_fault,external_device1_fault,,,,1,CP04OSSM,MFD35,PCO2W
CP04OSSM-MFD35-05-PCO2WB000,flash_erased,flash_erased,,,,1,CP04OSSM,MFD35,PCO2W
CP04OSSM-MFD35-05-PCO2WB000,power_on_invalid,power_on_invalid,,,,1,CP04OSSM,MFD35,PCO2W
CP04OSSM-MFD35-05-PCO2WB000,time,time,,,ENG,seconds since 1900-01-01,CP04OSSM,MFD35,PCO2W
CP04OSSM-MFD35-05-PCO2WB000,ingestion_timestamp,ingestion_timestamp,,,ENG,seconds since 1900-01-01,CP04OSSM,MFD35,PCO2W
CP04OSSM-MFD35-05-PCO2WB000,absorbance_ratio_434,absorbance_ratio_434,0,100000,L0,counts,CP04OSSM,MFD35,PCO2W
CP04OSSM-MFD35-05-PCO2WB000,absorbance_ratio_620,absorbance_ratio_620,0,100000,L0,counts,CP04OSSM,MFD35,PCO2W
CP04OSSM-MFD35-05-PCO2WB000,absorbance_blank_434,absorbance_blank_434,,,L0,1,CP04OSSM,MFD35,PCO2W
CP04OSSM-MFD35-05-PCO2WB000,absorbance_blank_620,absorbance_blank_620,,,L0,1,CP04OSSM,MFD35,PCO2W
CP04OSSM-MFD35-05-PCO2WB000,pco2w_thermistor_temperature,pco2w_thermistor_temperature,-2,40,,deg_C,CP04OSSM,MFD35,PCO2W
CP04OSSM-MFD35-05-PCO2WB000,pco2_seawater,pco2_seawater,100,600,L1,uatm,CP04OSSM,MFD35,PCO2W
CP04OSSM-MFD35-06-PHSEND000,driver_timestamp,driver_timestamp,,,ENG,seconds since 1900-01-01,CP04OSSM,MFD35,PHSEN
CP04OSSM-MFD35-06-PHSEND000,external_device2_fault,external_device2_fault,,,,1,CP04OSSM,MFD35,PHSEN
CP04OSSM-MFD35-06-PHSEND000,external_device3_fault,external_device3_fault,,,,1,CP04OSSM,MFD35,PHSEN
CP04OSSM-MFD35-06-PHSEND000,num_data_records,num_data_records,,,,1,CP04OSSM,MFD35,PHSEN
CP04OSSM-MFD35-06-PHSEND000,num_error_records,num_error_records,,,,1,CP04OSSM,MFD35,PHSEN
CP04OSSM-MFD35-06-PHSEND000,num_bytes_stored,num_bytes_stored,,,,bytes,CP04OSSM,MFD35,PHSEN
CP04OSSM-MFD35-06-PHSEND000,internal_timestamp,internal_timestamp,,,ENG,seconds since 1900-01-01,CP04OSSM,MFD35,PHSEN
CP04OSSM-MFD35-06-PHSEND000,preferred_timestamp,preferred_timestamp,,,ENG,1,CP04OSSM,MFD35,PHSEN
CP04OSSM-MFD35-06-PHSEND000,passed_checksum,passed_checksum,,,ENG,1,CP04OSSM,MFD35,PHSEN
CP04OSSM-MFD35-06-PHSEND000,dcl_controller_timestamp,dcl_controller_timestamp,,,ENG,1,CP04OSSM,MFD35,PHSEN
CP04OSSM-MFD35-06-PHSEND000,phsen_abcdef_ph_seawater,phsen_abcdef_ph_seawater,7.3,8.5,L1,(unitless),CP04OSSM,MFD35,PHSEN
CP04OSSM-MFD35-06-PHSEND000,battery_low_blank,battery_low_blank,,,,1,CP04OSSM,MFD35,PHSEN
CP04OSSM-MFD35-06-PHSEND000,unique_id,unique_id,,,,1,CP04OSSM,MFD35,PHSEN
CP04OSSM-MFD35-06-PHSEND000,record_type,record_type,,,,1,CP04OSSM,MFD35,PHSEN
CP04OSSM-MFD35-06-PHSEND000,record_time,record_time,,,,seconds since 1904-01-01,CP04OSSM,MFD35,PHSEN
CP04OSSM-MFD35-06-PHSEND000,light_measurements,light_measurements,,,,counts,CP04OSSM,MFD35,PHSEN
CP04OSSM-MFD35-06-PHSEND000,voltage_battery,voltage_battery,,,,counts,CP04OSSM,MFD35,PHSEN
CP04OSSM-MFD35-06-PHSEND000,clock_active,clock_active,,,,1,CP04OSSM,MFD35,PHSEN
CP04OSSM-MFD35-06-PHSEND000,recording_active,recording_active,,,,1,CP04OSSM,MFD35,PHSEN
CP04OSSM-MFD35-06-PHSEND000,record_end_on_time,record_end_on_time,,,,1,CP04OSSM,MFD35,PHSEN
CP04OSSM-MFD35-06-PHSEND000,record_memory_full,record_memory_full,,,,1,CP04OSSM,MFD35,PHSEN
CP04OSSM-MFD35-06-PHSEND000,phsen_abcdef_signal_intensity_434,phsen_abcdef_signal_intensity_434,,,L0,counts,CP04OSSM,MFD35,PHSEN
CP04OSSM-MFD35-06-PHSEND000,phsen_abcdef_signal_intensity_578,phsen_abcdef_signal_intensity_578,,,L0,counts,CP04OSSM,MFD35,PHSEN
CP04OSSM-MFD35-06-PHSEND000,record_end_on_error,record_end_on_error,,,,1,CP04OSSM,MFD35,PHSEN
CP04OSSM-MFD35-06-PHSEND000,data_download_ok,data_download_ok,,,,1,CP04OSSM,MFD35,PHSEN
CP04OSSM-MFD35-06-PHSEND000,flash_memory_open,flash_memory_open,,,,1,CP04OSSM,MFD35,PHSEN
CP04OSSM-MFD35-06-PHSEND000,battery_low_prestart,battery_low_prestart,,,,1,CP04OSSM,MFD35,PHSEN
CP04OSSM-MFD35-06-PHSEND000,battery_low_measurement,battery_low_measurement,,,,1,CP04OSSM,MFD35,PHSEN
CP04OSSM-MFD35-06-PHSEND000,battery_low_external,battery_low_external,,,,1,CP04OSSM,MFD35,PHSEN
CP04OSSM-MFD35-06-PHSEND000,external_device1_fault,external_device1_fault,,,,1,CP04OSSM,MFD35,PHSEN
CP04OSSM-MFD35-06-PHSEND000,flash_erased,flash_erased,,,,1,CP04OSSM,MFD35,PHSEN
CP04OSSM-MFD35-06-PHSEND000,power_on_invalid,power_on_invalid,,,,1,CP04OSSM,MFD35,PHSEN
CP04OSSM-MFD35-06-PHSEND000,time,time,,,ENG,seconds since 1900-01-01,CP04OSSM,MFD35,PHSEN
CP04OSSM-MFD35-06-PHSEND000,ingestion_timestamp,ingestion_timestamp,,,ENG,seconds since 1900-01-01,CP04OSSM,MFD35,PHSEN
CP04OSSM-MFD35-06-PHSEND000,thermistor_start,thermistor_start,,,,counts,CP04OSSM,MFD35,PHSEN
CP04OSSM-MFD35-06-PHSEND000,reference_light_measurements,reference_light_measurements,,,,counts,CP04OSSM,MFD35,PHSEN
CP04OSSM-MFD35-06-PHSEND000,thermistor_end,thermistor_end,,,,counts,CP04OSSM,MFD35,PHSEN
CP04OSSM-MFD35-06-PHSEND000,phsen_thermistor_temperature,phsen_thermistor_temperature,,,L0,V,CP04OSSM,MFD35,PHSEN
CP04OSSM-MFD37-01-OPTAAD000,driver_timestamp,driver_timestamp,,,ENG,seconds since 1900-01-01,CP04OSSM,MFD37,OPTAA
CP04OSSM-MFD37-01-OPTAAD000,internal_timestamp,internal_timestamp,,,ENG,seconds since 1900-01-01,CP04OSSM,MFD37,OPTAA
CP04OSSM-MFD37-01-OPTAAD000,preferred_timestamp,preferred_timestamp,,,ENG,1,CP04OSSM,MFD37,OPTAA
CP04OSSM-MFD37-01-OPTAAD000,start_date,start_date,,,,1,CP04OSSM,MFD37,OPTAA
CP04OSSM-MFD37-01-OPTAAD000,serial_number,serial_number,,,ENG,1,CP04OSSM,MFD37,OPTAA
CP04OSSM-MFD37-01-OPTAAD000,optaa_dj_dcl_beam_attenuation,optaa_dj_dcl_beam_attenuation,0,100,L2,m-1,CP04OSSM,MFD37,OPTAA
CP04OSSM-MFD37-01-OPTAAD000,optaa_dj_dcl_optical_absorption,optaa_dj_dcl_optical_absorption,0,100,L2,m-1,CP04OSSM,MFD37,OPTAA
CP04OSSM-MFD37-01-OPTAAD000,packet_type,packet_type,,,,1,CP04OSSM,MFD37,OPTAA
CP04OSSM-MFD37-01-OPTAAD000,meter_type,meter_type,,,,1,CP04OSSM,MFD37,OPTAA
CP04OSSM-MFD37-01-OPTAAD000,a_reference_dark_counts,a_reference_dark_counts,,,,counts,CP04OSSM,MFD37,OPTAA
CP04OSSM-MFD37-01-OPTAAD000,pressure_counts,pressure_counts,,,,counts,CP04OSSM,MFD37,OPTAA
CP04OSSM-MFD37-01-OPTAAD000,a_signal_dark_counts,a_signal_dark_counts,,,,counts,CP04OSSM,MFD37,OPTAA
CP04OSSM-MFD37-01-OPTAAD000,external_temp_raw,external_temp_raw,,,,counts,CP04OSSM,MFD37,OPTAA
CP04OSSM-MFD37-01-OPTAAD000,internal_temp_raw,internal_temp_raw,,,L0,counts,CP04OSSM,MFD37,OPTAA
CP04OSSM-MFD37-01-OPTAAD000,c_reference_dark_counts,c_reference_dark_counts,,,,counts,CP04OSSM,MFD37,OPTAA
CP04OSSM-MFD37-01-OPTAAD000,c_signal_dark_counts,c_signal_dark_counts,,,,counts,CP04OSSM,MFD37,OPTAA
CP04OSSM-MFD37-01-OPTAAD000,elapsed_run_time,elapsed_run_time,,,,ms,CP04OSSM,MFD37,OPTAA
CP04OSSM-MFD37-01-OPTAAD000,num_wavelengths,num_wavelengths,,,,1,CP04OSSM,MFD37,OPTAA
CP04OSSM-MFD37-01-OPTAAD000,c_reference_counts,c_reference_counts,,,L0,counts,CP04OSSM,MFD37,OPTAA
CP04OSSM-MFD37-01-OPTAAD000,a_reference_counts,a_reference_counts,,,L0,counts,CP04OSSM,MFD37,OPTAA
CP04OSSM-MFD37-01-OPTAAD000,c_signal_counts,c_signal_counts,,,L0,counts,CP04OSSM,MFD37,OPTAA
CP04OSSM-MFD37-01-OPTAAD000,a_signal_counts,a_signal_counts,,,L0,counts,CP04OSSM,MFD37,OPTAA
CP04OSSM-MFD37-01-OPTAAD000,time,time,,,ENG,seconds since 1900-01-01,CP04OSSM,MFD37,OPTAA
CP04OSSM-MFD37-01-OPTAAD000,ingestion_timestamp,ingestion_timestamp,,,ENG,seconds since 1900-01-01,CP04OSSM,MFD37,OPTAA
CP04OSSM-MFD37-03-CTDBPE000,conductivity,conductivity,0,6,L1,S m-1,CP04OSSM,MFD37,CTDBP
CP04OSSM-MFD37-03-CTDBPE000,driver_timestamp,driver_timestamp,,,ENG,seconds since 1900-01-01,CP04OSSM,MFD37,CTDBP
CP04OSSM-MFD37-03-CTDBPE000,internal_timestamp,internal_timestamp,,,ENG,seconds since 1900-01-01,CP04OSSM,MFD37,CTDBP
CP04OSSM-MFD37-03-CTDBPE000,preferred_timestamp,preferred_timestamp,,,ENG,1,CP04OSSM,MFD37,CTDBP
CP04OSSM-MFD37-03-CTDBPE000,temperature,temperature,,,L0,counts,CP04OSSM,MFD37,CTDBP
CP04OSSM-MFD37-03-CTDBPE000,conductivity,conductivity,,,L0,counts,CP04OSSM,MFD37,CTDBP
CP04OSSM-MFD37-03-CTDBPE000,pressure,pressure,,,L0,counts,CP04OSSM,MFD37,CTDBP
CP04OSSM-MFD37-03-CTDBPE000,pressure_temp,pressure_temp,,,L0,counts,CP04OSSM,MFD37,CTDBP
CP04OSSM-MFD37-03-CTDBPE000,ctd_time,ctd_time,,,ENG,seconds since 2000-01-01,CP04OSSM,MFD37,CTDBP
CP04OSSM-MFD37-03-CTDBPE000,pressure,pressure,0,6000,L1,dbar,CP04OSSM,MFD37,CTDBP
CP04OSSM-MFD37-03-CTDBPE000,dcl_controller_timestamp,dcl_controller_timestamp,,,ENG,1,CP04OSSM,MFD37,CTDBP
CP04OSSM-MFD37-03-CTDBPE000,ctdbp_seawater_temperature,ctdbp_seawater_temperature,-2,40,L1,deg_C,CP04OSSM,MFD37,CTDBP
CP04OSSM-MFD37-03-CTDBPE000,ctdbp_seawater_pressure,ctdbp_seawater_pressure,0,6000,L1,dbar,CP04OSSM,MFD37,CTDBP
CP04OSSM-MFD37-03-CTDBPE000,ctdbp_seawater_conductivity,ctdbp_seawater_conductivity,0,6,L1,S m-1,CP04OSSM,MFD37,CTDBP
CP04OSSM-MFD37-03-CTDBPE000,ctdbp_practical_salinity,ctdbp_practical_salinity,0,42,L2,1,CP04OSSM,MFD37,CTDBP
CP04OSSM-MFD37-03-CTDBPE000,ctdbp_seawater_density,ctdbp_seawater_density,1000,1100,L2,kg m-3,CP04OSSM,MFD37,CTDBP
CP04OSSM-MFD37-03-CTDBPE000,ctdbp_cdef_dcl_ce_density,ctdbp_cdef_dcl_ce_density,1000,1100,L2,kg m-3,CP04OSSM,MFD37,CTDBP
CP04OSSM-MFD37-03-CTDBPE000,temp,temp,-2,40,L1,deg_C,CP04OSSM,MFD37,CTDBP
CP04OSSM-MFD37-03-CTDBPE000,time,time,,,ENG,seconds since 1900-01-01,CP04OSSM,MFD37,CTDBP
CP04OSSM-MFD37-03-CTDBPE000,ingestion_timestamp,ingestion_timestamp,,,ENG,seconds since 1900-01-01,CP04OSSM,MFD37,CTDBP
CP04OSSM-MFD37-03-CTDBPE000,salinity,salinity,0,42,L2,(unitless),CP04OSSM,MFD37,CTDBP
CP04OSSM-MFD37-03-CTDBPE000,date_time_string,date_time_string,,,,1,CP04OSSM,MFD37,CTDBP
CP04OSSM-MFD37-04-DOSTAD000,product_number,product_number,,,,1,CP04OSSM,MFD37,DOSTA
CP04OSSM-MFD37-04-DOSTAD000,driver_timestamp,driver_timestamp,,,ENG,seconds since 1900-01-01,CP04OSSM,MFD37,DOSTA
CP04OSSM-MFD37-04-DOSTAD000,internal_timestamp,internal_timestamp,,,ENG,seconds since 1900-01-01,CP04OSSM,MFD37,DOSTA
CP04OSSM-MFD37-04-DOSTAD000,preferred_timestamp,preferred_timestamp,,,ENG,1,CP04OSSM,MFD37,DOSTA
CP04OSSM-MFD37-04-DOSTAD000,dcl_controller_timestamp,dcl_controller_timestamp,,,ENG,1,CP04OSSM,MFD37,DOSTA
CP04OSSM-MFD37-04-DOSTAD000,dosta_abcdjm_cspp_tc_oxygen,dosta_abcdjm_cspp_tc_oxygen,0,400,L1,umol L-1,CP04OSSM,MFD37,DOSTA
CP04OSSM-MFD37-04-DOSTAD000,serial_number,serial_number,,,ENG,1,CP04OSSM,MFD37,DOSTA
CP04OSSM-MFD37-04-DOSTAD000,dosta_abcdjm_dcl_abs_oxygen,dosta_abcdjm_dcl_abs_oxygen,0,400,L2,umol kg-1,CP04OSSM,MFD37,DOSTA
CP04OSSM-MFD37-04-DOSTAD000,dosta_abcdjm_dcl_metbk_abs_oxygen,dosta_abcdjm_dcl_metbk_abs_oxygen,0,400,L2,umol kg-1,CP04OSSM,MFD37,DOSTA
CP04OSSM-MFD37-04-DOSTAD000,dosta_abcdjm_dcl_ctdbp_abs_oxygen,dosta_abcdjm_dcl_ctdbp_abs_oxygen,0,400,L2,umol kg-1,CP04OSSM,MFD37,DOSTA
CP04OSSM-MFD37-04-DOSTAD000,time,time,,,ENG,seconds since 1900-01-01,CP04OSSM,MFD37,DOSTA
CP04OSSM-MFD37-04-DOSTAD000,ingestion_timestamp,ingestion_timestamp,,,ENG,seconds since 1900-01-01,CP04OSSM,MFD37,DOSTA
CP04OSSM-MFD37-04-DOSTAD000,estimated_oxygen_concentration,estimated_oxygen_concentration,0,400,L1,umol L-1,CP04OSSM,MFD37,DOSTA
CP04OSSM-MFD37-04-DOSTAD000,estimated_oxygen_saturation,estimated_oxygen_saturation,0,110,L1,percent,CP04OSSM,MFD37,DOSTA
CP04OSSM-MFD37-04-DOSTAD000,optode_temperature,optode_temperature,-2,40,,deg_C,CP04OSSM,MFD37,DOSTA
CP04OSSM-MFD37-04-DOSTAD000,calibrated_phase,calibrated_phase,,,L0,degrees,CP04OSSM,MFD37,DOSTA
CP04OSSM-MFD37-04-DOSTAD000,temp_compensated_phase,temp_compensated_phase,,,,degrees,CP04OSSM,MFD37,DOSTA
CP04OSSM-MFD37-04-DOSTAD000,blue_phase,blue_phase,,,,degrees,CP04OSSM,MFD37,DOSTA
CP04OSSM-MFD37-04-DOSTAD000,red_phase,red_phase,,,,degrees,CP04OSSM,MFD37,DOSTA
CP04OSSM-MFD37-04-DOSTAD000,blue_amplitude,blue_amplitude,,,,mV,CP04OSSM,MFD37,DOSTA
CP04OSSM-MFD37-04-DOSTAD000,red_amplitude,red_amplitude,,,,mV,CP04OSSM,MFD37,DOSTA
CP04OSSM-MFD37-04-DOSTAD000,raw_temperature,raw_temperature,,,,mV,CP04OSSM,MFD37,DOSTA
CP04OSSM-MFD37-07-ZPLSCC000,serial_number,serial_number,,,ENG,1,CP04OSSM,MFD37,ZPLSC
CP04OSSM-MFD37-07-ZPLSCC000,zplsc_c_transmission_timestamp,zplsc_c_transmission_timestamp,,,,1,CP04OSSM,MFD37,ZPLSC
CP04OSSM-MFD37-07-ZPLSCC000,zplsc_c_phase,zplsc_c_phase,,,,1,CP04OSSM,MFD37,ZPLSC
CP04OSSM-MFD37-07-ZPLSCC000,zplsc_c_number_of_frequencies,zplsc_c_number_of_frequencies,,,,1,CP04OSSM,MFD37,ZPLSC
CP04OSSM-MFD37-07-ZPLSCC000,zplsc_c_number_of_bins_frequency_1,zplsc_c_number_of_bins_frequency_1,,,,1,CP04OSSM,MFD37,ZPLSC
CP04OSSM-MFD37-07-ZPLSCC000,zplsc_c_number_of_bins_frequency_2,zplsc_c_number_of_bins_frequency_2,,,,1,CP04OSSM,MFD37,ZPLSC
CP04OSSM-MFD37-07-ZPLSCC000,zplsc_c_number_of_bins_frequency_3,zplsc_c_number_of_bins_frequency_3,,,,1,CP04OSSM,MFD37,ZPLSC
CP04OSSM-MFD37-07-ZPLSCC000,zplsc_c_number_of_bins_frequency_4,zplsc_c_number_of_bins_frequency_4,,,,1,CP04OSSM,MFD37,ZPLSC
CP04OSSM-MFD37-07-ZPLSCC000,zplsc_c_min_value_channel_1,zplsc_c_min_value_channel_1,,,,counts,CP04OSSM,MFD37,ZPLSC
CP04OSSM-MFD37-07-ZPLSCC000,zplsc_c_min_value_channel_2,zplsc_c_min_value_channel_2,,,,counts,CP04OSSM,MFD37,ZPLSC
CP04OSSM-MFD37-07-ZPLSCC000,zplsc_c_min_value_channel_3,zplsc_c_min_value_channel_3,,,,counts,CP04OSSM,MFD37,ZPLSC
CP04OSSM-MFD37-07-ZPLSCC000,zplsc_c_min_value_channel_4,zplsc_c_min_value_channel_4,,,,counts,CP04OSSM,MFD37,ZPLSC
CP04OSSM-MFD37-07-ZPLSCC000,zplsc_c_date_of_burst,zplsc_c_date_of_burst,,,,1,CP04OSSM,MFD37,ZPLSC
CP04OSSM-MFD37-07-ZPLSCC000,zplsc_c_tilt_x,zplsc_c_tilt_x,,,,deg,CP04OSSM,MFD37,ZPLSC
CP04OSSM-MFD37-07-ZPLSCC000,zplsc_c_tilt_y,zplsc_c_tilt_y,,,,deg,CP04OSSM,MFD37,ZPLSC
CP04OSSM-MFD37-07-ZPLSCC000,zplsc_c_battery_voltage,zplsc_c_battery_voltage,,,,volt,CP04OSSM,MFD37,ZPLSC
CP04OSSM-MFD37-07-ZPLSCC000,zplsc_c_temperature,zplsc_c_temperature,,,,degC,CP04OSSM,MFD37,ZPLSC
CP04OSSM-MFD37-07-ZPLSCC000,zplsc_c_pressure,zplsc_c_pressure,,,,dbar,CP04OSSM,MFD37,ZPLSC
CP04OSSM-MFD37-07-ZPLSCC000,zplsc_c_board_number_channel_1,zplsc_c_board_number_channel_1,,,,1,CP04OSSM,MFD37,ZPLSC
CP04OSSM-MFD37-07-ZPLSCC000,zplsc_c_frequency_channel_1,zplsc_c_frequency_channel_1,,,,kHz,CP04OSSM,MFD37,ZPLSC
CP04OSSM-MFD37-07-ZPLSCC000,zplsc_c_values_channel_1,zplsc_c_values_channel_1,,,,counts,CP04OSSM,MFD37,ZPLSC
CP04OSSM-MFD37-07-ZPLSCC000,zplsc_c_board_number_channel_2,zplsc_c_board_number_channel_2,,,,1,CP04OSSM,MFD37,ZPLSC
CP04OSSM-MFD37-07-ZPLSCC000,zplsc_c_frequency_channel_2,zplsc_c_frequency_channel_2,,,,kHz,CP04OSSM,MFD37,ZPLSC
CP04OSSM-MFD37-07-ZPLSCC000,zplsc_c_values_channel_2,zplsc_c_values_channel_2,,,,counts,CP04OSSM,MFD37,ZPLSC
CP04OSSM-MFD37-07-ZPLSCC000,zplsc_c_board_number_channel_3,zplsc_c_board_number_channel_3,,,,1,CP04OSSM,MFD37,ZPLSC
CP04OSSM-MFD37-07-ZPLSCC000,zplsc_c_frequency_channel_3,zplsc_c_frequency_channel_3,,,,kHz,CP04OSSM,MFD37,ZPLSC
CP04OSSM-MFD37-07-ZPLSCC000,zplsc_c_values_channel_3,zplsc_c_values_channel_3,,,,counts,CP04OSSM,MFD37,ZPLSC
CP04OSSM-MFD37-07-ZPLSCC000,zplsc_c_board_number_channel_4,zplsc_c_board_number_channel_4,,,,1,CP04OSSM,MFD37,ZPLSC
CP04OSSM-MFD37-07-ZPLSCC000,zplsc_c_frequency_channel_4,zplsc_c_frequency_channel_4,,,,kHz,CP04OSSM,MFD37,ZPLSC
CP04OSSM-MFD37-07-ZPLSCC000,zplsc_c_values_channel_4,zplsc_c_values_channel_4,,,,counts,CP04OSSM,MFD37,ZPLSC
CP04OSSM-MFD37-07-ZPLSCC000,time,time,,,ENG,seconds since 1900-01-01,CP04OSSM,MFD37,ZPLSC
CP04OSSM-MFD37-07-ZPLSCC000,burst_number,burst_number,,,,1,CP04OSSM,MFD37,ZPLSC
CP04OSSM-RID26-04-VELPTA000,driver_timestamp,driver_timestamp,,,ENG,seconds since 1900-01-01,CP04OSSM,RID26,VELPT
CP04OSSM-RID26-04-VELPTA000,firmware_version,firmware_version,,,,1,CP04OSSM,RID26,VELPT
CP04OSSM-RID26-04-VELPTA000,eastward_velocity,eastward_velocity,-3,3,L1,m s-1,CP04OSSM,RID26,VELPT
CP04OSSM-RID26-04-VELPTA000,northward_velocity,northward_velocity,-3,3,L1,m s-1,CP04OSSM,RID26,VELPT
CP04OSSM-RID26-04-VELPTA000,upward_velocity,upward_velocity,-1,1,L1,m s-1,CP04OSSM,RID26,VELPT
CP04OSSM-RID26-04-VELPTA000,internal_timestamp,internal_timestamp,,,ENG,seconds since 1900-01-01,CP04OSSM,RID26,VELPT
CP04OSSM-RID26-04-VELPTA000,preferred_timestamp,preferred_timestamp,,,ENG,1,CP04OSSM,RID26,VELPT
CP04OSSM-RID26-04-VELPTA000,velpt_ab_eastward_velocity,velpt_ab_eastward_velocity,-3,3,L1,m s-1,CP04OSSM,RID26,VELPT
CP04OSSM-RID26-04-VELPTA000,velpt_ab_northward_velocity,velpt_ab_northward_velocity,-3,3,L1,m s-1,CP04OSSM,RID26,VELPT
CP04OSSM-RID26-04-VELPTA000,velpt_ab_upward_velocity,velpt_ab_upward_velocity,-1,1,L1,m s-1,CP04OSSM,RID26,VELPT
CP04OSSM-RID26-04-VELPTA000,number_of_beam_sequences,number_of_beam_sequences,,,,counts,CP04OSSM,RID26,VELPT
CP04OSSM-RID26-04-VELPTA000,number_of_beams_in_diagnostics_mode,number_of_beams_in_diagnostics_mode,,,,counts,CP04OSSM,RID26,VELPT
CP04OSSM-RID26-04-VELPTA000,reserved_bit_easyq,reserved_bit_easyq,,,,1,CP04OSSM,RID26,VELPT
CP04OSSM-RID26-04-VELPTA000,battery_voltage_dv,battery_voltage_dv,,,AUX,dV,CP04OSSM,RID26,VELPT
CP04OSSM-RID26-04-VELPTA000,sound_speed_dms,sound_speed_dms,,,AUX,dm s-1,CP04OSSM,RID26,VELPT
CP04OSSM-RID26-04-VELPTA000,heading_decidegree,heading_decidegree,,,AUX,deci-degrees,CP04OSSM,RID26,VELPT
CP04OSSM-RID26-04-VELPTA000,roll_decidegree,roll_decidegree,,,AUX,deci-degrees,CP04OSSM,RID26,VELPT
CP04OSSM-RID26-04-VELPTA000,pitch_decidegree,pitch_decidegree,,,AUX,deci-degrees,CP04OSSM,RID26,VELPT
CP04OSSM-RID26-04-VELPTA000,temperature_centidegree,temperature_centidegree,,,AUX,cdeg_C,CP04OSSM,RID26,VELPT
CP04OSSM-RID26-04-VELPTA000,pressure_mbar,pressure_mbar,,,AUX,0.001 dbar,CP04OSSM,RID26,VELPT
CP04OSSM-RID26-04-VELPTA000,error_code,error_code,,,,1,CP04OSSM,RID26,VELPT
CP04OSSM-RID26-04-VELPTA000,analog1,analog1,,,,1,CP04OSSM,RID26,VELPT
CP04OSSM-RID26-04-VELPTA000,status,status,,,,1,CP04OSSM,RID26,VELPT
CP04OSSM-RID26-04-VELPTA000,velocity_beam1,velocity_beam1,,,L0,mm s-1,CP04OSSM,RID26,VELPT
CP04OSSM-RID26-04-VELPTA000,velocity_beam2,velocity_beam2,,,L0,mm s-1,CP04OSSM,RID26,VELPT
CP04OSSM-RID26-04-VELPTA000,velocity_beam3,velocity_beam3,,,L0,mm s-1,CP04OSSM,RID26,VELPT
CP04OSSM-RID26-04-VELPTA000,amplitude_beam1,amplitude_beam1,,,AUX,counts,CP04OSSM,RID26,VELPT
CP04OSSM-RID26-04-VELPTA000,amplitude_beam2,amplitude_beam2,,,AUX,counts,CP04OSSM,RID26,VELPT
CP04OSSM-RID26-04-VELPTA000,amplitude_beam3,amplitude_beam3,,,AUX,counts,CP04OSSM,RID26,VELPT
CP04OSSM-RID26-04-VELPTA000,records_to_follow,records_to_follow,,,,1,CP04OSSM,RID26,VELPT
CP04OSSM-RID26-04-VELPTA000,cell_number_diagnostics,cell_number_diagnostics,,,,1,CP04OSSM,RID26,VELPT
CP04OSSM-RID26-04-VELPTA000,noise_amplitude_beam1,noise_amplitude_beam1,,,,counts,CP04OSSM,RID26,VELPT
CP04OSSM-RID26-04-VELPTA000,noise_amplitude_beam2,noise_amplitude_beam2,,,,counts,CP04OSSM,RID26,VELPT
CP04OSSM-RID26-04-VELPTA000,noise_amplitude_beam3,noise_amplitude_beam3,,,,counts,CP04OSSM,RID26,VELPT
CP04OSSM-RID26-04-VELPTA000,noise_amplitude_beam4,noise_amplitude_beam4,,,,counts,CP04OSSM,RID26,VELPT
CP04OSSM-RID26-04-VELPTA000,processing_magnitude_beam1,processing_magnitude_beam1,,,,1,CP04OSSM,RID26,VELPT
CP04OSSM-RID26-04-VELPTA000,processing_magnitude_beam2,processing_magnitude_beam2,,,,1,CP04OSSM,RID26,VELPT
CP04OSSM-RID26-04-VELPTA000,processing_magnitude_beam3,processing_magnitude_beam3,,,,1,CP04OSSM,RID26,VELPT
CP04OSSM-RID26-04-VELPTA000,processing_magnitude_beam4,processing_magnitude_beam4,,,,1,CP04OSSM,RID26,VELPT
CP04OSSM-RID26-04-VELPTA000,distance_beam1,distance_beam1,,,,1,CP04OSSM,RID26,VELPT
CP04OSSM-RID26-04-VELPTA000,distance_beam2,distance_beam2,,,,1,CP04OSSM,RID26,VELPT
CP04OSSM-RID26-04-VELPTA000,distance_beam3,distance_beam3,,,,1,CP04OSSM,RID26,VELPT
CP04OSSM-RID26-04-VELPTA000,distance_beam4,distance_beam4,,,,1,CP04OSSM,RID26,VELPT
CP04OSSM-RID26-04-VELPTA000,instrmt_type_serial_number,instrmt_type_serial_number,,,,1,CP04OSSM,RID26,VELPT
CP04OSSM-RID26-04-VELPTA000,pic_version,pic_version,,,,1,CP04OSSM,RID26,VELPT
CP04OSSM-RID26-04-VELPTA000,hardware_revision,hardware_revision,,,,1,CP04OSSM,RID26,VELPT
CP04OSSM-RID26-04-VELPTA000,recorder_size,recorder_size,,,,bytes,CP04OSSM,RID26,VELPT
CP04OSSM-RID26-04-VELPTA000,velocity_range,velocity_range,,,,1,CP04OSSM,RID26,VELPT
CP04OSSM-RID26-04-VELPTA000,pressure_sensor,pressure_sensor,,,,1,CP04OSSM,RID26,VELPT
CP04OSSM-RID26-04-VELPTA000,magnetometer_sensor,magnetometer_sensor,,,,1,CP04OSSM,RID26,VELPT
CP04OSSM-RID26-04-VELPTA000,tilt_sensor,tilt_sensor,,,,1,CP04OSSM,RID26,VELPT
CP04OSSM-RID26-04-VELPTA000,tilt_sensor_mounting,tilt_sensor_mounting,,,,1,CP04OSSM,RID26,VELPT
CP04OSSM-RID26-04-VELPTA000,head_frequency,head_frequency,,,,kHz,CP04OSSM,RID26,VELPT
CP04OSSM-RID26-04-VELPTA000,head_type,head_type,,,,1,CP04OSSM,RID26,VELPT
CP04OSSM-RID26-04-VELPTA000,head_serial_number,head_serial_number,,,,1,CP04OSSM,RID26,VELPT
CP04OSSM-RID26-04-VELPTA000,number_beams,number_beams,,,,1,CP04OSSM,RID26,VELPT
CP04OSSM-RID26-04-VELPTA000,transmit_pulse_length,transmit_pulse_length,,,,counts,CP04OSSM,RID26,VELPT
CP04OSSM-RID26-04-VELPTA000,blanking_distance,blanking_distance,,,,counts,CP04OSSM,RID26,VELPT
CP04OSSM-RID26-04-VELPTA000,receive_length,receive_length,,,,counts,CP04OSSM,RID26,VELPT
CP04OSSM-RID26-04-VELPTA000,time_between_pings,time_between_pings,,,,counts,CP04OSSM,RID26,VELPT
CP04OSSM-RID26-04-VELPTA000,time_between_bursts,time_between_bursts,,,,counts,CP04OSSM,RID26,VELPT
CP04OSSM-RID26-04-VELPTA000,average_interval,average_interval,,,,s,CP04OSSM,RID26,VELPT
CP04OSSM-RID26-04-VELPTA000,compass_update_rate,compass_update_rate,,,,Hz,CP04OSSM,RID26,VELPT
CP04OSSM-RID26-04-VELPTA000,coordinate_system,coordinate_system,,,,1,CP04OSSM,RID26,VELPT
CP04OSSM-RID26-04-VELPTA000,number_cells,number_cells,,,,1,CP04OSSM,RID26,VELPT
CP04OSSM-RID26-04-VELPTA000,measurement_interval,measurement_interval,,,,s,CP04OSSM,RID26,VELPT
CP04OSSM-RID26-04-VELPTA000,deployment_name,deployment_name,,,,1,CP04OSSM,RID26,VELPT
CP04OSSM-RID26-04-VELPTA000,diagnostics_interval,diagnostics_interval,,,,s,CP04OSSM,RID26,VELPT
CP04OSSM-RID26-04-VELPTA000,use_specified_sound_speed,use_specified_sound_speed,,,,1,CP04OSSM,RID26,VELPT
CP04OSSM-RID26-04-VELPTA000,diagnostics_mode_enable,diagnostics_mode_enable,,,,1,CP04OSSM,RID26,VELPT
CP04OSSM-RID26-04-VELPTA000,analog_output_enable,analog_output_enable,,,,1,CP04OSSM,RID26,VELPT
CP04OSSM-RID26-04-VELPTA000,output_format_nortek,output_format_nortek,,,,1,CP04OSSM,RID26,VELPT
CP04OSSM-RID26-04-VELPTA000,scaling,scaling,,,,1,CP04OSSM,RID26,VELPT
CP04OSSM-RID26-04-VELPTA000,serial_output_enable,serial_output_enable,,,,1,CP04OSSM,RID26,VELPT
CP04OSSM-RID26-04-VELPTA000,stage_enable,stage_enable,,,,1,CP04OSSM,RID26,VELPT
CP04OSSM-RID26-04-VELPTA000,analog_power_output,analog_power_output,,,,1,CP04OSSM,RID26,VELPT
CP04OSSM-RID26-04-VELPTA000,sound_speed_adjust_factor,sound_speed_adjust_factor,,,,m s-1,CP04OSSM,RID26,VELPT
CP04OSSM-RID26-04-VELPTA000,number_diagnostics_samples,number_diagnostics_samples,,,,1,CP04OSSM,RID26,VELPT
CP04OSSM-RID26-04-VELPTA000,number_pings_diagnostic,number_pings_diagnostic,,,,1,CP04OSSM,RID26,VELPT
CP04OSSM-RID26-04-VELPTA000,software_version,software_version,,,,1,CP04OSSM,RID26,VELPT
CP04OSSM-RID26-04-VELPTA000,correlation_threshold,correlation_threshold,,,,1,CP04OSSM,RID26,VELPT
CP04OSSM-RID26-04-VELPTA000,time,time,,,ENG,seconds since 1900-01-01,CP04OSSM,RID26,VELPT
CP04OSSM-RID26-04-VELPTA000,ingestion_timestamp,ingestion_timestamp,,,ENG,seconds since 1900-01-01,CP04OSSM,RID26,VELPT
CP04OSSM-RID26-04-VELPTA000,date_time_string,date_time_string,,,,1,CP04OSSM,RID26,VELPT
CP04OSSM-RID26-06-PHSEND000,driver_timestamp,driver_timestamp,,,ENG,seconds since 1900-01-01,CP04OSSM,RID26,PHSEN
CP04OSSM-RID26-06-PHSEND000,external_device2_fault,external_device2_fault,,,,1,CP04OSSM,RID26,PHSEN
CP04OSSM-RID26-06-PHSEND000,external_device3_fault,external_device3_fault,,,,1,CP04OSSM,RID26,PHSEN
CP04OSSM-RID26-06-PHSEND000,num_data_records,num_data_records,,,,1,CP04OSSM,RID26,PHSEN
CP04OSSM-RID26-06-PHSEND000,num_error_records,num_error_records,,,,1,CP04OSSM,RID26,PHSEN
CP04OSSM-RID26-06-PHSEND000,num_bytes_stored,num_bytes_stored,,,,bytes,CP04OSSM,RID26,PHSEN
CP04OSSM-RID26-06-PHSEND000,internal_timestamp,internal_timestamp,,,ENG,seconds since 1900-01-01,CP04OSSM,RID26,PHSEN
CP04OSSM-RID26-06-PHSEND000,preferred_timestamp,preferred_timestamp,,,ENG,1,CP04OSSM,RID26,PHSEN
CP04OSSM-RID26-06-PHSEND000,passed_checksum,passed_checksum,,,ENG,1,CP04OSSM,RID26,PHSEN
CP04OSSM-RID26-06-PHSEND000,dcl_controller_timestamp,dcl_controller_timestamp,,,ENG,1,CP04OSSM,RID26,PHSEN
CP04OSSM-RID26-06-PHSEND000,phsen_abcdef_ph_seawater,phsen_abcdef_ph_seawater,7.3,8.5,L1,(unitless),CP04OSSM,RID26,PHSEN
CP04OSSM-RID26-06-PHSEND000,battery_low_blank,battery_low_blank,,,,1,CP04OSSM,RID26,PHSEN
CP04OSSM-RID26-06-PHSEND000,unique_id,unique_id,,,,1,CP04OSSM,RID26,PHSEN
CP04OSSM-RID26-06-PHSEND000,record_type,record_type,,,,1,CP04OSSM,RID26,PHSEN
CP04OSSM-RID26-06-PHSEND000,record_time,record_time,,,,seconds since 1904-01-01,CP04OSSM,RID26,PHSEN
CP04OSSM-RID26-06-PHSEND000,light_measurements,light_measurements,,,,counts,CP04OSSM,RID26,PHSEN
CP04OSSM-RID26-06-PHSEND000,voltage_battery,voltage_battery,,,,counts,CP04OSSM,RID26,PHSEN
CP04OSSM-RID26-06-PHSEND000,clock_active,clock_active,,,,1,CP04OSSM,RID26,PHSEN
CP04OSSM-RID26-06-PHSEND000,recording_active,recording_active,,,,1,CP04OSSM,RID26,PHSEN
CP04OSSM-RID26-06-PHSEND000,record_end_on_time,record_end_on_time,,,,1,CP04OSSM,RID26,PHSEN
CP04OSSM-RID26-06-PHSEND000,record_memory_full,record_memory_full,,,,1,CP04OSSM,RID26,PHSEN
CP04OSSM-RID26-06-PHSEND000,phsen_abcdef_signal_intensity_434,phsen_abcdef_signal_intensity_434,,,L0,counts,CP04OSSM,RID26,PHSEN
CP04OSSM-RID26-06-PHSEND000,phsen_abcdef_signal_intensity_578,phsen_abcdef_signal_intensity_578,,,L0,counts,CP04OSSM,RID26,PHSEN
CP04OSSM-RID26-06-PHSEND000,record_end_on_error,record_end_on_error,,,,1,CP04OSSM,RID26,PHSEN
CP04OSSM-RID26-06-PHSEND000,data_download_ok,data_download_ok,,,,1,CP04OSSM,RID26,PHSEN
CP04OSSM-RID26-06-PHSEND000,flash_memory_open,flash_memory_open,,,,1,CP04OSSM,RID26,PHSEN
CP04OSSM-RID26-06-PHSEND000,battery_low_prestart,battery_low_prestart,,,,1,CP04OSSM,RID26,PHSEN
CP04OSSM-RID26-06-PHSEND000,battery_low_measurement,battery_low_measurement,,,,1,CP04OSSM,RID26,PHSEN
CP04OSSM-RID26-06-PHSEND000,battery_low_external,battery_low_external,,,,1,CP04OSSM,RID26,PHSEN
CP04OSSM-RID26-06-PHSEND000,external_device1_fault,external_device1_fault,,,,1,CP04OSSM,RID26,PHSEN
CP04OSSM-RID26-06-PHSEND000,flash_erased,flash_erased,,,,1,CP04OSSM,RID26,PHSEN
CP04OSSM-RID26-06-PHSEND000,power_on_invalid,power_on_invalid,,,,1,CP04OSSM,RID26,PHSEN
CP04OSSM-RID26-06-PHSEND000,time,time,,,ENG,seconds since 1900-01-01,CP04OSSM,RID26,PHSEN
CP04OSSM-RID26-06-PHSEND000,ingestion_timestamp,ingestion_timestamp,,,ENG,seconds since 1900-01-01,CP04OSSM,RID26,PHSEN
CP04OSSM-RID26-06-PHSEND000,thermistor_start,thermistor_start,,,,counts,CP04OSSM,RID26,PHSEN
CP04OSSM-RID26-06-PHSEND000,reference_light_measurements,reference_light_measurements,,,,counts,CP04OSSM,RID26,PHSEN
CP04OSSM-RID26-06-PHSEND000,thermistor_end,thermistor_end,,,,counts,CP04OSSM,RID26,PHSEN
CP04OSSM-RID26-06-PHSEND000,phsen_thermistor_temperature,phsen_thermistor_temperature,,,L0,V,CP04OSSM,RID26,PHSEN
CP04OSSM-RID26-07-NUTNRB000,Not in Preload,Not in Preload,,,,,CP04OSSM,RID26,NUTNR
CP04OSSM-RID26-07-NUTNRB000,driver_timestamp,driver_timestamp,,,ENG,seconds since 1900-01-01,CP04OSSM,RID26,NUTNR
CP04OSSM-RID26-07-NUTNRB000,firmware_version,firmware_version,,,,1,CP04OSSM,RID26,NUTNR
CP04OSSM-RID26-07-NUTNRB000,internal_timestamp,internal_timestamp,,,ENG,seconds since 1900-01-01,CP04OSSM,RID26,NUTNR
CP04OSSM-RID26-07-NUTNRB000,preferred_timestamp,preferred_timestamp,,,ENG,1,CP04OSSM,RID26,NUTNR
CP04OSSM-RID26-07-NUTNRB000,dcl_controller_timestamp,dcl_controller_timestamp,,,ENG,1,CP04OSSM,RID26,NUTNR
CP04OSSM-RID26-07-NUTNRB000,startup_time_string,startup_time_string,,,,1,CP04OSSM,RID26,NUTNR
CP04OSSM-RID26-07-NUTNRB000,nutnr_b_temp_sal_corrected_nitrate,nutnr_b_temp_sal_corrected_nitrate,0,40,L2,umol L-1,CP04OSSM,RID26,NUTNR
CP04OSSM-RID26-07-NUTNRB000,firmware_date,firmware_date,,,,1,CP04OSSM,RID26,NUTNR
CP04OSSM-RID26-07-NUTNRB000,frame_header,frame_header,,,,1,CP04OSSM,RID26,NUTNR
CP04OSSM-RID26-07-NUTNRB000,frame_type,frame_type,,,,1,CP04OSSM,RID26,NUTNR
CP04OSSM-RID26-07-NUTNRB000,serial_number,serial_number,,,ENG,1,CP04OSSM,RID26,NUTNR
CP04OSSM-RID26-07-NUTNRB000,date_of_sample,date_of_sample,,,AUX,1,CP04OSSM,RID26,NUTNR
CP04OSSM-RID26-07-NUTNRB000,time_of_sample,time_of_sample,,,AUX,h,CP04OSSM,RID26,NUTNR
CP04OSSM-RID26-07-NUTNRB000,nitrate_concentration,nitrate_concentration,0,40,L1,umol L-1,CP04OSSM,RID26,NUTNR
CP04OSSM-RID26-07-NUTNRB000,aux_fitting_1,aux_fitting_1,,,AUX,1,CP04OSSM,RID26,NUTNR
CP04OSSM-RID26-07-NUTNRB000,aux_fitting_2,aux_fitting_2,,,AUX,1,CP04OSSM,RID26,NUTNR
CP04OSSM-RID26-07-NUTNRB000,aux_fitting_3,aux_fitting_3,,,AUX,1,CP04OSSM,RID26,NUTNR
CP04OSSM-RID26-07-NUTNRB000,rms_error,rms_error,,,AUX,umol L-1,CP04OSSM,RID26,NUTNR
CP04OSSM-RID26-07-NUTNRB000,temp_interior,temp_interior,,,AUX,deg_C,CP04OSSM,RID26,NUTNR
CP04OSSM-RID26-07-NUTNRB000,temp_spectrometer,temp_spectrometer,,,AUX,deg_C,CP04OSSM,RID26,NUTNR
CP04OSSM-RID26-07-NUTNRB000,temp_lamp,temp_lamp,,,AUX,deg_C,CP04OSSM,RID26,NUTNR
CP04OSSM-RID26-07-NUTNRB000,humidity,humidity,,,AUX,%,CP04OSSM,RID26,NUTNR
CP04OSSM-RID26-07-NUTNRB000,voltage_lamp,voltage_lamp,,,AUX,V,CP04OSSM,RID26,NUTNR
CP04OSSM-RID26-07-NUTNRB000,voltage_analog,voltage_analog,,,AUX,V,CP04OSSM,RID26,NUTNR
CP04OSSM-RID26-07-NUTNRB000,voltage_main,voltage_main,,,AUX,V,CP04OSSM,RID26,NUTNR
CP04OSSM-RID26-07-NUTNRB000,ref_channel_average,ref_channel_average,,,,counts,CP04OSSM,RID26,NUTNR
CP04OSSM-RID26-07-NUTNRB000,ref_channel_variance,ref_channel_variance,,,,1,CP04OSSM,RID26,NUTNR
CP04OSSM-RID26-07-NUTNRB000,sea_water_dark,sea_water_dark,,,AUX,counts,CP04OSSM,RID26,NUTNR
CP04OSSM-RID26-07-NUTNRB000,spec_channel_average,spec_channel_average,,,,counts,CP04OSSM,RID26,NUTNR
CP04OSSM-RID26-07-NUTNRB000,spectral_channels,spectral_channels,,,L0,counts,CP04OSSM,RID26,NUTNR
CP04OSSM-RID26-07-NUTNRB000,startup_time,startup_time,,,,seconds since 1970-01-01,CP04OSSM,RID26,NUTNR
CP04OSSM-RID26-07-NUTNRB000,lamp_time,lamp_time,,,AUX,s,CP04OSSM,RID26,NUTNR
CP04OSSM-RID26-07-NUTNRB000,spec_on_time,spec_on_time,,,,seconds since 1970-01-01,CP04OSSM,RID26,NUTNR
CP04OSSM-RID26-07-NUTNRB000,spec_powered_time,spec_powered_time,,,,seconds since 1970-01-01,CP04OSSM,RID26,NUTNR
CP04OSSM-RID26-07-NUTNRB000,lamp_on_time,lamp_on_time,,,,seconds since 1970-01-01,CP04OSSM,RID26,NUTNR
CP04OSSM-RID26-07-NUTNRB000,lamp_powered_time,lamp_powered_time,,,,seconds since 1970-01-01,CP04OSSM,RID26,NUTNR
CP04OSSM-RID26-07-NUTNRB000,data_log_file,data_log_file,,,,1,CP04OSSM,RID26,NUTNR
CP04OSSM-RID26-07-NUTNRB000,dark_frame_spectral_channels,dark_frame_spectral_channels,,,AUX,counts,CP04OSSM,RID26,NUTNR
CP04OSSM-RID26-07-NUTNRB000,time,time,,,ENG,seconds since 1900-01-01,CP04OSSM,RID26,NUTNR
CP04OSSM-RID26-07-NUTNRB000,ingestion_timestamp,ingestion_timestamp,,,ENG,seconds since 1900-01-01,CP04OSSM,RID26,NUTNR
CP04OSSM-RID26-08-SPKIRB000,instrument_id,instrument_id,,,ENG,1,CP04OSSM,RID26,SPKIR
CP04OSSM-RID26-08-SPKIRB000,timer,timer,,,ENG,s,CP04OSSM,RID26,SPKIR
CP04OSSM-RID26-08-SPKIRB000,sample_delay,sample_delay,,,ENG,ms,CP04OSSM,RID26,SPKIR
CP04OSSM-RID26-08-SPKIRB000,driver_timestamp,driver_timestamp,,,ENG,seconds since 1900-01-01,CP04OSSM,RID26,SPKIR
CP04OSSM-RID26-08-SPKIRB000,vin_sense,vin_sense,,,ENG,counts,CP04OSSM,RID26,SPKIR
CP04OSSM-RID26-08-SPKIRB000,va_sense,va_sense,,,ENG,counts,CP04OSSM,RID26,SPKIR
CP04OSSM-RID26-08-SPKIRB000,internal_temperature,internal_temperature,,,AUX,counts,CP04OSSM,RID26,SPKIR
CP04OSSM-RID26-08-SPKIRB000,frame_counter,frame_counter,,,ENG,counts,CP04OSSM,RID26,SPKIR
CP04OSSM-RID26-08-SPKIRB000,internal_timestamp,internal_timestamp,,,ENG,seconds since 1900-01-01,CP04OSSM,RID26,SPKIR
CP04OSSM-RID26-08-SPKIRB000,preferred_timestamp,preferred_timestamp,,,ENG,1,CP04OSSM,RID26,SPKIR
CP04OSSM-RID26-08-SPKIRB000,passed_checksum,passed_checksum,,,ENG,1,CP04OSSM,RID26,SPKIR
CP04OSSM-RID26-08-SPKIRB000,channel_array,channel_array,,,L0,counts,CP04OSSM,RID26,SPKIR
CP04OSSM-RID26-08-SPKIRB000,dcl_controller_timestamp,dcl_controller_timestamp,,,ENG,1,CP04OSSM,RID26,SPKIR
CP04OSSM-RID26-08-SPKIRB000,spkir_abj_cspp_downwelling_vector,spkir_abj_cspp_downwelling_vector,0,300,L1,uW cm-2 nm-1,CP04OSSM,RID26,SPKIR
CP04OSSM-RID26-08-SPKIRB000,serial_number,serial_number,,,ENG,1,CP04OSSM,RID26,SPKIR
CP04OSSM-RID26-08-SPKIRB000,time,time,,,ENG,seconds since 1900-01-01,CP04OSSM,RID26,SPKIR
CP04OSSM-RID26-08-SPKIRB000,ingestion_timestamp,ingestion_timestamp,,,ENG,seconds since 1900-01-01,CP04OSSM,RID26,SPKIR
CP04OSSM-RID27-01-OPTAAD000,driver_timestamp,driver_timestamp,,,ENG,seconds since 1900-01-01,CP04OSSM,RID27,OPTAA
CP04OSSM-RID27-01-OPTAAD000,internal_timestamp,internal_timestamp,,,ENG,seconds since 1900-01-01,CP04OSSM,RID27,OPTAA
CP04OSSM-RID27-01-OPTAAD000,preferred_timestamp,preferred_timestamp,,,ENG,1,CP04OSSM,RID27,OPTAA
CP04OSSM-RID27-01-OPTAAD000,start_date,start_date,,,,1,CP04OSSM,RID27,OPTAA
CP04OSSM-RID27-01-OPTAAD000,serial_number,serial_number,,,ENG,1,CP04OSSM,RID27,OPTAA
CP04OSSM-RID27-01-OPTAAD000,optaa_dj_dcl_beam_attenuation,optaa_dj_dcl_beam_attenuation,0,100,L2,m-1,CP04OSSM,RID27,OPTAA
CP04OSSM-RID27-01-OPTAAD000,optaa_dj_dcl_optical_absorption,optaa_dj_dcl_optical_absorption,0,100,L2,m-1,CP04OSSM,RID27,OPTAA
CP04OSSM-RID27-01-OPTAAD000,packet_type,packet_type,,,,1,CP04OSSM,RID27,OPTAA
CP04OSSM-RID27-01-OPTAAD000,meter_type,meter_type,,,,1,CP04OSSM,RID27,OPTAA
CP04OSSM-RID27-01-OPTAAD000,a_reference_dark_counts,a_reference_dark_counts,,,,counts,CP04OSSM,RID27,OPTAA
CP04OSSM-RID27-01-OPTAAD000,pressure_counts,pressure_counts,,,,counts,CP04OSSM,RID27,OPTAA
CP04OSSM-RID27-01-OPTAAD000,a_signal_dark_counts,a_signal_dark_counts,,,,counts,CP04OSSM,RID27,OPTAA
CP04OSSM-RID27-01-OPTAAD000,external_temp_raw,external_temp_raw,,,,counts,CP04OSSM,RID27,OPTAA
CP04OSSM-RID27-01-OPTAAD000,internal_temp_raw,internal_temp_raw,,,L0,counts,CP04OSSM,RID27,OPTAA
CP04OSSM-RID27-01-OPTAAD000,c_reference_dark_counts,c_reference_dark_counts,,,,counts,CP04OSSM,RID27,OPTAA
CP04OSSM-RID27-01-OPTAAD000,c_signal_dark_counts,c_signal_dark_counts,,,,counts,CP04OSSM,RID27,OPTAA
CP04OSSM-RID27-01-OPTAAD000,elapsed_run_time,elapsed_run_time,,,,ms,CP04OSSM,RID27,OPTAA
CP04OSSM-RID27-01-OPTAAD000,num_wavelengths,num_wavelengths,,,,1,CP04OSSM,RID27,OPTAA
CP04OSSM-RID27-01-OPTAAD000,c_reference_counts,c_reference_counts,,,L0,counts,CP04OSSM,RID27,OPTAA
CP04OSSM-RID27-01-OPTAAD000,a_reference_counts,a_reference_counts,,,L0,counts,CP04OSSM,RID27,OPTAA
CP04OSSM-RID27-01-OPTAAD000,c_signal_counts,c_signal_counts,,,L0,counts,CP04OSSM,RID27,OPTAA
CP04OSSM-RID27-01-OPTAAD000,a_signal_counts,a_signal_counts,,,L0,counts,CP04OSSM,RID27,OPTAA
CP04OSSM-RID27-01-OPTAAD000,time,time,,,ENG,seconds since 1900-01-01,CP04OSSM,RID27,OPTAA
CP04OSSM-RID27-01-OPTAAD000,ingestion_timestamp,ingestion_timestamp,,,ENG,seconds since 1900-01-01,CP04OSSM,RID27,OPTAA
CP04OSSM-RID27-02-FLORTD000,driver_timestamp,driver_timestamp,,,ENG,seconds since 1900-01-01,CP04OSSM,RID27,FLORT
CP04OSSM-RID27-02-FLORTD000,date_string,date_string,,,ENG,1,CP04OSSM,RID27,FLORT
CP04OSSM-RID27-02-FLORTD000,time_string,time_string,,,ENG,1,CP04OSSM,RID27,FLORT
CP04OSSM-RID27-02-FLORTD000,measurement_wavelength_beta,measurement_wavelength_beta,,,,nm,CP04OSSM,RID27,FLORT
CP04OSSM-RID27-02-FLORTD000,raw_signal_beta,raw_signal_beta,,,L0,counts,CP04OSSM,RID27,FLORT
CP04OSSM-RID27-02-FLORTD000,measurement_wavelength_chl,measurement_wavelength_chl,,,,nm,CP04OSSM,RID27,FLORT
CP04OSSM-RID27-02-FLORTD000,raw_signal_chl,raw_signal_chl,,,L0,counts,CP04OSSM,RID27,FLORT
CP04OSSM-RID27-02-FLORTD000,measurement_wavelength_cdom,measurement_wavelength_cdom,,,,nm,CP04OSSM,RID27,FLORT
CP04OSSM-RID27-02-FLORTD000,raw_signal_cdom,raw_signal_cdom,,,L0,counts,CP04OSSM,RID27,FLORT
CP04OSSM-RID27-02-FLORTD000,raw_internal_temp,raw_internal_temp,,,,counts,CP04OSSM,RID27,FLORT
CP04OSSM-RID27-02-FLORTD000,internal_timestamp,internal_timestamp,,,ENG,seconds since 1900-01-01,CP04OSSM,RID27,FLORT
CP04OSSM-RID27-02-FLORTD000,preferred_timestamp,preferred_timestamp,,,ENG,1,CP04OSSM,RID27,FLORT
CP04OSSM-RID27-02-FLORTD000,flort_k_total_volume_scattering_coefficient,flort_k_total_volume_scattering_coefficient,,,L1,m-1 sr-1,CP04OSSM,RID27,FLORT
CP04OSSM-RID27-02-FLORTD000,fluorometric_chlorophyll_a,fluorometric_chlorophyll_a,0,50,L1,ug L-1,CP04OSSM,RID27,FLORT
CP04OSSM-RID27-02-FLORTD000,fluorometric_cdom,fluorometric_cdom,0,375,L1,ppb,CP04OSSM,RID27,FLORT
CP04OSSM-RID27-02-FLORTD000,dcl_controller_timestamp,dcl_controller_timestamp,,,ENG,1,CP04OSSM,RID27,FLORT
CP04OSSM-RID27-02-FLORTD000,flort_dj_dcl_bback_total,flort_dj_dcl_bback_total,0.0003,1,L2,m-1,CP04OSSM,RID27,FLORT
CP04OSSM-RID27-02-FLORTD000,flort_d_dcl_ctdbp_scat_seawater,flort_d_dcl_ctdbp_scat_seawater,,,AUX,m-1,CP04OSSM,RID27,FLORT
CP04OSSM-RID27-02-FLORTD000,time,time,,,ENG,seconds since 1900-01-01,CP04OSSM,RID27,FLORT
CP04OSSM-RID27-02-FLORTD000,ingestion_timestamp,ingestion_timestamp,,,ENG,seconds since 1900-01-01,CP04OSSM,RID27,FLORT
CP04OSSM-RID27-03-CTDBPC000,conductivity,conductivity,0,6,L1,S m-1,CP04OSSM,RID27,CTDBP
CP04OSSM-RID27-03-CTDBPC000,driver_timestamp,driver_timestamp,,,ENG,seconds since 1900-01-01,CP04OSSM,RID27,CTDBP
CP04OSSM-RID27-03-CTDBPC000,internal_timestamp,internal_timestamp,,,ENG,seconds since 1900-01-01,CP04OSSM,RID27,CTDBP
CP04OSSM-RID27-03-CTDBPC000,preferred_timestamp,preferred_timestamp,,,ENG,1,CP04OSSM,RID27,CTDBP
CP04OSSM-RID27-03-CTDBPC000,temperature,temperature,,,L0,counts,CP04OSSM,RID27,CTDBP
CP04OSSM-RID27-03-CTDBPC000,conductivity,conductivity,,,L0,counts,CP04OSSM,RID27,CTDBP
CP04OSSM-RID27-03-CTDBPC000,pressure,pressure,,,L0,counts,CP04OSSM,RID27,CTDBP
CP04OSSM-RID27-03-CTDBPC000,pressure_temp,pressure_temp,,,L0,counts,CP04OSSM,RID27,CTDBP
CP04OSSM-RID27-03-CTDBPC000,ctd_time,ctd_time,,,ENG,seconds since 2000-01-01,CP04OSSM,RID27,CTDBP
CP04OSSM-RID27-03-CTDBPC000,pressure,pressure,0,6000,L1,dbar,CP04OSSM,RID27,CTDBP
CP04OSSM-RID27-03-CTDBPC000,dcl_controller_timestamp,dcl_controller_timestamp,,,ENG,1,CP04OSSM,RID27,CTDBP
CP04OSSM-RID27-03-CTDBPC000,ctdbp_seawater_temperature,ctdbp_seawater_temperature,-2,40,L1,deg_C,CP04OSSM,RID27,CTDBP
CP04OSSM-RID27-03-CTDBPC000,ctdbp_seawater_pressure,ctdbp_seawater_pressure,0,6000,L1,dbar,CP04OSSM,RID27,CTDBP
CP04OSSM-RID27-03-CTDBPC000,ctdbp_seawater_conductivity,ctdbp_seawater_conductivity,0,6,L1,S m-1,CP04OSSM,RID27,CTDBP
CP04OSSM-RID27-03-CTDBPC000,ctdbp_practical_salinity,ctdbp_practical_salinity,0,42,L2,1,CP04OSSM,RID27,CTDBP
CP04OSSM-RID27-03-CTDBPC000,ctdbp_seawater_density,ctdbp_seawater_density,1000,1100,L2,kg m-3,CP04OSSM,RID27,CTDBP
CP04OSSM-RID27-03-CTDBPC000,ctdbp_cdef_dcl_ce_density,ctdbp_cdef_dcl_ce_density,1000,1100,L2,kg m-3,CP04OSSM,RID27,CTDBP
CP04OSSM-RID27-03-CTDBPC000,temp,temp,-2,40,L1,deg_C,CP04OSSM,RID27,CTDBP
CP04OSSM-RID27-03-CTDBPC000,time,time,,,ENG,seconds since 1900-01-01,CP04OSSM,RID27,CTDBP
CP04OSSM-RID27-03-CTDBPC000,ingestion_timestamp,ingestion_timestamp,,,ENG,seconds since 1900-01-01,CP04OSSM,RID27,CTDBP
CP04OSSM-RID27-03-CTDBPC000,salinity,salinity,0,42,L2,(unitless),CP04OSSM,RID27,CTDBP
CP04OSSM-RID27-03-CTDBPC000,date_time_string,date_time_string,,,,1,CP04OSSM,RID27,CTDBP
CP04OSSM-RID27-04-DOSTAD000,product_number,product_number,,,,1,CP04OSSM,RID27,DOSTA
CP04OSSM-RID27-04-DOSTAD000,driver_timestamp,driver_timestamp,,,ENG,seconds since 1900-01-01,CP04OSSM,RID27,DOSTA
CP04OSSM-RID27-04-DOSTAD000,internal_timestamp,internal_timestamp,,,ENG,seconds since 1900-01-01,CP04OSSM,RID27,DOSTA
CP04OSSM-RID27-04-DOSTAD000,preferred_timestamp,preferred_timestamp,,,ENG,1,CP04OSSM,RID27,DOSTA
CP04OSSM-RID27-04-DOSTAD000,dcl_controller_timestamp,dcl_controller_timestamp,,,ENG,1,CP04OSSM,RID27,DOSTA
CP04OSSM-RID27-04-DOSTAD000,dosta_abcdjm_cspp_tc_oxygen,dosta_abcdjm_cspp_tc_oxygen,0,400,L1,umol L-1,CP04OSSM,RID27,DOSTA
CP04OSSM-RID27-04-DOSTAD000,serial_number,serial_number,,,ENG,1,CP04OSSM,RID27,DOSTA
CP04OSSM-RID27-04-DOSTAD000,dosta_abcdjm_dcl_abs_oxygen,dosta_abcdjm_dcl_abs_oxygen,0,400,L2,umol kg-1,CP04OSSM,RID27,DOSTA
CP04OSSM-RID27-04-DOSTAD000,dosta_abcdjm_dcl_metbk_abs_oxygen,dosta_abcdjm_dcl_metbk_abs_oxygen,0,400,L2,umol kg-1,CP04OSSM,RID27,DOSTA
CP04OSSM-RID27-04-DOSTAD000,dosta_abcdjm_dcl_ctdbp_abs_oxygen,dosta_abcdjm_dcl_ctdbp_abs_oxygen,0,400,L2,umol kg-1,CP04OSSM,RID27,DOSTA
CP04OSSM-RID27-04-DOSTAD000,time,time,,,ENG,seconds since 1900-01-01,CP04OSSM,RID27,DOSTA
CP04OSSM-RID27-04-DOSTAD000,ingestion_timestamp,ingestion_timestamp,,,ENG,seconds since 1900-01-01,CP04OSSM,RID27,DOSTA
CP04OSSM-RID27-04-DOSTAD000,estimated_oxygen_concentration,estimated_oxygen_concentration,0,400,L1,umol L-1,CP04OSSM,RID27,DOSTA
CP04OSSM-RID27-04-DOSTAD000,estimated_oxygen_saturation,estimated_oxygen_saturation,0,110,L1,percent,CP04OSSM,RID27,DOSTA
CP04OSSM-RID27-04-DOSTAD000,optode_temperature,optode_temperature,-2,40,,deg_C,CP04OSSM,RID27,DOSTA
CP04OSSM-RID27-04-DOSTAD000,calibrated_phase,calibrated_phase,,,L0,degrees,CP04OSSM,RID27,DOSTA
CP04OSSM-RID27-04-DOSTAD000,temp_compensated_phase,temp_compensated_phase,,,,degrees,CP04OSSM,RID27,DOSTA
CP04OSSM-RID27-04-DOSTAD000,blue_phase,blue_phase,,,,degrees,CP04OSSM,RID27,DOSTA
CP04OSSM-RID27-04-DOSTAD000,red_phase,red_phase,,,,degrees,CP04OSSM,RID27,DOSTA
CP04OSSM-RID27-04-DOSTAD000,blue_amplitude,blue_amplitude,,,,mV,CP04OSSM,RID27,DOSTA
CP04OSSM-RID27-04-DOSTAD000,red_amplitude,red_amplitude,,,,mV,CP04OSSM,RID27,DOSTA
CP04OSSM-RID27-04-DOSTAD000,raw_temperature,raw_temperature,,,,mV,CP04OSSM,RID27,DOSTA
CP04OSSM-SBD11-01-MOPAK0000,driver_timestamp,driver_timestamp,,,ENG,seconds since 1900-01-01,CP04OSSM,SBD11,MOPAK
CP04OSSM-SBD11-01-MOPAK0000,internal_timestamp,internal_timestamp,,,ENG,seconds since 1900-01-01,CP04OSSM,SBD11,MOPAK
CP04OSSM-SBD11-01-MOPAK0000,mopak_accelx,mopak_accelx,,,ENG,g0,CP04OSSM,SBD11,MOPAK
CP04OSSM-SBD11-01-MOPAK0000,mopak_accely,mopak_accely,,,ENG,g0,CP04OSSM,SBD11,MOPAK
CP04OSSM-SBD11-01-MOPAK0000,mopak_accelz,mopak_accelz,,,ENG,g0,CP04OSSM,SBD11,MOPAK
CP04OSSM-SBD11-01-MOPAK0000,mopak_ang_ratex,mopak_ang_ratex,,,ENG,rad s-1,CP04OSSM,SBD11,MOPAK
CP04OSSM-SBD11-01-MOPAK0000,mopak_ang_ratey,mopak_ang_ratey,,,ENG,rad s-1,CP04OSSM,SBD11,MOPAK
CP04OSSM-SBD11-01-MOPAK0000,preferred_timestamp,preferred_timestamp,,,ENG,1,CP04OSSM,SBD11,MOPAK
CP04OSSM-SBD11-01-MOPAK0000,mopak_ang_ratez,mopak_ang_ratez,,,ENG,rad s-1,CP04OSSM,SBD11,MOPAK
CP04OSSM-SBD11-01-MOPAK0000,mopak_magx,mopak_magx,,,ENG,Gs,CP04OSSM,SBD11,MOPAK
CP04OSSM-SBD11-01-MOPAK0000,mopak_magy,mopak_magy,,,ENG,Gs,CP04OSSM,SBD11,MOPAK
CP04OSSM-SBD11-01-MOPAK0000,mopak_magz,mopak_magz,,,ENG,Gs,CP04OSSM,SBD11,MOPAK
CP04OSSM-SBD11-01-MOPAK0000,mopak_timer,mopak_timer,,,ENG,counts,CP04OSSM,SBD11,MOPAK
CP04OSSM-SBD11-01-MOPAK0000,mopak_roll,mopak_roll,,,ENG,degrees,CP04OSSM,SBD11,MOPAK
CP04OSSM-SBD11-01-MOPAK0000,mopak_pitch,mopak_pitch,,,ENG,degrees,CP04OSSM,SBD11,MOPAK
CP04OSSM-SBD11-01-MOPAK0000,mopak_yaw,mopak_yaw,,,ENG,degrees,CP04OSSM,SBD11,MOPAK
CP04OSSM-SBD11-01-MOPAK0000,time,time,,,ENG,seconds since 1900-01-01,CP04OSSM,SBD11,MOPAK
CP04OSSM-SBD11-01-MOPAK0000,ingestion_timestamp,ingestion_timestamp,,,ENG,seconds since 1900-01-01,CP04OSSM,SBD11,MOPAK
CP04OSSM-SBD11-02-HYDGN0000,driver_timestamp,driver_timestamp,,,ENG,seconds since 1900-01-01,CP04OSSM,SBD11,HYDGN
CP04OSSM-SBD11-02-HYDGN0000,internal_timestamp,internal_timestamp,,,ENG,seconds since 1900-01-01,CP04OSSM,SBD11,HYDGN
CP04OSSM-SBD11-02-HYDGN0000,preferred_timestamp,preferred_timestamp,,,ENG,1,CP04OSSM,SBD11,HYDGN
CP04OSSM-SBD11-02-HYDGN0000,dcl_controller_timestamp,dcl_controller_timestamp,,,ENG,1,CP04OSSM,SBD11,HYDGN
CP04OSSM-SBD11-02-HYDGN0000,hyd_raw,hyd_raw,,,AUX,counts,CP04OSSM,SBD11,HYDGN
CP04OSSM-SBD11-02-HYDGN0000,hyd_percent,hyd_percent,,,AUX,Percentage,CP04OSSM,SBD11,HYDGN
CP04OSSM-SBD11-02-HYDGN0000,time,time,,,ENG,seconds since 1900-01-01,CP04OSSM,SBD11,HYDGN
CP04OSSM-SBD11-02-HYDGN0000,ingestion_timestamp,ingestion_timestamp,,,ENG,seconds since 1900-01-01,CP04OSSM,SBD11,HYDGN
CP04OSSM-SBD11-06-METBKA000,port_timestamp,port_timestamp,,,ENG,seconds since 1900-01-01,CP04OSSM,SBD11,METBK
CP04OSSM-SBD11-06-METBKA000,barometric_pressure,barometric_pressure,,,L0,mbar,CP04OSSM,SBD11,METBK
CP04OSSM-SBD11-06-METBKA000,relative_humidity,relative_humidity,0,100,L1,%,CP04OSSM,SBD11,METBK
CP04OSSM-SBD11-06-METBKA000,air_temperature,air_temperature,-50,50,L1,deg_C,CP04OSSM,SBD11,METBK
CP04OSSM-SBD11-06-METBKA000,longwave_irradiance,longwave_irradiance,200,500,L1,W m-2,CP04OSSM,SBD11,METBK
CP04OSSM-SBD11-06-METBKA000,precipitation,precipitation,0,50,L1,mm,CP04OSSM,SBD11,METBK
CP04OSSM-SBD11-06-METBKA000,sea_surface_temperature,sea_surface_temperature,-2,40,L1,deg_C,CP04OSSM,SBD11,METBK
CP04OSSM-SBD11-06-METBKA000,sea_surface_conductivity,sea_surface_conductivity,0,6,L1,S m-1,CP04OSSM,SBD11,METBK
CP04OSSM-SBD11-06-METBKA000,shortwave_irradiance,shortwave_irradiance,0,1000,L1,W m-2,CP04OSSM,SBD11,METBK
CP04OSSM-SBD11-06-METBKA000,eastward_wind_velocity,eastward_wind_velocity,-10,10,L0,m s-1,CP04OSSM,SBD11,METBK
CP04OSSM-SBD11-06-METBKA000,northward_wind_velocity,northward_wind_velocity,-10,10,L0,m s-1,CP04OSSM,SBD11,METBK
CP04OSSM-SBD11-06-METBKA000,driver_timestamp,driver_timestamp,,,ENG,seconds since 1900-01-01,CP04OSSM,SBD11,METBK
CP04OSSM-SBD11-06-METBKA000,internal_timestamp,internal_timestamp,,,ENG,seconds since 1900-01-01,CP04OSSM,SBD11,METBK
CP04OSSM-SBD11-06-METBKA000,preferred_timestamp,preferred_timestamp,,,ENG,1,CP04OSSM,SBD11,METBK
CP04OSSM-SBD11-06-METBKA000,dcl_controller_timestamp,dcl_controller_timestamp,,,ENG,1,CP04OSSM,SBD11,METBK
CP04OSSM-SBD11-06-METBKA000,met_barpres,met_barpres,87000,108330,L1,Pa,CP04OSSM,SBD11,METBK
CP04OSSM-SBD11-06-METBKA000,met_windavg_mag_corr_east,met_windavg_mag_corr_east,-33,33,L1,m s-1,CP04OSSM,SBD11,METBK
CP04OSSM-SBD11-06-METBKA000,met_windavg_mag_corr_north,met_windavg_mag_corr_north,-33,33,L1,m s-1,CP04OSSM,SBD11,METBK
CP04OSSM-SBD11-06-METBKA000,met_current_direction,met_current_direction,0,360,L1,degrees,CP04OSSM,SBD11,METBK
CP04OSSM-SBD11-06-METBKA000,met_current_speed,met_current_speed,-3,3,L1,m s-1,CP04OSSM,SBD11,METBK
CP04OSSM-SBD11-06-METBKA000,met_relwind_direction,met_relwind_direction,0,360,L1,degrees,CP04OSSM,SBD11,METBK
CP04OSSM-SBD11-06-METBKA000,met_relwind_speed,met_relwind_speed,-33,33,L1,m s-1,CP04OSSM,SBD11,METBK
CP04OSSM-SBD11-06-METBKA000,met_timeflx,met_timeflx,,,L1,seconds since 01-01-1900,CP04OSSM,SBD11,METBK
CP04OSSM-SBD11-06-METBKA000,met_netsirr,met_netsirr,0,500,L1,W m-2,CP04OSSM,SBD11,METBK
CP04OSSM-SBD11-06-METBKA000,met_rainrte,met_rainrte,0,50,L2,mm hr-1,CP04OSSM,SBD11,METBK
CP04OSSM-SBD11-06-METBKA000,met_salsurf,met_salsurf,0,42,L2,1,CP04OSSM,SBD11,METBK
CP04OSSM-SBD11-06-METBKA000,met_spechum,met_spechum,0,47,L2,g kg-1,CP04OSSM,SBD11,METBK
CP04OSSM-SBD11-06-METBKA000,met_buoyfls,met_buoyfls,,,L2,W m-2,CP04OSSM,SBD11,METBK
CP04OSSM-SBD11-06-METBKA000,met_buoyflx,met_buoyflx,,,L2,W m-2,CP04OSSM,SBD11,METBK
CP04OSSM-SBD11-06-METBKA000,met_frshflx,met_frshflx,,,L2,mm hr-1,CP04OSSM,SBD11,METBK
CP04OSSM-SBD11-06-METBKA000,met_heatflx,met_heatflx,,,L2,W m-2,CP04OSSM,SBD11,METBK
CP04OSSM-SBD11-06-METBKA000,met_latnflx,met_latnflx,,,L2,W m-2,CP04OSSM,SBD11,METBK
CP04OSSM-SBD11-06-METBKA000,met_mommflx,met_mommflx,,,L2,N m-2,CP04OSSM,SBD11,METBK
CP04OSSM-SBD11-06-METBKA000,met_netlirr,met_netlirr,,,L2,W m-2,CP04OSSM,SBD11,METBK
CP04OSSM-SBD11-06-METBKA000,met_rainflx,met_rainflx,,,L2,W m-2,CP04OSSM,SBD11,METBK
CP04OSSM-SBD11-06-METBKA000,met_sensflx,met_sensflx,,,L2,W m-2,CP04OSSM,SBD11,METBK
CP04OSSM-SBD11-06-METBKA000,met_sphum2m,met_sphum2m,0,47,L2,g kg-1,CP04OSSM,SBD11,METBK
CP04OSSM-SBD11-06-METBKA000,met_stablty,met_stablty,,,L2,1,CP04OSSM,SBD11,METBK
CP04OSSM-SBD11-06-METBKA000,met_tempa2m,met_tempa2m,-50,50,L2,deg_C,CP04OSSM,SBD11,METBK
CP04OSSM-SBD11-06-METBKA000,met_tempskn,met_tempskn,-2,40,L2,degC,CP04OSSM,SBD11,METBK
CP04OSSM-SBD11-06-METBKA000,met_wind10m,met_wind10m,-33,33,L2,m s-1,CP04OSSM,SBD11,METBK
CP04OSSM-SBD11-06-METBKA000,time,time,,,ENG,seconds since 1900-01-01,CP04OSSM,SBD11,METBK
CP04OSSM-SBD11-06-METBKA000,ingestion_timestamp,ingestion_timestamp,,,ENG,seconds since 1900-01-01,CP04OSSM,SBD11,METBK
CP04OSSM-SBD12-03-HYDGN0000,driver_timestamp,driver_timestamp,,,ENG,seconds since 1900-01-01,CP04OSSM,SBD12,HYDGN
CP04OSSM-SBD12-03-HYDGN0000,internal_timestamp,internal_timestamp,,,ENG,seconds since 1900-01-01,CP04OSSM,SBD12,HYDGN
CP04OSSM-SBD12-03-HYDGN0000,preferred_timestamp,preferred_timestamp,,,ENG,1,CP04OSSM,SBD12,HYDGN
CP04OSSM-SBD12-03-HYDGN0000,dcl_controller_timestamp,dcl_controller_timestamp,,,ENG,1,CP04OSSM,SBD12,HYDGN
CP04OSSM-SBD12-03-HYDGN0000,hyd_raw,hyd_raw,,,AUX,counts,CP04OSSM,SBD12,HYDGN
CP04OSSM-SBD12-03-HYDGN0000,hyd_percent,hyd_percent,,,AUX,Percentage,CP04OSSM,SBD12,HYDGN
CP04OSSM-SBD12-03-HYDGN0000,time,time,,,ENG,seconds since 1900-01-01,CP04OSSM,SBD12,HYDGN
CP04OSSM-SBD12-03-HYDGN0000,ingestion_timestamp,ingestion_timestamp,,,ENG,seconds since 1900-01-01,CP04OSSM,SBD12,HYDGN
CP04OSSM-SBD12-04-PCO2AA000,irga_detector_temperature,irga_detector_temperature,,,AUX,deg_C,CP04OSSM,SBD12,PCO2A
CP04OSSM-SBD12-04-PCO2AA000,irga_source_temperature,irga_source_temperature,,,AUX,deg_C,CP04OSSM,SBD12,PCO2A
CP04OSSM-SBD12-04-PCO2AA000,partial_pressure_co2_atm,partial_pressure_co2_atm,180,500,L1,uatm,CP04OSSM,SBD12,PCO2A
CP04OSSM-SBD12-04-PCO2AA000,partial_pressure_co2_ssw,partial_pressure_co2_ssw,100,600,L1,uatm,CP04OSSM,SBD12,PCO2A
CP04OSSM-SBD12-04-PCO2AA000,driver_timestamp,driver_timestamp,,,ENG,seconds since 1900-01-01,CP04OSSM,SBD12,PCO2A
CP04OSSM-SBD12-04-PCO2AA000,internal_timestamp,internal_timestamp,,,ENG,seconds since 1900-01-01,CP04OSSM,SBD12,PCO2A
CP04OSSM-SBD12-04-PCO2AA000,preferred_timestamp,preferred_timestamp,,,ENG,1,CP04OSSM,SBD12,PCO2A
CP04OSSM-SBD12-04-PCO2AA000,dcl_controller_timestamp,dcl_controller_timestamp,,,ENG,1,CP04OSSM,SBD12,PCO2A
CP04OSSM-SBD12-04-PCO2AA000,pco2_co2flux,pco2_co2flux,,,L2,mol m-2 s-1,CP04OSSM,SBD12,PCO2A
CP04OSSM-SBD12-04-PCO2AA000,time,time,,,ENG,seconds since 1900-01-01,CP04OSSM,SBD12,PCO2A
CP04OSSM-SBD12-04-PCO2AA000,ingestion_timestamp,ingestion_timestamp,,,ENG,seconds since 1900-01-01,CP04OSSM,SBD12,PCO2A
CP04OSSM-SBD12-04-PCO2AA000,date_time_string,date_time_string,,,,1,CP04OSSM,SBD12,PCO2A
CP04OSSM-SBD12-04-PCO2AA000,zero_a2d,zero_a2d,,,,counts,CP04OSSM,SBD12,PCO2A
CP04OSSM-SBD12-04-PCO2AA000,current_a2d,current_a2d,,,,counts,CP04OSSM,SBD12,PCO2A
CP04OSSM-SBD12-04-PCO2AA000,measured_air_co2,measured_air_co2,,,L0,ppm,CP04OSSM,SBD12,PCO2A
CP04OSSM-SBD12-04-PCO2AA000,measured_water_co2,measured_water_co2,,,L0,ppm,CP04OSSM,SBD12,PCO2A
CP04OSSM-SBD12-04-PCO2AA000,avg_irga_temperature,avg_irga_temperature,,,AUX,deg_C,CP04OSSM,SBD12,PCO2A
CP04OSSM-SBD12-04-PCO2AA000,humidity,humidity,,,AUX,mbar,CP04OSSM,SBD12,PCO2A
CP04OSSM-SBD12-04-PCO2AA000,humidity_temperature,humidity_temperature,,,AUX,deg_C,CP04OSSM,SBD12,PCO2A
CP04OSSM-SBD12-04-PCO2AA000,gas_stream_pressure,gas_stream_pressure,,,L0,mbar,CP04OSSM,SBD12,PCO2A
CP05MOAS-GL001-01-ADCPAM000,bin_depths,bin_depths,,,,m,CP05MOAS,GL001,ADCPA
CP05MOAS-GL001-01-ADCPAM000,driver_timestamp,driver_timestamp,,,ENG,seconds since 1900-01-01,CP05MOAS,GL001,ADCPA
CP05MOAS-GL001-01-ADCPAM000,bt_pings_per_ensemble,bt_pings_per_ensemble,,,,1,CP05MOAS,GL001,ADCPA
CP05MOAS-GL001-01-ADCPAM000,bt_delay_before_reacquire,bt_delay_before_reacquire,,,,1,CP05MOAS,GL001,ADCPA
CP05MOAS-GL001-01-ADCPAM000,bt_corr_magnitude_min,bt_corr_magnitude_min,,,,counts,CP05MOAS,GL001,ADCPA
CP05MOAS-GL001-01-ADCPAM000,bt_eval_magnitude_min,bt_eval_magnitude_min,,,,counts,CP05MOAS,GL001,ADCPA
CP05MOAS-GL001-01-ADCPAM000,bt_percent_good_min,bt_percent_good_min,,,,percent,CP05MOAS,GL001,ADCPA
CP05MOAS-GL001-01-ADCPAM000,bt_mode,bt_mode,,,,1,CP05MOAS,GL001,ADCPA
CP05MOAS-GL001-01-ADCPAM000,bt_error_velocity_max,bt_error_velocity_max,,,,mm s-1,CP05MOAS,GL001,ADCPA
CP05MOAS-GL001-01-ADCPAM000,bt_beam1_range,bt_beam1_range,,,,cm,CP05MOAS,GL001,ADCPA
CP05MOAS-GL001-01-ADCPAM000,bt_beam2_range,bt_beam2_range,,,,cm,CP05MOAS,GL001,ADCPA
CP05MOAS-GL001-01-ADCPAM000,bt_beam3_range,bt_beam3_range,,,,cm,CP05MOAS,GL001,ADCPA
CP05MOAS-GL001-01-ADCPAM000,bt_beam4_range,bt_beam4_range,,,,cm,CP05MOAS,GL001,ADCPA
CP05MOAS-GL001-01-ADCPAM000,bt_eastward_velocity,bt_eastward_velocity,,,,mm s-1,CP05MOAS,GL001,ADCPA
CP05MOAS-GL001-01-ADCPAM000,bt_northward_velocity,bt_northward_velocity,,,,mm s-1,CP05MOAS,GL001,ADCPA
CP05MOAS-GL001-01-ADCPAM000,bt_upward_velocity,bt_upward_velocity,,,,mm s-1,CP05MOAS,GL001,ADCPA
CP05MOAS-GL001-01-ADCPAM000,bt_error_velocity,bt_error_velocity,,,,mm s-1,CP05MOAS,GL001,ADCPA
CP05MOAS-GL001-01-ADCPAM000,bt_beam1_correlation,bt_beam1_correlation,,,,counts,CP05MOAS,GL001,ADCPA
CP05MOAS-GL001-01-ADCPAM000,bt_beam2_correlation,bt_beam2_correlation,,,,counts,CP05MOAS,GL001,ADCPA
CP05MOAS-GL001-01-ADCPAM000,bt_beam3_correlation,bt_beam3_correlation,,,,counts,CP05MOAS,GL001,ADCPA
CP05MOAS-GL001-01-ADCPAM000,bt_beam4_correlation,bt_beam4_correlation,,,,counts,CP05MOAS,GL001,ADCPA
CP05MOAS-GL001-01-ADCPAM000,bt_beam1_eval_amp,bt_beam1_eval_amp,,,,counts,CP05MOAS,GL001,ADCPA
CP05MOAS-GL001-01-ADCPAM000,bt_beam2_eval_amp,bt_beam2_eval_amp,,,,counts,CP05MOAS,GL001,ADCPA
CP05MOAS-GL001-01-ADCPAM000,bt_beam3_eval_amp,bt_beam3_eval_amp,,,,counts,CP05MOAS,GL001,ADCPA
CP05MOAS-GL001-01-ADCPAM000,bt_beam4_eval_amp,bt_beam4_eval_amp,,,,counts,CP05MOAS,GL001,ADCPA
CP05MOAS-GL001-01-ADCPAM000,bt_beam1_percent_good,bt_beam1_percent_good,,,,percent,CP05MOAS,GL001,ADCPA
CP05MOAS-GL001-01-ADCPAM000,bt_beam2_percent_good,bt_beam2_percent_good,,,,percent,CP05MOAS,GL001,ADCPA
CP05MOAS-GL001-01-ADCPAM000,bt_beam3_percent_good,bt_beam3_percent_good,,,,percent,CP05MOAS,GL001,ADCPA
CP05MOAS-GL001-01-ADCPAM000,bt_beam4_percent_good,bt_beam4_percent_good,,,,percent,CP05MOAS,GL001,ADCPA
CP05MOAS-GL001-01-ADCPAM000,bt_ref_layer_min,bt_ref_layer_min,,,,dm,CP05MOAS,GL001,ADCPA
CP05MOAS-GL001-01-ADCPAM000,bt_ref_layer_near,bt_ref_layer_near,,,,dm,CP05MOAS,GL001,ADCPA
CP05MOAS-GL001-01-ADCPAM000,bt_ref_layer_far,bt_ref_layer_far,,,,dm,CP05MOAS,GL001,ADCPA
CP05MOAS-GL001-01-ADCPAM000,bt_eastward_ref_layer_velocity,bt_eastward_ref_layer_velocity,,,,mm s-1,CP05MOAS,GL001,ADCPA
CP05MOAS-GL001-01-ADCPAM000,bt_northward_ref_layer_velocity,bt_northward_ref_layer_velocity,,,,mm s-1,CP05MOAS,GL001,ADCPA
CP05MOAS-GL001-01-ADCPAM000,bt_upward_ref_layer_velocity,bt_upward_ref_layer_velocity,,,,mm s-1,CP05MOAS,GL001,ADCPA
CP05MOAS-GL001-01-ADCPAM000,bt_error_ref_layer_velocity,bt_error_ref_layer_velocity,,,,mm s-1,CP05MOAS,GL001,ADCPA
CP05MOAS-GL001-01-ADCPAM000,bt_beam1_ref_correlation,bt_beam1_ref_correlation,,,,counts,CP05MOAS,GL001,ADCPA
CP05MOAS-GL001-01-ADCPAM000,bt_beam2_ref_correlation,bt_beam2_ref_correlation,,,,counts,CP05MOAS,GL001,ADCPA
CP05MOAS-GL001-01-ADCPAM000,bt_beam3_ref_correlation,bt_beam3_ref_correlation,,,,counts,CP05MOAS,GL001,ADCPA
CP05MOAS-GL001-01-ADCPAM000,bt_beam4_ref_correlation,bt_beam4_ref_correlation,,,,counts,CP05MOAS,GL001,ADCPA
CP05MOAS-GL001-01-ADCPAM000,bt_beam1_ref_intensity,bt_beam1_ref_intensity,,,,counts,CP05MOAS,GL001,ADCPA
CP05MOAS-GL001-01-ADCPAM000,bt_beam2_ref_intensity,bt_beam2_ref_intensity,,,,counts,CP05MOAS,GL001,ADCPA
CP05MOAS-GL001-01-ADCPAM000,internal_timestamp,internal_timestamp,,,ENG,seconds since 1900-01-01,CP05MOAS,GL001,ADCPA
CP05MOAS-GL001-01-ADCPAM000,bt_beam3_ref_intensity,bt_beam3_ref_intensity,,,,counts,CP05MOAS,GL001,ADCPA
CP05MOAS-GL001-01-ADCPAM000,bt_beam4_ref_intensity,bt_beam4_ref_intensity,,,,counts,CP05MOAS,GL001,ADCPA
CP05MOAS-GL001-01-ADCPAM000,bt_beam1_ref_percent_good,bt_beam1_ref_percent_good,,,,percent,CP05MOAS,GL001,ADCPA
CP05MOAS-GL001-01-ADCPAM000,bt_beam2_ref_percent_good,bt_beam2_ref_percent_good,,,,percent,CP05MOAS,GL001,ADCPA
CP05MOAS-GL001-01-ADCPAM000,bt_beam3_ref_percent_good,bt_beam3_ref_percent_good,,,,percent,CP05MOAS,GL001,ADCPA
CP05MOAS-GL001-01-ADCPAM000,bt_beam4_ref_percent_good,bt_beam4_ref_percent_good,,,,percent,CP05MOAS,GL001,ADCPA
CP05MOAS-GL001-01-ADCPAM000,bt_max_depth,bt_max_depth,,,,dm,CP05MOAS,GL001,ADCPA
CP05MOAS-GL001-01-ADCPAM000,bt_beam1_rssi_amplitude,bt_beam1_rssi_amplitude,,,,counts,CP05MOAS,GL001,ADCPA
CP05MOAS-GL001-01-ADCPAM000,bt_beam2_rssi_amplitude,bt_beam2_rssi_amplitude,,,,counts,CP05MOAS,GL001,ADCPA
CP05MOAS-GL001-01-ADCPAM000,bt_beam3_rssi_amplitude,bt_beam3_rssi_amplitude,,,,counts,CP05MOAS,GL001,ADCPA
CP05MOAS-GL001-01-ADCPAM000,bt_beam4_rssi_amplitude,bt_beam4_rssi_amplitude,,,,counts,CP05MOAS,GL001,ADCPA
CP05MOAS-GL001-01-ADCPAM000,bt_gain,bt_gain,,,,1,CP05MOAS,GL001,ADCPA
CP05MOAS-GL001-01-ADCPAM000,preferred_timestamp,preferred_timestamp,,,ENG,1,CP05MOAS,GL001,ADCPA
CP05MOAS-GL001-01-ADCPAM000,sensor_available_speed,sensor_available_speed,,,,1,CP05MOAS,GL001,ADCPA
CP05MOAS-GL001-01-ADCPAM000,sensor_source_temperature_eu,sensor_source_temperature_eu,,,,1,CP05MOAS,GL001,ADCPA
CP05MOAS-GL001-01-ADCPAM000,sensor_available_temperature_eu,sensor_available_temperature_eu,,,,1,CP05MOAS,GL001,ADCPA
CP05MOAS-GL001-01-ADCPAM000,bit_error_number,bit_error_number,,,,1,CP05MOAS,GL001,ADCPA
CP05MOAS-GL001-01-ADCPAM000,bit_error_count,bit_error_count,,,,counts,CP05MOAS,GL001,ADCPA
CP05MOAS-GL001-01-ADCPAM000,sysconfig_beam_angle,sysconfig_beam_angle,,,,1,CP05MOAS,GL001,ADCPA
CP05MOAS-GL001-01-ADCPAM000,sysconfig_beam_config,sysconfig_beam_config,,,,1,CP05MOAS,GL001,ADCPA
CP05MOAS-GL001-01-ADCPAM000,adcpa_m_upward_seawater_velocity,adcpa_m_upward_seawater_velocity,-1,1,L1,m s-1,CP05MOAS,GL001,ADCPA
CP05MOAS-GL001-01-ADCPAM000,adcpa_m_error_velocity,adcpa_m_error_velocity,-1,1,L1,m s-1,CP05MOAS,GL001,ADCPA
CP05MOAS-GL001-01-ADCPAM000,adcpa_m_eastward_seawater_velocity,adcpa_m_eastward_seawater_velocity,-3,3,L1,m s-1,CP05MOAS,GL001,ADCPA
CP05MOAS-GL001-01-ADCPAM000,adcpa_m_northward_seawater_velocity,adcpa_m_northward_seawater_velocity,-3,3,L1,m s-1,CP05MOAS,GL001,ADCPA
CP05MOAS-GL001-01-ADCPAM000,adcpa_m_echo_intensity_beam1,adcpa_m_echo_intensity_beam1,0,255,L1,dB,CP05MOAS,GL001,ADCPA
CP05MOAS-GL001-01-ADCPAM000,adcpa_m_echo_intensity_beam2,adcpa_m_echo_intensity_beam2,0,255,L1,dB,CP05MOAS,GL001,ADCPA
CP05MOAS-GL001-01-ADCPAM000,adcpa_m_echo_intensity_beam3,adcpa_m_echo_intensity_beam3,0,255,L1,dB,CP05MOAS,GL001,ADCPA
CP05MOAS-GL001-01-ADCPAM000,adcpa_m_echo_intensity_beam4,adcpa_m_echo_intensity_beam4,0,255,L1,dB,CP05MOAS,GL001,ADCPA
CP05MOAS-GL001-01-ADCPAM000,serial_number,serial_number,,,ENG,1,CP05MOAS,GL001,ADCPA
CP05MOAS-GL001-01-ADCPAM000,firmware_version,firmware_version,,,,1,CP05MOAS,GL001,ADCPA
CP05MOAS-GL001-01-ADCPAM000,firmware_revision,firmware_revision,,,,1,CP05MOAS,GL001,ADCPA
CP05MOAS-GL001-01-ADCPAM000,sysconfig_frequency,sysconfig_frequency,,,,kHz,CP05MOAS,GL001,ADCPA
CP05MOAS-GL001-01-ADCPAM000,sysconfig_beam_pattern,sysconfig_beam_pattern,,,,1,CP05MOAS,GL001,ADCPA
CP05MOAS-GL001-01-ADCPAM000,sysconfig_sensor_config,sysconfig_sensor_config,,,,1,CP05MOAS,GL001,ADCPA
CP05MOAS-GL001-01-ADCPAM000,sysconfig_head_attached,sysconfig_head_attached,,,,1,CP05MOAS,GL001,ADCPA
CP05MOAS-GL001-01-ADCPAM000,sysconfig_vertical_orientation,sysconfig_vertical_orientation,,,,1,CP05MOAS,GL001,ADCPA
CP05MOAS-GL001-01-ADCPAM000,data_flag,data_flag,,,,1,CP05MOAS,GL001,ADCPA
CP05MOAS-GL001-01-ADCPAM000,lag_length,lag_length,,,,s,CP05MOAS,GL001,ADCPA
CP05MOAS-GL001-01-ADCPAM000,num_beams,num_beams,,,,1,CP05MOAS,GL001,ADCPA
CP05MOAS-GL001-01-ADCPAM000,num_cells,num_cells,,,,1,CP05MOAS,GL001,ADCPA
CP05MOAS-GL001-01-ADCPAM000,pings_per_ensemble,pings_per_ensemble,,,,1,CP05MOAS,GL001,ADCPA
CP05MOAS-GL001-01-ADCPAM000,cell_length,cell_length,,,,cm,CP05MOAS,GL001,ADCPA
CP05MOAS-GL001-01-ADCPAM000,blank_after_transmit,blank_after_transmit,,,,cm,CP05MOAS,GL001,ADCPA
CP05MOAS-GL001-01-ADCPAM000,signal_processing_mode,signal_processing_mode,,,,1,CP05MOAS,GL001,ADCPA
CP05MOAS-GL001-01-ADCPAM000,low_corr_threshold,low_corr_threshold,,,,counts,CP05MOAS,GL001,ADCPA
CP05MOAS-GL001-01-ADCPAM000,num_code_repetitions,num_code_repetitions,,,,counts,CP05MOAS,GL001,ADCPA
CP05MOAS-GL001-01-ADCPAM000,percent_good_min,percent_good_min,,,,percent,CP05MOAS,GL001,ADCPA
CP05MOAS-GL001-01-ADCPAM000,error_vel_threshold,error_vel_threshold,,,,mm s-1,CP05MOAS,GL001,ADCPA
CP05MOAS-GL001-01-ADCPAM000,time_per_ping_minutes,time_per_ping_minutes,,,,min,CP05MOAS,GL001,ADCPA
CP05MOAS-GL001-01-ADCPAM000,time_per_ping_seconds,time_per_ping_seconds,,,,s,CP05MOAS,GL001,ADCPA
CP05MOAS-GL001-01-ADCPAM000,coord_transform_type,coord_transform_type,,,,1,CP05MOAS,GL001,ADCPA
CP05MOAS-GL001-01-ADCPAM000,coord_transform_tilts,coord_transform_tilts,,,,1,CP05MOAS,GL001,ADCPA
CP05MOAS-GL001-01-ADCPAM000,coord_transform_beams,coord_transform_beams,,,,1,CP05MOAS,GL001,ADCPA
CP05MOAS-GL001-01-ADCPAM000,coord_transform_mapping,coord_transform_mapping,,,,1,CP05MOAS,GL001,ADCPA
CP05MOAS-GL001-01-ADCPAM000,heading_alignment,heading_alignment,,,,cdegrees,CP05MOAS,GL001,ADCPA
CP05MOAS-GL001-01-ADCPAM000,heading_bias,heading_bias,,,,cdegrees,CP05MOAS,GL001,ADCPA
CP05MOAS-GL001-01-ADCPAM000,sensor_source_speed,sensor_source_speed,,,,1,CP05MOAS,GL001,ADCPA
CP05MOAS-GL001-01-ADCPAM000,sensor_source_depth,sensor_source_depth,,,,1,CP05MOAS,GL001,ADCPA
CP05MOAS-GL001-01-ADCPAM000,sensor_source_heading,sensor_source_heading,,,,1,CP05MOAS,GL001,ADCPA
CP05MOAS-GL001-01-ADCPAM000,sensor_source_pitch,sensor_source_pitch,,,,1,CP05MOAS,GL001,ADCPA
CP05MOAS-GL001-01-ADCPAM000,sensor_source_roll,sensor_source_roll,,,,1,CP05MOAS,GL001,ADCPA
CP05MOAS-GL001-01-ADCPAM000,sensor_source_conductivity,sensor_source_conductivity,,,,1,CP05MOAS,GL001,ADCPA
CP05MOAS-GL001-01-ADCPAM000,sensor_source_temperature,sensor_source_temperature,,,,1,CP05MOAS,GL001,ADCPA
CP05MOAS-GL001-01-ADCPAM000,sensor_available_depth,sensor_available_depth,,,,1,CP05MOAS,GL001,ADCPA
CP05MOAS-GL001-01-ADCPAM000,sensor_available_heading,sensor_available_heading,,,,1,CP05MOAS,GL001,ADCPA
CP05MOAS-GL001-01-ADCPAM000,sensor_available_pitch,sensor_available_pitch,,,,1,CP05MOAS,GL001,ADCPA
CP05MOAS-GL001-01-ADCPAM000,sensor_available_roll,sensor_available_roll,,,,1,CP05MOAS,GL001,ADCPA
CP05MOAS-GL001-01-ADCPAM000,sensor_available_conductivity,sensor_available_conductivity,,,,1,CP05MOAS,GL001,ADCPA
CP05MOAS-GL001-01-ADCPAM000,sensor_available_temperature,sensor_available_temperature,,,,1,CP05MOAS,GL001,ADCPA
CP05MOAS-GL001-01-ADCPAM000,bin_1_distance,bin_1_distance,,,,cm,CP05MOAS,GL001,ADCPA
CP05MOAS-GL001-01-ADCPAM000,transmit_pulse_length,transmit_pulse_length,,,,cm,CP05MOAS,GL001,ADCPA
CP05MOAS-GL001-01-ADCPAM000,reference_layer_start,reference_layer_start,,,,1,CP05MOAS,GL001,ADCPA
CP05MOAS-GL001-01-ADCPAM000,reference_layer_stop,reference_layer_stop,,,,1,CP05MOAS,GL001,ADCPA
CP05MOAS-GL001-01-ADCPAM000,false_target_threshold,false_target_threshold,,,,counts,CP05MOAS,GL001,ADCPA
CP05MOAS-GL001-01-ADCPAM000,transmit_lag_distance,transmit_lag_distance,,,,cm,CP05MOAS,GL001,ADCPA
CP05MOAS-GL001-01-ADCPAM000,system_bandwidth,system_bandwidth,,,,1,CP05MOAS,GL001,ADCPA
CP05MOAS-GL001-01-ADCPAM000,ensemble_number,ensemble_number,,,,1,CP05MOAS,GL001,ADCPA
CP05MOAS-GL001-01-ADCPAM000,ensemble_number_increment,ensemble_number_increment,,,,1,CP05MOAS,GL001,ADCPA
CP05MOAS-GL001-01-ADCPAM000,speed_of_sound,speed_of_sound,,,,m s-1,CP05MOAS,GL001,ADCPA
CP05MOAS-GL001-01-ADCPAM000,transducer_depth,transducer_depth,,,,dm,CP05MOAS,GL001,ADCPA
CP05MOAS-GL001-01-ADCPAM000,heading,heading,,,,cdegrees,CP05MOAS,GL001,ADCPA
CP05MOAS-GL001-01-ADCPAM000,pitch,pitch,,,,cdegrees,CP05MOAS,GL001,ADCPA
CP05MOAS-GL001-01-ADCPAM000,roll,roll,,,,cdegrees,CP05MOAS,GL001,ADCPA
CP05MOAS-GL001-01-ADCPAM000,salinity,salinity,,,,1,CP05MOAS,GL001,ADCPA
CP05MOAS-GL001-01-ADCPAM000,temperature,temperature,,,,cdeg_C,CP05MOAS,GL001,ADCPA
CP05MOAS-GL001-01-ADCPAM000,mpt_minutes,mpt_minutes,,,,min,CP05MOAS,GL001,ADCPA
CP05MOAS-GL001-01-ADCPAM000,mpt_seconds,mpt_seconds,,,,s,CP05MOAS,GL001,ADCPA
CP05MOAS-GL001-01-ADCPAM000,heading_stdev,heading_stdev,,,,degrees,CP05MOAS,GL001,ADCPA
CP05MOAS-GL001-01-ADCPAM000,pitch_stdev,pitch_stdev,,,,ddegrees,CP05MOAS,GL001,ADCPA
CP05MOAS-GL001-01-ADCPAM000,roll_stdev,roll_stdev,,,,ddegrees,CP05MOAS,GL001,ADCPA
CP05MOAS-GL001-01-ADCPAM000,adc_transmit_voltage,adc_transmit_voltage,,,,counts,CP05MOAS,GL001,ADCPA
CP05MOAS-GL001-01-ADCPAM000,time,time,,,ENG,seconds since 1900-01-01,CP05MOAS,GL001,ADCPA
CP05MOAS-GL001-01-ADCPAM000,pressure,pressure,,,,daPa,CP05MOAS,GL001,ADCPA
CP05MOAS-GL001-01-ADCPAM000,pressure_variance,pressure_variance,,,,daPa,CP05MOAS,GL001,ADCPA
CP05MOAS-GL001-01-ADCPAM000,water_velocity_east,water_velocity_east,,,L0,mm s-1,CP05MOAS,GL001,ADCPA
CP05MOAS-GL001-01-ADCPAM000,water_velocity_north,water_velocity_north,,,L0,mm s-1,CP05MOAS,GL001,ADCPA
CP05MOAS-GL001-01-ADCPAM000,water_velocity_up,water_velocity_up,,,L0,mm s-1,CP05MOAS,GL001,ADCPA
CP05MOAS-GL001-01-ADCPAM000,error_velocity,error_velocity,,,L0,mm s-1,CP05MOAS,GL001,ADCPA
CP05MOAS-GL001-01-ADCPAM000,correlation_magnitude_beam1,correlation_magnitude_beam1,,,,1,CP05MOAS,GL001,ADCPA
CP05MOAS-GL001-01-ADCPAM000,correlation_magnitude_beam2,correlation_magnitude_beam2,,,,1,CP05MOAS,GL001,ADCPA
CP05MOAS-GL001-01-ADCPAM000,correlation_magnitude_beam3,correlation_magnitude_beam3,,,,1,CP05MOAS,GL001,ADCPA
CP05MOAS-GL001-01-ADCPAM000,correlation_magnitude_beam4,correlation_magnitude_beam4,,,,1,CP05MOAS,GL001,ADCPA
CP05MOAS-GL001-01-ADCPAM000,echo_intensity_beam1,echo_intensity_beam1,,,L0,counts,CP05MOAS,GL001,ADCPA
CP05MOAS-GL001-01-ADCPAM000,echo_intensity_beam2,echo_intensity_beam2,,,L0,counts,CP05MOAS,GL001,ADCPA
CP05MOAS-GL001-01-ADCPAM000,echo_intensity_beam3,echo_intensity_beam3,,,L0,counts,CP05MOAS,GL001,ADCPA
CP05MOAS-GL001-01-ADCPAM000,echo_intensity_beam4,echo_intensity_beam4,,,L0,counts,CP05MOAS,GL001,ADCPA
CP05MOAS-GL001-01-ADCPAM000,percent_good_3beam,percent_good_3beam,,,,percent,CP05MOAS,GL001,ADCPA
CP05MOAS-GL001-01-ADCPAM000,percent_transforms_reject,percent_transforms_reject,,,,percent,CP05MOAS,GL001,ADCPA
CP05MOAS-GL001-01-ADCPAM000,percent_bad_beams,percent_bad_beams,,,,percent,CP05MOAS,GL001,ADCPA
CP05MOAS-GL001-01-ADCPAM000,percent_good_4beam,percent_good_4beam,,,,percent,CP05MOAS,GL001,ADCPA
CP05MOAS-GL001-01-ADCPAM000,ensemble_start_time,ensemble_start_time,,,,seconds since 1900-01-01,CP05MOAS,GL001,ADCPA
CP05MOAS-GL001-01-ADCPAM000,ingestion_timestamp,ingestion_timestamp,,,ENG,seconds since 1900-01-01,CP05MOAS,GL001,ADCPA
CP05MOAS-GL001-01-ADCPAM000,real_time_clock,real_time_clock,,,,1,CP05MOAS,GL001,ADCPA
CP05MOAS-GL001-02-FLORTM000,driver_timestamp,driver_timestamp,,,ENG,seconds since 1900-01-01,CP05MOAS,GL001,FLORT
CP05MOAS-GL001-02-FLORTM000,internal_timestamp,internal_timestamp,,,ENG,seconds since 1900-01-01,CP05MOAS,GL001,FLORT
CP05MOAS-GL001-02-FLORTM000,m_present_secs_into_mission,m_present_secs_into_mission,,,ENG,s,CP05MOAS,GL001,FLORT
CP05MOAS-GL001-02-FLORTM000,m_present_time,m_present_time,,,AUX,seconds since 1970-01-01,CP05MOAS,GL001,FLORT
CP05MOAS-GL001-02-FLORTM000,sci_flbbcd_bb_ref,sci_flbbcd_bb_ref,,,,nm,CP05MOAS,GL001,FLORT
CP05MOAS-GL001-02-FLORTM000,sci_flbbcd_bb_sig,sci_flbbcd_bb_sig,,,,counts,CP05MOAS,GL001,FLORT
CP05MOAS-GL001-02-FLORTM000,sci_flbbcd_bb_units,sci_flbbcd_bb_units,,,L1,m-1 sr-1,CP05MOAS,GL001,FLORT
CP05MOAS-GL001-02-FLORTM000,sci_flbbcd_cdom_ref,sci_flbbcd_cdom_ref,,,,nm,CP05MOAS,GL001,FLORT
CP05MOAS-GL001-02-FLORTM000,sci_flbbcd_cdom_sig,sci_flbbcd_cdom_sig,,,,counts,CP05MOAS,GL001,FLORT
CP05MOAS-GL001-02-FLORTM000,sci_flbbcd_cdom_units,sci_flbbcd_cdom_units,0,375,L1,ppb,CP05MOAS,GL001,FLORT
CP05MOAS-GL001-02-FLORTM000,sci_flbbcd_chlor_ref,sci_flbbcd_chlor_ref,,,,nm,CP05MOAS,GL001,FLORT
CP05MOAS-GL001-02-FLORTM000,sci_flbbcd_chlor_sig,sci_flbbcd_chlor_sig,,,,counts,CP05MOAS,GL001,FLORT
CP05MOAS-GL001-02-FLORTM000,sci_flbbcd_chlor_units,sci_flbbcd_chlor_units,0,50,L1,ug L-1,CP05MOAS,GL001,FLORT
CP05MOAS-GL001-02-FLORTM000,sci_flbbcd_therm,sci_flbbcd_therm,,,ENG,1,CP05MOAS,GL001,FLORT
CP05MOAS-GL001-02-FLORTM000,sci_flbbcd_timestamp,sci_flbbcd_timestamp,,,ENG,seconds since 1970-01-01,CP05MOAS,GL001,FLORT
CP05MOAS-GL001-02-FLORTM000,sci_m_present_secs_into_mission,sci_m_present_secs_into_mission,,,,s,CP05MOAS,GL001,FLORT
CP05MOAS-GL001-02-FLORTM000,sci_m_present_time,sci_m_present_time,,,,seconds since 1970-01-01,CP05MOAS,GL001,FLORT
CP05MOAS-GL001-02-FLORTM000,preferred_timestamp,preferred_timestamp,,,ENG,1,CP05MOAS,GL001,FLORT
CP05MOAS-GL001-02-FLORTM000,flort_m_bback_total,flort_m_bback_total,0.0003,1,L2,m-1,CP05MOAS,GL001,FLORT
CP05MOAS-GL001-02-FLORTM000,flort_m_scat_seawater,flort_m_scat_seawater,,,AUX,m-1,CP05MOAS,GL001,FLORT
CP05MOAS-GL001-02-FLORTM000,time,time,,,ENG,seconds since 1900-01-01,CP05MOAS,GL001,FLORT
CP05MOAS-GL001-02-FLORTM000,ingestion_timestamp,ingestion_timestamp,,,ENG,seconds since 1900-01-01,CP05MOAS,GL001,FLORT
CP05MOAS-GL001-03-CTDGVM000,driver_timestamp,driver_timestamp,,,ENG,seconds since 1900-01-01,CP05MOAS,GL001,CTDGV
CP05MOAS-GL001-03-CTDGVM000,internal_timestamp,internal_timestamp,,,ENG,seconds since 1900-01-01,CP05MOAS,GL001,CTDGV
CP05MOAS-GL001-03-CTDGVM000,m_present_secs_into_mission,m_present_secs_into_mission,,,ENG,s,CP05MOAS,GL001,CTDGV
CP05MOAS-GL001-03-CTDGVM000,m_present_time,m_present_time,,,AUX,seconds since 1970-01-01,CP05MOAS,GL001,CTDGV
CP05MOAS-GL001-03-CTDGVM000,sci_ctd41cp_timestamp,sci_ctd41cp_timestamp,,,,seconds since 1970-01-01,CP05MOAS,GL001,CTDGV
CP05MOAS-GL001-03-CTDGVM000,sci_m_present_secs_into_mission,sci_m_present_secs_into_mission,,,,s,CP05MOAS,GL001,CTDGV
CP05MOAS-GL001-03-CTDGVM000,sci_m_present_time,sci_m_present_time,,,,seconds since 1970-01-01,CP05MOAS,GL001,CTDGV
CP05MOAS-GL001-03-CTDGVM000,sci_water_cond,sci_water_cond,0,6,L1,S m-1,CP05MOAS,GL001,CTDGV
CP05MOAS-GL001-03-CTDGVM000,sci_water_pressure,sci_water_pressure,0,6000,L1,dbar,CP05MOAS,GL001,CTDGV
CP05MOAS-GL001-03-CTDGVM000,sci_water_temp,sci_water_temp,-2,40,L1,deg_C,CP05MOAS,GL001,CTDGV
CP05MOAS-GL001-03-CTDGVM000,sci_water_pracsal,sci_water_pracsal,0,42,L2,1,CP05MOAS,GL001,CTDGV
CP05MOAS-GL001-03-CTDGVM000,preferred_timestamp,preferred_timestamp,,,ENG,1,CP05MOAS,GL001,CTDGV
CP05MOAS-GL001-03-CTDGVM000,sci_seawater_density,sci_seawater_density,1000,1100,L2,kg m-3,CP05MOAS,GL001,CTDGV
CP05MOAS-GL001-03-CTDGVM000,time,time,,,ENG,seconds since 1900-01-01,CP05MOAS,GL001,CTDGV
CP05MOAS-GL001-03-CTDGVM000,ingestion_timestamp,ingestion_timestamp,,,ENG,seconds since 1900-01-01,CP05MOAS,GL001,CTDGV
CP05MOAS-GL001-04-DOSTAM000,driver_timestamp,driver_timestamp,,,ENG,seconds since 1900-01-01,CP05MOAS,GL001,DOSTA
CP05MOAS-GL001-04-DOSTAM000,internal_timestamp,internal_timestamp,,,ENG,seconds since 1900-01-01,CP05MOAS,GL001,DOSTA
CP05MOAS-GL001-04-DOSTAM000,m_present_secs_into_mission,m_present_secs_into_mission,,,ENG,s,CP05MOAS,GL001,DOSTA
CP05MOAS-GL001-04-DOSTAM000,m_present_time,m_present_time,,,AUX,seconds since 1970-01-01,CP05MOAS,GL001,DOSTA
CP05MOAS-GL001-04-DOSTAM000,sci_m_present_secs_into_mission,sci_m_present_secs_into_mission,,,,s,CP05MOAS,GL001,DOSTA
CP05MOAS-GL001-04-DOSTAM000,sci_m_present_time,sci_m_present_time,,,,seconds since 1970-01-01,CP05MOAS,GL001,DOSTA
CP05MOAS-GL001-04-DOSTAM000,sci_oxy4_c1amp,sci_oxy4_c1amp,,,,mV,CP05MOAS,GL001,DOSTA
CP05MOAS-GL001-04-DOSTAM000,sci_oxy4_c1rph,sci_oxy4_c1rph,,,,degrees,CP05MOAS,GL001,DOSTA
CP05MOAS-GL001-04-DOSTAM000,sci_oxy4_c2amp,sci_oxy4_c2amp,,,,mV,CP05MOAS,GL001,DOSTA
CP05MOAS-GL001-04-DOSTAM000,sci_oxy4_c2rph,sci_oxy4_c2rph,,,,degrees,CP05MOAS,GL001,DOSTA
CP05MOAS-GL001-04-DOSTAM000,sci_oxy4_calphase,sci_oxy4_calphase,,,L0,degrees,CP05MOAS,GL001,DOSTA
CP05MOAS-GL001-04-DOSTAM000,sci_oxy4_oxygen,sci_oxy4_oxygen,0,400,L1,umol L-1,CP05MOAS,GL001,DOSTA
CP05MOAS-GL001-04-DOSTAM000,sci_oxy4_rawtemp,sci_oxy4_rawtemp,,,,mV,CP05MOAS,GL001,DOSTA
CP05MOAS-GL001-04-DOSTAM000,sci_oxy4_saturation,sci_oxy4_saturation,,,,percent,CP05MOAS,GL001,DOSTA
CP05MOAS-GL001-04-DOSTAM000,sci_oxy4_tcphase,sci_oxy4_tcphase,,,,degrees,CP05MOAS,GL001,DOSTA
CP05MOAS-GL001-04-DOSTAM000,sci_oxy4_temp,sci_oxy4_temp,,,,deg_C,CP05MOAS,GL001,DOSTA
CP05MOAS-GL001-04-DOSTAM000,sci_oxy4_timestamp,sci_oxy4_timestamp,,,,1,CP05MOAS,GL001,DOSTA
CP05MOAS-GL001-04-DOSTAM000,sci_water_cond,sci_water_cond,0,6,L1,S m-1,CP05MOAS,GL001,DOSTA
CP05MOAS-GL001-04-DOSTAM000,sci_water_pressure,sci_water_pressure,0,6000,L1,dbar,CP05MOAS,GL001,DOSTA
CP05MOAS-GL001-04-DOSTAM000,sci_water_temp,sci_water_temp,-2,40,L1,deg_C,CP05MOAS,GL001,DOSTA
CP05MOAS-GL001-04-DOSTAM000,preferred_timestamp,preferred_timestamp,,,ENG,1,CP05MOAS,GL001,DOSTA
CP05MOAS-GL001-04-DOSTAM000,sci_abs_oxygen,sci_abs_oxygen,0,400,L2,umol kg-1,CP05MOAS,GL001,DOSTA
CP05MOAS-GL001-04-DOSTAM000,time,time,,,ENG,seconds since 1900-01-01,CP05MOAS,GL001,DOSTA
CP05MOAS-GL001-04-DOSTAM000,ingestion_timestamp,ingestion_timestamp,,,ENG,seconds since 1900-01-01,CP05MOAS,GL001,DOSTA
CP05MOAS-GL001-05-PARADM000,driver_timestamp,driver_timestamp,,,ENG,seconds since 1900-01-01,CP05MOAS,GL001,PARAD
CP05MOAS-GL001-05-PARADM000,internal_timestamp,internal_timestamp,,,ENG,seconds since 1900-01-01,CP05MOAS,GL001,PARAD
CP05MOAS-GL001-05-PARADM000,m_present_secs_into_mission,m_present_secs_into_mission,,,ENG,s,CP05MOAS,GL001,PARAD
CP05MOAS-GL001-05-PARADM000,m_present_time,m_present_time,,,AUX,seconds since 1970-01-01,CP05MOAS,GL001,PARAD
CP05MOAS-GL001-05-PARADM000,sci_bsipar_par,sci_bsipar_par,0,2500,L1,umol photons m-2 s-1,CP05MOAS,GL001,PARAD
CP05MOAS-GL001-05-PARADM000,sci_bsipar_sensor_volts,sci_bsipar_sensor_volts,,,L0,V,CP05MOAS,GL001,PARAD
CP05MOAS-GL001-05-PARADM000,sci_bsipar_supply_volts,sci_bsipar_supply_volts,,,,V,CP05MOAS,GL001,PARAD
CP05MOAS-GL001-05-PARADM000,sci_bsipar_temp,sci_bsipar_temp,,,,deg_C,CP05MOAS,GL001,PARAD
CP05MOAS-GL001-05-PARADM000,sci_m_present_secs_into_mission,sci_m_present_secs_into_mission,,,,s,CP05MOAS,GL001,PARAD
CP05MOAS-GL001-05-PARADM000,sci_m_present_time,sci_m_present_time,,,,seconds since 1970-01-01,CP05MOAS,GL001,PARAD
CP05MOAS-GL001-05-PARADM000,preferred_timestamp,preferred_timestamp,,,ENG,1,CP05MOAS,GL001,PARAD
CP05MOAS-GL001-05-PARADM000,time,time,,,ENG,seconds since 1900-01-01,CP05MOAS,GL001,PARAD
CP05MOAS-GL001-05-PARADM000,ingestion_timestamp,ingestion_timestamp,,,ENG,seconds since 1900-01-01,CP05MOAS,GL001,PARAD
CP05MOAS-GL002-01-ADCPAM000,bin_depths,bin_depths,,,,m,CP05MOAS,GL002,ADCPA
CP05MOAS-GL002-01-ADCPAM000,driver_timestamp,driver_timestamp,,,ENG,seconds since 1900-01-01,CP05MOAS,GL002,ADCPA
CP05MOAS-GL002-01-ADCPAM000,bt_pings_per_ensemble,bt_pings_per_ensemble,,,,1,CP05MOAS,GL002,ADCPA
CP05MOAS-GL002-01-ADCPAM000,bt_delay_before_reacquire,bt_delay_before_reacquire,,,,1,CP05MOAS,GL002,ADCPA
CP05MOAS-GL002-01-ADCPAM000,bt_corr_magnitude_min,bt_corr_magnitude_min,,,,counts,CP05MOAS,GL002,ADCPA
CP05MOAS-GL002-01-ADCPAM000,bt_eval_magnitude_min,bt_eval_magnitude_min,,,,counts,CP05MOAS,GL002,ADCPA
CP05MOAS-GL002-01-ADCPAM000,bt_percent_good_min,bt_percent_good_min,,,,percent,CP05MOAS,GL002,ADCPA
CP05MOAS-GL002-01-ADCPAM000,bt_mode,bt_mode,,,,1,CP05MOAS,GL002,ADCPA
CP05MOAS-GL002-01-ADCPAM000,bt_error_velocity_max,bt_error_velocity_max,,,,mm s-1,CP05MOAS,GL002,ADCPA
CP05MOAS-GL002-01-ADCPAM000,bt_beam1_range,bt_beam1_range,,,,cm,CP05MOAS,GL002,ADCPA
CP05MOAS-GL002-01-ADCPAM000,bt_beam2_range,bt_beam2_range,,,,cm,CP05MOAS,GL002,ADCPA
CP05MOAS-GL002-01-ADCPAM000,bt_beam3_range,bt_beam3_range,,,,cm,CP05MOAS,GL002,ADCPA
CP05MOAS-GL002-01-ADCPAM000,bt_beam4_range,bt_beam4_range,,,,cm,CP05MOAS,GL002,ADCPA
CP05MOAS-GL002-01-ADCPAM000,bt_eastward_velocity,bt_eastward_velocity,,,,mm s-1,CP05MOAS,GL002,ADCPA
CP05MOAS-GL002-01-ADCPAM000,bt_northward_velocity,bt_northward_velocity,,,,mm s-1,CP05MOAS,GL002,ADCPA
CP05MOAS-GL002-01-ADCPAM000,bt_upward_velocity,bt_upward_velocity,,,,mm s-1,CP05MOAS,GL002,ADCPA
CP05MOAS-GL002-01-ADCPAM000,bt_error_velocity,bt_error_velocity,,,,mm s-1,CP05MOAS,GL002,ADCPA
CP05MOAS-GL002-01-ADCPAM000,bt_beam1_correlation,bt_beam1_correlation,,,,counts,CP05MOAS,GL002,ADCPA
CP05MOAS-GL002-01-ADCPAM000,bt_beam2_correlation,bt_beam2_correlation,,,,counts,CP05MOAS,GL002,ADCPA
CP05MOAS-GL002-01-ADCPAM000,bt_beam3_correlation,bt_beam3_correlation,,,,counts,CP05MOAS,GL002,ADCPA
CP05MOAS-GL002-01-ADCPAM000,bt_beam4_correlation,bt_beam4_correlation,,,,counts,CP05MOAS,GL002,ADCPA
CP05MOAS-GL002-01-ADCPAM000,bt_beam1_eval_amp,bt_beam1_eval_amp,,,,counts,CP05MOAS,GL002,ADCPA
CP05MOAS-GL002-01-ADCPAM000,bt_beam2_eval_amp,bt_beam2_eval_amp,,,,counts,CP05MOAS,GL002,ADCPA
CP05MOAS-GL002-01-ADCPAM000,bt_beam3_eval_amp,bt_beam3_eval_amp,,,,counts,CP05MOAS,GL002,ADCPA
CP05MOAS-GL002-01-ADCPAM000,bt_beam4_eval_amp,bt_beam4_eval_amp,,,,counts,CP05MOAS,GL002,ADCPA
CP05MOAS-GL002-01-ADCPAM000,bt_beam1_percent_good,bt_beam1_percent_good,,,,percent,CP05MOAS,GL002,ADCPA
CP05MOAS-GL002-01-ADCPAM000,bt_beam2_percent_good,bt_beam2_percent_good,,,,percent,CP05MOAS,GL002,ADCPA
CP05MOAS-GL002-01-ADCPAM000,bt_beam3_percent_good,bt_beam3_percent_good,,,,percent,CP05MOAS,GL002,ADCPA
CP05MOAS-GL002-01-ADCPAM000,bt_beam4_percent_good,bt_beam4_percent_good,,,,percent,CP05MOAS,GL002,ADCPA
CP05MOAS-GL002-01-ADCPAM000,bt_ref_layer_min,bt_ref_layer_min,,,,dm,CP05MOAS,GL002,ADCPA
CP05MOAS-GL002-01-ADCPAM000,bt_ref_layer_near,bt_ref_layer_near,,,,dm,CP05MOAS,GL002,ADCPA
CP05MOAS-GL002-01-ADCPAM000,bt_ref_layer_far,bt_ref_layer_far,,,,dm,CP05MOAS,GL002,ADCPA
CP05MOAS-GL002-01-ADCPAM000,bt_eastward_ref_layer_velocity,bt_eastward_ref_layer_velocity,,,,mm s-1,CP05MOAS,GL002,ADCPA
CP05MOAS-GL002-01-ADCPAM000,bt_northward_ref_layer_velocity,bt_northward_ref_layer_velocity,,,,mm s-1,CP05MOAS,GL002,ADCPA
CP05MOAS-GL002-01-ADCPAM000,bt_upward_ref_layer_velocity,bt_upward_ref_layer_velocity,,,,mm s-1,CP05MOAS,GL002,ADCPA
CP05MOAS-GL002-01-ADCPAM000,bt_error_ref_layer_velocity,bt_error_ref_layer_velocity,,,,mm s-1,CP05MOAS,GL002,ADCPA
CP05MOAS-GL002-01-ADCPAM000,bt_beam1_ref_correlation,bt_beam1_ref_correlation,,,,counts,CP05MOAS,GL002,ADCPA
CP05MOAS-GL002-01-ADCPAM000,bt_beam2_ref_correlation,bt_beam2_ref_correlation,,,,counts,CP05MOAS,GL002,ADCPA
CP05MOAS-GL002-01-ADCPAM000,bt_beam3_ref_correlation,bt_beam3_ref_correlation,,,,counts,CP05MOAS,GL002,ADCPA
CP05MOAS-GL002-01-ADCPAM000,bt_beam4_ref_correlation,bt_beam4_ref_correlation,,,,counts,CP05MOAS,GL002,ADCPA
CP05MOAS-GL002-01-ADCPAM000,bt_beam1_ref_intensity,bt_beam1_ref_intensity,,,,counts,CP05MOAS,GL002,ADCPA
CP05MOAS-GL002-01-ADCPAM000,bt_beam2_ref_intensity,bt_beam2_ref_intensity,,,,counts,CP05MOAS,GL002,ADCPA
CP05MOAS-GL002-01-ADCPAM000,internal_timestamp,internal_timestamp,,,ENG,seconds since 1900-01-01,CP05MOAS,GL002,ADCPA
CP05MOAS-GL002-01-ADCPAM000,bt_beam3_ref_intensity,bt_beam3_ref_intensity,,,,counts,CP05MOAS,GL002,ADCPA
CP05MOAS-GL002-01-ADCPAM000,bt_beam4_ref_intensity,bt_beam4_ref_intensity,,,,counts,CP05MOAS,GL002,ADCPA
CP05MOAS-GL002-01-ADCPAM000,bt_beam1_ref_percent_good,bt_beam1_ref_percent_good,,,,percent,CP05MOAS,GL002,ADCPA
CP05MOAS-GL002-01-ADCPAM000,bt_beam2_ref_percent_good,bt_beam2_ref_percent_good,,,,percent,CP05MOAS,GL002,ADCPA
CP05MOAS-GL002-01-ADCPAM000,bt_beam3_ref_percent_good,bt_beam3_ref_percent_good,,,,percent,CP05MOAS,GL002,ADCPA
CP05MOAS-GL002-01-ADCPAM000,bt_beam4_ref_percent_good,bt_beam4_ref_percent_good,,,,percent,CP05MOAS,GL002,ADCPA
CP05MOAS-GL002-01-ADCPAM000,bt_max_depth,bt_max_depth,,,,dm,CP05MOAS,GL002,ADCPA
CP05MOAS-GL002-01-ADCPAM000,bt_beam1_rssi_amplitude,bt_beam1_rssi_amplitude,,,,counts,CP05MOAS,GL002,ADCPA
CP05MOAS-GL002-01-ADCPAM000,bt_beam2_rssi_amplitude,bt_beam2_rssi_amplitude,,,,counts,CP05MOAS,GL002,ADCPA
CP05MOAS-GL002-01-ADCPAM000,bt_beam3_rssi_amplitude,bt_beam3_rssi_amplitude,,,,counts,CP05MOAS,GL002,ADCPA
CP05MOAS-GL002-01-ADCPAM000,bt_beam4_rssi_amplitude,bt_beam4_rssi_amplitude,,,,counts,CP05MOAS,GL002,ADCPA
CP05MOAS-GL002-01-ADCPAM000,bt_gain,bt_gain,,,,1,CP05MOAS,GL002,ADCPA
CP05MOAS-GL002-01-ADCPAM000,preferred_timestamp,preferred_timestamp,,,ENG,1,CP05MOAS,GL002,ADCPA
CP05MOAS-GL002-01-ADCPAM000,sensor_available_speed,sensor_available_speed,,,,1,CP05MOAS,GL002,ADCPA
CP05MOAS-GL002-01-ADCPAM000,sensor_source_temperature_eu,sensor_source_temperature_eu,,,,1,CP05MOAS,GL002,ADCPA
CP05MOAS-GL002-01-ADCPAM000,sensor_available_temperature_eu,sensor_available_temperature_eu,,,,1,CP05MOAS,GL002,ADCPA
CP05MOAS-GL002-01-ADCPAM000,bit_error_number,bit_error_number,,,,1,CP05MOAS,GL002,ADCPA
CP05MOAS-GL002-01-ADCPAM000,bit_error_count,bit_error_count,,,,counts,CP05MOAS,GL002,ADCPA
CP05MOAS-GL002-01-ADCPAM000,sysconfig_beam_angle,sysconfig_beam_angle,,,,1,CP05MOAS,GL002,ADCPA
CP05MOAS-GL002-01-ADCPAM000,sysconfig_beam_config,sysconfig_beam_config,,,,1,CP05MOAS,GL002,ADCPA
CP05MOAS-GL002-01-ADCPAM000,adcpa_m_upward_seawater_velocity,adcpa_m_upward_seawater_velocity,-1,1,L1,m s-1,CP05MOAS,GL002,ADCPA
CP05MOAS-GL002-01-ADCPAM000,adcpa_m_error_velocity,adcpa_m_error_velocity,-1,1,L1,m s-1,CP05MOAS,GL002,ADCPA
CP05MOAS-GL002-01-ADCPAM000,adcpa_m_eastward_seawater_velocity,adcpa_m_eastward_seawater_velocity,-3,3,L1,m s-1,CP05MOAS,GL002,ADCPA
CP05MOAS-GL002-01-ADCPAM000,adcpa_m_northward_seawater_velocity,adcpa_m_northward_seawater_velocity,-3,3,L1,m s-1,CP05MOAS,GL002,ADCPA
CP05MOAS-GL002-01-ADCPAM000,adcpa_m_echo_intensity_beam1,adcpa_m_echo_intensity_beam1,0,255,L1,dB,CP05MOAS,GL002,ADCPA
CP05MOAS-GL002-01-ADCPAM000,adcpa_m_echo_intensity_beam2,adcpa_m_echo_intensity_beam2,0,255,L1,dB,CP05MOAS,GL002,ADCPA
CP05MOAS-GL002-01-ADCPAM000,adcpa_m_echo_intensity_beam3,adcpa_m_echo_intensity_beam3,0,255,L1,dB,CP05MOAS,GL002,ADCPA
CP05MOAS-GL002-01-ADCPAM000,adcpa_m_echo_intensity_beam4,adcpa_m_echo_intensity_beam4,0,255,L1,dB,CP05MOAS,GL002,ADCPA
CP05MOAS-GL002-01-ADCPAM000,serial_number,serial_number,,,ENG,1,CP05MOAS,GL002,ADCPA
CP05MOAS-GL002-01-ADCPAM000,firmware_version,firmware_version,,,,1,CP05MOAS,GL002,ADCPA
CP05MOAS-GL002-01-ADCPAM000,firmware_revision,firmware_revision,,,,1,CP05MOAS,GL002,ADCPA
CP05MOAS-GL002-01-ADCPAM000,sysconfig_frequency,sysconfig_frequency,,,,kHz,CP05MOAS,GL002,ADCPA
CP05MOAS-GL002-01-ADCPAM000,sysconfig_beam_pattern,sysconfig_beam_pattern,,,,1,CP05MOAS,GL002,ADCPA
CP05MOAS-GL002-01-ADCPAM000,sysconfig_sensor_config,sysconfig_sensor_config,,,,1,CP05MOAS,GL002,ADCPA
CP05MOAS-GL002-01-ADCPAM000,sysconfig_head_attached,sysconfig_head_attached,,,,1,CP05MOAS,GL002,ADCPA
CP05MOAS-GL002-01-ADCPAM000,sysconfig_vertical_orientation,sysconfig_vertical_orientation,,,,1,CP05MOAS,GL002,ADCPA
CP05MOAS-GL002-01-ADCPAM000,data_flag,data_flag,,,,1,CP05MOAS,GL002,ADCPA
CP05MOAS-GL002-01-ADCPAM000,lag_length,lag_length,,,,s,CP05MOAS,GL002,ADCPA
CP05MOAS-GL002-01-ADCPAM000,num_beams,num_beams,,,,1,CP05MOAS,GL002,ADCPA
CP05MOAS-GL002-01-ADCPAM000,num_cells,num_cells,,,,1,CP05MOAS,GL002,ADCPA
CP05MOAS-GL002-01-ADCPAM000,pings_per_ensemble,pings_per_ensemble,,,,1,CP05MOAS,GL002,ADCPA
CP05MOAS-GL002-01-ADCPAM000,cell_length,cell_length,,,,cm,CP05MOAS,GL002,ADCPA
CP05MOAS-GL002-01-ADCPAM000,blank_after_transmit,blank_after_transmit,,,,cm,CP05MOAS,GL002,ADCPA
CP05MOAS-GL002-01-ADCPAM000,signal_processing_mode,signal_processing_mode,,,,1,CP05MOAS,GL002,ADCPA
CP05MOAS-GL002-01-ADCPAM000,low_corr_threshold,low_corr_threshold,,,,counts,CP05MOAS,GL002,ADCPA
CP05MOAS-GL002-01-ADCPAM000,num_code_repetitions,num_code_repetitions,,,,counts,CP05MOAS,GL002,ADCPA
CP05MOAS-GL002-01-ADCPAM000,percent_good_min,percent_good_min,,,,percent,CP05MOAS,GL002,ADCPA
CP05MOAS-GL002-01-ADCPAM000,error_vel_threshold,error_vel_threshold,,,,mm s-1,CP05MOAS,GL002,ADCPA
CP05MOAS-GL002-01-ADCPAM000,time_per_ping_minutes,time_per_ping_minutes,,,,min,CP05MOAS,GL002,ADCPA
CP05MOAS-GL002-01-ADCPAM000,time_per_ping_seconds,time_per_ping_seconds,,,,s,CP05MOAS,GL002,ADCPA
CP05MOAS-GL002-01-ADCPAM000,coord_transform_type,coord_transform_type,,,,1,CP05MOAS,GL002,ADCPA
CP05MOAS-GL002-01-ADCPAM000,coord_transform_tilts,coord_transform_tilts,,,,1,CP05MOAS,GL002,ADCPA
CP05MOAS-GL002-01-ADCPAM000,coord_transform_beams,coord_transform_beams,,,,1,CP05MOAS,GL002,ADCPA
CP05MOAS-GL002-01-ADCPAM000,coord_transform_mapping,coord_transform_mapping,,,,1,CP05MOAS,GL002,ADCPA
CP05MOAS-GL002-01-ADCPAM000,heading_alignment,heading_alignment,,,,cdegrees,CP05MOAS,GL002,ADCPA
CP05MOAS-GL002-01-ADCPAM000,heading_bias,heading_bias,,,,cdegrees,CP05MOAS,GL002,ADCPA
CP05MOAS-GL002-01-ADCPAM000,sensor_source_speed,sensor_source_speed,,,,1,CP05MOAS,GL002,ADCPA
CP05MOAS-GL002-01-ADCPAM000,sensor_source_depth,sensor_source_depth,,,,1,CP05MOAS,GL002,ADCPA
CP05MOAS-GL002-01-ADCPAM000,sensor_source_heading,sensor_source_heading,,,,1,CP05MOAS,GL002,ADCPA
CP05MOAS-GL002-01-ADCPAM000,sensor_source_pitch,sensor_source_pitch,,,,1,CP05MOAS,GL002,ADCPA
CP05MOAS-GL002-01-ADCPAM000,sensor_source_roll,sensor_source_roll,,,,1,CP05MOAS,GL002,ADCPA
CP05MOAS-GL002-01-ADCPAM000,sensor_source_conductivity,sensor_source_conductivity,,,,1,CP05MOAS,GL002,ADCPA
CP05MOAS-GL002-01-ADCPAM000,sensor_source_temperature,sensor_source_temperature,,,,1,CP05MOAS,GL002,ADCPA
CP05MOAS-GL002-01-ADCPAM000,sensor_available_depth,sensor_available_depth,,,,1,CP05MOAS,GL002,ADCPA
CP05MOAS-GL002-01-ADCPAM000,sensor_available_heading,sensor_available_heading,,,,1,CP05MOAS,GL002,ADCPA
CP05MOAS-GL002-01-ADCPAM000,sensor_available_pitch,sensor_available_pitch,,,,1,CP05MOAS,GL002,ADCPA
CP05MOAS-GL002-01-ADCPAM000,sensor_available_roll,sensor_available_roll,,,,1,CP05MOAS,GL002,ADCPA
CP05MOAS-GL002-01-ADCPAM000,sensor_available_conductivity,sensor_available_conductivity,,,,1,CP05MOAS,GL002,ADCPA
CP05MOAS-GL002-01-ADCPAM000,sensor_available_temperature,sensor_available_temperature,,,,1,CP05MOAS,GL002,ADCPA
CP05MOAS-GL002-01-ADCPAM000,bin_1_distance,bin_1_distance,,,,cm,CP05MOAS,GL002,ADCPA
CP05MOAS-GL002-01-ADCPAM000,transmit_pulse_length,transmit_pulse_length,,,,cm,CP05MOAS,GL002,ADCPA
CP05MOAS-GL002-01-ADCPAM000,reference_layer_start,reference_layer_start,,,,1,CP05MOAS,GL002,ADCPA
CP05MOAS-GL002-01-ADCPAM000,reference_layer_stop,reference_layer_stop,,,,1,CP05MOAS,GL002,ADCPA
CP05MOAS-GL002-01-ADCPAM000,false_target_threshold,false_target_threshold,,,,counts,CP05MOAS,GL002,ADCPA
CP05MOAS-GL002-01-ADCPAM000,transmit_lag_distance,transmit_lag_distance,,,,cm,CP05MOAS,GL002,ADCPA
CP05MOAS-GL002-01-ADCPAM000,system_bandwidth,system_bandwidth,,,,1,CP05MOAS,GL002,ADCPA
CP05MOAS-GL002-01-ADCPAM000,ensemble_number,ensemble_number,,,,1,CP05MOAS,GL002,ADCPA
CP05MOAS-GL002-01-ADCPAM000,ensemble_number_increment,ensemble_number_increment,,,,1,CP05MOAS,GL002,ADCPA
CP05MOAS-GL002-01-ADCPAM000,speed_of_sound,speed_of_sound,,,,m s-1,CP05MOAS,GL002,ADCPA
CP05MOAS-GL002-01-ADCPAM000,transducer_depth,transducer_depth,,,,dm,CP05MOAS,GL002,ADCPA
CP05MOAS-GL002-01-ADCPAM000,heading,heading,,,,cdegrees,CP05MOAS,GL002,ADCPA
CP05MOAS-GL002-01-ADCPAM000,pitch,pitch,,,,cdegrees,CP05MOAS,GL002,ADCPA
CP05MOAS-GL002-01-ADCPAM000,roll,roll,,,,cdegrees,CP05MOAS,GL002,ADCPA
CP05MOAS-GL002-01-ADCPAM000,salinity,salinity,,,,1,CP05MOAS,GL002,ADCPA
CP05MOAS-GL002-01-ADCPAM000,temperature,temperature,,,,cdeg_C,CP05MOAS,GL002,ADCPA
CP05MOAS-GL002-01-ADCPAM000,mpt_minutes,mpt_minutes,,,,min,CP05MOAS,GL002,ADCPA
CP05MOAS-GL002-01-ADCPAM000,mpt_seconds,mpt_seconds,,,,s,CP05MOAS,GL002,ADCPA
CP05MOAS-GL002-01-ADCPAM000,heading_stdev,heading_stdev,,,,degrees,CP05MOAS,GL002,ADCPA
CP05MOAS-GL002-01-ADCPAM000,pitch_stdev,pitch_stdev,,,,ddegrees,CP05MOAS,GL002,ADCPA
CP05MOAS-GL002-01-ADCPAM000,roll_stdev,roll_stdev,,,,ddegrees,CP05MOAS,GL002,ADCPA
CP05MOAS-GL002-01-ADCPAM000,adc_transmit_voltage,adc_transmit_voltage,,,,counts,CP05MOAS,GL002,ADCPA
CP05MOAS-GL002-01-ADCPAM000,time,time,,,ENG,seconds since 1900-01-01,CP05MOAS,GL002,ADCPA
CP05MOAS-GL002-01-ADCPAM000,pressure,pressure,,,,daPa,CP05MOAS,GL002,ADCPA
CP05MOAS-GL002-01-ADCPAM000,pressure_variance,pressure_variance,,,,daPa,CP05MOAS,GL002,ADCPA
CP05MOAS-GL002-01-ADCPAM000,water_velocity_east,water_velocity_east,,,L0,mm s-1,CP05MOAS,GL002,ADCPA
CP05MOAS-GL002-01-ADCPAM000,water_velocity_north,water_velocity_north,,,L0,mm s-1,CP05MOAS,GL002,ADCPA
CP05MOAS-GL002-01-ADCPAM000,water_velocity_up,water_velocity_up,,,L0,mm s-1,CP05MOAS,GL002,ADCPA
CP05MOAS-GL002-01-ADCPAM000,error_velocity,error_velocity,,,L0,mm s-1,CP05MOAS,GL002,ADCPA
CP05MOAS-GL002-01-ADCPAM000,correlation_magnitude_beam1,correlation_magnitude_beam1,,,,1,CP05MOAS,GL002,ADCPA
CP05MOAS-GL002-01-ADCPAM000,correlation_magnitude_beam2,correlation_magnitude_beam2,,,,1,CP05MOAS,GL002,ADCPA
CP05MOAS-GL002-01-ADCPAM000,correlation_magnitude_beam3,correlation_magnitude_beam3,,,,1,CP05MOAS,GL002,ADCPA
CP05MOAS-GL002-01-ADCPAM000,correlation_magnitude_beam4,correlation_magnitude_beam4,,,,1,CP05MOAS,GL002,ADCPA
CP05MOAS-GL002-01-ADCPAM000,echo_intensity_beam1,echo_intensity_beam1,,,L0,counts,CP05MOAS,GL002,ADCPA
CP05MOAS-GL002-01-ADCPAM000,echo_intensity_beam2,echo_intensity_beam2,,,L0,counts,CP05MOAS,GL002,ADCPA
CP05MOAS-GL002-01-ADCPAM000,echo_intensity_beam3,echo_intensity_beam3,,,L0,counts,CP05MOAS,GL002,ADCPA
CP05MOAS-GL002-01-ADCPAM000,echo_intensity_beam4,echo_intensity_beam4,,,L0,counts,CP05MOAS,GL002,ADCPA
CP05MOAS-GL002-01-ADCPAM000,percent_good_3beam,percent_good_3beam,,,,percent,CP05MOAS,GL002,ADCPA
CP05MOAS-GL002-01-ADCPAM000,percent_transforms_reject,percent_transforms_reject,,,,percent,CP05MOAS,GL002,ADCPA
CP05MOAS-GL002-01-ADCPAM000,percent_bad_beams,percent_bad_beams,,,,percent,CP05MOAS,GL002,ADCPA
CP05MOAS-GL002-01-ADCPAM000,percent_good_4beam,percent_good_4beam,,,,percent,CP05MOAS,GL002,ADCPA
CP05MOAS-GL002-01-ADCPAM000,ensemble_start_time,ensemble_start_time,,,,seconds since 1900-01-01,CP05MOAS,GL002,ADCPA
CP05MOAS-GL002-01-ADCPAM000,ingestion_timestamp,ingestion_timestamp,,,ENG,seconds since 1900-01-01,CP05MOAS,GL002,ADCPA
CP05MOAS-GL002-01-ADCPAM000,real_time_clock,real_time_clock,,,,1,CP05MOAS,GL002,ADCPA
CP05MOAS-GL002-02-FLORTM000,driver_timestamp,driver_timestamp,,,ENG,seconds since 1900-01-01,CP05MOAS,GL002,FLORT
CP05MOAS-GL002-02-FLORTM000,internal_timestamp,internal_timestamp,,,ENG,seconds since 1900-01-01,CP05MOAS,GL002,FLORT
CP05MOAS-GL002-02-FLORTM000,m_present_secs_into_mission,m_present_secs_into_mission,,,ENG,s,CP05MOAS,GL002,FLORT
CP05MOAS-GL002-02-FLORTM000,m_present_time,m_present_time,,,AUX,seconds since 1970-01-01,CP05MOAS,GL002,FLORT
CP05MOAS-GL002-02-FLORTM000,sci_flbbcd_bb_ref,sci_flbbcd_bb_ref,,,,nm,CP05MOAS,GL002,FLORT
CP05MOAS-GL002-02-FLORTM000,sci_flbbcd_bb_sig,sci_flbbcd_bb_sig,,,,counts,CP05MOAS,GL002,FLORT
CP05MOAS-GL002-02-FLORTM000,sci_flbbcd_bb_units,sci_flbbcd_bb_units,,,L1,m-1 sr-1,CP05MOAS,GL002,FLORT
CP05MOAS-GL002-02-FLORTM000,sci_flbbcd_cdom_ref,sci_flbbcd_cdom_ref,,,,nm,CP05MOAS,GL002,FLORT
CP05MOAS-GL002-02-FLORTM000,sci_flbbcd_cdom_sig,sci_flbbcd_cdom_sig,,,,counts,CP05MOAS,GL002,FLORT
CP05MOAS-GL002-02-FLORTM000,sci_flbbcd_cdom_units,sci_flbbcd_cdom_units,0,375,L1,ppb,CP05MOAS,GL002,FLORT
CP05MOAS-GL002-02-FLORTM000,sci_flbbcd_chlor_ref,sci_flbbcd_chlor_ref,,,,nm,CP05MOAS,GL002,FLORT
CP05MOAS-GL002-02-FLORTM000,sci_flbbcd_chlor_sig,sci_flbbcd_chlor_sig,,,,counts,CP05MOAS,GL002,FLORT
CP05MOAS-GL002-02-FLORTM000,sci_flbbcd_chlor_units,sci_flbbcd_chlor_units,0,50,L1,ug L-1,CP05MOAS,GL002,FLORT
CP05MOAS-GL002-02-FLORTM000,sci_flbbcd_therm,sci_flbbcd_therm,,,ENG,1,CP05MOAS,GL002,FLORT
CP05MOAS-GL002-02-FLORTM000,sci_flbbcd_timestamp,sci_flbbcd_timestamp,,,ENG,seconds since 1970-01-01,CP05MOAS,GL002,FLORT
CP05MOAS-GL002-02-FLORTM000,sci_m_present_secs_into_mission,sci_m_present_secs_into_mission,,,,s,CP05MOAS,GL002,FLORT
CP05MOAS-GL002-02-FLORTM000,sci_m_present_time,sci_m_present_time,,,,seconds since 1970-01-01,CP05MOAS,GL002,FLORT
CP05MOAS-GL002-02-FLORTM000,preferred_timestamp,preferred_timestamp,,,ENG,1,CP05MOAS,GL002,FLORT
CP05MOAS-GL002-02-FLORTM000,flort_m_bback_total,flort_m_bback_total,0.0003,1,L2,m-1,CP05MOAS,GL002,FLORT
CP05MOAS-GL002-02-FLORTM000,flort_m_scat_seawater,flort_m_scat_seawater,,,AUX,m-1,CP05MOAS,GL002,FLORT
CP05MOAS-GL002-02-FLORTM000,time,time,,,ENG,seconds since 1900-01-01,CP05MOAS,GL002,FLORT
CP05MOAS-GL002-02-FLORTM000,ingestion_timestamp,ingestion_timestamp,,,ENG,seconds since 1900-01-01,CP05MOAS,GL002,FLORT
CP05MOAS-GL002-03-CTDGVM000,driver_timestamp,driver_timestamp,,,ENG,seconds since 1900-01-01,CP05MOAS,GL002,CTDGV
CP05MOAS-GL002-03-CTDGVM000,internal_timestamp,internal_timestamp,,,ENG,seconds since 1900-01-01,CP05MOAS,GL002,CTDGV
CP05MOAS-GL002-03-CTDGVM000,m_present_secs_into_mission,m_present_secs_into_mission,,,ENG,s,CP05MOAS,GL002,CTDGV
CP05MOAS-GL002-03-CTDGVM000,m_present_time,m_present_time,,,AUX,seconds since 1970-01-01,CP05MOAS,GL002,CTDGV
CP05MOAS-GL002-03-CTDGVM000,sci_ctd41cp_timestamp,sci_ctd41cp_timestamp,,,,seconds since 1970-01-01,CP05MOAS,GL002,CTDGV
CP05MOAS-GL002-03-CTDGVM000,sci_m_present_secs_into_mission,sci_m_present_secs_into_mission,,,,s,CP05MOAS,GL002,CTDGV
CP05MOAS-GL002-03-CTDGVM000,sci_m_present_time,sci_m_present_time,,,,seconds since 1970-01-01,CP05MOAS,GL002,CTDGV
CP05MOAS-GL002-03-CTDGVM000,sci_water_cond,sci_water_cond,0,6,L1,S m-1,CP05MOAS,GL002,CTDGV
CP05MOAS-GL002-03-CTDGVM000,sci_water_pressure,sci_water_pressure,0,6000,L1,dbar,CP05MOAS,GL002,CTDGV
CP05MOAS-GL002-03-CTDGVM000,sci_water_temp,sci_water_temp,-2,40,L1,deg_C,CP05MOAS,GL002,CTDGV
CP05MOAS-GL002-03-CTDGVM000,sci_water_pracsal,sci_water_pracsal,0,42,L2,1,CP05MOAS,GL002,CTDGV
CP05MOAS-GL002-03-CTDGVM000,preferred_timestamp,preferred_timestamp,,,ENG,1,CP05MOAS,GL002,CTDGV
CP05MOAS-GL002-03-CTDGVM000,sci_seawater_density,sci_seawater_density,1000,1100,L2,kg m-3,CP05MOAS,GL002,CTDGV
CP05MOAS-GL002-03-CTDGVM000,time,time,,,ENG,seconds since 1900-01-01,CP05MOAS,GL002,CTDGV
CP05MOAS-GL002-03-CTDGVM000,ingestion_timestamp,ingestion_timestamp,,,ENG,seconds since 1900-01-01,CP05MOAS,GL002,CTDGV
CP05MOAS-GL002-04-DOSTAM000,driver_timestamp,driver_timestamp,,,ENG,seconds since 1900-01-01,CP05MOAS,GL002,DOSTA
CP05MOAS-GL002-04-DOSTAM000,internal_timestamp,internal_timestamp,,,ENG,seconds since 1900-01-01,CP05MOAS,GL002,DOSTA
CP05MOAS-GL002-04-DOSTAM000,m_present_secs_into_mission,m_present_secs_into_mission,,,ENG,s,CP05MOAS,GL002,DOSTA
CP05MOAS-GL002-04-DOSTAM000,m_present_time,m_present_time,,,AUX,seconds since 1970-01-01,CP05MOAS,GL002,DOSTA
CP05MOAS-GL002-04-DOSTAM000,sci_m_present_secs_into_mission,sci_m_present_secs_into_mission,,,,s,CP05MOAS,GL002,DOSTA
CP05MOAS-GL002-04-DOSTAM000,sci_m_present_time,sci_m_present_time,,,,seconds since 1970-01-01,CP05MOAS,GL002,DOSTA
CP05MOAS-GL002-04-DOSTAM000,sci_oxy4_c1amp,sci_oxy4_c1amp,,,,mV,CP05MOAS,GL002,DOSTA
CP05MOAS-GL002-04-DOSTAM000,sci_oxy4_c1rph,sci_oxy4_c1rph,,,,degrees,CP05MOAS,GL002,DOSTA
CP05MOAS-GL002-04-DOSTAM000,sci_oxy4_c2amp,sci_oxy4_c2amp,,,,mV,CP05MOAS,GL002,DOSTA
CP05MOAS-GL002-04-DOSTAM000,sci_oxy4_c2rph,sci_oxy4_c2rph,,,,degrees,CP05MOAS,GL002,DOSTA
CP05MOAS-GL002-04-DOSTAM000,sci_oxy4_calphase,sci_oxy4_calphase,,,L0,degrees,CP05MOAS,GL002,DOSTA
CP05MOAS-GL002-04-DOSTAM000,sci_oxy4_oxygen,sci_oxy4_oxygen,0,400,L1,umol L-1,CP05MOAS,GL002,DOSTA
CP05MOAS-GL002-04-DOSTAM000,sci_oxy4_rawtemp,sci_oxy4_rawtemp,,,,mV,CP05MOAS,GL002,DOSTA
CP05MOAS-GL002-04-DOSTAM000,sci_oxy4_saturation,sci_oxy4_saturation,,,,percent,CP05MOAS,GL002,DOSTA
CP05MOAS-GL002-04-DOSTAM000,sci_oxy4_tcphase,sci_oxy4_tcphase,,,,degrees,CP05MOAS,GL002,DOSTA
CP05MOAS-GL002-04-DOSTAM000,sci_oxy4_temp,sci_oxy4_temp,,,,deg_C,CP05MOAS,GL002,DOSTA
CP05MOAS-GL002-04-DOSTAM000,sci_oxy4_timestamp,sci_oxy4_timestamp,,,,1,CP05MOAS,GL002,DOSTA
CP05MOAS-GL002-04-DOSTAM000,sci_water_cond,sci_water_cond,0,6,L1,S m-1,CP05MOAS,GL002,DOSTA
CP05MOAS-GL002-04-DOSTAM000,sci_water_pressure,sci_water_pressure,0,6000,L1,dbar,CP05MOAS,GL002,DOSTA
CP05MOAS-GL002-04-DOSTAM000,sci_water_temp,sci_water_temp,-2,40,L1,deg_C,CP05MOAS,GL002,DOSTA
CP05MOAS-GL002-04-DOSTAM000,preferred_timestamp,preferred_timestamp,,,ENG,1,CP05MOAS,GL002,DOSTA
CP05MOAS-GL002-04-DOSTAM000,sci_abs_oxygen,sci_abs_oxygen,0,400,L2,umol kg-1,CP05MOAS,GL002,DOSTA
CP05MOAS-GL002-04-DOSTAM000,time,time,,,ENG,seconds since 1900-01-01,CP05MOAS,GL002,DOSTA
CP05MOAS-GL002-04-DOSTAM000,ingestion_timestamp,ingestion_timestamp,,,ENG,seconds since 1900-01-01,CP05MOAS,GL002,DOSTA
CP05MOAS-GL002-05-PARADM000,driver_timestamp,driver_timestamp,,,ENG,seconds since 1900-01-01,CP05MOAS,GL002,PARAD
CP05MOAS-GL002-05-PARADM000,internal_timestamp,internal_timestamp,,,ENG,seconds since 1900-01-01,CP05MOAS,GL002,PARAD
CP05MOAS-GL002-05-PARADM000,m_present_secs_into_mission,m_present_secs_into_mission,,,ENG,s,CP05MOAS,GL002,PARAD
CP05MOAS-GL002-05-PARADM000,m_present_time,m_present_time,,,AUX,seconds since 1970-01-01,CP05MOAS,GL002,PARAD
CP05MOAS-GL002-05-PARADM000,sci_bsipar_par,sci_bsipar_par,0,2500,L1,umol photons m-2 s-1,CP05MOAS,GL002,PARAD
CP05MOAS-GL002-05-PARADM000,sci_bsipar_sensor_volts,sci_bsipar_sensor_volts,,,L0,V,CP05MOAS,GL002,PARAD
CP05MOAS-GL002-05-PARADM000,sci_bsipar_supply_volts,sci_bsipar_supply_volts,,,,V,CP05MOAS,GL002,PARAD
CP05MOAS-GL002-05-PARADM000,sci_bsipar_temp,sci_bsipar_temp,,,,deg_C,CP05MOAS,GL002,PARAD
CP05MOAS-GL002-05-PARADM000,sci_m_present_secs_into_mission,sci_m_present_secs_into_mission,,,,s,CP05MOAS,GL002,PARAD
CP05MOAS-GL002-05-PARADM000,sci_m_present_time,sci_m_present_time,,,,seconds since 1970-01-01,CP05MOAS,GL002,PARAD
CP05MOAS-GL002-05-PARADM000,preferred_timestamp,preferred_timestamp,,,ENG,1,CP05MOAS,GL002,PARAD
CP05MOAS-GL002-05-PARADM000,time,time,,,ENG,seconds since 1900-01-01,CP05MOAS,GL002,PARAD
CP05MOAS-GL002-05-PARADM000,ingestion_timestamp,ingestion_timestamp,,,ENG,seconds since 1900-01-01,CP05MOAS,GL002,PARAD
CP05MOAS-GL003-01-ADCPAM000,bin_depths,bin_depths,,,,m,CP05MOAS,GL003,ADCPA
CP05MOAS-GL003-01-ADCPAM000,driver_timestamp,driver_timestamp,,,ENG,seconds since 1900-01-01,CP05MOAS,GL003,ADCPA
CP05MOAS-GL003-01-ADCPAM000,bt_pings_per_ensemble,bt_pings_per_ensemble,,,,1,CP05MOAS,GL003,ADCPA
CP05MOAS-GL003-01-ADCPAM000,bt_delay_before_reacquire,bt_delay_before_reacquire,,,,1,CP05MOAS,GL003,ADCPA
CP05MOAS-GL003-01-ADCPAM000,bt_corr_magnitude_min,bt_corr_magnitude_min,,,,counts,CP05MOAS,GL003,ADCPA
CP05MOAS-GL003-01-ADCPAM000,bt_eval_magnitude_min,bt_eval_magnitude_min,,,,counts,CP05MOAS,GL003,ADCPA
CP05MOAS-GL003-01-ADCPAM000,bt_percent_good_min,bt_percent_good_min,,,,percent,CP05MOAS,GL003,ADCPA
CP05MOAS-GL003-01-ADCPAM000,bt_mode,bt_mode,,,,1,CP05MOAS,GL003,ADCPA
CP05MOAS-GL003-01-ADCPAM000,bt_error_velocity_max,bt_error_velocity_max,,,,mm s-1,CP05MOAS,GL003,ADCPA
CP05MOAS-GL003-01-ADCPAM000,bt_beam1_range,bt_beam1_range,,,,cm,CP05MOAS,GL003,ADCPA
CP05MOAS-GL003-01-ADCPAM000,bt_beam2_range,bt_beam2_range,,,,cm,CP05MOAS,GL003,ADCPA
CP05MOAS-GL003-01-ADCPAM000,bt_beam3_range,bt_beam3_range,,,,cm,CP05MOAS,GL003,ADCPA
CP05MOAS-GL003-01-ADCPAM000,bt_beam4_range,bt_beam4_range,,,,cm,CP05MOAS,GL003,ADCPA
CP05MOAS-GL003-01-ADCPAM000,bt_eastward_velocity,bt_eastward_velocity,,,,mm s-1,CP05MOAS,GL003,ADCPA
CP05MOAS-GL003-01-ADCPAM000,bt_northward_velocity,bt_northward_velocity,,,,mm s-1,CP05MOAS,GL003,ADCPA
CP05MOAS-GL003-01-ADCPAM000,bt_upward_velocity,bt_upward_velocity,,,,mm s-1,CP05MOAS,GL003,ADCPA
CP05MOAS-GL003-01-ADCPAM000,bt_error_velocity,bt_error_velocity,,,,mm s-1,CP05MOAS,GL003,ADCPA
CP05MOAS-GL003-01-ADCPAM000,bt_beam1_correlation,bt_beam1_correlation,,,,counts,CP05MOAS,GL003,ADCPA
CP05MOAS-GL003-01-ADCPAM000,bt_beam2_correlation,bt_beam2_correlation,,,,counts,CP05MOAS,GL003,ADCPA
CP05MOAS-GL003-01-ADCPAM000,bt_beam3_correlation,bt_beam3_correlation,,,,counts,CP05MOAS,GL003,ADCPA
CP05MOAS-GL003-01-ADCPAM000,bt_beam4_correlation,bt_beam4_correlation,,,,counts,CP05MOAS,GL003,ADCPA
CP05MOAS-GL003-01-ADCPAM000,bt_beam1_eval_amp,bt_beam1_eval_amp,,,,counts,CP05MOAS,GL003,ADCPA
CP05MOAS-GL003-01-ADCPAM000,bt_beam2_eval_amp,bt_beam2_eval_amp,,,,counts,CP05MOAS,GL003,ADCPA
CP05MOAS-GL003-01-ADCPAM000,bt_beam3_eval_amp,bt_beam3_eval_amp,,,,counts,CP05MOAS,GL003,ADCPA
CP05MOAS-GL003-01-ADCPAM000,bt_beam4_eval_amp,bt_beam4_eval_amp,,,,counts,CP05MOAS,GL003,ADCPA
CP05MOAS-GL003-01-ADCPAM000,bt_beam1_percent_good,bt_beam1_percent_good,,,,percent,CP05MOAS,GL003,ADCPA
CP05MOAS-GL003-01-ADCPAM000,bt_beam2_percent_good,bt_beam2_percent_good,,,,percent,CP05MOAS,GL003,ADCPA
CP05MOAS-GL003-01-ADCPAM000,bt_beam3_percent_good,bt_beam3_percent_good,,,,percent,CP05MOAS,GL003,ADCPA
CP05MOAS-GL003-01-ADCPAM000,bt_beam4_percent_good,bt_beam4_percent_good,,,,percent,CP05MOAS,GL003,ADCPA
CP05MOAS-GL003-01-ADCPAM000,bt_ref_layer_min,bt_ref_layer_min,,,,dm,CP05MOAS,GL003,ADCPA
CP05MOAS-GL003-01-ADCPAM000,bt_ref_layer_near,bt_ref_layer_near,,,,dm,CP05MOAS,GL003,ADCPA
CP05MOAS-GL003-01-ADCPAM000,bt_ref_layer_far,bt_ref_layer_far,,,,dm,CP05MOAS,GL003,ADCPA
CP05MOAS-GL003-01-ADCPAM000,bt_eastward_ref_layer_velocity,bt_eastward_ref_layer_velocity,,,,mm s-1,CP05MOAS,GL003,ADCPA
CP05MOAS-GL003-01-ADCPAM000,bt_northward_ref_layer_velocity,bt_northward_ref_layer_velocity,,,,mm s-1,CP05MOAS,GL003,ADCPA
CP05MOAS-GL003-01-ADCPAM000,bt_upward_ref_layer_velocity,bt_upward_ref_layer_velocity,,,,mm s-1,CP05MOAS,GL003,ADCPA
CP05MOAS-GL003-01-ADCPAM000,bt_error_ref_layer_velocity,bt_error_ref_layer_velocity,,,,mm s-1,CP05MOAS,GL003,ADCPA
CP05MOAS-GL003-01-ADCPAM000,bt_beam1_ref_correlation,bt_beam1_ref_correlation,,,,counts,CP05MOAS,GL003,ADCPA
CP05MOAS-GL003-01-ADCPAM000,bt_beam2_ref_correlation,bt_beam2_ref_correlation,,,,counts,CP05MOAS,GL003,ADCPA
CP05MOAS-GL003-01-ADCPAM000,bt_beam3_ref_correlation,bt_beam3_ref_correlation,,,,counts,CP05MOAS,GL003,ADCPA
CP05MOAS-GL003-01-ADCPAM000,bt_beam4_ref_correlation,bt_beam4_ref_correlation,,,,counts,CP05MOAS,GL003,ADCPA
CP05MOAS-GL003-01-ADCPAM000,bt_beam1_ref_intensity,bt_beam1_ref_intensity,,,,counts,CP05MOAS,GL003,ADCPA
CP05MOAS-GL003-01-ADCPAM000,bt_beam2_ref_intensity,bt_beam2_ref_intensity,,,,counts,CP05MOAS,GL003,ADCPA
CP05MOAS-GL003-01-ADCPAM000,internal_timestamp,internal_timestamp,,,ENG,seconds since 1900-01-01,CP05MOAS,GL003,ADCPA
CP05MOAS-GL003-01-ADCPAM000,bt_beam3_ref_intensity,bt_beam3_ref_intensity,,,,counts,CP05MOAS,GL003,ADCPA
CP05MOAS-GL003-01-ADCPAM000,bt_beam4_ref_intensity,bt_beam4_ref_intensity,,,,counts,CP05MOAS,GL003,ADCPA
CP05MOAS-GL003-01-ADCPAM000,bt_beam1_ref_percent_good,bt_beam1_ref_percent_good,,,,percent,CP05MOAS,GL003,ADCPA
CP05MOAS-GL003-01-ADCPAM000,bt_beam2_ref_percent_good,bt_beam2_ref_percent_good,,,,percent,CP05MOAS,GL003,ADCPA
CP05MOAS-GL003-01-ADCPAM000,bt_beam3_ref_percent_good,bt_beam3_ref_percent_good,,,,percent,CP05MOAS,GL003,ADCPA
CP05MOAS-GL003-01-ADCPAM000,bt_beam4_ref_percent_good,bt_beam4_ref_percent_good,,,,percent,CP05MOAS,GL003,ADCPA
CP05MOAS-GL003-01-ADCPAM000,bt_max_depth,bt_max_depth,,,,dm,CP05MOAS,GL003,ADCPA
CP05MOAS-GL003-01-ADCPAM000,bt_beam1_rssi_amplitude,bt_beam1_rssi_amplitude,,,,counts,CP05MOAS,GL003,ADCPA
CP05MOAS-GL003-01-ADCPAM000,bt_beam2_rssi_amplitude,bt_beam2_rssi_amplitude,,,,counts,CP05MOAS,GL003,ADCPA
CP05MOAS-GL003-01-ADCPAM000,bt_beam3_rssi_amplitude,bt_beam3_rssi_amplitude,,,,counts,CP05MOAS,GL003,ADCPA
CP05MOAS-GL003-01-ADCPAM000,bt_beam4_rssi_amplitude,bt_beam4_rssi_amplitude,,,,counts,CP05MOAS,GL003,ADCPA
CP05MOAS-GL003-01-ADCPAM000,bt_gain,bt_gain,,,,1,CP05MOAS,GL003,ADCPA
CP05MOAS-GL003-01-ADCPAM000,preferred_timestamp,preferred_timestamp,,,ENG,1,CP05MOAS,GL003,ADCPA
CP05MOAS-GL003-01-ADCPAM000,sensor_available_speed,sensor_available_speed,,,,1,CP05MOAS,GL003,ADCPA
CP05MOAS-GL003-01-ADCPAM000,sensor_source_temperature_eu,sensor_source_temperature_eu,,,,1,CP05MOAS,GL003,ADCPA
CP05MOAS-GL003-01-ADCPAM000,sensor_available_temperature_eu,sensor_available_temperature_eu,,,,1,CP05MOAS,GL003,ADCPA
CP05MOAS-GL003-01-ADCPAM000,bit_error_number,bit_error_number,,,,1,CP05MOAS,GL003,ADCPA
CP05MOAS-GL003-01-ADCPAM000,bit_error_count,bit_error_count,,,,counts,CP05MOAS,GL003,ADCPA
CP05MOAS-GL003-01-ADCPAM000,sysconfig_beam_angle,sysconfig_beam_angle,,,,1,CP05MOAS,GL003,ADCPA
CP05MOAS-GL003-01-ADCPAM000,sysconfig_beam_config,sysconfig_beam_config,,,,1,CP05MOAS,GL003,ADCPA
CP05MOAS-GL003-01-ADCPAM000,adcpa_m_upward_seawater_velocity,adcpa_m_upward_seawater_velocity,-1,1,L1,m s-1,CP05MOAS,GL003,ADCPA
CP05MOAS-GL003-01-ADCPAM000,adcpa_m_error_velocity,adcpa_m_error_velocity,-1,1,L1,m s-1,CP05MOAS,GL003,ADCPA
CP05MOAS-GL003-01-ADCPAM000,adcpa_m_eastward_seawater_velocity,adcpa_m_eastward_seawater_velocity,-3,3,L1,m s-1,CP05MOAS,GL003,ADCPA
CP05MOAS-GL003-01-ADCPAM000,adcpa_m_northward_seawater_velocity,adcpa_m_northward_seawater_velocity,-3,3,L1,m s-1,CP05MOAS,GL003,ADCPA
CP05MOAS-GL003-01-ADCPAM000,adcpa_m_echo_intensity_beam1,adcpa_m_echo_intensity_beam1,0,255,L1,dB,CP05MOAS,GL003,ADCPA
CP05MOAS-GL003-01-ADCPAM000,adcpa_m_echo_intensity_beam2,adcpa_m_echo_intensity_beam2,0,255,L1,dB,CP05MOAS,GL003,ADCPA
CP05MOAS-GL003-01-ADCPAM000,adcpa_m_echo_intensity_beam3,adcpa_m_echo_intensity_beam3,0,255,L1,dB,CP05MOAS,GL003,ADCPA
CP05MOAS-GL003-01-ADCPAM000,adcpa_m_echo_intensity_beam4,adcpa_m_echo_intensity_beam4,0,255,L1,dB,CP05MOAS,GL003,ADCPA
CP05MOAS-GL003-01-ADCPAM000,serial_number,serial_number,,,ENG,1,CP05MOAS,GL003,ADCPA
CP05MOAS-GL003-01-ADCPAM000,firmware_version,firmware_version,,,,1,CP05MOAS,GL003,ADCPA
CP05MOAS-GL003-01-ADCPAM000,firmware_revision,firmware_revision,,,,1,CP05MOAS,GL003,ADCPA
CP05MOAS-GL003-01-ADCPAM000,sysconfig_frequency,sysconfig_frequency,,,,kHz,CP05MOAS,GL003,ADCPA
CP05MOAS-GL003-01-ADCPAM000,sysconfig_beam_pattern,sysconfig_beam_pattern,,,,1,CP05MOAS,GL003,ADCPA
CP05MOAS-GL003-01-ADCPAM000,sysconfig_sensor_config,sysconfig_sensor_config,,,,1,CP05MOAS,GL003,ADCPA
CP05MOAS-GL003-01-ADCPAM000,sysconfig_head_attached,sysconfig_head_attached,,,,1,CP05MOAS,GL003,ADCPA
CP05MOAS-GL003-01-ADCPAM000,sysconfig_vertical_orientation,sysconfig_vertical_orientation,,,,1,CP05MOAS,GL003,ADCPA
CP05MOAS-GL003-01-ADCPAM000,data_flag,data_flag,,,,1,CP05MOAS,GL003,ADCPA
CP05MOAS-GL003-01-ADCPAM000,lag_length,lag_length,,,,s,CP05MOAS,GL003,ADCPA
CP05MOAS-GL003-01-ADCPAM000,num_beams,num_beams,,,,1,CP05MOAS,GL003,ADCPA
CP05MOAS-GL003-01-ADCPAM000,num_cells,num_cells,,,,1,CP05MOAS,GL003,ADCPA
CP05MOAS-GL003-01-ADCPAM000,pings_per_ensemble,pings_per_ensemble,,,,1,CP05MOAS,GL003,ADCPA
CP05MOAS-GL003-01-ADCPAM000,cell_length,cell_length,,,,cm,CP05MOAS,GL003,ADCPA
CP05MOAS-GL003-01-ADCPAM000,blank_after_transmit,blank_after_transmit,,,,cm,CP05MOAS,GL003,ADCPA
CP05MOAS-GL003-01-ADCPAM000,signal_processing_mode,signal_processing_mode,,,,1,CP05MOAS,GL003,ADCPA
CP05MOAS-GL003-01-ADCPAM000,low_corr_threshold,low_corr_threshold,,,,counts,CP05MOAS,GL003,ADCPA
CP05MOAS-GL003-01-ADCPAM000,num_code_repetitions,num_code_repetitions,,,,counts,CP05MOAS,GL003,ADCPA
CP05MOAS-GL003-01-ADCPAM000,percent_good_min,percent_good_min,,,,percent,CP05MOAS,GL003,ADCPA
CP05MOAS-GL003-01-ADCPAM000,error_vel_threshold,error_vel_threshold,,,,mm s-1,CP05MOAS,GL003,ADCPA
CP05MOAS-GL003-01-ADCPAM000,time_per_ping_minutes,time_per_ping_minutes,,,,min,CP05MOAS,GL003,ADCPA
CP05MOAS-GL003-01-ADCPAM000,time_per_ping_seconds,time_per_ping_seconds,,,,s,CP05MOAS,GL003,ADCPA
CP05MOAS-GL003-01-ADCPAM000,coord_transform_type,coord_transform_type,,,,1,CP05MOAS,GL003,ADCPA
CP05MOAS-GL003-01-ADCPAM000,coord_transform_tilts,coord_transform_tilts,,,,1,CP05MOAS,GL003,ADCPA
CP05MOAS-GL003-01-ADCPAM000,coord_transform_beams,coord_transform_beams,,,,1,CP05MOAS,GL003,ADCPA
CP05MOAS-GL003-01-ADCPAM000,coord_transform_mapping,coord_transform_mapping,,,,1,CP05MOAS,GL003,ADCPA
CP05MOAS-GL003-01-ADCPAM000,heading_alignment,heading_alignment,,,,cdegrees,CP05MOAS,GL003,ADCPA
CP05MOAS-GL003-01-ADCPAM000,heading_bias,heading_bias,,,,cdegrees,CP05MOAS,GL003,ADCPA
CP05MOAS-GL003-01-ADCPAM000,sensor_source_speed,sensor_source_speed,,,,1,CP05MOAS,GL003,ADCPA
CP05MOAS-GL003-01-ADCPAM000,sensor_source_depth,sensor_source_depth,,,,1,CP05MOAS,GL003,ADCPA
CP05MOAS-GL003-01-ADCPAM000,sensor_source_heading,sensor_source_heading,,,,1,CP05MOAS,GL003,ADCPA
CP05MOAS-GL003-01-ADCPAM000,sensor_source_pitch,sensor_source_pitch,,,,1,CP05MOAS,GL003,ADCPA
CP05MOAS-GL003-01-ADCPAM000,sensor_source_roll,sensor_source_roll,,,,1,CP05MOAS,GL003,ADCPA
CP05MOAS-GL003-01-ADCPAM000,sensor_source_conductivity,sensor_source_conductivity,,,,1,CP05MOAS,GL003,ADCPA
CP05MOAS-GL003-01-ADCPAM000,sensor_source_temperature,sensor_source_temperature,,,,1,CP05MOAS,GL003,ADCPA
CP05MOAS-GL003-01-ADCPAM000,sensor_available_depth,sensor_available_depth,,,,1,CP05MOAS,GL003,ADCPA
CP05MOAS-GL003-01-ADCPAM000,sensor_available_heading,sensor_available_heading,,,,1,CP05MOAS,GL003,ADCPA
CP05MOAS-GL003-01-ADCPAM000,sensor_available_pitch,sensor_available_pitch,,,,1,CP05MOAS,GL003,ADCPA
CP05MOAS-GL003-01-ADCPAM000,sensor_available_roll,sensor_available_roll,,,,1,CP05MOAS,GL003,ADCPA
CP05MOAS-GL003-01-ADCPAM000,sensor_available_conductivity,sensor_available_conductivity,,,,1,CP05MOAS,GL003,ADCPA
CP05MOAS-GL003-01-ADCPAM000,sensor_available_temperature,sensor_available_temperature,,,,1,CP05MOAS,GL003,ADCPA
CP05MOAS-GL003-01-ADCPAM000,bin_1_distance,bin_1_distance,,,,cm,CP05MOAS,GL003,ADCPA
CP05MOAS-GL003-01-ADCPAM000,transmit_pulse_length,transmit_pulse_length,,,,cm,CP05MOAS,GL003,ADCPA
CP05MOAS-GL003-01-ADCPAM000,reference_layer_start,reference_layer_start,,,,1,CP05MOAS,GL003,ADCPA
CP05MOAS-GL003-01-ADCPAM000,reference_layer_stop,reference_layer_stop,,,,1,CP05MOAS,GL003,ADCPA
CP05MOAS-GL003-01-ADCPAM000,false_target_threshold,false_target_threshold,,,,counts,CP05MOAS,GL003,ADCPA
CP05MOAS-GL003-01-ADCPAM000,transmit_lag_distance,transmit_lag_distance,,,,cm,CP05MOAS,GL003,ADCPA
CP05MOAS-GL003-01-ADCPAM000,system_bandwidth,system_bandwidth,,,,1,CP05MOAS,GL003,ADCPA
CP05MOAS-GL003-01-ADCPAM000,ensemble_number,ensemble_number,,,,1,CP05MOAS,GL003,ADCPA
CP05MOAS-GL003-01-ADCPAM000,ensemble_number_increment,ensemble_number_increment,,,,1,CP05MOAS,GL003,ADCPA
CP05MOAS-GL003-01-ADCPAM000,speed_of_sound,speed_of_sound,,,,m s-1,CP05MOAS,GL003,ADCPA
CP05MOAS-GL003-01-ADCPAM000,transducer_depth,transducer_depth,,,,dm,CP05MOAS,GL003,ADCPA
CP05MOAS-GL003-01-ADCPAM000,heading,heading,,,,cdegrees,CP05MOAS,GL003,ADCPA
CP05MOAS-GL003-01-ADCPAM000,pitch,pitch,,,,cdegrees,CP05MOAS,GL003,ADCPA
CP05MOAS-GL003-01-ADCPAM000,roll,roll,,,,cdegrees,CP05MOAS,GL003,ADCPA
CP05MOAS-GL003-01-ADCPAM000,salinity,salinity,,,,1,CP05MOAS,GL003,ADCPA
CP05MOAS-GL003-01-ADCPAM000,temperature,temperature,,,,cdeg_C,CP05MOAS,GL003,ADCPA
CP05MOAS-GL003-01-ADCPAM000,mpt_minutes,mpt_minutes,,,,min,CP05MOAS,GL003,ADCPA
CP05MOAS-GL003-01-ADCPAM000,mpt_seconds,mpt_seconds,,,,s,CP05MOAS,GL003,ADCPA
CP05MOAS-GL003-01-ADCPAM000,heading_stdev,heading_stdev,,,,degrees,CP05MOAS,GL003,ADCPA
CP05MOAS-GL003-01-ADCPAM000,pitch_stdev,pitch_stdev,,,,ddegrees,CP05MOAS,GL003,ADCPA
CP05MOAS-GL003-01-ADCPAM000,roll_stdev,roll_stdev,,,,ddegrees,CP05MOAS,GL003,ADCPA
CP05MOAS-GL003-01-ADCPAM000,adc_transmit_voltage,adc_transmit_voltage,,,,counts,CP05MOAS,GL003,ADCPA
CP05MOAS-GL003-01-ADCPAM000,time,time,,,ENG,seconds since 1900-01-01,CP05MOAS,GL003,ADCPA
CP05MOAS-GL003-01-ADCPAM000,pressure,pressure,,,,daPa,CP05MOAS,GL003,ADCPA
CP05MOAS-GL003-01-ADCPAM000,pressure_variance,pressure_variance,,,,daPa,CP05MOAS,GL003,ADCPA
CP05MOAS-GL003-01-ADCPAM000,water_velocity_east,water_velocity_east,,,L0,mm s-1,CP05MOAS,GL003,ADCPA
CP05MOAS-GL003-01-ADCPAM000,water_velocity_north,water_velocity_north,,,L0,mm s-1,CP05MOAS,GL003,ADCPA
CP05MOAS-GL003-01-ADCPAM000,water_velocity_up,water_velocity_up,,,L0,mm s-1,CP05MOAS,GL003,ADCPA
CP05MOAS-GL003-01-ADCPAM000,error_velocity,error_velocity,,,L0,mm s-1,CP05MOAS,GL003,ADCPA
CP05MOAS-GL003-01-ADCPAM000,correlation_magnitude_beam1,correlation_magnitude_beam1,,,,1,CP05MOAS,GL003,ADCPA
CP05MOAS-GL003-01-ADCPAM000,correlation_magnitude_beam2,correlation_magnitude_beam2,,,,1,CP05MOAS,GL003,ADCPA
CP05MOAS-GL003-01-ADCPAM000,correlation_magnitude_beam3,correlation_magnitude_beam3,,,,1,CP05MOAS,GL003,ADCPA
CP05MOAS-GL003-01-ADCPAM000,correlation_magnitude_beam4,correlation_magnitude_beam4,,,,1,CP05MOAS,GL003,ADCPA
CP05MOAS-GL003-01-ADCPAM000,echo_intensity_beam1,echo_intensity_beam1,,,L0,counts,CP05MOAS,GL003,ADCPA
CP05MOAS-GL003-01-ADCPAM000,echo_intensity_beam2,echo_intensity_beam2,,,L0,counts,CP05MOAS,GL003,ADCPA
CP05MOAS-GL003-01-ADCPAM000,echo_intensity_beam3,echo_intensity_beam3,,,L0,counts,CP05MOAS,GL003,ADCPA
CP05MOAS-GL003-01-ADCPAM000,echo_intensity_beam4,echo_intensity_beam4,,,L0,counts,CP05MOAS,GL003,ADCPA
CP05MOAS-GL003-01-ADCPAM000,percent_good_3beam,percent_good_3beam,,,,percent,CP05MOAS,GL003,ADCPA
CP05MOAS-GL003-01-ADCPAM000,percent_transforms_reject,percent_transforms_reject,,,,percent,CP05MOAS,GL003,ADCPA
CP05MOAS-GL003-01-ADCPAM000,percent_bad_beams,percent_bad_beams,,,,percent,CP05MOAS,GL003,ADCPA
CP05MOAS-GL003-01-ADCPAM000,percent_good_4beam,percent_good_4beam,,,,percent,CP05MOAS,GL003,ADCPA
CP05MOAS-GL003-01-ADCPAM000,ensemble_start_time,ensemble_start_time,,,,seconds since 1900-01-01,CP05MOAS,GL003,ADCPA
CP05MOAS-GL003-01-ADCPAM000,ingestion_timestamp,ingestion_timestamp,,,ENG,seconds since 1900-01-01,CP05MOAS,GL003,ADCPA
CP05MOAS-GL003-01-ADCPAM000,real_time_clock,real_time_clock,,,,1,CP05MOAS,GL003,ADCPA
CP05MOAS-GL003-02-FLORTM000,driver_timestamp,driver_timestamp,,,ENG,seconds since 1900-01-01,CP05MOAS,GL003,FLORT
CP05MOAS-GL003-02-FLORTM000,internal_timestamp,internal_timestamp,,,ENG,seconds since 1900-01-01,CP05MOAS,GL003,FLORT
CP05MOAS-GL003-02-FLORTM000,m_present_secs_into_mission,m_present_secs_into_mission,,,ENG,s,CP05MOAS,GL003,FLORT
CP05MOAS-GL003-02-FLORTM000,m_present_time,m_present_time,,,AUX,seconds since 1970-01-01,CP05MOAS,GL003,FLORT
CP05MOAS-GL003-02-FLORTM000,sci_flbbcd_bb_ref,sci_flbbcd_bb_ref,,,,nm,CP05MOAS,GL003,FLORT
CP05MOAS-GL003-02-FLORTM000,sci_flbbcd_bb_sig,sci_flbbcd_bb_sig,,,,counts,CP05MOAS,GL003,FLORT
CP05MOAS-GL003-02-FLORTM000,sci_flbbcd_bb_units,sci_flbbcd_bb_units,,,L1,m-1 sr-1,CP05MOAS,GL003,FLORT
CP05MOAS-GL003-02-FLORTM000,sci_flbbcd_cdom_ref,sci_flbbcd_cdom_ref,,,,nm,CP05MOAS,GL003,FLORT
CP05MOAS-GL003-02-FLORTM000,sci_flbbcd_cdom_sig,sci_flbbcd_cdom_sig,,,,counts,CP05MOAS,GL003,FLORT
CP05MOAS-GL003-02-FLORTM000,sci_flbbcd_cdom_units,sci_flbbcd_cdom_units,0,375,L1,ppb,CP05MOAS,GL003,FLORT
CP05MOAS-GL003-02-FLORTM000,sci_flbbcd_chlor_ref,sci_flbbcd_chlor_ref,,,,nm,CP05MOAS,GL003,FLORT
CP05MOAS-GL003-02-FLORTM000,sci_flbbcd_chlor_sig,sci_flbbcd_chlor_sig,,,,counts,CP05MOAS,GL003,FLORT
CP05MOAS-GL003-02-FLORTM000,sci_flbbcd_chlor_units,sci_flbbcd_chlor_units,0,50,L1,ug L-1,CP05MOAS,GL003,FLORT
CP05MOAS-GL003-02-FLORTM000,sci_flbbcd_therm,sci_flbbcd_therm,,,ENG,1,CP05MOAS,GL003,FLORT
CP05MOAS-GL003-02-FLORTM000,sci_flbbcd_timestamp,sci_flbbcd_timestamp,,,ENG,seconds since 1970-01-01,CP05MOAS,GL003,FLORT
CP05MOAS-GL003-02-FLORTM000,sci_m_present_secs_into_mission,sci_m_present_secs_into_mission,,,,s,CP05MOAS,GL003,FLORT
CP05MOAS-GL003-02-FLORTM000,sci_m_present_time,sci_m_present_time,,,,seconds since 1970-01-01,CP05MOAS,GL003,FLORT
CP05MOAS-GL003-02-FLORTM000,preferred_timestamp,preferred_timestamp,,,ENG,1,CP05MOAS,GL003,FLORT
CP05MOAS-GL003-02-FLORTM000,flort_m_bback_total,flort_m_bback_total,0.0003,1,L2,m-1,CP05MOAS,GL003,FLORT
CP05MOAS-GL003-02-FLORTM000,flort_m_scat_seawater,flort_m_scat_seawater,,,AUX,m-1,CP05MOAS,GL003,FLORT
CP05MOAS-GL003-02-FLORTM000,time,time,,,ENG,seconds since 1900-01-01,CP05MOAS,GL003,FLORT
CP05MOAS-GL003-02-FLORTM000,ingestion_timestamp,ingestion_timestamp,,,ENG,seconds since 1900-01-01,CP05MOAS,GL003,FLORT
CP05MOAS-GL003-03-CTDGVM000,driver_timestamp,driver_timestamp,,,ENG,seconds since 1900-01-01,CP05MOAS,GL003,CTDGV
CP05MOAS-GL003-03-CTDGVM000,internal_timestamp,internal_timestamp,,,ENG,seconds since 1900-01-01,CP05MOAS,GL003,CTDGV
CP05MOAS-GL003-03-CTDGVM000,m_present_secs_into_mission,m_present_secs_into_mission,,,ENG,s,CP05MOAS,GL003,CTDGV
CP05MOAS-GL003-03-CTDGVM000,m_present_time,m_present_time,,,AUX,seconds since 1970-01-01,CP05MOAS,GL003,CTDGV
CP05MOAS-GL003-03-CTDGVM000,sci_ctd41cp_timestamp,sci_ctd41cp_timestamp,,,,seconds since 1970-01-01,CP05MOAS,GL003,CTDGV
CP05MOAS-GL003-03-CTDGVM000,sci_m_present_secs_into_mission,sci_m_present_secs_into_mission,,,,s,CP05MOAS,GL003,CTDGV
CP05MOAS-GL003-03-CTDGVM000,sci_m_present_time,sci_m_present_time,,,,seconds since 1970-01-01,CP05MOAS,GL003,CTDGV
CP05MOAS-GL003-03-CTDGVM000,sci_water_cond,sci_water_cond,0,6,L1,S m-1,CP05MOAS,GL003,CTDGV
CP05MOAS-GL003-03-CTDGVM000,sci_water_pressure,sci_water_pressure,0,6000,L1,dbar,CP05MOAS,GL003,CTDGV
CP05MOAS-GL003-03-CTDGVM000,sci_water_temp,sci_water_temp,-2,40,L1,deg_C,CP05MOAS,GL003,CTDGV
CP05MOAS-GL003-03-CTDGVM000,sci_water_pracsal,sci_water_pracsal,0,42,L2,1,CP05MOAS,GL003,CTDGV
CP05MOAS-GL003-03-CTDGVM000,preferred_timestamp,preferred_timestamp,,,ENG,1,CP05MOAS,GL003,CTDGV
CP05MOAS-GL003-03-CTDGVM000,sci_seawater_density,sci_seawater_density,1000,1100,L2,kg m-3,CP05MOAS,GL003,CTDGV
CP05MOAS-GL003-03-CTDGVM000,time,time,,,ENG,seconds since 1900-01-01,CP05MOAS,GL003,CTDGV
CP05MOAS-GL003-03-CTDGVM000,ingestion_timestamp,ingestion_timestamp,,,ENG,seconds since 1900-01-01,CP05MOAS,GL003,CTDGV
CP05MOAS-GL003-04-DOSTAM000,driver_timestamp,driver_timestamp,,,ENG,seconds since 1900-01-01,CP05MOAS,GL003,DOSTA
CP05MOAS-GL003-04-DOSTAM000,internal_timestamp,internal_timestamp,,,ENG,seconds since 1900-01-01,CP05MOAS,GL003,DOSTA
CP05MOAS-GL003-04-DOSTAM000,m_present_secs_into_mission,m_present_secs_into_mission,,,ENG,s,CP05MOAS,GL003,DOSTA
CP05MOAS-GL003-04-DOSTAM000,m_present_time,m_present_time,,,AUX,seconds since 1970-01-01,CP05MOAS,GL003,DOSTA
CP05MOAS-GL003-04-DOSTAM000,sci_m_present_secs_into_mission,sci_m_present_secs_into_mission,,,,s,CP05MOAS,GL003,DOSTA
CP05MOAS-GL003-04-DOSTAM000,sci_m_present_time,sci_m_present_time,,,,seconds since 1970-01-01,CP05MOAS,GL003,DOSTA
CP05MOAS-GL003-04-DOSTAM000,sci_oxy4_c1amp,sci_oxy4_c1amp,,,,mV,CP05MOAS,GL003,DOSTA
CP05MOAS-GL003-04-DOSTAM000,sci_oxy4_c1rph,sci_oxy4_c1rph,,,,degrees,CP05MOAS,GL003,DOSTA
CP05MOAS-GL003-04-DOSTAM000,sci_oxy4_c2amp,sci_oxy4_c2amp,,,,mV,CP05MOAS,GL003,DOSTA
CP05MOAS-GL003-04-DOSTAM000,sci_oxy4_c2rph,sci_oxy4_c2rph,,,,degrees,CP05MOAS,GL003,DOSTA
CP05MOAS-GL003-04-DOSTAM000,sci_oxy4_calphase,sci_oxy4_calphase,,,L0,degrees,CP05MOAS,GL003,DOSTA
CP05MOAS-GL003-04-DOSTAM000,sci_oxy4_oxygen,sci_oxy4_oxygen,0,400,L1,umol L-1,CP05MOAS,GL003,DOSTA
CP05MOAS-GL003-04-DOSTAM000,sci_oxy4_rawtemp,sci_oxy4_rawtemp,,,,mV,CP05MOAS,GL003,DOSTA
CP05MOAS-GL003-04-DOSTAM000,sci_oxy4_saturation,sci_oxy4_saturation,,,,percent,CP05MOAS,GL003,DOSTA
CP05MOAS-GL003-04-DOSTAM000,sci_oxy4_tcphase,sci_oxy4_tcphase,,,,degrees,CP05MOAS,GL003,DOSTA
CP05MOAS-GL003-04-DOSTAM000,sci_oxy4_temp,sci_oxy4_temp,,,,deg_C,CP05MOAS,GL003,DOSTA
CP05MOAS-GL003-04-DOSTAM000,sci_oxy4_timestamp,sci_oxy4_timestamp,,,,1,CP05MOAS,GL003,DOSTA
CP05MOAS-GL003-04-DOSTAM000,sci_water_cond,sci_water_cond,0,6,L1,S m-1,CP05MOAS,GL003,DOSTA
CP05MOAS-GL003-04-DOSTAM000,sci_water_pressure,sci_water_pressure,0,6000,L1,dbar,CP05MOAS,GL003,DOSTA
CP05MOAS-GL003-04-DOSTAM000,sci_water_temp,sci_water_temp,-2,40,L1,deg_C,CP05MOAS,GL003,DOSTA
CP05MOAS-GL003-04-DOSTAM000,preferred_timestamp,preferred_timestamp,,,ENG,1,CP05MOAS,GL003,DOSTA
CP05MOAS-GL003-04-DOSTAM000,sci_abs_oxygen,sci_abs_oxygen,0,400,L2,umol kg-1,CP05MOAS,GL003,DOSTA
CP05MOAS-GL003-04-DOSTAM000,time,time,,,ENG,seconds since 1900-01-01,CP05MOAS,GL003,DOSTA
CP05MOAS-GL003-04-DOSTAM000,ingestion_timestamp,ingestion_timestamp,,,ENG,seconds since 1900-01-01,CP05MOAS,GL003,DOSTA
CP05MOAS-GL003-05-PARADM000,driver_timestamp,driver_timestamp,,,ENG,seconds since 1900-01-01,CP05MOAS,GL003,PARAD
CP05MOAS-GL003-05-PARADM000,internal_timestamp,internal_timestamp,,,ENG,seconds since 1900-01-01,CP05MOAS,GL003,PARAD
CP05MOAS-GL003-05-PARADM000,m_present_secs_into_mission,m_present_secs_into_mission,,,ENG,s,CP05MOAS,GL003,PARAD
CP05MOAS-GL003-05-PARADM000,m_present_time,m_present_time,,,AUX,seconds since 1970-01-01,CP05MOAS,GL003,PARAD
CP05MOAS-GL003-05-PARADM000,sci_bsipar_par,sci_bsipar_par,0,2500,L1,umol photons m-2 s-1,CP05MOAS,GL003,PARAD
CP05MOAS-GL003-05-PARADM000,sci_bsipar_sensor_volts,sci_bsipar_sensor_volts,,,L0,V,CP05MOAS,GL003,PARAD
CP05MOAS-GL003-05-PARADM000,sci_bsipar_supply_volts,sci_bsipar_supply_volts,,,,V,CP05MOAS,GL003,PARAD
CP05MOAS-GL003-05-PARADM000,sci_bsipar_temp,sci_bsipar_temp,,,,deg_C,CP05MOAS,GL003,PARAD
CP05MOAS-GL003-05-PARADM000,sci_m_present_secs_into_mission,sci_m_present_secs_into_mission,,,,s,CP05MOAS,GL003,PARAD
CP05MOAS-GL003-05-PARADM000,sci_m_present_time,sci_m_present_time,,,,seconds since 1970-01-01,CP05MOAS,GL003,PARAD
CP05MOAS-GL003-05-PARADM000,preferred_timestamp,preferred_timestamp,,,ENG,1,CP05MOAS,GL003,PARAD
CP05MOAS-GL003-05-PARADM000,time,time,,,ENG,seconds since 1900-01-01,CP05MOAS,GL003,PARAD
CP05MOAS-GL003-05-PARADM000,ingestion_timestamp,ingestion_timestamp,,,ENG,seconds since 1900-01-01,CP05MOAS,GL003,PARAD
CP05MOAS-GL004-01-ADCPAM000,bin_depths,bin_depths,,,,m,CP05MOAS,GL004,ADCPA
CP05MOAS-GL004-01-ADCPAM000,driver_timestamp,driver_timestamp,,,ENG,seconds since 1900-01-01,CP05MOAS,GL004,ADCPA
CP05MOAS-GL004-01-ADCPAM000,bt_pings_per_ensemble,bt_pings_per_ensemble,,,,1,CP05MOAS,GL004,ADCPA
CP05MOAS-GL004-01-ADCPAM000,bt_delay_before_reacquire,bt_delay_before_reacquire,,,,1,CP05MOAS,GL004,ADCPA
CP05MOAS-GL004-01-ADCPAM000,bt_corr_magnitude_min,bt_corr_magnitude_min,,,,counts,CP05MOAS,GL004,ADCPA
CP05MOAS-GL004-01-ADCPAM000,bt_eval_magnitude_min,bt_eval_magnitude_min,,,,counts,CP05MOAS,GL004,ADCPA
CP05MOAS-GL004-01-ADCPAM000,bt_percent_good_min,bt_percent_good_min,,,,percent,CP05MOAS,GL004,ADCPA
CP05MOAS-GL004-01-ADCPAM000,bt_mode,bt_mode,,,,1,CP05MOAS,GL004,ADCPA
CP05MOAS-GL004-01-ADCPAM000,bt_error_velocity_max,bt_error_velocity_max,,,,mm s-1,CP05MOAS,GL004,ADCPA
CP05MOAS-GL004-01-ADCPAM000,bt_beam1_range,bt_beam1_range,,,,cm,CP05MOAS,GL004,ADCPA
CP05MOAS-GL004-01-ADCPAM000,bt_beam2_range,bt_beam2_range,,,,cm,CP05MOAS,GL004,ADCPA
CP05MOAS-GL004-01-ADCPAM000,bt_beam3_range,bt_beam3_range,,,,cm,CP05MOAS,GL004,ADCPA
CP05MOAS-GL004-01-ADCPAM000,bt_beam4_range,bt_beam4_range,,,,cm,CP05MOAS,GL004,ADCPA
CP05MOAS-GL004-01-ADCPAM000,bt_eastward_velocity,bt_eastward_velocity,,,,mm s-1,CP05MOAS,GL004,ADCPA
CP05MOAS-GL004-01-ADCPAM000,bt_northward_velocity,bt_northward_velocity,,,,mm s-1,CP05MOAS,GL004,ADCPA
CP05MOAS-GL004-01-ADCPAM000,bt_upward_velocity,bt_upward_velocity,,,,mm s-1,CP05MOAS,GL004,ADCPA
CP05MOAS-GL004-01-ADCPAM000,bt_error_velocity,bt_error_velocity,,,,mm s-1,CP05MOAS,GL004,ADCPA
CP05MOAS-GL004-01-ADCPAM000,bt_beam1_correlation,bt_beam1_correlation,,,,counts,CP05MOAS,GL004,ADCPA
CP05MOAS-GL004-01-ADCPAM000,bt_beam2_correlation,bt_beam2_correlation,,,,counts,CP05MOAS,GL004,ADCPA
CP05MOAS-GL004-01-ADCPAM000,bt_beam3_correlation,bt_beam3_correlation,,,,counts,CP05MOAS,GL004,ADCPA
CP05MOAS-GL004-01-ADCPAM000,bt_beam4_correlation,bt_beam4_correlation,,,,counts,CP05MOAS,GL004,ADCPA
CP05MOAS-GL004-01-ADCPAM000,bt_beam1_eval_amp,bt_beam1_eval_amp,,,,counts,CP05MOAS,GL004,ADCPA
CP05MOAS-GL004-01-ADCPAM000,bt_beam2_eval_amp,bt_beam2_eval_amp,,,,counts,CP05MOAS,GL004,ADCPA
CP05MOAS-GL004-01-ADCPAM000,bt_beam3_eval_amp,bt_beam3_eval_amp,,,,counts,CP05MOAS,GL004,ADCPA
CP05MOAS-GL004-01-ADCPAM000,bt_beam4_eval_amp,bt_beam4_eval_amp,,,,counts,CP05MOAS,GL004,ADCPA
CP05MOAS-GL004-01-ADCPAM000,bt_beam1_percent_good,bt_beam1_percent_good,,,,percent,CP05MOAS,GL004,ADCPA
CP05MOAS-GL004-01-ADCPAM000,bt_beam2_percent_good,bt_beam2_percent_good,,,,percent,CP05MOAS,GL004,ADCPA
CP05MOAS-GL004-01-ADCPAM000,bt_beam3_percent_good,bt_beam3_percent_good,,,,percent,CP05MOAS,GL004,ADCPA
CP05MOAS-GL004-01-ADCPAM000,bt_beam4_percent_good,bt_beam4_percent_good,,,,percent,CP05MOAS,GL004,ADCPA
CP05MOAS-GL004-01-ADCPAM000,bt_ref_layer_min,bt_ref_layer_min,,,,dm,CP05MOAS,GL004,ADCPA
CP05MOAS-GL004-01-ADCPAM000,bt_ref_layer_near,bt_ref_layer_near,,,,dm,CP05MOAS,GL004,ADCPA
CP05MOAS-GL004-01-ADCPAM000,bt_ref_layer_far,bt_ref_layer_far,,,,dm,CP05MOAS,GL004,ADCPA
CP05MOAS-GL004-01-ADCPAM000,bt_eastward_ref_layer_velocity,bt_eastward_ref_layer_velocity,,,,mm s-1,CP05MOAS,GL004,ADCPA
CP05MOAS-GL004-01-ADCPAM000,bt_northward_ref_layer_velocity,bt_northward_ref_layer_velocity,,,,mm s-1,CP05MOAS,GL004,ADCPA
CP05MOAS-GL004-01-ADCPAM000,bt_upward_ref_layer_velocity,bt_upward_ref_layer_velocity,,,,mm s-1,CP05MOAS,GL004,ADCPA
CP05MOAS-GL004-01-ADCPAM000,bt_error_ref_layer_velocity,bt_error_ref_layer_velocity,,,,mm s-1,CP05MOAS,GL004,ADCPA
CP05MOAS-GL004-01-ADCPAM000,bt_beam1_ref_correlation,bt_beam1_ref_correlation,,,,counts,CP05MOAS,GL004,ADCPA
CP05MOAS-GL004-01-ADCPAM000,bt_beam2_ref_correlation,bt_beam2_ref_correlation,,,,counts,CP05MOAS,GL004,ADCPA
CP05MOAS-GL004-01-ADCPAM000,bt_beam3_ref_correlation,bt_beam3_ref_correlation,,,,counts,CP05MOAS,GL004,ADCPA
CP05MOAS-GL004-01-ADCPAM000,bt_beam4_ref_correlation,bt_beam4_ref_correlation,,,,counts,CP05MOAS,GL004,ADCPA
CP05MOAS-GL004-01-ADCPAM000,bt_beam1_ref_intensity,bt_beam1_ref_intensity,,,,counts,CP05MOAS,GL004,ADCPA
CP05MOAS-GL004-01-ADCPAM000,bt_beam2_ref_intensity,bt_beam2_ref_intensity,,,,counts,CP05MOAS,GL004,ADCPA
CP05MOAS-GL004-01-ADCPAM000,internal_timestamp,internal_timestamp,,,ENG,seconds since 1900-01-01,CP05MOAS,GL004,ADCPA
CP05MOAS-GL004-01-ADCPAM000,bt_beam3_ref_intensity,bt_beam3_ref_intensity,,,,counts,CP05MOAS,GL004,ADCPA
CP05MOAS-GL004-01-ADCPAM000,bt_beam4_ref_intensity,bt_beam4_ref_intensity,,,,counts,CP05MOAS,GL004,ADCPA
CP05MOAS-GL004-01-ADCPAM000,bt_beam1_ref_percent_good,bt_beam1_ref_percent_good,,,,percent,CP05MOAS,GL004,ADCPA
CP05MOAS-GL004-01-ADCPAM000,bt_beam2_ref_percent_good,bt_beam2_ref_percent_good,,,,percent,CP05MOAS,GL004,ADCPA
CP05MOAS-GL004-01-ADCPAM000,bt_beam3_ref_percent_good,bt_beam3_ref_percent_good,,,,percent,CP05MOAS,GL004,ADCPA
CP05MOAS-GL004-01-ADCPAM000,bt_beam4_ref_percent_good,bt_beam4_ref_percent_good,,,,percent,CP05MOAS,GL004,ADCPA
CP05MOAS-GL004-01-ADCPAM000,bt_max_depth,bt_max_depth,,,,dm,CP05MOAS,GL004,ADCPA
CP05MOAS-GL004-01-ADCPAM000,bt_beam1_rssi_amplitude,bt_beam1_rssi_amplitude,,,,counts,CP05MOAS,GL004,ADCPA
CP05MOAS-GL004-01-ADCPAM000,bt_beam2_rssi_amplitude,bt_beam2_rssi_amplitude,,,,counts,CP05MOAS,GL004,ADCPA
CP05MOAS-GL004-01-ADCPAM000,bt_beam3_rssi_amplitude,bt_beam3_rssi_amplitude,,,,counts,CP05MOAS,GL004,ADCPA
CP05MOAS-GL004-01-ADCPAM000,bt_beam4_rssi_amplitude,bt_beam4_rssi_amplitude,,,,counts,CP05MOAS,GL004,ADCPA
CP05MOAS-GL004-01-ADCPAM000,bt_gain,bt_gain,,,,1,CP05MOAS,GL004,ADCPA
CP05MOAS-GL004-01-ADCPAM000,preferred_timestamp,preferred_timestamp,,,ENG,1,CP05MOAS,GL004,ADCPA
CP05MOAS-GL004-01-ADCPAM000,sensor_available_speed,sensor_available_speed,,,,1,CP05MOAS,GL004,ADCPA
CP05MOAS-GL004-01-ADCPAM000,sensor_source_temperature_eu,sensor_source_temperature_eu,,,,1,CP05MOAS,GL004,ADCPA
CP05MOAS-GL004-01-ADCPAM000,sensor_available_temperature_eu,sensor_available_temperature_eu,,,,1,CP05MOAS,GL004,ADCPA
CP05MOAS-GL004-01-ADCPAM000,bit_error_number,bit_error_number,,,,1,CP05MOAS,GL004,ADCPA
CP05MOAS-GL004-01-ADCPAM000,bit_error_count,bit_error_count,,,,counts,CP05MOAS,GL004,ADCPA
CP05MOAS-GL004-01-ADCPAM000,sysconfig_beam_angle,sysconfig_beam_angle,,,,1,CP05MOAS,GL004,ADCPA
CP05MOAS-GL004-01-ADCPAM000,sysconfig_beam_config,sysconfig_beam_config,,,,1,CP05MOAS,GL004,ADCPA
CP05MOAS-GL004-01-ADCPAM000,adcpa_m_upward_seawater_velocity,adcpa_m_upward_seawater_velocity,-1,1,L1,m s-1,CP05MOAS,GL004,ADCPA
CP05MOAS-GL004-01-ADCPAM000,adcpa_m_error_velocity,adcpa_m_error_velocity,-1,1,L1,m s-1,CP05MOAS,GL004,ADCPA
CP05MOAS-GL004-01-ADCPAM000,adcpa_m_eastward_seawater_velocity,adcpa_m_eastward_seawater_velocity,-3,3,L1,m s-1,CP05MOAS,GL004,ADCPA
CP05MOAS-GL004-01-ADCPAM000,adcpa_m_northward_seawater_velocity,adcpa_m_northward_seawater_velocity,-3,3,L1,m s-1,CP05MOAS,GL004,ADCPA
CP05MOAS-GL004-01-ADCPAM000,adcpa_m_echo_intensity_beam1,adcpa_m_echo_intensity_beam1,0,255,L1,dB,CP05MOAS,GL004,ADCPA
CP05MOAS-GL004-01-ADCPAM000,adcpa_m_echo_intensity_beam2,adcpa_m_echo_intensity_beam2,0,255,L1,dB,CP05MOAS,GL004,ADCPA
CP05MOAS-GL004-01-ADCPAM000,adcpa_m_echo_intensity_beam3,adcpa_m_echo_intensity_beam3,0,255,L1,dB,CP05MOAS,GL004,ADCPA
CP05MOAS-GL004-01-ADCPAM000,adcpa_m_echo_intensity_beam4,adcpa_m_echo_intensity_beam4,0,255,L1,dB,CP05MOAS,GL004,ADCPA
CP05MOAS-GL004-01-ADCPAM000,serial_number,serial_number,,,ENG,1,CP05MOAS,GL004,ADCPA
CP05MOAS-GL004-01-ADCPAM000,firmware_version,firmware_version,,,,1,CP05MOAS,GL004,ADCPA
CP05MOAS-GL004-01-ADCPAM000,firmware_revision,firmware_revision,,,,1,CP05MOAS,GL004,ADCPA
CP05MOAS-GL004-01-ADCPAM000,sysconfig_frequency,sysconfig_frequency,,,,kHz,CP05MOAS,GL004,ADCPA
CP05MOAS-GL004-01-ADCPAM000,sysconfig_beam_pattern,sysconfig_beam_pattern,,,,1,CP05MOAS,GL004,ADCPA
CP05MOAS-GL004-01-ADCPAM000,sysconfig_sensor_config,sysconfig_sensor_config,,,,1,CP05MOAS,GL004,ADCPA
CP05MOAS-GL004-01-ADCPAM000,sysconfig_head_attached,sysconfig_head_attached,,,,1,CP05MOAS,GL004,ADCPA
CP05MOAS-GL004-01-ADCPAM000,sysconfig_vertical_orientation,sysconfig_vertical_orientation,,,,1,CP05MOAS,GL004,ADCPA
CP05MOAS-GL004-01-ADCPAM000,data_flag,data_flag,,,,1,CP05MOAS,GL004,ADCPA
CP05MOAS-GL004-01-ADCPAM000,lag_length,lag_length,,,,s,CP05MOAS,GL004,ADCPA
CP05MOAS-GL004-01-ADCPAM000,num_beams,num_beams,,,,1,CP05MOAS,GL004,ADCPA
CP05MOAS-GL004-01-ADCPAM000,num_cells,num_cells,,,,1,CP05MOAS,GL004,ADCPA
CP05MOAS-GL004-01-ADCPAM000,pings_per_ensemble,pings_per_ensemble,,,,1,CP05MOAS,GL004,ADCPA
CP05MOAS-GL004-01-ADCPAM000,cell_length,cell_length,,,,cm,CP05MOAS,GL004,ADCPA
CP05MOAS-GL004-01-ADCPAM000,blank_after_transmit,blank_after_transmit,,,,cm,CP05MOAS,GL004,ADCPA
CP05MOAS-GL004-01-ADCPAM000,signal_processing_mode,signal_processing_mode,,,,1,CP05MOAS,GL004,ADCPA
CP05MOAS-GL004-01-ADCPAM000,low_corr_threshold,low_corr_threshold,,,,counts,CP05MOAS,GL004,ADCPA
CP05MOAS-GL004-01-ADCPAM000,num_code_repetitions,num_code_repetitions,,,,counts,CP05MOAS,GL004,ADCPA
CP05MOAS-GL004-01-ADCPAM000,percent_good_min,percent_good_min,,,,percent,CP05MOAS,GL004,ADCPA
CP05MOAS-GL004-01-ADCPAM000,error_vel_threshold,error_vel_threshold,,,,mm s-1,CP05MOAS,GL004,ADCPA
CP05MOAS-GL004-01-ADCPAM000,time_per_ping_minutes,time_per_ping_minutes,,,,min,CP05MOAS,GL004,ADCPA
CP05MOAS-GL004-01-ADCPAM000,time_per_ping_seconds,time_per_ping_seconds,,,,s,CP05MOAS,GL004,ADCPA
CP05MOAS-GL004-01-ADCPAM000,coord_transform_type,coord_transform_type,,,,1,CP05MOAS,GL004,ADCPA
CP05MOAS-GL004-01-ADCPAM000,coord_transform_tilts,coord_transform_tilts,,,,1,CP05MOAS,GL004,ADCPA
CP05MOAS-GL004-01-ADCPAM000,coord_transform_beams,coord_transform_beams,,,,1,CP05MOAS,GL004,ADCPA
CP05MOAS-GL004-01-ADCPAM000,coord_transform_mapping,coord_transform_mapping,,,,1,CP05MOAS,GL004,ADCPA
CP05MOAS-GL004-01-ADCPAM000,heading_alignment,heading_alignment,,,,cdegrees,CP05MOAS,GL004,ADCPA
CP05MOAS-GL004-01-ADCPAM000,heading_bias,heading_bias,,,,cdegrees,CP05MOAS,GL004,ADCPA
CP05MOAS-GL004-01-ADCPAM000,sensor_source_speed,sensor_source_speed,,,,1,CP05MOAS,GL004,ADCPA
CP05MOAS-GL004-01-ADCPAM000,sensor_source_depth,sensor_source_depth,,,,1,CP05MOAS,GL004,ADCPA
CP05MOAS-GL004-01-ADCPAM000,sensor_source_heading,sensor_source_heading,,,,1,CP05MOAS,GL004,ADCPA
CP05MOAS-GL004-01-ADCPAM000,sensor_source_pitch,sensor_source_pitch,,,,1,CP05MOAS,GL004,ADCPA
CP05MOAS-GL004-01-ADCPAM000,sensor_source_roll,sensor_source_roll,,,,1,CP05MOAS,GL004,ADCPA
CP05MOAS-GL004-01-ADCPAM000,sensor_source_conductivity,sensor_source_conductivity,,,,1,CP05MOAS,GL004,ADCPA
CP05MOAS-GL004-01-ADCPAM000,sensor_source_temperature,sensor_source_temperature,,,,1,CP05MOAS,GL004,ADCPA
CP05MOAS-GL004-01-ADCPAM000,sensor_available_depth,sensor_available_depth,,,,1,CP05MOAS,GL004,ADCPA
CP05MOAS-GL004-01-ADCPAM000,sensor_available_heading,sensor_available_heading,,,,1,CP05MOAS,GL004,ADCPA
CP05MOAS-GL004-01-ADCPAM000,sensor_available_pitch,sensor_available_pitch,,,,1,CP05MOAS,GL004,ADCPA
CP05MOAS-GL004-01-ADCPAM000,sensor_available_roll,sensor_available_roll,,,,1,CP05MOAS,GL004,ADCPA
CP05MOAS-GL004-01-ADCPAM000,sensor_available_conductivity,sensor_available_conductivity,,,,1,CP05MOAS,GL004,ADCPA
CP05MOAS-GL004-01-ADCPAM000,sensor_available_temperature,sensor_available_temperature,,,,1,CP05MOAS,GL004,ADCPA
CP05MOAS-GL004-01-ADCPAM000,bin_1_distance,bin_1_distance,,,,cm,CP05MOAS,GL004,ADCPA
CP05MOAS-GL004-01-ADCPAM000,transmit_pulse_length,transmit_pulse_length,,,,cm,CP05MOAS,GL004,ADCPA
CP05MOAS-GL004-01-ADCPAM000,reference_layer_start,reference_layer_start,,,,1,CP05MOAS,GL004,ADCPA
CP05MOAS-GL004-01-ADCPAM000,reference_layer_stop,reference_layer_stop,,,,1,CP05MOAS,GL004,ADCPA
CP05MOAS-GL004-01-ADCPAM000,false_target_threshold,false_target_threshold,,,,counts,CP05MOAS,GL004,ADCPA
CP05MOAS-GL004-01-ADCPAM000,transmit_lag_distance,transmit_lag_distance,,,,cm,CP05MOAS,GL004,ADCPA
CP05MOAS-GL004-01-ADCPAM000,system_bandwidth,system_bandwidth,,,,1,CP05MOAS,GL004,ADCPA
CP05MOAS-GL004-01-ADCPAM000,ensemble_number,ensemble_number,,,,1,CP05MOAS,GL004,ADCPA
CP05MOAS-GL004-01-ADCPAM000,ensemble_number_increment,ensemble_number_increment,,,,1,CP05MOAS,GL004,ADCPA
CP05MOAS-GL004-01-ADCPAM000,speed_of_sound,speed_of_sound,,,,m s-1,CP05MOAS,GL004,ADCPA
CP05MOAS-GL004-01-ADCPAM000,transducer_depth,transducer_depth,,,,dm,CP05MOAS,GL004,ADCPA
CP05MOAS-GL004-01-ADCPAM000,heading,heading,,,,cdegrees,CP05MOAS,GL004,ADCPA
CP05MOAS-GL004-01-ADCPAM000,pitch,pitch,,,,cdegrees,CP05MOAS,GL004,ADCPA
CP05MOAS-GL004-01-ADCPAM000,roll,roll,,,,cdegrees,CP05MOAS,GL004,ADCPA
CP05MOAS-GL004-01-ADCPAM000,salinity,salinity,,,,1,CP05MOAS,GL004,ADCPA
CP05MOAS-GL004-01-ADCPAM000,temperature,temperature,,,,cdeg_C,CP05MOAS,GL004,ADCPA
CP05MOAS-GL004-01-ADCPAM000,mpt_minutes,mpt_minutes,,,,min,CP05MOAS,GL004,ADCPA
CP05MOAS-GL004-01-ADCPAM000,mpt_seconds,mpt_seconds,,,,s,CP05MOAS,GL004,ADCPA
CP05MOAS-GL004-01-ADCPAM000,heading_stdev,heading_stdev,,,,degrees,CP05MOAS,GL004,ADCPA
CP05MOAS-GL004-01-ADCPAM000,pitch_stdev,pitch_stdev,,,,ddegrees,CP05MOAS,GL004,ADCPA
CP05MOAS-GL004-01-ADCPAM000,roll_stdev,roll_stdev,,,,ddegrees,CP05MOAS,GL004,ADCPA
CP05MOAS-GL004-01-ADCPAM000,adc_transmit_voltage,adc_transmit_voltage,,,,counts,CP05MOAS,GL004,ADCPA
CP05MOAS-GL004-01-ADCPAM000,time,time,,,ENG,seconds since 1900-01-01,CP05MOAS,GL004,ADCPA
CP05MOAS-GL004-01-ADCPAM000,pressure,pressure,,,,daPa,CP05MOAS,GL004,ADCPA
CP05MOAS-GL004-01-ADCPAM000,pressure_variance,pressure_variance,,,,daPa,CP05MOAS,GL004,ADCPA
CP05MOAS-GL004-01-ADCPAM000,water_velocity_east,water_velocity_east,,,L0,mm s-1,CP05MOAS,GL004,ADCPA
CP05MOAS-GL004-01-ADCPAM000,water_velocity_north,water_velocity_north,,,L0,mm s-1,CP05MOAS,GL004,ADCPA
CP05MOAS-GL004-01-ADCPAM000,water_velocity_up,water_velocity_up,,,L0,mm s-1,CP05MOAS,GL004,ADCPA
CP05MOAS-GL004-01-ADCPAM000,error_velocity,error_velocity,,,L0,mm s-1,CP05MOAS,GL004,ADCPA
CP05MOAS-GL004-01-ADCPAM000,correlation_magnitude_beam1,correlation_magnitude_beam1,,,,1,CP05MOAS,GL004,ADCPA
CP05MOAS-GL004-01-ADCPAM000,correlation_magnitude_beam2,correlation_magnitude_beam2,,,,1,CP05MOAS,GL004,ADCPA
CP05MOAS-GL004-01-ADCPAM000,correlation_magnitude_beam3,correlation_magnitude_beam3,,,,1,CP05MOAS,GL004,ADCPA
CP05MOAS-GL004-01-ADCPAM000,correlation_magnitude_beam4,correlation_magnitude_beam4,,,,1,CP05MOAS,GL004,ADCPA
CP05MOAS-GL004-01-ADCPAM000,echo_intensity_beam1,echo_intensity_beam1,,,L0,counts,CP05MOAS,GL004,ADCPA
CP05MOAS-GL004-01-ADCPAM000,echo_intensity_beam2,echo_intensity_beam2,,,L0,counts,CP05MOAS,GL004,ADCPA
CP05MOAS-GL004-01-ADCPAM000,echo_intensity_beam3,echo_intensity_beam3,,,L0,counts,CP05MOAS,GL004,ADCPA
CP05MOAS-GL004-01-ADCPAM000,echo_intensity_beam4,echo_intensity_beam4,,,L0,counts,CP05MOAS,GL004,ADCPA
CP05MOAS-GL004-01-ADCPAM000,percent_good_3beam,percent_good_3beam,,,,percent,CP05MOAS,GL004,ADCPA
CP05MOAS-GL004-01-ADCPAM000,percent_transforms_reject,percent_transforms_reject,,,,percent,CP05MOAS,GL004,ADCPA
CP05MOAS-GL004-01-ADCPAM000,percent_bad_beams,percent_bad_beams,,,,percent,CP05MOAS,GL004,ADCPA
CP05MOAS-GL004-01-ADCPAM000,percent_good_4beam,percent_good_4beam,,,,percent,CP05MOAS,GL004,ADCPA
CP05MOAS-GL004-01-ADCPAM000,ensemble_start_time,ensemble_start_time,,,,seconds since 1900-01-01,CP05MOAS,GL004,ADCPA
CP05MOAS-GL004-01-ADCPAM000,ingestion_timestamp,ingestion_timestamp,,,ENG,seconds since 1900-01-01,CP05MOAS,GL004,ADCPA
CP05MOAS-GL004-01-ADCPAM000,real_time_clock,real_time_clock,,,,1,CP05MOAS,GL004,ADCPA
CP05MOAS-GL004-02-FLORTM000,driver_timestamp,driver_timestamp,,,ENG,seconds since 1900-01-01,CP05MOAS,GL004,FLORT
CP05MOAS-GL004-02-FLORTM000,internal_timestamp,internal_timestamp,,,ENG,seconds since 1900-01-01,CP05MOAS,GL004,FLORT
CP05MOAS-GL004-02-FLORTM000,m_present_secs_into_mission,m_present_secs_into_mission,,,ENG,s,CP05MOAS,GL004,FLORT
CP05MOAS-GL004-02-FLORTM000,m_present_time,m_present_time,,,AUX,seconds since 1970-01-01,CP05MOAS,GL004,FLORT
CP05MOAS-GL004-02-FLORTM000,sci_flbbcd_bb_ref,sci_flbbcd_bb_ref,,,,nm,CP05MOAS,GL004,FLORT
CP05MOAS-GL004-02-FLORTM000,sci_flbbcd_bb_sig,sci_flbbcd_bb_sig,,,,counts,CP05MOAS,GL004,FLORT
CP05MOAS-GL004-02-FLORTM000,sci_flbbcd_bb_units,sci_flbbcd_bb_units,,,L1,m-1 sr-1,CP05MOAS,GL004,FLORT
CP05MOAS-GL004-02-FLORTM000,sci_flbbcd_cdom_ref,sci_flbbcd_cdom_ref,,,,nm,CP05MOAS,GL004,FLORT
CP05MOAS-GL004-02-FLORTM000,sci_flbbcd_cdom_sig,sci_flbbcd_cdom_sig,,,,counts,CP05MOAS,GL004,FLORT
CP05MOAS-GL004-02-FLORTM000,sci_flbbcd_cdom_units,sci_flbbcd_cdom_units,0,375,L1,ppb,CP05MOAS,GL004,FLORT
CP05MOAS-GL004-02-FLORTM000,sci_flbbcd_chlor_ref,sci_flbbcd_chlor_ref,,,,nm,CP05MOAS,GL004,FLORT
CP05MOAS-GL004-02-FLORTM000,sci_flbbcd_chlor_sig,sci_flbbcd_chlor_sig,,,,counts,CP05MOAS,GL004,FLORT
CP05MOAS-GL004-02-FLORTM000,sci_flbbcd_chlor_units,sci_flbbcd_chlor_units,0,50,L1,ug L-1,CP05MOAS,GL004,FLORT
CP05MOAS-GL004-02-FLORTM000,sci_flbbcd_therm,sci_flbbcd_therm,,,ENG,1,CP05MOAS,GL004,FLORT
CP05MOAS-GL004-02-FLORTM000,sci_flbbcd_timestamp,sci_flbbcd_timestamp,,,ENG,seconds since 1970-01-01,CP05MOAS,GL004,FLORT
CP05MOAS-GL004-02-FLORTM000,sci_m_present_secs_into_mission,sci_m_present_secs_into_mission,,,,s,CP05MOAS,GL004,FLORT
CP05MOAS-GL004-02-FLORTM000,sci_m_present_time,sci_m_present_time,,,,seconds since 1970-01-01,CP05MOAS,GL004,FLORT
CP05MOAS-GL004-02-FLORTM000,preferred_timestamp,preferred_timestamp,,,ENG,1,CP05MOAS,GL004,FLORT
CP05MOAS-GL004-02-FLORTM000,flort_m_bback_total,flort_m_bback_total,0.0003,1,L2,m-1,CP05MOAS,GL004,FLORT
CP05MOAS-GL004-02-FLORTM000,flort_m_scat_seawater,flort_m_scat_seawater,,,AUX,m-1,CP05MOAS,GL004,FLORT
CP05MOAS-GL004-02-FLORTM000,time,time,,,ENG,seconds since 1900-01-01,CP05MOAS,GL004,FLORT
CP05MOAS-GL004-02-FLORTM000,ingestion_timestamp,ingestion_timestamp,,,ENG,seconds since 1900-01-01,CP05MOAS,GL004,FLORT
CP05MOAS-GL004-03-CTDGVM000,driver_timestamp,driver_timestamp,,,ENG,seconds since 1900-01-01,CP05MOAS,GL004,CTDGV
CP05MOAS-GL004-03-CTDGVM000,internal_timestamp,internal_timestamp,,,ENG,seconds since 1900-01-01,CP05MOAS,GL004,CTDGV
CP05MOAS-GL004-03-CTDGVM000,m_present_secs_into_mission,m_present_secs_into_mission,,,ENG,s,CP05MOAS,GL004,CTDGV
CP05MOAS-GL004-03-CTDGVM000,m_present_time,m_present_time,,,AUX,seconds since 1970-01-01,CP05MOAS,GL004,CTDGV
CP05MOAS-GL004-03-CTDGVM000,sci_ctd41cp_timestamp,sci_ctd41cp_timestamp,,,,seconds since 1970-01-01,CP05MOAS,GL004,CTDGV
CP05MOAS-GL004-03-CTDGVM000,sci_m_present_secs_into_mission,sci_m_present_secs_into_mission,,,,s,CP05MOAS,GL004,CTDGV
CP05MOAS-GL004-03-CTDGVM000,sci_m_present_time,sci_m_present_time,,,,seconds since 1970-01-01,CP05MOAS,GL004,CTDGV
CP05MOAS-GL004-03-CTDGVM000,sci_water_cond,sci_water_cond,0,6,L1,S m-1,CP05MOAS,GL004,CTDGV
CP05MOAS-GL004-03-CTDGVM000,sci_water_pressure,sci_water_pressure,0,6000,L1,dbar,CP05MOAS,GL004,CTDGV
CP05MOAS-GL004-03-CTDGVM000,sci_water_temp,sci_water_temp,-2,40,L1,deg_C,CP05MOAS,GL004,CTDGV
CP05MOAS-GL004-03-CTDGVM000,sci_water_pracsal,sci_water_pracsal,0,42,L2,1,CP05MOAS,GL004,CTDGV
CP05MOAS-GL004-03-CTDGVM000,preferred_timestamp,preferred_timestamp,,,ENG,1,CP05MOAS,GL004,CTDGV
CP05MOAS-GL004-03-CTDGVM000,sci_seawater_density,sci_seawater_density,1000,1100,L2,kg m-3,CP05MOAS,GL004,CTDGV
CP05MOAS-GL004-03-CTDGVM000,time,time,,,ENG,seconds since 1900-01-01,CP05MOAS,GL004,CTDGV
CP05MOAS-GL004-03-CTDGVM000,ingestion_timestamp,ingestion_timestamp,,,ENG,seconds since 1900-01-01,CP05MOAS,GL004,CTDGV
CP05MOAS-GL004-04-DOSTAM000,driver_timestamp,driver_timestamp,,,ENG,seconds since 1900-01-01,CP05MOAS,GL004,DOSTA
CP05MOAS-GL004-04-DOSTAM000,internal_timestamp,internal_timestamp,,,ENG,seconds since 1900-01-01,CP05MOAS,GL004,DOSTA
CP05MOAS-GL004-04-DOSTAM000,m_present_secs_into_mission,m_present_secs_into_mission,,,ENG,s,CP05MOAS,GL004,DOSTA
CP05MOAS-GL004-04-DOSTAM000,m_present_time,m_present_time,,,AUX,seconds since 1970-01-01,CP05MOAS,GL004,DOSTA
CP05MOAS-GL004-04-DOSTAM000,sci_m_present_secs_into_mission,sci_m_present_secs_into_mission,,,,s,CP05MOAS,GL004,DOSTA
CP05MOAS-GL004-04-DOSTAM000,sci_m_present_time,sci_m_present_time,,,,seconds since 1970-01-01,CP05MOAS,GL004,DOSTA
CP05MOAS-GL004-04-DOSTAM000,sci_oxy4_c1amp,sci_oxy4_c1amp,,,,mV,CP05MOAS,GL004,DOSTA
CP05MOAS-GL004-04-DOSTAM000,sci_oxy4_c1rph,sci_oxy4_c1rph,,,,degrees,CP05MOAS,GL004,DOSTA
CP05MOAS-GL004-04-DOSTAM000,sci_oxy4_c2amp,sci_oxy4_c2amp,,,,mV,CP05MOAS,GL004,DOSTA
CP05MOAS-GL004-04-DOSTAM000,sci_oxy4_c2rph,sci_oxy4_c2rph,,,,degrees,CP05MOAS,GL004,DOSTA
CP05MOAS-GL004-04-DOSTAM000,sci_oxy4_calphase,sci_oxy4_calphase,,,L0,degrees,CP05MOAS,GL004,DOSTA
CP05MOAS-GL004-04-DOSTAM000,sci_oxy4_oxygen,sci_oxy4_oxygen,0,400,L1,umol L-1,CP05MOAS,GL004,DOSTA
CP05MOAS-GL004-04-DOSTAM000,sci_oxy4_rawtemp,sci_oxy4_rawtemp,,,,mV,CP05MOAS,GL004,DOSTA
CP05MOAS-GL004-04-DOSTAM000,sci_oxy4_saturation,sci_oxy4_saturation,,,,percent,CP05MOAS,GL004,DOSTA
CP05MOAS-GL004-04-DOSTAM000,sci_oxy4_tcphase,sci_oxy4_tcphase,,,,degrees,CP05MOAS,GL004,DOSTA
CP05MOAS-GL004-04-DOSTAM000,sci_oxy4_temp,sci_oxy4_temp,,,,deg_C,CP05MOAS,GL004,DOSTA
CP05MOAS-GL004-04-DOSTAM000,sci_oxy4_timestamp,sci_oxy4_timestamp,,,,1,CP05MOAS,GL004,DOSTA
CP05MOAS-GL004-04-DOSTAM000,sci_water_cond,sci_water_cond,0,6,L1,S m-1,CP05MOAS,GL004,DOSTA
CP05MOAS-GL004-04-DOSTAM000,sci_water_pressure,sci_water_pressure,0,6000,L1,dbar,CP05MOAS,GL004,DOSTA
CP05MOAS-GL004-04-DOSTAM000,sci_water_temp,sci_water_temp,-2,40,L1,deg_C,CP05MOAS,GL004,DOSTA
CP05MOAS-GL004-04-DOSTAM000,preferred_timestamp,preferred_timestamp,,,ENG,1,CP05MOAS,GL004,DOSTA
CP05MOAS-GL004-04-DOSTAM000,sci_abs_oxygen,sci_abs_oxygen,0,400,L2,umol kg-1,CP05MOAS,GL004,DOSTA
CP05MOAS-GL004-04-DOSTAM000,time,time,,,ENG,seconds since 1900-01-01,CP05MOAS,GL004,DOSTA
CP05MOAS-GL004-04-DOSTAM000,ingestion_timestamp,ingestion_timestamp,,,ENG,seconds since 1900-01-01,CP05MOAS,GL004,DOSTA
CP05MOAS-GL004-05-PARADM000,driver_timestamp,driver_timestamp,,,ENG,seconds since 1900-01-01,CP05MOAS,GL004,PARAD
CP05MOAS-GL004-05-PARADM000,internal_timestamp,internal_timestamp,,,ENG,seconds since 1900-01-01,CP05MOAS,GL004,PARAD
CP05MOAS-GL004-05-PARADM000,m_present_secs_into_mission,m_present_secs_into_mission,,,ENG,s,CP05MOAS,GL004,PARAD
CP05MOAS-GL004-05-PARADM000,m_present_time,m_present_time,,,AUX,seconds since 1970-01-01,CP05MOAS,GL004,PARAD
CP05MOAS-GL004-05-PARADM000,sci_bsipar_par,sci_bsipar_par,0,2500,L1,umol photons m-2 s-1,CP05MOAS,GL004,PARAD
CP05MOAS-GL004-05-PARADM000,sci_bsipar_sensor_volts,sci_bsipar_sensor_volts,,,L0,V,CP05MOAS,GL004,PARAD
CP05MOAS-GL004-05-PARADM000,sci_bsipar_supply_volts,sci_bsipar_supply_volts,,,,V,CP05MOAS,GL004,PARAD
CP05MOAS-GL004-05-PARADM000,sci_bsipar_temp,sci_bsipar_temp,,,,deg_C,CP05MOAS,GL004,PARAD
CP05MOAS-GL004-05-PARADM000,sci_m_present_secs_into_mission,sci_m_present_secs_into_mission,,,,s,CP05MOAS,GL004,PARAD
CP05MOAS-GL004-05-PARADM000,sci_m_present_time,sci_m_present_time,,,,seconds since 1970-01-01,CP05MOAS,GL004,PARAD
CP05MOAS-GL004-05-PARADM000,preferred_timestamp,preferred_timestamp,,,ENG,1,CP05MOAS,GL004,PARAD
CP05MOAS-GL004-05-PARADM000,time,time,,,ENG,seconds since 1900-01-01,CP05MOAS,GL004,PARAD
CP05MOAS-GL004-05-PARADM000,ingestion_timestamp,ingestion_timestamp,,,ENG,seconds since 1900-01-01,CP05MOAS,GL004,PARAD
CP05MOAS-GL005-01-ADCPAM000,bin_depths,bin_depths,,,,m,CP05MOAS,GL005,ADCPA
CP05MOAS-GL005-01-ADCPAM000,driver_timestamp,driver_timestamp,,,ENG,seconds since 1900-01-01,CP05MOAS,GL005,ADCPA
CP05MOAS-GL005-01-ADCPAM000,bt_pings_per_ensemble,bt_pings_per_ensemble,,,,1,CP05MOAS,GL005,ADCPA
CP05MOAS-GL005-01-ADCPAM000,bt_delay_before_reacquire,bt_delay_before_reacquire,,,,1,CP05MOAS,GL005,ADCPA
CP05MOAS-GL005-01-ADCPAM000,bt_corr_magnitude_min,bt_corr_magnitude_min,,,,counts,CP05MOAS,GL005,ADCPA
CP05MOAS-GL005-01-ADCPAM000,bt_eval_magnitude_min,bt_eval_magnitude_min,,,,counts,CP05MOAS,GL005,ADCPA
CP05MOAS-GL005-01-ADCPAM000,bt_percent_good_min,bt_percent_good_min,,,,percent,CP05MOAS,GL005,ADCPA
CP05MOAS-GL005-01-ADCPAM000,bt_mode,bt_mode,,,,1,CP05MOAS,GL005,ADCPA
CP05MOAS-GL005-01-ADCPAM000,bt_error_velocity_max,bt_error_velocity_max,,,,mm s-1,CP05MOAS,GL005,ADCPA
CP05MOAS-GL005-01-ADCPAM000,bt_beam1_range,bt_beam1_range,,,,cm,CP05MOAS,GL005,ADCPA
CP05MOAS-GL005-01-ADCPAM000,bt_beam2_range,bt_beam2_range,,,,cm,CP05MOAS,GL005,ADCPA
CP05MOAS-GL005-01-ADCPAM000,bt_beam3_range,bt_beam3_range,,,,cm,CP05MOAS,GL005,ADCPA
CP05MOAS-GL005-01-ADCPAM000,bt_beam4_range,bt_beam4_range,,,,cm,CP05MOAS,GL005,ADCPA
CP05MOAS-GL005-01-ADCPAM000,bt_eastward_velocity,bt_eastward_velocity,,,,mm s-1,CP05MOAS,GL005,ADCPA
CP05MOAS-GL005-01-ADCPAM000,bt_northward_velocity,bt_northward_velocity,,,,mm s-1,CP05MOAS,GL005,ADCPA
CP05MOAS-GL005-01-ADCPAM000,bt_upward_velocity,bt_upward_velocity,,,,mm s-1,CP05MOAS,GL005,ADCPA
CP05MOAS-GL005-01-ADCPAM000,bt_error_velocity,bt_error_velocity,,,,mm s-1,CP05MOAS,GL005,ADCPA
CP05MOAS-GL005-01-ADCPAM000,bt_beam1_correlation,bt_beam1_correlation,,,,counts,CP05MOAS,GL005,ADCPA
CP05MOAS-GL005-01-ADCPAM000,bt_beam2_correlation,bt_beam2_correlation,,,,counts,CP05MOAS,GL005,ADCPA
CP05MOAS-GL005-01-ADCPAM000,bt_beam3_correlation,bt_beam3_correlation,,,,counts,CP05MOAS,GL005,ADCPA
CP05MOAS-GL005-01-ADCPAM000,bt_beam4_correlation,bt_beam4_correlation,,,,counts,CP05MOAS,GL005,ADCPA
CP05MOAS-GL005-01-ADCPAM000,bt_beam1_eval_amp,bt_beam1_eval_amp,,,,counts,CP05MOAS,GL005,ADCPA
CP05MOAS-GL005-01-ADCPAM000,bt_beam2_eval_amp,bt_beam2_eval_amp,,,,counts,CP05MOAS,GL005,ADCPA
CP05MOAS-GL005-01-ADCPAM000,bt_beam3_eval_amp,bt_beam3_eval_amp,,,,counts,CP05MOAS,GL005,ADCPA
CP05MOAS-GL005-01-ADCPAM000,bt_beam4_eval_amp,bt_beam4_eval_amp,,,,counts,CP05MOAS,GL005,ADCPA
CP05MOAS-GL005-01-ADCPAM000,bt_beam1_percent_good,bt_beam1_percent_good,,,,percent,CP05MOAS,GL005,ADCPA
CP05MOAS-GL005-01-ADCPAM000,bt_beam2_percent_good,bt_beam2_percent_good,,,,percent,CP05MOAS,GL005,ADCPA
CP05MOAS-GL005-01-ADCPAM000,bt_beam3_percent_good,bt_beam3_percent_good,,,,percent,CP05MOAS,GL005,ADCPA
CP05MOAS-GL005-01-ADCPAM000,bt_beam4_percent_good,bt_beam4_percent_good,,,,percent,CP05MOAS,GL005,ADCPA
CP05MOAS-GL005-01-ADCPAM000,bt_ref_layer_min,bt_ref_layer_min,,,,dm,CP05MOAS,GL005,ADCPA
CP05MOAS-GL005-01-ADCPAM000,bt_ref_layer_near,bt_ref_layer_near,,,,dm,CP05MOAS,GL005,ADCPA
CP05MOAS-GL005-01-ADCPAM000,bt_ref_layer_far,bt_ref_layer_far,,,,dm,CP05MOAS,GL005,ADCPA
CP05MOAS-GL005-01-ADCPAM000,bt_eastward_ref_layer_velocity,bt_eastward_ref_layer_velocity,,,,mm s-1,CP05MOAS,GL005,ADCPA
CP05MOAS-GL005-01-ADCPAM000,bt_northward_ref_layer_velocity,bt_northward_ref_layer_velocity,,,,mm s-1,CP05MOAS,GL005,ADCPA
CP05MOAS-GL005-01-ADCPAM000,bt_upward_ref_layer_velocity,bt_upward_ref_layer_velocity,,,,mm s-1,CP05MOAS,GL005,ADCPA
CP05MOAS-GL005-01-ADCPAM000,bt_error_ref_layer_velocity,bt_error_ref_layer_velocity,,,,mm s-1,CP05MOAS,GL005,ADCPA
CP05MOAS-GL005-01-ADCPAM000,bt_beam1_ref_correlation,bt_beam1_ref_correlation,,,,counts,CP05MOAS,GL005,ADCPA
CP05MOAS-GL005-01-ADCPAM000,bt_beam2_ref_correlation,bt_beam2_ref_correlation,,,,counts,CP05MOAS,GL005,ADCPA
CP05MOAS-GL005-01-ADCPAM000,bt_beam3_ref_correlation,bt_beam3_ref_correlation,,,,counts,CP05MOAS,GL005,ADCPA
CP05MOAS-GL005-01-ADCPAM000,bt_beam4_ref_correlation,bt_beam4_ref_correlation,,,,counts,CP05MOAS,GL005,ADCPA
CP05MOAS-GL005-01-ADCPAM000,bt_beam1_ref_intensity,bt_beam1_ref_intensity,,,,counts,CP05MOAS,GL005,ADCPA
CP05MOAS-GL005-01-ADCPAM000,bt_beam2_ref_intensity,bt_beam2_ref_intensity,,,,counts,CP05MOAS,GL005,ADCPA
CP05MOAS-GL005-01-ADCPAM000,internal_timestamp,internal_timestamp,,,ENG,seconds since 1900-01-01,CP05MOAS,GL005,ADCPA
CP05MOAS-GL005-01-ADCPAM000,bt_beam3_ref_intensity,bt_beam3_ref_intensity,,,,counts,CP05MOAS,GL005,ADCPA
CP05MOAS-GL005-01-ADCPAM000,bt_beam4_ref_intensity,bt_beam4_ref_intensity,,,,counts,CP05MOAS,GL005,ADCPA
CP05MOAS-GL005-01-ADCPAM000,bt_beam1_ref_percent_good,bt_beam1_ref_percent_good,,,,percent,CP05MOAS,GL005,ADCPA
CP05MOAS-GL005-01-ADCPAM000,bt_beam2_ref_percent_good,bt_beam2_ref_percent_good,,,,percent,CP05MOAS,GL005,ADCPA
CP05MOAS-GL005-01-ADCPAM000,bt_beam3_ref_percent_good,bt_beam3_ref_percent_good,,,,percent,CP05MOAS,GL005,ADCPA
CP05MOAS-GL005-01-ADCPAM000,bt_beam4_ref_percent_good,bt_beam4_ref_percent_good,,,,percent,CP05MOAS,GL005,ADCPA
CP05MOAS-GL005-01-ADCPAM000,bt_max_depth,bt_max_depth,,,,dm,CP05MOAS,GL005,ADCPA
CP05MOAS-GL005-01-ADCPAM000,bt_beam1_rssi_amplitude,bt_beam1_rssi_amplitude,,,,counts,CP05MOAS,GL005,ADCPA
CP05MOAS-GL005-01-ADCPAM000,bt_beam2_rssi_amplitude,bt_beam2_rssi_amplitude,,,,counts,CP05MOAS,GL005,ADCPA
CP05MOAS-GL005-01-ADCPAM000,bt_beam3_rssi_amplitude,bt_beam3_rssi_amplitude,,,,counts,CP05MOAS,GL005,ADCPA
CP05MOAS-GL005-01-ADCPAM000,bt_beam4_rssi_amplitude,bt_beam4_rssi_amplitude,,,,counts,CP05MOAS,GL005,ADCPA
CP05MOAS-GL005-01-ADCPAM000,bt_gain,bt_gain,,,,1,CP05MOAS,GL005,ADCPA
CP05MOAS-GL005-01-ADCPAM000,preferred_timestamp,preferred_timestamp,,,ENG,1,CP05MOAS,GL005,ADCPA
CP05MOAS-GL005-01-ADCPAM000,sensor_available_speed,sensor_available_speed,,,,1,CP05MOAS,GL005,ADCPA
CP05MOAS-GL005-01-ADCPAM000,sensor_source_temperature_eu,sensor_source_temperature_eu,,,,1,CP05MOAS,GL005,ADCPA
CP05MOAS-GL005-01-ADCPAM000,sensor_available_temperature_eu,sensor_available_temperature_eu,,,,1,CP05MOAS,GL005,ADCPA
CP05MOAS-GL005-01-ADCPAM000,bit_error_number,bit_error_number,,,,1,CP05MOAS,GL005,ADCPA
CP05MOAS-GL005-01-ADCPAM000,bit_error_count,bit_error_count,,,,counts,CP05MOAS,GL005,ADCPA
CP05MOAS-GL005-01-ADCPAM000,sysconfig_beam_angle,sysconfig_beam_angle,,,,1,CP05MOAS,GL005,ADCPA
CP05MOAS-GL005-01-ADCPAM000,sysconfig_beam_config,sysconfig_beam_config,,,,1,CP05MOAS,GL005,ADCPA
CP05MOAS-GL005-01-ADCPAM000,adcpa_m_upward_seawater_velocity,adcpa_m_upward_seawater_velocity,-1,1,L1,m s-1,CP05MOAS,GL005,ADCPA
CP05MOAS-GL005-01-ADCPAM000,adcpa_m_error_velocity,adcpa_m_error_velocity,-1,1,L1,m s-1,CP05MOAS,GL005,ADCPA
CP05MOAS-GL005-01-ADCPAM000,adcpa_m_eastward_seawater_velocity,adcpa_m_eastward_seawater_velocity,-3,3,L1,m s-1,CP05MOAS,GL005,ADCPA
CP05MOAS-GL005-01-ADCPAM000,adcpa_m_northward_seawater_velocity,adcpa_m_northward_seawater_velocity,-3,3,L1,m s-1,CP05MOAS,GL005,ADCPA
CP05MOAS-GL005-01-ADCPAM000,adcpa_m_echo_intensity_beam1,adcpa_m_echo_intensity_beam1,0,255,L1,dB,CP05MOAS,GL005,ADCPA
CP05MOAS-GL005-01-ADCPAM000,adcpa_m_echo_intensity_beam2,adcpa_m_echo_intensity_beam2,0,255,L1,dB,CP05MOAS,GL005,ADCPA
CP05MOAS-GL005-01-ADCPAM000,adcpa_m_echo_intensity_beam3,adcpa_m_echo_intensity_beam3,0,255,L1,dB,CP05MOAS,GL005,ADCPA
CP05MOAS-GL005-01-ADCPAM000,adcpa_m_echo_intensity_beam4,adcpa_m_echo_intensity_beam4,0,255,L1,dB,CP05MOAS,GL005,ADCPA
CP05MOAS-GL005-01-ADCPAM000,serial_number,serial_number,,,ENG,1,CP05MOAS,GL005,ADCPA
CP05MOAS-GL005-01-ADCPAM000,firmware_version,firmware_version,,,,1,CP05MOAS,GL005,ADCPA
CP05MOAS-GL005-01-ADCPAM000,firmware_revision,firmware_revision,,,,1,CP05MOAS,GL005,ADCPA
CP05MOAS-GL005-01-ADCPAM000,sysconfig_frequency,sysconfig_frequency,,,,kHz,CP05MOAS,GL005,ADCPA
CP05MOAS-GL005-01-ADCPAM000,sysconfig_beam_pattern,sysconfig_beam_pattern,,,,1,CP05MOAS,GL005,ADCPA
CP05MOAS-GL005-01-ADCPAM000,sysconfig_sensor_config,sysconfig_sensor_config,,,,1,CP05MOAS,GL005,ADCPA
CP05MOAS-GL005-01-ADCPAM000,sysconfig_head_attached,sysconfig_head_attached,,,,1,CP05MOAS,GL005,ADCPA
CP05MOAS-GL005-01-ADCPAM000,sysconfig_vertical_orientation,sysconfig_vertical_orientation,,,,1,CP05MOAS,GL005,ADCPA
CP05MOAS-GL005-01-ADCPAM000,data_flag,data_flag,,,,1,CP05MOAS,GL005,ADCPA
CP05MOAS-GL005-01-ADCPAM000,lag_length,lag_length,,,,s,CP05MOAS,GL005,ADCPA
CP05MOAS-GL005-01-ADCPAM000,num_beams,num_beams,,,,1,CP05MOAS,GL005,ADCPA
CP05MOAS-GL005-01-ADCPAM000,num_cells,num_cells,,,,1,CP05MOAS,GL005,ADCPA
CP05MOAS-GL005-01-ADCPAM000,pings_per_ensemble,pings_per_ensemble,,,,1,CP05MOAS,GL005,ADCPA
CP05MOAS-GL005-01-ADCPAM000,cell_length,cell_length,,,,cm,CP05MOAS,GL005,ADCPA
CP05MOAS-GL005-01-ADCPAM000,blank_after_transmit,blank_after_transmit,,,,cm,CP05MOAS,GL005,ADCPA
CP05MOAS-GL005-01-ADCPAM000,signal_processing_mode,signal_processing_mode,,,,1,CP05MOAS,GL005,ADCPA
CP05MOAS-GL005-01-ADCPAM000,low_corr_threshold,low_corr_threshold,,,,counts,CP05MOAS,GL005,ADCPA
CP05MOAS-GL005-01-ADCPAM000,num_code_repetitions,num_code_repetitions,,,,counts,CP05MOAS,GL005,ADCPA
CP05MOAS-GL005-01-ADCPAM000,percent_good_min,percent_good_min,,,,percent,CP05MOAS,GL005,ADCPA
CP05MOAS-GL005-01-ADCPAM000,error_vel_threshold,error_vel_threshold,,,,mm s-1,CP05MOAS,GL005,ADCPA
CP05MOAS-GL005-01-ADCPAM000,time_per_ping_minutes,time_per_ping_minutes,,,,min,CP05MOAS,GL005,ADCPA
CP05MOAS-GL005-01-ADCPAM000,time_per_ping_seconds,time_per_ping_seconds,,,,s,CP05MOAS,GL005,ADCPA
CP05MOAS-GL005-01-ADCPAM000,coord_transform_type,coord_transform_type,,,,1,CP05MOAS,GL005,ADCPA
CP05MOAS-GL005-01-ADCPAM000,coord_transform_tilts,coord_transform_tilts,,,,1,CP05MOAS,GL005,ADCPA
CP05MOAS-GL005-01-ADCPAM000,coord_transform_beams,coord_transform_beams,,,,1,CP05MOAS,GL005,ADCPA
CP05MOAS-GL005-01-ADCPAM000,coord_transform_mapping,coord_transform_mapping,,,,1,CP05MOAS,GL005,ADCPA
CP05MOAS-GL005-01-ADCPAM000,heading_alignment,heading_alignment,,,,cdegrees,CP05MOAS,GL005,ADCPA
CP05MOAS-GL005-01-ADCPAM000,heading_bias,heading_bias,,,,cdegrees,CP05MOAS,GL005,ADCPA
CP05MOAS-GL005-01-ADCPAM000,sensor_source_speed,sensor_source_speed,,,,1,CP05MOAS,GL005,ADCPA
CP05MOAS-GL005-01-ADCPAM000,sensor_source_depth,sensor_source_depth,,,,1,CP05MOAS,GL005,ADCPA
CP05MOAS-GL005-01-ADCPAM000,sensor_source_heading,sensor_source_heading,,,,1,CP05MOAS,GL005,ADCPA
CP05MOAS-GL005-01-ADCPAM000,sensor_source_pitch,sensor_source_pitch,,,,1,CP05MOAS,GL005,ADCPA
CP05MOAS-GL005-01-ADCPAM000,sensor_source_roll,sensor_source_roll,,,,1,CP05MOAS,GL005,ADCPA
CP05MOAS-GL005-01-ADCPAM000,sensor_source_conductivity,sensor_source_conductivity,,,,1,CP05MOAS,GL005,ADCPA
CP05MOAS-GL005-01-ADCPAM000,sensor_source_temperature,sensor_source_temperature,,,,1,CP05MOAS,GL005,ADCPA
CP05MOAS-GL005-01-ADCPAM000,sensor_available_depth,sensor_available_depth,,,,1,CP05MOAS,GL005,ADCPA
CP05MOAS-GL005-01-ADCPAM000,sensor_available_heading,sensor_available_heading,,,,1,CP05MOAS,GL005,ADCPA
CP05MOAS-GL005-01-ADCPAM000,sensor_available_pitch,sensor_available_pitch,,,,1,CP05MOAS,GL005,ADCPA
CP05MOAS-GL005-01-ADCPAM000,sensor_available_roll,sensor_available_roll,,,,1,CP05MOAS,GL005,ADCPA
CP05MOAS-GL005-01-ADCPAM000,sensor_available_conductivity,sensor_available_conductivity,,,,1,CP05MOAS,GL005,ADCPA
CP05MOAS-GL005-01-ADCPAM000,sensor_available_temperature,sensor_available_temperature,,,,1,CP05MOAS,GL005,ADCPA
CP05MOAS-GL005-01-ADCPAM000,bin_1_distance,bin_1_distance,,,,cm,CP05MOAS,GL005,ADCPA
CP05MOAS-GL005-01-ADCPAM000,transmit_pulse_length,transmit_pulse_length,,,,cm,CP05MOAS,GL005,ADCPA
CP05MOAS-GL005-01-ADCPAM000,reference_layer_start,reference_layer_start,,,,1,CP05MOAS,GL005,ADCPA
CP05MOAS-GL005-01-ADCPAM000,reference_layer_stop,reference_layer_stop,,,,1,CP05MOAS,GL005,ADCPA
CP05MOAS-GL005-01-ADCPAM000,false_target_threshold,false_target_threshold,,,,counts,CP05MOAS,GL005,ADCPA
CP05MOAS-GL005-01-ADCPAM000,transmit_lag_distance,transmit_lag_distance,,,,cm,CP05MOAS,GL005,ADCPA
CP05MOAS-GL005-01-ADCPAM000,system_bandwidth,system_bandwidth,,,,1,CP05MOAS,GL005,ADCPA
CP05MOAS-GL005-01-ADCPAM000,ensemble_number,ensemble_number,,,,1,CP05MOAS,GL005,ADCPA
CP05MOAS-GL005-01-ADCPAM000,ensemble_number_increment,ensemble_number_increment,,,,1,CP05MOAS,GL005,ADCPA
CP05MOAS-GL005-01-ADCPAM000,speed_of_sound,speed_of_sound,,,,m s-1,CP05MOAS,GL005,ADCPA
CP05MOAS-GL005-01-ADCPAM000,transducer_depth,transducer_depth,,,,dm,CP05MOAS,GL005,ADCPA
CP05MOAS-GL005-01-ADCPAM000,heading,heading,,,,cdegrees,CP05MOAS,GL005,ADCPA
CP05MOAS-GL005-01-ADCPAM000,pitch,pitch,,,,cdegrees,CP05MOAS,GL005,ADCPA
CP05MOAS-GL005-01-ADCPAM000,roll,roll,,,,cdegrees,CP05MOAS,GL005,ADCPA
CP05MOAS-GL005-01-ADCPAM000,salinity,salinity,,,,1,CP05MOAS,GL005,ADCPA
CP05MOAS-GL005-01-ADCPAM000,temperature,temperature,,,,cdeg_C,CP05MOAS,GL005,ADCPA
CP05MOAS-GL005-01-ADCPAM000,mpt_minutes,mpt_minutes,,,,min,CP05MOAS,GL005,ADCPA
CP05MOAS-GL005-01-ADCPAM000,mpt_seconds,mpt_seconds,,,,s,CP05MOAS,GL005,ADCPA
CP05MOAS-GL005-01-ADCPAM000,heading_stdev,heading_stdev,,,,degrees,CP05MOAS,GL005,ADCPA
CP05MOAS-GL005-01-ADCPAM000,pitch_stdev,pitch_stdev,,,,ddegrees,CP05MOAS,GL005,ADCPA
CP05MOAS-GL005-01-ADCPAM000,roll_stdev,roll_stdev,,,,ddegrees,CP05MOAS,GL005,ADCPA
CP05MOAS-GL005-01-ADCPAM000,adc_transmit_voltage,adc_transmit_voltage,,,,counts,CP05MOAS,GL005,ADCPA
CP05MOAS-GL005-01-ADCPAM000,time,time,,,ENG,seconds since 1900-01-01,CP05MOAS,GL005,ADCPA
CP05MOAS-GL005-01-ADCPAM000,pressure,pressure,,,,daPa,CP05MOAS,GL005,ADCPA
CP05MOAS-GL005-01-ADCPAM000,pressure_variance,pressure_variance,,,,daPa,CP05MOAS,GL005,ADCPA
CP05MOAS-GL005-01-ADCPAM000,water_velocity_east,water_velocity_east,,,L0,mm s-1,CP05MOAS,GL005,ADCPA
CP05MOAS-GL005-01-ADCPAM000,water_velocity_north,water_velocity_north,,,L0,mm s-1,CP05MOAS,GL005,ADCPA
CP05MOAS-GL005-01-ADCPAM000,water_velocity_up,water_velocity_up,,,L0,mm s-1,CP05MOAS,GL005,ADCPA
CP05MOAS-GL005-01-ADCPAM000,error_velocity,error_velocity,,,L0,mm s-1,CP05MOAS,GL005,ADCPA
CP05MOAS-GL005-01-ADCPAM000,correlation_magnitude_beam1,correlation_magnitude_beam1,,,,1,CP05MOAS,GL005,ADCPA
CP05MOAS-GL005-01-ADCPAM000,correlation_magnitude_beam2,correlation_magnitude_beam2,,,,1,CP05MOAS,GL005,ADCPA
CP05MOAS-GL005-01-ADCPAM000,correlation_magnitude_beam3,correlation_magnitude_beam3,,,,1,CP05MOAS,GL005,ADCPA
CP05MOAS-GL005-01-ADCPAM000,correlation_magnitude_beam4,correlation_magnitude_beam4,,,,1,CP05MOAS,GL005,ADCPA
CP05MOAS-GL005-01-ADCPAM000,echo_intensity_beam1,echo_intensity_beam1,,,L0,counts,CP05MOAS,GL005,ADCPA
CP05MOAS-GL005-01-ADCPAM000,echo_intensity_beam2,echo_intensity_beam2,,,L0,counts,CP05MOAS,GL005,ADCPA
CP05MOAS-GL005-01-ADCPAM000,echo_intensity_beam3,echo_intensity_beam3,,,L0,counts,CP05MOAS,GL005,ADCPA
CP05MOAS-GL005-01-ADCPAM000,echo_intensity_beam4,echo_intensity_beam4,,,L0,counts,CP05MOAS,GL005,ADCPA
CP05MOAS-GL005-01-ADCPAM000,percent_good_3beam,percent_good_3beam,,,,percent,CP05MOAS,GL005,ADCPA
CP05MOAS-GL005-01-ADCPAM000,percent_transforms_reject,percent_transforms_reject,,,,percent,CP05MOAS,GL005,ADCPA
CP05MOAS-GL005-01-ADCPAM000,percent_bad_beams,percent_bad_beams,,,,percent,CP05MOAS,GL005,ADCPA
CP05MOAS-GL005-01-ADCPAM000,percent_good_4beam,percent_good_4beam,,,,percent,CP05MOAS,GL005,ADCPA
CP05MOAS-GL005-01-ADCPAM000,ensemble_start_time,ensemble_start_time,,,,seconds since 1900-01-01,CP05MOAS,GL005,ADCPA
CP05MOAS-GL005-01-ADCPAM000,ingestion_timestamp,ingestion_timestamp,,,ENG,seconds since 1900-01-01,CP05MOAS,GL005,ADCPA
CP05MOAS-GL005-01-ADCPAM000,real_time_clock,real_time_clock,,,,1,CP05MOAS,GL005,ADCPA
CP05MOAS-GL005-02-FLORTM000,driver_timestamp,driver_timestamp,,,ENG,seconds since 1900-01-01,CP05MOAS,GL005,FLORT
CP05MOAS-GL005-02-FLORTM000,internal_timestamp,internal_timestamp,,,ENG,seconds since 1900-01-01,CP05MOAS,GL005,FLORT
CP05MOAS-GL005-02-FLORTM000,m_present_secs_into_mission,m_present_secs_into_mission,,,ENG,s,CP05MOAS,GL005,FLORT
CP05MOAS-GL005-02-FLORTM000,m_present_time,m_present_time,,,AUX,seconds since 1970-01-01,CP05MOAS,GL005,FLORT
CP05MOAS-GL005-02-FLORTM000,sci_flbbcd_bb_ref,sci_flbbcd_bb_ref,,,,nm,CP05MOAS,GL005,FLORT
CP05MOAS-GL005-02-FLORTM000,sci_flbbcd_bb_sig,sci_flbbcd_bb_sig,,,,counts,CP05MOAS,GL005,FLORT
CP05MOAS-GL005-02-FLORTM000,sci_flbbcd_bb_units,sci_flbbcd_bb_units,,,L1,m-1 sr-1,CP05MOAS,GL005,FLORT
CP05MOAS-GL005-02-FLORTM000,sci_flbbcd_cdom_ref,sci_flbbcd_cdom_ref,,,,nm,CP05MOAS,GL005,FLORT
CP05MOAS-GL005-02-FLORTM000,sci_flbbcd_cdom_sig,sci_flbbcd_cdom_sig,,,,counts,CP05MOAS,GL005,FLORT
CP05MOAS-GL005-02-FLORTM000,sci_flbbcd_cdom_units,sci_flbbcd_cdom_units,0,375,L1,ppb,CP05MOAS,GL005,FLORT
CP05MOAS-GL005-02-FLORTM000,sci_flbbcd_chlor_ref,sci_flbbcd_chlor_ref,,,,nm,CP05MOAS,GL005,FLORT
CP05MOAS-GL005-02-FLORTM000,sci_flbbcd_chlor_sig,sci_flbbcd_chlor_sig,,,,counts,CP05MOAS,GL005,FLORT
CP05MOAS-GL005-02-FLORTM000,sci_flbbcd_chlor_units,sci_flbbcd_chlor_units,0,50,L1,ug L-1,CP05MOAS,GL005,FLORT
CP05MOAS-GL005-02-FLORTM000,sci_flbbcd_therm,sci_flbbcd_therm,,,ENG,1,CP05MOAS,GL005,FLORT
CP05MOAS-GL005-02-FLORTM000,sci_flbbcd_timestamp,sci_flbbcd_timestamp,,,ENG,seconds since 1970-01-01,CP05MOAS,GL005,FLORT
CP05MOAS-GL005-02-FLORTM000,sci_m_present_secs_into_mission,sci_m_present_secs_into_mission,,,,s,CP05MOAS,GL005,FLORT
CP05MOAS-GL005-02-FLORTM000,sci_m_present_time,sci_m_present_time,,,,seconds since 1970-01-01,CP05MOAS,GL005,FLORT
CP05MOAS-GL005-02-FLORTM000,preferred_timestamp,preferred_timestamp,,,ENG,1,CP05MOAS,GL005,FLORT
CP05MOAS-GL005-02-FLORTM000,flort_m_bback_total,flort_m_bback_total,0.0003,1,L2,m-1,CP05MOAS,GL005,FLORT
CP05MOAS-GL005-02-FLORTM000,flort_m_scat_seawater,flort_m_scat_seawater,,,AUX,m-1,CP05MOAS,GL005,FLORT
CP05MOAS-GL005-02-FLORTM000,time,time,,,ENG,seconds since 1900-01-01,CP05MOAS,GL005,FLORT
CP05MOAS-GL005-02-FLORTM000,ingestion_timestamp,ingestion_timestamp,,,ENG,seconds since 1900-01-01,CP05MOAS,GL005,FLORT
CP05MOAS-GL005-03-CTDGVM000,driver_timestamp,driver_timestamp,,,ENG,seconds since 1900-01-01,CP05MOAS,GL005,CTDGV
CP05MOAS-GL005-03-CTDGVM000,internal_timestamp,internal_timestamp,,,ENG,seconds since 1900-01-01,CP05MOAS,GL005,CTDGV
CP05MOAS-GL005-03-CTDGVM000,m_present_secs_into_mission,m_present_secs_into_mission,,,ENG,s,CP05MOAS,GL005,CTDGV
CP05MOAS-GL005-03-CTDGVM000,m_present_time,m_present_time,,,AUX,seconds since 1970-01-01,CP05MOAS,GL005,CTDGV
CP05MOAS-GL005-03-CTDGVM000,sci_ctd41cp_timestamp,sci_ctd41cp_timestamp,,,,seconds since 1970-01-01,CP05MOAS,GL005,CTDGV
CP05MOAS-GL005-03-CTDGVM000,sci_m_present_secs_into_mission,sci_m_present_secs_into_mission,,,,s,CP05MOAS,GL005,CTDGV
CP05MOAS-GL005-03-CTDGVM000,sci_m_present_time,sci_m_present_time,,,,seconds since 1970-01-01,CP05MOAS,GL005,CTDGV
CP05MOAS-GL005-03-CTDGVM000,sci_water_cond,sci_water_cond,0,6,L1,S m-1,CP05MOAS,GL005,CTDGV
CP05MOAS-GL005-03-CTDGVM000,sci_water_pressure,sci_water_pressure,0,6000,L1,dbar,CP05MOAS,GL005,CTDGV
CP05MOAS-GL005-03-CTDGVM000,sci_water_temp,sci_water_temp,-2,40,L1,deg_C,CP05MOAS,GL005,CTDGV
CP05MOAS-GL005-03-CTDGVM000,sci_water_pracsal,sci_water_pracsal,0,42,L2,1,CP05MOAS,GL005,CTDGV
CP05MOAS-GL005-03-CTDGVM000,preferred_timestamp,preferred_timestamp,,,ENG,1,CP05MOAS,GL005,CTDGV
CP05MOAS-GL005-03-CTDGVM000,sci_seawater_density,sci_seawater_density,1000,1100,L2,kg m-3,CP05MOAS,GL005,CTDGV
CP05MOAS-GL005-03-CTDGVM000,time,time,,,ENG,seconds since 1900-01-01,CP05MOAS,GL005,CTDGV
CP05MOAS-GL005-03-CTDGVM000,ingestion_timestamp,ingestion_timestamp,,,ENG,seconds since 1900-01-01,CP05MOAS,GL005,CTDGV
CP05MOAS-GL005-04-DOSTAM000,driver_timestamp,driver_timestamp,,,ENG,seconds since 1900-01-01,CP05MOAS,GL005,DOSTA
CP05MOAS-GL005-04-DOSTAM000,internal_timestamp,internal_timestamp,,,ENG,seconds since 1900-01-01,CP05MOAS,GL005,DOSTA
CP05MOAS-GL005-04-DOSTAM000,m_present_secs_into_mission,m_present_secs_into_mission,,,ENG,s,CP05MOAS,GL005,DOSTA
CP05MOAS-GL005-04-DOSTAM000,m_present_time,m_present_time,,,AUX,seconds since 1970-01-01,CP05MOAS,GL005,DOSTA
CP05MOAS-GL005-04-DOSTAM000,sci_m_present_secs_into_mission,sci_m_present_secs_into_mission,,,,s,CP05MOAS,GL005,DOSTA
CP05MOAS-GL005-04-DOSTAM000,sci_m_present_time,sci_m_present_time,,,,seconds since 1970-01-01,CP05MOAS,GL005,DOSTA
CP05MOAS-GL005-04-DOSTAM000,sci_oxy4_c1amp,sci_oxy4_c1amp,,,,mV,CP05MOAS,GL005,DOSTA
CP05MOAS-GL005-04-DOSTAM000,sci_oxy4_c1rph,sci_oxy4_c1rph,,,,degrees,CP05MOAS,GL005,DOSTA
CP05MOAS-GL005-04-DOSTAM000,sci_oxy4_c2amp,sci_oxy4_c2amp,,,,mV,CP05MOAS,GL005,DOSTA
CP05MOAS-GL005-04-DOSTAM000,sci_oxy4_c2rph,sci_oxy4_c2rph,,,,degrees,CP05MOAS,GL005,DOSTA
CP05MOAS-GL005-04-DOSTAM000,sci_oxy4_calphase,sci_oxy4_calphase,,,L0,degrees,CP05MOAS,GL005,DOSTA
CP05MOAS-GL005-04-DOSTAM000,sci_oxy4_oxygen,sci_oxy4_oxygen,0,400,L1,umol L-1,CP05MOAS,GL005,DOSTA
CP05MOAS-GL005-04-DOSTAM000,sci_oxy4_rawtemp,sci_oxy4_rawtemp,,,,mV,CP05MOAS,GL005,DOSTA
CP05MOAS-GL005-04-DOSTAM000,sci_oxy4_saturation,sci_oxy4_saturation,,,,percent,CP05MOAS,GL005,DOSTA
CP05MOAS-GL005-04-DOSTAM000,sci_oxy4_tcphase,sci_oxy4_tcphase,,,,degrees,CP05MOAS,GL005,DOSTA
CP05MOAS-GL005-04-DOSTAM000,sci_oxy4_temp,sci_oxy4_temp,,,,deg_C,CP05MOAS,GL005,DOSTA
CP05MOAS-GL005-04-DOSTAM000,sci_oxy4_timestamp,sci_oxy4_timestamp,,,,1,CP05MOAS,GL005,DOSTA
CP05MOAS-GL005-04-DOSTAM000,sci_water_cond,sci_water_cond,0,6,L1,S m-1,CP05MOAS,GL005,DOSTA
CP05MOAS-GL005-04-DOSTAM000,sci_water_pressure,sci_water_pressure,0,6000,L1,dbar,CP05MOAS,GL005,DOSTA
CP05MOAS-GL005-04-DOSTAM000,sci_water_temp,sci_water_temp,-2,40,L1,deg_C,CP05MOAS,GL005,DOSTA
CP05MOAS-GL005-04-DOSTAM000,preferred_timestamp,preferred_timestamp,,,ENG,1,CP05MOAS,GL005,DOSTA
CP05MOAS-GL005-04-DOSTAM000,sci_abs_oxygen,sci_abs_oxygen,0,400,L2,umol kg-1,CP05MOAS,GL005,DOSTA
CP05MOAS-GL005-04-DOSTAM000,time,time,,,ENG,seconds since 1900-01-01,CP05MOAS,GL005,DOSTA
CP05MOAS-GL005-04-DOSTAM000,ingestion_timestamp,ingestion_timestamp,,,ENG,seconds since 1900-01-01,CP05MOAS,GL005,DOSTA
CP05MOAS-GL005-05-PARADM000,driver_timestamp,driver_timestamp,,,ENG,seconds since 1900-01-01,CP05MOAS,GL005,PARAD
CP05MOAS-GL005-05-PARADM000,internal_timestamp,internal_timestamp,,,ENG,seconds since 1900-01-01,CP05MOAS,GL005,PARAD
CP05MOAS-GL005-05-PARADM000,m_present_secs_into_mission,m_present_secs_into_mission,,,ENG,s,CP05MOAS,GL005,PARAD
CP05MOAS-GL005-05-PARADM000,m_present_time,m_present_time,,,AUX,seconds since 1970-01-01,CP05MOAS,GL005,PARAD
CP05MOAS-GL005-05-PARADM000,sci_bsipar_par,sci_bsipar_par,0,2500,L1,umol photons m-2 s-1,CP05MOAS,GL005,PARAD
CP05MOAS-GL005-05-PARADM000,sci_bsipar_sensor_volts,sci_bsipar_sensor_volts,,,L0,V,CP05MOAS,GL005,PARAD
CP05MOAS-GL005-05-PARADM000,sci_bsipar_supply_volts,sci_bsipar_supply_volts,,,,V,CP05MOAS,GL005,PARAD
CP05MOAS-GL005-05-PARADM000,sci_bsipar_temp,sci_bsipar_temp,,,,deg_C,CP05MOAS,GL005,PARAD
CP05MOAS-GL005-05-PARADM000,sci_m_present_secs_into_mission,sci_m_present_secs_into_mission,,,,s,CP05MOAS,GL005,PARAD
CP05MOAS-GL005-05-PARADM000,sci_m_present_time,sci_m_present_time,,,,seconds since 1970-01-01,CP05MOAS,GL005,PARAD
CP05MOAS-GL005-05-PARADM000,preferred_timestamp,preferred_timestamp,,,ENG,1,CP05MOAS,GL005,PARAD
CP05MOAS-GL005-05-PARADM000,time,time,,,ENG,seconds since 1900-01-01,CP05MOAS,GL005,PARAD
CP05MOAS-GL005-05-PARADM000,ingestion_timestamp,ingestion_timestamp,,,ENG,seconds since 1900-01-01,CP05MOAS,GL005,PARAD
CP05MOAS-GL006-01-ADCPAM000,bin_depths,bin_depths,,,,m,CP05MOAS,GL006,ADCPA
CP05MOAS-GL006-01-ADCPAM000,driver_timestamp,driver_timestamp,,,ENG,seconds since 1900-01-01,CP05MOAS,GL006,ADCPA
CP05MOAS-GL006-01-ADCPAM000,bt_pings_per_ensemble,bt_pings_per_ensemble,,,,1,CP05MOAS,GL006,ADCPA
CP05MOAS-GL006-01-ADCPAM000,bt_delay_before_reacquire,bt_delay_before_reacquire,,,,1,CP05MOAS,GL006,ADCPA
CP05MOAS-GL006-01-ADCPAM000,bt_corr_magnitude_min,bt_corr_magnitude_min,,,,counts,CP05MOAS,GL006,ADCPA
CP05MOAS-GL006-01-ADCPAM000,bt_eval_magnitude_min,bt_eval_magnitude_min,,,,counts,CP05MOAS,GL006,ADCPA
CP05MOAS-GL006-01-ADCPAM000,bt_percent_good_min,bt_percent_good_min,,,,percent,CP05MOAS,GL006,ADCPA
CP05MOAS-GL006-01-ADCPAM000,bt_mode,bt_mode,,,,1,CP05MOAS,GL006,ADCPA
CP05MOAS-GL006-01-ADCPAM000,bt_error_velocity_max,bt_error_velocity_max,,,,mm s-1,CP05MOAS,GL006,ADCPA
CP05MOAS-GL006-01-ADCPAM000,bt_beam1_range,bt_beam1_range,,,,cm,CP05MOAS,GL006,ADCPA
CP05MOAS-GL006-01-ADCPAM000,bt_beam2_range,bt_beam2_range,,,,cm,CP05MOAS,GL006,ADCPA
CP05MOAS-GL006-01-ADCPAM000,bt_beam3_range,bt_beam3_range,,,,cm,CP05MOAS,GL006,ADCPA
CP05MOAS-GL006-01-ADCPAM000,bt_beam4_range,bt_beam4_range,,,,cm,CP05MOAS,GL006,ADCPA
CP05MOAS-GL006-01-ADCPAM000,bt_eastward_velocity,bt_eastward_velocity,,,,mm s-1,CP05MOAS,GL006,ADCPA
CP05MOAS-GL006-01-ADCPAM000,bt_northward_velocity,bt_northward_velocity,,,,mm s-1,CP05MOAS,GL006,ADCPA
CP05MOAS-GL006-01-ADCPAM000,bt_upward_velocity,bt_upward_velocity,,,,mm s-1,CP05MOAS,GL006,ADCPA
CP05MOAS-GL006-01-ADCPAM000,bt_error_velocity,bt_error_velocity,,,,mm s-1,CP05MOAS,GL006,ADCPA
CP05MOAS-GL006-01-ADCPAM000,bt_beam1_correlation,bt_beam1_correlation,,,,counts,CP05MOAS,GL006,ADCPA
CP05MOAS-GL006-01-ADCPAM000,bt_beam2_correlation,bt_beam2_correlation,,,,counts,CP05MOAS,GL006,ADCPA
CP05MOAS-GL006-01-ADCPAM000,bt_beam3_correlation,bt_beam3_correlation,,,,counts,CP05MOAS,GL006,ADCPA
CP05MOAS-GL006-01-ADCPAM000,bt_beam4_correlation,bt_beam4_correlation,,,,counts,CP05MOAS,GL006,ADCPA
CP05MOAS-GL006-01-ADCPAM000,bt_beam1_eval_amp,bt_beam1_eval_amp,,,,counts,CP05MOAS,GL006,ADCPA
CP05MOAS-GL006-01-ADCPAM000,bt_beam2_eval_amp,bt_beam2_eval_amp,,,,counts,CP05MOAS,GL006,ADCPA
CP05MOAS-GL006-01-ADCPAM000,bt_beam3_eval_amp,bt_beam3_eval_amp,,,,counts,CP05MOAS,GL006,ADCPA
CP05MOAS-GL006-01-ADCPAM000,bt_beam4_eval_amp,bt_beam4_eval_amp,,,,counts,CP05MOAS,GL006,ADCPA
CP05MOAS-GL006-01-ADCPAM000,bt_beam1_percent_good,bt_beam1_percent_good,,,,percent,CP05MOAS,GL006,ADCPA
CP05MOAS-GL006-01-ADCPAM000,bt_beam2_percent_good,bt_beam2_percent_good,,,,percent,CP05MOAS,GL006,ADCPA
CP05MOAS-GL006-01-ADCPAM000,bt_beam3_percent_good,bt_beam3_percent_good,,,,percent,CP05MOAS,GL006,ADCPA
CP05MOAS-GL006-01-ADCPAM000,bt_beam4_percent_good,bt_beam4_percent_good,,,,percent,CP05MOAS,GL006,ADCPA
CP05MOAS-GL006-01-ADCPAM000,bt_ref_layer_min,bt_ref_layer_min,,,,dm,CP05MOAS,GL006,ADCPA
CP05MOAS-GL006-01-ADCPAM000,bt_ref_layer_near,bt_ref_layer_near,,,,dm,CP05MOAS,GL006,ADCPA
CP05MOAS-GL006-01-ADCPAM000,bt_ref_layer_far,bt_ref_layer_far,,,,dm,CP05MOAS,GL006,ADCPA
CP05MOAS-GL006-01-ADCPAM000,bt_eastward_ref_layer_velocity,bt_eastward_ref_layer_velocity,,,,mm s-1,CP05MOAS,GL006,ADCPA
CP05MOAS-GL006-01-ADCPAM000,bt_northward_ref_layer_velocity,bt_northward_ref_layer_velocity,,,,mm s-1,CP05MOAS,GL006,ADCPA
CP05MOAS-GL006-01-ADCPAM000,bt_upward_ref_layer_velocity,bt_upward_ref_layer_velocity,,,,mm s-1,CP05MOAS,GL006,ADCPA
CP05MOAS-GL006-01-ADCPAM000,bt_error_ref_layer_velocity,bt_error_ref_layer_velocity,,,,mm s-1,CP05MOAS,GL006,ADCPA
CP05MOAS-GL006-01-ADCPAM000,bt_beam1_ref_correlation,bt_beam1_ref_correlation,,,,counts,CP05MOAS,GL006,ADCPA
CP05MOAS-GL006-01-ADCPAM000,bt_beam2_ref_correlation,bt_beam2_ref_correlation,,,,counts,CP05MOAS,GL006,ADCPA
CP05MOAS-GL006-01-ADCPAM000,bt_beam3_ref_correlation,bt_beam3_ref_correlation,,,,counts,CP05MOAS,GL006,ADCPA
CP05MOAS-GL006-01-ADCPAM000,bt_beam4_ref_correlation,bt_beam4_ref_correlation,,,,counts,CP05MOAS,GL006,ADCPA
CP05MOAS-GL006-01-ADCPAM000,bt_beam1_ref_intensity,bt_beam1_ref_intensity,,,,counts,CP05MOAS,GL006,ADCPA
CP05MOAS-GL006-01-ADCPAM000,bt_beam2_ref_intensity,bt_beam2_ref_intensity,,,,counts,CP05MOAS,GL006,ADCPA
CP05MOAS-GL006-01-ADCPAM000,internal_timestamp,internal_timestamp,,,ENG,seconds since 1900-01-01,CP05MOAS,GL006,ADCPA
CP05MOAS-GL006-01-ADCPAM000,bt_beam3_ref_intensity,bt_beam3_ref_intensity,,,,counts,CP05MOAS,GL006,ADCPA
CP05MOAS-GL006-01-ADCPAM000,bt_beam4_ref_intensity,bt_beam4_ref_intensity,,,,counts,CP05MOAS,GL006,ADCPA
CP05MOAS-GL006-01-ADCPAM000,bt_beam1_ref_percent_good,bt_beam1_ref_percent_good,,,,percent,CP05MOAS,GL006,ADCPA
CP05MOAS-GL006-01-ADCPAM000,bt_beam2_ref_percent_good,bt_beam2_ref_percent_good,,,,percent,CP05MOAS,GL006,ADCPA
CP05MOAS-GL006-01-ADCPAM000,bt_beam3_ref_percent_good,bt_beam3_ref_percent_good,,,,percent,CP05MOAS,GL006,ADCPA
CP05MOAS-GL006-01-ADCPAM000,bt_beam4_ref_percent_good,bt_beam4_ref_percent_good,,,,percent,CP05MOAS,GL006,ADCPA
CP05MOAS-GL006-01-ADCPAM000,bt_max_depth,bt_max_depth,,,,dm,CP05MOAS,GL006,ADCPA
CP05MOAS-GL006-01-ADCPAM000,bt_beam1_rssi_amplitude,bt_beam1_rssi_amplitude,,,,counts,CP05MOAS,GL006,ADCPA
CP05MOAS-GL006-01-ADCPAM000,bt_beam2_rssi_amplitude,bt_beam2_rssi_amplitude,,,,counts,CP05MOAS,GL006,ADCPA
CP05MOAS-GL006-01-ADCPAM000,bt_beam3_rssi_amplitude,bt_beam3_rssi_amplitude,,,,counts,CP05MOAS,GL006,ADCPA
CP05MOAS-GL006-01-ADCPAM000,bt_beam4_rssi_amplitude,bt_beam4_rssi_amplitude,,,,counts,CP05MOAS,GL006,ADCPA
CP05MOAS-GL006-01-ADCPAM000,bt_gain,bt_gain,,,,1,CP05MOAS,GL006,ADCPA
CP05MOAS-GL006-01-ADCPAM000,preferred_timestamp,preferred_timestamp,,,ENG,1,CP05MOAS,GL006,ADCPA
CP05MOAS-GL006-01-ADCPAM000,sensor_available_speed,sensor_available_speed,,,,1,CP05MOAS,GL006,ADCPA
CP05MOAS-GL006-01-ADCPAM000,sensor_source_temperature_eu,sensor_source_temperature_eu,,,,1,CP05MOAS,GL006,ADCPA
CP05MOAS-GL006-01-ADCPAM000,sensor_available_temperature_eu,sensor_available_temperature_eu,,,,1,CP05MOAS,GL006,ADCPA
CP05MOAS-GL006-01-ADCPAM000,bit_error_number,bit_error_number,,,,1,CP05MOAS,GL006,ADCPA
CP05MOAS-GL006-01-ADCPAM000,bit_error_count,bit_error_count,,,,counts,CP05MOAS,GL006,ADCPA
CP05MOAS-GL006-01-ADCPAM000,sysconfig_beam_angle,sysconfig_beam_angle,,,,1,CP05MOAS,GL006,ADCPA
CP05MOAS-GL006-01-ADCPAM000,sysconfig_beam_config,sysconfig_beam_config,,,,1,CP05MOAS,GL006,ADCPA
CP05MOAS-GL006-01-ADCPAM000,adcpa_m_upward_seawater_velocity,adcpa_m_upward_seawater_velocity,-1,1,L1,m s-1,CP05MOAS,GL006,ADCPA
CP05MOAS-GL006-01-ADCPAM000,adcpa_m_error_velocity,adcpa_m_error_velocity,-1,1,L1,m s-1,CP05MOAS,GL006,ADCPA
CP05MOAS-GL006-01-ADCPAM000,adcpa_m_eastward_seawater_velocity,adcpa_m_eastward_seawater_velocity,-3,3,L1,m s-1,CP05MOAS,GL006,ADCPA
CP05MOAS-GL006-01-ADCPAM000,adcpa_m_northward_seawater_velocity,adcpa_m_northward_seawater_velocity,-3,3,L1,m s-1,CP05MOAS,GL006,ADCPA
CP05MOAS-GL006-01-ADCPAM000,adcpa_m_echo_intensity_beam1,adcpa_m_echo_intensity_beam1,0,255,L1,dB,CP05MOAS,GL006,ADCPA
CP05MOAS-GL006-01-ADCPAM000,adcpa_m_echo_intensity_beam2,adcpa_m_echo_intensity_beam2,0,255,L1,dB,CP05MOAS,GL006,ADCPA
CP05MOAS-GL006-01-ADCPAM000,adcpa_m_echo_intensity_beam3,adcpa_m_echo_intensity_beam3,0,255,L1,dB,CP05MOAS,GL006,ADCPA
CP05MOAS-GL006-01-ADCPAM000,adcpa_m_echo_intensity_beam4,adcpa_m_echo_intensity_beam4,0,255,L1,dB,CP05MOAS,GL006,ADCPA
CP05MOAS-GL006-01-ADCPAM000,serial_number,serial_number,,,ENG,1,CP05MOAS,GL006,ADCPA
CP05MOAS-GL006-01-ADCPAM000,firmware_version,firmware_version,,,,1,CP05MOAS,GL006,ADCPA
CP05MOAS-GL006-01-ADCPAM000,firmware_revision,firmware_revision,,,,1,CP05MOAS,GL006,ADCPA
CP05MOAS-GL006-01-ADCPAM000,sysconfig_frequency,sysconfig_frequency,,,,kHz,CP05MOAS,GL006,ADCPA
CP05MOAS-GL006-01-ADCPAM000,sysconfig_beam_pattern,sysconfig_beam_pattern,,,,1,CP05MOAS,GL006,ADCPA
CP05MOAS-GL006-01-ADCPAM000,sysconfig_sensor_config,sysconfig_sensor_config,,,,1,CP05MOAS,GL006,ADCPA
CP05MOAS-GL006-01-ADCPAM000,sysconfig_head_attached,sysconfig_head_attached,,,,1,CP05MOAS,GL006,ADCPA
CP05MOAS-GL006-01-ADCPAM000,sysconfig_vertical_orientation,sysconfig_vertical_orientation,,,,1,CP05MOAS,GL006,ADCPA
CP05MOAS-GL006-01-ADCPAM000,data_flag,data_flag,,,,1,CP05MOAS,GL006,ADCPA
CP05MOAS-GL006-01-ADCPAM000,lag_length,lag_length,,,,s,CP05MOAS,GL006,ADCPA
CP05MOAS-GL006-01-ADCPAM000,num_beams,num_beams,,,,1,CP05MOAS,GL006,ADCPA
CP05MOAS-GL006-01-ADCPAM000,num_cells,num_cells,,,,1,CP05MOAS,GL006,ADCPA
CP05MOAS-GL006-01-ADCPAM000,pings_per_ensemble,pings_per_ensemble,,,,1,CP05MOAS,GL006,ADCPA
CP05MOAS-GL006-01-ADCPAM000,cell_length,cell_length,,,,cm,CP05MOAS,GL006,ADCPA
CP05MOAS-GL006-01-ADCPAM000,blank_after_transmit,blank_after_transmit,,,,cm,CP05MOAS,GL006,ADCPA
CP05MOAS-GL006-01-ADCPAM000,signal_processing_mode,signal_processing_mode,,,,1,CP05MOAS,GL006,ADCPA
CP05MOAS-GL006-01-ADCPAM000,low_corr_threshold,low_corr_threshold,,,,counts,CP05MOAS,GL006,ADCPA
CP05MOAS-GL006-01-ADCPAM000,num_code_repetitions,num_code_repetitions,,,,counts,CP05MOAS,GL006,ADCPA
CP05MOAS-GL006-01-ADCPAM000,percent_good_min,percent_good_min,,,,percent,CP05MOAS,GL006,ADCPA
CP05MOAS-GL006-01-ADCPAM000,error_vel_threshold,error_vel_threshold,,,,mm s-1,CP05MOAS,GL006,ADCPA
CP05MOAS-GL006-01-ADCPAM000,time_per_ping_minutes,time_per_ping_minutes,,,,min,CP05MOAS,GL006,ADCPA
CP05MOAS-GL006-01-ADCPAM000,time_per_ping_seconds,time_per_ping_seconds,,,,s,CP05MOAS,GL006,ADCPA
CP05MOAS-GL006-01-ADCPAM000,coord_transform_type,coord_transform_type,,,,1,CP05MOAS,GL006,ADCPA
CP05MOAS-GL006-01-ADCPAM000,coord_transform_tilts,coord_transform_tilts,,,,1,CP05MOAS,GL006,ADCPA
CP05MOAS-GL006-01-ADCPAM000,coord_transform_beams,coord_transform_beams,,,,1,CP05MOAS,GL006,ADCPA
CP05MOAS-GL006-01-ADCPAM000,coord_transform_mapping,coord_transform_mapping,,,,1,CP05MOAS,GL006,ADCPA
CP05MOAS-GL006-01-ADCPAM000,heading_alignment,heading_alignment,,,,cdegrees,CP05MOAS,GL006,ADCPA
CP05MOAS-GL006-01-ADCPAM000,heading_bias,heading_bias,,,,cdegrees,CP05MOAS,GL006,ADCPA
CP05MOAS-GL006-01-ADCPAM000,sensor_source_speed,sensor_source_speed,,,,1,CP05MOAS,GL006,ADCPA
CP05MOAS-GL006-01-ADCPAM000,sensor_source_depth,sensor_source_depth,,,,1,CP05MOAS,GL006,ADCPA
CP05MOAS-GL006-01-ADCPAM000,sensor_source_heading,sensor_source_heading,,,,1,CP05MOAS,GL006,ADCPA
CP05MOAS-GL006-01-ADCPAM000,sensor_source_pitch,sensor_source_pitch,,,,1,CP05MOAS,GL006,ADCPA
CP05MOAS-GL006-01-ADCPAM000,sensor_source_roll,sensor_source_roll,,,,1,CP05MOAS,GL006,ADCPA
CP05MOAS-GL006-01-ADCPAM000,sensor_source_conductivity,sensor_source_conductivity,,,,1,CP05MOAS,GL006,ADCPA
CP05MOAS-GL006-01-ADCPAM000,sensor_source_temperature,sensor_source_temperature,,,,1,CP05MOAS,GL006,ADCPA
CP05MOAS-GL006-01-ADCPAM000,sensor_available_depth,sensor_available_depth,,,,1,CP05MOAS,GL006,ADCPA
CP05MOAS-GL006-01-ADCPAM000,sensor_available_heading,sensor_available_heading,,,,1,CP05MOAS,GL006,ADCPA
CP05MOAS-GL006-01-ADCPAM000,sensor_available_pitch,sensor_available_pitch,,,,1,CP05MOAS,GL006,ADCPA
CP05MOAS-GL006-01-ADCPAM000,sensor_available_roll,sensor_available_roll,,,,1,CP05MOAS,GL006,ADCPA
CP05MOAS-GL006-01-ADCPAM000,sensor_available_conductivity,sensor_available_conductivity,,,,1,CP05MOAS,GL006,ADCPA
CP05MOAS-GL006-01-ADCPAM000,sensor_available_temperature,sensor_available_temperature,,,,1,CP05MOAS,GL006,ADCPA
CP05MOAS-GL006-01-ADCPAM000,bin_1_distance,bin_1_distance,,,,cm,CP05MOAS,GL006,ADCPA
CP05MOAS-GL006-01-ADCPAM000,transmit_pulse_length,transmit_pulse_length,,,,cm,CP05MOAS,GL006,ADCPA
CP05MOAS-GL006-01-ADCPAM000,reference_layer_start,reference_layer_start,,,,1,CP05MOAS,GL006,ADCPA
CP05MOAS-GL006-01-ADCPAM000,reference_layer_stop,reference_layer_stop,,,,1,CP05MOAS,GL006,ADCPA
CP05MOAS-GL006-01-ADCPAM000,false_target_threshold,false_target_threshold,,,,counts,CP05MOAS,GL006,ADCPA
CP05MOAS-GL006-01-ADCPAM000,transmit_lag_distance,transmit_lag_distance,,,,cm,CP05MOAS,GL006,ADCPA
CP05MOAS-GL006-01-ADCPAM000,system_bandwidth,system_bandwidth,,,,1,CP05MOAS,GL006,ADCPA
CP05MOAS-GL006-01-ADCPAM000,ensemble_number,ensemble_number,,,,1,CP05MOAS,GL006,ADCPA
CP05MOAS-GL006-01-ADCPAM000,ensemble_number_increment,ensemble_number_increment,,,,1,CP05MOAS,GL006,ADCPA
CP05MOAS-GL006-01-ADCPAM000,speed_of_sound,speed_of_sound,,,,m s-1,CP05MOAS,GL006,ADCPA
CP05MOAS-GL006-01-ADCPAM000,transducer_depth,transducer_depth,,,,dm,CP05MOAS,GL006,ADCPA
CP05MOAS-GL006-01-ADCPAM000,heading,heading,,,,cdegrees,CP05MOAS,GL006,ADCPA
CP05MOAS-GL006-01-ADCPAM000,pitch,pitch,,,,cdegrees,CP05MOAS,GL006,ADCPA
CP05MOAS-GL006-01-ADCPAM000,roll,roll,,,,cdegrees,CP05MOAS,GL006,ADCPA
CP05MOAS-GL006-01-ADCPAM000,salinity,salinity,,,,1,CP05MOAS,GL006,ADCPA
CP05MOAS-GL006-01-ADCPAM000,temperature,temperature,,,,cdeg_C,CP05MOAS,GL006,ADCPA
CP05MOAS-GL006-01-ADCPAM000,mpt_minutes,mpt_minutes,,,,min,CP05MOAS,GL006,ADCPA
CP05MOAS-GL006-01-ADCPAM000,mpt_seconds,mpt_seconds,,,,s,CP05MOAS,GL006,ADCPA
CP05MOAS-GL006-01-ADCPAM000,heading_stdev,heading_stdev,,,,degrees,CP05MOAS,GL006,ADCPA
CP05MOAS-GL006-01-ADCPAM000,pitch_stdev,pitch_stdev,,,,ddegrees,CP05MOAS,GL006,ADCPA
CP05MOAS-GL006-01-ADCPAM000,roll_stdev,roll_stdev,,,,ddegrees,CP05MOAS,GL006,ADCPA
CP05MOAS-GL006-01-ADCPAM000,adc_transmit_voltage,adc_transmit_voltage,,,,counts,CP05MOAS,GL006,ADCPA
CP05MOAS-GL006-01-ADCPAM000,time,time,,,ENG,seconds since 1900-01-01,CP05MOAS,GL006,ADCPA
CP05MOAS-GL006-01-ADCPAM000,pressure,pressure,,,,daPa,CP05MOAS,GL006,ADCPA
CP05MOAS-GL006-01-ADCPAM000,pressure_variance,pressure_variance,,,,daPa,CP05MOAS,GL006,ADCPA
CP05MOAS-GL006-01-ADCPAM000,water_velocity_east,water_velocity_east,,,L0,mm s-1,CP05MOAS,GL006,ADCPA
CP05MOAS-GL006-01-ADCPAM000,water_velocity_north,water_velocity_north,,,L0,mm s-1,CP05MOAS,GL006,ADCPA
CP05MOAS-GL006-01-ADCPAM000,water_velocity_up,water_velocity_up,,,L0,mm s-1,CP05MOAS,GL006,ADCPA
CP05MOAS-GL006-01-ADCPAM000,error_velocity,error_velocity,,,L0,mm s-1,CP05MOAS,GL006,ADCPA
CP05MOAS-GL006-01-ADCPAM000,correlation_magnitude_beam1,correlation_magnitude_beam1,,,,1,CP05MOAS,GL006,ADCPA
CP05MOAS-GL006-01-ADCPAM000,correlation_magnitude_beam2,correlation_magnitude_beam2,,,,1,CP05MOAS,GL006,ADCPA
CP05MOAS-GL006-01-ADCPAM000,correlation_magnitude_beam3,correlation_magnitude_beam3,,,,1,CP05MOAS,GL006,ADCPA
CP05MOAS-GL006-01-ADCPAM000,correlation_magnitude_beam4,correlation_magnitude_beam4,,,,1,CP05MOAS,GL006,ADCPA
CP05MOAS-GL006-01-ADCPAM000,echo_intensity_beam1,echo_intensity_beam1,,,L0,counts,CP05MOAS,GL006,ADCPA
CP05MOAS-GL006-01-ADCPAM000,echo_intensity_beam2,echo_intensity_beam2,,,L0,counts,CP05MOAS,GL006,ADCPA
CP05MOAS-GL006-01-ADCPAM000,echo_intensity_beam3,echo_intensity_beam3,,,L0,counts,CP05MOAS,GL006,ADCPA
CP05MOAS-GL006-01-ADCPAM000,echo_intensity_beam4,echo_intensity_beam4,,,L0,counts,CP05MOAS,GL006,ADCPA
CP05MOAS-GL006-01-ADCPAM000,percent_good_3beam,percent_good_3beam,,,,percent,CP05MOAS,GL006,ADCPA
CP05MOAS-GL006-01-ADCPAM000,percent_transforms_reject,percent_transforms_reject,,,,percent,CP05MOAS,GL006,ADCPA
CP05MOAS-GL006-01-ADCPAM000,percent_bad_beams,percent_bad_beams,,,,percent,CP05MOAS,GL006,ADCPA
CP05MOAS-GL006-01-ADCPAM000,percent_good_4beam,percent_good_4beam,,,,percent,CP05MOAS,GL006,ADCPA
CP05MOAS-GL006-01-ADCPAM000,ensemble_start_time,ensemble_start_time,,,,seconds since 1900-01-01,CP05MOAS,GL006,ADCPA
CP05MOAS-GL006-01-ADCPAM000,ingestion_timestamp,ingestion_timestamp,,,ENG,seconds since 1900-01-01,CP05MOAS,GL006,ADCPA
CP05MOAS-GL006-01-ADCPAM000,real_time_clock,real_time_clock,,,,1,CP05MOAS,GL006,ADCPA
CP05MOAS-GL006-02-FLORTM000,driver_timestamp,driver_timestamp,,,ENG,seconds since 1900-01-01,CP05MOAS,GL006,FLORT
CP05MOAS-GL006-02-FLORTM000,internal_timestamp,internal_timestamp,,,ENG,seconds since 1900-01-01,CP05MOAS,GL006,FLORT
CP05MOAS-GL006-02-FLORTM000,m_present_secs_into_mission,m_present_secs_into_mission,,,ENG,s,CP05MOAS,GL006,FLORT
CP05MOAS-GL006-02-FLORTM000,m_present_time,m_present_time,,,AUX,seconds since 1970-01-01,CP05MOAS,GL006,FLORT
CP05MOAS-GL006-02-FLORTM000,sci_flbbcd_bb_ref,sci_flbbcd_bb_ref,,,,nm,CP05MOAS,GL006,FLORT
CP05MOAS-GL006-02-FLORTM000,sci_flbbcd_bb_sig,sci_flbbcd_bb_sig,,,,counts,CP05MOAS,GL006,FLORT
CP05MOAS-GL006-02-FLORTM000,sci_flbbcd_bb_units,sci_flbbcd_bb_units,,,L1,m-1 sr-1,CP05MOAS,GL006,FLORT
CP05MOAS-GL006-02-FLORTM000,sci_flbbcd_cdom_ref,sci_flbbcd_cdom_ref,,,,nm,CP05MOAS,GL006,FLORT
CP05MOAS-GL006-02-FLORTM000,sci_flbbcd_cdom_sig,sci_flbbcd_cdom_sig,,,,counts,CP05MOAS,GL006,FLORT
CP05MOAS-GL006-02-FLORTM000,sci_flbbcd_cdom_units,sci_flbbcd_cdom_units,0,375,L1,ppb,CP05MOAS,GL006,FLORT
CP05MOAS-GL006-02-FLORTM000,sci_flbbcd_chlor_ref,sci_flbbcd_chlor_ref,,,,nm,CP05MOAS,GL006,FLORT
CP05MOAS-GL006-02-FLORTM000,sci_flbbcd_chlor_sig,sci_flbbcd_chlor_sig,,,,counts,CP05MOAS,GL006,FLORT
CP05MOAS-GL006-02-FLORTM000,sci_flbbcd_chlor_units,sci_flbbcd_chlor_units,0,50,L1,ug L-1,CP05MOAS,GL006,FLORT
CP05MOAS-GL006-02-FLORTM000,sci_flbbcd_therm,sci_flbbcd_therm,,,ENG,1,CP05MOAS,GL006,FLORT
CP05MOAS-GL006-02-FLORTM000,sci_flbbcd_timestamp,sci_flbbcd_timestamp,,,ENG,seconds since 1970-01-01,CP05MOAS,GL006,FLORT
CP05MOAS-GL006-02-FLORTM000,sci_m_present_secs_into_mission,sci_m_present_secs_into_mission,,,,s,CP05MOAS,GL006,FLORT
CP05MOAS-GL006-02-FLORTM000,sci_m_present_time,sci_m_present_time,,,,seconds since 1970-01-01,CP05MOAS,GL006,FLORT
CP05MOAS-GL006-02-FLORTM000,preferred_timestamp,preferred_timestamp,,,ENG,1,CP05MOAS,GL006,FLORT
CP05MOAS-GL006-02-FLORTM000,flort_m_bback_total,flort_m_bback_total,0.0003,1,L2,m-1,CP05MOAS,GL006,FLORT
CP05MOAS-GL006-02-FLORTM000,flort_m_scat_seawater,flort_m_scat_seawater,,,AUX,m-1,CP05MOAS,GL006,FLORT
CP05MOAS-GL006-02-FLORTM000,time,time,,,ENG,seconds since 1900-01-01,CP05MOAS,GL006,FLORT
CP05MOAS-GL006-02-FLORTM000,ingestion_timestamp,ingestion_timestamp,,,ENG,seconds since 1900-01-01,CP05MOAS,GL006,FLORT
CP05MOAS-GL006-03-CTDGVM000,driver_timestamp,driver_timestamp,,,ENG,seconds since 1900-01-01,CP05MOAS,GL006,CTDGV
CP05MOAS-GL006-03-CTDGVM000,internal_timestamp,internal_timestamp,,,ENG,seconds since 1900-01-01,CP05MOAS,GL006,CTDGV
CP05MOAS-GL006-03-CTDGVM000,m_present_secs_into_mission,m_present_secs_into_mission,,,ENG,s,CP05MOAS,GL006,CTDGV
CP05MOAS-GL006-03-CTDGVM000,m_present_time,m_present_time,,,AUX,seconds since 1970-01-01,CP05MOAS,GL006,CTDGV
CP05MOAS-GL006-03-CTDGVM000,sci_ctd41cp_timestamp,sci_ctd41cp_timestamp,,,,seconds since 1970-01-01,CP05MOAS,GL006,CTDGV
CP05MOAS-GL006-03-CTDGVM000,sci_m_present_secs_into_mission,sci_m_present_secs_into_mission,,,,s,CP05MOAS,GL006,CTDGV
CP05MOAS-GL006-03-CTDGVM000,sci_m_present_time,sci_m_present_time,,,,seconds since 1970-01-01,CP05MOAS,GL006,CTDGV
CP05MOAS-GL006-03-CTDGVM000,sci_water_cond,sci_water_cond,0,6,L1,S m-1,CP05MOAS,GL006,CTDGV
CP05MOAS-GL006-03-CTDGVM000,sci_water_pressure,sci_water_pressure,0,6000,L1,dbar,CP05MOAS,GL006,CTDGV
CP05MOAS-GL006-03-CTDGVM000,sci_water_temp,sci_water_temp,-2,40,L1,deg_C,CP05MOAS,GL006,CTDGV
CP05MOAS-GL006-03-CTDGVM000,sci_water_pracsal,sci_water_pracsal,0,42,L2,1,CP05MOAS,GL006,CTDGV
CP05MOAS-GL006-03-CTDGVM000,preferred_timestamp,preferred_timestamp,,,ENG,1,CP05MOAS,GL006,CTDGV
CP05MOAS-GL006-03-CTDGVM000,sci_seawater_density,sci_seawater_density,1000,1100,L2,kg m-3,CP05MOAS,GL006,CTDGV
CP05MOAS-GL006-03-CTDGVM000,time,time,,,ENG,seconds since 1900-01-01,CP05MOAS,GL006,CTDGV
CP05MOAS-GL006-03-CTDGVM000,ingestion_timestamp,ingestion_timestamp,,,ENG,seconds since 1900-01-01,CP05MOAS,GL006,CTDGV
CP05MOAS-GL006-04-DOSTAM000,driver_timestamp,driver_timestamp,,,ENG,seconds since 1900-01-01,CP05MOAS,GL006,DOSTA
CP05MOAS-GL006-04-DOSTAM000,internal_timestamp,internal_timestamp,,,ENG,seconds since 1900-01-01,CP05MOAS,GL006,DOSTA
CP05MOAS-GL006-04-DOSTAM000,m_present_secs_into_mission,m_present_secs_into_mission,,,ENG,s,CP05MOAS,GL006,DOSTA
CP05MOAS-GL006-04-DOSTAM000,m_present_time,m_present_time,,,AUX,seconds since 1970-01-01,CP05MOAS,GL006,DOSTA
CP05MOAS-GL006-04-DOSTAM000,sci_m_present_secs_into_mission,sci_m_present_secs_into_mission,,,,s,CP05MOAS,GL006,DOSTA
CP05MOAS-GL006-04-DOSTAM000,sci_m_present_time,sci_m_present_time,,,,seconds since 1970-01-01,CP05MOAS,GL006,DOSTA
CP05MOAS-GL006-04-DOSTAM000,sci_oxy4_c1amp,sci_oxy4_c1amp,,,,mV,CP05MOAS,GL006,DOSTA
CP05MOAS-GL006-04-DOSTAM000,sci_oxy4_c1rph,sci_oxy4_c1rph,,,,degrees,CP05MOAS,GL006,DOSTA
CP05MOAS-GL006-04-DOSTAM000,sci_oxy4_c2amp,sci_oxy4_c2amp,,,,mV,CP05MOAS,GL006,DOSTA
CP05MOAS-GL006-04-DOSTAM000,sci_oxy4_c2rph,sci_oxy4_c2rph,,,,degrees,CP05MOAS,GL006,DOSTA
CP05MOAS-GL006-04-DOSTAM000,sci_oxy4_calphase,sci_oxy4_calphase,,,L0,degrees,CP05MOAS,GL006,DOSTA
CP05MOAS-GL006-04-DOSTAM000,sci_oxy4_oxygen,sci_oxy4_oxygen,0,400,L1,umol L-1,CP05MOAS,GL006,DOSTA
CP05MOAS-GL006-04-DOSTAM000,sci_oxy4_rawtemp,sci_oxy4_rawtemp,,,,mV,CP05MOAS,GL006,DOSTA
CP05MOAS-GL006-04-DOSTAM000,sci_oxy4_saturation,sci_oxy4_saturation,,,,percent,CP05MOAS,GL006,DOSTA
CP05MOAS-GL006-04-DOSTAM000,sci_oxy4_tcphase,sci_oxy4_tcphase,,,,degrees,CP05MOAS,GL006,DOSTA
CP05MOAS-GL006-04-DOSTAM000,sci_oxy4_temp,sci_oxy4_temp,,,,deg_C,CP05MOAS,GL006,DOSTA
CP05MOAS-GL006-04-DOSTAM000,sci_oxy4_timestamp,sci_oxy4_timestamp,,,,1,CP05MOAS,GL006,DOSTA
CP05MOAS-GL006-04-DOSTAM000,sci_water_cond,sci_water_cond,0,6,L1,S m-1,CP05MOAS,GL006,DOSTA
CP05MOAS-GL006-04-DOSTAM000,sci_water_pressure,sci_water_pressure,0,6000,L1,dbar,CP05MOAS,GL006,DOSTA
CP05MOAS-GL006-04-DOSTAM000,sci_water_temp,sci_water_temp,-2,40,L1,deg_C,CP05MOAS,GL006,DOSTA
CP05MOAS-GL006-04-DOSTAM000,preferred_timestamp,preferred_timestamp,,,ENG,1,CP05MOAS,GL006,DOSTA
CP05MOAS-GL006-04-DOSTAM000,sci_abs_oxygen,sci_abs_oxygen,0,400,L2,umol kg-1,CP05MOAS,GL006,DOSTA
CP05MOAS-GL006-04-DOSTAM000,time,time,,,ENG,seconds since 1900-01-01,CP05MOAS,GL006,DOSTA
CP05MOAS-GL006-04-DOSTAM000,ingestion_timestamp,ingestion_timestamp,,,ENG,seconds since 1900-01-01,CP05MOAS,GL006,DOSTA
CP05MOAS-GL006-05-PARADM000,driver_timestamp,driver_timestamp,,,ENG,seconds since 1900-01-01,CP05MOAS,GL006,PARAD
CP05MOAS-GL006-05-PARADM000,internal_timestamp,internal_timestamp,,,ENG,seconds since 1900-01-01,CP05MOAS,GL006,PARAD
CP05MOAS-GL006-05-PARADM000,m_present_secs_into_mission,m_present_secs_into_mission,,,ENG,s,CP05MOAS,GL006,PARAD
CP05MOAS-GL006-05-PARADM000,m_present_time,m_present_time,,,AUX,seconds since 1970-01-01,CP05MOAS,GL006,PARAD
CP05MOAS-GL006-05-PARADM000,sci_bsipar_par,sci_bsipar_par,0,2500,L1,umol photons m-2 s-1,CP05MOAS,GL006,PARAD
CP05MOAS-GL006-05-PARADM000,sci_bsipar_sensor_volts,sci_bsipar_sensor_volts,,,L0,V,CP05MOAS,GL006,PARAD
CP05MOAS-GL006-05-PARADM000,sci_bsipar_supply_volts,sci_bsipar_supply_volts,,,,V,CP05MOAS,GL006,PARAD
CP05MOAS-GL006-05-PARADM000,sci_bsipar_temp,sci_bsipar_temp,,,,deg_C,CP05MOAS,GL006,PARAD
CP05MOAS-GL006-05-PARADM000,sci_m_present_secs_into_mission,sci_m_present_secs_into_mission,,,,s,CP05MOAS,GL006,PARAD
CP05MOAS-GL006-05-PARADM000,sci_m_present_time,sci_m_present_time,,,,seconds since 1970-01-01,CP05MOAS,GL006,PARAD
CP05MOAS-GL006-05-PARADM000,preferred_timestamp,preferred_timestamp,,,ENG,1,CP05MOAS,GL006,PARAD
CP05MOAS-GL006-05-PARADM000,time,time,,,ENG,seconds since 1900-01-01,CP05MOAS,GL006,PARAD
CP05MOAS-GL006-05-PARADM000,ingestion_timestamp,ingestion_timestamp,,,ENG,seconds since 1900-01-01,CP05MOAS,GL006,PARAD
CP05MOAS-GL007-01-ADCPAM000,bin_depths,bin_depths,,,,m,CP05MOAS,GL007,ADCPA
CP05MOAS-GL007-01-ADCPAM000,driver_timestamp,driver_timestamp,,,ENG,seconds since 1900-01-01,CP05MOAS,GL007,ADCPA
CP05MOAS-GL007-01-ADCPAM000,bt_pings_per_ensemble,bt_pings_per_ensemble,,,,1,CP05MOAS,GL007,ADCPA
CP05MOAS-GL007-01-ADCPAM000,bt_delay_before_reacquire,bt_delay_before_reacquire,,,,1,CP05MOAS,GL007,ADCPA
CP05MOAS-GL007-01-ADCPAM000,bt_corr_magnitude_min,bt_corr_magnitude_min,,,,counts,CP05MOAS,GL007,ADCPA
CP05MOAS-GL007-01-ADCPAM000,bt_eval_magnitude_min,bt_eval_magnitude_min,,,,counts,CP05MOAS,GL007,ADCPA
CP05MOAS-GL007-01-ADCPAM000,bt_percent_good_min,bt_percent_good_min,,,,percent,CP05MOAS,GL007,ADCPA
CP05MOAS-GL007-01-ADCPAM000,bt_mode,bt_mode,,,,1,CP05MOAS,GL007,ADCPA
CP05MOAS-GL007-01-ADCPAM000,bt_error_velocity_max,bt_error_velocity_max,,,,mm s-1,CP05MOAS,GL007,ADCPA
CP05MOAS-GL007-01-ADCPAM000,bt_beam1_range,bt_beam1_range,,,,cm,CP05MOAS,GL007,ADCPA
CP05MOAS-GL007-01-ADCPAM000,bt_beam2_range,bt_beam2_range,,,,cm,CP05MOAS,GL007,ADCPA
CP05MOAS-GL007-01-ADCPAM000,bt_beam3_range,bt_beam3_range,,,,cm,CP05MOAS,GL007,ADCPA
CP05MOAS-GL007-01-ADCPAM000,bt_beam4_range,bt_beam4_range,,,,cm,CP05MOAS,GL007,ADCPA
CP05MOAS-GL007-01-ADCPAM000,bt_eastward_velocity,bt_eastward_velocity,,,,mm s-1,CP05MOAS,GL007,ADCPA
CP05MOAS-GL007-01-ADCPAM000,bt_northward_velocity,bt_northward_velocity,,,,mm s-1,CP05MOAS,GL007,ADCPA
CP05MOAS-GL007-01-ADCPAM000,bt_upward_velocity,bt_upward_velocity,,,,mm s-1,CP05MOAS,GL007,ADCPA
CP05MOAS-GL007-01-ADCPAM000,bt_error_velocity,bt_error_velocity,,,,mm s-1,CP05MOAS,GL007,ADCPA
CP05MOAS-GL007-01-ADCPAM000,bt_beam1_correlation,bt_beam1_correlation,,,,counts,CP05MOAS,GL007,ADCPA
CP05MOAS-GL007-01-ADCPAM000,bt_beam2_correlation,bt_beam2_correlation,,,,counts,CP05MOAS,GL007,ADCPA
CP05MOAS-GL007-01-ADCPAM000,bt_beam3_correlation,bt_beam3_correlation,,,,counts,CP05MOAS,GL007,ADCPA
CP05MOAS-GL007-01-ADCPAM000,bt_beam4_correlation,bt_beam4_correlation,,,,counts,CP05MOAS,GL007,ADCPA
CP05MOAS-GL007-01-ADCPAM000,bt_beam1_eval_amp,bt_beam1_eval_amp,,,,counts,CP05MOAS,GL007,ADCPA
CP05MOAS-GL007-01-ADCPAM000,bt_beam2_eval_amp,bt_beam2_eval_amp,,,,counts,CP05MOAS,GL007,ADCPA
CP05MOAS-GL007-01-ADCPAM000,bt_beam3_eval_amp,bt_beam3_eval_amp,,,,counts,CP05MOAS,GL007,ADCPA
CP05MOAS-GL007-01-ADCPAM000,bt_beam4_eval_amp,bt_beam4_eval_amp,,,,counts,CP05MOAS,GL007,ADCPA
CP05MOAS-GL007-01-ADCPAM000,bt_beam1_percent_good,bt_beam1_percent_good,,,,percent,CP05MOAS,GL007,ADCPA
CP05MOAS-GL007-01-ADCPAM000,bt_beam2_percent_good,bt_beam2_percent_good,,,,percent,CP05MOAS,GL007,ADCPA
CP05MOAS-GL007-01-ADCPAM000,bt_beam3_percent_good,bt_beam3_percent_good,,,,percent,CP05MOAS,GL007,ADCPA
CP05MOAS-GL007-01-ADCPAM000,bt_beam4_percent_good,bt_beam4_percent_good,,,,percent,CP05MOAS,GL007,ADCPA
CP05MOAS-GL007-01-ADCPAM000,bt_ref_layer_min,bt_ref_layer_min,,,,dm,CP05MOAS,GL007,ADCPA
CP05MOAS-GL007-01-ADCPAM000,bt_ref_layer_near,bt_ref_layer_near,,,,dm,CP05MOAS,GL007,ADCPA
CP05MOAS-GL007-01-ADCPAM000,bt_ref_layer_far,bt_ref_layer_far,,,,dm,CP05MOAS,GL007,ADCPA
CP05MOAS-GL007-01-ADCPAM000,bt_eastward_ref_layer_velocity,bt_eastward_ref_layer_velocity,,,,mm s-1,CP05MOAS,GL007,ADCPA
CP05MOAS-GL007-01-ADCPAM000,bt_northward_ref_layer_velocity,bt_northward_ref_layer_velocity,,,,mm s-1,CP05MOAS,GL007,ADCPA
CP05MOAS-GL007-01-ADCPAM000,bt_upward_ref_layer_velocity,bt_upward_ref_layer_velocity,,,,mm s-1,CP05MOAS,GL007,ADCPA
CP05MOAS-GL007-01-ADCPAM000,bt_error_ref_layer_velocity,bt_error_ref_layer_velocity,,,,mm s-1,CP05MOAS,GL007,ADCPA
CP05MOAS-GL007-01-ADCPAM000,bt_beam1_ref_correlation,bt_beam1_ref_correlation,,,,counts,CP05MOAS,GL007,ADCPA
CP05MOAS-GL007-01-ADCPAM000,bt_beam2_ref_correlation,bt_beam2_ref_correlation,,,,counts,CP05MOAS,GL007,ADCPA
CP05MOAS-GL007-01-ADCPAM000,bt_beam3_ref_correlation,bt_beam3_ref_correlation,,,,counts,CP05MOAS,GL007,ADCPA
CP05MOAS-GL007-01-ADCPAM000,bt_beam4_ref_correlation,bt_beam4_ref_correlation,,,,counts,CP05MOAS,GL007,ADCPA
CP05MOAS-GL007-01-ADCPAM000,bt_beam1_ref_intensity,bt_beam1_ref_intensity,,,,counts,CP05MOAS,GL007,ADCPA
CP05MOAS-GL007-01-ADCPAM000,bt_beam2_ref_intensity,bt_beam2_ref_intensity,,,,counts,CP05MOAS,GL007,ADCPA
CP05MOAS-GL007-01-ADCPAM000,internal_timestamp,internal_timestamp,,,ENG,seconds since 1900-01-01,CP05MOAS,GL007,ADCPA
CP05MOAS-GL007-01-ADCPAM000,bt_beam3_ref_intensity,bt_beam3_ref_intensity,,,,counts,CP05MOAS,GL007,ADCPA
CP05MOAS-GL007-01-ADCPAM000,bt_beam4_ref_intensity,bt_beam4_ref_intensity,,,,counts,CP05MOAS,GL007,ADCPA
CP05MOAS-GL007-01-ADCPAM000,bt_beam1_ref_percent_good,bt_beam1_ref_percent_good,,,,percent,CP05MOAS,GL007,ADCPA
CP05MOAS-GL007-01-ADCPAM000,bt_beam2_ref_percent_good,bt_beam2_ref_percent_good,,,,percent,CP05MOAS,GL007,ADCPA
CP05MOAS-GL007-01-ADCPAM000,bt_beam3_ref_percent_good,bt_beam3_ref_percent_good,,,,percent,CP05MOAS,GL007,ADCPA
CP05MOAS-GL007-01-ADCPAM000,bt_beam4_ref_percent_good,bt_beam4_ref_percent_good,,,,percent,CP05MOAS,GL007,ADCPA
CP05MOAS-GL007-01-ADCPAM000,bt_max_depth,bt_max_depth,,,,dm,CP05MOAS,GL007,ADCPA
CP05MOAS-GL007-01-ADCPAM000,bt_beam1_rssi_amplitude,bt_beam1_rssi_amplitude,,,,counts,CP05MOAS,GL007,ADCPA
CP05MOAS-GL007-01-ADCPAM000,bt_beam2_rssi_amplitude,bt_beam2_rssi_amplitude,,,,counts,CP05MOAS,GL007,ADCPA
CP05MOAS-GL007-01-ADCPAM000,bt_beam3_rssi_amplitude,bt_beam3_rssi_amplitude,,,,counts,CP05MOAS,GL007,ADCPA
CP05MOAS-GL007-01-ADCPAM000,bt_beam4_rssi_amplitude,bt_beam4_rssi_amplitude,,,,counts,CP05MOAS,GL007,ADCPA
CP05MOAS-GL007-01-ADCPAM000,bt_gain,bt_gain,,,,1,CP05MOAS,GL007,ADCPA
CP05MOAS-GL007-01-ADCPAM000,preferred_timestamp,preferred_timestamp,,,ENG,1,CP05MOAS,GL007,ADCPA
CP05MOAS-GL007-01-ADCPAM000,sensor_available_speed,sensor_available_speed,,,,1,CP05MOAS,GL007,ADCPA
CP05MOAS-GL007-01-ADCPAM000,sensor_source_temperature_eu,sensor_source_temperature_eu,,,,1,CP05MOAS,GL007,ADCPA
CP05MOAS-GL007-01-ADCPAM000,sensor_available_temperature_eu,sensor_available_temperature_eu,,,,1,CP05MOAS,GL007,ADCPA
CP05MOAS-GL007-01-ADCPAM000,bit_error_number,bit_error_number,,,,1,CP05MOAS,GL007,ADCPA
CP05MOAS-GL007-01-ADCPAM000,bit_error_count,bit_error_count,,,,counts,CP05MOAS,GL007,ADCPA
CP05MOAS-GL007-01-ADCPAM000,sysconfig_beam_angle,sysconfig_beam_angle,,,,1,CP05MOAS,GL007,ADCPA
CP05MOAS-GL007-01-ADCPAM000,sysconfig_beam_config,sysconfig_beam_config,,,,1,CP05MOAS,GL007,ADCPA
CP05MOAS-GL007-01-ADCPAM000,adcpa_m_upward_seawater_velocity,adcpa_m_upward_seawater_velocity,-1,1,L1,m s-1,CP05MOAS,GL007,ADCPA
CP05MOAS-GL007-01-ADCPAM000,adcpa_m_error_velocity,adcpa_m_error_velocity,-1,1,L1,m s-1,CP05MOAS,GL007,ADCPA
CP05MOAS-GL007-01-ADCPAM000,adcpa_m_eastward_seawater_velocity,adcpa_m_eastward_seawater_velocity,-3,3,L1,m s-1,CP05MOAS,GL007,ADCPA
CP05MOAS-GL007-01-ADCPAM000,adcpa_m_northward_seawater_velocity,adcpa_m_northward_seawater_velocity,-3,3,L1,m s-1,CP05MOAS,GL007,ADCPA
CP05MOAS-GL007-01-ADCPAM000,adcpa_m_echo_intensity_beam1,adcpa_m_echo_intensity_beam1,0,255,L1,dB,CP05MOAS,GL007,ADCPA
CP05MOAS-GL007-01-ADCPAM000,adcpa_m_echo_intensity_beam2,adcpa_m_echo_intensity_beam2,0,255,L1,dB,CP05MOAS,GL007,ADCPA
CP05MOAS-GL007-01-ADCPAM000,adcpa_m_echo_intensity_beam3,adcpa_m_echo_intensity_beam3,0,255,L1,dB,CP05MOAS,GL007,ADCPA
CP05MOAS-GL007-01-ADCPAM000,adcpa_m_echo_intensity_beam4,adcpa_m_echo_intensity_beam4,0,255,L1,dB,CP05MOAS,GL007,ADCPA
CP05MOAS-GL007-01-ADCPAM000,serial_number,serial_number,,,ENG,1,CP05MOAS,GL007,ADCPA
CP05MOAS-GL007-01-ADCPAM000,firmware_version,firmware_version,,,,1,CP05MOAS,GL007,ADCPA
CP05MOAS-GL007-01-ADCPAM000,firmware_revision,firmware_revision,,,,1,CP05MOAS,GL007,ADCPA
CP05MOAS-GL007-01-ADCPAM000,sysconfig_frequency,sysconfig_frequency,,,,kHz,CP05MOAS,GL007,ADCPA
CP05MOAS-GL007-01-ADCPAM000,sysconfig_beam_pattern,sysconfig_beam_pattern,,,,1,CP05MOAS,GL007,ADCPA
CP05MOAS-GL007-01-ADCPAM000,sysconfig_sensor_config,sysconfig_sensor_config,,,,1,CP05MOAS,GL007,ADCPA
CP05MOAS-GL007-01-ADCPAM000,sysconfig_head_attached,sysconfig_head_attached,,,,1,CP05MOAS,GL007,ADCPA
CP05MOAS-GL007-01-ADCPAM000,sysconfig_vertical_orientation,sysconfig_vertical_orientation,,,,1,CP05MOAS,GL007,ADCPA
CP05MOAS-GL007-01-ADCPAM000,data_flag,data_flag,,,,1,CP05MOAS,GL007,ADCPA
CP05MOAS-GL007-01-ADCPAM000,lag_length,lag_length,,,,s,CP05MOAS,GL007,ADCPA
CP05MOAS-GL007-01-ADCPAM000,num_beams,num_beams,,,,1,CP05MOAS,GL007,ADCPA
CP05MOAS-GL007-01-ADCPAM000,num_cells,num_cells,,,,1,CP05MOAS,GL007,ADCPA
CP05MOAS-GL007-01-ADCPAM000,pings_per_ensemble,pings_per_ensemble,,,,1,CP05MOAS,GL007,ADCPA
CP05MOAS-GL007-01-ADCPAM000,cell_length,cell_length,,,,cm,CP05MOAS,GL007,ADCPA
CP05MOAS-GL007-01-ADCPAM000,blank_after_transmit,blank_after_transmit,,,,cm,CP05MOAS,GL007,ADCPA
CP05MOAS-GL007-01-ADCPAM000,signal_processing_mode,signal_processing_mode,,,,1,CP05MOAS,GL007,ADCPA
CP05MOAS-GL007-01-ADCPAM000,low_corr_threshold,low_corr_threshold,,,,counts,CP05MOAS,GL007,ADCPA
CP05MOAS-GL007-01-ADCPAM000,num_code_repetitions,num_code_repetitions,,,,counts,CP05MOAS,GL007,ADCPA
CP05MOAS-GL007-01-ADCPAM000,percent_good_min,percent_good_min,,,,percent,CP05MOAS,GL007,ADCPA
CP05MOAS-GL007-01-ADCPAM000,error_vel_threshold,error_vel_threshold,,,,mm s-1,CP05MOAS,GL007,ADCPA
CP05MOAS-GL007-01-ADCPAM000,time_per_ping_minutes,time_per_ping_minutes,,,,min,CP05MOAS,GL007,ADCPA
CP05MOAS-GL007-01-ADCPAM000,time_per_ping_seconds,time_per_ping_seconds,,,,s,CP05MOAS,GL007,ADCPA
CP05MOAS-GL007-01-ADCPAM000,coord_transform_type,coord_transform_type,,,,1,CP05MOAS,GL007,ADCPA
CP05MOAS-GL007-01-ADCPAM000,coord_transform_tilts,coord_transform_tilts,,,,1,CP05MOAS,GL007,ADCPA
CP05MOAS-GL007-01-ADCPAM000,coord_transform_beams,coord_transform_beams,,,,1,CP05MOAS,GL007,ADCPA
CP05MOAS-GL007-01-ADCPAM000,coord_transform_mapping,coord_transform_mapping,,,,1,CP05MOAS,GL007,ADCPA
CP05MOAS-GL007-01-ADCPAM000,heading_alignment,heading_alignment,,,,cdegrees,CP05MOAS,GL007,ADCPA
CP05MOAS-GL007-01-ADCPAM000,heading_bias,heading_bias,,,,cdegrees,CP05MOAS,GL007,ADCPA
CP05MOAS-GL007-01-ADCPAM000,sensor_source_speed,sensor_source_speed,,,,1,CP05MOAS,GL007,ADCPA
CP05MOAS-GL007-01-ADCPAM000,sensor_source_depth,sensor_source_depth,,,,1,CP05MOAS,GL007,ADCPA
CP05MOAS-GL007-01-ADCPAM000,sensor_source_heading,sensor_source_heading,,,,1,CP05MOAS,GL007,ADCPA
CP05MOAS-GL007-01-ADCPAM000,sensor_source_pitch,sensor_source_pitch,,,,1,CP05MOAS,GL007,ADCPA
CP05MOAS-GL007-01-ADCPAM000,sensor_source_roll,sensor_source_roll,,,,1,CP05MOAS,GL007,ADCPA
CP05MOAS-GL007-01-ADCPAM000,sensor_source_conductivity,sensor_source_conductivity,,,,1,CP05MOAS,GL007,ADCPA
CP05MOAS-GL007-01-ADCPAM000,sensor_source_temperature,sensor_source_temperature,,,,1,CP05MOAS,GL007,ADCPA
CP05MOAS-GL007-01-ADCPAM000,sensor_available_depth,sensor_available_depth,,,,1,CP05MOAS,GL007,ADCPA
CP05MOAS-GL007-01-ADCPAM000,sensor_available_heading,sensor_available_heading,,,,1,CP05MOAS,GL007,ADCPA
CP05MOAS-GL007-01-ADCPAM000,sensor_available_pitch,sensor_available_pitch,,,,1,CP05MOAS,GL007,ADCPA
CP05MOAS-GL007-01-ADCPAM000,sensor_available_roll,sensor_available_roll,,,,1,CP05MOAS,GL007,ADCPA
CP05MOAS-GL007-01-ADCPAM000,sensor_available_conductivity,sensor_available_conductivity,,,,1,CP05MOAS,GL007,ADCPA
CP05MOAS-GL007-01-ADCPAM000,sensor_available_temperature,sensor_available_temperature,,,,1,CP05MOAS,GL007,ADCPA
CP05MOAS-GL007-01-ADCPAM000,bin_1_distance,bin_1_distance,,,,cm,CP05MOAS,GL007,ADCPA
CP05MOAS-GL007-01-ADCPAM000,transmit_pulse_length,transmit_pulse_length,,,,cm,CP05MOAS,GL007,ADCPA
CP05MOAS-GL007-01-ADCPAM000,reference_layer_start,reference_layer_start,,,,1,CP05MOAS,GL007,ADCPA
CP05MOAS-GL007-01-ADCPAM000,reference_layer_stop,reference_layer_stop,,,,1,CP05MOAS,GL007,ADCPA
CP05MOAS-GL007-01-ADCPAM000,false_target_threshold,false_target_threshold,,,,counts,CP05MOAS,GL007,ADCPA
CP05MOAS-GL007-01-ADCPAM000,transmit_lag_distance,transmit_lag_distance,,,,cm,CP05MOAS,GL007,ADCPA
CP05MOAS-GL007-01-ADCPAM000,system_bandwidth,system_bandwidth,,,,1,CP05MOAS,GL007,ADCPA
CP05MOAS-GL007-01-ADCPAM000,ensemble_number,ensemble_number,,,,1,CP05MOAS,GL007,ADCPA
CP05MOAS-GL007-01-ADCPAM000,ensemble_number_increment,ensemble_number_increment,,,,1,CP05MOAS,GL007,ADCPA
CP05MOAS-GL007-01-ADCPAM000,speed_of_sound,speed_of_sound,,,,m s-1,CP05MOAS,GL007,ADCPA
CP05MOAS-GL007-01-ADCPAM000,transducer_depth,transducer_depth,,,,dm,CP05MOAS,GL007,ADCPA
CP05MOAS-GL007-01-ADCPAM000,heading,heading,,,,cdegrees,CP05MOAS,GL007,ADCPA
CP05MOAS-GL007-01-ADCPAM000,pitch,pitch,,,,cdegrees,CP05MOAS,GL007,ADCPA
CP05MOAS-GL007-01-ADCPAM000,roll,roll,,,,cdegrees,CP05MOAS,GL007,ADCPA
CP05MOAS-GL007-01-ADCPAM000,salinity,salinity,,,,1,CP05MOAS,GL007,ADCPA
CP05MOAS-GL007-01-ADCPAM000,temperature,temperature,,,,cdeg_C,CP05MOAS,GL007,ADCPA
CP05MOAS-GL007-01-ADCPAM000,mpt_minutes,mpt_minutes,,,,min,CP05MOAS,GL007,ADCPA
CP05MOAS-GL007-01-ADCPAM000,mpt_seconds,mpt_seconds,,,,s,CP05MOAS,GL007,ADCPA
CP05MOAS-GL007-01-ADCPAM000,heading_stdev,heading_stdev,,,,degrees,CP05MOAS,GL007,ADCPA
CP05MOAS-GL007-01-ADCPAM000,pitch_stdev,pitch_stdev,,,,ddegrees,CP05MOAS,GL007,ADCPA
CP05MOAS-GL007-01-ADCPAM000,roll_stdev,roll_stdev,,,,ddegrees,CP05MOAS,GL007,ADCPA
CP05MOAS-GL007-01-ADCPAM000,adc_transmit_voltage,adc_transmit_voltage,,,,counts,CP05MOAS,GL007,ADCPA
CP05MOAS-GL007-01-ADCPAM000,time,time,,,ENG,seconds since 1900-01-01,CP05MOAS,GL007,ADCPA
CP05MOAS-GL007-01-ADCPAM000,pressure,pressure,,,,daPa,CP05MOAS,GL007,ADCPA
CP05MOAS-GL007-01-ADCPAM000,pressure_variance,pressure_variance,,,,daPa,CP05MOAS,GL007,ADCPA
CP05MOAS-GL007-01-ADCPAM000,water_velocity_east,water_velocity_east,,,L0,mm s-1,CP05MOAS,GL007,ADCPA
CP05MOAS-GL007-01-ADCPAM000,water_velocity_north,water_velocity_north,,,L0,mm s-1,CP05MOAS,GL007,ADCPA
CP05MOAS-GL007-01-ADCPAM000,water_velocity_up,water_velocity_up,,,L0,mm s-1,CP05MOAS,GL007,ADCPA
CP05MOAS-GL007-01-ADCPAM000,error_velocity,error_velocity,,,L0,mm s-1,CP05MOAS,GL007,ADCPA
CP05MOAS-GL007-01-ADCPAM000,correlation_magnitude_beam1,correlation_magnitude_beam1,,,,1,CP05MOAS,GL007,ADCPA
CP05MOAS-GL007-01-ADCPAM000,correlation_magnitude_beam2,correlation_magnitude_beam2,,,,1,CP05MOAS,GL007,ADCPA
CP05MOAS-GL007-01-ADCPAM000,correlation_magnitude_beam3,correlation_magnitude_beam3,,,,1,CP05MOAS,GL007,ADCPA
CP05MOAS-GL007-01-ADCPAM000,correlation_magnitude_beam4,correlation_magnitude_beam4,,,,1,CP05MOAS,GL007,ADCPA
CP05MOAS-GL007-01-ADCPAM000,echo_intensity_beam1,echo_intensity_beam1,,,L0,counts,CP05MOAS,GL007,ADCPA
CP05MOAS-GL007-01-ADCPAM000,echo_intensity_beam2,echo_intensity_beam2,,,L0,counts,CP05MOAS,GL007,ADCPA
CP05MOAS-GL007-01-ADCPAM000,echo_intensity_beam3,echo_intensity_beam3,,,L0,counts,CP05MOAS,GL007,ADCPA
CP05MOAS-GL007-01-ADCPAM000,echo_intensity_beam4,echo_intensity_beam4,,,L0,counts,CP05MOAS,GL007,ADCPA
CP05MOAS-GL007-01-ADCPAM000,percent_good_3beam,percent_good_3beam,,,,percent,CP05MOAS,GL007,ADCPA
CP05MOAS-GL007-01-ADCPAM000,percent_transforms_reject,percent_transforms_reject,,,,percent,CP05MOAS,GL007,ADCPA
CP05MOAS-GL007-01-ADCPAM000,percent_bad_beams,percent_bad_beams,,,,percent,CP05MOAS,GL007,ADCPA
CP05MOAS-GL007-01-ADCPAM000,percent_good_4beam,percent_good_4beam,,,,percent,CP05MOAS,GL007,ADCPA
CP05MOAS-GL007-01-ADCPAM000,ensemble_start_time,ensemble_start_time,,,,seconds since 1900-01-01,CP05MOAS,GL007,ADCPA
CP05MOAS-GL007-01-ADCPAM000,ingestion_timestamp,ingestion_timestamp,,,ENG,seconds since 1900-01-01,CP05MOAS,GL007,ADCPA
CP05MOAS-GL007-01-ADCPAM000,real_time_clock,real_time_clock,,,,1,CP05MOAS,GL007,ADCPA
CP05MOAS-GL007-02-FLORTM000,driver_timestamp,driver_timestamp,,,ENG,seconds since 1900-01-01,CP05MOAS,GL007,FLORT
CP05MOAS-GL007-02-FLORTM000,internal_timestamp,internal_timestamp,,,ENG,seconds since 1900-01-01,CP05MOAS,GL007,FLORT
CP05MOAS-GL007-02-FLORTM000,m_present_secs_into_mission,m_present_secs_into_mission,,,ENG,s,CP05MOAS,GL007,FLORT
CP05MOAS-GL007-02-FLORTM000,m_present_time,m_present_time,,,AUX,seconds since 1970-01-01,CP05MOAS,GL007,FLORT
CP05MOAS-GL007-02-FLORTM000,sci_flbbcd_bb_ref,sci_flbbcd_bb_ref,,,,nm,CP05MOAS,GL007,FLORT
CP05MOAS-GL007-02-FLORTM000,sci_flbbcd_bb_sig,sci_flbbcd_bb_sig,,,,counts,CP05MOAS,GL007,FLORT
CP05MOAS-GL007-02-FLORTM000,sci_flbbcd_bb_units,sci_flbbcd_bb_units,,,L1,m-1 sr-1,CP05MOAS,GL007,FLORT
CP05MOAS-GL007-02-FLORTM000,sci_flbbcd_cdom_ref,sci_flbbcd_cdom_ref,,,,nm,CP05MOAS,GL007,FLORT
CP05MOAS-GL007-02-FLORTM000,sci_flbbcd_cdom_sig,sci_flbbcd_cdom_sig,,,,counts,CP05MOAS,GL007,FLORT
CP05MOAS-GL007-02-FLORTM000,sci_flbbcd_cdom_units,sci_flbbcd_cdom_units,0,375,L1,ppb,CP05MOAS,GL007,FLORT
CP05MOAS-GL007-02-FLORTM000,sci_flbbcd_chlor_ref,sci_flbbcd_chlor_ref,,,,nm,CP05MOAS,GL007,FLORT
CP05MOAS-GL007-02-FLORTM000,sci_flbbcd_chlor_sig,sci_flbbcd_chlor_sig,,,,counts,CP05MOAS,GL007,FLORT
CP05MOAS-GL007-02-FLORTM000,sci_flbbcd_chlor_units,sci_flbbcd_chlor_units,0,50,L1,ug L-1,CP05MOAS,GL007,FLORT
CP05MOAS-GL007-02-FLORTM000,sci_flbbcd_therm,sci_flbbcd_therm,,,ENG,1,CP05MOAS,GL007,FLORT
CP05MOAS-GL007-02-FLORTM000,sci_flbbcd_timestamp,sci_flbbcd_timestamp,,,ENG,seconds since 1970-01-01,CP05MOAS,GL007,FLORT
CP05MOAS-GL007-02-FLORTM000,sci_m_present_secs_into_mission,sci_m_present_secs_into_mission,,,,s,CP05MOAS,GL007,FLORT
CP05MOAS-GL007-02-FLORTM000,sci_m_present_time,sci_m_present_time,,,,seconds since 1970-01-01,CP05MOAS,GL007,FLORT
CP05MOAS-GL007-02-FLORTM000,preferred_timestamp,preferred_timestamp,,,ENG,1,CP05MOAS,GL007,FLORT
CP05MOAS-GL007-02-FLORTM000,flort_m_bback_total,flort_m_bback_total,0.0003,1,L2,m-1,CP05MOAS,GL007,FLORT
CP05MOAS-GL007-02-FLORTM000,flort_m_scat_seawater,flort_m_scat_seawater,,,AUX,m-1,CP05MOAS,GL007,FLORT
CP05MOAS-GL007-02-FLORTM000,time,time,,,ENG,seconds since 1900-01-01,CP05MOAS,GL007,FLORT
CP05MOAS-GL007-02-FLORTM000,ingestion_timestamp,ingestion_timestamp,,,ENG,seconds since 1900-01-01,CP05MOAS,GL007,FLORT
CP05MOAS-GL007-03-CTDGVM000,driver_timestamp,driver_timestamp,,,ENG,seconds since 1900-01-01,CP05MOAS,GL007,CTDGV
CP05MOAS-GL007-03-CTDGVM000,internal_timestamp,internal_timestamp,,,ENG,seconds since 1900-01-01,CP05MOAS,GL007,CTDGV
CP05MOAS-GL007-03-CTDGVM000,m_present_secs_into_mission,m_present_secs_into_mission,,,ENG,s,CP05MOAS,GL007,CTDGV
CP05MOAS-GL007-03-CTDGVM000,m_present_time,m_present_time,,,AUX,seconds since 1970-01-01,CP05MOAS,GL007,CTDGV
CP05MOAS-GL007-03-CTDGVM000,sci_ctd41cp_timestamp,sci_ctd41cp_timestamp,,,,seconds since 1970-01-01,CP05MOAS,GL007,CTDGV
CP05MOAS-GL007-03-CTDGVM000,sci_m_present_secs_into_mission,sci_m_present_secs_into_mission,,,,s,CP05MOAS,GL007,CTDGV
CP05MOAS-GL007-03-CTDGVM000,sci_m_present_time,sci_m_present_time,,,,seconds since 1970-01-01,CP05MOAS,GL007,CTDGV
CP05MOAS-GL007-03-CTDGVM000,sci_water_cond,sci_water_cond,0,6,L1,S m-1,CP05MOAS,GL007,CTDGV
CP05MOAS-GL007-03-CTDGVM000,sci_water_pressure,sci_water_pressure,0,6000,L1,dbar,CP05MOAS,GL007,CTDGV
CP05MOAS-GL007-03-CTDGVM000,sci_water_temp,sci_water_temp,-2,40,L1,deg_C,CP05MOAS,GL007,CTDGV
CP05MOAS-GL007-03-CTDGVM000,sci_water_pracsal,sci_water_pracsal,0,42,L2,1,CP05MOAS,GL007,CTDGV
CP05MOAS-GL007-03-CTDGVM000,preferred_timestamp,preferred_timestamp,,,ENG,1,CP05MOAS,GL007,CTDGV
CP05MOAS-GL007-03-CTDGVM000,sci_seawater_density,sci_seawater_density,1000,1100,L2,kg m-3,CP05MOAS,GL007,CTDGV
CP05MOAS-GL007-03-CTDGVM000,time,time,,,ENG,seconds since 1900-01-01,CP05MOAS,GL007,CTDGV
CP05MOAS-GL007-03-CTDGVM000,ingestion_timestamp,ingestion_timestamp,,,ENG,seconds since 1900-01-01,CP05MOAS,GL007,CTDGV
CP05MOAS-GL007-04-DOSTAM000,driver_timestamp,driver_timestamp,,,ENG,seconds since 1900-01-01,CP05MOAS,GL007,DOSTA
CP05MOAS-GL007-04-DOSTAM000,internal_timestamp,internal_timestamp,,,ENG,seconds since 1900-01-01,CP05MOAS,GL007,DOSTA
CP05MOAS-GL007-04-DOSTAM000,m_present_secs_into_mission,m_present_secs_into_mission,,,ENG,s,CP05MOAS,GL007,DOSTA
CP05MOAS-GL007-04-DOSTAM000,m_present_time,m_present_time,,,AUX,seconds since 1970-01-01,CP05MOAS,GL007,DOSTA
CP05MOAS-GL007-04-DOSTAM000,sci_m_present_secs_into_mission,sci_m_present_secs_into_mission,,,,s,CP05MOAS,GL007,DOSTA
CP05MOAS-GL007-04-DOSTAM000,sci_m_present_time,sci_m_present_time,,,,seconds since 1970-01-01,CP05MOAS,GL007,DOSTA
CP05MOAS-GL007-04-DOSTAM000,sci_oxy4_c1amp,sci_oxy4_c1amp,,,,mV,CP05MOAS,GL007,DOSTA
CP05MOAS-GL007-04-DOSTAM000,sci_oxy4_c1rph,sci_oxy4_c1rph,,,,degrees,CP05MOAS,GL007,DOSTA
CP05MOAS-GL007-04-DOSTAM000,sci_oxy4_c2amp,sci_oxy4_c2amp,,,,mV,CP05MOAS,GL007,DOSTA
CP05MOAS-GL007-04-DOSTAM000,sci_oxy4_c2rph,sci_oxy4_c2rph,,,,degrees,CP05MOAS,GL007,DOSTA
CP05MOAS-GL007-04-DOSTAM000,sci_oxy4_calphase,sci_oxy4_calphase,,,L0,degrees,CP05MOAS,GL007,DOSTA
CP05MOAS-GL007-04-DOSTAM000,sci_oxy4_oxygen,sci_oxy4_oxygen,0,400,L1,umol L-1,CP05MOAS,GL007,DOSTA
CP05MOAS-GL007-04-DOSTAM000,sci_oxy4_rawtemp,sci_oxy4_rawtemp,,,,mV,CP05MOAS,GL007,DOSTA
CP05MOAS-GL007-04-DOSTAM000,sci_oxy4_saturation,sci_oxy4_saturation,,,,percent,CP05MOAS,GL007,DOSTA
CP05MOAS-GL007-04-DOSTAM000,sci_oxy4_tcphase,sci_oxy4_tcphase,,,,degrees,CP05MOAS,GL007,DOSTA
CP05MOAS-GL007-04-DOSTAM000,sci_oxy4_temp,sci_oxy4_temp,,,,deg_C,CP05MOAS,GL007,DOSTA
CP05MOAS-GL007-04-DOSTAM000,sci_oxy4_timestamp,sci_oxy4_timestamp,,,,1,CP05MOAS,GL007,DOSTA
CP05MOAS-GL007-04-DOSTAM000,sci_water_cond,sci_water_cond,0,6,L1,S m-1,CP05MOAS,GL007,DOSTA
CP05MOAS-GL007-04-DOSTAM000,sci_water_pressure,sci_water_pressure,0,6000,L1,dbar,CP05MOAS,GL007,DOSTA
CP05MOAS-GL007-04-DOSTAM000,sci_water_temp,sci_water_temp,-2,40,L1,deg_C,CP05MOAS,GL007,DOSTA
CP05MOAS-GL007-04-DOSTAM000,preferred_timestamp,preferred_timestamp,,,ENG,1,CP05MOAS,GL007,DOSTA
CP05MOAS-GL007-04-DOSTAM000,sci_abs_oxygen,sci_abs_oxygen,0,400,L2,umol kg-1,CP05MOAS,GL007,DOSTA
CP05MOAS-GL007-04-DOSTAM000,time,time,,,ENG,seconds since 1900-01-01,CP05MOAS,GL007,DOSTA
CP05MOAS-GL007-04-DOSTAM000,ingestion_timestamp,ingestion_timestamp,,,ENG,seconds since 1900-01-01,CP05MOAS,GL007,DOSTA
CP05MOAS-GL007-05-PARADM000,driver_timestamp,driver_timestamp,,,ENG,seconds since 1900-01-01,CP05MOAS,GL007,PARAD
CP05MOAS-GL007-05-PARADM000,internal_timestamp,internal_timestamp,,,ENG,seconds since 1900-01-01,CP05MOAS,GL007,PARAD
CP05MOAS-GL007-05-PARADM000,m_present_secs_into_mission,m_present_secs_into_mission,,,ENG,s,CP05MOAS,GL007,PARAD
CP05MOAS-GL007-05-PARADM000,m_present_time,m_present_time,,,AUX,seconds since 1970-01-01,CP05MOAS,GL007,PARAD
CP05MOAS-GL007-05-PARADM000,sci_bsipar_par,sci_bsipar_par,0,2500,L1,umol photons m-2 s-1,CP05MOAS,GL007,PARAD
CP05MOAS-GL007-05-PARADM000,sci_bsipar_sensor_volts,sci_bsipar_sensor_volts,,,L0,V,CP05MOAS,GL007,PARAD
CP05MOAS-GL007-05-PARADM000,sci_bsipar_supply_volts,sci_bsipar_supply_volts,,,,V,CP05MOAS,GL007,PARAD
CP05MOAS-GL007-05-PARADM000,sci_bsipar_temp,sci_bsipar_temp,,,,deg_C,CP05MOAS,GL007,PARAD
CP05MOAS-GL007-05-PARADM000,sci_m_present_secs_into_mission,sci_m_present_secs_into_mission,,,,s,CP05MOAS,GL007,PARAD
CP05MOAS-GL007-05-PARADM000,sci_m_present_time,sci_m_present_time,,,,seconds since 1970-01-01,CP05MOAS,GL007,PARAD
CP05MOAS-GL007-05-PARADM000,preferred_timestamp,preferred_timestamp,,,ENG,1,CP05MOAS,GL007,PARAD
CP05MOAS-GL007-05-PARADM000,time,time,,,ENG,seconds since 1900-01-01,CP05MOAS,GL007,PARAD
CP05MOAS-GL007-05-PARADM000,ingestion_timestamp,ingestion_timestamp,,,ENG,seconds since 1900-01-01,CP05MOAS,GL007,PARAD
CP05MOAS-GL008-01-ADCPAM000,bin_depths,bin_depths,,,,m,CP05MOAS,GL008,ADCPA
CP05MOAS-GL008-01-ADCPAM000,driver_timestamp,driver_timestamp,,,ENG,seconds since 1900-01-01,CP05MOAS,GL008,ADCPA
CP05MOAS-GL008-01-ADCPAM000,bt_pings_per_ensemble,bt_pings_per_ensemble,,,,1,CP05MOAS,GL008,ADCPA
CP05MOAS-GL008-01-ADCPAM000,bt_delay_before_reacquire,bt_delay_before_reacquire,,,,1,CP05MOAS,GL008,ADCPA
CP05MOAS-GL008-01-ADCPAM000,bt_corr_magnitude_min,bt_corr_magnitude_min,,,,counts,CP05MOAS,GL008,ADCPA
CP05MOAS-GL008-01-ADCPAM000,bt_eval_magnitude_min,bt_eval_magnitude_min,,,,counts,CP05MOAS,GL008,ADCPA
CP05MOAS-GL008-01-ADCPAM000,bt_percent_good_min,bt_percent_good_min,,,,percent,CP05MOAS,GL008,ADCPA
CP05MOAS-GL008-01-ADCPAM000,bt_mode,bt_mode,,,,1,CP05MOAS,GL008,ADCPA
CP05MOAS-GL008-01-ADCPAM000,bt_error_velocity_max,bt_error_velocity_max,,,,mm s-1,CP05MOAS,GL008,ADCPA
CP05MOAS-GL008-01-ADCPAM000,bt_beam1_range,bt_beam1_range,,,,cm,CP05MOAS,GL008,ADCPA
CP05MOAS-GL008-01-ADCPAM000,bt_beam2_range,bt_beam2_range,,,,cm,CP05MOAS,GL008,ADCPA
CP05MOAS-GL008-01-ADCPAM000,bt_beam3_range,bt_beam3_range,,,,cm,CP05MOAS,GL008,ADCPA
CP05MOAS-GL008-01-ADCPAM000,bt_beam4_range,bt_beam4_range,,,,cm,CP05MOAS,GL008,ADCPA
CP05MOAS-GL008-01-ADCPAM000,bt_eastward_velocity,bt_eastward_velocity,,,,mm s-1,CP05MOAS,GL008,ADCPA
CP05MOAS-GL008-01-ADCPAM000,bt_northward_velocity,bt_northward_velocity,,,,mm s-1,CP05MOAS,GL008,ADCPA
CP05MOAS-GL008-01-ADCPAM000,bt_upward_velocity,bt_upward_velocity,,,,mm s-1,CP05MOAS,GL008,ADCPA
CP05MOAS-GL008-01-ADCPAM000,bt_error_velocity,bt_error_velocity,,,,mm s-1,CP05MOAS,GL008,ADCPA
CP05MOAS-GL008-01-ADCPAM000,bt_beam1_correlation,bt_beam1_correlation,,,,counts,CP05MOAS,GL008,ADCPA
CP05MOAS-GL008-01-ADCPAM000,bt_beam2_correlation,bt_beam2_correlation,,,,counts,CP05MOAS,GL008,ADCPA
CP05MOAS-GL008-01-ADCPAM000,bt_beam3_correlation,bt_beam3_correlation,,,,counts,CP05MOAS,GL008,ADCPA
CP05MOAS-GL008-01-ADCPAM000,bt_beam4_correlation,bt_beam4_correlation,,,,counts,CP05MOAS,GL008,ADCPA
CP05MOAS-GL008-01-ADCPAM000,bt_beam1_eval_amp,bt_beam1_eval_amp,,,,counts,CP05MOAS,GL008,ADCPA
CP05MOAS-GL008-01-ADCPAM000,bt_beam2_eval_amp,bt_beam2_eval_amp,,,,counts,CP05MOAS,GL008,ADCPA
CP05MOAS-GL008-01-ADCPAM000,bt_beam3_eval_amp,bt_beam3_eval_amp,,,,counts,CP05MOAS,GL008,ADCPA
CP05MOAS-GL008-01-ADCPAM000,bt_beam4_eval_amp,bt_beam4_eval_amp,,,,counts,CP05MOAS,GL008,ADCPA
CP05MOAS-GL008-01-ADCPAM000,bt_beam1_percent_good,bt_beam1_percent_good,,,,percent,CP05MOAS,GL008,ADCPA
CP05MOAS-GL008-01-ADCPAM000,bt_beam2_percent_good,bt_beam2_percent_good,,,,percent,CP05MOAS,GL008,ADCPA
CP05MOAS-GL008-01-ADCPAM000,bt_beam3_percent_good,bt_beam3_percent_good,,,,percent,CP05MOAS,GL008,ADCPA
CP05MOAS-GL008-01-ADCPAM000,bt_beam4_percent_good,bt_beam4_percent_good,,,,percent,CP05MOAS,GL008,ADCPA
CP05MOAS-GL008-01-ADCPAM000,bt_ref_layer_min,bt_ref_layer_min,,,,dm,CP05MOAS,GL008,ADCPA
CP05MOAS-GL008-01-ADCPAM000,bt_ref_layer_near,bt_ref_layer_near,,,,dm,CP05MOAS,GL008,ADCPA
CP05MOAS-GL008-01-ADCPAM000,bt_ref_layer_far,bt_ref_layer_far,,,,dm,CP05MOAS,GL008,ADCPA
CP05MOAS-GL008-01-ADCPAM000,bt_eastward_ref_layer_velocity,bt_eastward_ref_layer_velocity,,,,mm s-1,CP05MOAS,GL008,ADCPA
CP05MOAS-GL008-01-ADCPAM000,bt_northward_ref_layer_velocity,bt_northward_ref_layer_velocity,,,,mm s-1,CP05MOAS,GL008,ADCPA
CP05MOAS-GL008-01-ADCPAM000,bt_upward_ref_layer_velocity,bt_upward_ref_layer_velocity,,,,mm s-1,CP05MOAS,GL008,ADCPA
CP05MOAS-GL008-01-ADCPAM000,bt_error_ref_layer_velocity,bt_error_ref_layer_velocity,,,,mm s-1,CP05MOAS,GL008,ADCPA
CP05MOAS-GL008-01-ADCPAM000,bt_beam1_ref_correlation,bt_beam1_ref_correlation,,,,counts,CP05MOAS,GL008,ADCPA
CP05MOAS-GL008-01-ADCPAM000,bt_beam2_ref_correlation,bt_beam2_ref_correlation,,,,counts,CP05MOAS,GL008,ADCPA
CP05MOAS-GL008-01-ADCPAM000,bt_beam3_ref_correlation,bt_beam3_ref_correlation,,,,counts,CP05MOAS,GL008,ADCPA
CP05MOAS-GL008-01-ADCPAM000,bt_beam4_ref_correlation,bt_beam4_ref_correlation,,,,counts,CP05MOAS,GL008,ADCPA
CP05MOAS-GL008-01-ADCPAM000,bt_beam1_ref_intensity,bt_beam1_ref_intensity,,,,counts,CP05MOAS,GL008,ADCPA
CP05MOAS-GL008-01-ADCPAM000,bt_beam2_ref_intensity,bt_beam2_ref_intensity,,,,counts,CP05MOAS,GL008,ADCPA
CP05MOAS-GL008-01-ADCPAM000,internal_timestamp,internal_timestamp,,,ENG,seconds since 1900-01-01,CP05MOAS,GL008,ADCPA
CP05MOAS-GL008-01-ADCPAM000,bt_beam3_ref_intensity,bt_beam3_ref_intensity,,,,counts,CP05MOAS,GL008,ADCPA
CP05MOAS-GL008-01-ADCPAM000,bt_beam4_ref_intensity,bt_beam4_ref_intensity,,,,counts,CP05MOAS,GL008,ADCPA
CP05MOAS-GL008-01-ADCPAM000,bt_beam1_ref_percent_good,bt_beam1_ref_percent_good,,,,percent,CP05MOAS,GL008,ADCPA
CP05MOAS-GL008-01-ADCPAM000,bt_beam2_ref_percent_good,bt_beam2_ref_percent_good,,,,percent,CP05MOAS,GL008,ADCPA
CP05MOAS-GL008-01-ADCPAM000,bt_beam3_ref_percent_good,bt_beam3_ref_percent_good,,,,percent,CP05MOAS,GL008,ADCPA
CP05MOAS-GL008-01-ADCPAM000,bt_beam4_ref_percent_good,bt_beam4_ref_percent_good,,,,percent,CP05MOAS,GL008,ADCPA
CP05MOAS-GL008-01-ADCPAM000,bt_max_depth,bt_max_depth,,,,dm,CP05MOAS,GL008,ADCPA
CP05MOAS-GL008-01-ADCPAM000,bt_beam1_rssi_amplitude,bt_beam1_rssi_amplitude,,,,counts,CP05MOAS,GL008,ADCPA
CP05MOAS-GL008-01-ADCPAM000,bt_beam2_rssi_amplitude,bt_beam2_rssi_amplitude,,,,counts,CP05MOAS,GL008,ADCPA
CP05MOAS-GL008-01-ADCPAM000,bt_beam3_rssi_amplitude,bt_beam3_rssi_amplitude,,,,counts,CP05MOAS,GL008,ADCPA
CP05MOAS-GL008-01-ADCPAM000,bt_beam4_rssi_amplitude,bt_beam4_rssi_amplitude,,,,counts,CP05MOAS,GL008,ADCPA
CP05MOAS-GL008-01-ADCPAM000,bt_gain,bt_gain,,,,1,CP05MOAS,GL008,ADCPA
CP05MOAS-GL008-01-ADCPAM000,preferred_timestamp,preferred_timestamp,,,ENG,1,CP05MOAS,GL008,ADCPA
CP05MOAS-GL008-01-ADCPAM000,sensor_available_speed,sensor_available_speed,,,,1,CP05MOAS,GL008,ADCPA
CP05MOAS-GL008-01-ADCPAM000,sensor_source_temperature_eu,sensor_source_temperature_eu,,,,1,CP05MOAS,GL008,ADCPA
CP05MOAS-GL008-01-ADCPAM000,sensor_available_temperature_eu,sensor_available_temperature_eu,,,,1,CP05MOAS,GL008,ADCPA
CP05MOAS-GL008-01-ADCPAM000,bit_error_number,bit_error_number,,,,1,CP05MOAS,GL008,ADCPA
CP05MOAS-GL008-01-ADCPAM000,bit_error_count,bit_error_count,,,,counts,CP05MOAS,GL008,ADCPA
CP05MOAS-GL008-01-ADCPAM000,sysconfig_beam_angle,sysconfig_beam_angle,,,,1,CP05MOAS,GL008,ADCPA
CP05MOAS-GL008-01-ADCPAM000,sysconfig_beam_config,sysconfig_beam_config,,,,1,CP05MOAS,GL008,ADCPA
CP05MOAS-GL008-01-ADCPAM000,adcpa_m_upward_seawater_velocity,adcpa_m_upward_seawater_velocity,-1,1,L1,m s-1,CP05MOAS,GL008,ADCPA
CP05MOAS-GL008-01-ADCPAM000,adcpa_m_error_velocity,adcpa_m_error_velocity,-1,1,L1,m s-1,CP05MOAS,GL008,ADCPA
CP05MOAS-GL008-01-ADCPAM000,adcpa_m_eastward_seawater_velocity,adcpa_m_eastward_seawater_velocity,-3,3,L1,m s-1,CP05MOAS,GL008,ADCPA
CP05MOAS-GL008-01-ADCPAM000,adcpa_m_northward_seawater_velocity,adcpa_m_northward_seawater_velocity,-3,3,L1,m s-1,CP05MOAS,GL008,ADCPA
CP05MOAS-GL008-01-ADCPAM000,adcpa_m_echo_intensity_beam1,adcpa_m_echo_intensity_beam1,0,255,L1,dB,CP05MOAS,GL008,ADCPA
CP05MOAS-GL008-01-ADCPAM000,adcpa_m_echo_intensity_beam2,adcpa_m_echo_intensity_beam2,0,255,L1,dB,CP05MOAS,GL008,ADCPA
CP05MOAS-GL008-01-ADCPAM000,adcpa_m_echo_intensity_beam3,adcpa_m_echo_intensity_beam3,0,255,L1,dB,CP05MOAS,GL008,ADCPA
CP05MOAS-GL008-01-ADCPAM000,adcpa_m_echo_intensity_beam4,adcpa_m_echo_intensity_beam4,0,255,L1,dB,CP05MOAS,GL008,ADCPA
CP05MOAS-GL008-01-ADCPAM000,serial_number,serial_number,,,ENG,1,CP05MOAS,GL008,ADCPA
CP05MOAS-GL008-01-ADCPAM000,firmware_version,firmware_version,,,,1,CP05MOAS,GL008,ADCPA
CP05MOAS-GL008-01-ADCPAM000,firmware_revision,firmware_revision,,,,1,CP05MOAS,GL008,ADCPA
CP05MOAS-GL008-01-ADCPAM000,sysconfig_frequency,sysconfig_frequency,,,,kHz,CP05MOAS,GL008,ADCPA
CP05MOAS-GL008-01-ADCPAM000,sysconfig_beam_pattern,sysconfig_beam_pattern,,,,1,CP05MOAS,GL008,ADCPA
CP05MOAS-GL008-01-ADCPAM000,sysconfig_sensor_config,sysconfig_sensor_config,,,,1,CP05MOAS,GL008,ADCPA
CP05MOAS-GL008-01-ADCPAM000,sysconfig_head_attached,sysconfig_head_attached,,,,1,CP05MOAS,GL008,ADCPA
CP05MOAS-GL008-01-ADCPAM000,sysconfig_vertical_orientation,sysconfig_vertical_orientation,,,,1,CP05MOAS,GL008,ADCPA
CP05MOAS-GL008-01-ADCPAM000,data_flag,data_flag,,,,1,CP05MOAS,GL008,ADCPA
CP05MOAS-GL008-01-ADCPAM000,lag_length,lag_length,,,,s,CP05MOAS,GL008,ADCPA
CP05MOAS-GL008-01-ADCPAM000,num_beams,num_beams,,,,1,CP05MOAS,GL008,ADCPA
CP05MOAS-GL008-01-ADCPAM000,num_cells,num_cells,,,,1,CP05MOAS,GL008,ADCPA
CP05MOAS-GL008-01-ADCPAM000,pings_per_ensemble,pings_per_ensemble,,,,1,CP05MOAS,GL008,ADCPA
CP05MOAS-GL008-01-ADCPAM000,cell_length,cell_length,,,,cm,CP05MOAS,GL008,ADCPA
CP05MOAS-GL008-01-ADCPAM000,blank_after_transmit,blank_after_transmit,,,,cm,CP05MOAS,GL008,ADCPA
CP05MOAS-GL008-01-ADCPAM000,signal_processing_mode,signal_processing_mode,,,,1,CP05MOAS,GL008,ADCPA
CP05MOAS-GL008-01-ADCPAM000,low_corr_threshold,low_corr_threshold,,,,counts,CP05MOAS,GL008,ADCPA
CP05MOAS-GL008-01-ADCPAM000,num_code_repetitions,num_code_repetitions,,,,counts,CP05MOAS,GL008,ADCPA
CP05MOAS-GL008-01-ADCPAM000,percent_good_min,percent_good_min,,,,percent,CP05MOAS,GL008,ADCPA
CP05MOAS-GL008-01-ADCPAM000,error_vel_threshold,error_vel_threshold,,,,mm s-1,CP05MOAS,GL008,ADCPA
CP05MOAS-GL008-01-ADCPAM000,time_per_ping_minutes,time_per_ping_minutes,,,,min,CP05MOAS,GL008,ADCPA
CP05MOAS-GL008-01-ADCPAM000,time_per_ping_seconds,time_per_ping_seconds,,,,s,CP05MOAS,GL008,ADCPA
CP05MOAS-GL008-01-ADCPAM000,coord_transform_type,coord_transform_type,,,,1,CP05MOAS,GL008,ADCPA
CP05MOAS-GL008-01-ADCPAM000,coord_transform_tilts,coord_transform_tilts,,,,1,CP05MOAS,GL008,ADCPA
CP05MOAS-GL008-01-ADCPAM000,coord_transform_beams,coord_transform_beams,,,,1,CP05MOAS,GL008,ADCPA
CP05MOAS-GL008-01-ADCPAM000,coord_transform_mapping,coord_transform_mapping,,,,1,CP05MOAS,GL008,ADCPA
CP05MOAS-GL008-01-ADCPAM000,heading_alignment,heading_alignment,,,,cdegrees,CP05MOAS,GL008,ADCPA
CP05MOAS-GL008-01-ADCPAM000,heading_bias,heading_bias,,,,cdegrees,CP05MOAS,GL008,ADCPA
CP05MOAS-GL008-01-ADCPAM000,sensor_source_speed,sensor_source_speed,,,,1,CP05MOAS,GL008,ADCPA
CP05MOAS-GL008-01-ADCPAM000,sensor_source_depth,sensor_source_depth,,,,1,CP05MOAS,GL008,ADCPA
CP05MOAS-GL008-01-ADCPAM000,sensor_source_heading,sensor_source_heading,,,,1,CP05MOAS,GL008,ADCPA
CP05MOAS-GL008-01-ADCPAM000,sensor_source_pitch,sensor_source_pitch,,,,1,CP05MOAS,GL008,ADCPA
CP05MOAS-GL008-01-ADCPAM000,sensor_source_roll,sensor_source_roll,,,,1,CP05MOAS,GL008,ADCPA
CP05MOAS-GL008-01-ADCPAM000,sensor_source_conductivity,sensor_source_conductivity,,,,1,CP05MOAS,GL008,ADCPA
CP05MOAS-GL008-01-ADCPAM000,sensor_source_temperature,sensor_source_temperature,,,,1,CP05MOAS,GL008,ADCPA
CP05MOAS-GL008-01-ADCPAM000,sensor_available_depth,sensor_available_depth,,,,1,CP05MOAS,GL008,ADCPA
CP05MOAS-GL008-01-ADCPAM000,sensor_available_heading,sensor_available_heading,,,,1,CP05MOAS,GL008,ADCPA
CP05MOAS-GL008-01-ADCPAM000,sensor_available_pitch,sensor_available_pitch,,,,1,CP05MOAS,GL008,ADCPA
CP05MOAS-GL008-01-ADCPAM000,sensor_available_roll,sensor_available_roll,,,,1,CP05MOAS,GL008,ADCPA
CP05MOAS-GL008-01-ADCPAM000,sensor_available_conductivity,sensor_available_conductivity,,,,1,CP05MOAS,GL008,ADCPA
CP05MOAS-GL008-01-ADCPAM000,sensor_available_temperature,sensor_available_temperature,,,,1,CP05MOAS,GL008,ADCPA
CP05MOAS-GL008-01-ADCPAM000,bin_1_distance,bin_1_distance,,,,cm,CP05MOAS,GL008,ADCPA
CP05MOAS-GL008-01-ADCPAM000,transmit_pulse_length,transmit_pulse_length,,,,cm,CP05MOAS,GL008,ADCPA
CP05MOAS-GL008-01-ADCPAM000,reference_layer_start,reference_layer_start,,,,1,CP05MOAS,GL008,ADCPA
CP05MOAS-GL008-01-ADCPAM000,reference_layer_stop,reference_layer_stop,,,,1,CP05MOAS,GL008,ADCPA
CP05MOAS-GL008-01-ADCPAM000,false_target_threshold,false_target_threshold,,,,counts,CP05MOAS,GL008,ADCPA
CP05MOAS-GL008-01-ADCPAM000,transmit_lag_distance,transmit_lag_distance,,,,cm,CP05MOAS,GL008,ADCPA
CP05MOAS-GL008-01-ADCPAM000,system_bandwidth,system_bandwidth,,,,1,CP05MOAS,GL008,ADCPA
CP05MOAS-GL008-01-ADCPAM000,ensemble_number,ensemble_number,,,,1,CP05MOAS,GL008,ADCPA
CP05MOAS-GL008-01-ADCPAM000,ensemble_number_increment,ensemble_number_increment,,,,1,CP05MOAS,GL008,ADCPA
CP05MOAS-GL008-01-ADCPAM000,speed_of_sound,speed_of_sound,,,,m s-1,CP05MOAS,GL008,ADCPA
CP05MOAS-GL008-01-ADCPAM000,transducer_depth,transducer_depth,,,,dm,CP05MOAS,GL008,ADCPA
CP05MOAS-GL008-01-ADCPAM000,heading,heading,,,,cdegrees,CP05MOAS,GL008,ADCPA
CP05MOAS-GL008-01-ADCPAM000,pitch,pitch,,,,cdegrees,CP05MOAS,GL008,ADCPA
CP05MOAS-GL008-01-ADCPAM000,roll,roll,,,,cdegrees,CP05MOAS,GL008,ADCPA
CP05MOAS-GL008-01-ADCPAM000,salinity,salinity,,,,1,CP05MOAS,GL008,ADCPA
CP05MOAS-GL008-01-ADCPAM000,temperature,temperature,,,,cdeg_C,CP05MOAS,GL008,ADCPA
CP05MOAS-GL008-01-ADCPAM000,mpt_minutes,mpt_minutes,,,,min,CP05MOAS,GL008,ADCPA
CP05MOAS-GL008-01-ADCPAM000,mpt_seconds,mpt_seconds,,,,s,CP05MOAS,GL008,ADCPA
CP05MOAS-GL008-01-ADCPAM000,heading_stdev,heading_stdev,,,,degrees,CP05MOAS,GL008,ADCPA
CP05MOAS-GL008-01-ADCPAM000,pitch_stdev,pitch_stdev,,,,ddegrees,CP05MOAS,GL008,ADCPA
CP05MOAS-GL008-01-ADCPAM000,roll_stdev,roll_stdev,,,,ddegrees,CP05MOAS,GL008,ADCPA
CP05MOAS-GL008-01-ADCPAM000,adc_transmit_voltage,adc_transmit_voltage,,,,counts,CP05MOAS,GL008,ADCPA
CP05MOAS-GL008-01-ADCPAM000,time,time,,,ENG,seconds since 1900-01-01,CP05MOAS,GL008,ADCPA
CP05MOAS-GL008-01-ADCPAM000,pressure,pressure,,,,daPa,CP05MOAS,GL008,ADCPA
CP05MOAS-GL008-01-ADCPAM000,pressure_variance,pressure_variance,,,,daPa,CP05MOAS,GL008,ADCPA
CP05MOAS-GL008-01-ADCPAM000,water_velocity_east,water_velocity_east,,,L0,mm s-1,CP05MOAS,GL008,ADCPA
CP05MOAS-GL008-01-ADCPAM000,water_velocity_north,water_velocity_north,,,L0,mm s-1,CP05MOAS,GL008,ADCPA
CP05MOAS-GL008-01-ADCPAM000,water_velocity_up,water_velocity_up,,,L0,mm s-1,CP05MOAS,GL008,ADCPA
CP05MOAS-GL008-01-ADCPAM000,error_velocity,error_velocity,,,L0,mm s-1,CP05MOAS,GL008,ADCPA
CP05MOAS-GL008-01-ADCPAM000,correlation_magnitude_beam1,correlation_magnitude_beam1,,,,1,CP05MOAS,GL008,ADCPA
CP05MOAS-GL008-01-ADCPAM000,correlation_magnitude_beam2,correlation_magnitude_beam2,,,,1,CP05MOAS,GL008,ADCPA
CP05MOAS-GL008-01-ADCPAM000,correlation_magnitude_beam3,correlation_magnitude_beam3,,,,1,CP05MOAS,GL008,ADCPA
CP05MOAS-GL008-01-ADCPAM000,correlation_magnitude_beam4,correlation_magnitude_beam4,,,,1,CP05MOAS,GL008,ADCPA
CP05MOAS-GL008-01-ADCPAM000,echo_intensity_beam1,echo_intensity_beam1,,,L0,counts,CP05MOAS,GL008,ADCPA
CP05MOAS-GL008-01-ADCPAM000,echo_intensity_beam2,echo_intensity_beam2,,,L0,counts,CP05MOAS,GL008,ADCPA
CP05MOAS-GL008-01-ADCPAM000,echo_intensity_beam3,echo_intensity_beam3,,,L0,counts,CP05MOAS,GL008,ADCPA
CP05MOAS-GL008-01-ADCPAM000,echo_intensity_beam4,echo_intensity_beam4,,,L0,counts,CP05MOAS,GL008,ADCPA
CP05MOAS-GL008-01-ADCPAM000,percent_good_3beam,percent_good_3beam,,,,percent,CP05MOAS,GL008,ADCPA
CP05MOAS-GL008-01-ADCPAM000,percent_transforms_reject,percent_transforms_reject,,,,percent,CP05MOAS,GL008,ADCPA
CP05MOAS-GL008-01-ADCPAM000,percent_bad_beams,percent_bad_beams,,,,percent,CP05MOAS,GL008,ADCPA
CP05MOAS-GL008-01-ADCPAM000,percent_good_4beam,percent_good_4beam,,,,percent,CP05MOAS,GL008,ADCPA
CP05MOAS-GL008-01-ADCPAM000,ensemble_start_time,ensemble_start_time,,,,seconds since 1900-01-01,CP05MOAS,GL008,ADCPA
CP05MOAS-GL008-01-ADCPAM000,ingestion_timestamp,ingestion_timestamp,,,ENG,seconds since 1900-01-01,CP05MOAS,GL008,ADCPA
CP05MOAS-GL008-01-ADCPAM000,real_time_clock,real_time_clock,,,,1,CP05MOAS,GL008,ADCPA
CP05MOAS-GL008-02-FLORTM000,driver_timestamp,driver_timestamp,,,ENG,seconds since 1900-01-01,CP05MOAS,GL008,FLORT
CP05MOAS-GL008-02-FLORTM000,internal_timestamp,internal_timestamp,,,ENG,seconds since 1900-01-01,CP05MOAS,GL008,FLORT
CP05MOAS-GL008-02-FLORTM000,m_present_secs_into_mission,m_present_secs_into_mission,,,ENG,s,CP05MOAS,GL008,FLORT
CP05MOAS-GL008-02-FLORTM000,m_present_time,m_present_time,,,AUX,seconds since 1970-01-01,CP05MOAS,GL008,FLORT
CP05MOAS-GL008-02-FLORTM000,sci_flbbcd_bb_ref,sci_flbbcd_bb_ref,,,,nm,CP05MOAS,GL008,FLORT
CP05MOAS-GL008-02-FLORTM000,sci_flbbcd_bb_sig,sci_flbbcd_bb_sig,,,,counts,CP05MOAS,GL008,FLORT
CP05MOAS-GL008-02-FLORTM000,sci_flbbcd_bb_units,sci_flbbcd_bb_units,,,L1,m-1 sr-1,CP05MOAS,GL008,FLORT
CP05MOAS-GL008-02-FLORTM000,sci_flbbcd_cdom_ref,sci_flbbcd_cdom_ref,,,,nm,CP05MOAS,GL008,FLORT
CP05MOAS-GL008-02-FLORTM000,sci_flbbcd_cdom_sig,sci_flbbcd_cdom_sig,,,,counts,CP05MOAS,GL008,FLORT
CP05MOAS-GL008-02-FLORTM000,sci_flbbcd_cdom_units,sci_flbbcd_cdom_units,0,375,L1,ppb,CP05MOAS,GL008,FLORT
CP05MOAS-GL008-02-FLORTM000,sci_flbbcd_chlor_ref,sci_flbbcd_chlor_ref,,,,nm,CP05MOAS,GL008,FLORT
CP05MOAS-GL008-02-FLORTM000,sci_flbbcd_chlor_sig,sci_flbbcd_chlor_sig,,,,counts,CP05MOAS,GL008,FLORT
CP05MOAS-GL008-02-FLORTM000,sci_flbbcd_chlor_units,sci_flbbcd_chlor_units,0,50,L1,ug L-1,CP05MOAS,GL008,FLORT
CP05MOAS-GL008-02-FLORTM000,sci_flbbcd_therm,sci_flbbcd_therm,,,ENG,1,CP05MOAS,GL008,FLORT
CP05MOAS-GL008-02-FLORTM000,sci_flbbcd_timestamp,sci_flbbcd_timestamp,,,ENG,seconds since 1970-01-01,CP05MOAS,GL008,FLORT
CP05MOAS-GL008-02-FLORTM000,sci_m_present_secs_into_mission,sci_m_present_secs_into_mission,,,,s,CP05MOAS,GL008,FLORT
CP05MOAS-GL008-02-FLORTM000,sci_m_present_time,sci_m_present_time,,,,seconds since 1970-01-01,CP05MOAS,GL008,FLORT
CP05MOAS-GL008-02-FLORTM000,preferred_timestamp,preferred_timestamp,,,ENG,1,CP05MOAS,GL008,FLORT
CP05MOAS-GL008-02-FLORTM000,flort_m_bback_total,flort_m_bback_total,0.0003,1,L2,m-1,CP05MOAS,GL008,FLORT
CP05MOAS-GL008-02-FLORTM000,flort_m_scat_seawater,flort_m_scat_seawater,,,AUX,m-1,CP05MOAS,GL008,FLORT
CP05MOAS-GL008-02-FLORTM000,time,time,,,ENG,seconds since 1900-01-01,CP05MOAS,GL008,FLORT
CP05MOAS-GL008-02-FLORTM000,ingestion_timestamp,ingestion_timestamp,,,ENG,seconds since 1900-01-01,CP05MOAS,GL008,FLORT
CP05MOAS-GL008-03-CTDGVM000,driver_timestamp,driver_timestamp,,,ENG,seconds since 1900-01-01,CP05MOAS,GL008,CTDGV
CP05MOAS-GL008-03-CTDGVM000,internal_timestamp,internal_timestamp,,,ENG,seconds since 1900-01-01,CP05MOAS,GL008,CTDGV
CP05MOAS-GL008-03-CTDGVM000,m_present_secs_into_mission,m_present_secs_into_mission,,,ENG,s,CP05MOAS,GL008,CTDGV
CP05MOAS-GL008-03-CTDGVM000,m_present_time,m_present_time,,,AUX,seconds since 1970-01-01,CP05MOAS,GL008,CTDGV
CP05MOAS-GL008-03-CTDGVM000,sci_ctd41cp_timestamp,sci_ctd41cp_timestamp,,,,seconds since 1970-01-01,CP05MOAS,GL008,CTDGV
CP05MOAS-GL008-03-CTDGVM000,sci_m_present_secs_into_mission,sci_m_present_secs_into_mission,,,,s,CP05MOAS,GL008,CTDGV
CP05MOAS-GL008-03-CTDGVM000,sci_m_present_time,sci_m_present_time,,,,seconds since 1970-01-01,CP05MOAS,GL008,CTDGV
CP05MOAS-GL008-03-CTDGVM000,sci_water_cond,sci_water_cond,0,6,L1,S m-1,CP05MOAS,GL008,CTDGV
CP05MOAS-GL008-03-CTDGVM000,sci_water_pressure,sci_water_pressure,0,6000,L1,dbar,CP05MOAS,GL008,CTDGV
CP05MOAS-GL008-03-CTDGVM000,sci_water_temp,sci_water_temp,-2,40,L1,deg_C,CP05MOAS,GL008,CTDGV
CP05MOAS-GL008-03-CTDGVM000,sci_water_pracsal,sci_water_pracsal,0,42,L2,1,CP05MOAS,GL008,CTDGV
CP05MOAS-GL008-03-CTDGVM000,preferred_timestamp,preferred_timestamp,,,ENG,1,CP05MOAS,GL008,CTDGV
CP05MOAS-GL008-03-CTDGVM000,sci_seawater_density,sci_seawater_density,1000,1100,L2,kg m-3,CP05MOAS,GL008,CTDGV
CP05MOAS-GL008-03-CTDGVM000,time,time,,,ENG,seconds since 1900-01-01,CP05MOAS,GL008,CTDGV
CP05MOAS-GL008-03-CTDGVM000,ingestion_timestamp,ingestion_timestamp,,,ENG,seconds since 1900-01-01,CP05MOAS,GL008,CTDGV
CP05MOAS-GL008-04-DOSTAM000,driver_timestamp,driver_timestamp,,,ENG,seconds since 1900-01-01,CP05MOAS,GL008,DOSTA
CP05MOAS-GL008-04-DOSTAM000,internal_timestamp,internal_timestamp,,,ENG,seconds since 1900-01-01,CP05MOAS,GL008,DOSTA
CP05MOAS-GL008-04-DOSTAM000,m_present_secs_into_mission,m_present_secs_into_mission,,,ENG,s,CP05MOAS,GL008,DOSTA
CP05MOAS-GL008-04-DOSTAM000,m_present_time,m_present_time,,,AUX,seconds since 1970-01-01,CP05MOAS,GL008,DOSTA
CP05MOAS-GL008-04-DOSTAM000,sci_m_present_secs_into_mission,sci_m_present_secs_into_mission,,,,s,CP05MOAS,GL008,DOSTA
CP05MOAS-GL008-04-DOSTAM000,sci_m_present_time,sci_m_present_time,,,,seconds since 1970-01-01,CP05MOAS,GL008,DOSTA
CP05MOAS-GL008-04-DOSTAM000,sci_oxy4_c1amp,sci_oxy4_c1amp,,,,mV,CP05MOAS,GL008,DOSTA
CP05MOAS-GL008-04-DOSTAM000,sci_oxy4_c1rph,sci_oxy4_c1rph,,,,degrees,CP05MOAS,GL008,DOSTA
CP05MOAS-GL008-04-DOSTAM000,sci_oxy4_c2amp,sci_oxy4_c2amp,,,,mV,CP05MOAS,GL008,DOSTA
CP05MOAS-GL008-04-DOSTAM000,sci_oxy4_c2rph,sci_oxy4_c2rph,,,,degrees,CP05MOAS,GL008,DOSTA
CP05MOAS-GL008-04-DOSTAM000,sci_oxy4_calphase,sci_oxy4_calphase,,,L0,degrees,CP05MOAS,GL008,DOSTA
CP05MOAS-GL008-04-DOSTAM000,sci_oxy4_oxygen,sci_oxy4_oxygen,0,400,L1,umol L-1,CP05MOAS,GL008,DOSTA
CP05MOAS-GL008-04-DOSTAM000,sci_oxy4_rawtemp,sci_oxy4_rawtemp,,,,mV,CP05MOAS,GL008,DOSTA
CP05MOAS-GL008-04-DOSTAM000,sci_oxy4_saturation,sci_oxy4_saturation,,,,percent,CP05MOAS,GL008,DOSTA
CP05MOAS-GL008-04-DOSTAM000,sci_oxy4_tcphase,sci_oxy4_tcphase,,,,degrees,CP05MOAS,GL008,DOSTA
CP05MOAS-GL008-04-DOSTAM000,sci_oxy4_temp,sci_oxy4_temp,,,,deg_C,CP05MOAS,GL008,DOSTA
CP05MOAS-GL008-04-DOSTAM000,sci_oxy4_timestamp,sci_oxy4_timestamp,,,,1,CP05MOAS,GL008,DOSTA
CP05MOAS-GL008-04-DOSTAM000,sci_water_cond,sci_water_cond,0,6,L1,S m-1,CP05MOAS,GL008,DOSTA
CP05MOAS-GL008-04-DOSTAM000,sci_water_pressure,sci_water_pressure,0,6000,L1,dbar,CP05MOAS,GL008,DOSTA
CP05MOAS-GL008-04-DOSTAM000,sci_water_temp,sci_water_temp,-2,40,L1,deg_C,CP05MOAS,GL008,DOSTA
CP05MOAS-GL008-04-DOSTAM000,preferred_timestamp,preferred_timestamp,,,ENG,1,CP05MOAS,GL008,DOSTA
CP05MOAS-GL008-04-DOSTAM000,sci_abs_oxygen,sci_abs_oxygen,0,400,L2,umol kg-1,CP05MOAS,GL008,DOSTA
CP05MOAS-GL008-04-DOSTAM000,time,time,,,ENG,seconds since 1900-01-01,CP05MOAS,GL008,DOSTA
CP05MOAS-GL008-04-DOSTAM000,ingestion_timestamp,ingestion_timestamp,,,ENG,seconds since 1900-01-01,CP05MOAS,GL008,DOSTA
CP05MOAS-GL008-05-PARADM000,driver_timestamp,driver_timestamp,,,ENG,seconds since 1900-01-01,CP05MOAS,GL008,PARAD
CP05MOAS-GL008-05-PARADM000,internal_timestamp,internal_timestamp,,,ENG,seconds since 1900-01-01,CP05MOAS,GL008,PARAD
CP05MOAS-GL008-05-PARADM000,m_present_secs_into_mission,m_present_secs_into_mission,,,ENG,s,CP05MOAS,GL008,PARAD
CP05MOAS-GL008-05-PARADM000,m_present_time,m_present_time,,,AUX,seconds since 1970-01-01,CP05MOAS,GL008,PARAD
CP05MOAS-GL008-05-PARADM000,sci_bsipar_par,sci_bsipar_par,0,2500,L1,umol photons m-2 s-1,CP05MOAS,GL008,PARAD
CP05MOAS-GL008-05-PARADM000,sci_bsipar_sensor_volts,sci_bsipar_sensor_volts,,,L0,V,CP05MOAS,GL008,PARAD
CP05MOAS-GL008-05-PARADM000,sci_bsipar_supply_volts,sci_bsipar_supply_volts,,,,V,CP05MOAS,GL008,PARAD
CP05MOAS-GL008-05-PARADM000,sci_bsipar_temp,sci_bsipar_temp,,,,deg_C,CP05MOAS,GL008,PARAD
CP05MOAS-GL008-05-PARADM000,sci_m_present_secs_into_mission,sci_m_present_secs_into_mission,,,,s,CP05MOAS,GL008,PARAD
CP05MOAS-GL008-05-PARADM000,sci_m_present_time,sci_m_present_time,,,,seconds since 1970-01-01,CP05MOAS,GL008,PARAD
CP05MOAS-GL008-05-PARADM000,preferred_timestamp,preferred_timestamp,,,ENG,1,CP05MOAS,GL008,PARAD
CP05MOAS-GL008-05-PARADM000,time,time,,,ENG,seconds since 1900-01-01,CP05MOAS,GL008,PARAD
CP05MOAS-GL008-05-PARADM000,ingestion_timestamp,ingestion_timestamp,,,ENG,seconds since 1900-01-01,CP05MOAS,GL008,PARAD
CP05MOAS-GL009-01-ADCPAM000,bin_depths,bin_depths,,,,m,CP05MOAS,GL009,ADCPA
CP05MOAS-GL009-01-ADCPAM000,driver_timestamp,driver_timestamp,,,ENG,seconds since 1900-01-01,CP05MOAS,GL009,ADCPA
CP05MOAS-GL009-01-ADCPAM000,bt_pings_per_ensemble,bt_pings_per_ensemble,,,,1,CP05MOAS,GL009,ADCPA
CP05MOAS-GL009-01-ADCPAM000,bt_delay_before_reacquire,bt_delay_before_reacquire,,,,1,CP05MOAS,GL009,ADCPA
CP05MOAS-GL009-01-ADCPAM000,bt_corr_magnitude_min,bt_corr_magnitude_min,,,,counts,CP05MOAS,GL009,ADCPA
CP05MOAS-GL009-01-ADCPAM000,bt_eval_magnitude_min,bt_eval_magnitude_min,,,,counts,CP05MOAS,GL009,ADCPA
CP05MOAS-GL009-01-ADCPAM000,bt_percent_good_min,bt_percent_good_min,,,,percent,CP05MOAS,GL009,ADCPA
CP05MOAS-GL009-01-ADCPAM000,bt_mode,bt_mode,,,,1,CP05MOAS,GL009,ADCPA
CP05MOAS-GL009-01-ADCPAM000,bt_error_velocity_max,bt_error_velocity_max,,,,mm s-1,CP05MOAS,GL009,ADCPA
CP05MOAS-GL009-01-ADCPAM000,bt_beam1_range,bt_beam1_range,,,,cm,CP05MOAS,GL009,ADCPA
CP05MOAS-GL009-01-ADCPAM000,bt_beam2_range,bt_beam2_range,,,,cm,CP05MOAS,GL009,ADCPA
CP05MOAS-GL009-01-ADCPAM000,bt_beam3_range,bt_beam3_range,,,,cm,CP05MOAS,GL009,ADCPA
CP05MOAS-GL009-01-ADCPAM000,bt_beam4_range,bt_beam4_range,,,,cm,CP05MOAS,GL009,ADCPA
CP05MOAS-GL009-01-ADCPAM000,bt_eastward_velocity,bt_eastward_velocity,,,,mm s-1,CP05MOAS,GL009,ADCPA
CP05MOAS-GL009-01-ADCPAM000,bt_northward_velocity,bt_northward_velocity,,,,mm s-1,CP05MOAS,GL009,ADCPA
CP05MOAS-GL009-01-ADCPAM000,bt_upward_velocity,bt_upward_velocity,,,,mm s-1,CP05MOAS,GL009,ADCPA
CP05MOAS-GL009-01-ADCPAM000,bt_error_velocity,bt_error_velocity,,,,mm s-1,CP05MOAS,GL009,ADCPA
CP05MOAS-GL009-01-ADCPAM000,bt_beam1_correlation,bt_beam1_correlation,,,,counts,CP05MOAS,GL009,ADCPA
CP05MOAS-GL009-01-ADCPAM000,bt_beam2_correlation,bt_beam2_correlation,,,,counts,CP05MOAS,GL009,ADCPA
CP05MOAS-GL009-01-ADCPAM000,bt_beam3_correlation,bt_beam3_correlation,,,,counts,CP05MOAS,GL009,ADCPA
CP05MOAS-GL009-01-ADCPAM000,bt_beam4_correlation,bt_beam4_correlation,,,,counts,CP05MOAS,GL009,ADCPA
CP05MOAS-GL009-01-ADCPAM000,bt_beam1_eval_amp,bt_beam1_eval_amp,,,,counts,CP05MOAS,GL009,ADCPA
CP05MOAS-GL009-01-ADCPAM000,bt_beam2_eval_amp,bt_beam2_eval_amp,,,,counts,CP05MOAS,GL009,ADCPA
CP05MOAS-GL009-01-ADCPAM000,bt_beam3_eval_amp,bt_beam3_eval_amp,,,,counts,CP05MOAS,GL009,ADCPA
CP05MOAS-GL009-01-ADCPAM000,bt_beam4_eval_amp,bt_beam4_eval_amp,,,,counts,CP05MOAS,GL009,ADCPA
CP05MOAS-GL009-01-ADCPAM000,bt_beam1_percent_good,bt_beam1_percent_good,,,,percent,CP05MOAS,GL009,ADCPA
CP05MOAS-GL009-01-ADCPAM000,bt_beam2_percent_good,bt_beam2_percent_good,,,,percent,CP05MOAS,GL009,ADCPA
CP05MOAS-GL009-01-ADCPAM000,bt_beam3_percent_good,bt_beam3_percent_good,,,,percent,CP05MOAS,GL009,ADCPA
CP05MOAS-GL009-01-ADCPAM000,bt_beam4_percent_good,bt_beam4_percent_good,,,,percent,CP05MOAS,GL009,ADCPA
CP05MOAS-GL009-01-ADCPAM000,bt_ref_layer_min,bt_ref_layer_min,,,,dm,CP05MOAS,GL009,ADCPA
CP05MOAS-GL009-01-ADCPAM000,bt_ref_layer_near,bt_ref_layer_near,,,,dm,CP05MOAS,GL009,ADCPA
CP05MOAS-GL009-01-ADCPAM000,bt_ref_layer_far,bt_ref_layer_far,,,,dm,CP05MOAS,GL009,ADCPA
CP05MOAS-GL009-01-ADCPAM000,bt_eastward_ref_layer_velocity,bt_eastward_ref_layer_velocity,,,,mm s-1,CP05MOAS,GL009,ADCPA
CP05MOAS-GL009-01-ADCPAM000,bt_northward_ref_layer_velocity,bt_northward_ref_layer_velocity,,,,mm s-1,CP05MOAS,GL009,ADCPA
CP05MOAS-GL009-01-ADCPAM000,bt_upward_ref_layer_velocity,bt_upward_ref_layer_velocity,,,,mm s-1,CP05MOAS,GL009,ADCPA
CP05MOAS-GL009-01-ADCPAM000,bt_error_ref_layer_velocity,bt_error_ref_layer_velocity,,,,mm s-1,CP05MOAS,GL009,ADCPA
CP05MOAS-GL009-01-ADCPAM000,bt_beam1_ref_correlation,bt_beam1_ref_correlation,,,,counts,CP05MOAS,GL009,ADCPA
CP05MOAS-GL009-01-ADCPAM000,bt_beam2_ref_correlation,bt_beam2_ref_correlation,,,,counts,CP05MOAS,GL009,ADCPA
CP05MOAS-GL009-01-ADCPAM000,bt_beam3_ref_correlation,bt_beam3_ref_correlation,,,,counts,CP05MOAS,GL009,ADCPA
CP05MOAS-GL009-01-ADCPAM000,bt_beam4_ref_correlation,bt_beam4_ref_correlation,,,,counts,CP05MOAS,GL009,ADCPA
CP05MOAS-GL009-01-ADCPAM000,bt_beam1_ref_intensity,bt_beam1_ref_intensity,,,,counts,CP05MOAS,GL009,ADCPA
CP05MOAS-GL009-01-ADCPAM000,bt_beam2_ref_intensity,bt_beam2_ref_intensity,,,,counts,CP05MOAS,GL009,ADCPA
CP05MOAS-GL009-01-ADCPAM000,internal_timestamp,internal_timestamp,,,ENG,seconds since 1900-01-01,CP05MOAS,GL009,ADCPA
CP05MOAS-GL009-01-ADCPAM000,bt_beam3_ref_intensity,bt_beam3_ref_intensity,,,,counts,CP05MOAS,GL009,ADCPA
CP05MOAS-GL009-01-ADCPAM000,bt_beam4_ref_intensity,bt_beam4_ref_intensity,,,,counts,CP05MOAS,GL009,ADCPA
CP05MOAS-GL009-01-ADCPAM000,bt_beam1_ref_percent_good,bt_beam1_ref_percent_good,,,,percent,CP05MOAS,GL009,ADCPA
CP05MOAS-GL009-01-ADCPAM000,bt_beam2_ref_percent_good,bt_beam2_ref_percent_good,,,,percent,CP05MOAS,GL009,ADCPA
CP05MOAS-GL009-01-ADCPAM000,bt_beam3_ref_percent_good,bt_beam3_ref_percent_good,,,,percent,CP05MOAS,GL009,ADCPA
CP05MOAS-GL009-01-ADCPAM000,bt_beam4_ref_percent_good,bt_beam4_ref_percent_good,,,,percent,CP05MOAS,GL009,ADCPA
CP05MOAS-GL009-01-ADCPAM000,bt_max_depth,bt_max_depth,,,,dm,CP05MOAS,GL009,ADCPA
CP05MOAS-GL009-01-ADCPAM000,bt_beam1_rssi_amplitude,bt_beam1_rssi_amplitude,,,,counts,CP05MOAS,GL009,ADCPA
CP05MOAS-GL009-01-ADCPAM000,bt_beam2_rssi_amplitude,bt_beam2_rssi_amplitude,,,,counts,CP05MOAS,GL009,ADCPA
CP05MOAS-GL009-01-ADCPAM000,bt_beam3_rssi_amplitude,bt_beam3_rssi_amplitude,,,,counts,CP05MOAS,GL009,ADCPA
CP05MOAS-GL009-01-ADCPAM000,bt_beam4_rssi_amplitude,bt_beam4_rssi_amplitude,,,,counts,CP05MOAS,GL009,ADCPA
CP05MOAS-GL009-01-ADCPAM000,bt_gain,bt_gain,,,,1,CP05MOAS,GL009,ADCPA
CP05MOAS-GL009-01-ADCPAM000,preferred_timestamp,preferred_timestamp,,,ENG,1,CP05MOAS,GL009,ADCPA
CP05MOAS-GL009-01-ADCPAM000,sensor_available_speed,sensor_available_speed,,,,1,CP05MOAS,GL009,ADCPA
CP05MOAS-GL009-01-ADCPAM000,sensor_source_temperature_eu,sensor_source_temperature_eu,,,,1,CP05MOAS,GL009,ADCPA
CP05MOAS-GL009-01-ADCPAM000,sensor_available_temperature_eu,sensor_available_temperature_eu,,,,1,CP05MOAS,GL009,ADCPA
CP05MOAS-GL009-01-ADCPAM000,bit_error_number,bit_error_number,,,,1,CP05MOAS,GL009,ADCPA
CP05MOAS-GL009-01-ADCPAM000,bit_error_count,bit_error_count,,,,counts,CP05MOAS,GL009,ADCPA
CP05MOAS-GL009-01-ADCPAM000,sysconfig_beam_angle,sysconfig_beam_angle,,,,1,CP05MOAS,GL009,ADCPA
CP05MOAS-GL009-01-ADCPAM000,sysconfig_beam_config,sysconfig_beam_config,,,,1,CP05MOAS,GL009,ADCPA
CP05MOAS-GL009-01-ADCPAM000,adcpa_m_upward_seawater_velocity,adcpa_m_upward_seawater_velocity,-1,1,L1,m s-1,CP05MOAS,GL009,ADCPA
CP05MOAS-GL009-01-ADCPAM000,adcpa_m_error_velocity,adcpa_m_error_velocity,-1,1,L1,m s-1,CP05MOAS,GL009,ADCPA
CP05MOAS-GL009-01-ADCPAM000,adcpa_m_eastward_seawater_velocity,adcpa_m_eastward_seawater_velocity,-3,3,L1,m s-1,CP05MOAS,GL009,ADCPA
CP05MOAS-GL009-01-ADCPAM000,adcpa_m_northward_seawater_velocity,adcpa_m_northward_seawater_velocity,-3,3,L1,m s-1,CP05MOAS,GL009,ADCPA
CP05MOAS-GL009-01-ADCPAM000,adcpa_m_echo_intensity_beam1,adcpa_m_echo_intensity_beam1,0,255,L1,dB,CP05MOAS,GL009,ADCPA
CP05MOAS-GL009-01-ADCPAM000,adcpa_m_echo_intensity_beam2,adcpa_m_echo_intensity_beam2,0,255,L1,dB,CP05MOAS,GL009,ADCPA
CP05MOAS-GL009-01-ADCPAM000,adcpa_m_echo_intensity_beam3,adcpa_m_echo_intensity_beam3,0,255,L1,dB,CP05MOAS,GL009,ADCPA
CP05MOAS-GL009-01-ADCPAM000,adcpa_m_echo_intensity_beam4,adcpa_m_echo_intensity_beam4,0,255,L1,dB,CP05MOAS,GL009,ADCPA
CP05MOAS-GL009-01-ADCPAM000,serial_number,serial_number,,,ENG,1,CP05MOAS,GL009,ADCPA
CP05MOAS-GL009-01-ADCPAM000,firmware_version,firmware_version,,,,1,CP05MOAS,GL009,ADCPA
CP05MOAS-GL009-01-ADCPAM000,firmware_revision,firmware_revision,,,,1,CP05MOAS,GL009,ADCPA
CP05MOAS-GL009-01-ADCPAM000,sysconfig_frequency,sysconfig_frequency,,,,kHz,CP05MOAS,GL009,ADCPA
CP05MOAS-GL009-01-ADCPAM000,sysconfig_beam_pattern,sysconfig_beam_pattern,,,,1,CP05MOAS,GL009,ADCPA
CP05MOAS-GL009-01-ADCPAM000,sysconfig_sensor_config,sysconfig_sensor_config,,,,1,CP05MOAS,GL009,ADCPA
CP05MOAS-GL009-01-ADCPAM000,sysconfig_head_attached,sysconfig_head_attached,,,,1,CP05MOAS,GL009,ADCPA
CP05MOAS-GL009-01-ADCPAM000,sysconfig_vertical_orientation,sysconfig_vertical_orientation,,,,1,CP05MOAS,GL009,ADCPA
CP05MOAS-GL009-01-ADCPAM000,data_flag,data_flag,,,,1,CP05MOAS,GL009,ADCPA
CP05MOAS-GL009-01-ADCPAM000,lag_length,lag_length,,,,s,CP05MOAS,GL009,ADCPA
CP05MOAS-GL009-01-ADCPAM000,num_beams,num_beams,,,,1,CP05MOAS,GL009,ADCPA
CP05MOAS-GL009-01-ADCPAM000,num_cells,num_cells,,,,1,CP05MOAS,GL009,ADCPA
CP05MOAS-GL009-01-ADCPAM000,pings_per_ensemble,pings_per_ensemble,,,,1,CP05MOAS,GL009,ADCPA
CP05MOAS-GL009-01-ADCPAM000,cell_length,cell_length,,,,cm,CP05MOAS,GL009,ADCPA
CP05MOAS-GL009-01-ADCPAM000,blank_after_transmit,blank_after_transmit,,,,cm,CP05MOAS,GL009,ADCPA
CP05MOAS-GL009-01-ADCPAM000,signal_processing_mode,signal_processing_mode,,,,1,CP05MOAS,GL009,ADCPA
CP05MOAS-GL009-01-ADCPAM000,low_corr_threshold,low_corr_threshold,,,,counts,CP05MOAS,GL009,ADCPA
CP05MOAS-GL009-01-ADCPAM000,num_code_repetitions,num_code_repetitions,,,,counts,CP05MOAS,GL009,ADCPA
CP05MOAS-GL009-01-ADCPAM000,percent_good_min,percent_good_min,,,,percent,CP05MOAS,GL009,ADCPA
CP05MOAS-GL009-01-ADCPAM000,error_vel_threshold,error_vel_threshold,,,,mm s-1,CP05MOAS,GL009,ADCPA
CP05MOAS-GL009-01-ADCPAM000,time_per_ping_minutes,time_per_ping_minutes,,,,min,CP05MOAS,GL009,ADCPA
CP05MOAS-GL009-01-ADCPAM000,time_per_ping_seconds,time_per_ping_seconds,,,,s,CP05MOAS,GL009,ADCPA
CP05MOAS-GL009-01-ADCPAM000,coord_transform_type,coord_transform_type,,,,1,CP05MOAS,GL009,ADCPA
CP05MOAS-GL009-01-ADCPAM000,coord_transform_tilts,coord_transform_tilts,,,,1,CP05MOAS,GL009,ADCPA
CP05MOAS-GL009-01-ADCPAM000,coord_transform_beams,coord_transform_beams,,,,1,CP05MOAS,GL009,ADCPA
CP05MOAS-GL009-01-ADCPAM000,coord_transform_mapping,coord_transform_mapping,,,,1,CP05MOAS,GL009,ADCPA
CP05MOAS-GL009-01-ADCPAM000,heading_alignment,heading_alignment,,,,cdegrees,CP05MOAS,GL009,ADCPA
CP05MOAS-GL009-01-ADCPAM000,heading_bias,heading_bias,,,,cdegrees,CP05MOAS,GL009,ADCPA
CP05MOAS-GL009-01-ADCPAM000,sensor_source_speed,sensor_source_speed,,,,1,CP05MOAS,GL009,ADCPA
CP05MOAS-GL009-01-ADCPAM000,sensor_source_depth,sensor_source_depth,,,,1,CP05MOAS,GL009,ADCPA
CP05MOAS-GL009-01-ADCPAM000,sensor_source_heading,sensor_source_heading,,,,1,CP05MOAS,GL009,ADCPA
CP05MOAS-GL009-01-ADCPAM000,sensor_source_pitch,sensor_source_pitch,,,,1,CP05MOAS,GL009,ADCPA
CP05MOAS-GL009-01-ADCPAM000,sensor_source_roll,sensor_source_roll,,,,1,CP05MOAS,GL009,ADCPA
CP05MOAS-GL009-01-ADCPAM000,sensor_source_conductivity,sensor_source_conductivity,,,,1,CP05MOAS,GL009,ADCPA
CP05MOAS-GL009-01-ADCPAM000,sensor_source_temperature,sensor_source_temperature,,,,1,CP05MOAS,GL009,ADCPA
CP05MOAS-GL009-01-ADCPAM000,sensor_available_depth,sensor_available_depth,,,,1,CP05MOAS,GL009,ADCPA
CP05MOAS-GL009-01-ADCPAM000,sensor_available_heading,sensor_available_heading,,,,1,CP05MOAS,GL009,ADCPA
CP05MOAS-GL009-01-ADCPAM000,sensor_available_pitch,sensor_available_pitch,,,,1,CP05MOAS,GL009,ADCPA
CP05MOAS-GL009-01-ADCPAM000,sensor_available_roll,sensor_available_roll,,,,1,CP05MOAS,GL009,ADCPA
CP05MOAS-GL009-01-ADCPAM000,sensor_available_conductivity,sensor_available_conductivity,,,,1,CP05MOAS,GL009,ADCPA
CP05MOAS-GL009-01-ADCPAM000,sensor_available_temperature,sensor_available_temperature,,,,1,CP05MOAS,GL009,ADCPA
CP05MOAS-GL009-01-ADCPAM000,bin_1_distance,bin_1_distance,,,,cm,CP05MOAS,GL009,ADCPA
CP05MOAS-GL009-01-ADCPAM000,transmit_pulse_length,transmit_pulse_length,,,,cm,CP05MOAS,GL009,ADCPA
CP05MOAS-GL009-01-ADCPAM000,reference_layer_start,reference_layer_start,,,,1,CP05MOAS,GL009,ADCPA
CP05MOAS-GL009-01-ADCPAM000,reference_layer_stop,reference_layer_stop,,,,1,CP05MOAS,GL009,ADCPA
CP05MOAS-GL009-01-ADCPAM000,false_target_threshold,false_target_threshold,,,,counts,CP05MOAS,GL009,ADCPA
CP05MOAS-GL009-01-ADCPAM000,transmit_lag_distance,transmit_lag_distance,,,,cm,CP05MOAS,GL009,ADCPA
CP05MOAS-GL009-01-ADCPAM000,system_bandwidth,system_bandwidth,,,,1,CP05MOAS,GL009,ADCPA
CP05MOAS-GL009-01-ADCPAM000,ensemble_number,ensemble_number,,,,1,CP05MOAS,GL009,ADCPA
CP05MOAS-GL009-01-ADCPAM000,ensemble_number_increment,ensemble_number_increment,,,,1,CP05MOAS,GL009,ADCPA
CP05MOAS-GL009-01-ADCPAM000,speed_of_sound,speed_of_sound,,,,m s-1,CP05MOAS,GL009,ADCPA
CP05MOAS-GL009-01-ADCPAM000,transducer_depth,transducer_depth,,,,dm,CP05MOAS,GL009,ADCPA
CP05MOAS-GL009-01-ADCPAM000,heading,heading,,,,cdegrees,CP05MOAS,GL009,ADCPA
CP05MOAS-GL009-01-ADCPAM000,pitch,pitch,,,,cdegrees,CP05MOAS,GL009,ADCPA
CP05MOAS-GL009-01-ADCPAM000,roll,roll,,,,cdegrees,CP05MOAS,GL009,ADCPA
CP05MOAS-GL009-01-ADCPAM000,salinity,salinity,,,,1,CP05MOAS,GL009,ADCPA
CP05MOAS-GL009-01-ADCPAM000,temperature,temperature,,,,cdeg_C,CP05MOAS,GL009,ADCPA
CP05MOAS-GL009-01-ADCPAM000,mpt_minutes,mpt_minutes,,,,min,CP05MOAS,GL009,ADCPA
CP05MOAS-GL009-01-ADCPAM000,mpt_seconds,mpt_seconds,,,,s,CP05MOAS,GL009,ADCPA
CP05MOAS-GL009-01-ADCPAM000,heading_stdev,heading_stdev,,,,degrees,CP05MOAS,GL009,ADCPA
CP05MOAS-GL009-01-ADCPAM000,pitch_stdev,pitch_stdev,,,,ddegrees,CP05MOAS,GL009,ADCPA
CP05MOAS-GL009-01-ADCPAM000,roll_stdev,roll_stdev,,,,ddegrees,CP05MOAS,GL009,ADCPA
CP05MOAS-GL009-01-ADCPAM000,adc_transmit_voltage,adc_transmit_voltage,,,,counts,CP05MOAS,GL009,ADCPA
CP05MOAS-GL009-01-ADCPAM000,time,time,,,ENG,seconds since 1900-01-01,CP05MOAS,GL009,ADCPA
CP05MOAS-GL009-01-ADCPAM000,pressure,pressure,,,,daPa,CP05MOAS,GL009,ADCPA
CP05MOAS-GL009-01-ADCPAM000,pressure_variance,pressure_variance,,,,daPa,CP05MOAS,GL009,ADCPA
CP05MOAS-GL009-01-ADCPAM000,water_velocity_east,water_velocity_east,,,L0,mm s-1,CP05MOAS,GL009,ADCPA
CP05MOAS-GL009-01-ADCPAM000,water_velocity_north,water_velocity_north,,,L0,mm s-1,CP05MOAS,GL009,ADCPA
CP05MOAS-GL009-01-ADCPAM000,water_velocity_up,water_velocity_up,,,L0,mm s-1,CP05MOAS,GL009,ADCPA
CP05MOAS-GL009-01-ADCPAM000,error_velocity,error_velocity,,,L0,mm s-1,CP05MOAS,GL009,ADCPA
CP05MOAS-GL009-01-ADCPAM000,correlation_magnitude_beam1,correlation_magnitude_beam1,,,,1,CP05MOAS,GL009,ADCPA
CP05MOAS-GL009-01-ADCPAM000,correlation_magnitude_beam2,correlation_magnitude_beam2,,,,1,CP05MOAS,GL009,ADCPA
CP05MOAS-GL009-01-ADCPAM000,correlation_magnitude_beam3,correlation_magnitude_beam3,,,,1,CP05MOAS,GL009,ADCPA
CP05MOAS-GL009-01-ADCPAM000,correlation_magnitude_beam4,correlation_magnitude_beam4,,,,1,CP05MOAS,GL009,ADCPA
CP05MOAS-GL009-01-ADCPAM000,echo_intensity_beam1,echo_intensity_beam1,,,L0,counts,CP05MOAS,GL009,ADCPA
CP05MOAS-GL009-01-ADCPAM000,echo_intensity_beam2,echo_intensity_beam2,,,L0,counts,CP05MOAS,GL009,ADCPA
CP05MOAS-GL009-01-ADCPAM000,echo_intensity_beam3,echo_intensity_beam3,,,L0,counts,CP05MOAS,GL009,ADCPA
CP05MOAS-GL009-01-ADCPAM000,echo_intensity_beam4,echo_intensity_beam4,,,L0,counts,CP05MOAS,GL009,ADCPA
CP05MOAS-GL009-01-ADCPAM000,percent_good_3beam,percent_good_3beam,,,,percent,CP05MOAS,GL009,ADCPA
CP05MOAS-GL009-01-ADCPAM000,percent_transforms_reject,percent_transforms_reject,,,,percent,CP05MOAS,GL009,ADCPA
CP05MOAS-GL009-01-ADCPAM000,percent_bad_beams,percent_bad_beams,,,,percent,CP05MOAS,GL009,ADCPA
CP05MOAS-GL009-01-ADCPAM000,percent_good_4beam,percent_good_4beam,,,,percent,CP05MOAS,GL009,ADCPA
CP05MOAS-GL009-01-ADCPAM000,ensemble_start_time,ensemble_start_time,,,,seconds since 1900-01-01,CP05MOAS,GL009,ADCPA
CP05MOAS-GL009-01-ADCPAM000,ingestion_timestamp,ingestion_timestamp,,,ENG,seconds since 1900-01-01,CP05MOAS,GL009,ADCPA
CP05MOAS-GL009-01-ADCPAM000,real_time_clock,real_time_clock,,,,1,CP05MOAS,GL009,ADCPA
CP05MOAS-GL009-02-FLORTM000,driver_timestamp,driver_timestamp,,,ENG,seconds since 1900-01-01,CP05MOAS,GL009,FLORT
CP05MOAS-GL009-02-FLORTM000,internal_timestamp,internal_timestamp,,,ENG,seconds since 1900-01-01,CP05MOAS,GL009,FLORT
CP05MOAS-GL009-02-FLORTM000,m_present_secs_into_mission,m_present_secs_into_mission,,,ENG,s,CP05MOAS,GL009,FLORT
CP05MOAS-GL009-02-FLORTM000,m_present_time,m_present_time,,,AUX,seconds since 1970-01-01,CP05MOAS,GL009,FLORT
CP05MOAS-GL009-02-FLORTM000,sci_flbbcd_bb_ref,sci_flbbcd_bb_ref,,,,nm,CP05MOAS,GL009,FLORT
CP05MOAS-GL009-02-FLORTM000,sci_flbbcd_bb_sig,sci_flbbcd_bb_sig,,,,counts,CP05MOAS,GL009,FLORT
CP05MOAS-GL009-02-FLORTM000,sci_flbbcd_bb_units,sci_flbbcd_bb_units,,,L1,m-1 sr-1,CP05MOAS,GL009,FLORT
CP05MOAS-GL009-02-FLORTM000,sci_flbbcd_cdom_ref,sci_flbbcd_cdom_ref,,,,nm,CP05MOAS,GL009,FLORT
CP05MOAS-GL009-02-FLORTM000,sci_flbbcd_cdom_sig,sci_flbbcd_cdom_sig,,,,counts,CP05MOAS,GL009,FLORT
CP05MOAS-GL009-02-FLORTM000,sci_flbbcd_cdom_units,sci_flbbcd_cdom_units,0,375,L1,ppb,CP05MOAS,GL009,FLORT
CP05MOAS-GL009-02-FLORTM000,sci_flbbcd_chlor_ref,sci_flbbcd_chlor_ref,,,,nm,CP05MOAS,GL009,FLORT
CP05MOAS-GL009-02-FLORTM000,sci_flbbcd_chlor_sig,sci_flbbcd_chlor_sig,,,,counts,CP05MOAS,GL009,FLORT
CP05MOAS-GL009-02-FLORTM000,sci_flbbcd_chlor_units,sci_flbbcd_chlor_units,0,50,L1,ug L-1,CP05MOAS,GL009,FLORT
CP05MOAS-GL009-02-FLORTM000,sci_flbbcd_therm,sci_flbbcd_therm,,,ENG,1,CP05MOAS,GL009,FLORT
CP05MOAS-GL009-02-FLORTM000,sci_flbbcd_timestamp,sci_flbbcd_timestamp,,,ENG,seconds since 1970-01-01,CP05MOAS,GL009,FLORT
CP05MOAS-GL009-02-FLORTM000,sci_m_present_secs_into_mission,sci_m_present_secs_into_mission,,,,s,CP05MOAS,GL009,FLORT
CP05MOAS-GL009-02-FLORTM000,sci_m_present_time,sci_m_present_time,,,,seconds since 1970-01-01,CP05MOAS,GL009,FLORT
CP05MOAS-GL009-02-FLORTM000,preferred_timestamp,preferred_timestamp,,,ENG,1,CP05MOAS,GL009,FLORT
CP05MOAS-GL009-02-FLORTM000,flort_m_bback_total,flort_m_bback_total,0.0003,1,L2,m-1,CP05MOAS,GL009,FLORT
CP05MOAS-GL009-02-FLORTM000,flort_m_scat_seawater,flort_m_scat_seawater,,,AUX,m-1,CP05MOAS,GL009,FLORT
CP05MOAS-GL009-02-FLORTM000,time,time,,,ENG,seconds since 1900-01-01,CP05MOAS,GL009,FLORT
CP05MOAS-GL009-02-FLORTM000,ingestion_timestamp,ingestion_timestamp,,,ENG,seconds since 1900-01-01,CP05MOAS,GL009,FLORT
CP05MOAS-GL009-03-CTDGVM000,driver_timestamp,driver_timestamp,,,ENG,seconds since 1900-01-01,CP05MOAS,GL009,CTDGV
CP05MOAS-GL009-03-CTDGVM000,internal_timestamp,internal_timestamp,,,ENG,seconds since 1900-01-01,CP05MOAS,GL009,CTDGV
CP05MOAS-GL009-03-CTDGVM000,m_present_secs_into_mission,m_present_secs_into_mission,,,ENG,s,CP05MOAS,GL009,CTDGV
CP05MOAS-GL009-03-CTDGVM000,m_present_time,m_present_time,,,AUX,seconds since 1970-01-01,CP05MOAS,GL009,CTDGV
CP05MOAS-GL009-03-CTDGVM000,sci_ctd41cp_timestamp,sci_ctd41cp_timestamp,,,,seconds since 1970-01-01,CP05MOAS,GL009,CTDGV
CP05MOAS-GL009-03-CTDGVM000,sci_m_present_secs_into_mission,sci_m_present_secs_into_mission,,,,s,CP05MOAS,GL009,CTDGV
CP05MOAS-GL009-03-CTDGVM000,sci_m_present_time,sci_m_present_time,,,,seconds since 1970-01-01,CP05MOAS,GL009,CTDGV
CP05MOAS-GL009-03-CTDGVM000,sci_water_cond,sci_water_cond,0,6,L1,S m-1,CP05MOAS,GL009,CTDGV
CP05MOAS-GL009-03-CTDGVM000,sci_water_pressure,sci_water_pressure,0,6000,L1,dbar,CP05MOAS,GL009,CTDGV
CP05MOAS-GL009-03-CTDGVM000,sci_water_temp,sci_water_temp,-2,40,L1,deg_C,CP05MOAS,GL009,CTDGV
CP05MOAS-GL009-03-CTDGVM000,sci_water_pracsal,sci_water_pracsal,0,42,L2,1,CP05MOAS,GL009,CTDGV
CP05MOAS-GL009-03-CTDGVM000,preferred_timestamp,preferred_timestamp,,,ENG,1,CP05MOAS,GL009,CTDGV
CP05MOAS-GL009-03-CTDGVM000,sci_seawater_density,sci_seawater_density,1000,1100,L2,kg m-3,CP05MOAS,GL009,CTDGV
CP05MOAS-GL009-03-CTDGVM000,time,time,,,ENG,seconds since 1900-01-01,CP05MOAS,GL009,CTDGV
CP05MOAS-GL009-03-CTDGVM000,ingestion_timestamp,ingestion_timestamp,,,ENG,seconds since 1900-01-01,CP05MOAS,GL009,CTDGV
CP05MOAS-GL009-04-DOSTAM000,driver_timestamp,driver_timestamp,,,ENG,seconds since 1900-01-01,CP05MOAS,GL009,DOSTA
CP05MOAS-GL009-04-DOSTAM000,internal_timestamp,internal_timestamp,,,ENG,seconds since 1900-01-01,CP05MOAS,GL009,DOSTA
CP05MOAS-GL009-04-DOSTAM000,m_present_secs_into_mission,m_present_secs_into_mission,,,ENG,s,CP05MOAS,GL009,DOSTA
CP05MOAS-GL009-04-DOSTAM000,m_present_time,m_present_time,,,AUX,seconds since 1970-01-01,CP05MOAS,GL009,DOSTA
CP05MOAS-GL009-04-DOSTAM000,sci_m_present_secs_into_mission,sci_m_present_secs_into_mission,,,,s,CP05MOAS,GL009,DOSTA
CP05MOAS-GL009-04-DOSTAM000,sci_m_present_time,sci_m_present_time,,,,seconds since 1970-01-01,CP05MOAS,GL009,DOSTA
CP05MOAS-GL009-04-DOSTAM000,sci_oxy4_c1amp,sci_oxy4_c1amp,,,,mV,CP05MOAS,GL009,DOSTA
CP05MOAS-GL009-04-DOSTAM000,sci_oxy4_c1rph,sci_oxy4_c1rph,,,,degrees,CP05MOAS,GL009,DOSTA
CP05MOAS-GL009-04-DOSTAM000,sci_oxy4_c2amp,sci_oxy4_c2amp,,,,mV,CP05MOAS,GL009,DOSTA
CP05MOAS-GL009-04-DOSTAM000,sci_oxy4_c2rph,sci_oxy4_c2rph,,,,degrees,CP05MOAS,GL009,DOSTA
CP05MOAS-GL009-04-DOSTAM000,sci_oxy4_calphase,sci_oxy4_calphase,,,L0,degrees,CP05MOAS,GL009,DOSTA
CP05MOAS-GL009-04-DOSTAM000,sci_oxy4_oxygen,sci_oxy4_oxygen,0,400,L1,umol L-1,CP05MOAS,GL009,DOSTA
CP05MOAS-GL009-04-DOSTAM000,sci_oxy4_rawtemp,sci_oxy4_rawtemp,,,,mV,CP05MOAS,GL009,DOSTA
CP05MOAS-GL009-04-DOSTAM000,sci_oxy4_saturation,sci_oxy4_saturation,,,,percent,CP05MOAS,GL009,DOSTA
CP05MOAS-GL009-04-DOSTAM000,sci_oxy4_tcphase,sci_oxy4_tcphase,,,,degrees,CP05MOAS,GL009,DOSTA
CP05MOAS-GL009-04-DOSTAM000,sci_oxy4_temp,sci_oxy4_temp,,,,deg_C,CP05MOAS,GL009,DOSTA
CP05MOAS-GL009-04-DOSTAM000,sci_oxy4_timestamp,sci_oxy4_timestamp,,,,1,CP05MOAS,GL009,DOSTA
CP05MOAS-GL009-04-DOSTAM000,sci_water_cond,sci_water_cond,0,6,L1,S m-1,CP05MOAS,GL009,DOSTA
CP05MOAS-GL009-04-DOSTAM000,sci_water_pressure,sci_water_pressure,0,6000,L1,dbar,CP05MOAS,GL009,DOSTA
CP05MOAS-GL009-04-DOSTAM000,sci_water_temp,sci_water_temp,-2,40,L1,deg_C,CP05MOAS,GL009,DOSTA
CP05MOAS-GL009-04-DOSTAM000,preferred_timestamp,preferred_timestamp,,,ENG,1,CP05MOAS,GL009,DOSTA
CP05MOAS-GL009-04-DOSTAM000,sci_abs_oxygen,sci_abs_oxygen,0,400,L2,umol kg-1,CP05MOAS,GL009,DOSTA
CP05MOAS-GL009-04-DOSTAM000,time,time,,,ENG,seconds since 1900-01-01,CP05MOAS,GL009,DOSTA
CP05MOAS-GL009-04-DOSTAM000,ingestion_timestamp,ingestion_timestamp,,,ENG,seconds since 1900-01-01,CP05MOAS,GL009,DOSTA
CP05MOAS-GL009-05-PARADM000,driver_timestamp,driver_timestamp,,,ENG,seconds since 1900-01-01,CP05MOAS,GL009,PARAD
CP05MOAS-GL009-05-PARADM000,internal_timestamp,internal_timestamp,,,ENG,seconds since 1900-01-01,CP05MOAS,GL009,PARAD
CP05MOAS-GL009-05-PARADM000,m_present_secs_into_mission,m_present_secs_into_mission,,,ENG,s,CP05MOAS,GL009,PARAD
CP05MOAS-GL009-05-PARADM000,m_present_time,m_present_time,,,AUX,seconds since 1970-01-01,CP05MOAS,GL009,PARAD
CP05MOAS-GL009-05-PARADM000,sci_bsipar_par,sci_bsipar_par,0,2500,L1,umol photons m-2 s-1,CP05MOAS,GL009,PARAD
CP05MOAS-GL009-05-PARADM000,sci_bsipar_sensor_volts,sci_bsipar_sensor_volts,,,L0,V,CP05MOAS,GL009,PARAD
CP05MOAS-GL009-05-PARADM000,sci_bsipar_supply_volts,sci_bsipar_supply_volts,,,,V,CP05MOAS,GL009,PARAD
CP05MOAS-GL009-05-PARADM000,sci_bsipar_temp,sci_bsipar_temp,,,,deg_C,CP05MOAS,GL009,PARAD
CP05MOAS-GL009-05-PARADM000,sci_m_present_secs_into_mission,sci_m_present_secs_into_mission,,,,s,CP05MOAS,GL009,PARAD
CP05MOAS-GL009-05-PARADM000,sci_m_present_time,sci_m_present_time,,,,seconds since 1970-01-01,CP05MOAS,GL009,PARAD
CP05MOAS-GL009-05-PARADM000,preferred_timestamp,preferred_timestamp,,,ENG,1,CP05MOAS,GL009,PARAD
CP05MOAS-GL009-05-PARADM000,time,time,,,ENG,seconds since 1900-01-01,CP05MOAS,GL009,PARAD
CP05MOAS-GL009-05-PARADM000,ingestion_timestamp,ingestion_timestamp,,,ENG,seconds since 1900-01-01,CP05MOAS,GL009,PARAD
CP05MOAS-GL010-01-ADCPAM000,bin_depths,bin_depths,,,,m,CP05MOAS,GL010,ADCPA
CP05MOAS-GL010-01-ADCPAM000,driver_timestamp,driver_timestamp,,,ENG,seconds since 1900-01-01,CP05MOAS,GL010,ADCPA
CP05MOAS-GL010-01-ADCPAM000,bt_pings_per_ensemble,bt_pings_per_ensemble,,,,1,CP05MOAS,GL010,ADCPA
CP05MOAS-GL010-01-ADCPAM000,bt_delay_before_reacquire,bt_delay_before_reacquire,,,,1,CP05MOAS,GL010,ADCPA
CP05MOAS-GL010-01-ADCPAM000,bt_corr_magnitude_min,bt_corr_magnitude_min,,,,counts,CP05MOAS,GL010,ADCPA
CP05MOAS-GL010-01-ADCPAM000,bt_eval_magnitude_min,bt_eval_magnitude_min,,,,counts,CP05MOAS,GL010,ADCPA
CP05MOAS-GL010-01-ADCPAM000,bt_percent_good_min,bt_percent_good_min,,,,percent,CP05MOAS,GL010,ADCPA
CP05MOAS-GL010-01-ADCPAM000,bt_mode,bt_mode,,,,1,CP05MOAS,GL010,ADCPA
CP05MOAS-GL010-01-ADCPAM000,bt_error_velocity_max,bt_error_velocity_max,,,,mm s-1,CP05MOAS,GL010,ADCPA
CP05MOAS-GL010-01-ADCPAM000,bt_beam1_range,bt_beam1_range,,,,cm,CP05MOAS,GL010,ADCPA
CP05MOAS-GL010-01-ADCPAM000,bt_beam2_range,bt_beam2_range,,,,cm,CP05MOAS,GL010,ADCPA
CP05MOAS-GL010-01-ADCPAM000,bt_beam3_range,bt_beam3_range,,,,cm,CP05MOAS,GL010,ADCPA
CP05MOAS-GL010-01-ADCPAM000,bt_beam4_range,bt_beam4_range,,,,cm,CP05MOAS,GL010,ADCPA
CP05MOAS-GL010-01-ADCPAM000,bt_eastward_velocity,bt_eastward_velocity,,,,mm s-1,CP05MOAS,GL010,ADCPA
CP05MOAS-GL010-01-ADCPAM000,bt_northward_velocity,bt_northward_velocity,,,,mm s-1,CP05MOAS,GL010,ADCPA
CP05MOAS-GL010-01-ADCPAM000,bt_upward_velocity,bt_upward_velocity,,,,mm s-1,CP05MOAS,GL010,ADCPA
CP05MOAS-GL010-01-ADCPAM000,bt_error_velocity,bt_error_velocity,,,,mm s-1,CP05MOAS,GL010,ADCPA
CP05MOAS-GL010-01-ADCPAM000,bt_beam1_correlation,bt_beam1_correlation,,,,counts,CP05MOAS,GL010,ADCPA
CP05MOAS-GL010-01-ADCPAM000,bt_beam2_correlation,bt_beam2_correlation,,,,counts,CP05MOAS,GL010,ADCPA
CP05MOAS-GL010-01-ADCPAM000,bt_beam3_correlation,bt_beam3_correlation,,,,counts,CP05MOAS,GL010,ADCPA
CP05MOAS-GL010-01-ADCPAM000,bt_beam4_correlation,bt_beam4_correlation,,,,counts,CP05MOAS,GL010,ADCPA
CP05MOAS-GL010-01-ADCPAM000,bt_beam1_eval_amp,bt_beam1_eval_amp,,,,counts,CP05MOAS,GL010,ADCPA
CP05MOAS-GL010-01-ADCPAM000,bt_beam2_eval_amp,bt_beam2_eval_amp,,,,counts,CP05MOAS,GL010,ADCPA
CP05MOAS-GL010-01-ADCPAM000,bt_beam3_eval_amp,bt_beam3_eval_amp,,,,counts,CP05MOAS,GL010,ADCPA
CP05MOAS-GL010-01-ADCPAM000,bt_beam4_eval_amp,bt_beam4_eval_amp,,,,counts,CP05MOAS,GL010,ADCPA
CP05MOAS-GL010-01-ADCPAM000,bt_beam1_percent_good,bt_beam1_percent_good,,,,percent,CP05MOAS,GL010,ADCPA
CP05MOAS-GL010-01-ADCPAM000,bt_beam2_percent_good,bt_beam2_percent_good,,,,percent,CP05MOAS,GL010,ADCPA
CP05MOAS-GL010-01-ADCPAM000,bt_beam3_percent_good,bt_beam3_percent_good,,,,percent,CP05MOAS,GL010,ADCPA
CP05MOAS-GL010-01-ADCPAM000,bt_beam4_percent_good,bt_beam4_percent_good,,,,percent,CP05MOAS,GL010,ADCPA
CP05MOAS-GL010-01-ADCPAM000,bt_ref_layer_min,bt_ref_layer_min,,,,dm,CP05MOAS,GL010,ADCPA
CP05MOAS-GL010-01-ADCPAM000,bt_ref_layer_near,bt_ref_layer_near,,,,dm,CP05MOAS,GL010,ADCPA
CP05MOAS-GL010-01-ADCPAM000,bt_ref_layer_far,bt_ref_layer_far,,,,dm,CP05MOAS,GL010,ADCPA
CP05MOAS-GL010-01-ADCPAM000,bt_eastward_ref_layer_velocity,bt_eastward_ref_layer_velocity,,,,mm s-1,CP05MOAS,GL010,ADCPA
CP05MOAS-GL010-01-ADCPAM000,bt_northward_ref_layer_velocity,bt_northward_ref_layer_velocity,,,,mm s-1,CP05MOAS,GL010,ADCPA
CP05MOAS-GL010-01-ADCPAM000,bt_upward_ref_layer_velocity,bt_upward_ref_layer_velocity,,,,mm s-1,CP05MOAS,GL010,ADCPA
CP05MOAS-GL010-01-ADCPAM000,bt_error_ref_layer_velocity,bt_error_ref_layer_velocity,,,,mm s-1,CP05MOAS,GL010,ADCPA
CP05MOAS-GL010-01-ADCPAM000,bt_beam1_ref_correlation,bt_beam1_ref_correlation,,,,counts,CP05MOAS,GL010,ADCPA
CP05MOAS-GL010-01-ADCPAM000,bt_beam2_ref_correlation,bt_beam2_ref_correlation,,,,counts,CP05MOAS,GL010,ADCPA
CP05MOAS-GL010-01-ADCPAM000,bt_beam3_ref_correlation,bt_beam3_ref_correlation,,,,counts,CP05MOAS,GL010,ADCPA
CP05MOAS-GL010-01-ADCPAM000,bt_beam4_ref_correlation,bt_beam4_ref_correlation,,,,counts,CP05MOAS,GL010,ADCPA
CP05MOAS-GL010-01-ADCPAM000,bt_beam1_ref_intensity,bt_beam1_ref_intensity,,,,counts,CP05MOAS,GL010,ADCPA
CP05MOAS-GL010-01-ADCPAM000,bt_beam2_ref_intensity,bt_beam2_ref_intensity,,,,counts,CP05MOAS,GL010,ADCPA
CP05MOAS-GL010-01-ADCPAM000,internal_timestamp,internal_timestamp,,,ENG,seconds since 1900-01-01,CP05MOAS,GL010,ADCPA
CP05MOAS-GL010-01-ADCPAM000,bt_beam3_ref_intensity,bt_beam3_ref_intensity,,,,counts,CP05MOAS,GL010,ADCPA
CP05MOAS-GL010-01-ADCPAM000,bt_beam4_ref_intensity,bt_beam4_ref_intensity,,,,counts,CP05MOAS,GL010,ADCPA
CP05MOAS-GL010-01-ADCPAM000,bt_beam1_ref_percent_good,bt_beam1_ref_percent_good,,,,percent,CP05MOAS,GL010,ADCPA
CP05MOAS-GL010-01-ADCPAM000,bt_beam2_ref_percent_good,bt_beam2_ref_percent_good,,,,percent,CP05MOAS,GL010,ADCPA
CP05MOAS-GL010-01-ADCPAM000,bt_beam3_ref_percent_good,bt_beam3_ref_percent_good,,,,percent,CP05MOAS,GL010,ADCPA
CP05MOAS-GL010-01-ADCPAM000,bt_beam4_ref_percent_good,bt_beam4_ref_percent_good,,,,percent,CP05MOAS,GL010,ADCPA
CP05MOAS-GL010-01-ADCPAM000,bt_max_depth,bt_max_depth,,,,dm,CP05MOAS,GL010,ADCPA
CP05MOAS-GL010-01-ADCPAM000,bt_beam1_rssi_amplitude,bt_beam1_rssi_amplitude,,,,counts,CP05MOAS,GL010,ADCPA
CP05MOAS-GL010-01-ADCPAM000,bt_beam2_rssi_amplitude,bt_beam2_rssi_amplitude,,,,counts,CP05MOAS,GL010,ADCPA
CP05MOAS-GL010-01-ADCPAM000,bt_beam3_rssi_amplitude,bt_beam3_rssi_amplitude,,,,counts,CP05MOAS,GL010,ADCPA
CP05MOAS-GL010-01-ADCPAM000,bt_beam4_rssi_amplitude,bt_beam4_rssi_amplitude,,,,counts,CP05MOAS,GL010,ADCPA
CP05MOAS-GL010-01-ADCPAM000,bt_gain,bt_gain,,,,1,CP05MOAS,GL010,ADCPA
CP05MOAS-GL010-01-ADCPAM000,preferred_timestamp,preferred_timestamp,,,ENG,1,CP05MOAS,GL010,ADCPA
CP05MOAS-GL010-01-ADCPAM000,sensor_available_speed,sensor_available_speed,,,,1,CP05MOAS,GL010,ADCPA
CP05MOAS-GL010-01-ADCPAM000,sensor_source_temperature_eu,sensor_source_temperature_eu,,,,1,CP05MOAS,GL010,ADCPA
CP05MOAS-GL010-01-ADCPAM000,sensor_available_temperature_eu,sensor_available_temperature_eu,,,,1,CP05MOAS,GL010,ADCPA
CP05MOAS-GL010-01-ADCPAM000,bit_error_number,bit_error_number,,,,1,CP05MOAS,GL010,ADCPA
CP05MOAS-GL010-01-ADCPAM000,bit_error_count,bit_error_count,,,,counts,CP05MOAS,GL010,ADCPA
CP05MOAS-GL010-01-ADCPAM000,sysconfig_beam_angle,sysconfig_beam_angle,,,,1,CP05MOAS,GL010,ADCPA
CP05MOAS-GL010-01-ADCPAM000,sysconfig_beam_config,sysconfig_beam_config,,,,1,CP05MOAS,GL010,ADCPA
CP05MOAS-GL010-01-ADCPAM000,adcpa_m_upward_seawater_velocity,adcpa_m_upward_seawater_velocity,-1,1,L1,m s-1,CP05MOAS,GL010,ADCPA
CP05MOAS-GL010-01-ADCPAM000,adcpa_m_error_velocity,adcpa_m_error_velocity,-1,1,L1,m s-1,CP05MOAS,GL010,ADCPA
CP05MOAS-GL010-01-ADCPAM000,adcpa_m_eastward_seawater_velocity,adcpa_m_eastward_seawater_velocity,-3,3,L1,m s-1,CP05MOAS,GL010,ADCPA
CP05MOAS-GL010-01-ADCPAM000,adcpa_m_northward_seawater_velocity,adcpa_m_northward_seawater_velocity,-3,3,L1,m s-1,CP05MOAS,GL010,ADCPA
CP05MOAS-GL010-01-ADCPAM000,adcpa_m_echo_intensity_beam1,adcpa_m_echo_intensity_beam1,0,255,L1,dB,CP05MOAS,GL010,ADCPA
CP05MOAS-GL010-01-ADCPAM000,adcpa_m_echo_intensity_beam2,adcpa_m_echo_intensity_beam2,0,255,L1,dB,CP05MOAS,GL010,ADCPA
CP05MOAS-GL010-01-ADCPAM000,adcpa_m_echo_intensity_beam3,adcpa_m_echo_intensity_beam3,0,255,L1,dB,CP05MOAS,GL010,ADCPA
CP05MOAS-GL010-01-ADCPAM000,adcpa_m_echo_intensity_beam4,adcpa_m_echo_intensity_beam4,0,255,L1,dB,CP05MOAS,GL010,ADCPA
CP05MOAS-GL010-01-ADCPAM000,serial_number,serial_number,,,ENG,1,CP05MOAS,GL010,ADCPA
CP05MOAS-GL010-01-ADCPAM000,firmware_version,firmware_version,,,,1,CP05MOAS,GL010,ADCPA
CP05MOAS-GL010-01-ADCPAM000,firmware_revision,firmware_revision,,,,1,CP05MOAS,GL010,ADCPA
CP05MOAS-GL010-01-ADCPAM000,sysconfig_frequency,sysconfig_frequency,,,,kHz,CP05MOAS,GL010,ADCPA
CP05MOAS-GL010-01-ADCPAM000,sysconfig_beam_pattern,sysconfig_beam_pattern,,,,1,CP05MOAS,GL010,ADCPA
CP05MOAS-GL010-01-ADCPAM000,sysconfig_sensor_config,sysconfig_sensor_config,,,,1,CP05MOAS,GL010,ADCPA
CP05MOAS-GL010-01-ADCPAM000,sysconfig_head_attached,sysconfig_head_attached,,,,1,CP05MOAS,GL010,ADCPA
CP05MOAS-GL010-01-ADCPAM000,sysconfig_vertical_orientation,sysconfig_vertical_orientation,,,,1,CP05MOAS,GL010,ADCPA
CP05MOAS-GL010-01-ADCPAM000,data_flag,data_flag,,,,1,CP05MOAS,GL010,ADCPA
CP05MOAS-GL010-01-ADCPAM000,lag_length,lag_length,,,,s,CP05MOAS,GL010,ADCPA
CP05MOAS-GL010-01-ADCPAM000,num_beams,num_beams,,,,1,CP05MOAS,GL010,ADCPA
CP05MOAS-GL010-01-ADCPAM000,num_cells,num_cells,,,,1,CP05MOAS,GL010,ADCPA
CP05MOAS-GL010-01-ADCPAM000,pings_per_ensemble,pings_per_ensemble,,,,1,CP05MOAS,GL010,ADCPA
CP05MOAS-GL010-01-ADCPAM000,cell_length,cell_length,,,,cm,CP05MOAS,GL010,ADCPA
CP05MOAS-GL010-01-ADCPAM000,blank_after_transmit,blank_after_transmit,,,,cm,CP05MOAS,GL010,ADCPA
CP05MOAS-GL010-01-ADCPAM000,signal_processing_mode,signal_processing_mode,,,,1,CP05MOAS,GL010,ADCPA
CP05MOAS-GL010-01-ADCPAM000,low_corr_threshold,low_corr_threshold,,,,counts,CP05MOAS,GL010,ADCPA
CP05MOAS-GL010-01-ADCPAM000,num_code_repetitions,num_code_repetitions,,,,counts,CP05MOAS,GL010,ADCPA
CP05MOAS-GL010-01-ADCPAM000,percent_good_min,percent_good_min,,,,percent,CP05MOAS,GL010,ADCPA
CP05MOAS-GL010-01-ADCPAM000,error_vel_threshold,error_vel_threshold,,,,mm s-1,CP05MOAS,GL010,ADCPA
CP05MOAS-GL010-01-ADCPAM000,time_per_ping_minutes,time_per_ping_minutes,,,,min,CP05MOAS,GL010,ADCPA
CP05MOAS-GL010-01-ADCPAM000,time_per_ping_seconds,time_per_ping_seconds,,,,s,CP05MOAS,GL010,ADCPA
CP05MOAS-GL010-01-ADCPAM000,coord_transform_type,coord_transform_type,,,,1,CP05MOAS,GL010,ADCPA
CP05MOAS-GL010-01-ADCPAM000,coord_transform_tilts,coord_transform_tilts,,,,1,CP05MOAS,GL010,ADCPA
CP05MOAS-GL010-01-ADCPAM000,coord_transform_beams,coord_transform_beams,,,,1,CP05MOAS,GL010,ADCPA
CP05MOAS-GL010-01-ADCPAM000,coord_transform_mapping,coord_transform_mapping,,,,1,CP05MOAS,GL010,ADCPA
CP05MOAS-GL010-01-ADCPAM000,heading_alignment,heading_alignment,,,,cdegrees,CP05MOAS,GL010,ADCPA
CP05MOAS-GL010-01-ADCPAM000,heading_bias,heading_bias,,,,cdegrees,CP05MOAS,GL010,ADCPA
CP05MOAS-GL010-01-ADCPAM000,sensor_source_speed,sensor_source_speed,,,,1,CP05MOAS,GL010,ADCPA
CP05MOAS-GL010-01-ADCPAM000,sensor_source_depth,sensor_source_depth,,,,1,CP05MOAS,GL010,ADCPA
CP05MOAS-GL010-01-ADCPAM000,sensor_source_heading,sensor_source_heading,,,,1,CP05MOAS,GL010,ADCPA
CP05MOAS-GL010-01-ADCPAM000,sensor_source_pitch,sensor_source_pitch,,,,1,CP05MOAS,GL010,ADCPA
CP05MOAS-GL010-01-ADCPAM000,sensor_source_roll,sensor_source_roll,,,,1,CP05MOAS,GL010,ADCPA
CP05MOAS-GL010-01-ADCPAM000,sensor_source_conductivity,sensor_source_conductivity,,,,1,CP05MOAS,GL010,ADCPA
CP05MOAS-GL010-01-ADCPAM000,sensor_source_temperature,sensor_source_temperature,,,,1,CP05MOAS,GL010,ADCPA
CP05MOAS-GL010-01-ADCPAM000,sensor_available_depth,sensor_available_depth,,,,1,CP05MOAS,GL010,ADCPA
CP05MOAS-GL010-01-ADCPAM000,sensor_available_heading,sensor_available_heading,,,,1,CP05MOAS,GL010,ADCPA
CP05MOAS-GL010-01-ADCPAM000,sensor_available_pitch,sensor_available_pitch,,,,1,CP05MOAS,GL010,ADCPA
CP05MOAS-GL010-01-ADCPAM000,sensor_available_roll,sensor_available_roll,,,,1,CP05MOAS,GL010,ADCPA
CP05MOAS-GL010-01-ADCPAM000,sensor_available_conductivity,sensor_available_conductivity,,,,1,CP05MOAS,GL010,ADCPA
CP05MOAS-GL010-01-ADCPAM000,sensor_available_temperature,sensor_available_temperature,,,,1,CP05MOAS,GL010,ADCPA
CP05MOAS-GL010-01-ADCPAM000,bin_1_distance,bin_1_distance,,,,cm,CP05MOAS,GL010,ADCPA
CP05MOAS-GL010-01-ADCPAM000,transmit_pulse_length,transmit_pulse_length,,,,cm,CP05MOAS,GL010,ADCPA
CP05MOAS-GL010-01-ADCPAM000,reference_layer_start,reference_layer_start,,,,1,CP05MOAS,GL010,ADCPA
CP05MOAS-GL010-01-ADCPAM000,reference_layer_stop,reference_layer_stop,,,,1,CP05MOAS,GL010,ADCPA
CP05MOAS-GL010-01-ADCPAM000,false_target_threshold,false_target_threshold,,,,counts,CP05MOAS,GL010,ADCPA
CP05MOAS-GL010-01-ADCPAM000,transmit_lag_distance,transmit_lag_distance,,,,cm,CP05MOAS,GL010,ADCPA
CP05MOAS-GL010-01-ADCPAM000,system_bandwidth,system_bandwidth,,,,1,CP05MOAS,GL010,ADCPA
CP05MOAS-GL010-01-ADCPAM000,ensemble_number,ensemble_number,,,,1,CP05MOAS,GL010,ADCPA
CP05MOAS-GL010-01-ADCPAM000,ensemble_number_increment,ensemble_number_increment,,,,1,CP05MOAS,GL010,ADCPA
CP05MOAS-GL010-01-ADCPAM000,speed_of_sound,speed_of_sound,,,,m s-1,CP05MOAS,GL010,ADCPA
CP05MOAS-GL010-01-ADCPAM000,transducer_depth,transducer_depth,,,,dm,CP05MOAS,GL010,ADCPA
CP05MOAS-GL010-01-ADCPAM000,heading,heading,,,,cdegrees,CP05MOAS,GL010,ADCPA
CP05MOAS-GL010-01-ADCPAM000,pitch,pitch,,,,cdegrees,CP05MOAS,GL010,ADCPA
CP05MOAS-GL010-01-ADCPAM000,roll,roll,,,,cdegrees,CP05MOAS,GL010,ADCPA
CP05MOAS-GL010-01-ADCPAM000,salinity,salinity,,,,1,CP05MOAS,GL010,ADCPA
CP05MOAS-GL010-01-ADCPAM000,temperature,temperature,,,,cdeg_C,CP05MOAS,GL010,ADCPA
CP05MOAS-GL010-01-ADCPAM000,mpt_minutes,mpt_minutes,,,,min,CP05MOAS,GL010,ADCPA
CP05MOAS-GL010-01-ADCPAM000,mpt_seconds,mpt_seconds,,,,s,CP05MOAS,GL010,ADCPA
CP05MOAS-GL010-01-ADCPAM000,heading_stdev,heading_stdev,,,,degrees,CP05MOAS,GL010,ADCPA
CP05MOAS-GL010-01-ADCPAM000,pitch_stdev,pitch_stdev,,,,ddegrees,CP05MOAS,GL010,ADCPA
CP05MOAS-GL010-01-ADCPAM000,roll_stdev,roll_stdev,,,,ddegrees,CP05MOAS,GL010,ADCPA
CP05MOAS-GL010-01-ADCPAM000,adc_transmit_voltage,adc_transmit_voltage,,,,counts,CP05MOAS,GL010,ADCPA
CP05MOAS-GL010-01-ADCPAM000,time,time,,,ENG,seconds since 1900-01-01,CP05MOAS,GL010,ADCPA
CP05MOAS-GL010-01-ADCPAM000,pressure,pressure,,,,daPa,CP05MOAS,GL010,ADCPA
CP05MOAS-GL010-01-ADCPAM000,pressure_variance,pressure_variance,,,,daPa,CP05MOAS,GL010,ADCPA
CP05MOAS-GL010-01-ADCPAM000,water_velocity_east,water_velocity_east,,,L0,mm s-1,CP05MOAS,GL010,ADCPA
CP05MOAS-GL010-01-ADCPAM000,water_velocity_north,water_velocity_north,,,L0,mm s-1,CP05MOAS,GL010,ADCPA
CP05MOAS-GL010-01-ADCPAM000,water_velocity_up,water_velocity_up,,,L0,mm s-1,CP05MOAS,GL010,ADCPA
CP05MOAS-GL010-01-ADCPAM000,error_velocity,error_velocity,,,L0,mm s-1,CP05MOAS,GL010,ADCPA
CP05MOAS-GL010-01-ADCPAM000,correlation_magnitude_beam1,correlation_magnitude_beam1,,,,1,CP05MOAS,GL010,ADCPA
CP05MOAS-GL010-01-ADCPAM000,correlation_magnitude_beam2,correlation_magnitude_beam2,,,,1,CP05MOAS,GL010,ADCPA
CP05MOAS-GL010-01-ADCPAM000,correlation_magnitude_beam3,correlation_magnitude_beam3,,,,1,CP05MOAS,GL010,ADCPA
CP05MOAS-GL010-01-ADCPAM000,correlation_magnitude_beam4,correlation_magnitude_beam4,,,,1,CP05MOAS,GL010,ADCPA
CP05MOAS-GL010-01-ADCPAM000,echo_intensity_beam1,echo_intensity_beam1,,,L0,counts,CP05MOAS,GL010,ADCPA
CP05MOAS-GL010-01-ADCPAM000,echo_intensity_beam2,echo_intensity_beam2,,,L0,counts,CP05MOAS,GL010,ADCPA
CP05MOAS-GL010-01-ADCPAM000,echo_intensity_beam3,echo_intensity_beam3,,,L0,counts,CP05MOAS,GL010,ADCPA
CP05MOAS-GL010-01-ADCPAM000,echo_intensity_beam4,echo_intensity_beam4,,,L0,counts,CP05MOAS,GL010,ADCPA
CP05MOAS-GL010-01-ADCPAM000,percent_good_3beam,percent_good_3beam,,,,percent,CP05MOAS,GL010,ADCPA
CP05MOAS-GL010-01-ADCPAM000,percent_transforms_reject,percent_transforms_reject,,,,percent,CP05MOAS,GL010,ADCPA
CP05MOAS-GL010-01-ADCPAM000,percent_bad_beams,percent_bad_beams,,,,percent,CP05MOAS,GL010,ADCPA
CP05MOAS-GL010-01-ADCPAM000,percent_good_4beam,percent_good_4beam,,,,percent,CP05MOAS,GL010,ADCPA
CP05MOAS-GL010-01-ADCPAM000,ensemble_start_time,ensemble_start_time,,,,seconds since 1900-01-01,CP05MOAS,GL010,ADCPA
CP05MOAS-GL010-01-ADCPAM000,ingestion_timestamp,ingestion_timestamp,,,ENG,seconds since 1900-01-01,CP05MOAS,GL010,ADCPA
CP05MOAS-GL010-01-ADCPAM000,real_time_clock,real_time_clock,,,,1,CP05MOAS,GL010,ADCPA
CP05MOAS-GL010-02-FLORTM000,driver_timestamp,driver_timestamp,,,ENG,seconds since 1900-01-01,CP05MOAS,GL010,FLORT
CP05MOAS-GL010-02-FLORTM000,internal_timestamp,internal_timestamp,,,ENG,seconds since 1900-01-01,CP05MOAS,GL010,FLORT
CP05MOAS-GL010-02-FLORTM000,m_present_secs_into_mission,m_present_secs_into_mission,,,ENG,s,CP05MOAS,GL010,FLORT
CP05MOAS-GL010-02-FLORTM000,m_present_time,m_present_time,,,AUX,seconds since 1970-01-01,CP05MOAS,GL010,FLORT
CP05MOAS-GL010-02-FLORTM000,sci_flbbcd_bb_ref,sci_flbbcd_bb_ref,,,,nm,CP05MOAS,GL010,FLORT
CP05MOAS-GL010-02-FLORTM000,sci_flbbcd_bb_sig,sci_flbbcd_bb_sig,,,,counts,CP05MOAS,GL010,FLORT
CP05MOAS-GL010-02-FLORTM000,sci_flbbcd_bb_units,sci_flbbcd_bb_units,,,L1,m-1 sr-1,CP05MOAS,GL010,FLORT
CP05MOAS-GL010-02-FLORTM000,sci_flbbcd_cdom_ref,sci_flbbcd_cdom_ref,,,,nm,CP05MOAS,GL010,FLORT
CP05MOAS-GL010-02-FLORTM000,sci_flbbcd_cdom_sig,sci_flbbcd_cdom_sig,,,,counts,CP05MOAS,GL010,FLORT
CP05MOAS-GL010-02-FLORTM000,sci_flbbcd_cdom_units,sci_flbbcd_cdom_units,0,375,L1,ppb,CP05MOAS,GL010,FLORT
CP05MOAS-GL010-02-FLORTM000,sci_flbbcd_chlor_ref,sci_flbbcd_chlor_ref,,,,nm,CP05MOAS,GL010,FLORT
CP05MOAS-GL010-02-FLORTM000,sci_flbbcd_chlor_sig,sci_flbbcd_chlor_sig,,,,counts,CP05MOAS,GL010,FLORT
CP05MOAS-GL010-02-FLORTM000,sci_flbbcd_chlor_units,sci_flbbcd_chlor_units,0,50,L1,ug L-1,CP05MOAS,GL010,FLORT
CP05MOAS-GL010-02-FLORTM000,sci_flbbcd_therm,sci_flbbcd_therm,,,ENG,1,CP05MOAS,GL010,FLORT
CP05MOAS-GL010-02-FLORTM000,sci_flbbcd_timestamp,sci_flbbcd_timestamp,,,ENG,seconds since 1970-01-01,CP05MOAS,GL010,FLORT
CP05MOAS-GL010-02-FLORTM000,sci_m_present_secs_into_mission,sci_m_present_secs_into_mission,,,,s,CP05MOAS,GL010,FLORT
CP05MOAS-GL010-02-FLORTM000,sci_m_present_time,sci_m_present_time,,,,seconds since 1970-01-01,CP05MOAS,GL010,FLORT
CP05MOAS-GL010-02-FLORTM000,preferred_timestamp,preferred_timestamp,,,ENG,1,CP05MOAS,GL010,FLORT
CP05MOAS-GL010-02-FLORTM000,flort_m_bback_total,flort_m_bback_total,0.0003,1,L2,m-1,CP05MOAS,GL010,FLORT
CP05MOAS-GL010-02-FLORTM000,flort_m_scat_seawater,flort_m_scat_seawater,,,AUX,m-1,CP05MOAS,GL010,FLORT
CP05MOAS-GL010-02-FLORTM000,time,time,,,ENG,seconds since 1900-01-01,CP05MOAS,GL010,FLORT
CP05MOAS-GL010-02-FLORTM000,ingestion_timestamp,ingestion_timestamp,,,ENG,seconds since 1900-01-01,CP05MOAS,GL010,FLORT
CP05MOAS-GL010-03-CTDGVM000,driver_timestamp,driver_timestamp,,,ENG,seconds since 1900-01-01,CP05MOAS,GL010,CTDGV
CP05MOAS-GL010-03-CTDGVM000,internal_timestamp,internal_timestamp,,,ENG,seconds since 1900-01-01,CP05MOAS,GL010,CTDGV
CP05MOAS-GL010-03-CTDGVM000,m_present_secs_into_mission,m_present_secs_into_mission,,,ENG,s,CP05MOAS,GL010,CTDGV
CP05MOAS-GL010-03-CTDGVM000,m_present_time,m_present_time,,,AUX,seconds since 1970-01-01,CP05MOAS,GL010,CTDGV
CP05MOAS-GL010-03-CTDGVM000,sci_ctd41cp_timestamp,sci_ctd41cp_timestamp,,,,seconds since 1970-01-01,CP05MOAS,GL010,CTDGV
CP05MOAS-GL010-03-CTDGVM000,sci_m_present_secs_into_mission,sci_m_present_secs_into_mission,,,,s,CP05MOAS,GL010,CTDGV
CP05MOAS-GL010-03-CTDGVM000,sci_m_present_time,sci_m_present_time,,,,seconds since 1970-01-01,CP05MOAS,GL010,CTDGV
CP05MOAS-GL010-03-CTDGVM000,sci_water_cond,sci_water_cond,0,6,L1,S m-1,CP05MOAS,GL010,CTDGV
CP05MOAS-GL010-03-CTDGVM000,sci_water_pressure,sci_water_pressure,0,6000,L1,dbar,CP05MOAS,GL010,CTDGV
CP05MOAS-GL010-03-CTDGVM000,sci_water_temp,sci_water_temp,-2,40,L1,deg_C,CP05MOAS,GL010,CTDGV
CP05MOAS-GL010-03-CTDGVM000,sci_water_pracsal,sci_water_pracsal,0,42,L2,1,CP05MOAS,GL010,CTDGV
CP05MOAS-GL010-03-CTDGVM000,preferred_timestamp,preferred_timestamp,,,ENG,1,CP05MOAS,GL010,CTDGV
CP05MOAS-GL010-03-CTDGVM000,sci_seawater_density,sci_seawater_density,1000,1100,L2,kg m-3,CP05MOAS,GL010,CTDGV
CP05MOAS-GL010-03-CTDGVM000,time,time,,,ENG,seconds since 1900-01-01,CP05MOAS,GL010,CTDGV
CP05MOAS-GL010-03-CTDGVM000,ingestion_timestamp,ingestion_timestamp,,,ENG,seconds since 1900-01-01,CP05MOAS,GL010,CTDGV
CP05MOAS-GL010-04-DOSTAM000,driver_timestamp,driver_timestamp,,,ENG,seconds since 1900-01-01,CP05MOAS,GL010,DOSTA
CP05MOAS-GL010-04-DOSTAM000,internal_timestamp,internal_timestamp,,,ENG,seconds since 1900-01-01,CP05MOAS,GL010,DOSTA
CP05MOAS-GL010-04-DOSTAM000,m_present_secs_into_mission,m_present_secs_into_mission,,,ENG,s,CP05MOAS,GL010,DOSTA
CP05MOAS-GL010-04-DOSTAM000,m_present_time,m_present_time,,,AUX,seconds since 1970-01-01,CP05MOAS,GL010,DOSTA
CP05MOAS-GL010-04-DOSTAM000,sci_m_present_secs_into_mission,sci_m_present_secs_into_mission,,,,s,CP05MOAS,GL010,DOSTA
CP05MOAS-GL010-04-DOSTAM000,sci_m_present_time,sci_m_present_time,,,,seconds since 1970-01-01,CP05MOAS,GL010,DOSTA
CP05MOAS-GL010-04-DOSTAM000,sci_oxy4_c1amp,sci_oxy4_c1amp,,,,mV,CP05MOAS,GL010,DOSTA
CP05MOAS-GL010-04-DOSTAM000,sci_oxy4_c1rph,sci_oxy4_c1rph,,,,degrees,CP05MOAS,GL010,DOSTA
CP05MOAS-GL010-04-DOSTAM000,sci_oxy4_c2amp,sci_oxy4_c2amp,,,,mV,CP05MOAS,GL010,DOSTA
CP05MOAS-GL010-04-DOSTAM000,sci_oxy4_c2rph,sci_oxy4_c2rph,,,,degrees,CP05MOAS,GL010,DOSTA
CP05MOAS-GL010-04-DOSTAM000,sci_oxy4_calphase,sci_oxy4_calphase,,,L0,degrees,CP05MOAS,GL010,DOSTA
CP05MOAS-GL010-04-DOSTAM000,sci_oxy4_oxygen,sci_oxy4_oxygen,0,400,L1,umol L-1,CP05MOAS,GL010,DOSTA
CP05MOAS-GL010-04-DOSTAM000,sci_oxy4_rawtemp,sci_oxy4_rawtemp,,,,mV,CP05MOAS,GL010,DOSTA
CP05MOAS-GL010-04-DOSTAM000,sci_oxy4_saturation,sci_oxy4_saturation,,,,percent,CP05MOAS,GL010,DOSTA
CP05MOAS-GL010-04-DOSTAM000,sci_oxy4_tcphase,sci_oxy4_tcphase,,,,degrees,CP05MOAS,GL010,DOSTA
CP05MOAS-GL010-04-DOSTAM000,sci_oxy4_temp,sci_oxy4_temp,,,,deg_C,CP05MOAS,GL010,DOSTA
CP05MOAS-GL010-04-DOSTAM000,sci_oxy4_timestamp,sci_oxy4_timestamp,,,,1,CP05MOAS,GL010,DOSTA
CP05MOAS-GL010-04-DOSTAM000,sci_water_cond,sci_water_cond,0,6,L1,S m-1,CP05MOAS,GL010,DOSTA
CP05MOAS-GL010-04-DOSTAM000,sci_water_pressure,sci_water_pressure,0,6000,L1,dbar,CP05MOAS,GL010,DOSTA
CP05MOAS-GL010-04-DOSTAM000,sci_water_temp,sci_water_temp,-2,40,L1,deg_C,CP05MOAS,GL010,DOSTA
CP05MOAS-GL010-04-DOSTAM000,preferred_timestamp,preferred_timestamp,,,ENG,1,CP05MOAS,GL010,DOSTA
CP05MOAS-GL010-04-DOSTAM000,sci_abs_oxygen,sci_abs_oxygen,0,400,L2,umol kg-1,CP05MOAS,GL010,DOSTA
CP05MOAS-GL010-04-DOSTAM000,time,time,,,ENG,seconds since 1900-01-01,CP05MOAS,GL010,DOSTA
CP05MOAS-GL010-04-DOSTAM000,ingestion_timestamp,ingestion_timestamp,,,ENG,seconds since 1900-01-01,CP05MOAS,GL010,DOSTA
CP05MOAS-GL010-05-PARADM000,driver_timestamp,driver_timestamp,,,ENG,seconds since 1900-01-01,CP05MOAS,GL010,PARAD
CP05MOAS-GL010-05-PARADM000,internal_timestamp,internal_timestamp,,,ENG,seconds since 1900-01-01,CP05MOAS,GL010,PARAD
CP05MOAS-GL010-05-PARADM000,m_present_secs_into_mission,m_present_secs_into_mission,,,ENG,s,CP05MOAS,GL010,PARAD
CP05MOAS-GL010-05-PARADM000,m_present_time,m_present_time,,,AUX,seconds since 1970-01-01,CP05MOAS,GL010,PARAD
CP05MOAS-GL010-05-PARADM000,sci_bsipar_par,sci_bsipar_par,0,2500,L1,umol photons m-2 s-1,CP05MOAS,GL010,PARAD
CP05MOAS-GL010-05-PARADM000,sci_bsipar_sensor_volts,sci_bsipar_sensor_volts,,,L0,V,CP05MOAS,GL010,PARAD
CP05MOAS-GL010-05-PARADM000,sci_bsipar_supply_volts,sci_bsipar_supply_volts,,,,V,CP05MOAS,GL010,PARAD
CP05MOAS-GL010-05-PARADM000,sci_bsipar_temp,sci_bsipar_temp,,,,deg_C,CP05MOAS,GL010,PARAD
CP05MOAS-GL010-05-PARADM000,sci_m_present_secs_into_mission,sci_m_present_secs_into_mission,,,,s,CP05MOAS,GL010,PARAD
CP05MOAS-GL010-05-PARADM000,sci_m_present_time,sci_m_present_time,,,,seconds since 1970-01-01,CP05MOAS,GL010,PARAD
CP05MOAS-GL010-05-PARADM000,preferred_timestamp,preferred_timestamp,,,ENG,1,CP05MOAS,GL010,PARAD
CP05MOAS-GL010-05-PARADM000,time,time,,,ENG,seconds since 1900-01-01,CP05MOAS,GL010,PARAD
CP05MOAS-GL010-05-PARADM000,ingestion_timestamp,ingestion_timestamp,,,ENG,seconds since 1900-01-01,CP05MOAS,GL010,PARAD
CP05MOAS-GL011-01-ADCPAM000,bin_depths,bin_depths,,,,m,CP05MOAS,GL011,ADCPA
CP05MOAS-GL011-01-ADCPAM000,driver_timestamp,driver_timestamp,,,ENG,seconds since 1900-01-01,CP05MOAS,GL011,ADCPA
CP05MOAS-GL011-01-ADCPAM000,bt_pings_per_ensemble,bt_pings_per_ensemble,,,,1,CP05MOAS,GL011,ADCPA
CP05MOAS-GL011-01-ADCPAM000,bt_delay_before_reacquire,bt_delay_before_reacquire,,,,1,CP05MOAS,GL011,ADCPA
CP05MOAS-GL011-01-ADCPAM000,bt_corr_magnitude_min,bt_corr_magnitude_min,,,,counts,CP05MOAS,GL011,ADCPA
CP05MOAS-GL011-01-ADCPAM000,bt_eval_magnitude_min,bt_eval_magnitude_min,,,,counts,CP05MOAS,GL011,ADCPA
CP05MOAS-GL011-01-ADCPAM000,bt_percent_good_min,bt_percent_good_min,,,,percent,CP05MOAS,GL011,ADCPA
CP05MOAS-GL011-01-ADCPAM000,bt_mode,bt_mode,,,,1,CP05MOAS,GL011,ADCPA
CP05MOAS-GL011-01-ADCPAM000,bt_error_velocity_max,bt_error_velocity_max,,,,mm s-1,CP05MOAS,GL011,ADCPA
CP05MOAS-GL011-01-ADCPAM000,bt_beam1_range,bt_beam1_range,,,,cm,CP05MOAS,GL011,ADCPA
CP05MOAS-GL011-01-ADCPAM000,bt_beam2_range,bt_beam2_range,,,,cm,CP05MOAS,GL011,ADCPA
CP05MOAS-GL011-01-ADCPAM000,bt_beam3_range,bt_beam3_range,,,,cm,CP05MOAS,GL011,ADCPA
CP05MOAS-GL011-01-ADCPAM000,bt_beam4_range,bt_beam4_range,,,,cm,CP05MOAS,GL011,ADCPA
CP05MOAS-GL011-01-ADCPAM000,bt_eastward_velocity,bt_eastward_velocity,,,,mm s-1,CP05MOAS,GL011,ADCPA
CP05MOAS-GL011-01-ADCPAM000,bt_northward_velocity,bt_northward_velocity,,,,mm s-1,CP05MOAS,GL011,ADCPA
CP05MOAS-GL011-01-ADCPAM000,bt_upward_velocity,bt_upward_velocity,,,,mm s-1,CP05MOAS,GL011,ADCPA
CP05MOAS-GL011-01-ADCPAM000,bt_error_velocity,bt_error_velocity,,,,mm s-1,CP05MOAS,GL011,ADCPA
CP05MOAS-GL011-01-ADCPAM000,bt_beam1_correlation,bt_beam1_correlation,,,,counts,CP05MOAS,GL011,ADCPA
CP05MOAS-GL011-01-ADCPAM000,bt_beam2_correlation,bt_beam2_correlation,,,,counts,CP05MOAS,GL011,ADCPA
CP05MOAS-GL011-01-ADCPAM000,bt_beam3_correlation,bt_beam3_correlation,,,,counts,CP05MOAS,GL011,ADCPA
CP05MOAS-GL011-01-ADCPAM000,bt_beam4_correlation,bt_beam4_correlation,,,,counts,CP05MOAS,GL011,ADCPA
CP05MOAS-GL011-01-ADCPAM000,bt_beam1_eval_amp,bt_beam1_eval_amp,,,,counts,CP05MOAS,GL011,ADCPA
CP05MOAS-GL011-01-ADCPAM000,bt_beam2_eval_amp,bt_beam2_eval_amp,,,,counts,CP05MOAS,GL011,ADCPA
CP05MOAS-GL011-01-ADCPAM000,bt_beam3_eval_amp,bt_beam3_eval_amp,,,,counts,CP05MOAS,GL011,ADCPA
CP05MOAS-GL011-01-ADCPAM000,bt_beam4_eval_amp,bt_beam4_eval_amp,,,,counts,CP05MOAS,GL011,ADCPA
CP05MOAS-GL011-01-ADCPAM000,bt_beam1_percent_good,bt_beam1_percent_good,,,,percent,CP05MOAS,GL011,ADCPA
CP05MOAS-GL011-01-ADCPAM000,bt_beam2_percent_good,bt_beam2_percent_good,,,,percent,CP05MOAS,GL011,ADCPA
CP05MOAS-GL011-01-ADCPAM000,bt_beam3_percent_good,bt_beam3_percent_good,,,,percent,CP05MOAS,GL011,ADCPA
CP05MOAS-GL011-01-ADCPAM000,bt_beam4_percent_good,bt_beam4_percent_good,,,,percent,CP05MOAS,GL011,ADCPA
CP05MOAS-GL011-01-ADCPAM000,bt_ref_layer_min,bt_ref_layer_min,,,,dm,CP05MOAS,GL011,ADCPA
CP05MOAS-GL011-01-ADCPAM000,bt_ref_layer_near,bt_ref_layer_near,,,,dm,CP05MOAS,GL011,ADCPA
CP05MOAS-GL011-01-ADCPAM000,bt_ref_layer_far,bt_ref_layer_far,,,,dm,CP05MOAS,GL011,ADCPA
CP05MOAS-GL011-01-ADCPAM000,bt_eastward_ref_layer_velocity,bt_eastward_ref_layer_velocity,,,,mm s-1,CP05MOAS,GL011,ADCPA
CP05MOAS-GL011-01-ADCPAM000,bt_northward_ref_layer_velocity,bt_northward_ref_layer_velocity,,,,mm s-1,CP05MOAS,GL011,ADCPA
CP05MOAS-GL011-01-ADCPAM000,bt_upward_ref_layer_velocity,bt_upward_ref_layer_velocity,,,,mm s-1,CP05MOAS,GL011,ADCPA
CP05MOAS-GL011-01-ADCPAM000,bt_error_ref_layer_velocity,bt_error_ref_layer_velocity,,,,mm s-1,CP05MOAS,GL011,ADCPA
CP05MOAS-GL011-01-ADCPAM000,bt_beam1_ref_correlation,bt_beam1_ref_correlation,,,,counts,CP05MOAS,GL011,ADCPA
CP05MOAS-GL011-01-ADCPAM000,bt_beam2_ref_correlation,bt_beam2_ref_correlation,,,,counts,CP05MOAS,GL011,ADCPA
CP05MOAS-GL011-01-ADCPAM000,bt_beam3_ref_correlation,bt_beam3_ref_correlation,,,,counts,CP05MOAS,GL011,ADCPA
CP05MOAS-GL011-01-ADCPAM000,bt_beam4_ref_correlation,bt_beam4_ref_correlation,,,,counts,CP05MOAS,GL011,ADCPA
CP05MOAS-GL011-01-ADCPAM000,bt_beam1_ref_intensity,bt_beam1_ref_intensity,,,,counts,CP05MOAS,GL011,ADCPA
CP05MOAS-GL011-01-ADCPAM000,bt_beam2_ref_intensity,bt_beam2_ref_intensity,,,,counts,CP05MOAS,GL011,ADCPA
CP05MOAS-GL011-01-ADCPAM000,internal_timestamp,internal_timestamp,,,ENG,seconds since 1900-01-01,CP05MOAS,GL011,ADCPA
CP05MOAS-GL011-01-ADCPAM000,bt_beam3_ref_intensity,bt_beam3_ref_intensity,,,,counts,CP05MOAS,GL011,ADCPA
CP05MOAS-GL011-01-ADCPAM000,bt_beam4_ref_intensity,bt_beam4_ref_intensity,,,,counts,CP05MOAS,GL011,ADCPA
CP05MOAS-GL011-01-ADCPAM000,bt_beam1_ref_percent_good,bt_beam1_ref_percent_good,,,,percent,CP05MOAS,GL011,ADCPA
CP05MOAS-GL011-01-ADCPAM000,bt_beam2_ref_percent_good,bt_beam2_ref_percent_good,,,,percent,CP05MOAS,GL011,ADCPA
CP05MOAS-GL011-01-ADCPAM000,bt_beam3_ref_percent_good,bt_beam3_ref_percent_good,,,,percent,CP05MOAS,GL011,ADCPA
CP05MOAS-GL011-01-ADCPAM000,bt_beam4_ref_percent_good,bt_beam4_ref_percent_good,,,,percent,CP05MOAS,GL011,ADCPA
CP05MOAS-GL011-01-ADCPAM000,bt_max_depth,bt_max_depth,,,,dm,CP05MOAS,GL011,ADCPA
CP05MOAS-GL011-01-ADCPAM000,bt_beam1_rssi_amplitude,bt_beam1_rssi_amplitude,,,,counts,CP05MOAS,GL011,ADCPA
CP05MOAS-GL011-01-ADCPAM000,bt_beam2_rssi_amplitude,bt_beam2_rssi_amplitude,,,,counts,CP05MOAS,GL011,ADCPA
CP05MOAS-GL011-01-ADCPAM000,bt_beam3_rssi_amplitude,bt_beam3_rssi_amplitude,,,,counts,CP05MOAS,GL011,ADCPA
CP05MOAS-GL011-01-ADCPAM000,bt_beam4_rssi_amplitude,bt_beam4_rssi_amplitude,,,,counts,CP05MOAS,GL011,ADCPA
CP05MOAS-GL011-01-ADCPAM000,bt_gain,bt_gain,,,,1,CP05MOAS,GL011,ADCPA
CP05MOAS-GL011-01-ADCPAM000,preferred_timestamp,preferred_timestamp,,,ENG,1,CP05MOAS,GL011,ADCPA
CP05MOAS-GL011-01-ADCPAM000,sensor_available_speed,sensor_available_speed,,,,1,CP05MOAS,GL011,ADCPA
CP05MOAS-GL011-01-ADCPAM000,sensor_source_temperature_eu,sensor_source_temperature_eu,,,,1,CP05MOAS,GL011,ADCPA
CP05MOAS-GL011-01-ADCPAM000,sensor_available_temperature_eu,sensor_available_temperature_eu,,,,1,CP05MOAS,GL011,ADCPA
CP05MOAS-GL011-01-ADCPAM000,bit_error_number,bit_error_number,,,,1,CP05MOAS,GL011,ADCPA
CP05MOAS-GL011-01-ADCPAM000,bit_error_count,bit_error_count,,,,counts,CP05MOAS,GL011,ADCPA
CP05MOAS-GL011-01-ADCPAM000,sysconfig_beam_angle,sysconfig_beam_angle,,,,1,CP05MOAS,GL011,ADCPA
CP05MOAS-GL011-01-ADCPAM000,sysconfig_beam_config,sysconfig_beam_config,,,,1,CP05MOAS,GL011,ADCPA
CP05MOAS-GL011-01-ADCPAM000,adcpa_m_upward_seawater_velocity,adcpa_m_upward_seawater_velocity,-1,1,L1,m s-1,CP05MOAS,GL011,ADCPA
CP05MOAS-GL011-01-ADCPAM000,adcpa_m_error_velocity,adcpa_m_error_velocity,-1,1,L1,m s-1,CP05MOAS,GL011,ADCPA
CP05MOAS-GL011-01-ADCPAM000,adcpa_m_eastward_seawater_velocity,adcpa_m_eastward_seawater_velocity,-3,3,L1,m s-1,CP05MOAS,GL011,ADCPA
CP05MOAS-GL011-01-ADCPAM000,adcpa_m_northward_seawater_velocity,adcpa_m_northward_seawater_velocity,-3,3,L1,m s-1,CP05MOAS,GL011,ADCPA
CP05MOAS-GL011-01-ADCPAM000,adcpa_m_echo_intensity_beam1,adcpa_m_echo_intensity_beam1,0,255,L1,dB,CP05MOAS,GL011,ADCPA
CP05MOAS-GL011-01-ADCPAM000,adcpa_m_echo_intensity_beam2,adcpa_m_echo_intensity_beam2,0,255,L1,dB,CP05MOAS,GL011,ADCPA
CP05MOAS-GL011-01-ADCPAM000,adcpa_m_echo_intensity_beam3,adcpa_m_echo_intensity_beam3,0,255,L1,dB,CP05MOAS,GL011,ADCPA
CP05MOAS-GL011-01-ADCPAM000,adcpa_m_echo_intensity_beam4,adcpa_m_echo_intensity_beam4,0,255,L1,dB,CP05MOAS,GL011,ADCPA
CP05MOAS-GL011-01-ADCPAM000,serial_number,serial_number,,,ENG,1,CP05MOAS,GL011,ADCPA
CP05MOAS-GL011-01-ADCPAM000,firmware_version,firmware_version,,,,1,CP05MOAS,GL011,ADCPA
CP05MOAS-GL011-01-ADCPAM000,firmware_revision,firmware_revision,,,,1,CP05MOAS,GL011,ADCPA
CP05MOAS-GL011-01-ADCPAM000,sysconfig_frequency,sysconfig_frequency,,,,kHz,CP05MOAS,GL011,ADCPA
CP05MOAS-GL011-01-ADCPAM000,sysconfig_beam_pattern,sysconfig_beam_pattern,,,,1,CP05MOAS,GL011,ADCPA
CP05MOAS-GL011-01-ADCPAM000,sysconfig_sensor_config,sysconfig_sensor_config,,,,1,CP05MOAS,GL011,ADCPA
CP05MOAS-GL011-01-ADCPAM000,sysconfig_head_attached,sysconfig_head_attached,,,,1,CP05MOAS,GL011,ADCPA
CP05MOAS-GL011-01-ADCPAM000,sysconfig_vertical_orientation,sysconfig_vertical_orientation,,,,1,CP05MOAS,GL011,ADCPA
CP05MOAS-GL011-01-ADCPAM000,data_flag,data_flag,,,,1,CP05MOAS,GL011,ADCPA
CP05MOAS-GL011-01-ADCPAM000,lag_length,lag_length,,,,s,CP05MOAS,GL011,ADCPA
CP05MOAS-GL011-01-ADCPAM000,num_beams,num_beams,,,,1,CP05MOAS,GL011,ADCPA
CP05MOAS-GL011-01-ADCPAM000,num_cells,num_cells,,,,1,CP05MOAS,GL011,ADCPA
CP05MOAS-GL011-01-ADCPAM000,pings_per_ensemble,pings_per_ensemble,,,,1,CP05MOAS,GL011,ADCPA
CP05MOAS-GL011-01-ADCPAM000,cell_length,cell_length,,,,cm,CP05MOAS,GL011,ADCPA
CP05MOAS-GL011-01-ADCPAM000,blank_after_transmit,blank_after_transmit,,,,cm,CP05MOAS,GL011,ADCPA
CP05MOAS-GL011-01-ADCPAM000,signal_processing_mode,signal_processing_mode,,,,1,CP05MOAS,GL011,ADCPA
CP05MOAS-GL011-01-ADCPAM000,low_corr_threshold,low_corr_threshold,,,,counts,CP05MOAS,GL011,ADCPA
CP05MOAS-GL011-01-ADCPAM000,num_code_repetitions,num_code_repetitions,,,,counts,CP05MOAS,GL011,ADCPA
CP05MOAS-GL011-01-ADCPAM000,percent_good_min,percent_good_min,,,,percent,CP05MOAS,GL011,ADCPA
CP05MOAS-GL011-01-ADCPAM000,error_vel_threshold,error_vel_threshold,,,,mm s-1,CP05MOAS,GL011,ADCPA
CP05MOAS-GL011-01-ADCPAM000,time_per_ping_minutes,time_per_ping_minutes,,,,min,CP05MOAS,GL011,ADCPA
CP05MOAS-GL011-01-ADCPAM000,time_per_ping_seconds,time_per_ping_seconds,,,,s,CP05MOAS,GL011,ADCPA
CP05MOAS-GL011-01-ADCPAM000,coord_transform_type,coord_transform_type,,,,1,CP05MOAS,GL011,ADCPA
CP05MOAS-GL011-01-ADCPAM000,coord_transform_tilts,coord_transform_tilts,,,,1,CP05MOAS,GL011,ADCPA
CP05MOAS-GL011-01-ADCPAM000,coord_transform_beams,coord_transform_beams,,,,1,CP05MOAS,GL011,ADCPA
CP05MOAS-GL011-01-ADCPAM000,coord_transform_mapping,coord_transform_mapping,,,,1,CP05MOAS,GL011,ADCPA
CP05MOAS-GL011-01-ADCPAM000,heading_alignment,heading_alignment,,,,cdegrees,CP05MOAS,GL011,ADCPA
CP05MOAS-GL011-01-ADCPAM000,heading_bias,heading_bias,,,,cdegrees,CP05MOAS,GL011,ADCPA
CP05MOAS-GL011-01-ADCPAM000,sensor_source_speed,sensor_source_speed,,,,1,CP05MOAS,GL011,ADCPA
CP05MOAS-GL011-01-ADCPAM000,sensor_source_depth,sensor_source_depth,,,,1,CP05MOAS,GL011,ADCPA
CP05MOAS-GL011-01-ADCPAM000,sensor_source_heading,sensor_source_heading,,,,1,CP05MOAS,GL011,ADCPA
CP05MOAS-GL011-01-ADCPAM000,sensor_source_pitch,sensor_source_pitch,,,,1,CP05MOAS,GL011,ADCPA
CP05MOAS-GL011-01-ADCPAM000,sensor_source_roll,sensor_source_roll,,,,1,CP05MOAS,GL011,ADCPA
CP05MOAS-GL011-01-ADCPAM000,sensor_source_conductivity,sensor_source_conductivity,,,,1,CP05MOAS,GL011,ADCPA
CP05MOAS-GL011-01-ADCPAM000,sensor_source_temperature,sensor_source_temperature,,,,1,CP05MOAS,GL011,ADCPA
CP05MOAS-GL011-01-ADCPAM000,sensor_available_depth,sensor_available_depth,,,,1,CP05MOAS,GL011,ADCPA
CP05MOAS-GL011-01-ADCPAM000,sensor_available_heading,sensor_available_heading,,,,1,CP05MOAS,GL011,ADCPA
CP05MOAS-GL011-01-ADCPAM000,sensor_available_pitch,sensor_available_pitch,,,,1,CP05MOAS,GL011,ADCPA
CP05MOAS-GL011-01-ADCPAM000,sensor_available_roll,sensor_available_roll,,,,1,CP05MOAS,GL011,ADCPA
CP05MOAS-GL011-01-ADCPAM000,sensor_available_conductivity,sensor_available_conductivity,,,,1,CP05MOAS,GL011,ADCPA
CP05MOAS-GL011-01-ADCPAM000,sensor_available_temperature,sensor_available_temperature,,,,1,CP05MOAS,GL011,ADCPA
CP05MOAS-GL011-01-ADCPAM000,bin_1_distance,bin_1_distance,,,,cm,CP05MOAS,GL011,ADCPA
CP05MOAS-GL011-01-ADCPAM000,transmit_pulse_length,transmit_pulse_length,,,,cm,CP05MOAS,GL011,ADCPA
CP05MOAS-GL011-01-ADCPAM000,reference_layer_start,reference_layer_start,,,,1,CP05MOAS,GL011,ADCPA
CP05MOAS-GL011-01-ADCPAM000,reference_layer_stop,reference_layer_stop,,,,1,CP05MOAS,GL011,ADCPA
CP05MOAS-GL011-01-ADCPAM000,false_target_threshold,false_target_threshold,,,,counts,CP05MOAS,GL011,ADCPA
CP05MOAS-GL011-01-ADCPAM000,transmit_lag_distance,transmit_lag_distance,,,,cm,CP05MOAS,GL011,ADCPA
CP05MOAS-GL011-01-ADCPAM000,system_bandwidth,system_bandwidth,,,,1,CP05MOAS,GL011,ADCPA
CP05MOAS-GL011-01-ADCPAM000,ensemble_number,ensemble_number,,,,1,CP05MOAS,GL011,ADCPA
CP05MOAS-GL011-01-ADCPAM000,ensemble_number_increment,ensemble_number_increment,,,,1,CP05MOAS,GL011,ADCPA
CP05MOAS-GL011-01-ADCPAM000,speed_of_sound,speed_of_sound,,,,m s-1,CP05MOAS,GL011,ADCPA
CP05MOAS-GL011-01-ADCPAM000,transducer_depth,transducer_depth,,,,dm,CP05MOAS,GL011,ADCPA
CP05MOAS-GL011-01-ADCPAM000,heading,heading,,,,cdegrees,CP05MOAS,GL011,ADCPA
CP05MOAS-GL011-01-ADCPAM000,pitch,pitch,,,,cdegrees,CP05MOAS,GL011,ADCPA
CP05MOAS-GL011-01-ADCPAM000,roll,roll,,,,cdegrees,CP05MOAS,GL011,ADCPA
CP05MOAS-GL011-01-ADCPAM000,salinity,salinity,,,,1,CP05MOAS,GL011,ADCPA
CP05MOAS-GL011-01-ADCPAM000,temperature,temperature,,,,cdeg_C,CP05MOAS,GL011,ADCPA
CP05MOAS-GL011-01-ADCPAM000,mpt_minutes,mpt_minutes,,,,min,CP05MOAS,GL011,ADCPA
CP05MOAS-GL011-01-ADCPAM000,mpt_seconds,mpt_seconds,,,,s,CP05MOAS,GL011,ADCPA
CP05MOAS-GL011-01-ADCPAM000,heading_stdev,heading_stdev,,,,degrees,CP05MOAS,GL011,ADCPA
CP05MOAS-GL011-01-ADCPAM000,pitch_stdev,pitch_stdev,,,,ddegrees,CP05MOAS,GL011,ADCPA
CP05MOAS-GL011-01-ADCPAM000,roll_stdev,roll_stdev,,,,ddegrees,CP05MOAS,GL011,ADCPA
CP05MOAS-GL011-01-ADCPAM000,adc_transmit_voltage,adc_transmit_voltage,,,,counts,CP05MOAS,GL011,ADCPA
CP05MOAS-GL011-01-ADCPAM000,time,time,,,ENG,seconds since 1900-01-01,CP05MOAS,GL011,ADCPA
CP05MOAS-GL011-01-ADCPAM000,pressure,pressure,,,,daPa,CP05MOAS,GL011,ADCPA
CP05MOAS-GL011-01-ADCPAM000,pressure_variance,pressure_variance,,,,daPa,CP05MOAS,GL011,ADCPA
CP05MOAS-GL011-01-ADCPAM000,water_velocity_east,water_velocity_east,,,L0,mm s-1,CP05MOAS,GL011,ADCPA
CP05MOAS-GL011-01-ADCPAM000,water_velocity_north,water_velocity_north,,,L0,mm s-1,CP05MOAS,GL011,ADCPA
CP05MOAS-GL011-01-ADCPAM000,water_velocity_up,water_velocity_up,,,L0,mm s-1,CP05MOAS,GL011,ADCPA
CP05MOAS-GL011-01-ADCPAM000,error_velocity,error_velocity,,,L0,mm s-1,CP05MOAS,GL011,ADCPA
CP05MOAS-GL011-01-ADCPAM000,correlation_magnitude_beam1,correlation_magnitude_beam1,,,,1,CP05MOAS,GL011,ADCPA
CP05MOAS-GL011-01-ADCPAM000,correlation_magnitude_beam2,correlation_magnitude_beam2,,,,1,CP05MOAS,GL011,ADCPA
CP05MOAS-GL011-01-ADCPAM000,correlation_magnitude_beam3,correlation_magnitude_beam3,,,,1,CP05MOAS,GL011,ADCPA
CP05MOAS-GL011-01-ADCPAM000,correlation_magnitude_beam4,correlation_magnitude_beam4,,,,1,CP05MOAS,GL011,ADCPA
CP05MOAS-GL011-01-ADCPAM000,echo_intensity_beam1,echo_intensity_beam1,,,L0,counts,CP05MOAS,GL011,ADCPA
CP05MOAS-GL011-01-ADCPAM000,echo_intensity_beam2,echo_intensity_beam2,,,L0,counts,CP05MOAS,GL011,ADCPA
CP05MOAS-GL011-01-ADCPAM000,echo_intensity_beam3,echo_intensity_beam3,,,L0,counts,CP05MOAS,GL011,ADCPA
CP05MOAS-GL011-01-ADCPAM000,echo_intensity_beam4,echo_intensity_beam4,,,L0,counts,CP05MOAS,GL011,ADCPA
CP05MOAS-GL011-01-ADCPAM000,percent_good_3beam,percent_good_3beam,,,,percent,CP05MOAS,GL011,ADCPA
CP05MOAS-GL011-01-ADCPAM000,percent_transforms_reject,percent_transforms_reject,,,,percent,CP05MOAS,GL011,ADCPA
CP05MOAS-GL011-01-ADCPAM000,percent_bad_beams,percent_bad_beams,,,,percent,CP05MOAS,GL011,ADCPA
CP05MOAS-GL011-01-ADCPAM000,percent_good_4beam,percent_good_4beam,,,,percent,CP05MOAS,GL011,ADCPA
CP05MOAS-GL011-01-ADCPAM000,ensemble_start_time,ensemble_start_time,,,,seconds since 1900-01-01,CP05MOAS,GL011,ADCPA
CP05MOAS-GL011-01-ADCPAM000,ingestion_timestamp,ingestion_timestamp,,,ENG,seconds since 1900-01-01,CP05MOAS,GL011,ADCPA
CP05MOAS-GL011-01-ADCPAM000,real_time_clock,real_time_clock,,,,1,CP05MOAS,GL011,ADCPA
CP05MOAS-GL011-02-FLORTM000,driver_timestamp,driver_timestamp,,,ENG,seconds since 1900-01-01,CP05MOAS,GL011,FLORT
CP05MOAS-GL011-02-FLORTM000,internal_timestamp,internal_timestamp,,,ENG,seconds since 1900-01-01,CP05MOAS,GL011,FLORT
CP05MOAS-GL011-02-FLORTM000,m_present_secs_into_mission,m_present_secs_into_mission,,,ENG,s,CP05MOAS,GL011,FLORT
CP05MOAS-GL011-02-FLORTM000,m_present_time,m_present_time,,,AUX,seconds since 1970-01-01,CP05MOAS,GL011,FLORT
CP05MOAS-GL011-02-FLORTM000,sci_flbbcd_bb_ref,sci_flbbcd_bb_ref,,,,nm,CP05MOAS,GL011,FLORT
CP05MOAS-GL011-02-FLORTM000,sci_flbbcd_bb_sig,sci_flbbcd_bb_sig,,,,counts,CP05MOAS,GL011,FLORT
CP05MOAS-GL011-02-FLORTM000,sci_flbbcd_bb_units,sci_flbbcd_bb_units,,,L1,m-1 sr-1,CP05MOAS,GL011,FLORT
CP05MOAS-GL011-02-FLORTM000,sci_flbbcd_cdom_ref,sci_flbbcd_cdom_ref,,,,nm,CP05MOAS,GL011,FLORT
CP05MOAS-GL011-02-FLORTM000,sci_flbbcd_cdom_sig,sci_flbbcd_cdom_sig,,,,counts,CP05MOAS,GL011,FLORT
CP05MOAS-GL011-02-FLORTM000,sci_flbbcd_cdom_units,sci_flbbcd_cdom_units,0,375,L1,ppb,CP05MOAS,GL011,FLORT
CP05MOAS-GL011-02-FLORTM000,sci_flbbcd_chlor_ref,sci_flbbcd_chlor_ref,,,,nm,CP05MOAS,GL011,FLORT
CP05MOAS-GL011-02-FLORTM000,sci_flbbcd_chlor_sig,sci_flbbcd_chlor_sig,,,,counts,CP05MOAS,GL011,FLORT
CP05MOAS-GL011-02-FLORTM000,sci_flbbcd_chlor_units,sci_flbbcd_chlor_units,0,50,L1,ug L-1,CP05MOAS,GL011,FLORT
CP05MOAS-GL011-02-FLORTM000,sci_flbbcd_therm,sci_flbbcd_therm,,,ENG,1,CP05MOAS,GL011,FLORT
CP05MOAS-GL011-02-FLORTM000,sci_flbbcd_timestamp,sci_flbbcd_timestamp,,,ENG,seconds since 1970-01-01,CP05MOAS,GL011,FLORT
CP05MOAS-GL011-02-FLORTM000,sci_m_present_secs_into_mission,sci_m_present_secs_into_mission,,,,s,CP05MOAS,GL011,FLORT
CP05MOAS-GL011-02-FLORTM000,sci_m_present_time,sci_m_present_time,,,,seconds since 1970-01-01,CP05MOAS,GL011,FLORT
CP05MOAS-GL011-02-FLORTM000,preferred_timestamp,preferred_timestamp,,,ENG,1,CP05MOAS,GL011,FLORT
CP05MOAS-GL011-02-FLORTM000,flort_m_bback_total,flort_m_bback_total,0.0003,1,L2,m-1,CP05MOAS,GL011,FLORT
CP05MOAS-GL011-02-FLORTM000,flort_m_scat_seawater,flort_m_scat_seawater,,,AUX,m-1,CP05MOAS,GL011,FLORT
CP05MOAS-GL011-02-FLORTM000,time,time,,,ENG,seconds since 1900-01-01,CP05MOAS,GL011,FLORT
CP05MOAS-GL011-02-FLORTM000,ingestion_timestamp,ingestion_timestamp,,,ENG,seconds since 1900-01-01,CP05MOAS,GL011,FLORT
CP05MOAS-GL011-03-CTDGVM000,driver_timestamp,driver_timestamp,,,ENG,seconds since 1900-01-01,CP05MOAS,GL011,CTDGV
CP05MOAS-GL011-03-CTDGVM000,internal_timestamp,internal_timestamp,,,ENG,seconds since 1900-01-01,CP05MOAS,GL011,CTDGV
CP05MOAS-GL011-03-CTDGVM000,m_present_secs_into_mission,m_present_secs_into_mission,,,ENG,s,CP05MOAS,GL011,CTDGV
CP05MOAS-GL011-03-CTDGVM000,m_present_time,m_present_time,,,AUX,seconds since 1970-01-01,CP05MOAS,GL011,CTDGV
CP05MOAS-GL011-03-CTDGVM000,sci_ctd41cp_timestamp,sci_ctd41cp_timestamp,,,,seconds since 1970-01-01,CP05MOAS,GL011,CTDGV
CP05MOAS-GL011-03-CTDGVM000,sci_m_present_secs_into_mission,sci_m_present_secs_into_mission,,,,s,CP05MOAS,GL011,CTDGV
CP05MOAS-GL011-03-CTDGVM000,sci_m_present_time,sci_m_present_time,,,,seconds since 1970-01-01,CP05MOAS,GL011,CTDGV
CP05MOAS-GL011-03-CTDGVM000,sci_water_cond,sci_water_cond,0,6,L1,S m-1,CP05MOAS,GL011,CTDGV
CP05MOAS-GL011-03-CTDGVM000,sci_water_pressure,sci_water_pressure,0,6000,L1,dbar,CP05MOAS,GL011,CTDGV
CP05MOAS-GL011-03-CTDGVM000,sci_water_temp,sci_water_temp,-2,40,L1,deg_C,CP05MOAS,GL011,CTDGV
CP05MOAS-GL011-03-CTDGVM000,sci_water_pracsal,sci_water_pracsal,0,42,L2,1,CP05MOAS,GL011,CTDGV
CP05MOAS-GL011-03-CTDGVM000,preferred_timestamp,preferred_timestamp,,,ENG,1,CP05MOAS,GL011,CTDGV
CP05MOAS-GL011-03-CTDGVM000,sci_seawater_density,sci_seawater_density,1000,1100,L2,kg m-3,CP05MOAS,GL011,CTDGV
CP05MOAS-GL011-03-CTDGVM000,time,time,,,ENG,seconds since 1900-01-01,CP05MOAS,GL011,CTDGV
CP05MOAS-GL011-03-CTDGVM000,ingestion_timestamp,ingestion_timestamp,,,ENG,seconds since 1900-01-01,CP05MOAS,GL011,CTDGV
CP05MOAS-GL011-04-DOSTAM000,driver_timestamp,driver_timestamp,,,ENG,seconds since 1900-01-01,CP05MOAS,GL011,DOSTA
CP05MOAS-GL011-04-DOSTAM000,internal_timestamp,internal_timestamp,,,ENG,seconds since 1900-01-01,CP05MOAS,GL011,DOSTA
CP05MOAS-GL011-04-DOSTAM000,m_present_secs_into_mission,m_present_secs_into_mission,,,ENG,s,CP05MOAS,GL011,DOSTA
CP05MOAS-GL011-04-DOSTAM000,m_present_time,m_present_time,,,AUX,seconds since 1970-01-01,CP05MOAS,GL011,DOSTA
CP05MOAS-GL011-04-DOSTAM000,sci_m_present_secs_into_mission,sci_m_present_secs_into_mission,,,,s,CP05MOAS,GL011,DOSTA
CP05MOAS-GL011-04-DOSTAM000,sci_m_present_time,sci_m_present_time,,,,seconds since 1970-01-01,CP05MOAS,GL011,DOSTA
CP05MOAS-GL011-04-DOSTAM000,sci_oxy4_c1amp,sci_oxy4_c1amp,,,,mV,CP05MOAS,GL011,DOSTA
CP05MOAS-GL011-04-DOSTAM000,sci_oxy4_c1rph,sci_oxy4_c1rph,,,,degrees,CP05MOAS,GL011,DOSTA
CP05MOAS-GL011-04-DOSTAM000,sci_oxy4_c2amp,sci_oxy4_c2amp,,,,mV,CP05MOAS,GL011,DOSTA
CP05MOAS-GL011-04-DOSTAM000,sci_oxy4_c2rph,sci_oxy4_c2rph,,,,degrees,CP05MOAS,GL011,DOSTA
CP05MOAS-GL011-04-DOSTAM000,sci_oxy4_calphase,sci_oxy4_calphase,,,L0,degrees,CP05MOAS,GL011,DOSTA
CP05MOAS-GL011-04-DOSTAM000,sci_oxy4_oxygen,sci_oxy4_oxygen,0,400,L1,umol L-1,CP05MOAS,GL011,DOSTA
CP05MOAS-GL011-04-DOSTAM000,sci_oxy4_rawtemp,sci_oxy4_rawtemp,,,,mV,CP05MOAS,GL011,DOSTA
CP05MOAS-GL011-04-DOSTAM000,sci_oxy4_saturation,sci_oxy4_saturation,,,,percent,CP05MOAS,GL011,DOSTA
CP05MOAS-GL011-04-DOSTAM000,sci_oxy4_tcphase,sci_oxy4_tcphase,,,,degrees,CP05MOAS,GL011,DOSTA
CP05MOAS-GL011-04-DOSTAM000,sci_oxy4_temp,sci_oxy4_temp,,,,deg_C,CP05MOAS,GL011,DOSTA
CP05MOAS-GL011-04-DOSTAM000,sci_oxy4_timestamp,sci_oxy4_timestamp,,,,1,CP05MOAS,GL011,DOSTA
CP05MOAS-GL011-04-DOSTAM000,sci_water_cond,sci_water_cond,0,6,L1,S m-1,CP05MOAS,GL011,DOSTA
CP05MOAS-GL011-04-DOSTAM000,sci_water_pressure,sci_water_pressure,0,6000,L1,dbar,CP05MOAS,GL011,DOSTA
CP05MOAS-GL011-04-DOSTAM000,sci_water_temp,sci_water_temp,-2,40,L1,deg_C,CP05MOAS,GL011,DOSTA
CP05MOAS-GL011-04-DOSTAM000,preferred_timestamp,preferred_timestamp,,,ENG,1,CP05MOAS,GL011,DOSTA
CP05MOAS-GL011-04-DOSTAM000,sci_abs_oxygen,sci_abs_oxygen,0,400,L2,umol kg-1,CP05MOAS,GL011,DOSTA
CP05MOAS-GL011-04-DOSTAM000,time,time,,,ENG,seconds since 1900-01-01,CP05MOAS,GL011,DOSTA
CP05MOAS-GL011-04-DOSTAM000,ingestion_timestamp,ingestion_timestamp,,,ENG,seconds since 1900-01-01,CP05MOAS,GL011,DOSTA
CP05MOAS-GL011-05-PARADM000,driver_timestamp,driver_timestamp,,,ENG,seconds since 1900-01-01,CP05MOAS,GL011,PARAD
CP05MOAS-GL011-05-PARADM000,internal_timestamp,internal_timestamp,,,ENG,seconds since 1900-01-01,CP05MOAS,GL011,PARAD
CP05MOAS-GL011-05-PARADM000,m_present_secs_into_mission,m_present_secs_into_mission,,,ENG,s,CP05MOAS,GL011,PARAD
CP05MOAS-GL011-05-PARADM000,m_present_time,m_present_time,,,AUX,seconds since 1970-01-01,CP05MOAS,GL011,PARAD
CP05MOAS-GL011-05-PARADM000,sci_bsipar_par,sci_bsipar_par,0,2500,L1,umol photons m-2 s-1,CP05MOAS,GL011,PARAD
CP05MOAS-GL011-05-PARADM000,sci_bsipar_sensor_volts,sci_bsipar_sensor_volts,,,L0,V,CP05MOAS,GL011,PARAD
CP05MOAS-GL011-05-PARADM000,sci_bsipar_supply_volts,sci_bsipar_supply_volts,,,,V,CP05MOAS,GL011,PARAD
CP05MOAS-GL011-05-PARADM000,sci_bsipar_temp,sci_bsipar_temp,,,,deg_C,CP05MOAS,GL011,PARAD
CP05MOAS-GL011-05-PARADM000,sci_m_present_secs_into_mission,sci_m_present_secs_into_mission,,,,s,CP05MOAS,GL011,PARAD
CP05MOAS-GL011-05-PARADM000,sci_m_present_time,sci_m_present_time,,,,seconds since 1970-01-01,CP05MOAS,GL011,PARAD
CP05MOAS-GL011-05-PARADM000,preferred_timestamp,preferred_timestamp,,,ENG,1,CP05MOAS,GL011,PARAD
CP05MOAS-GL011-05-PARADM000,time,time,,,ENG,seconds since 1900-01-01,CP05MOAS,GL011,PARAD
CP05MOAS-GL011-05-PARADM000,ingestion_timestamp,ingestion_timestamp,,,ENG,seconds since 1900-01-01,CP05MOAS,GL011,PARAD
CP05MOAS-GL012-01-ADCPAM000,bin_depths,bin_depths,,,,m,CP05MOAS,GL012,ADCPA
CP05MOAS-GL012-01-ADCPAM000,driver_timestamp,driver_timestamp,,,ENG,seconds since 1900-01-01,CP05MOAS,GL012,ADCPA
CP05MOAS-GL012-01-ADCPAM000,bt_pings_per_ensemble,bt_pings_per_ensemble,,,,1,CP05MOAS,GL012,ADCPA
CP05MOAS-GL012-01-ADCPAM000,bt_delay_before_reacquire,bt_delay_before_reacquire,,,,1,CP05MOAS,GL012,ADCPA
CP05MOAS-GL012-01-ADCPAM000,bt_corr_magnitude_min,bt_corr_magnitude_min,,,,counts,CP05MOAS,GL012,ADCPA
CP05MOAS-GL012-01-ADCPAM000,bt_eval_magnitude_min,bt_eval_magnitude_min,,,,counts,CP05MOAS,GL012,ADCPA
CP05MOAS-GL012-01-ADCPAM000,bt_percent_good_min,bt_percent_good_min,,,,percent,CP05MOAS,GL012,ADCPA
CP05MOAS-GL012-01-ADCPAM000,bt_mode,bt_mode,,,,1,CP05MOAS,GL012,ADCPA
CP05MOAS-GL012-01-ADCPAM000,bt_error_velocity_max,bt_error_velocity_max,,,,mm s-1,CP05MOAS,GL012,ADCPA
CP05MOAS-GL012-01-ADCPAM000,bt_beam1_range,bt_beam1_range,,,,cm,CP05MOAS,GL012,ADCPA
CP05MOAS-GL012-01-ADCPAM000,bt_beam2_range,bt_beam2_range,,,,cm,CP05MOAS,GL012,ADCPA
CP05MOAS-GL012-01-ADCPAM000,bt_beam3_range,bt_beam3_range,,,,cm,CP05MOAS,GL012,ADCPA
CP05MOAS-GL012-01-ADCPAM000,bt_beam4_range,bt_beam4_range,,,,cm,CP05MOAS,GL012,ADCPA
CP05MOAS-GL012-01-ADCPAM000,bt_eastward_velocity,bt_eastward_velocity,,,,mm s-1,CP05MOAS,GL012,ADCPA
CP05MOAS-GL012-01-ADCPAM000,bt_northward_velocity,bt_northward_velocity,,,,mm s-1,CP05MOAS,GL012,ADCPA
CP05MOAS-GL012-01-ADCPAM000,bt_upward_velocity,bt_upward_velocity,,,,mm s-1,CP05MOAS,GL012,ADCPA
CP05MOAS-GL012-01-ADCPAM000,bt_error_velocity,bt_error_velocity,,,,mm s-1,CP05MOAS,GL012,ADCPA
CP05MOAS-GL012-01-ADCPAM000,bt_beam1_correlation,bt_beam1_correlation,,,,counts,CP05MOAS,GL012,ADCPA
CP05MOAS-GL012-01-ADCPAM000,bt_beam2_correlation,bt_beam2_correlation,,,,counts,CP05MOAS,GL012,ADCPA
CP05MOAS-GL012-01-ADCPAM000,bt_beam3_correlation,bt_beam3_correlation,,,,counts,CP05MOAS,GL012,ADCPA
CP05MOAS-GL012-01-ADCPAM000,bt_beam4_correlation,bt_beam4_correlation,,,,counts,CP05MOAS,GL012,ADCPA
CP05MOAS-GL012-01-ADCPAM000,bt_beam1_eval_amp,bt_beam1_eval_amp,,,,counts,CP05MOAS,GL012,ADCPA
CP05MOAS-GL012-01-ADCPAM000,bt_beam2_eval_amp,bt_beam2_eval_amp,,,,counts,CP05MOAS,GL012,ADCPA
CP05MOAS-GL012-01-ADCPAM000,bt_beam3_eval_amp,bt_beam3_eval_amp,,,,counts,CP05MOAS,GL012,ADCPA
CP05MOAS-GL012-01-ADCPAM000,bt_beam4_eval_amp,bt_beam4_eval_amp,,,,counts,CP05MOAS,GL012,ADCPA
CP05MOAS-GL012-01-ADCPAM000,bt_beam1_percent_good,bt_beam1_percent_good,,,,percent,CP05MOAS,GL012,ADCPA
CP05MOAS-GL012-01-ADCPAM000,bt_beam2_percent_good,bt_beam2_percent_good,,,,percent,CP05MOAS,GL012,ADCPA
CP05MOAS-GL012-01-ADCPAM000,bt_beam3_percent_good,bt_beam3_percent_good,,,,percent,CP05MOAS,GL012,ADCPA
CP05MOAS-GL012-01-ADCPAM000,bt_beam4_percent_good,bt_beam4_percent_good,,,,percent,CP05MOAS,GL012,ADCPA
CP05MOAS-GL012-01-ADCPAM000,bt_ref_layer_min,bt_ref_layer_min,,,,dm,CP05MOAS,GL012,ADCPA
CP05MOAS-GL012-01-ADCPAM000,bt_ref_layer_near,bt_ref_layer_near,,,,dm,CP05MOAS,GL012,ADCPA
CP05MOAS-GL012-01-ADCPAM000,bt_ref_layer_far,bt_ref_layer_far,,,,dm,CP05MOAS,GL012,ADCPA
CP05MOAS-GL012-01-ADCPAM000,bt_eastward_ref_layer_velocity,bt_eastward_ref_layer_velocity,,,,mm s-1,CP05MOAS,GL012,ADCPA
CP05MOAS-GL012-01-ADCPAM000,bt_northward_ref_layer_velocity,bt_northward_ref_layer_velocity,,,,mm s-1,CP05MOAS,GL012,ADCPA
CP05MOAS-GL012-01-ADCPAM000,bt_upward_ref_layer_velocity,bt_upward_ref_layer_velocity,,,,mm s-1,CP05MOAS,GL012,ADCPA
CP05MOAS-GL012-01-ADCPAM000,bt_error_ref_layer_velocity,bt_error_ref_layer_velocity,,,,mm s-1,CP05MOAS,GL012,ADCPA
CP05MOAS-GL012-01-ADCPAM000,bt_beam1_ref_correlation,bt_beam1_ref_correlation,,,,counts,CP05MOAS,GL012,ADCPA
CP05MOAS-GL012-01-ADCPAM000,bt_beam2_ref_correlation,bt_beam2_ref_correlation,,,,counts,CP05MOAS,GL012,ADCPA
CP05MOAS-GL012-01-ADCPAM000,bt_beam3_ref_correlation,bt_beam3_ref_correlation,,,,counts,CP05MOAS,GL012,ADCPA
CP05MOAS-GL012-01-ADCPAM000,bt_beam4_ref_correlation,bt_beam4_ref_correlation,,,,counts,CP05MOAS,GL012,ADCPA
CP05MOAS-GL012-01-ADCPAM000,bt_beam1_ref_intensity,bt_beam1_ref_intensity,,,,counts,CP05MOAS,GL012,ADCPA
CP05MOAS-GL012-01-ADCPAM000,bt_beam2_ref_intensity,bt_beam2_ref_intensity,,,,counts,CP05MOAS,GL012,ADCPA
CP05MOAS-GL012-01-ADCPAM000,internal_timestamp,internal_timestamp,,,ENG,seconds since 1900-01-01,CP05MOAS,GL012,ADCPA
CP05MOAS-GL012-01-ADCPAM000,bt_beam3_ref_intensity,bt_beam3_ref_intensity,,,,counts,CP05MOAS,GL012,ADCPA
CP05MOAS-GL012-01-ADCPAM000,bt_beam4_ref_intensity,bt_beam4_ref_intensity,,,,counts,CP05MOAS,GL012,ADCPA
CP05MOAS-GL012-01-ADCPAM000,bt_beam1_ref_percent_good,bt_beam1_ref_percent_good,,,,percent,CP05MOAS,GL012,ADCPA
CP05MOAS-GL012-01-ADCPAM000,bt_beam2_ref_percent_good,bt_beam2_ref_percent_good,,,,percent,CP05MOAS,GL012,ADCPA
CP05MOAS-GL012-01-ADCPAM000,bt_beam3_ref_percent_good,bt_beam3_ref_percent_good,,,,percent,CP05MOAS,GL012,ADCPA
CP05MOAS-GL012-01-ADCPAM000,bt_beam4_ref_percent_good,bt_beam4_ref_percent_good,,,,percent,CP05MOAS,GL012,ADCPA
CP05MOAS-GL012-01-ADCPAM000,bt_max_depth,bt_max_depth,,,,dm,CP05MOAS,GL012,ADCPA
CP05MOAS-GL012-01-ADCPAM000,bt_beam1_rssi_amplitude,bt_beam1_rssi_amplitude,,,,counts,CP05MOAS,GL012,ADCPA
CP05MOAS-GL012-01-ADCPAM000,bt_beam2_rssi_amplitude,bt_beam2_rssi_amplitude,,,,counts,CP05MOAS,GL012,ADCPA
CP05MOAS-GL012-01-ADCPAM000,bt_beam3_rssi_amplitude,bt_beam3_rssi_amplitude,,,,counts,CP05MOAS,GL012,ADCPA
CP05MOAS-GL012-01-ADCPAM000,bt_beam4_rssi_amplitude,bt_beam4_rssi_amplitude,,,,counts,CP05MOAS,GL012,ADCPA
CP05MOAS-GL012-01-ADCPAM000,bt_gain,bt_gain,,,,1,CP05MOAS,GL012,ADCPA
CP05MOAS-GL012-01-ADCPAM000,preferred_timestamp,preferred_timestamp,,,ENG,1,CP05MOAS,GL012,ADCPA
CP05MOAS-GL012-01-ADCPAM000,sensor_available_speed,sensor_available_speed,,,,1,CP05MOAS,GL012,ADCPA
CP05MOAS-GL012-01-ADCPAM000,sensor_source_temperature_eu,sensor_source_temperature_eu,,,,1,CP05MOAS,GL012,ADCPA
CP05MOAS-GL012-01-ADCPAM000,sensor_available_temperature_eu,sensor_available_temperature_eu,,,,1,CP05MOAS,GL012,ADCPA
CP05MOAS-GL012-01-ADCPAM000,bit_error_number,bit_error_number,,,,1,CP05MOAS,GL012,ADCPA
CP05MOAS-GL012-01-ADCPAM000,bit_error_count,bit_error_count,,,,counts,CP05MOAS,GL012,ADCPA
CP05MOAS-GL012-01-ADCPAM000,sysconfig_beam_angle,sysconfig_beam_angle,,,,1,CP05MOAS,GL012,ADCPA
CP05MOAS-GL012-01-ADCPAM000,sysconfig_beam_config,sysconfig_beam_config,,,,1,CP05MOAS,GL012,ADCPA
CP05MOAS-GL012-01-ADCPAM000,adcpa_m_upward_seawater_velocity,adcpa_m_upward_seawater_velocity,-1,1,L1,m s-1,CP05MOAS,GL012,ADCPA
CP05MOAS-GL012-01-ADCPAM000,adcpa_m_error_velocity,adcpa_m_error_velocity,-1,1,L1,m s-1,CP05MOAS,GL012,ADCPA
CP05MOAS-GL012-01-ADCPAM000,adcpa_m_eastward_seawater_velocity,adcpa_m_eastward_seawater_velocity,-3,3,L1,m s-1,CP05MOAS,GL012,ADCPA
CP05MOAS-GL012-01-ADCPAM000,adcpa_m_northward_seawater_velocity,adcpa_m_northward_seawater_velocity,-3,3,L1,m s-1,CP05MOAS,GL012,ADCPA
CP05MOAS-GL012-01-ADCPAM000,adcpa_m_echo_intensity_beam1,adcpa_m_echo_intensity_beam1,0,255,L1,dB,CP05MOAS,GL012,ADCPA
CP05MOAS-GL012-01-ADCPAM000,adcpa_m_echo_intensity_beam2,adcpa_m_echo_intensity_beam2,0,255,L1,dB,CP05MOAS,GL012,ADCPA
CP05MOAS-GL012-01-ADCPAM000,adcpa_m_echo_intensity_beam3,adcpa_m_echo_intensity_beam3,0,255,L1,dB,CP05MOAS,GL012,ADCPA
CP05MOAS-GL012-01-ADCPAM000,adcpa_m_echo_intensity_beam4,adcpa_m_echo_intensity_beam4,0,255,L1,dB,CP05MOAS,GL012,ADCPA
CP05MOAS-GL012-01-ADCPAM000,serial_number,serial_number,,,ENG,1,CP05MOAS,GL012,ADCPA
CP05MOAS-GL012-01-ADCPAM000,firmware_version,firmware_version,,,,1,CP05MOAS,GL012,ADCPA
CP05MOAS-GL012-01-ADCPAM000,firmware_revision,firmware_revision,,,,1,CP05MOAS,GL012,ADCPA
CP05MOAS-GL012-01-ADCPAM000,sysconfig_frequency,sysconfig_frequency,,,,kHz,CP05MOAS,GL012,ADCPA
CP05MOAS-GL012-01-ADCPAM000,sysconfig_beam_pattern,sysconfig_beam_pattern,,,,1,CP05MOAS,GL012,ADCPA
CP05MOAS-GL012-01-ADCPAM000,sysconfig_sensor_config,sysconfig_sensor_config,,,,1,CP05MOAS,GL012,ADCPA
CP05MOAS-GL012-01-ADCPAM000,sysconfig_head_attached,sysconfig_head_attached,,,,1,CP05MOAS,GL012,ADCPA
CP05MOAS-GL012-01-ADCPAM000,sysconfig_vertical_orientation,sysconfig_vertical_orientation,,,,1,CP05MOAS,GL012,ADCPA
CP05MOAS-GL012-01-ADCPAM000,data_flag,data_flag,,,,1,CP05MOAS,GL012,ADCPA
CP05MOAS-GL012-01-ADCPAM000,lag_length,lag_length,,,,s,CP05MOAS,GL012,ADCPA
CP05MOAS-GL012-01-ADCPAM000,num_beams,num_beams,,,,1,CP05MOAS,GL012,ADCPA
CP05MOAS-GL012-01-ADCPAM000,num_cells,num_cells,,,,1,CP05MOAS,GL012,ADCPA
CP05MOAS-GL012-01-ADCPAM000,pings_per_ensemble,pings_per_ensemble,,,,1,CP05MOAS,GL012,ADCPA
CP05MOAS-GL012-01-ADCPAM000,cell_length,cell_length,,,,cm,CP05MOAS,GL012,ADCPA
CP05MOAS-GL012-01-ADCPAM000,blank_after_transmit,blank_after_transmit,,,,cm,CP05MOAS,GL012,ADCPA
CP05MOAS-GL012-01-ADCPAM000,signal_processing_mode,signal_processing_mode,,,,1,CP05MOAS,GL012,ADCPA
CP05MOAS-GL012-01-ADCPAM000,low_corr_threshold,low_corr_threshold,,,,counts,CP05MOAS,GL012,ADCPA
CP05MOAS-GL012-01-ADCPAM000,num_code_repetitions,num_code_repetitions,,,,counts,CP05MOAS,GL012,ADCPA
CP05MOAS-GL012-01-ADCPAM000,percent_good_min,percent_good_min,,,,percent,CP05MOAS,GL012,ADCPA
CP05MOAS-GL012-01-ADCPAM000,error_vel_threshold,error_vel_threshold,,,,mm s-1,CP05MOAS,GL012,ADCPA
CP05MOAS-GL012-01-ADCPAM000,time_per_ping_minutes,time_per_ping_minutes,,,,min,CP05MOAS,GL012,ADCPA
CP05MOAS-GL012-01-ADCPAM000,time_per_ping_seconds,time_per_ping_seconds,,,,s,CP05MOAS,GL012,ADCPA
CP05MOAS-GL012-01-ADCPAM000,coord_transform_type,coord_transform_type,,,,1,CP05MOAS,GL012,ADCPA
CP05MOAS-GL012-01-ADCPAM000,coord_transform_tilts,coord_transform_tilts,,,,1,CP05MOAS,GL012,ADCPA
CP05MOAS-GL012-01-ADCPAM000,coord_transform_beams,coord_transform_beams,,,,1,CP05MOAS,GL012,ADCPA
CP05MOAS-GL012-01-ADCPAM000,coord_transform_mapping,coord_transform_mapping,,,,1,CP05MOAS,GL012,ADCPA
CP05MOAS-GL012-01-ADCPAM000,heading_alignment,heading_alignment,,,,cdegrees,CP05MOAS,GL012,ADCPA
CP05MOAS-GL012-01-ADCPAM000,heading_bias,heading_bias,,,,cdegrees,CP05MOAS,GL012,ADCPA
CP05MOAS-GL012-01-ADCPAM000,sensor_source_speed,sensor_source_speed,,,,1,CP05MOAS,GL012,ADCPA
CP05MOAS-GL012-01-ADCPAM000,sensor_source_depth,sensor_source_depth,,,,1,CP05MOAS,GL012,ADCPA
CP05MOAS-GL012-01-ADCPAM000,sensor_source_heading,sensor_source_heading,,,,1,CP05MOAS,GL012,ADCPA
CP05MOAS-GL012-01-ADCPAM000,sensor_source_pitch,sensor_source_pitch,,,,1,CP05MOAS,GL012,ADCPA
CP05MOAS-GL012-01-ADCPAM000,sensor_source_roll,sensor_source_roll,,,,1,CP05MOAS,GL012,ADCPA
CP05MOAS-GL012-01-ADCPAM000,sensor_source_conductivity,sensor_source_conductivity,,,,1,CP05MOAS,GL012,ADCPA
CP05MOAS-GL012-01-ADCPAM000,sensor_source_temperature,sensor_source_temperature,,,,1,CP05MOAS,GL012,ADCPA
CP05MOAS-GL012-01-ADCPAM000,sensor_available_depth,sensor_available_depth,,,,1,CP05MOAS,GL012,ADCPA
CP05MOAS-GL012-01-ADCPAM000,sensor_available_heading,sensor_available_heading,,,,1,CP05MOAS,GL012,ADCPA
CP05MOAS-GL012-01-ADCPAM000,sensor_available_pitch,sensor_available_pitch,,,,1,CP05MOAS,GL012,ADCPA
CP05MOAS-GL012-01-ADCPAM000,sensor_available_roll,sensor_available_roll,,,,1,CP05MOAS,GL012,ADCPA
CP05MOAS-GL012-01-ADCPAM000,sensor_available_conductivity,sensor_available_conductivity,,,,1,CP05MOAS,GL012,ADCPA
CP05MOAS-GL012-01-ADCPAM000,sensor_available_temperature,sensor_available_temperature,,,,1,CP05MOAS,GL012,ADCPA
CP05MOAS-GL012-01-ADCPAM000,bin_1_distance,bin_1_distance,,,,cm,CP05MOAS,GL012,ADCPA
CP05MOAS-GL012-01-ADCPAM000,transmit_pulse_length,transmit_pulse_length,,,,cm,CP05MOAS,GL012,ADCPA
CP05MOAS-GL012-01-ADCPAM000,reference_layer_start,reference_layer_start,,,,1,CP05MOAS,GL012,ADCPA
CP05MOAS-GL012-01-ADCPAM000,reference_layer_stop,reference_layer_stop,,,,1,CP05MOAS,GL012,ADCPA
CP05MOAS-GL012-01-ADCPAM000,false_target_threshold,false_target_threshold,,,,counts,CP05MOAS,GL012,ADCPA
CP05MOAS-GL012-01-ADCPAM000,transmit_lag_distance,transmit_lag_distance,,,,cm,CP05MOAS,GL012,ADCPA
CP05MOAS-GL012-01-ADCPAM000,system_bandwidth,system_bandwidth,,,,1,CP05MOAS,GL012,ADCPA
CP05MOAS-GL012-01-ADCPAM000,ensemble_number,ensemble_number,,,,1,CP05MOAS,GL012,ADCPA
CP05MOAS-GL012-01-ADCPAM000,ensemble_number_increment,ensemble_number_increment,,,,1,CP05MOAS,GL012,ADCPA
CP05MOAS-GL012-01-ADCPAM000,speed_of_sound,speed_of_sound,,,,m s-1,CP05MOAS,GL012,ADCPA
CP05MOAS-GL012-01-ADCPAM000,transducer_depth,transducer_depth,,,,dm,CP05MOAS,GL012,ADCPA
CP05MOAS-GL012-01-ADCPAM000,heading,heading,,,,cdegrees,CP05MOAS,GL012,ADCPA
CP05MOAS-GL012-01-ADCPAM000,pitch,pitch,,,,cdegrees,CP05MOAS,GL012,ADCPA
CP05MOAS-GL012-01-ADCPAM000,roll,roll,,,,cdegrees,CP05MOAS,GL012,ADCPA
CP05MOAS-GL012-01-ADCPAM000,salinity,salinity,,,,1,CP05MOAS,GL012,ADCPA
CP05MOAS-GL012-01-ADCPAM000,temperature,temperature,,,,cdeg_C,CP05MOAS,GL012,ADCPA
CP05MOAS-GL012-01-ADCPAM000,mpt_minutes,mpt_minutes,,,,min,CP05MOAS,GL012,ADCPA
CP05MOAS-GL012-01-ADCPAM000,mpt_seconds,mpt_seconds,,,,s,CP05MOAS,GL012,ADCPA
CP05MOAS-GL012-01-ADCPAM000,heading_stdev,heading_stdev,,,,degrees,CP05MOAS,GL012,ADCPA
CP05MOAS-GL012-01-ADCPAM000,pitch_stdev,pitch_stdev,,,,ddegrees,CP05MOAS,GL012,ADCPA
CP05MOAS-GL012-01-ADCPAM000,roll_stdev,roll_stdev,,,,ddegrees,CP05MOAS,GL012,ADCPA
CP05MOAS-GL012-01-ADCPAM000,adc_transmit_voltage,adc_transmit_voltage,,,,counts,CP05MOAS,GL012,ADCPA
CP05MOAS-GL012-01-ADCPAM000,time,time,,,ENG,seconds since 1900-01-01,CP05MOAS,GL012,ADCPA
CP05MOAS-GL012-01-ADCPAM000,pressure,pressure,,,,daPa,CP05MOAS,GL012,ADCPA
CP05MOAS-GL012-01-ADCPAM000,pressure_variance,pressure_variance,,,,daPa,CP05MOAS,GL012,ADCPA
CP05MOAS-GL012-01-ADCPAM000,water_velocity_east,water_velocity_east,,,L0,mm s-1,CP05MOAS,GL012,ADCPA
CP05MOAS-GL012-01-ADCPAM000,water_velocity_north,water_velocity_north,,,L0,mm s-1,CP05MOAS,GL012,ADCPA
CP05MOAS-GL012-01-ADCPAM000,water_velocity_up,water_velocity_up,,,L0,mm s-1,CP05MOAS,GL012,ADCPA
CP05MOAS-GL012-01-ADCPAM000,error_velocity,error_velocity,,,L0,mm s-1,CP05MOAS,GL012,ADCPA
CP05MOAS-GL012-01-ADCPAM000,correlation_magnitude_beam1,correlation_magnitude_beam1,,,,1,CP05MOAS,GL012,ADCPA
CP05MOAS-GL012-01-ADCPAM000,correlation_magnitude_beam2,correlation_magnitude_beam2,,,,1,CP05MOAS,GL012,ADCPA
CP05MOAS-GL012-01-ADCPAM000,correlation_magnitude_beam3,correlation_magnitude_beam3,,,,1,CP05MOAS,GL012,ADCPA
CP05MOAS-GL012-01-ADCPAM000,correlation_magnitude_beam4,correlation_magnitude_beam4,,,,1,CP05MOAS,GL012,ADCPA
CP05MOAS-GL012-01-ADCPAM000,echo_intensity_beam1,echo_intensity_beam1,,,L0,counts,CP05MOAS,GL012,ADCPA
CP05MOAS-GL012-01-ADCPAM000,echo_intensity_beam2,echo_intensity_beam2,,,L0,counts,CP05MOAS,GL012,ADCPA
CP05MOAS-GL012-01-ADCPAM000,echo_intensity_beam3,echo_intensity_beam3,,,L0,counts,CP05MOAS,GL012,ADCPA
CP05MOAS-GL012-01-ADCPAM000,echo_intensity_beam4,echo_intensity_beam4,,,L0,counts,CP05MOAS,GL012,ADCPA
CP05MOAS-GL012-01-ADCPAM000,percent_good_3beam,percent_good_3beam,,,,percent,CP05MOAS,GL012,ADCPA
CP05MOAS-GL012-01-ADCPAM000,percent_transforms_reject,percent_transforms_reject,,,,percent,CP05MOAS,GL012,ADCPA
CP05MOAS-GL012-01-ADCPAM000,percent_bad_beams,percent_bad_beams,,,,percent,CP05MOAS,GL012,ADCPA
CP05MOAS-GL012-01-ADCPAM000,percent_good_4beam,percent_good_4beam,,,,percent,CP05MOAS,GL012,ADCPA
CP05MOAS-GL012-01-ADCPAM000,ensemble_start_time,ensemble_start_time,,,,seconds since 1900-01-01,CP05MOAS,GL012,ADCPA
CP05MOAS-GL012-01-ADCPAM000,ingestion_timestamp,ingestion_timestamp,,,ENG,seconds since 1900-01-01,CP05MOAS,GL012,ADCPA
CP05MOAS-GL012-01-ADCPAM000,real_time_clock,real_time_clock,,,,1,CP05MOAS,GL012,ADCPA
CP05MOAS-GL012-02-FLORTM000,driver_timestamp,driver_timestamp,,,ENG,seconds since 1900-01-01,CP05MOAS,GL012,FLORT
CP05MOAS-GL012-02-FLORTM000,internal_timestamp,internal_timestamp,,,ENG,seconds since 1900-01-01,CP05MOAS,GL012,FLORT
CP05MOAS-GL012-02-FLORTM000,m_present_secs_into_mission,m_present_secs_into_mission,,,ENG,s,CP05MOAS,GL012,FLORT
CP05MOAS-GL012-02-FLORTM000,m_present_time,m_present_time,,,AUX,seconds since 1970-01-01,CP05MOAS,GL012,FLORT
CP05MOAS-GL012-02-FLORTM000,sci_flbbcd_bb_ref,sci_flbbcd_bb_ref,,,,nm,CP05MOAS,GL012,FLORT
CP05MOAS-GL012-02-FLORTM000,sci_flbbcd_bb_sig,sci_flbbcd_bb_sig,,,,counts,CP05MOAS,GL012,FLORT
CP05MOAS-GL012-02-FLORTM000,sci_flbbcd_bb_units,sci_flbbcd_bb_units,,,L1,m-1 sr-1,CP05MOAS,GL012,FLORT
CP05MOAS-GL012-02-FLORTM000,sci_flbbcd_cdom_ref,sci_flbbcd_cdom_ref,,,,nm,CP05MOAS,GL012,FLORT
CP05MOAS-GL012-02-FLORTM000,sci_flbbcd_cdom_sig,sci_flbbcd_cdom_sig,,,,counts,CP05MOAS,GL012,FLORT
CP05MOAS-GL012-02-FLORTM000,sci_flbbcd_cdom_units,sci_flbbcd_cdom_units,0,375,L1,ppb,CP05MOAS,GL012,FLORT
CP05MOAS-GL012-02-FLORTM000,sci_flbbcd_chlor_ref,sci_flbbcd_chlor_ref,,,,nm,CP05MOAS,GL012,FLORT
CP05MOAS-GL012-02-FLORTM000,sci_flbbcd_chlor_sig,sci_flbbcd_chlor_sig,,,,counts,CP05MOAS,GL012,FLORT
CP05MOAS-GL012-02-FLORTM000,sci_flbbcd_chlor_units,sci_flbbcd_chlor_units,0,50,L1,ug L-1,CP05MOAS,GL012,FLORT
CP05MOAS-GL012-02-FLORTM000,sci_flbbcd_therm,sci_flbbcd_therm,,,ENG,1,CP05MOAS,GL012,FLORT
CP05MOAS-GL012-02-FLORTM000,sci_flbbcd_timestamp,sci_flbbcd_timestamp,,,ENG,seconds since 1970-01-01,CP05MOAS,GL012,FLORT
CP05MOAS-GL012-02-FLORTM000,sci_m_present_secs_into_mission,sci_m_present_secs_into_mission,,,,s,CP05MOAS,GL012,FLORT
CP05MOAS-GL012-02-FLORTM000,sci_m_present_time,sci_m_present_time,,,,seconds since 1970-01-01,CP05MOAS,GL012,FLORT
CP05MOAS-GL012-02-FLORTM000,preferred_timestamp,preferred_timestamp,,,ENG,1,CP05MOAS,GL012,FLORT
CP05MOAS-GL012-02-FLORTM000,flort_m_bback_total,flort_m_bback_total,0.0003,1,L2,m-1,CP05MOAS,GL012,FLORT
CP05MOAS-GL012-02-FLORTM000,flort_m_scat_seawater,flort_m_scat_seawater,,,AUX,m-1,CP05MOAS,GL012,FLORT
CP05MOAS-GL012-02-FLORTM000,time,time,,,ENG,seconds since 1900-01-01,CP05MOAS,GL012,FLORT
CP05MOAS-GL012-02-FLORTM000,ingestion_timestamp,ingestion_timestamp,,,ENG,seconds since 1900-01-01,CP05MOAS,GL012,FLORT
CP05MOAS-GL012-03-CTDGVM000,driver_timestamp,driver_timestamp,,,ENG,seconds since 1900-01-01,CP05MOAS,GL012,CTDGV
CP05MOAS-GL012-03-CTDGVM000,internal_timestamp,internal_timestamp,,,ENG,seconds since 1900-01-01,CP05MOAS,GL012,CTDGV
CP05MOAS-GL012-03-CTDGVM000,m_present_secs_into_mission,m_present_secs_into_mission,,,ENG,s,CP05MOAS,GL012,CTDGV
CP05MOAS-GL012-03-CTDGVM000,m_present_time,m_present_time,,,AUX,seconds since 1970-01-01,CP05MOAS,GL012,CTDGV
CP05MOAS-GL012-03-CTDGVM000,sci_ctd41cp_timestamp,sci_ctd41cp_timestamp,,,,seconds since 1970-01-01,CP05MOAS,GL012,CTDGV
CP05MOAS-GL012-03-CTDGVM000,sci_m_present_secs_into_mission,sci_m_present_secs_into_mission,,,,s,CP05MOAS,GL012,CTDGV
CP05MOAS-GL012-03-CTDGVM000,sci_m_present_time,sci_m_present_time,,,,seconds since 1970-01-01,CP05MOAS,GL012,CTDGV
CP05MOAS-GL012-03-CTDGVM000,sci_water_cond,sci_water_cond,0,6,L1,S m-1,CP05MOAS,GL012,CTDGV
CP05MOAS-GL012-03-CTDGVM000,sci_water_pressure,sci_water_pressure,0,6000,L1,dbar,CP05MOAS,GL012,CTDGV
CP05MOAS-GL012-03-CTDGVM000,sci_water_temp,sci_water_temp,-2,40,L1,deg_C,CP05MOAS,GL012,CTDGV
CP05MOAS-GL012-03-CTDGVM000,sci_water_pracsal,sci_water_pracsal,0,42,L2,1,CP05MOAS,GL012,CTDGV
CP05MOAS-GL012-03-CTDGVM000,preferred_timestamp,preferred_timestamp,,,ENG,1,CP05MOAS,GL012,CTDGV
CP05MOAS-GL012-03-CTDGVM000,sci_seawater_density,sci_seawater_density,1000,1100,L2,kg m-3,CP05MOAS,GL012,CTDGV
CP05MOAS-GL012-03-CTDGVM000,time,time,,,ENG,seconds since 1900-01-01,CP05MOAS,GL012,CTDGV
CP05MOAS-GL012-03-CTDGVM000,ingestion_timestamp,ingestion_timestamp,,,ENG,seconds since 1900-01-01,CP05MOAS,GL012,CTDGV
CP05MOAS-GL012-04-DOSTAM000,driver_timestamp,driver_timestamp,,,ENG,seconds since 1900-01-01,CP05MOAS,GL012,DOSTA
CP05MOAS-GL012-04-DOSTAM000,internal_timestamp,internal_timestamp,,,ENG,seconds since 1900-01-01,CP05MOAS,GL012,DOSTA
CP05MOAS-GL012-04-DOSTAM000,m_present_secs_into_mission,m_present_secs_into_mission,,,ENG,s,CP05MOAS,GL012,DOSTA
CP05MOAS-GL012-04-DOSTAM000,m_present_time,m_present_time,,,AUX,seconds since 1970-01-01,CP05MOAS,GL012,DOSTA
CP05MOAS-GL012-04-DOSTAM000,sci_m_present_secs_into_mission,sci_m_present_secs_into_mission,,,,s,CP05MOAS,GL012,DOSTA
CP05MOAS-GL012-04-DOSTAM000,sci_m_present_time,sci_m_present_time,,,,seconds since 1970-01-01,CP05MOAS,GL012,DOSTA
CP05MOAS-GL012-04-DOSTAM000,sci_oxy4_c1amp,sci_oxy4_c1amp,,,,mV,CP05MOAS,GL012,DOSTA
CP05MOAS-GL012-04-DOSTAM000,sci_oxy4_c1rph,sci_oxy4_c1rph,,,,degrees,CP05MOAS,GL012,DOSTA
CP05MOAS-GL012-04-DOSTAM000,sci_oxy4_c2amp,sci_oxy4_c2amp,,,,mV,CP05MOAS,GL012,DOSTA
CP05MOAS-GL012-04-DOSTAM000,sci_oxy4_c2rph,sci_oxy4_c2rph,,,,degrees,CP05MOAS,GL012,DOSTA
CP05MOAS-GL012-04-DOSTAM000,sci_oxy4_calphase,sci_oxy4_calphase,,,L0,degrees,CP05MOAS,GL012,DOSTA
CP05MOAS-GL012-04-DOSTAM000,sci_oxy4_oxygen,sci_oxy4_oxygen,0,400,L1,umol L-1,CP05MOAS,GL012,DOSTA
CP05MOAS-GL012-04-DOSTAM000,sci_oxy4_rawtemp,sci_oxy4_rawtemp,,,,mV,CP05MOAS,GL012,DOSTA
CP05MOAS-GL012-04-DOSTAM000,sci_oxy4_saturation,sci_oxy4_saturation,,,,percent,CP05MOAS,GL012,DOSTA
CP05MOAS-GL012-04-DOSTAM000,sci_oxy4_tcphase,sci_oxy4_tcphase,,,,degrees,CP05MOAS,GL012,DOSTA
CP05MOAS-GL012-04-DOSTAM000,sci_oxy4_temp,sci_oxy4_temp,,,,deg_C,CP05MOAS,GL012,DOSTA
CP05MOAS-GL012-04-DOSTAM000,sci_oxy4_timestamp,sci_oxy4_timestamp,,,,1,CP05MOAS,GL012,DOSTA
CP05MOAS-GL012-04-DOSTAM000,sci_water_cond,sci_water_cond,0,6,L1,S m-1,CP05MOAS,GL012,DOSTA
CP05MOAS-GL012-04-DOSTAM000,sci_water_pressure,sci_water_pressure,0,6000,L1,dbar,CP05MOAS,GL012,DOSTA
CP05MOAS-GL012-04-DOSTAM000,sci_water_temp,sci_water_temp,-2,40,L1,deg_C,CP05MOAS,GL012,DOSTA
CP05MOAS-GL012-04-DOSTAM000,preferred_timestamp,preferred_timestamp,,,ENG,1,CP05MOAS,GL012,DOSTA
CP05MOAS-GL012-04-DOSTAM000,sci_abs_oxygen,sci_abs_oxygen,0,400,L2,umol kg-1,CP05MOAS,GL012,DOSTA
CP05MOAS-GL012-04-DOSTAM000,time,time,,,ENG,seconds since 1900-01-01,CP05MOAS,GL012,DOSTA
CP05MOAS-GL012-04-DOSTAM000,ingestion_timestamp,ingestion_timestamp,,,ENG,seconds since 1900-01-01,CP05MOAS,GL012,DOSTA
CP05MOAS-GL012-05-PARADM000,driver_timestamp,driver_timestamp,,,ENG,seconds since 1900-01-01,CP05MOAS,GL012,PARAD
CP05MOAS-GL012-05-PARADM000,internal_timestamp,internal_timestamp,,,ENG,seconds since 1900-01-01,CP05MOAS,GL012,PARAD
CP05MOAS-GL012-05-PARADM000,m_present_secs_into_mission,m_present_secs_into_mission,,,ENG,s,CP05MOAS,GL012,PARAD
CP05MOAS-GL012-05-PARADM000,m_present_time,m_present_time,,,AUX,seconds since 1970-01-01,CP05MOAS,GL012,PARAD
CP05MOAS-GL012-05-PARADM000,sci_bsipar_par,sci_bsipar_par,0,2500,L1,umol photons m-2 s-1,CP05MOAS,GL012,PARAD
CP05MOAS-GL012-05-PARADM000,sci_bsipar_sensor_volts,sci_bsipar_sensor_volts,,,L0,V,CP05MOAS,GL012,PARAD
CP05MOAS-GL012-05-PARADM000,sci_bsipar_supply_volts,sci_bsipar_supply_volts,,,,V,CP05MOAS,GL012,PARAD
CP05MOAS-GL012-05-PARADM000,sci_bsipar_temp,sci_bsipar_temp,,,,deg_C,CP05MOAS,GL012,PARAD
CP05MOAS-GL012-05-PARADM000,sci_m_present_secs_into_mission,sci_m_present_secs_into_mission,,,,s,CP05MOAS,GL012,PARAD
CP05MOAS-GL012-05-PARADM000,sci_m_present_time,sci_m_present_time,,,,seconds since 1970-01-01,CP05MOAS,GL012,PARAD
CP05MOAS-GL012-05-PARADM000,preferred_timestamp,preferred_timestamp,,,ENG,1,CP05MOAS,GL012,PARAD
CP05MOAS-GL012-05-PARADM000,time,time,,,ENG,seconds since 1900-01-01,CP05MOAS,GL012,PARAD
CP05MOAS-GL012-05-PARADM000,ingestion_timestamp,ingestion_timestamp,,,ENG,seconds since 1900-01-01,CP05MOAS,GL012,PARAD
GA01SUMO-RID16-01-OPTAAD000,driver_timestamp,driver_timestamp,,,ENG,seconds since 1900-01-01,GA01SUMO,RID16,OPTAA
GA01SUMO-RID16-01-OPTAAD000,internal_timestamp,internal_timestamp,,,ENG,seconds since 1900-01-01,GA01SUMO,RID16,OPTAA
GA01SUMO-RID16-01-OPTAAD000,preferred_timestamp,preferred_timestamp,,,ENG,1,GA01SUMO,RID16,OPTAA
GA01SUMO-RID16-01-OPTAAD000,start_date,start_date,,,,1,GA01SUMO,RID16,OPTAA
GA01SUMO-RID16-01-OPTAAD000,serial_number,serial_number,,,ENG,1,GA01SUMO,RID16,OPTAA
GA01SUMO-RID16-01-OPTAAD000,optaa_dj_dcl_beam_attenuation,optaa_dj_dcl_beam_attenuation,0,100,L2,m-1,GA01SUMO,RID16,OPTAA
GA01SUMO-RID16-01-OPTAAD000,optaa_dj_dcl_optical_absorption,optaa_dj_dcl_optical_absorption,0,100,L2,m-1,GA01SUMO,RID16,OPTAA
GA01SUMO-RID16-01-OPTAAD000,packet_type,packet_type,,,,1,GA01SUMO,RID16,OPTAA
GA01SUMO-RID16-01-OPTAAD000,meter_type,meter_type,,,,1,GA01SUMO,RID16,OPTAA
GA01SUMO-RID16-01-OPTAAD000,a_reference_dark_counts,a_reference_dark_counts,,,,counts,GA01SUMO,RID16,OPTAA
GA01SUMO-RID16-01-OPTAAD000,pressure_counts,pressure_counts,,,,counts,GA01SUMO,RID16,OPTAA
GA01SUMO-RID16-01-OPTAAD000,a_signal_dark_counts,a_signal_dark_counts,,,,counts,GA01SUMO,RID16,OPTAA
GA01SUMO-RID16-01-OPTAAD000,external_temp_raw,external_temp_raw,,,,counts,GA01SUMO,RID16,OPTAA
GA01SUMO-RID16-01-OPTAAD000,internal_temp_raw,internal_temp_raw,,,L0,counts,GA01SUMO,RID16,OPTAA
GA01SUMO-RID16-01-OPTAAD000,c_reference_dark_counts,c_reference_dark_counts,,,,counts,GA01SUMO,RID16,OPTAA
GA01SUMO-RID16-01-OPTAAD000,c_signal_dark_counts,c_signal_dark_counts,,,,counts,GA01SUMO,RID16,OPTAA
GA01SUMO-RID16-01-OPTAAD000,elapsed_run_time,elapsed_run_time,,,,ms,GA01SUMO,RID16,OPTAA
GA01SUMO-RID16-01-OPTAAD000,num_wavelengths,num_wavelengths,,,,1,GA01SUMO,RID16,OPTAA
GA01SUMO-RID16-01-OPTAAD000,c_reference_counts,c_reference_counts,,,L0,counts,GA01SUMO,RID16,OPTAA
GA01SUMO-RID16-01-OPTAAD000,a_reference_counts,a_reference_counts,,,L0,counts,GA01SUMO,RID16,OPTAA
GA01SUMO-RID16-01-OPTAAD000,c_signal_counts,c_signal_counts,,,L0,counts,GA01SUMO,RID16,OPTAA
GA01SUMO-RID16-01-OPTAAD000,a_signal_counts,a_signal_counts,,,L0,counts,GA01SUMO,RID16,OPTAA
GA01SUMO-RID16-01-OPTAAD000,time,time,,,ENG,seconds since 1900-01-01,GA01SUMO,RID16,OPTAA
GA01SUMO-RID16-01-OPTAAD000,ingestion_timestamp,ingestion_timestamp,,,ENG,seconds since 1900-01-01,GA01SUMO,RID16,OPTAA
GA01SUMO-RID16-02-FLORTD000,driver_timestamp,driver_timestamp,,,ENG,seconds since 1900-01-01,GA01SUMO,RID16,FLORT
GA01SUMO-RID16-02-FLORTD000,date_string,date_string,,,ENG,1,GA01SUMO,RID16,FLORT
GA01SUMO-RID16-02-FLORTD000,time_string,time_string,,,ENG,1,GA01SUMO,RID16,FLORT
GA01SUMO-RID16-02-FLORTD000,measurement_wavelength_beta,measurement_wavelength_beta,,,,nm,GA01SUMO,RID16,FLORT
GA01SUMO-RID16-02-FLORTD000,raw_signal_beta,raw_signal_beta,,,L0,counts,GA01SUMO,RID16,FLORT
GA01SUMO-RID16-02-FLORTD000,measurement_wavelength_chl,measurement_wavelength_chl,,,,nm,GA01SUMO,RID16,FLORT
GA01SUMO-RID16-02-FLORTD000,raw_signal_chl,raw_signal_chl,,,L0,counts,GA01SUMO,RID16,FLORT
GA01SUMO-RID16-02-FLORTD000,measurement_wavelength_cdom,measurement_wavelength_cdom,,,,nm,GA01SUMO,RID16,FLORT
GA01SUMO-RID16-02-FLORTD000,raw_signal_cdom,raw_signal_cdom,,,L0,counts,GA01SUMO,RID16,FLORT
GA01SUMO-RID16-02-FLORTD000,raw_internal_temp,raw_internal_temp,,,,counts,GA01SUMO,RID16,FLORT
GA01SUMO-RID16-02-FLORTD000,internal_timestamp,internal_timestamp,,,ENG,seconds since 1900-01-01,GA01SUMO,RID16,FLORT
GA01SUMO-RID16-02-FLORTD000,preferred_timestamp,preferred_timestamp,,,ENG,1,GA01SUMO,RID16,FLORT
GA01SUMO-RID16-02-FLORTD000,flort_k_total_volume_scattering_coefficient,flort_k_total_volume_scattering_coefficient,,,L1,m-1 sr-1,GA01SUMO,RID16,FLORT
GA01SUMO-RID16-02-FLORTD000,fluorometric_chlorophyll_a,fluorometric_chlorophyll_a,0,50,L1,ug L-1,GA01SUMO,RID16,FLORT
GA01SUMO-RID16-02-FLORTD000,fluorometric_cdom,fluorometric_cdom,0,375,L1,ppb,GA01SUMO,RID16,FLORT
GA01SUMO-RID16-02-FLORTD000,dcl_controller_timestamp,dcl_controller_timestamp,,,ENG,1,GA01SUMO,RID16,FLORT
GA01SUMO-RID16-02-FLORTD000,flort_dj_dcl_bback_total,flort_dj_dcl_bback_total,0.0003,1,L2,m-1,GA01SUMO,RID16,FLORT
GA01SUMO-RID16-02-FLORTD000,flort_d_dcl_ctdbp_scat_seawater,flort_d_dcl_ctdbp_scat_seawater,,,AUX,m-1,GA01SUMO,RID16,FLORT
GA01SUMO-RID16-02-FLORTD000,time,time,,,ENG,seconds since 1900-01-01,GA01SUMO,RID16,FLORT
GA01SUMO-RID16-02-FLORTD000,ingestion_timestamp,ingestion_timestamp,,,ENG,seconds since 1900-01-01,GA01SUMO,RID16,FLORT
GA01SUMO-RID16-03-CTDBPF000,conductivity,conductivity,0,6,L1,S m-1,GA01SUMO,RID16,CTDBP
GA01SUMO-RID16-03-CTDBPF000,driver_timestamp,driver_timestamp,,,ENG,seconds since 1900-01-01,GA01SUMO,RID16,CTDBP
GA01SUMO-RID16-03-CTDBPF000,internal_timestamp,internal_timestamp,,,ENG,seconds since 1900-01-01,GA01SUMO,RID16,CTDBP
GA01SUMO-RID16-03-CTDBPF000,preferred_timestamp,preferred_timestamp,,,ENG,1,GA01SUMO,RID16,CTDBP
GA01SUMO-RID16-03-CTDBPF000,temperature,temperature,,,L0,counts,GA01SUMO,RID16,CTDBP
GA01SUMO-RID16-03-CTDBPF000,conductivity,conductivity,,,L0,counts,GA01SUMO,RID16,CTDBP
GA01SUMO-RID16-03-CTDBPF000,pressure,pressure,,,L0,counts,GA01SUMO,RID16,CTDBP
GA01SUMO-RID16-03-CTDBPF000,pressure_temp,pressure_temp,,,L0,counts,GA01SUMO,RID16,CTDBP
GA01SUMO-RID16-03-CTDBPF000,ctd_time,ctd_time,,,ENG,seconds since 2000-01-01,GA01SUMO,RID16,CTDBP
GA01SUMO-RID16-03-CTDBPF000,pressure,pressure,0,6000,L1,dbar,GA01SUMO,RID16,CTDBP
GA01SUMO-RID16-03-CTDBPF000,dcl_controller_timestamp,dcl_controller_timestamp,,,ENG,1,GA01SUMO,RID16,CTDBP
GA01SUMO-RID16-03-CTDBPF000,ctdbp_seawater_temperature,ctdbp_seawater_temperature,-2,40,L1,deg_C,GA01SUMO,RID16,CTDBP
GA01SUMO-RID16-03-CTDBPF000,ctdbp_seawater_pressure,ctdbp_seawater_pressure,0,6000,L1,dbar,GA01SUMO,RID16,CTDBP
GA01SUMO-RID16-03-CTDBPF000,ctdbp_seawater_conductivity,ctdbp_seawater_conductivity,0,6,L1,S m-1,GA01SUMO,RID16,CTDBP
GA01SUMO-RID16-03-CTDBPF000,ctdbp_practical_salinity,ctdbp_practical_salinity,0,42,L2,1,GA01SUMO,RID16,CTDBP
GA01SUMO-RID16-03-CTDBPF000,ctdbp_seawater_density,ctdbp_seawater_density,1000,1100,L2,kg m-3,GA01SUMO,RID16,CTDBP
GA01SUMO-RID16-03-CTDBPF000,ctdbp_cdef_dcl_ce_density,ctdbp_cdef_dcl_ce_density,1000,1100,L2,kg m-3,GA01SUMO,RID16,CTDBP
GA01SUMO-RID16-03-CTDBPF000,temp,temp,-2,40,L1,deg_C,GA01SUMO,RID16,CTDBP
GA01SUMO-RID16-03-CTDBPF000,time,time,,,ENG,seconds since 1900-01-01,GA01SUMO,RID16,CTDBP
GA01SUMO-RID16-03-CTDBPF000,ingestion_timestamp,ingestion_timestamp,,,ENG,seconds since 1900-01-01,GA01SUMO,RID16,CTDBP
GA01SUMO-RID16-03-CTDBPF000,salinity,salinity,0,42,L2,(unitless),GA01SUMO,RID16,CTDBP
GA01SUMO-RID16-03-CTDBPF000,date_time_string,date_time_string,,,,1,GA01SUMO,RID16,CTDBP
GA01SUMO-RID16-04-VELPTA000,driver_timestamp,driver_timestamp,,,ENG,seconds since 1900-01-01,GA01SUMO,RID16,VELPT
GA01SUMO-RID16-04-VELPTA000,firmware_version,firmware_version,,,,1,GA01SUMO,RID16,VELPT
GA01SUMO-RID16-04-VELPTA000,eastward_velocity,eastward_velocity,-3,3,L1,m s-1,GA01SUMO,RID16,VELPT
GA01SUMO-RID16-04-VELPTA000,northward_velocity,northward_velocity,-3,3,L1,m s-1,GA01SUMO,RID16,VELPT
GA01SUMO-RID16-04-VELPTA000,upward_velocity,upward_velocity,-1,1,L1,m s-1,GA01SUMO,RID16,VELPT
GA01SUMO-RID16-04-VELPTA000,internal_timestamp,internal_timestamp,,,ENG,seconds since 1900-01-01,GA01SUMO,RID16,VELPT
GA01SUMO-RID16-04-VELPTA000,preferred_timestamp,preferred_timestamp,,,ENG,1,GA01SUMO,RID16,VELPT
GA01SUMO-RID16-04-VELPTA000,velpt_ab_eastward_velocity,velpt_ab_eastward_velocity,-3,3,L1,m s-1,GA01SUMO,RID16,VELPT
GA01SUMO-RID16-04-VELPTA000,velpt_ab_northward_velocity,velpt_ab_northward_velocity,-3,3,L1,m s-1,GA01SUMO,RID16,VELPT
GA01SUMO-RID16-04-VELPTA000,velpt_ab_upward_velocity,velpt_ab_upward_velocity,-1,1,L1,m s-1,GA01SUMO,RID16,VELPT
GA01SUMO-RID16-04-VELPTA000,number_of_beam_sequences,number_of_beam_sequences,,,,counts,GA01SUMO,RID16,VELPT
GA01SUMO-RID16-04-VELPTA000,number_of_beams_in_diagnostics_mode,number_of_beams_in_diagnostics_mode,,,,counts,GA01SUMO,RID16,VELPT
GA01SUMO-RID16-04-VELPTA000,reserved_bit_easyq,reserved_bit_easyq,,,,1,GA01SUMO,RID16,VELPT
GA01SUMO-RID16-04-VELPTA000,battery_voltage_dv,battery_voltage_dv,,,AUX,dV,GA01SUMO,RID16,VELPT
GA01SUMO-RID16-04-VELPTA000,sound_speed_dms,sound_speed_dms,,,AUX,dm s-1,GA01SUMO,RID16,VELPT
GA01SUMO-RID16-04-VELPTA000,heading_decidegree,heading_decidegree,,,AUX,deci-degrees,GA01SUMO,RID16,VELPT
GA01SUMO-RID16-04-VELPTA000,roll_decidegree,roll_decidegree,,,AUX,deci-degrees,GA01SUMO,RID16,VELPT
GA01SUMO-RID16-04-VELPTA000,pitch_decidegree,pitch_decidegree,,,AUX,deci-degrees,GA01SUMO,RID16,VELPT
GA01SUMO-RID16-04-VELPTA000,temperature_centidegree,temperature_centidegree,,,AUX,cdeg_C,GA01SUMO,RID16,VELPT
GA01SUMO-RID16-04-VELPTA000,pressure_mbar,pressure_mbar,,,AUX,0.001 dbar,GA01SUMO,RID16,VELPT
GA01SUMO-RID16-04-VELPTA000,error_code,error_code,,,,1,GA01SUMO,RID16,VELPT
GA01SUMO-RID16-04-VELPTA000,analog1,analog1,,,,1,GA01SUMO,RID16,VELPT
GA01SUMO-RID16-04-VELPTA000,status,status,,,,1,GA01SUMO,RID16,VELPT
GA01SUMO-RID16-04-VELPTA000,velocity_beam1,velocity_beam1,,,L0,mm s-1,GA01SUMO,RID16,VELPT
GA01SUMO-RID16-04-VELPTA000,velocity_beam2,velocity_beam2,,,L0,mm s-1,GA01SUMO,RID16,VELPT
GA01SUMO-RID16-04-VELPTA000,velocity_beam3,velocity_beam3,,,L0,mm s-1,GA01SUMO,RID16,VELPT
GA01SUMO-RID16-04-VELPTA000,amplitude_beam1,amplitude_beam1,,,AUX,counts,GA01SUMO,RID16,VELPT
GA01SUMO-RID16-04-VELPTA000,amplitude_beam2,amplitude_beam2,,,AUX,counts,GA01SUMO,RID16,VELPT
GA01SUMO-RID16-04-VELPTA000,amplitude_beam3,amplitude_beam3,,,AUX,counts,GA01SUMO,RID16,VELPT
GA01SUMO-RID16-04-VELPTA000,records_to_follow,records_to_follow,,,,1,GA01SUMO,RID16,VELPT
GA01SUMO-RID16-04-VELPTA000,cell_number_diagnostics,cell_number_diagnostics,,,,1,GA01SUMO,RID16,VELPT
GA01SUMO-RID16-04-VELPTA000,noise_amplitude_beam1,noise_amplitude_beam1,,,,counts,GA01SUMO,RID16,VELPT
GA01SUMO-RID16-04-VELPTA000,noise_amplitude_beam2,noise_amplitude_beam2,,,,counts,GA01SUMO,RID16,VELPT
GA01SUMO-RID16-04-VELPTA000,noise_amplitude_beam3,noise_amplitude_beam3,,,,counts,GA01SUMO,RID16,VELPT
GA01SUMO-RID16-04-VELPTA000,noise_amplitude_beam4,noise_amplitude_beam4,,,,counts,GA01SUMO,RID16,VELPT
GA01SUMO-RID16-04-VELPTA000,processing_magnitude_beam1,processing_magnitude_beam1,,,,1,GA01SUMO,RID16,VELPT
GA01SUMO-RID16-04-VELPTA000,processing_magnitude_beam2,processing_magnitude_beam2,,,,1,GA01SUMO,RID16,VELPT
GA01SUMO-RID16-04-VELPTA000,processing_magnitude_beam3,processing_magnitude_beam3,,,,1,GA01SUMO,RID16,VELPT
GA01SUMO-RID16-04-VELPTA000,processing_magnitude_beam4,processing_magnitude_beam4,,,,1,GA01SUMO,RID16,VELPT
GA01SUMO-RID16-04-VELPTA000,distance_beam1,distance_beam1,,,,1,GA01SUMO,RID16,VELPT
GA01SUMO-RID16-04-VELPTA000,distance_beam2,distance_beam2,,,,1,GA01SUMO,RID16,VELPT
GA01SUMO-RID16-04-VELPTA000,distance_beam3,distance_beam3,,,,1,GA01SUMO,RID16,VELPT
GA01SUMO-RID16-04-VELPTA000,distance_beam4,distance_beam4,,,,1,GA01SUMO,RID16,VELPT
GA01SUMO-RID16-04-VELPTA000,instrmt_type_serial_number,instrmt_type_serial_number,,,,1,GA01SUMO,RID16,VELPT
GA01SUMO-RID16-04-VELPTA000,pic_version,pic_version,,,,1,GA01SUMO,RID16,VELPT
GA01SUMO-RID16-04-VELPTA000,hardware_revision,hardware_revision,,,,1,GA01SUMO,RID16,VELPT
GA01SUMO-RID16-04-VELPTA000,recorder_size,recorder_size,,,,bytes,GA01SUMO,RID16,VELPT
GA01SUMO-RID16-04-VELPTA000,velocity_range,velocity_range,,,,1,GA01SUMO,RID16,VELPT
GA01SUMO-RID16-04-VELPTA000,pressure_sensor,pressure_sensor,,,,1,GA01SUMO,RID16,VELPT
GA01SUMO-RID16-04-VELPTA000,magnetometer_sensor,magnetometer_sensor,,,,1,GA01SUMO,RID16,VELPT
GA01SUMO-RID16-04-VELPTA000,tilt_sensor,tilt_sensor,,,,1,GA01SUMO,RID16,VELPT
GA01SUMO-RID16-04-VELPTA000,tilt_sensor_mounting,tilt_sensor_mounting,,,,1,GA01SUMO,RID16,VELPT
GA01SUMO-RID16-04-VELPTA000,head_frequency,head_frequency,,,,kHz,GA01SUMO,RID16,VELPT
GA01SUMO-RID16-04-VELPTA000,head_type,head_type,,,,1,GA01SUMO,RID16,VELPT
GA01SUMO-RID16-04-VELPTA000,head_serial_number,head_serial_number,,,,1,GA01SUMO,RID16,VELPT
GA01SUMO-RID16-04-VELPTA000,number_beams,number_beams,,,,1,GA01SUMO,RID16,VELPT
GA01SUMO-RID16-04-VELPTA000,transmit_pulse_length,transmit_pulse_length,,,,counts,GA01SUMO,RID16,VELPT
GA01SUMO-RID16-04-VELPTA000,blanking_distance,blanking_distance,,,,counts,GA01SUMO,RID16,VELPT
GA01SUMO-RID16-04-VELPTA000,receive_length,receive_length,,,,counts,GA01SUMO,RID16,VELPT
GA01SUMO-RID16-04-VELPTA000,time_between_pings,time_between_pings,,,,counts,GA01SUMO,RID16,VELPT
GA01SUMO-RID16-04-VELPTA000,time_between_bursts,time_between_bursts,,,,counts,GA01SUMO,RID16,VELPT
GA01SUMO-RID16-04-VELPTA000,average_interval,average_interval,,,,s,GA01SUMO,RID16,VELPT
GA01SUMO-RID16-04-VELPTA000,compass_update_rate,compass_update_rate,,,,Hz,GA01SUMO,RID16,VELPT
GA01SUMO-RID16-04-VELPTA000,coordinate_system,coordinate_system,,,,1,GA01SUMO,RID16,VELPT
GA01SUMO-RID16-04-VELPTA000,number_cells,number_cells,,,,1,GA01SUMO,RID16,VELPT
GA01SUMO-RID16-04-VELPTA000,measurement_interval,measurement_interval,,,,s,GA01SUMO,RID16,VELPT
GA01SUMO-RID16-04-VELPTA000,deployment_name,deployment_name,,,,1,GA01SUMO,RID16,VELPT
GA01SUMO-RID16-04-VELPTA000,diagnostics_interval,diagnostics_interval,,,,s,GA01SUMO,RID16,VELPT
GA01SUMO-RID16-04-VELPTA000,use_specified_sound_speed,use_specified_sound_speed,,,,1,GA01SUMO,RID16,VELPT
GA01SUMO-RID16-04-VELPTA000,diagnostics_mode_enable,diagnostics_mode_enable,,,,1,GA01SUMO,RID16,VELPT
GA01SUMO-RID16-04-VELPTA000,analog_output_enable,analog_output_enable,,,,1,GA01SUMO,RID16,VELPT
GA01SUMO-RID16-04-VELPTA000,output_format_nortek,output_format_nortek,,,,1,GA01SUMO,RID16,VELPT
GA01SUMO-RID16-04-VELPTA000,scaling,scaling,,,,1,GA01SUMO,RID16,VELPT
GA01SUMO-RID16-04-VELPTA000,serial_output_enable,serial_output_enable,,,,1,GA01SUMO,RID16,VELPT
GA01SUMO-RID16-04-VELPTA000,stage_enable,stage_enable,,,,1,GA01SUMO,RID16,VELPT
GA01SUMO-RID16-04-VELPTA000,analog_power_output,analog_power_output,,,,1,GA01SUMO,RID16,VELPT
GA01SUMO-RID16-04-VELPTA000,sound_speed_adjust_factor,sound_speed_adjust_factor,,,,m s-1,GA01SUMO,RID16,VELPT
GA01SUMO-RID16-04-VELPTA000,number_diagnostics_samples,number_diagnostics_samples,,,,1,GA01SUMO,RID16,VELPT
GA01SUMO-RID16-04-VELPTA000,number_pings_diagnostic,number_pings_diagnostic,,,,1,GA01SUMO,RID16,VELPT
GA01SUMO-RID16-04-VELPTA000,software_version,software_version,,,,1,GA01SUMO,RID16,VELPT
GA01SUMO-RID16-04-VELPTA000,correlation_threshold,correlation_threshold,,,,1,GA01SUMO,RID16,VELPT
GA01SUMO-RID16-04-VELPTA000,time,time,,,ENG,seconds since 1900-01-01,GA01SUMO,RID16,VELPT
GA01SUMO-RID16-04-VELPTA000,ingestion_timestamp,ingestion_timestamp,,,ENG,seconds since 1900-01-01,GA01SUMO,RID16,VELPT
GA01SUMO-RID16-04-VELPTA000,date_time_string,date_time_string,,,,1,GA01SUMO,RID16,VELPT
GA01SUMO-RID16-05-PCO2WB000,driver_timestamp,driver_timestamp,,,ENG,seconds since 1900-01-01,GA01SUMO,RID16,PCO2W
GA01SUMO-RID16-05-PCO2WB000,external_device2_fault,external_device2_fault,,,,1,GA01SUMO,RID16,PCO2W
GA01SUMO-RID16-05-PCO2WB000,external_device3_fault,external_device3_fault,,,,1,GA01SUMO,RID16,PCO2W
GA01SUMO-RID16-05-PCO2WB000,num_data_records,num_data_records,,,,1,GA01SUMO,RID16,PCO2W
GA01SUMO-RID16-05-PCO2WB000,num_error_records,num_error_records,,,,1,GA01SUMO,RID16,PCO2W
GA01SUMO-RID16-05-PCO2WB000,num_bytes_stored,num_bytes_stored,,,,bytes,GA01SUMO,RID16,PCO2W
GA01SUMO-RID16-05-PCO2WB000,internal_timestamp,internal_timestamp,,,ENG,seconds since 1900-01-01,GA01SUMO,RID16,PCO2W
GA01SUMO-RID16-05-PCO2WB000,preferred_timestamp,preferred_timestamp,,,ENG,1,GA01SUMO,RID16,PCO2W
GA01SUMO-RID16-05-PCO2WB000,passed_checksum,passed_checksum,,,ENG,1,GA01SUMO,RID16,PCO2W
GA01SUMO-RID16-05-PCO2WB000,dcl_controller_timestamp,dcl_controller_timestamp,,,ENG,1,GA01SUMO,RID16,PCO2W
GA01SUMO-RID16-05-PCO2WB000,blank_light_measurements,blank_light_measurements,,,,counts,GA01SUMO,RID16,PCO2W
GA01SUMO-RID16-05-PCO2WB000,battery_low_blank,battery_low_blank,,,,1,GA01SUMO,RID16,PCO2W
GA01SUMO-RID16-05-PCO2WB000,unique_id,unique_id,,,,1,GA01SUMO,RID16,PCO2W
GA01SUMO-RID16-05-PCO2WB000,record_type,record_type,,,,1,GA01SUMO,RID16,PCO2W
GA01SUMO-RID16-05-PCO2WB000,record_time,record_time,,,,seconds since 1904-01-01,GA01SUMO,RID16,PCO2W
GA01SUMO-RID16-05-PCO2WB000,light_measurements,light_measurements,,,,counts,GA01SUMO,RID16,PCO2W
GA01SUMO-RID16-05-PCO2WB000,voltage_battery,voltage_battery,,,,counts,GA01SUMO,RID16,PCO2W
GA01SUMO-RID16-05-PCO2WB000,thermistor_raw,thermistor_raw,,,L0,V,GA01SUMO,RID16,PCO2W
GA01SUMO-RID16-05-PCO2WB000,clock_active,clock_active,,,,1,GA01SUMO,RID16,PCO2W
GA01SUMO-RID16-05-PCO2WB000,recording_active,recording_active,,,,1,GA01SUMO,RID16,PCO2W
GA01SUMO-RID16-05-PCO2WB000,record_end_on_time,record_end_on_time,,,,1,GA01SUMO,RID16,PCO2W
GA01SUMO-RID16-05-PCO2WB000,record_memory_full,record_memory_full,,,,1,GA01SUMO,RID16,PCO2W
GA01SUMO-RID16-05-PCO2WB000,record_end_on_error,record_end_on_error,,,,1,GA01SUMO,RID16,PCO2W
GA01SUMO-RID16-05-PCO2WB000,data_download_ok,data_download_ok,,,,1,GA01SUMO,RID16,PCO2W
GA01SUMO-RID16-05-PCO2WB000,flash_memory_open,flash_memory_open,,,,1,GA01SUMO,RID16,PCO2W
GA01SUMO-RID16-05-PCO2WB000,battery_low_prestart,battery_low_prestart,,,,1,GA01SUMO,RID16,PCO2W
GA01SUMO-RID16-05-PCO2WB000,battery_low_measurement,battery_low_measurement,,,,1,GA01SUMO,RID16,PCO2W
GA01SUMO-RID16-05-PCO2WB000,battery_low_external,battery_low_external,,,,1,GA01SUMO,RID16,PCO2W
GA01SUMO-RID16-05-PCO2WB000,external_device1_fault,external_device1_fault,,,,1,GA01SUMO,RID16,PCO2W
GA01SUMO-RID16-05-PCO2WB000,flash_erased,flash_erased,,,,1,GA01SUMO,RID16,PCO2W
GA01SUMO-RID16-05-PCO2WB000,power_on_invalid,power_on_invalid,,,,1,GA01SUMO,RID16,PCO2W
GA01SUMO-RID16-05-PCO2WB000,time,time,,,ENG,seconds since 1900-01-01,GA01SUMO,RID16,PCO2W
GA01SUMO-RID16-05-PCO2WB000,ingestion_timestamp,ingestion_timestamp,,,ENG,seconds since 1900-01-01,GA01SUMO,RID16,PCO2W
GA01SUMO-RID16-05-PCO2WB000,absorbance_ratio_434,absorbance_ratio_434,0,100000,L0,counts,GA01SUMO,RID16,PCO2W
GA01SUMO-RID16-05-PCO2WB000,absorbance_ratio_620,absorbance_ratio_620,0,100000,L0,counts,GA01SUMO,RID16,PCO2W
GA01SUMO-RID16-05-PCO2WB000,absorbance_blank_434,absorbance_blank_434,,,L0,1,GA01SUMO,RID16,PCO2W
GA01SUMO-RID16-05-PCO2WB000,absorbance_blank_620,absorbance_blank_620,,,L0,1,GA01SUMO,RID16,PCO2W
GA01SUMO-RID16-05-PCO2WB000,pco2w_thermistor_temperature,pco2w_thermistor_temperature,-2,40,,deg_C,GA01SUMO,RID16,PCO2W
GA01SUMO-RID16-05-PCO2WB000,pco2_seawater,pco2_seawater,100,600,L1,uatm,GA01SUMO,RID16,PCO2W
GA01SUMO-RID16-06-DOSTAD000,product_number,product_number,,,,1,GA01SUMO,RID16,DOSTA
GA01SUMO-RID16-06-DOSTAD000,driver_timestamp,driver_timestamp,,,ENG,seconds since 1900-01-01,GA01SUMO,RID16,DOSTA
GA01SUMO-RID16-06-DOSTAD000,internal_timestamp,internal_timestamp,,,ENG,seconds since 1900-01-01,GA01SUMO,RID16,DOSTA
GA01SUMO-RID16-06-DOSTAD000,preferred_timestamp,preferred_timestamp,,,ENG,1,GA01SUMO,RID16,DOSTA
GA01SUMO-RID16-06-DOSTAD000,dcl_controller_timestamp,dcl_controller_timestamp,,,ENG,1,GA01SUMO,RID16,DOSTA
GA01SUMO-RID16-06-DOSTAD000,dosta_abcdjm_cspp_tc_oxygen,dosta_abcdjm_cspp_tc_oxygen,0,400,L1,umol L-1,GA01SUMO,RID16,DOSTA
GA01SUMO-RID16-06-DOSTAD000,serial_number,serial_number,,,ENG,1,GA01SUMO,RID16,DOSTA
GA01SUMO-RID16-06-DOSTAD000,dosta_abcdjm_dcl_abs_oxygen,dosta_abcdjm_dcl_abs_oxygen,0,400,L2,umol kg-1,GA01SUMO,RID16,DOSTA
GA01SUMO-RID16-06-DOSTAD000,dosta_abcdjm_dcl_metbk_abs_oxygen,dosta_abcdjm_dcl_metbk_abs_oxygen,0,400,L2,umol kg-1,GA01SUMO,RID16,DOSTA
GA01SUMO-RID16-06-DOSTAD000,dosta_abcdjm_dcl_ctdbp_abs_oxygen,dosta_abcdjm_dcl_ctdbp_abs_oxygen,0,400,L2,umol kg-1,GA01SUMO,RID16,DOSTA
GA01SUMO-RID16-06-DOSTAD000,time,time,,,ENG,seconds since 1900-01-01,GA01SUMO,RID16,DOSTA
GA01SUMO-RID16-06-DOSTAD000,ingestion_timestamp,ingestion_timestamp,,,ENG,seconds since 1900-01-01,GA01SUMO,RID16,DOSTA
GA01SUMO-RID16-06-DOSTAD000,estimated_oxygen_concentration,estimated_oxygen_concentration,0,400,L1,umol L-1,GA01SUMO,RID16,DOSTA
GA01SUMO-RID16-06-DOSTAD000,estimated_oxygen_saturation,estimated_oxygen_saturation,0,110,L1,percent,GA01SUMO,RID16,DOSTA
GA01SUMO-RID16-06-DOSTAD000,optode_temperature,optode_temperature,-2,40,,deg_C,GA01SUMO,RID16,DOSTA
GA01SUMO-RID16-06-DOSTAD000,calibrated_phase,calibrated_phase,,,L0,degrees,GA01SUMO,RID16,DOSTA
GA01SUMO-RID16-06-DOSTAD000,temp_compensated_phase,temp_compensated_phase,,,,degrees,GA01SUMO,RID16,DOSTA
GA01SUMO-RID16-06-DOSTAD000,blue_phase,blue_phase,,,,degrees,GA01SUMO,RID16,DOSTA
GA01SUMO-RID16-06-DOSTAD000,red_phase,red_phase,,,,degrees,GA01SUMO,RID16,DOSTA
GA01SUMO-RID16-06-DOSTAD000,blue_amplitude,blue_amplitude,,,,mV,GA01SUMO,RID16,DOSTA
GA01SUMO-RID16-06-DOSTAD000,red_amplitude,red_amplitude,,,,mV,GA01SUMO,RID16,DOSTA
GA01SUMO-RID16-06-DOSTAD000,raw_temperature,raw_temperature,,,,mV,GA01SUMO,RID16,DOSTA
GA01SUMO-RID16-07-NUTNRB000,driver_timestamp,driver_timestamp,,,ENG,seconds since 1900-01-01,GA01SUMO,RID16,NUTNR
GA01SUMO-RID16-07-NUTNRB000,firmware_version,firmware_version,,,,1,GA01SUMO,RID16,NUTNR
GA01SUMO-RID16-07-NUTNRB000,internal_timestamp,internal_timestamp,,,ENG,seconds since 1900-01-01,GA01SUMO,RID16,NUTNR
GA01SUMO-RID16-07-NUTNRB000,preferred_timestamp,preferred_timestamp,,,ENG,1,GA01SUMO,RID16,NUTNR
GA01SUMO-RID16-07-NUTNRB000,dcl_controller_timestamp,dcl_controller_timestamp,,,ENG,1,GA01SUMO,RID16,NUTNR
GA01SUMO-RID16-07-NUTNRB000,startup_time_string,startup_time_string,,,,1,GA01SUMO,RID16,NUTNR
GA01SUMO-RID16-07-NUTNRB000,nutnr_b_temp_sal_corrected_nitrate,nutnr_b_temp_sal_corrected_nitrate,0,40,L2,umol L-1,GA01SUMO,RID16,NUTNR
GA01SUMO-RID16-07-NUTNRB000,firmware_date,firmware_date,,,,1,GA01SUMO,RID16,NUTNR
GA01SUMO-RID16-07-NUTNRB000,frame_header,frame_header,,,,1,GA01SUMO,RID16,NUTNR
GA01SUMO-RID16-07-NUTNRB000,frame_type,frame_type,,,,1,GA01SUMO,RID16,NUTNR
GA01SUMO-RID16-07-NUTNRB000,serial_number,serial_number,,,ENG,1,GA01SUMO,RID16,NUTNR
GA01SUMO-RID16-07-NUTNRB000,date_of_sample,date_of_sample,,,AUX,1,GA01SUMO,RID16,NUTNR
GA01SUMO-RID16-07-NUTNRB000,time_of_sample,time_of_sample,,,AUX,h,GA01SUMO,RID16,NUTNR
GA01SUMO-RID16-07-NUTNRB000,nitrate_concentration,nitrate_concentration,0,40,L1,umol L-1,GA01SUMO,RID16,NUTNR
GA01SUMO-RID16-07-NUTNRB000,aux_fitting_1,aux_fitting_1,,,AUX,1,GA01SUMO,RID16,NUTNR
GA01SUMO-RID16-07-NUTNRB000,aux_fitting_2,aux_fitting_2,,,AUX,1,GA01SUMO,RID16,NUTNR
GA01SUMO-RID16-07-NUTNRB000,aux_fitting_3,aux_fitting_3,,,AUX,1,GA01SUMO,RID16,NUTNR
GA01SUMO-RID16-07-NUTNRB000,rms_error,rms_error,,,AUX,umol L-1,GA01SUMO,RID16,NUTNR
GA01SUMO-RID16-07-NUTNRB000,temp_interior,temp_interior,,,AUX,deg_C,GA01SUMO,RID16,NUTNR
GA01SUMO-RID16-07-NUTNRB000,temp_spectrometer,temp_spectrometer,,,AUX,deg_C,GA01SUMO,RID16,NUTNR
GA01SUMO-RID16-07-NUTNRB000,temp_lamp,temp_lamp,,,AUX,deg_C,GA01SUMO,RID16,NUTNR
GA01SUMO-RID16-07-NUTNRB000,humidity,humidity,,,AUX,%,GA01SUMO,RID16,NUTNR
GA01SUMO-RID16-07-NUTNRB000,voltage_lamp,voltage_lamp,,,AUX,V,GA01SUMO,RID16,NUTNR
GA01SUMO-RID16-07-NUTNRB000,voltage_analog,voltage_analog,,,AUX,V,GA01SUMO,RID16,NUTNR
GA01SUMO-RID16-07-NUTNRB000,voltage_main,voltage_main,,,AUX,V,GA01SUMO,RID16,NUTNR
GA01SUMO-RID16-07-NUTNRB000,ref_channel_average,ref_channel_average,,,,counts,GA01SUMO,RID16,NUTNR
GA01SUMO-RID16-07-NUTNRB000,ref_channel_variance,ref_channel_variance,,,,1,GA01SUMO,RID16,NUTNR
GA01SUMO-RID16-07-NUTNRB000,sea_water_dark,sea_water_dark,,,AUX,counts,GA01SUMO,RID16,NUTNR
GA01SUMO-RID16-07-NUTNRB000,spec_channel_average,spec_channel_average,,,,counts,GA01SUMO,RID16,NUTNR
GA01SUMO-RID16-07-NUTNRB000,spectral_channels,spectral_channels,,,L0,counts,GA01SUMO,RID16,NUTNR
GA01SUMO-RID16-07-NUTNRB000,startup_time,startup_time,,,,seconds since 1970-01-01,GA01SUMO,RID16,NUTNR
GA01SUMO-RID16-07-NUTNRB000,lamp_time,lamp_time,,,AUX,s,GA01SUMO,RID16,NUTNR
GA01SUMO-RID16-07-NUTNRB000,spec_on_time,spec_on_time,,,,seconds since 1970-01-01,GA01SUMO,RID16,NUTNR
GA01SUMO-RID16-07-NUTNRB000,spec_powered_time,spec_powered_time,,,,seconds since 1970-01-01,GA01SUMO,RID16,NUTNR
GA01SUMO-RID16-07-NUTNRB000,lamp_on_time,lamp_on_time,,,,seconds since 1970-01-01,GA01SUMO,RID16,NUTNR
GA01SUMO-RID16-07-NUTNRB000,lamp_powered_time,lamp_powered_time,,,,seconds since 1970-01-01,GA01SUMO,RID16,NUTNR
GA01SUMO-RID16-07-NUTNRB000,data_log_file,data_log_file,,,,1,GA01SUMO,RID16,NUTNR
GA01SUMO-RID16-07-NUTNRB000,time,time,,,ENG,seconds since 1900-01-01,GA01SUMO,RID16,NUTNR
GA01SUMO-RID16-07-NUTNRB000,ingestion_timestamp,ingestion_timestamp,,,ENG,seconds since 1900-01-01,GA01SUMO,RID16,NUTNR
GA01SUMO-RID16-07-NUTNRB000,Not in Preload,Not in Preload,,,,,GA01SUMO,RID16,NUTNR
GA01SUMO-RID16-08-SPKIRB000,instrument_id,instrument_id,,,ENG,1,GA01SUMO,RID16,SPKIR
GA01SUMO-RID16-08-SPKIRB000,timer,timer,,,ENG,s,GA01SUMO,RID16,SPKIR
GA01SUMO-RID16-08-SPKIRB000,sample_delay,sample_delay,,,ENG,ms,GA01SUMO,RID16,SPKIR
GA01SUMO-RID16-08-SPKIRB000,driver_timestamp,driver_timestamp,,,ENG,seconds since 1900-01-01,GA01SUMO,RID16,SPKIR
GA01SUMO-RID16-08-SPKIRB000,vin_sense,vin_sense,,,ENG,counts,GA01SUMO,RID16,SPKIR
GA01SUMO-RID16-08-SPKIRB000,va_sense,va_sense,,,ENG,counts,GA01SUMO,RID16,SPKIR
GA01SUMO-RID16-08-SPKIRB000,internal_temperature,internal_temperature,,,AUX,counts,GA01SUMO,RID16,SPKIR
GA01SUMO-RID16-08-SPKIRB000,frame_counter,frame_counter,,,ENG,counts,GA01SUMO,RID16,SPKIR
GA01SUMO-RID16-08-SPKIRB000,internal_timestamp,internal_timestamp,,,ENG,seconds since 1900-01-01,GA01SUMO,RID16,SPKIR
GA01SUMO-RID16-08-SPKIRB000,preferred_timestamp,preferred_timestamp,,,ENG,1,GA01SUMO,RID16,SPKIR
GA01SUMO-RID16-08-SPKIRB000,passed_checksum,passed_checksum,,,ENG,1,GA01SUMO,RID16,SPKIR
GA01SUMO-RID16-08-SPKIRB000,channel_array,channel_array,,,L0,counts,GA01SUMO,RID16,SPKIR
GA01SUMO-RID16-08-SPKIRB000,dcl_controller_timestamp,dcl_controller_timestamp,,,ENG,1,GA01SUMO,RID16,SPKIR
GA01SUMO-RID16-08-SPKIRB000,spkir_abj_cspp_downwelling_vector,spkir_abj_cspp_downwelling_vector,0,300,L1,uW cm-2 nm-1,GA01SUMO,RID16,SPKIR
GA01SUMO-RID16-08-SPKIRB000,serial_number,serial_number,,,ENG,1,GA01SUMO,RID16,SPKIR
GA01SUMO-RID16-08-SPKIRB000,time,time,,,ENG,seconds since 1900-01-01,GA01SUMO,RID16,SPKIR
GA01SUMO-RID16-08-SPKIRB000,ingestion_timestamp,ingestion_timestamp,,,ENG,seconds since 1900-01-01,GA01SUMO,RID16,SPKIR
GA01SUMO-RII11-02-ADCPSN010,driver_timestamp,driver_timestamp,,,ENG,seconds since 1900-01-01,GA01SUMO,RII11,ADCPS
GA01SUMO-RII11-02-ADCPSN010,ensemble_start_time_2,ensemble_start_time_2,,,,seconds since 1900-01-01,GA01SUMO,RII11,ADCPS
GA01SUMO-RII11-02-ADCPSN010,real_time_clock_2,real_time_clock_2,,,,1,GA01SUMO,RII11,ADCPS
GA01SUMO-RII11-02-ADCPSN010,internal_timestamp,internal_timestamp,,,ENG,seconds since 1900-01-01,GA01SUMO,RII11,ADCPS
GA01SUMO-RII11-02-ADCPSN010,preferred_timestamp,preferred_timestamp,,,ENG,1,GA01SUMO,RII11,ADCPS
GA01SUMO-RII11-02-ADCPSN010,adcps_jln_record,adcps_jln_record,,,,1,GA01SUMO,RII11,ADCPS
GA01SUMO-RII11-02-ADCPSN010,adcps_jln_number,adcps_jln_number,,,,1,GA01SUMO,RII11,ADCPS
GA01SUMO-RII11-02-ADCPSN010,adcps_jln_unit_id,adcps_jln_unit_id,,,,1,GA01SUMO,RII11,ADCPS
GA01SUMO-RII11-02-ADCPSN010,adcps_jln_fw_vers,adcps_jln_fw_vers,,,,1,GA01SUMO,RII11,ADCPS
GA01SUMO-RII11-02-ADCPSN010,adcps_jln_fw_rev,adcps_jln_fw_rev,,,,1,GA01SUMO,RII11,ADCPS
GA01SUMO-RII11-02-ADCPSN010,adcps_jln_year,adcps_jln_year,,,,year,GA01SUMO,RII11,ADCPS
GA01SUMO-RII11-02-ADCPSN010,adcps_jln_month,adcps_jln_month,,,,month,GA01SUMO,RII11,ADCPS
GA01SUMO-RII11-02-ADCPSN010,adcps_jln_day,adcps_jln_day,,,,day,GA01SUMO,RII11,ADCPS
GA01SUMO-RII11-02-ADCPSN010,adcps_jln_hour,adcps_jln_hour,,,,hour,GA01SUMO,RII11,ADCPS
GA01SUMO-RII11-02-ADCPSN010,adcps_jln_minute,adcps_jln_minute,,,,minute,GA01SUMO,RII11,ADCPS
GA01SUMO-RII11-02-ADCPSN010,adcps_jln_second,adcps_jln_second,,,,sec,GA01SUMO,RII11,ADCPS
GA01SUMO-RII11-02-ADCPSN010,adcps_jln_hsec,adcps_jln_hsec,,,,csec,GA01SUMO,RII11,ADCPS
GA01SUMO-RII11-02-ADCPSN010,adcps_jln_heading,adcps_jln_heading,,,,cdegree,GA01SUMO,RII11,ADCPS
GA01SUMO-RII11-02-ADCPSN010,adcps_jln_pitch,adcps_jln_pitch,,,,cdegree,GA01SUMO,RII11,ADCPS
GA01SUMO-RII11-02-ADCPSN010,adcps_jln_roll,adcps_jln_roll,,,,cdegree,GA01SUMO,RII11,ADCPS
GA01SUMO-RII11-02-ADCPSN010,adcps_jln_temp,adcps_jln_temp,,,,cdeg_C,GA01SUMO,RII11,ADCPS
GA01SUMO-RII11-02-ADCPSN010,adcps_jln_pressure,adcps_jln_pressure,,,,daPa,GA01SUMO,RII11,ADCPS
GA01SUMO-RII11-02-ADCPSN010,adcps_jln_startbin,adcps_jln_startbin,,,,1,GA01SUMO,RII11,ADCPS
GA01SUMO-RII11-02-ADCPSN010,adcps_jln_bins,adcps_jln_bins,,,,1,GA01SUMO,RII11,ADCPS
GA01SUMO-RII11-02-ADCPSN010,adcps_jln_timestamp,adcps_jln_timestamp,,,,1,GA01SUMO,RII11,ADCPS
GA01SUMO-RII11-02-ADCPSN010,adcps_jln_id,adcps_jln_id,,,,1,GA01SUMO,RII11,ADCPS
GA01SUMO-RII11-02-ADCPSN010,adcps_jln_volts,adcps_jln_volts,,,,V,GA01SUMO,RII11,ADCPS
GA01SUMO-RII11-02-ADCPSN010,adcps_jln_records,adcps_jln_records,,,,1,GA01SUMO,RII11,ADCPS
GA01SUMO-RII11-02-ADCPSN010,adcps_jln_length,adcps_jln_length,,,,1,GA01SUMO,RII11,ADCPS
GA01SUMO-RII11-02-ADCPSN010,adcps_jln_events,adcps_jln_events,,,,1,GA01SUMO,RII11,ADCPS
GA01SUMO-RII11-02-ADCPSN010,adcps_jln_samples_written,adcps_jln_samples_written,,,,1,GA01SUMO,RII11,ADCPS
GA01SUMO-RII11-02-ADCPSN010,sensor_available_speed,sensor_available_speed,,,,1,GA01SUMO,RII11,ADCPS
GA01SUMO-RII11-02-ADCPSN010,sysconfig_beam_angle,sysconfig_beam_angle,,,,1,GA01SUMO,RII11,ADCPS
GA01SUMO-RII11-02-ADCPSN010,sysconfig_beam_config,sysconfig_beam_config,,,,1,GA01SUMO,RII11,ADCPS
GA01SUMO-RII11-02-ADCPSN010,adcps_jln_upward_seawater_velocity2,adcps_jln_upward_seawater_velocity2,-1,1,L1,m s-1,GA01SUMO,RII11,ADCPS
GA01SUMO-RII11-02-ADCPSN010,adcps_jln_error_velocity2,adcps_jln_error_velocity2,-1,1,L1,m s-1,GA01SUMO,RII11,ADCPS
GA01SUMO-RII11-02-ADCPSN010,adcps_jln_eastward_seawater_velocity2,adcps_jln_eastward_seawater_velocity2,-3,3,L1,m s-1,GA01SUMO,RII11,ADCPS
GA01SUMO-RII11-02-ADCPSN010,adcps_jln_northward_seawater_velocity2,adcps_jln_northward_seawater_velocity2,-3,3,L1,m s-1,GA01SUMO,RII11,ADCPS
GA01SUMO-RII11-02-ADCPSN010,adcps_jln_echo_intensity_beam1,adcps_jln_echo_intensity_beam1,0,255,L1,dB,GA01SUMO,RII11,ADCPS
GA01SUMO-RII11-02-ADCPSN010,adcps_jln_echo_intensity_beam2,adcps_jln_echo_intensity_beam2,0,255,L1,dB,GA01SUMO,RII11,ADCPS
GA01SUMO-RII11-02-ADCPSN010,adcps_jln_echo_intensity_beam3,adcps_jln_echo_intensity_beam3,0,255,L1,dB,GA01SUMO,RII11,ADCPS
GA01SUMO-RII11-02-ADCPSN010,adcps_jln_echo_intensity_beam4,adcps_jln_echo_intensity_beam4,0,255,L1,dB,GA01SUMO,RII11,ADCPS
GA01SUMO-RII11-02-ADCPSN010,serial_number,serial_number,,,ENG,1,GA01SUMO,RII11,ADCPS
GA01SUMO-RII11-02-ADCPSN010,adcps_jln_recovered_eastward_seawater_velocity,adcps_jln_recovered_eastward_seawater_velocity,-3,3,L1,m s-1,GA01SUMO,RII11,ADCPS
GA01SUMO-RII11-02-ADCPSN010,adcps_jln_recovered_northward_seawater_velocity,adcps_jln_recovered_northward_seawater_velocity,-3,3,L1,m s-1,GA01SUMO,RII11,ADCPS
GA01SUMO-RII11-02-ADCPSN010,firmware_version,firmware_version,,,,1,GA01SUMO,RII11,ADCPS
GA01SUMO-RII11-02-ADCPSN010,firmware_revision,firmware_revision,,,,1,GA01SUMO,RII11,ADCPS
GA01SUMO-RII11-02-ADCPSN010,sysconfig_frequency,sysconfig_frequency,,,,kHz,GA01SUMO,RII11,ADCPS
GA01SUMO-RII11-02-ADCPSN010,sysconfig_beam_pattern,sysconfig_beam_pattern,,,,1,GA01SUMO,RII11,ADCPS
GA01SUMO-RII11-02-ADCPSN010,sysconfig_sensor_config,sysconfig_sensor_config,,,,1,GA01SUMO,RII11,ADCPS
GA01SUMO-RII11-02-ADCPSN010,sysconfig_head_attached,sysconfig_head_attached,,,,1,GA01SUMO,RII11,ADCPS
GA01SUMO-RII11-02-ADCPSN010,sysconfig_vertical_orientation,sysconfig_vertical_orientation,,,,1,GA01SUMO,RII11,ADCPS
GA01SUMO-RII11-02-ADCPSN010,data_flag,data_flag,,,,1,GA01SUMO,RII11,ADCPS
GA01SUMO-RII11-02-ADCPSN010,lag_length,lag_length,,,,s,GA01SUMO,RII11,ADCPS
GA01SUMO-RII11-02-ADCPSN010,num_beams,num_beams,,,,1,GA01SUMO,RII11,ADCPS
GA01SUMO-RII11-02-ADCPSN010,num_cells,num_cells,,,,1,GA01SUMO,RII11,ADCPS
GA01SUMO-RII11-02-ADCPSN010,pings_per_ensemble,pings_per_ensemble,,,,1,GA01SUMO,RII11,ADCPS
GA01SUMO-RII11-02-ADCPSN010,cell_length,cell_length,,,,cm,GA01SUMO,RII11,ADCPS
GA01SUMO-RII11-02-ADCPSN010,blank_after_transmit,blank_after_transmit,,,,cm,GA01SUMO,RII11,ADCPS
GA01SUMO-RII11-02-ADCPSN010,signal_processing_mode,signal_processing_mode,,,,1,GA01SUMO,RII11,ADCPS
GA01SUMO-RII11-02-ADCPSN010,low_corr_threshold,low_corr_threshold,,,,counts,GA01SUMO,RII11,ADCPS
GA01SUMO-RII11-02-ADCPSN010,num_code_repetitions,num_code_repetitions,,,,counts,GA01SUMO,RII11,ADCPS
GA01SUMO-RII11-02-ADCPSN010,percent_good_min,percent_good_min,,,,percent,GA01SUMO,RII11,ADCPS
GA01SUMO-RII11-02-ADCPSN010,error_vel_threshold,error_vel_threshold,,,,mm s-1,GA01SUMO,RII11,ADCPS
GA01SUMO-RII11-02-ADCPSN010,time_per_ping_minutes,time_per_ping_minutes,,,,min,GA01SUMO,RII11,ADCPS
GA01SUMO-RII11-02-ADCPSN010,time_per_ping_seconds,time_per_ping_seconds,,,,s,GA01SUMO,RII11,ADCPS
GA01SUMO-RII11-02-ADCPSN010,coord_transform_type,coord_transform_type,,,,1,GA01SUMO,RII11,ADCPS
GA01SUMO-RII11-02-ADCPSN010,coord_transform_tilts,coord_transform_tilts,,,,1,GA01SUMO,RII11,ADCPS
GA01SUMO-RII11-02-ADCPSN010,coord_transform_beams,coord_transform_beams,,,,1,GA01SUMO,RII11,ADCPS
GA01SUMO-RII11-02-ADCPSN010,coord_transform_mapping,coord_transform_mapping,,,,1,GA01SUMO,RII11,ADCPS
GA01SUMO-RII11-02-ADCPSN010,heading_alignment,heading_alignment,,,,cdegrees,GA01SUMO,RII11,ADCPS
GA01SUMO-RII11-02-ADCPSN010,heading_bias,heading_bias,,,,cdegrees,GA01SUMO,RII11,ADCPS
GA01SUMO-RII11-02-ADCPSN010,sensor_source_speed,sensor_source_speed,,,,1,GA01SUMO,RII11,ADCPS
GA01SUMO-RII11-02-ADCPSN010,sensor_source_depth,sensor_source_depth,,,,1,GA01SUMO,RII11,ADCPS
GA01SUMO-RII11-02-ADCPSN010,sensor_source_heading,sensor_source_heading,,,,1,GA01SUMO,RII11,ADCPS
GA01SUMO-RII11-02-ADCPSN010,sensor_source_pitch,sensor_source_pitch,,,,1,GA01SUMO,RII11,ADCPS
GA01SUMO-RII11-02-ADCPSN010,sensor_source_roll,sensor_source_roll,,,,1,GA01SUMO,RII11,ADCPS
GA01SUMO-RII11-02-ADCPSN010,sensor_source_conductivity,sensor_source_conductivity,,,,1,GA01SUMO,RII11,ADCPS
GA01SUMO-RII11-02-ADCPSN010,sensor_source_temperature,sensor_source_temperature,,,,1,GA01SUMO,RII11,ADCPS
GA01SUMO-RII11-02-ADCPSN010,sensor_available_depth,sensor_available_depth,,,,1,GA01SUMO,RII11,ADCPS
GA01SUMO-RII11-02-ADCPSN010,sensor_available_heading,sensor_available_heading,,,,1,GA01SUMO,RII11,ADCPS
GA01SUMO-RII11-02-ADCPSN010,sensor_available_pitch,sensor_available_pitch,,,,1,GA01SUMO,RII11,ADCPS
GA01SUMO-RII11-02-ADCPSN010,sensor_available_roll,sensor_available_roll,,,,1,GA01SUMO,RII11,ADCPS
GA01SUMO-RII11-02-ADCPSN010,sensor_available_conductivity,sensor_available_conductivity,,,,1,GA01SUMO,RII11,ADCPS
GA01SUMO-RII11-02-ADCPSN010,sensor_available_temperature,sensor_available_temperature,,,,1,GA01SUMO,RII11,ADCPS
GA01SUMO-RII11-02-ADCPSN010,bin_1_distance,bin_1_distance,,,,cm,GA01SUMO,RII11,ADCPS
GA01SUMO-RII11-02-ADCPSN010,transmit_pulse_length,transmit_pulse_length,,,,cm,GA01SUMO,RII11,ADCPS
GA01SUMO-RII11-02-ADCPSN010,reference_layer_start,reference_layer_start,,,,1,GA01SUMO,RII11,ADCPS
GA01SUMO-RII11-02-ADCPSN010,reference_layer_stop,reference_layer_stop,,,,1,GA01SUMO,RII11,ADCPS
GA01SUMO-RII11-02-ADCPSN010,false_target_threshold,false_target_threshold,,,,counts,GA01SUMO,RII11,ADCPS
GA01SUMO-RII11-02-ADCPSN010,low_latency_trigger,low_latency_trigger,,,,1,GA01SUMO,RII11,ADCPS
GA01SUMO-RII11-02-ADCPSN010,transmit_lag_distance,transmit_lag_distance,,,,cm,GA01SUMO,RII11,ADCPS
GA01SUMO-RII11-02-ADCPSN010,cpu_board_serial_number,cpu_board_serial_number,,,,1,GA01SUMO,RII11,ADCPS
GA01SUMO-RII11-02-ADCPSN010,system_bandwidth,system_bandwidth,,,,1,GA01SUMO,RII11,ADCPS
GA01SUMO-RII11-02-ADCPSN010,system_power,system_power,,,,1,GA01SUMO,RII11,ADCPS
GA01SUMO-RII11-02-ADCPSN010,beam_angle,beam_angle,,,,degrees,GA01SUMO,RII11,ADCPS
GA01SUMO-RII11-02-ADCPSN010,ensemble_number,ensemble_number,,,,1,GA01SUMO,RII11,ADCPS
GA01SUMO-RII11-02-ADCPSN010,ensemble_number_increment,ensemble_number_increment,,,,1,GA01SUMO,RII11,ADCPS
GA01SUMO-RII11-02-ADCPSN010,bit_result_demod_1,bit_result_demod_1,,,,1,GA01SUMO,RII11,ADCPS
GA01SUMO-RII11-02-ADCPSN010,bit_result_demod_0,bit_result_demod_0,,,,1,GA01SUMO,RII11,ADCPS
GA01SUMO-RII11-02-ADCPSN010,bit_result_timing,bit_result_timing,,,,1,GA01SUMO,RII11,ADCPS
GA01SUMO-RII11-02-ADCPSN010,speed_of_sound,speed_of_sound,,,,m s-1,GA01SUMO,RII11,ADCPS
GA01SUMO-RII11-02-ADCPSN010,transducer_depth,transducer_depth,,,,dm,GA01SUMO,RII11,ADCPS
GA01SUMO-RII11-02-ADCPSN010,heading,heading,,,,cdegrees,GA01SUMO,RII11,ADCPS
GA01SUMO-RII11-02-ADCPSN010,pitch,pitch,,,,cdegrees,GA01SUMO,RII11,ADCPS
GA01SUMO-RII11-02-ADCPSN010,roll,roll,,,,cdegrees,GA01SUMO,RII11,ADCPS
GA01SUMO-RII11-02-ADCPSN010,salinity,salinity,,,,1,GA01SUMO,RII11,ADCPS
GA01SUMO-RII11-02-ADCPSN010,temperature,temperature,,,,cdeg_C,GA01SUMO,RII11,ADCPS
GA01SUMO-RII11-02-ADCPSN010,mpt_minutes,mpt_minutes,,,,min,GA01SUMO,RII11,ADCPS
GA01SUMO-RII11-02-ADCPSN010,mpt_seconds,mpt_seconds,,,,s,GA01SUMO,RII11,ADCPS
GA01SUMO-RII11-02-ADCPSN010,heading_stdev,heading_stdev,,,,degrees,GA01SUMO,RII11,ADCPS
GA01SUMO-RII11-02-ADCPSN010,pitch_stdev,pitch_stdev,,,,ddegrees,GA01SUMO,RII11,ADCPS
GA01SUMO-RII11-02-ADCPSN010,roll_stdev,roll_stdev,,,,ddegrees,GA01SUMO,RII11,ADCPS
GA01SUMO-RII11-02-ADCPSN010,adc_transmit_current,adc_transmit_current,,,,counts,GA01SUMO,RII11,ADCPS
GA01SUMO-RII11-02-ADCPSN010,adc_transmit_voltage,adc_transmit_voltage,,,,counts,GA01SUMO,RII11,ADCPS
GA01SUMO-RII11-02-ADCPSN010,adc_ambient_temp,adc_ambient_temp,,,,counts,GA01SUMO,RII11,ADCPS
GA01SUMO-RII11-02-ADCPSN010,adc_pressure_plus,adc_pressure_plus,,,,counts,GA01SUMO,RII11,ADCPS
GA01SUMO-RII11-02-ADCPSN010,adc_pressure_minus,adc_pressure_minus,,,,counts,GA01SUMO,RII11,ADCPS
GA01SUMO-RII11-02-ADCPSN010,adc_attitude_temp,adc_attitude_temp,,,,counts,GA01SUMO,RII11,ADCPS
GA01SUMO-RII11-02-ADCPSN010,adc_attitude,adc_attitude,,,,counts,GA01SUMO,RII11,ADCPS
GA01SUMO-RII11-02-ADCPSN010,adc_contamination_sensor,adc_contamination_sensor,,,,counts,GA01SUMO,RII11,ADCPS
GA01SUMO-RII11-02-ADCPSN010,bus_error_exception,bus_error_exception,,,,1,GA01SUMO,RII11,ADCPS
GA01SUMO-RII11-02-ADCPSN010,address_error_exception,address_error_exception,,,,1,GA01SUMO,RII11,ADCPS
GA01SUMO-RII11-02-ADCPSN010,illegal_instruction_exception,illegal_instruction_exception,,,,1,GA01SUMO,RII11,ADCPS
GA01SUMO-RII11-02-ADCPSN010,zero_divide_instruction,zero_divide_instruction,,,,1,GA01SUMO,RII11,ADCPS
GA01SUMO-RII11-02-ADCPSN010,emulator_exception,emulator_exception,,,,1,GA01SUMO,RII11,ADCPS
GA01SUMO-RII11-02-ADCPSN010,unassigned_exception,unassigned_exception,,,,1,GA01SUMO,RII11,ADCPS
GA01SUMO-RII11-02-ADCPSN010,watchdog_restart_occurred,watchdog_restart_occurred,,,,1,GA01SUMO,RII11,ADCPS
GA01SUMO-RII11-02-ADCPSN010,battery_saver_power,battery_saver_power,,,,1,GA01SUMO,RII11,ADCPS
GA01SUMO-RII11-02-ADCPSN010,pinging,pinging,,,,1,GA01SUMO,RII11,ADCPS
GA01SUMO-RII11-02-ADCPSN010,cold_wakeup_occurred,cold_wakeup_occurred,,,,1,GA01SUMO,RII11,ADCPS
GA01SUMO-RII11-02-ADCPSN010,time,time,,,ENG,seconds since 1900-01-01,GA01SUMO,RII11,ADCPS
GA01SUMO-RII11-02-ADCPSN010,unknown_wakeup_occurred,unknown_wakeup_occurred,,,,1,GA01SUMO,RII11,ADCPS
GA01SUMO-RII11-02-ADCPSN010,clock_read_error,clock_read_error,,,,1,GA01SUMO,RII11,ADCPS
GA01SUMO-RII11-02-ADCPSN010,unexpected_alarm,unexpected_alarm,,,,1,GA01SUMO,RII11,ADCPS
GA01SUMO-RII11-02-ADCPSN010,clock_jump_forward,clock_jump_forward,,,,1,GA01SUMO,RII11,ADCPS
GA01SUMO-RII11-02-ADCPSN010,clock_jump_backward,clock_jump_backward,,,,1,GA01SUMO,RII11,ADCPS
GA01SUMO-RII11-02-ADCPSN010,power_fail,power_fail,,,,1,GA01SUMO,RII11,ADCPS
GA01SUMO-RII11-02-ADCPSN010,spurious_dsp_interrupt,spurious_dsp_interrupt,,,,1,GA01SUMO,RII11,ADCPS
GA01SUMO-RII11-02-ADCPSN010,spurious_uart_interrupt,spurious_uart_interrupt,,,,1,GA01SUMO,RII11,ADCPS
GA01SUMO-RII11-02-ADCPSN010,spurious_clock_interrupt,spurious_clock_interrupt,,,,1,GA01SUMO,RII11,ADCPS
GA01SUMO-RII11-02-ADCPSN010,level_7_interrupt,level_7_interrupt,,,,1,GA01SUMO,RII11,ADCPS
GA01SUMO-RII11-02-ADCPSN010,pressure,pressure,,,,daPa,GA01SUMO,RII11,ADCPS
GA01SUMO-RII11-02-ADCPSN010,pressure_variance,pressure_variance,,,,daPa,GA01SUMO,RII11,ADCPS
GA01SUMO-RII11-02-ADCPSN010,water_velocity_east,water_velocity_east,,,L0,mm s-1,GA01SUMO,RII11,ADCPS
GA01SUMO-RII11-02-ADCPSN010,water_velocity_north,water_velocity_north,,,L0,mm s-1,GA01SUMO,RII11,ADCPS
GA01SUMO-RII11-02-ADCPSN010,water_velocity_up,water_velocity_up,,,L0,mm s-1,GA01SUMO,RII11,ADCPS
GA01SUMO-RII11-02-ADCPSN010,error_velocity,error_velocity,,,L0,mm s-1,GA01SUMO,RII11,ADCPS
GA01SUMO-RII11-02-ADCPSN010,correlation_magnitude_beam1,correlation_magnitude_beam1,,,,1,GA01SUMO,RII11,ADCPS
GA01SUMO-RII11-02-ADCPSN010,correlation_magnitude_beam2,correlation_magnitude_beam2,,,,1,GA01SUMO,RII11,ADCPS
GA01SUMO-RII11-02-ADCPSN010,correlation_magnitude_beam3,correlation_magnitude_beam3,,,,1,GA01SUMO,RII11,ADCPS
GA01SUMO-RII11-02-ADCPSN010,correlation_magnitude_beam4,correlation_magnitude_beam4,,,,1,GA01SUMO,RII11,ADCPS
GA01SUMO-RII11-02-ADCPSN010,echo_intensity_beam1,echo_intensity_beam1,,,L0,counts,GA01SUMO,RII11,ADCPS
GA01SUMO-RII11-02-ADCPSN010,echo_intensity_beam2,echo_intensity_beam2,,,L0,counts,GA01SUMO,RII11,ADCPS
GA01SUMO-RII11-02-ADCPSN010,echo_intensity_beam3,echo_intensity_beam3,,,L0,counts,GA01SUMO,RII11,ADCPS
GA01SUMO-RII11-02-ADCPSN010,echo_intensity_beam4,echo_intensity_beam4,,,L0,counts,GA01SUMO,RII11,ADCPS
GA01SUMO-RII11-02-ADCPSN010,percent_good_3beam,percent_good_3beam,,,,percent,GA01SUMO,RII11,ADCPS
GA01SUMO-RII11-02-ADCPSN010,percent_transforms_reject,percent_transforms_reject,,,,percent,GA01SUMO,RII11,ADCPS
GA01SUMO-RII11-02-ADCPSN010,percent_bad_beams,percent_bad_beams,,,,percent,GA01SUMO,RII11,ADCPS
GA01SUMO-RII11-02-ADCPSN010,percent_good_4beam,percent_good_4beam,,,,percent,GA01SUMO,RII11,ADCPS
GA01SUMO-RII11-02-ADCPSN010,ensemble_start_time,ensemble_start_time,,,,seconds since 1900-01-01,GA01SUMO,RII11,ADCPS
GA01SUMO-RII11-02-ADCPSN010,ingestion_timestamp,ingestion_timestamp,,,ENG,seconds since 1900-01-01,GA01SUMO,RII11,ADCPS
GA01SUMO-RII11-02-ADCPSN010,real_time_clock,real_time_clock,,,,1,GA01SUMO,RII11,ADCPS
GA01SUMO-RII11-02-ADCPSN010,bin_depths,bin_depths,,,,m,GA01SUMO,RII11,ADCPS
GA01SUMO-RII11-02-CTDBPP031,conductivity,conductivity,0,6,L1,S m-1,GA01SUMO,RII11,CTDBP
GA01SUMO-RII11-02-CTDBPP031,driver_timestamp,driver_timestamp,,,ENG,seconds since 1900-01-01,GA01SUMO,RII11,CTDBP
GA01SUMO-RII11-02-CTDBPP031,internal_timestamp,internal_timestamp,,,ENG,seconds since 1900-01-01,GA01SUMO,RII11,CTDBP
GA01SUMO-RII11-02-CTDBPP031,preferred_timestamp,preferred_timestamp,,,ENG,1,GA01SUMO,RII11,CTDBP
GA01SUMO-RII11-02-CTDBPP031,pressure,pressure,0,6000,L1,dbar,GA01SUMO,RII11,CTDBP
GA01SUMO-RII11-02-CTDBPP031,ctdbp_cdef_dcl_ce_density,ctdbp_cdef_dcl_ce_density,1000,1100,L2,kg m-3,GA01SUMO,RII11,CTDBP
GA01SUMO-RII11-02-CTDBPP031,serial_number,serial_number,,,ENG,1,GA01SUMO,RII11,CTDBP
GA01SUMO-RII11-02-CTDBPP031,temp,temp,-2,40,L1,deg_C,GA01SUMO,RII11,CTDBP
GA01SUMO-RII11-02-CTDBPP031,time,time,,,ENG,seconds since 1900-01-01,GA01SUMO,RII11,CTDBP
GA01SUMO-RII11-02-CTDBPP031,ingestion_timestamp,ingestion_timestamp,,,ENG,seconds since 1900-01-01,GA01SUMO,RII11,CTDBP
GA01SUMO-RII11-02-CTDBPP031,salinity,salinity,0,42,L2,(unitless),GA01SUMO,RII11,CTDBP
GA01SUMO-RII11-02-CTDBPP031,date_time_string,date_time_string,,,,1,GA01SUMO,RII11,CTDBP
GA01SUMO-RII11-02-CTDBPP032,conductivity,conductivity,0,6,L1,S m-1,GA01SUMO,RII11,CTDBP
GA01SUMO-RII11-02-CTDBPP032,driver_timestamp,driver_timestamp,,,ENG,seconds since 1900-01-01,GA01SUMO,RII11,CTDBP
GA01SUMO-RII11-02-CTDBPP032,internal_timestamp,internal_timestamp,,,ENG,seconds since 1900-01-01,GA01SUMO,RII11,CTDBP
GA01SUMO-RII11-02-CTDBPP032,preferred_timestamp,preferred_timestamp,,,ENG,1,GA01SUMO,RII11,CTDBP
GA01SUMO-RII11-02-CTDBPP032,pressure,pressure,0,6000,L1,dbar,GA01SUMO,RII11,CTDBP
GA01SUMO-RII11-02-CTDBPP032,ctdbp_cdef_dcl_ce_density,ctdbp_cdef_dcl_ce_density,1000,1100,L2,kg m-3,GA01SUMO,RII11,CTDBP
GA01SUMO-RII11-02-CTDBPP032,serial_number,serial_number,,,ENG,1,GA01SUMO,RII11,CTDBP
GA01SUMO-RII11-02-CTDBPP032,temp,temp,-2,40,L1,deg_C,GA01SUMO,RII11,CTDBP
GA01SUMO-RII11-02-CTDBPP032,time,time,,,ENG,seconds since 1900-01-01,GA01SUMO,RII11,CTDBP
GA01SUMO-RII11-02-CTDBPP032,ingestion_timestamp,ingestion_timestamp,,,ENG,seconds since 1900-01-01,GA01SUMO,RII11,CTDBP
GA01SUMO-RII11-02-CTDBPP032,salinity,salinity,0,42,L2,(unitless),GA01SUMO,RII11,CTDBP
GA01SUMO-RII11-02-CTDBPP032,date_time_string,date_time_string,,,,1,GA01SUMO,RII11,CTDBP
GA01SUMO-RII11-02-CTDBPP033,conductivity,conductivity,0,6,L1,S m-1,GA01SUMO,RII11,CTDBP
GA01SUMO-RII11-02-CTDBPP033,driver_timestamp,driver_timestamp,,,ENG,seconds since 1900-01-01,GA01SUMO,RII11,CTDBP
GA01SUMO-RII11-02-CTDBPP033,internal_timestamp,internal_timestamp,,,ENG,seconds since 1900-01-01,GA01SUMO,RII11,CTDBP
GA01SUMO-RII11-02-CTDBPP033,preferred_timestamp,preferred_timestamp,,,ENG,1,GA01SUMO,RII11,CTDBP
GA01SUMO-RII11-02-CTDBPP033,pressure,pressure,0,6000,L1,dbar,GA01SUMO,RII11,CTDBP
GA01SUMO-RII11-02-CTDBPP033,ctdbp_cdef_dcl_ce_density,ctdbp_cdef_dcl_ce_density,1000,1100,L2,kg m-3,GA01SUMO,RII11,CTDBP
GA01SUMO-RII11-02-CTDBPP033,serial_number,serial_number,,,ENG,1,GA01SUMO,RII11,CTDBP
GA01SUMO-RII11-02-CTDBPP033,temp,temp,-2,40,L1,deg_C,GA01SUMO,RII11,CTDBP
GA01SUMO-RII11-02-CTDBPP033,time,time,,,ENG,seconds since 1900-01-01,GA01SUMO,RII11,CTDBP
GA01SUMO-RII11-02-CTDBPP033,ingestion_timestamp,ingestion_timestamp,,,ENG,seconds since 1900-01-01,GA01SUMO,RII11,CTDBP
GA01SUMO-RII11-02-CTDBPP033,salinity,salinity,0,42,L2,(unitless),GA01SUMO,RII11,CTDBP
GA01SUMO-RII11-02-CTDBPP033,date_time_string,date_time_string,,,,1,GA01SUMO,RII11,CTDBP
GA01SUMO-RII11-02-CTDMOQ011,driver_timestamp,driver_timestamp,,,ENG,seconds since 1900-01-01,GA01SUMO,RII11,CTDMO
GA01SUMO-RII11-02-CTDMOQ011,internal_timestamp,internal_timestamp,,,ENG,seconds since 1900-01-01,GA01SUMO,RII11,CTDMO
GA01SUMO-RII11-02-CTDMOQ011,battery_voltage_main,battery_voltage_main,,,,V,GA01SUMO,RII11,CTDMO
GA01SUMO-RII11-02-CTDMOQ011,battery_voltage_lithium,battery_voltage_lithium,,,,V,GA01SUMO,RII11,CTDMO
GA01SUMO-RII11-02-CTDMOQ011,inductive_id,inductive_id,,,ENG,1,GA01SUMO,RII11,CTDMO
GA01SUMO-RII11-02-CTDMOQ011,preferred_timestamp,preferred_timestamp,,,ENG,1,GA01SUMO,RII11,CTDMO
GA01SUMO-RII11-02-CTDMOQ011,temperature,temperature,,,L0,counts,GA01SUMO,RII11,CTDMO
GA01SUMO-RII11-02-CTDMOQ011,conductivity,conductivity,,,L0,counts,GA01SUMO,RII11,CTDMO
GA01SUMO-RII11-02-CTDMOQ011,pressure,pressure,,,L0,counts,GA01SUMO,RII11,CTDMO
GA01SUMO-RII11-02-CTDMOQ011,pressure_temp,pressure_temp,,,L0,counts,GA01SUMO,RII11,CTDMO
GA01SUMO-RII11-02-CTDMOQ011,ctd_time,ctd_time,,,ENG,seconds since 2000-01-01,GA01SUMO,RII11,CTDMO
GA01SUMO-RII11-02-CTDMOQ011,num_samples,num_samples,,,,counts,GA01SUMO,RII11,CTDMO
GA01SUMO-RII11-02-CTDMOQ011,mem_free,mem_free,,,,bytes,GA01SUMO,RII11,CTDMO
GA01SUMO-RII11-02-CTDMOQ011,sample_interval,sample_interval,,,,s,GA01SUMO,RII11,CTDMO
GA01SUMO-RII11-02-CTDMOQ011,sio_controller_timestamp,sio_controller_timestamp,,,ENG,seconds since 1970-01-01,GA01SUMO,RII11,CTDMO
GA01SUMO-RII11-02-CTDMOQ011,ctd_time_offset,ctd_time_offset,,,,s,GA01SUMO,RII11,CTDMO
GA01SUMO-RII11-02-CTDMOQ011,pressure_range,pressure_range,,,,psia,GA01SUMO,RII11,CTDMO
GA01SUMO-RII11-02-CTDMOQ011,ctdmo_seawater_pressure,ctdmo_seawater_pressure,0,6000,L1,dbar,GA01SUMO,RII11,CTDMO
GA01SUMO-RII11-02-CTDMOQ011,ctdmo_seawater_temperature,ctdmo_seawater_temperature,-2,40,L1,deg_C,GA01SUMO,RII11,CTDMO
GA01SUMO-RII11-02-CTDMOQ011,ctdmo_seawater_conductivity,ctdmo_seawater_conductivity,0,6,L1,S m-1,GA01SUMO,RII11,CTDMO
GA01SUMO-RII11-02-CTDMOQ011,ctdmo_practical_salinity,ctdmo_practical_salinity,0,42,L2,(unitless),GA01SUMO,RII11,CTDMO
GA01SUMO-RII11-02-CTDMOQ011,ctdmo_seawater_density,ctdmo_seawater_density,1000,1100,L2,kg m-3,GA01SUMO,RII11,CTDMO
GA01SUMO-RII11-02-CTDMOQ011,serial_number,serial_number,,,ENG,1,GA01SUMO,RII11,CTDMO
GA01SUMO-RII11-02-CTDMOQ011,time,time,,,ENG,seconds since 1900-01-01,GA01SUMO,RII11,CTDMO
GA01SUMO-RII11-02-CTDMOQ011,sample_number,sample_number,,,,count,GA01SUMO,RII11,CTDMO
GA01SUMO-RII11-02-CTDMOQ011,ingestion_timestamp,ingestion_timestamp,,,ENG,seconds since 1900-01-01,GA01SUMO,RII11,CTDMO
GA01SUMO-RII11-02-CTDMOQ011,date_time_string,date_time_string,,,,1,GA01SUMO,RII11,CTDMO
GA01SUMO-RII11-02-CTDMOQ012,driver_timestamp,driver_timestamp,,,ENG,seconds since 1900-01-01,GA01SUMO,RII11,CTDMO
GA01SUMO-RII11-02-CTDMOQ012,internal_timestamp,internal_timestamp,,,ENG,seconds since 1900-01-01,GA01SUMO,RII11,CTDMO
GA01SUMO-RII11-02-CTDMOQ012,battery_voltage_main,battery_voltage_main,,,,V,GA01SUMO,RII11,CTDMO
GA01SUMO-RII11-02-CTDMOQ012,battery_voltage_lithium,battery_voltage_lithium,,,,V,GA01SUMO,RII11,CTDMO
GA01SUMO-RII11-02-CTDMOQ012,inductive_id,inductive_id,,,ENG,1,GA01SUMO,RII11,CTDMO
GA01SUMO-RII11-02-CTDMOQ012,preferred_timestamp,preferred_timestamp,,,ENG,1,GA01SUMO,RII11,CTDMO
GA01SUMO-RII11-02-CTDMOQ012,temperature,temperature,,,L0,counts,GA01SUMO,RII11,CTDMO
GA01SUMO-RII11-02-CTDMOQ012,conductivity,conductivity,,,L0,counts,GA01SUMO,RII11,CTDMO
GA01SUMO-RII11-02-CTDMOQ012,pressure,pressure,,,L0,counts,GA01SUMO,RII11,CTDMO
GA01SUMO-RII11-02-CTDMOQ012,pressure_temp,pressure_temp,,,L0,counts,GA01SUMO,RII11,CTDMO
GA01SUMO-RII11-02-CTDMOQ012,ctd_time,ctd_time,,,ENG,seconds since 2000-01-01,GA01SUMO,RII11,CTDMO
GA01SUMO-RII11-02-CTDMOQ012,num_samples,num_samples,,,,counts,GA01SUMO,RII11,CTDMO
GA01SUMO-RII11-02-CTDMOQ012,mem_free,mem_free,,,,bytes,GA01SUMO,RII11,CTDMO
GA01SUMO-RII11-02-CTDMOQ012,sample_interval,sample_interval,,,,s,GA01SUMO,RII11,CTDMO
GA01SUMO-RII11-02-CTDMOQ012,sio_controller_timestamp,sio_controller_timestamp,,,ENG,seconds since 1970-01-01,GA01SUMO,RII11,CTDMO
GA01SUMO-RII11-02-CTDMOQ012,ctd_time_offset,ctd_time_offset,,,,s,GA01SUMO,RII11,CTDMO
GA01SUMO-RII11-02-CTDMOQ012,pressure_range,pressure_range,,,,psia,GA01SUMO,RII11,CTDMO
GA01SUMO-RII11-02-CTDMOQ012,ctdmo_seawater_pressure,ctdmo_seawater_pressure,0,6000,L1,dbar,GA01SUMO,RII11,CTDMO
GA01SUMO-RII11-02-CTDMOQ012,ctdmo_seawater_temperature,ctdmo_seawater_temperature,-2,40,L1,deg_C,GA01SUMO,RII11,CTDMO
GA01SUMO-RII11-02-CTDMOQ012,ctdmo_seawater_conductivity,ctdmo_seawater_conductivity,0,6,L1,S m-1,GA01SUMO,RII11,CTDMO
GA01SUMO-RII11-02-CTDMOQ012,ctdmo_practical_salinity,ctdmo_practical_salinity,0,42,L2,(unitless),GA01SUMO,RII11,CTDMO
GA01SUMO-RII11-02-CTDMOQ012,ctdmo_seawater_density,ctdmo_seawater_density,1000,1100,L2,kg m-3,GA01SUMO,RII11,CTDMO
GA01SUMO-RII11-02-CTDMOQ012,serial_number,serial_number,,,ENG,1,GA01SUMO,RII11,CTDMO
GA01SUMO-RII11-02-CTDMOQ012,time,time,,,ENG,seconds since 1900-01-01,GA01SUMO,RII11,CTDMO
GA01SUMO-RII11-02-CTDMOQ012,sample_number,sample_number,,,,count,GA01SUMO,RII11,CTDMO
GA01SUMO-RII11-02-CTDMOQ012,ingestion_timestamp,ingestion_timestamp,,,ENG,seconds since 1900-01-01,GA01SUMO,RII11,CTDMO
GA01SUMO-RII11-02-CTDMOQ012,date_time_string,date_time_string,,,,1,GA01SUMO,RII11,CTDMO
GA01SUMO-RII11-02-CTDMOQ013,driver_timestamp,driver_timestamp,,,ENG,seconds since 1900-01-01,GA01SUMO,RII11,CTDMO
GA01SUMO-RII11-02-CTDMOQ013,internal_timestamp,internal_timestamp,,,ENG,seconds since 1900-01-01,GA01SUMO,RII11,CTDMO
GA01SUMO-RII11-02-CTDMOQ013,battery_voltage_main,battery_voltage_main,,,,V,GA01SUMO,RII11,CTDMO
GA01SUMO-RII11-02-CTDMOQ013,battery_voltage_lithium,battery_voltage_lithium,,,,V,GA01SUMO,RII11,CTDMO
GA01SUMO-RII11-02-CTDMOQ013,inductive_id,inductive_id,,,ENG,1,GA01SUMO,RII11,CTDMO
GA01SUMO-RII11-02-CTDMOQ013,preferred_timestamp,preferred_timestamp,,,ENG,1,GA01SUMO,RII11,CTDMO
GA01SUMO-RII11-02-CTDMOQ013,temperature,temperature,,,L0,counts,GA01SUMO,RII11,CTDMO
GA01SUMO-RII11-02-CTDMOQ013,conductivity,conductivity,,,L0,counts,GA01SUMO,RII11,CTDMO
GA01SUMO-RII11-02-CTDMOQ013,pressure,pressure,,,L0,counts,GA01SUMO,RII11,CTDMO
GA01SUMO-RII11-02-CTDMOQ013,pressure_temp,pressure_temp,,,L0,counts,GA01SUMO,RII11,CTDMO
GA01SUMO-RII11-02-CTDMOQ013,ctd_time,ctd_time,,,ENG,seconds since 2000-01-01,GA01SUMO,RII11,CTDMO
GA01SUMO-RII11-02-CTDMOQ013,num_samples,num_samples,,,,counts,GA01SUMO,RII11,CTDMO
GA01SUMO-RII11-02-CTDMOQ013,mem_free,mem_free,,,,bytes,GA01SUMO,RII11,CTDMO
GA01SUMO-RII11-02-CTDMOQ013,sample_interval,sample_interval,,,,s,GA01SUMO,RII11,CTDMO
GA01SUMO-RII11-02-CTDMOQ013,sio_controller_timestamp,sio_controller_timestamp,,,ENG,seconds since 1970-01-01,GA01SUMO,RII11,CTDMO
GA01SUMO-RII11-02-CTDMOQ013,ctd_time_offset,ctd_time_offset,,,,s,GA01SUMO,RII11,CTDMO
GA01SUMO-RII11-02-CTDMOQ013,pressure_range,pressure_range,,,,psia,GA01SUMO,RII11,CTDMO
GA01SUMO-RII11-02-CTDMOQ013,ctdmo_seawater_pressure,ctdmo_seawater_pressure,0,6000,L1,dbar,GA01SUMO,RII11,CTDMO
GA01SUMO-RII11-02-CTDMOQ013,ctdmo_seawater_temperature,ctdmo_seawater_temperature,-2,40,L1,deg_C,GA01SUMO,RII11,CTDMO
GA01SUMO-RII11-02-CTDMOQ013,ctdmo_seawater_conductivity,ctdmo_seawater_conductivity,0,6,L1,S m-1,GA01SUMO,RII11,CTDMO
GA01SUMO-RII11-02-CTDMOQ013,ctdmo_practical_salinity,ctdmo_practical_salinity,0,42,L2,(unitless),GA01SUMO,RII11,CTDMO
GA01SUMO-RII11-02-CTDMOQ013,ctdmo_seawater_density,ctdmo_seawater_density,1000,1100,L2,kg m-3,GA01SUMO,RII11,CTDMO
GA01SUMO-RII11-02-CTDMOQ013,serial_number,serial_number,,,ENG,1,GA01SUMO,RII11,CTDMO
GA01SUMO-RII11-02-CTDMOQ013,time,time,,,ENG,seconds since 1900-01-01,GA01SUMO,RII11,CTDMO
GA01SUMO-RII11-02-CTDMOQ013,sample_number,sample_number,,,,count,GA01SUMO,RII11,CTDMO
GA01SUMO-RII11-02-CTDMOQ013,ingestion_timestamp,ingestion_timestamp,,,ENG,seconds since 1900-01-01,GA01SUMO,RII11,CTDMO
GA01SUMO-RII11-02-CTDMOQ013,date_time_string,date_time_string,,,,1,GA01SUMO,RII11,CTDMO
GA01SUMO-RII11-02-CTDMOQ014,driver_timestamp,driver_timestamp,,,ENG,seconds since 1900-01-01,GA01SUMO,RII11,CTDMO
GA01SUMO-RII11-02-CTDMOQ014,internal_timestamp,internal_timestamp,,,ENG,seconds since 1900-01-01,GA01SUMO,RII11,CTDMO
GA01SUMO-RII11-02-CTDMOQ014,battery_voltage_main,battery_voltage_main,,,,V,GA01SUMO,RII11,CTDMO
GA01SUMO-RII11-02-CTDMOQ014,battery_voltage_lithium,battery_voltage_lithium,,,,V,GA01SUMO,RII11,CTDMO
GA01SUMO-RII11-02-CTDMOQ014,inductive_id,inductive_id,,,ENG,1,GA01SUMO,RII11,CTDMO
GA01SUMO-RII11-02-CTDMOQ014,preferred_timestamp,preferred_timestamp,,,ENG,1,GA01SUMO,RII11,CTDMO
GA01SUMO-RII11-02-CTDMOQ014,temperature,temperature,,,L0,counts,GA01SUMO,RII11,CTDMO
GA01SUMO-RII11-02-CTDMOQ014,conductivity,conductivity,,,L0,counts,GA01SUMO,RII11,CTDMO
GA01SUMO-RII11-02-CTDMOQ014,pressure,pressure,,,L0,counts,GA01SUMO,RII11,CTDMO
GA01SUMO-RII11-02-CTDMOQ014,pressure_temp,pressure_temp,,,L0,counts,GA01SUMO,RII11,CTDMO
GA01SUMO-RII11-02-CTDMOQ014,ctd_time,ctd_time,,,ENG,seconds since 2000-01-01,GA01SUMO,RII11,CTDMO
GA01SUMO-RII11-02-CTDMOQ014,num_samples,num_samples,,,,counts,GA01SUMO,RII11,CTDMO
GA01SUMO-RII11-02-CTDMOQ014,mem_free,mem_free,,,,bytes,GA01SUMO,RII11,CTDMO
GA01SUMO-RII11-02-CTDMOQ014,sample_interval,sample_interval,,,,s,GA01SUMO,RII11,CTDMO
GA01SUMO-RII11-02-CTDMOQ014,sio_controller_timestamp,sio_controller_timestamp,,,ENG,seconds since 1970-01-01,GA01SUMO,RII11,CTDMO
GA01SUMO-RII11-02-CTDMOQ014,ctd_time_offset,ctd_time_offset,,,,s,GA01SUMO,RII11,CTDMO
GA01SUMO-RII11-02-CTDMOQ014,pressure_range,pressure_range,,,,psia,GA01SUMO,RII11,CTDMO
GA01SUMO-RII11-02-CTDMOQ014,ctdmo_seawater_pressure,ctdmo_seawater_pressure,0,6000,L1,dbar,GA01SUMO,RII11,CTDMO
GA01SUMO-RII11-02-CTDMOQ014,ctdmo_seawater_temperature,ctdmo_seawater_temperature,-2,40,L1,deg_C,GA01SUMO,RII11,CTDMO
GA01SUMO-RII11-02-CTDMOQ014,ctdmo_seawater_conductivity,ctdmo_seawater_conductivity,0,6,L1,S m-1,GA01SUMO,RII11,CTDMO
GA01SUMO-RII11-02-CTDMOQ014,ctdmo_practical_salinity,ctdmo_practical_salinity,0,42,L2,(unitless),GA01SUMO,RII11,CTDMO
GA01SUMO-RII11-02-CTDMOQ014,ctdmo_seawater_density,ctdmo_seawater_density,1000,1100,L2,kg m-3,GA01SUMO,RII11,CTDMO
GA01SUMO-RII11-02-CTDMOQ014,serial_number,serial_number,,,ENG,1,GA01SUMO,RII11,CTDMO
GA01SUMO-RII11-02-CTDMOQ014,time,time,,,ENG,seconds since 1900-01-01,GA01SUMO,RII11,CTDMO
GA01SUMO-RII11-02-CTDMOQ014,sample_number,sample_number,,,,count,GA01SUMO,RII11,CTDMO
GA01SUMO-RII11-02-CTDMOQ014,ingestion_timestamp,ingestion_timestamp,,,ENG,seconds since 1900-01-01,GA01SUMO,RII11,CTDMO
GA01SUMO-RII11-02-CTDMOQ014,date_time_string,date_time_string,,,,1,GA01SUMO,RII11,CTDMO
GA01SUMO-RII11-02-CTDMOQ015,driver_timestamp,driver_timestamp,,,ENG,seconds since 1900-01-01,GA01SUMO,RII11,CTDMO
GA01SUMO-RII11-02-CTDMOQ015,internal_timestamp,internal_timestamp,,,ENG,seconds since 1900-01-01,GA01SUMO,RII11,CTDMO
GA01SUMO-RII11-02-CTDMOQ015,battery_voltage_main,battery_voltage_main,,,,V,GA01SUMO,RII11,CTDMO
GA01SUMO-RII11-02-CTDMOQ015,battery_voltage_lithium,battery_voltage_lithium,,,,V,GA01SUMO,RII11,CTDMO
GA01SUMO-RII11-02-CTDMOQ015,inductive_id,inductive_id,,,ENG,1,GA01SUMO,RII11,CTDMO
GA01SUMO-RII11-02-CTDMOQ015,preferred_timestamp,preferred_timestamp,,,ENG,1,GA01SUMO,RII11,CTDMO
GA01SUMO-RII11-02-CTDMOQ015,temperature,temperature,,,L0,counts,GA01SUMO,RII11,CTDMO
GA01SUMO-RII11-02-CTDMOQ015,conductivity,conductivity,,,L0,counts,GA01SUMO,RII11,CTDMO
GA01SUMO-RII11-02-CTDMOQ015,pressure,pressure,,,L0,counts,GA01SUMO,RII11,CTDMO
GA01SUMO-RII11-02-CTDMOQ015,pressure_temp,pressure_temp,,,L0,counts,GA01SUMO,RII11,CTDMO
GA01SUMO-RII11-02-CTDMOQ015,ctd_time,ctd_time,,,ENG,seconds since 2000-01-01,GA01SUMO,RII11,CTDMO
GA01SUMO-RII11-02-CTDMOQ015,num_samples,num_samples,,,,counts,GA01SUMO,RII11,CTDMO
GA01SUMO-RII11-02-CTDMOQ015,mem_free,mem_free,,,,bytes,GA01SUMO,RII11,CTDMO
GA01SUMO-RII11-02-CTDMOQ015,sample_interval,sample_interval,,,,s,GA01SUMO,RII11,CTDMO
GA01SUMO-RII11-02-CTDMOQ015,sio_controller_timestamp,sio_controller_timestamp,,,ENG,seconds since 1970-01-01,GA01SUMO,RII11,CTDMO
GA01SUMO-RII11-02-CTDMOQ015,ctd_time_offset,ctd_time_offset,,,,s,GA01SUMO,RII11,CTDMO
GA01SUMO-RII11-02-CTDMOQ015,pressure_range,pressure_range,,,,psia,GA01SUMO,RII11,CTDMO
GA01SUMO-RII11-02-CTDMOQ015,ctdmo_seawater_pressure,ctdmo_seawater_pressure,0,6000,L1,dbar,GA01SUMO,RII11,CTDMO
GA01SUMO-RII11-02-CTDMOQ015,ctdmo_seawater_temperature,ctdmo_seawater_temperature,-2,40,L1,deg_C,GA01SUMO,RII11,CTDMO
GA01SUMO-RII11-02-CTDMOQ015,ctdmo_seawater_conductivity,ctdmo_seawater_conductivity,0,6,L1,S m-1,GA01SUMO,RII11,CTDMO
GA01SUMO-RII11-02-CTDMOQ015,ctdmo_practical_salinity,ctdmo_practical_salinity,0,42,L2,(unitless),GA01SUMO,RII11,CTDMO
GA01SUMO-RII11-02-CTDMOQ015,ctdmo_seawater_density,ctdmo_seawater_density,1000,1100,L2,kg m-3,GA01SUMO,RII11,CTDMO
GA01SUMO-RII11-02-CTDMOQ015,serial_number,serial_number,,,ENG,1,GA01SUMO,RII11,CTDMO
GA01SUMO-RII11-02-CTDMOQ015,time,time,,,ENG,seconds since 1900-01-01,GA01SUMO,RII11,CTDMO
GA01SUMO-RII11-02-CTDMOQ015,sample_number,sample_number,,,,count,GA01SUMO,RII11,CTDMO
GA01SUMO-RII11-02-CTDMOQ015,ingestion_timestamp,ingestion_timestamp,,,ENG,seconds since 1900-01-01,GA01SUMO,RII11,CTDMO
GA01SUMO-RII11-02-CTDMOQ015,date_time_string,date_time_string,,,,1,GA01SUMO,RII11,CTDMO
GA01SUMO-RII11-02-CTDMOQ016,driver_timestamp,driver_timestamp,,,ENG,seconds since 1900-01-01,GA01SUMO,RII11,CTDMO
GA01SUMO-RII11-02-CTDMOQ016,internal_timestamp,internal_timestamp,,,ENG,seconds since 1900-01-01,GA01SUMO,RII11,CTDMO
GA01SUMO-RII11-02-CTDMOQ016,battery_voltage_main,battery_voltage_main,,,,V,GA01SUMO,RII11,CTDMO
GA01SUMO-RII11-02-CTDMOQ016,battery_voltage_lithium,battery_voltage_lithium,,,,V,GA01SUMO,RII11,CTDMO
GA01SUMO-RII11-02-CTDMOQ016,inductive_id,inductive_id,,,ENG,1,GA01SUMO,RII11,CTDMO
GA01SUMO-RII11-02-CTDMOQ016,preferred_timestamp,preferred_timestamp,,,ENG,1,GA01SUMO,RII11,CTDMO
GA01SUMO-RII11-02-CTDMOQ016,temperature,temperature,,,L0,counts,GA01SUMO,RII11,CTDMO
GA01SUMO-RII11-02-CTDMOQ016,conductivity,conductivity,,,L0,counts,GA01SUMO,RII11,CTDMO
GA01SUMO-RII11-02-CTDMOQ016,pressure,pressure,,,L0,counts,GA01SUMO,RII11,CTDMO
GA01SUMO-RII11-02-CTDMOQ016,pressure_temp,pressure_temp,,,L0,counts,GA01SUMO,RII11,CTDMO
GA01SUMO-RII11-02-CTDMOQ016,ctd_time,ctd_time,,,ENG,seconds since 2000-01-01,GA01SUMO,RII11,CTDMO
GA01SUMO-RII11-02-CTDMOQ016,num_samples,num_samples,,,,counts,GA01SUMO,RII11,CTDMO
GA01SUMO-RII11-02-CTDMOQ016,mem_free,mem_free,,,,bytes,GA01SUMO,RII11,CTDMO
GA01SUMO-RII11-02-CTDMOQ016,sample_interval,sample_interval,,,,s,GA01SUMO,RII11,CTDMO
GA01SUMO-RII11-02-CTDMOQ016,sio_controller_timestamp,sio_controller_timestamp,,,ENG,seconds since 1970-01-01,GA01SUMO,RII11,CTDMO
GA01SUMO-RII11-02-CTDMOQ016,ctd_time_offset,ctd_time_offset,,,,s,GA01SUMO,RII11,CTDMO
GA01SUMO-RII11-02-CTDMOQ016,pressure_range,pressure_range,,,,psia,GA01SUMO,RII11,CTDMO
GA01SUMO-RII11-02-CTDMOQ016,ctdmo_seawater_pressure,ctdmo_seawater_pressure,0,6000,L1,dbar,GA01SUMO,RII11,CTDMO
GA01SUMO-RII11-02-CTDMOQ016,ctdmo_seawater_temperature,ctdmo_seawater_temperature,-2,40,L1,deg_C,GA01SUMO,RII11,CTDMO
GA01SUMO-RII11-02-CTDMOQ016,ctdmo_seawater_conductivity,ctdmo_seawater_conductivity,0,6,L1,S m-1,GA01SUMO,RII11,CTDMO
GA01SUMO-RII11-02-CTDMOQ016,ctdmo_practical_salinity,ctdmo_practical_salinity,0,42,L2,(unitless),GA01SUMO,RII11,CTDMO
GA01SUMO-RII11-02-CTDMOQ016,ctdmo_seawater_density,ctdmo_seawater_density,1000,1100,L2,kg m-3,GA01SUMO,RII11,CTDMO
GA01SUMO-RII11-02-CTDMOQ016,serial_number,serial_number,,,ENG,1,GA01SUMO,RII11,CTDMO
GA01SUMO-RII11-02-CTDMOQ016,time,time,,,ENG,seconds since 1900-01-01,GA01SUMO,RII11,CTDMO
GA01SUMO-RII11-02-CTDMOQ016,sample_number,sample_number,,,,count,GA01SUMO,RII11,CTDMO
GA01SUMO-RII11-02-CTDMOQ016,ingestion_timestamp,ingestion_timestamp,,,ENG,seconds since 1900-01-01,GA01SUMO,RII11,CTDMO
GA01SUMO-RII11-02-CTDMOQ016,date_time_string,date_time_string,,,,1,GA01SUMO,RII11,CTDMO
GA01SUMO-RII11-02-CTDMOQ017,driver_timestamp,driver_timestamp,,,ENG,seconds since 1900-01-01,GA01SUMO,RII11,CTDMO
GA01SUMO-RII11-02-CTDMOQ017,internal_timestamp,internal_timestamp,,,ENG,seconds since 1900-01-01,GA01SUMO,RII11,CTDMO
GA01SUMO-RII11-02-CTDMOQ017,battery_voltage_main,battery_voltage_main,,,,V,GA01SUMO,RII11,CTDMO
GA01SUMO-RII11-02-CTDMOQ017,battery_voltage_lithium,battery_voltage_lithium,,,,V,GA01SUMO,RII11,CTDMO
GA01SUMO-RII11-02-CTDMOQ017,inductive_id,inductive_id,,,ENG,1,GA01SUMO,RII11,CTDMO
GA01SUMO-RII11-02-CTDMOQ017,preferred_timestamp,preferred_timestamp,,,ENG,1,GA01SUMO,RII11,CTDMO
GA01SUMO-RII11-02-CTDMOQ017,temperature,temperature,,,L0,counts,GA01SUMO,RII11,CTDMO
GA01SUMO-RII11-02-CTDMOQ017,conductivity,conductivity,,,L0,counts,GA01SUMO,RII11,CTDMO
GA01SUMO-RII11-02-CTDMOQ017,pressure,pressure,,,L0,counts,GA01SUMO,RII11,CTDMO
GA01SUMO-RII11-02-CTDMOQ017,pressure_temp,pressure_temp,,,L0,counts,GA01SUMO,RII11,CTDMO
GA01SUMO-RII11-02-CTDMOQ017,ctd_time,ctd_time,,,ENG,seconds since 2000-01-01,GA01SUMO,RII11,CTDMO
GA01SUMO-RII11-02-CTDMOQ017,num_samples,num_samples,,,,counts,GA01SUMO,RII11,CTDMO
GA01SUMO-RII11-02-CTDMOQ017,mem_free,mem_free,,,,bytes,GA01SUMO,RII11,CTDMO
GA01SUMO-RII11-02-CTDMOQ017,sample_interval,sample_interval,,,,s,GA01SUMO,RII11,CTDMO
GA01SUMO-RII11-02-CTDMOQ017,sio_controller_timestamp,sio_controller_timestamp,,,ENG,seconds since 1970-01-01,GA01SUMO,RII11,CTDMO
GA01SUMO-RII11-02-CTDMOQ017,ctd_time_offset,ctd_time_offset,,,,s,GA01SUMO,RII11,CTDMO
GA01SUMO-RII11-02-CTDMOQ017,pressure_range,pressure_range,,,,psia,GA01SUMO,RII11,CTDMO
GA01SUMO-RII11-02-CTDMOQ017,ctdmo_seawater_pressure,ctdmo_seawater_pressure,0,6000,L1,dbar,GA01SUMO,RII11,CTDMO
GA01SUMO-RII11-02-CTDMOQ017,ctdmo_seawater_temperature,ctdmo_seawater_temperature,-2,40,L1,deg_C,GA01SUMO,RII11,CTDMO
GA01SUMO-RII11-02-CTDMOQ017,ctdmo_seawater_conductivity,ctdmo_seawater_conductivity,0,6,L1,S m-1,GA01SUMO,RII11,CTDMO
GA01SUMO-RII11-02-CTDMOQ017,ctdmo_practical_salinity,ctdmo_practical_salinity,0,42,L2,(unitless),GA01SUMO,RII11,CTDMO
GA01SUMO-RII11-02-CTDMOQ017,ctdmo_seawater_density,ctdmo_seawater_density,1000,1100,L2,kg m-3,GA01SUMO,RII11,CTDMO
GA01SUMO-RII11-02-CTDMOQ017,serial_number,serial_number,,,ENG,1,GA01SUMO,RII11,CTDMO
GA01SUMO-RII11-02-CTDMOQ017,time,time,,,ENG,seconds since 1900-01-01,GA01SUMO,RII11,CTDMO
GA01SUMO-RII11-02-CTDMOQ017,sample_number,sample_number,,,,count,GA01SUMO,RII11,CTDMO
GA01SUMO-RII11-02-CTDMOQ017,ingestion_timestamp,ingestion_timestamp,,,ENG,seconds since 1900-01-01,GA01SUMO,RII11,CTDMO
GA01SUMO-RII11-02-CTDMOQ017,date_time_string,date_time_string,,,,1,GA01SUMO,RII11,CTDMO
GA01SUMO-RII11-02-CTDMOR018,driver_timestamp,driver_timestamp,,,ENG,seconds since 1900-01-01,GA01SUMO,RII11,CTDMO
GA01SUMO-RII11-02-CTDMOR018,internal_timestamp,internal_timestamp,,,ENG,seconds since 1900-01-01,GA01SUMO,RII11,CTDMO
GA01SUMO-RII11-02-CTDMOR018,battery_voltage_main,battery_voltage_main,,,,V,GA01SUMO,RII11,CTDMO
GA01SUMO-RII11-02-CTDMOR018,battery_voltage_lithium,battery_voltage_lithium,,,,V,GA01SUMO,RII11,CTDMO
GA01SUMO-RII11-02-CTDMOR018,inductive_id,inductive_id,,,ENG,1,GA01SUMO,RII11,CTDMO
GA01SUMO-RII11-02-CTDMOR018,preferred_timestamp,preferred_timestamp,,,ENG,1,GA01SUMO,RII11,CTDMO
GA01SUMO-RII11-02-CTDMOR018,temperature,temperature,,,L0,counts,GA01SUMO,RII11,CTDMO
GA01SUMO-RII11-02-CTDMOR018,conductivity,conductivity,,,L0,counts,GA01SUMO,RII11,CTDMO
GA01SUMO-RII11-02-CTDMOR018,pressure,pressure,,,L0,counts,GA01SUMO,RII11,CTDMO
GA01SUMO-RII11-02-CTDMOR018,pressure_temp,pressure_temp,,,L0,counts,GA01SUMO,RII11,CTDMO
GA01SUMO-RII11-02-CTDMOR018,ctd_time,ctd_time,,,ENG,seconds since 2000-01-01,GA01SUMO,RII11,CTDMO
GA01SUMO-RII11-02-CTDMOR018,num_samples,num_samples,,,,counts,GA01SUMO,RII11,CTDMO
GA01SUMO-RII11-02-CTDMOR018,mem_free,mem_free,,,,bytes,GA01SUMO,RII11,CTDMO
GA01SUMO-RII11-02-CTDMOR018,sample_interval,sample_interval,,,,s,GA01SUMO,RII11,CTDMO
GA01SUMO-RII11-02-CTDMOR018,sio_controller_timestamp,sio_controller_timestamp,,,ENG,seconds since 1970-01-01,GA01SUMO,RII11,CTDMO
GA01SUMO-RII11-02-CTDMOR018,ctd_time_offset,ctd_time_offset,,,,s,GA01SUMO,RII11,CTDMO
GA01SUMO-RII11-02-CTDMOR018,pressure_range,pressure_range,,,,psia,GA01SUMO,RII11,CTDMO
GA01SUMO-RII11-02-CTDMOR018,ctdmo_seawater_pressure,ctdmo_seawater_pressure,0,6000,L1,dbar,GA01SUMO,RII11,CTDMO
GA01SUMO-RII11-02-CTDMOR018,ctdmo_seawater_temperature,ctdmo_seawater_temperature,-2,40,L1,deg_C,GA01SUMO,RII11,CTDMO
GA01SUMO-RII11-02-CTDMOR018,ctdmo_seawater_conductivity,ctdmo_seawater_conductivity,0,6,L1,S m-1,GA01SUMO,RII11,CTDMO
GA01SUMO-RII11-02-CTDMOR018,ctdmo_practical_salinity,ctdmo_practical_salinity,0,42,L2,(unitless),GA01SUMO,RII11,CTDMO
GA01SUMO-RII11-02-CTDMOR018,ctdmo_seawater_density,ctdmo_seawater_density,1000,1100,L2,kg m-3,GA01SUMO,RII11,CTDMO
GA01SUMO-RII11-02-CTDMOR018,serial_number,serial_number,,,ENG,1,GA01SUMO,RII11,CTDMO
GA01SUMO-RII11-02-CTDMOR018,time,time,,,ENG,seconds since 1900-01-01,GA01SUMO,RII11,CTDMO
GA01SUMO-RII11-02-CTDMOR018,sample_number,sample_number,,,,count,GA01SUMO,RII11,CTDMO
GA01SUMO-RII11-02-CTDMOR018,ingestion_timestamp,ingestion_timestamp,,,ENG,seconds since 1900-01-01,GA01SUMO,RII11,CTDMO
GA01SUMO-RII11-02-CTDMOR018,date_time_string,date_time_string,,,,1,GA01SUMO,RII11,CTDMO
GA01SUMO-RII11-02-CTDMOR019,driver_timestamp,driver_timestamp,,,ENG,seconds since 1900-01-01,GA01SUMO,RII11,CTDMO
GA01SUMO-RII11-02-CTDMOR019,internal_timestamp,internal_timestamp,,,ENG,seconds since 1900-01-01,GA01SUMO,RII11,CTDMO
GA01SUMO-RII11-02-CTDMOR019,battery_voltage_main,battery_voltage_main,,,,V,GA01SUMO,RII11,CTDMO
GA01SUMO-RII11-02-CTDMOR019,battery_voltage_lithium,battery_voltage_lithium,,,,V,GA01SUMO,RII11,CTDMO
GA01SUMO-RII11-02-CTDMOR019,inductive_id,inductive_id,,,ENG,1,GA01SUMO,RII11,CTDMO
GA01SUMO-RII11-02-CTDMOR019,preferred_timestamp,preferred_timestamp,,,ENG,1,GA01SUMO,RII11,CTDMO
GA01SUMO-RII11-02-CTDMOR019,temperature,temperature,,,L0,counts,GA01SUMO,RII11,CTDMO
GA01SUMO-RII11-02-CTDMOR019,conductivity,conductivity,,,L0,counts,GA01SUMO,RII11,CTDMO
GA01SUMO-RII11-02-CTDMOR019,pressure,pressure,,,L0,counts,GA01SUMO,RII11,CTDMO
GA01SUMO-RII11-02-CTDMOR019,pressure_temp,pressure_temp,,,L0,counts,GA01SUMO,RII11,CTDMO
GA01SUMO-RII11-02-CTDMOR019,ctd_time,ctd_time,,,ENG,seconds since 2000-01-01,GA01SUMO,RII11,CTDMO
GA01SUMO-RII11-02-CTDMOR019,num_samples,num_samples,,,,counts,GA01SUMO,RII11,CTDMO
GA01SUMO-RII11-02-CTDMOR019,mem_free,mem_free,,,,bytes,GA01SUMO,RII11,CTDMO
GA01SUMO-RII11-02-CTDMOR019,sample_interval,sample_interval,,,,s,GA01SUMO,RII11,CTDMO
GA01SUMO-RII11-02-CTDMOR019,sio_controller_timestamp,sio_controller_timestamp,,,ENG,seconds since 1970-01-01,GA01SUMO,RII11,CTDMO
GA01SUMO-RII11-02-CTDMOR019,ctd_time_offset,ctd_time_offset,,,,s,GA01SUMO,RII11,CTDMO
GA01SUMO-RII11-02-CTDMOR019,pressure_range,pressure_range,,,,psia,GA01SUMO,RII11,CTDMO
GA01SUMO-RII11-02-CTDMOR019,ctdmo_seawater_pressure,ctdmo_seawater_pressure,0,6000,L1,dbar,GA01SUMO,RII11,CTDMO
GA01SUMO-RII11-02-CTDMOR019,ctdmo_seawater_temperature,ctdmo_seawater_temperature,-2,40,L1,deg_C,GA01SUMO,RII11,CTDMO
GA01SUMO-RII11-02-CTDMOR019,ctdmo_seawater_conductivity,ctdmo_seawater_conductivity,0,6,L1,S m-1,GA01SUMO,RII11,CTDMO
GA01SUMO-RII11-02-CTDMOR019,ctdmo_practical_salinity,ctdmo_practical_salinity,0,42,L2,(unitless),GA01SUMO,RII11,CTDMO
GA01SUMO-RII11-02-CTDMOR019,ctdmo_seawater_density,ctdmo_seawater_density,1000,1100,L2,kg m-3,GA01SUMO,RII11,CTDMO
GA01SUMO-RII11-02-CTDMOR019,serial_number,serial_number,,,ENG,1,GA01SUMO,RII11,CTDMO
GA01SUMO-RII11-02-CTDMOR019,time,time,,,ENG,seconds since 1900-01-01,GA01SUMO,RII11,CTDMO
GA01SUMO-RII11-02-CTDMOR019,sample_number,sample_number,,,,count,GA01SUMO,RII11,CTDMO
GA01SUMO-RII11-02-CTDMOR019,ingestion_timestamp,ingestion_timestamp,,,ENG,seconds since 1900-01-01,GA01SUMO,RII11,CTDMO
GA01SUMO-RII11-02-CTDMOR019,date_time_string,date_time_string,,,,1,GA01SUMO,RII11,CTDMO
GA01SUMO-RII11-02-CTDMOR020,driver_timestamp,driver_timestamp,,,ENG,seconds since 1900-01-01,GA01SUMO,RII11,CTDMO
GA01SUMO-RII11-02-CTDMOR020,internal_timestamp,internal_timestamp,,,ENG,seconds since 1900-01-01,GA01SUMO,RII11,CTDMO
GA01SUMO-RII11-02-CTDMOR020,battery_voltage_main,battery_voltage_main,,,,V,GA01SUMO,RII11,CTDMO
GA01SUMO-RII11-02-CTDMOR020,battery_voltage_lithium,battery_voltage_lithium,,,,V,GA01SUMO,RII11,CTDMO
GA01SUMO-RII11-02-CTDMOR020,inductive_id,inductive_id,,,ENG,1,GA01SUMO,RII11,CTDMO
GA01SUMO-RII11-02-CTDMOR020,preferred_timestamp,preferred_timestamp,,,ENG,1,GA01SUMO,RII11,CTDMO
GA01SUMO-RII11-02-CTDMOR020,temperature,temperature,,,L0,counts,GA01SUMO,RII11,CTDMO
GA01SUMO-RII11-02-CTDMOR020,conductivity,conductivity,,,L0,counts,GA01SUMO,RII11,CTDMO
GA01SUMO-RII11-02-CTDMOR020,pressure,pressure,,,L0,counts,GA01SUMO,RII11,CTDMO
GA01SUMO-RII11-02-CTDMOR020,pressure_temp,pressure_temp,,,L0,counts,GA01SUMO,RII11,CTDMO
GA01SUMO-RII11-02-CTDMOR020,ctd_time,ctd_time,,,ENG,seconds since 2000-01-01,GA01SUMO,RII11,CTDMO
GA01SUMO-RII11-02-CTDMOR020,num_samples,num_samples,,,,counts,GA01SUMO,RII11,CTDMO
GA01SUMO-RII11-02-CTDMOR020,mem_free,mem_free,,,,bytes,GA01SUMO,RII11,CTDMO
GA01SUMO-RII11-02-CTDMOR020,sample_interval,sample_interval,,,,s,GA01SUMO,RII11,CTDMO
GA01SUMO-RII11-02-CTDMOR020,sio_controller_timestamp,sio_controller_timestamp,,,ENG,seconds since 1970-01-01,GA01SUMO,RII11,CTDMO
GA01SUMO-RII11-02-CTDMOR020,ctd_time_offset,ctd_time_offset,,,,s,GA01SUMO,RII11,CTDMO
GA01SUMO-RII11-02-CTDMOR020,pressure_range,pressure_range,,,,psia,GA01SUMO,RII11,CTDMO
GA01SUMO-RII11-02-CTDMOR020,ctdmo_seawater_pressure,ctdmo_seawater_pressure,0,6000,L1,dbar,GA01SUMO,RII11,CTDMO
GA01SUMO-RII11-02-CTDMOR020,ctdmo_seawater_temperature,ctdmo_seawater_temperature,-2,40,L1,deg_C,GA01SUMO,RII11,CTDMO
GA01SUMO-RII11-02-CTDMOR020,ctdmo_seawater_conductivity,ctdmo_seawater_conductivity,0,6,L1,S m-1,GA01SUMO,RII11,CTDMO
GA01SUMO-RII11-02-CTDMOR020,ctdmo_practical_salinity,ctdmo_practical_salinity,0,42,L2,(unitless),GA01SUMO,RII11,CTDMO
GA01SUMO-RII11-02-CTDMOR020,ctdmo_seawater_density,ctdmo_seawater_density,1000,1100,L2,kg m-3,GA01SUMO,RII11,CTDMO
GA01SUMO-RII11-02-CTDMOR020,serial_number,serial_number,,,ENG,1,GA01SUMO,RII11,CTDMO
GA01SUMO-RII11-02-CTDMOR020,time,time,,,ENG,seconds since 1900-01-01,GA01SUMO,RII11,CTDMO
GA01SUMO-RII11-02-CTDMOR020,sample_number,sample_number,,,,count,GA01SUMO,RII11,CTDMO
GA01SUMO-RII11-02-CTDMOR020,ingestion_timestamp,ingestion_timestamp,,,ENG,seconds since 1900-01-01,GA01SUMO,RII11,CTDMO
GA01SUMO-RII11-02-CTDMOR020,date_time_string,date_time_string,,,,1,GA01SUMO,RII11,CTDMO
GA01SUMO-RII11-02-DOSTAD031,product_number,product_number,,,,1,GA01SUMO,RII11,DOSTA
GA01SUMO-RII11-02-DOSTAD031,driver_timestamp,driver_timestamp,,,ENG,seconds since 1900-01-01,GA01SUMO,RII11,DOSTA
GA01SUMO-RII11-02-DOSTAD031,internal_timestamp,internal_timestamp,,,ENG,seconds since 1900-01-01,GA01SUMO,RII11,DOSTA
GA01SUMO-RII11-02-DOSTAD031,preferred_timestamp,preferred_timestamp,,,ENG,1,GA01SUMO,RII11,DOSTA
GA01SUMO-RII11-02-DOSTAD031,dcl_controller_timestamp,dcl_controller_timestamp,,,ENG,1,GA01SUMO,RII11,DOSTA
GA01SUMO-RII11-02-DOSTAD031,dosta_abcdjm_cspp_tc_oxygen,dosta_abcdjm_cspp_tc_oxygen,0,400,L1,umol L-1,GA01SUMO,RII11,DOSTA
GA01SUMO-RII11-02-DOSTAD031,serial_number,serial_number,,,ENG,1,GA01SUMO,RII11,DOSTA
GA01SUMO-RII11-02-DOSTAD031,dosta_abcdjm_dcl_abs_oxygen,dosta_abcdjm_dcl_abs_oxygen,0,400,L2,umol kg-1,GA01SUMO,RII11,DOSTA
GA01SUMO-RII11-02-DOSTAD031,dosta_abcdjm_dcl_metbk_abs_oxygen,dosta_abcdjm_dcl_metbk_abs_oxygen,0,400,L2,umol kg-1,GA01SUMO,RII11,DOSTA
GA01SUMO-RII11-02-DOSTAD031,dosta_abcdjm_dcl_ctdbp_abs_oxygen,dosta_abcdjm_dcl_ctdbp_abs_oxygen,0,400,L2,umol kg-1,GA01SUMO,RII11,DOSTA
GA01SUMO-RII11-02-DOSTAD031,time,time,,,ENG,seconds since 1900-01-01,GA01SUMO,RII11,DOSTA
GA01SUMO-RII11-02-DOSTAD031,ingestion_timestamp,ingestion_timestamp,,,ENG,seconds since 1900-01-01,GA01SUMO,RII11,DOSTA
GA01SUMO-RII11-02-DOSTAD031,estimated_oxygen_concentration,estimated_oxygen_concentration,0,400,L1,umol L-1,GA01SUMO,RII11,DOSTA
GA01SUMO-RII11-02-DOSTAD031,estimated_oxygen_saturation,estimated_oxygen_saturation,0,110,L1,percent,GA01SUMO,RII11,DOSTA
GA01SUMO-RII11-02-DOSTAD031,optode_temperature,optode_temperature,-2,40,,deg_C,GA01SUMO,RII11,DOSTA
GA01SUMO-RII11-02-DOSTAD031,calibrated_phase,calibrated_phase,,,L0,degrees,GA01SUMO,RII11,DOSTA
GA01SUMO-RII11-02-DOSTAD031,temp_compensated_phase,temp_compensated_phase,,,,degrees,GA01SUMO,RII11,DOSTA
GA01SUMO-RII11-02-DOSTAD031,blue_phase,blue_phase,,,,degrees,GA01SUMO,RII11,DOSTA
GA01SUMO-RII11-02-DOSTAD031,red_phase,red_phase,,,,degrees,GA01SUMO,RII11,DOSTA
GA01SUMO-RII11-02-DOSTAD031,blue_amplitude,blue_amplitude,,,,mV,GA01SUMO,RII11,DOSTA
GA01SUMO-RII11-02-DOSTAD031,red_amplitude,red_amplitude,,,,mV,GA01SUMO,RII11,DOSTA
GA01SUMO-RII11-02-DOSTAD031,raw_temperature,raw_temperature,,,,mV,GA01SUMO,RII11,DOSTA
GA01SUMO-RII11-02-DOSTAD032,product_number,product_number,,,,1,GA01SUMO,RII11,DOSTA
GA01SUMO-RII11-02-DOSTAD032,driver_timestamp,driver_timestamp,,,ENG,seconds since 1900-01-01,GA01SUMO,RII11,DOSTA
GA01SUMO-RII11-02-DOSTAD032,internal_timestamp,internal_timestamp,,,ENG,seconds since 1900-01-01,GA01SUMO,RII11,DOSTA
GA01SUMO-RII11-02-DOSTAD032,preferred_timestamp,preferred_timestamp,,,ENG,1,GA01SUMO,RII11,DOSTA
GA01SUMO-RII11-02-DOSTAD032,dcl_controller_timestamp,dcl_controller_timestamp,,,ENG,1,GA01SUMO,RII11,DOSTA
GA01SUMO-RII11-02-DOSTAD032,dosta_abcdjm_cspp_tc_oxygen,dosta_abcdjm_cspp_tc_oxygen,0,400,L1,umol L-1,GA01SUMO,RII11,DOSTA
GA01SUMO-RII11-02-DOSTAD032,serial_number,serial_number,,,ENG,1,GA01SUMO,RII11,DOSTA
GA01SUMO-RII11-02-DOSTAD032,dosta_abcdjm_dcl_abs_oxygen,dosta_abcdjm_dcl_abs_oxygen,0,400,L2,umol kg-1,GA01SUMO,RII11,DOSTA
GA01SUMO-RII11-02-DOSTAD032,dosta_abcdjm_dcl_metbk_abs_oxygen,dosta_abcdjm_dcl_metbk_abs_oxygen,0,400,L2,umol kg-1,GA01SUMO,RII11,DOSTA
GA01SUMO-RII11-02-DOSTAD032,dosta_abcdjm_dcl_ctdbp_abs_oxygen,dosta_abcdjm_dcl_ctdbp_abs_oxygen,0,400,L2,umol kg-1,GA01SUMO,RII11,DOSTA
GA01SUMO-RII11-02-DOSTAD032,time,time,,,ENG,seconds since 1900-01-01,GA01SUMO,RII11,DOSTA
GA01SUMO-RII11-02-DOSTAD032,ingestion_timestamp,ingestion_timestamp,,,ENG,seconds since 1900-01-01,GA01SUMO,RII11,DOSTA
GA01SUMO-RII11-02-DOSTAD032,estimated_oxygen_concentration,estimated_oxygen_concentration,0,400,L1,umol L-1,GA01SUMO,RII11,DOSTA
GA01SUMO-RII11-02-DOSTAD032,estimated_oxygen_saturation,estimated_oxygen_saturation,0,110,L1,percent,GA01SUMO,RII11,DOSTA
GA01SUMO-RII11-02-DOSTAD032,optode_temperature,optode_temperature,-2,40,,deg_C,GA01SUMO,RII11,DOSTA
GA01SUMO-RII11-02-DOSTAD032,calibrated_phase,calibrated_phase,,,L0,degrees,GA01SUMO,RII11,DOSTA
GA01SUMO-RII11-02-DOSTAD032,temp_compensated_phase,temp_compensated_phase,,,,degrees,GA01SUMO,RII11,DOSTA
GA01SUMO-RII11-02-DOSTAD032,blue_phase,blue_phase,,,,degrees,GA01SUMO,RII11,DOSTA
GA01SUMO-RII11-02-DOSTAD032,red_phase,red_phase,,,,degrees,GA01SUMO,RII11,DOSTA
GA01SUMO-RII11-02-DOSTAD032,blue_amplitude,blue_amplitude,,,,mV,GA01SUMO,RII11,DOSTA
GA01SUMO-RII11-02-DOSTAD032,red_amplitude,red_amplitude,,,,mV,GA01SUMO,RII11,DOSTA
GA01SUMO-RII11-02-DOSTAD032,raw_temperature,raw_temperature,,,,mV,GA01SUMO,RII11,DOSTA
GA01SUMO-RII11-02-DOSTAD033,product_number,product_number,,,,1,GA01SUMO,RII11,DOSTA
GA01SUMO-RII11-02-DOSTAD033,driver_timestamp,driver_timestamp,,,ENG,seconds since 1900-01-01,GA01SUMO,RII11,DOSTA
GA01SUMO-RII11-02-DOSTAD033,internal_timestamp,internal_timestamp,,,ENG,seconds since 1900-01-01,GA01SUMO,RII11,DOSTA
GA01SUMO-RII11-02-DOSTAD033,preferred_timestamp,preferred_timestamp,,,ENG,1,GA01SUMO,RII11,DOSTA
GA01SUMO-RII11-02-DOSTAD033,dcl_controller_timestamp,dcl_controller_timestamp,,,ENG,1,GA01SUMO,RII11,DOSTA
GA01SUMO-RII11-02-DOSTAD033,dosta_abcdjm_cspp_tc_oxygen,dosta_abcdjm_cspp_tc_oxygen,0,400,L1,umol L-1,GA01SUMO,RII11,DOSTA
GA01SUMO-RII11-02-DOSTAD033,serial_number,serial_number,,,ENG,1,GA01SUMO,RII11,DOSTA
GA01SUMO-RII11-02-DOSTAD033,dosta_abcdjm_dcl_abs_oxygen,dosta_abcdjm_dcl_abs_oxygen,0,400,L2,umol kg-1,GA01SUMO,RII11,DOSTA
GA01SUMO-RII11-02-DOSTAD033,dosta_abcdjm_dcl_metbk_abs_oxygen,dosta_abcdjm_dcl_metbk_abs_oxygen,0,400,L2,umol kg-1,GA01SUMO,RII11,DOSTA
GA01SUMO-RII11-02-DOSTAD033,dosta_abcdjm_dcl_ctdbp_abs_oxygen,dosta_abcdjm_dcl_ctdbp_abs_oxygen,0,400,L2,umol kg-1,GA01SUMO,RII11,DOSTA
GA01SUMO-RII11-02-DOSTAD033,time,time,,,ENG,seconds since 1900-01-01,GA01SUMO,RII11,DOSTA
GA01SUMO-RII11-02-DOSTAD033,ingestion_timestamp,ingestion_timestamp,,,ENG,seconds since 1900-01-01,GA01SUMO,RII11,DOSTA
GA01SUMO-RII11-02-DOSTAD033,estimated_oxygen_concentration,estimated_oxygen_concentration,0,400,L1,umol L-1,GA01SUMO,RII11,DOSTA
GA01SUMO-RII11-02-DOSTAD033,estimated_oxygen_saturation,estimated_oxygen_saturation,0,110,L1,percent,GA01SUMO,RII11,DOSTA
GA01SUMO-RII11-02-DOSTAD033,optode_temperature,optode_temperature,-2,40,,deg_C,GA01SUMO,RII11,DOSTA
GA01SUMO-RII11-02-DOSTAD033,calibrated_phase,calibrated_phase,,,L0,degrees,GA01SUMO,RII11,DOSTA
GA01SUMO-RII11-02-DOSTAD033,temp_compensated_phase,temp_compensated_phase,,,,degrees,GA01SUMO,RII11,DOSTA
GA01SUMO-RII11-02-DOSTAD033,blue_phase,blue_phase,,,,degrees,GA01SUMO,RII11,DOSTA
GA01SUMO-RII11-02-DOSTAD033,red_phase,red_phase,,,,degrees,GA01SUMO,RII11,DOSTA
GA01SUMO-RII11-02-DOSTAD033,blue_amplitude,blue_amplitude,,,,mV,GA01SUMO,RII11,DOSTA
GA01SUMO-RII11-02-DOSTAD033,red_amplitude,red_amplitude,,,,mV,GA01SUMO,RII11,DOSTA
GA01SUMO-RII11-02-DOSTAD033,raw_temperature,raw_temperature,,,,mV,GA01SUMO,RII11,DOSTA
GA01SUMO-RII11-02-FLORDG031,Still in development,Still in development,,,AUX,m-1,GA01SUMO,RII11,FLORD
GA01SUMO-RII11-02-FLORDG031,Still in development,Still in development,,,L1,m-1 sr-1,GA01SUMO,RII11,FLORD
GA01SUMO-RII11-02-FLORDG031,Still in development,Still in development,,,L1,ug L-1,GA01SUMO,RII11,FLORD
GA01SUMO-RII11-02-FLORDG031,Still in development,Still in development,,,L2,m-1,GA01SUMO,RII11,FLORD
GA01SUMO-RII11-02-FLORDG032,Still in development,Still in development,,,AUX,m-1,GA01SUMO,RII11,FLORD
GA01SUMO-RII11-02-FLORDG032,Still in development,Still in development,,,L1,m-1 sr-1,GA01SUMO,RII11,FLORD
GA01SUMO-RII11-02-FLORDG032,Still in development,Still in development,,,L1,ug L-1,GA01SUMO,RII11,FLORD
GA01SUMO-RII11-02-FLORDG032,Still in development,Still in development,,,L2,m-1,GA01SUMO,RII11,FLORD
GA01SUMO-RII11-02-FLORDG033,Still in development,Still in development,,,AUX,m-1,GA01SUMO,RII11,FLORD
GA01SUMO-RII11-02-FLORDG033,Still in development,Still in development,,,L1,m-1 sr-1,GA01SUMO,RII11,FLORD
GA01SUMO-RII11-02-FLORDG033,Still in development,Still in development,,,L1,ug L-1,GA01SUMO,RII11,FLORD
GA01SUMO-RII11-02-FLORDG033,Still in development,Still in development,,,L2,m-1,GA01SUMO,RII11,FLORD
GA01SUMO-RII11-02-PCO2WC051,instrument_id,instrument_id,,,ENG,1,GA01SUMO,RII11,PCO2W
GA01SUMO-RII11-02-PCO2WC051,driver_timestamp,driver_timestamp,,,ENG,seconds since 1900-01-01,GA01SUMO,RII11,PCO2W
GA01SUMO-RII11-02-PCO2WC051,external_device2_fault,external_device2_fault,,,,1,GA01SUMO,RII11,PCO2W
GA01SUMO-RII11-02-PCO2WC051,external_device3_fault,external_device3_fault,,,,1,GA01SUMO,RII11,PCO2W
GA01SUMO-RII11-02-PCO2WC051,num_data_records,num_data_records,,,,1,GA01SUMO,RII11,PCO2W
GA01SUMO-RII11-02-PCO2WC051,num_error_records,num_error_records,,,,1,GA01SUMO,RII11,PCO2W
GA01SUMO-RII11-02-PCO2WC051,num_bytes_stored,num_bytes_stored,,,,bytes,GA01SUMO,RII11,PCO2W
GA01SUMO-RII11-02-PCO2WC051,internal_timestamp,internal_timestamp,,,ENG,seconds since 1900-01-01,GA01SUMO,RII11,PCO2W
GA01SUMO-RII11-02-PCO2WC051,preferred_timestamp,preferred_timestamp,,,ENG,1,GA01SUMO,RII11,PCO2W
GA01SUMO-RII11-02-PCO2WC051,num_samples,num_samples,,,,counts,GA01SUMO,RII11,PCO2W
GA01SUMO-RII11-02-PCO2WC051,passed_checksum,passed_checksum,,,ENG,1,GA01SUMO,RII11,PCO2W
GA01SUMO-RII11-02-PCO2WC051,num_events,num_events,,,,counts,GA01SUMO,RII11,PCO2W
GA01SUMO-RII11-02-PCO2WC051,voltage_flt32,voltage_flt32,,,,V,GA01SUMO,RII11,PCO2W
GA01SUMO-RII11-02-PCO2WC051,blank_light_measurements,blank_light_measurements,,,,counts,GA01SUMO,RII11,PCO2W
GA01SUMO-RII11-02-PCO2WC051,battery_low_blank,battery_low_blank,,,,1,GA01SUMO,RII11,PCO2W
GA01SUMO-RII11-02-PCO2WC051,file_time,file_time,,,,1,GA01SUMO,RII11,PCO2W
GA01SUMO-RII11-02-PCO2WC051,serial_number,serial_number,,,ENG,1,GA01SUMO,RII11,PCO2W
GA01SUMO-RII11-02-PCO2WC051,unique_id,unique_id,,,,1,GA01SUMO,RII11,PCO2W
GA01SUMO-RII11-02-PCO2WC051,record_type,record_type,,,,1,GA01SUMO,RII11,PCO2W
GA01SUMO-RII11-02-PCO2WC051,record_time,record_time,,,,seconds since 1904-01-01,GA01SUMO,RII11,PCO2W
GA01SUMO-RII11-02-PCO2WC051,light_measurements,light_measurements,,,,counts,GA01SUMO,RII11,PCO2W
GA01SUMO-RII11-02-PCO2WC051,voltage_battery,voltage_battery,,,,counts,GA01SUMO,RII11,PCO2W
GA01SUMO-RII11-02-PCO2WC051,thermistor_raw,thermistor_raw,,,L0,V,GA01SUMO,RII11,PCO2W
GA01SUMO-RII11-02-PCO2WC051,clock_active,clock_active,,,,1,GA01SUMO,RII11,PCO2W
GA01SUMO-RII11-02-PCO2WC051,recording_active,recording_active,,,,1,GA01SUMO,RII11,PCO2W
GA01SUMO-RII11-02-PCO2WC051,record_end_on_time,record_end_on_time,,,,1,GA01SUMO,RII11,PCO2W
GA01SUMO-RII11-02-PCO2WC051,record_memory_full,record_memory_full,,,,1,GA01SUMO,RII11,PCO2W
GA01SUMO-RII11-02-PCO2WC051,record_end_on_error,record_end_on_error,,,,1,GA01SUMO,RII11,PCO2W
GA01SUMO-RII11-02-PCO2WC051,data_download_ok,data_download_ok,,,,1,GA01SUMO,RII11,PCO2W
GA01SUMO-RII11-02-PCO2WC051,flash_memory_open,flash_memory_open,,,,1,GA01SUMO,RII11,PCO2W
GA01SUMO-RII11-02-PCO2WC051,battery_low_prestart,battery_low_prestart,,,,1,GA01SUMO,RII11,PCO2W
GA01SUMO-RII11-02-PCO2WC051,battery_low_measurement,battery_low_measurement,,,,1,GA01SUMO,RII11,PCO2W
GA01SUMO-RII11-02-PCO2WC051,battery_low_external,battery_low_external,,,,1,GA01SUMO,RII11,PCO2W
GA01SUMO-RII11-02-PCO2WC051,external_device1_fault,external_device1_fault,,,,1,GA01SUMO,RII11,PCO2W
GA01SUMO-RII11-02-PCO2WC051,flash_erased,flash_erased,,,,1,GA01SUMO,RII11,PCO2W
GA01SUMO-RII11-02-PCO2WC051,power_on_invalid,power_on_invalid,,,,1,GA01SUMO,RII11,PCO2W
GA01SUMO-RII11-02-PCO2WC051,record_length,record_length,,,,1,GA01SUMO,RII11,PCO2W
GA01SUMO-RII11-02-PCO2WC051,time,time,,,ENG,seconds since 1900-01-01,GA01SUMO,RII11,PCO2W
GA01SUMO-RII11-02-PCO2WC051,ingestion_timestamp,ingestion_timestamp,,,ENG,seconds since 1900-01-01,GA01SUMO,RII11,PCO2W
GA01SUMO-RII11-02-PCO2WC051,absorbance_ratio_434,absorbance_ratio_434,0,100000,L0,counts,GA01SUMO,RII11,PCO2W
GA01SUMO-RII11-02-PCO2WC051,absorbance_ratio_620,absorbance_ratio_620,0,100000,L0,counts,GA01SUMO,RII11,PCO2W
GA01SUMO-RII11-02-PCO2WC051,absorbance_blank_434,absorbance_blank_434,,,L0,1,GA01SUMO,RII11,PCO2W
GA01SUMO-RII11-02-PCO2WC051,absorbance_blank_620,absorbance_blank_620,,,L0,1,GA01SUMO,RII11,PCO2W
GA01SUMO-RII11-02-PCO2WC051,pco2w_thermistor_temperature,pco2w_thermistor_temperature,-2,40,,deg_C,GA01SUMO,RII11,PCO2W
GA01SUMO-RII11-02-PCO2WC051,pco2_seawater,pco2_seawater,100,600,L1,uatm,GA01SUMO,RII11,PCO2W
GA01SUMO-RII11-02-PCO2WC052,instrument_id,instrument_id,,,ENG,1,GA01SUMO,RII11,PCO2W
GA01SUMO-RII11-02-PCO2WC052,driver_timestamp,driver_timestamp,,,ENG,seconds since 1900-01-01,GA01SUMO,RII11,PCO2W
GA01SUMO-RII11-02-PCO2WC052,external_device2_fault,external_device2_fault,,,,1,GA01SUMO,RII11,PCO2W
GA01SUMO-RII11-02-PCO2WC052,external_device3_fault,external_device3_fault,,,,1,GA01SUMO,RII11,PCO2W
GA01SUMO-RII11-02-PCO2WC052,num_data_records,num_data_records,,,,1,GA01SUMO,RII11,PCO2W
GA01SUMO-RII11-02-PCO2WC052,num_error_records,num_error_records,,,,1,GA01SUMO,RII11,PCO2W
GA01SUMO-RII11-02-PCO2WC052,num_bytes_stored,num_bytes_stored,,,,bytes,GA01SUMO,RII11,PCO2W
GA01SUMO-RII11-02-PCO2WC052,internal_timestamp,internal_timestamp,,,ENG,seconds since 1900-01-01,GA01SUMO,RII11,PCO2W
GA01SUMO-RII11-02-PCO2WC052,preferred_timestamp,preferred_timestamp,,,ENG,1,GA01SUMO,RII11,PCO2W
GA01SUMO-RII11-02-PCO2WC052,num_samples,num_samples,,,,counts,GA01SUMO,RII11,PCO2W
GA01SUMO-RII11-02-PCO2WC052,passed_checksum,passed_checksum,,,ENG,1,GA01SUMO,RII11,PCO2W
GA01SUMO-RII11-02-PCO2WC052,num_events,num_events,,,,counts,GA01SUMO,RII11,PCO2W
GA01SUMO-RII11-02-PCO2WC052,voltage_flt32,voltage_flt32,,,,V,GA01SUMO,RII11,PCO2W
GA01SUMO-RII11-02-PCO2WC052,blank_light_measurements,blank_light_measurements,,,,counts,GA01SUMO,RII11,PCO2W
GA01SUMO-RII11-02-PCO2WC052,battery_low_blank,battery_low_blank,,,,1,GA01SUMO,RII11,PCO2W
GA01SUMO-RII11-02-PCO2WC052,file_time,file_time,,,,1,GA01SUMO,RII11,PCO2W
GA01SUMO-RII11-02-PCO2WC052,serial_number,serial_number,,,ENG,1,GA01SUMO,RII11,PCO2W
GA01SUMO-RII11-02-PCO2WC052,unique_id,unique_id,,,,1,GA01SUMO,RII11,PCO2W
GA01SUMO-RII11-02-PCO2WC052,record_type,record_type,,,,1,GA01SUMO,RII11,PCO2W
GA01SUMO-RII11-02-PCO2WC052,record_time,record_time,,,,seconds since 1904-01-01,GA01SUMO,RII11,PCO2W
GA01SUMO-RII11-02-PCO2WC052,light_measurements,light_measurements,,,,counts,GA01SUMO,RII11,PCO2W
GA01SUMO-RII11-02-PCO2WC052,voltage_battery,voltage_battery,,,,counts,GA01SUMO,RII11,PCO2W
GA01SUMO-RII11-02-PCO2WC052,thermistor_raw,thermistor_raw,,,L0,V,GA01SUMO,RII11,PCO2W
GA01SUMO-RII11-02-PCO2WC052,clock_active,clock_active,,,,1,GA01SUMO,RII11,PCO2W
GA01SUMO-RII11-02-PCO2WC052,recording_active,recording_active,,,,1,GA01SUMO,RII11,PCO2W
GA01SUMO-RII11-02-PCO2WC052,record_end_on_time,record_end_on_time,,,,1,GA01SUMO,RII11,PCO2W
GA01SUMO-RII11-02-PCO2WC052,record_memory_full,record_memory_full,,,,1,GA01SUMO,RII11,PCO2W
GA01SUMO-RII11-02-PCO2WC052,record_end_on_error,record_end_on_error,,,,1,GA01SUMO,RII11,PCO2W
GA01SUMO-RII11-02-PCO2WC052,data_download_ok,data_download_ok,,,,1,GA01SUMO,RII11,PCO2W
GA01SUMO-RII11-02-PCO2WC052,flash_memory_open,flash_memory_open,,,,1,GA01SUMO,RII11,PCO2W
GA01SUMO-RII11-02-PCO2WC052,battery_low_prestart,battery_low_prestart,,,,1,GA01SUMO,RII11,PCO2W
GA01SUMO-RII11-02-PCO2WC052,battery_low_measurement,battery_low_measurement,,,,1,GA01SUMO,RII11,PCO2W
GA01SUMO-RII11-02-PCO2WC052,battery_low_external,battery_low_external,,,,1,GA01SUMO,RII11,PCO2W
GA01SUMO-RII11-02-PCO2WC052,external_device1_fault,external_device1_fault,,,,1,GA01SUMO,RII11,PCO2W
GA01SUMO-RII11-02-PCO2WC052,flash_erased,flash_erased,,,,1,GA01SUMO,RII11,PCO2W
GA01SUMO-RII11-02-PCO2WC052,power_on_invalid,power_on_invalid,,,,1,GA01SUMO,RII11,PCO2W
GA01SUMO-RII11-02-PCO2WC052,record_length,record_length,,,,1,GA01SUMO,RII11,PCO2W
GA01SUMO-RII11-02-PCO2WC052,time,time,,,ENG,seconds since 1900-01-01,GA01SUMO,RII11,PCO2W
GA01SUMO-RII11-02-PCO2WC052,ingestion_timestamp,ingestion_timestamp,,,ENG,seconds since 1900-01-01,GA01SUMO,RII11,PCO2W
GA01SUMO-RII11-02-PCO2WC052,absorbance_ratio_434,absorbance_ratio_434,0,100000,L0,counts,GA01SUMO,RII11,PCO2W
GA01SUMO-RII11-02-PCO2WC052,absorbance_ratio_620,absorbance_ratio_620,0,100000,L0,counts,GA01SUMO,RII11,PCO2W
GA01SUMO-RII11-02-PCO2WC052,absorbance_blank_434,absorbance_blank_434,,,L0,1,GA01SUMO,RII11,PCO2W
GA01SUMO-RII11-02-PCO2WC052,absorbance_blank_620,absorbance_blank_620,,,L0,1,GA01SUMO,RII11,PCO2W
GA01SUMO-RII11-02-PCO2WC052,pco2w_thermistor_temperature,pco2w_thermistor_temperature,-2,40,,deg_C,GA01SUMO,RII11,PCO2W
GA01SUMO-RII11-02-PCO2WC052,pco2_seawater,pco2_seawater,100,600,L1,uatm,GA01SUMO,RII11,PCO2W
GA01SUMO-RII11-02-PCO2WC053,instrument_id,instrument_id,,,ENG,1,GA01SUMO,RII11,PCO2W
GA01SUMO-RII11-02-PCO2WC053,driver_timestamp,driver_timestamp,,,ENG,seconds since 1900-01-01,GA01SUMO,RII11,PCO2W
GA01SUMO-RII11-02-PCO2WC053,external_device2_fault,external_device2_fault,,,,1,GA01SUMO,RII11,PCO2W
GA01SUMO-RII11-02-PCO2WC053,external_device3_fault,external_device3_fault,,,,1,GA01SUMO,RII11,PCO2W
GA01SUMO-RII11-02-PCO2WC053,num_data_records,num_data_records,,,,1,GA01SUMO,RII11,PCO2W
GA01SUMO-RII11-02-PCO2WC053,num_error_records,num_error_records,,,,1,GA01SUMO,RII11,PCO2W
GA01SUMO-RII11-02-PCO2WC053,num_bytes_stored,num_bytes_stored,,,,bytes,GA01SUMO,RII11,PCO2W
GA01SUMO-RII11-02-PCO2WC053,internal_timestamp,internal_timestamp,,,ENG,seconds since 1900-01-01,GA01SUMO,RII11,PCO2W
GA01SUMO-RII11-02-PCO2WC053,preferred_timestamp,preferred_timestamp,,,ENG,1,GA01SUMO,RII11,PCO2W
GA01SUMO-RII11-02-PCO2WC053,num_samples,num_samples,,,,counts,GA01SUMO,RII11,PCO2W
GA01SUMO-RII11-02-PCO2WC053,passed_checksum,passed_checksum,,,ENG,1,GA01SUMO,RII11,PCO2W
GA01SUMO-RII11-02-PCO2WC053,num_events,num_events,,,,counts,GA01SUMO,RII11,PCO2W
GA01SUMO-RII11-02-PCO2WC053,voltage_flt32,voltage_flt32,,,,V,GA01SUMO,RII11,PCO2W
GA01SUMO-RII11-02-PCO2WC053,blank_light_measurements,blank_light_measurements,,,,counts,GA01SUMO,RII11,PCO2W
GA01SUMO-RII11-02-PCO2WC053,battery_low_blank,battery_low_blank,,,,1,GA01SUMO,RII11,PCO2W
GA01SUMO-RII11-02-PCO2WC053,file_time,file_time,,,,1,GA01SUMO,RII11,PCO2W
GA01SUMO-RII11-02-PCO2WC053,serial_number,serial_number,,,ENG,1,GA01SUMO,RII11,PCO2W
GA01SUMO-RII11-02-PCO2WC053,unique_id,unique_id,,,,1,GA01SUMO,RII11,PCO2W
GA01SUMO-RII11-02-PCO2WC053,record_type,record_type,,,,1,GA01SUMO,RII11,PCO2W
GA01SUMO-RII11-02-PCO2WC053,record_time,record_time,,,,seconds since 1904-01-01,GA01SUMO,RII11,PCO2W
GA01SUMO-RII11-02-PCO2WC053,light_measurements,light_measurements,,,,counts,GA01SUMO,RII11,PCO2W
GA01SUMO-RII11-02-PCO2WC053,voltage_battery,voltage_battery,,,,counts,GA01SUMO,RII11,PCO2W
GA01SUMO-RII11-02-PCO2WC053,thermistor_raw,thermistor_raw,,,L0,V,GA01SUMO,RII11,PCO2W
GA01SUMO-RII11-02-PCO2WC053,clock_active,clock_active,,,,1,GA01SUMO,RII11,PCO2W
GA01SUMO-RII11-02-PCO2WC053,recording_active,recording_active,,,,1,GA01SUMO,RII11,PCO2W
GA01SUMO-RII11-02-PCO2WC053,record_end_on_time,record_end_on_time,,,,1,GA01SUMO,RII11,PCO2W
GA01SUMO-RII11-02-PCO2WC053,record_memory_full,record_memory_full,,,,1,GA01SUMO,RII11,PCO2W
GA01SUMO-RII11-02-PCO2WC053,record_end_on_error,record_end_on_error,,,,1,GA01SUMO,RII11,PCO2W
GA01SUMO-RII11-02-PCO2WC053,data_download_ok,data_download_ok,,,,1,GA01SUMO,RII11,PCO2W
GA01SUMO-RII11-02-PCO2WC053,flash_memory_open,flash_memory_open,,,,1,GA01SUMO,RII11,PCO2W
GA01SUMO-RII11-02-PCO2WC053,battery_low_prestart,battery_low_prestart,,,,1,GA01SUMO,RII11,PCO2W
GA01SUMO-RII11-02-PCO2WC053,battery_low_measurement,battery_low_measurement,,,,1,GA01SUMO,RII11,PCO2W
GA01SUMO-RII11-02-PCO2WC053,battery_low_external,battery_low_external,,,,1,GA01SUMO,RII11,PCO2W
GA01SUMO-RII11-02-PCO2WC053,external_device1_fault,external_device1_fault,,,,1,GA01SUMO,RII11,PCO2W
GA01SUMO-RII11-02-PCO2WC053,flash_erased,flash_erased,,,,1,GA01SUMO,RII11,PCO2W
GA01SUMO-RII11-02-PCO2WC053,power_on_invalid,power_on_invalid,,,,1,GA01SUMO,RII11,PCO2W
GA01SUMO-RII11-02-PCO2WC053,record_length,record_length,,,,1,GA01SUMO,RII11,PCO2W
GA01SUMO-RII11-02-PCO2WC053,time,time,,,ENG,seconds since 1900-01-01,GA01SUMO,RII11,PCO2W
GA01SUMO-RII11-02-PCO2WC053,ingestion_timestamp,ingestion_timestamp,,,ENG,seconds since 1900-01-01,GA01SUMO,RII11,PCO2W
GA01SUMO-RII11-02-PCO2WC053,absorbance_ratio_434,absorbance_ratio_434,0,100000,L0,counts,GA01SUMO,RII11,PCO2W
GA01SUMO-RII11-02-PCO2WC053,absorbance_ratio_620,absorbance_ratio_620,0,100000,L0,counts,GA01SUMO,RII11,PCO2W
GA01SUMO-RII11-02-PCO2WC053,absorbance_blank_434,absorbance_blank_434,,,L0,1,GA01SUMO,RII11,PCO2W
GA01SUMO-RII11-02-PCO2WC053,absorbance_blank_620,absorbance_blank_620,,,L0,1,GA01SUMO,RII11,PCO2W
GA01SUMO-RII11-02-PCO2WC053,pco2w_thermistor_temperature,pco2w_thermistor_temperature,-2,40,,deg_C,GA01SUMO,RII11,PCO2W
GA01SUMO-RII11-02-PCO2WC053,pco2_seawater,pco2_seawater,100,600,L1,uatm,GA01SUMO,RII11,PCO2W
GA01SUMO-RII11-02-PHSENE041,instrument_id,instrument_id,,,ENG,1,GA01SUMO,RII11,PHSEN
GA01SUMO-RII11-02-PHSENE041,driver_timestamp,driver_timestamp,,,ENG,seconds since 1900-01-01,GA01SUMO,RII11,PHSEN
GA01SUMO-RII11-02-PHSENE041,external_device2_fault,external_device2_fault,,,,1,GA01SUMO,RII11,PHSEN
GA01SUMO-RII11-02-PHSENE041,external_device3_fault,external_device3_fault,,,,1,GA01SUMO,RII11,PHSEN
GA01SUMO-RII11-02-PHSENE041,num_data_records,num_data_records,,,,1,GA01SUMO,RII11,PHSEN
GA01SUMO-RII11-02-PHSENE041,num_error_records,num_error_records,,,,1,GA01SUMO,RII11,PHSEN
GA01SUMO-RII11-02-PHSENE041,num_bytes_stored,num_bytes_stored,,,,bytes,GA01SUMO,RII11,PHSEN
GA01SUMO-RII11-02-PHSENE041,internal_timestamp,internal_timestamp,,,ENG,seconds since 1900-01-01,GA01SUMO,RII11,PHSEN
GA01SUMO-RII11-02-PHSENE041,preferred_timestamp,preferred_timestamp,,,ENG,1,GA01SUMO,RII11,PHSEN
GA01SUMO-RII11-02-PHSENE041,num_samples,num_samples,,,,counts,GA01SUMO,RII11,PHSEN
GA01SUMO-RII11-02-PHSENE041,passed_checksum,passed_checksum,,,ENG,1,GA01SUMO,RII11,PHSEN
GA01SUMO-RII11-02-PHSENE041,num_events,num_events,,,,counts,GA01SUMO,RII11,PHSEN
GA01SUMO-RII11-02-PHSENE041,voltage_flt32,voltage_flt32,,,,V,GA01SUMO,RII11,PHSEN
GA01SUMO-RII11-02-PHSENE041,phsen_abcdef_ph_seawater,phsen_abcdef_ph_seawater,7.3,8.5,L1,(unitless),GA01SUMO,RII11,PHSEN
GA01SUMO-RII11-02-PHSENE041,battery_low_blank,battery_low_blank,,,,1,GA01SUMO,RII11,PHSEN
GA01SUMO-RII11-02-PHSENE041,file_time,file_time,,,,1,GA01SUMO,RII11,PHSEN
GA01SUMO-RII11-02-PHSENE041,serial_number,serial_number,,,ENG,1,GA01SUMO,RII11,PHSEN
GA01SUMO-RII11-02-PHSENE041,unique_id,unique_id,,,,1,GA01SUMO,RII11,PHSEN
GA01SUMO-RII11-02-PHSENE041,record_type,record_type,,,,1,GA01SUMO,RII11,PHSEN
GA01SUMO-RII11-02-PHSENE041,record_time,record_time,,,,seconds since 1904-01-01,GA01SUMO,RII11,PHSEN
GA01SUMO-RII11-02-PHSENE041,light_measurements,light_measurements,,,,counts,GA01SUMO,RII11,PHSEN
GA01SUMO-RII11-02-PHSENE041,voltage_battery,voltage_battery,,,,counts,GA01SUMO,RII11,PHSEN
GA01SUMO-RII11-02-PHSENE041,clock_active,clock_active,,,,1,GA01SUMO,RII11,PHSEN
GA01SUMO-RII11-02-PHSENE041,recording_active,recording_active,,,,1,GA01SUMO,RII11,PHSEN
GA01SUMO-RII11-02-PHSENE041,record_end_on_time,record_end_on_time,,,,1,GA01SUMO,RII11,PHSEN
GA01SUMO-RII11-02-PHSENE041,record_memory_full,record_memory_full,,,,1,GA01SUMO,RII11,PHSEN
GA01SUMO-RII11-02-PHSENE041,phsen_abcdef_signal_intensity_434,phsen_abcdef_signal_intensity_434,,,L0,counts,GA01SUMO,RII11,PHSEN
GA01SUMO-RII11-02-PHSENE041,phsen_abcdef_signal_intensity_578,phsen_abcdef_signal_intensity_578,,,L0,counts,GA01SUMO,RII11,PHSEN
GA01SUMO-RII11-02-PHSENE041,record_end_on_error,record_end_on_error,,,,1,GA01SUMO,RII11,PHSEN
GA01SUMO-RII11-02-PHSENE041,data_download_ok,data_download_ok,,,,1,GA01SUMO,RII11,PHSEN
GA01SUMO-RII11-02-PHSENE041,flash_memory_open,flash_memory_open,,,,1,GA01SUMO,RII11,PHSEN
GA01SUMO-RII11-02-PHSENE041,battery_low_prestart,battery_low_prestart,,,,1,GA01SUMO,RII11,PHSEN
GA01SUMO-RII11-02-PHSENE041,battery_low_measurement,battery_low_measurement,,,,1,GA01SUMO,RII11,PHSEN
GA01SUMO-RII11-02-PHSENE041,battery_low_external,battery_low_external,,,,1,GA01SUMO,RII11,PHSEN
GA01SUMO-RII11-02-PHSENE041,external_device1_fault,external_device1_fault,,,,1,GA01SUMO,RII11,PHSEN
GA01SUMO-RII11-02-PHSENE041,flash_erased,flash_erased,,,,1,GA01SUMO,RII11,PHSEN
GA01SUMO-RII11-02-PHSENE041,power_on_invalid,power_on_invalid,,,,1,GA01SUMO,RII11,PHSEN
GA01SUMO-RII11-02-PHSENE041,record_length,record_length,,,,1,GA01SUMO,RII11,PHSEN
GA01SUMO-RII11-02-PHSENE041,time,time,,,ENG,seconds since 1900-01-01,GA01SUMO,RII11,PHSEN
GA01SUMO-RII11-02-PHSENE041,ingestion_timestamp,ingestion_timestamp,,,ENG,seconds since 1900-01-01,GA01SUMO,RII11,PHSEN
GA01SUMO-RII11-02-PHSENE041,thermistor_start,thermistor_start,,,,counts,GA01SUMO,RII11,PHSEN
GA01SUMO-RII11-02-PHSENE041,reference_light_measurements,reference_light_measurements,,,,counts,GA01SUMO,RII11,PHSEN
GA01SUMO-RII11-02-PHSENE041,thermistor_end,thermistor_end,,,,counts,GA01SUMO,RII11,PHSEN
GA01SUMO-RII11-02-PHSENE041,phsen_thermistor_temperature,phsen_thermistor_temperature,,,L0,V,GA01SUMO,RII11,PHSEN
GA01SUMO-RII11-02-PHSENE042,instrument_id,instrument_id,,,ENG,1,GA01SUMO,RII11,PHSEN
GA01SUMO-RII11-02-PHSENE042,driver_timestamp,driver_timestamp,,,ENG,seconds since 1900-01-01,GA01SUMO,RII11,PHSEN
GA01SUMO-RII11-02-PHSENE042,external_device2_fault,external_device2_fault,,,,1,GA01SUMO,RII11,PHSEN
GA01SUMO-RII11-02-PHSENE042,external_device3_fault,external_device3_fault,,,,1,GA01SUMO,RII11,PHSEN
GA01SUMO-RII11-02-PHSENE042,num_data_records,num_data_records,,,,1,GA01SUMO,RII11,PHSEN
GA01SUMO-RII11-02-PHSENE042,num_error_records,num_error_records,,,,1,GA01SUMO,RII11,PHSEN
GA01SUMO-RII11-02-PHSENE042,num_bytes_stored,num_bytes_stored,,,,bytes,GA01SUMO,RII11,PHSEN
GA01SUMO-RII11-02-PHSENE042,internal_timestamp,internal_timestamp,,,ENG,seconds since 1900-01-01,GA01SUMO,RII11,PHSEN
GA01SUMO-RII11-02-PHSENE042,preferred_timestamp,preferred_timestamp,,,ENG,1,GA01SUMO,RII11,PHSEN
GA01SUMO-RII11-02-PHSENE042,num_samples,num_samples,,,,counts,GA01SUMO,RII11,PHSEN
GA01SUMO-RII11-02-PHSENE042,passed_checksum,passed_checksum,,,ENG,1,GA01SUMO,RII11,PHSEN
GA01SUMO-RII11-02-PHSENE042,num_events,num_events,,,,counts,GA01SUMO,RII11,PHSEN
GA01SUMO-RII11-02-PHSENE042,voltage_flt32,voltage_flt32,,,,V,GA01SUMO,RII11,PHSEN
GA01SUMO-RII11-02-PHSENE042,phsen_abcdef_ph_seawater,phsen_abcdef_ph_seawater,7.3,8.5,L1,(unitless),GA01SUMO,RII11,PHSEN
GA01SUMO-RII11-02-PHSENE042,battery_low_blank,battery_low_blank,,,,1,GA01SUMO,RII11,PHSEN
GA01SUMO-RII11-02-PHSENE042,file_time,file_time,,,,1,GA01SUMO,RII11,PHSEN
GA01SUMO-RII11-02-PHSENE042,serial_number,serial_number,,,ENG,1,GA01SUMO,RII11,PHSEN
GA01SUMO-RII11-02-PHSENE042,unique_id,unique_id,,,,1,GA01SUMO,RII11,PHSEN
GA01SUMO-RII11-02-PHSENE042,record_type,record_type,,,,1,GA01SUMO,RII11,PHSEN
GA01SUMO-RII11-02-PHSENE042,record_time,record_time,,,,seconds since 1904-01-01,GA01SUMO,RII11,PHSEN
GA01SUMO-RII11-02-PHSENE042,light_measurements,light_measurements,,,,counts,GA01SUMO,RII11,PHSEN
GA01SUMO-RII11-02-PHSENE042,voltage_battery,voltage_battery,,,,counts,GA01SUMO,RII11,PHSEN
GA01SUMO-RII11-02-PHSENE042,clock_active,clock_active,,,,1,GA01SUMO,RII11,PHSEN
GA01SUMO-RII11-02-PHSENE042,recording_active,recording_active,,,,1,GA01SUMO,RII11,PHSEN
GA01SUMO-RII11-02-PHSENE042,record_end_on_time,record_end_on_time,,,,1,GA01SUMO,RII11,PHSEN
GA01SUMO-RII11-02-PHSENE042,record_memory_full,record_memory_full,,,,1,GA01SUMO,RII11,PHSEN
GA01SUMO-RII11-02-PHSENE042,phsen_abcdef_signal_intensity_434,phsen_abcdef_signal_intensity_434,,,L0,counts,GA01SUMO,RII11,PHSEN
GA01SUMO-RII11-02-PHSENE042,phsen_abcdef_signal_intensity_578,phsen_abcdef_signal_intensity_578,,,L0,counts,GA01SUMO,RII11,PHSEN
GA01SUMO-RII11-02-PHSENE042,record_end_on_error,record_end_on_error,,,,1,GA01SUMO,RII11,PHSEN
GA01SUMO-RII11-02-PHSENE042,data_download_ok,data_download_ok,,,,1,GA01SUMO,RII11,PHSEN
GA01SUMO-RII11-02-PHSENE042,flash_memory_open,flash_memory_open,,,,1,GA01SUMO,RII11,PHSEN
GA01SUMO-RII11-02-PHSENE042,battery_low_prestart,battery_low_prestart,,,,1,GA01SUMO,RII11,PHSEN
GA01SUMO-RII11-02-PHSENE042,battery_low_measurement,battery_low_measurement,,,,1,GA01SUMO,RII11,PHSEN
GA01SUMO-RII11-02-PHSENE042,battery_low_external,battery_low_external,,,,1,GA01SUMO,RII11,PHSEN
GA01SUMO-RII11-02-PHSENE042,external_device1_fault,external_device1_fault,,,,1,GA01SUMO,RII11,PHSEN
GA01SUMO-RII11-02-PHSENE042,flash_erased,flash_erased,,,,1,GA01SUMO,RII11,PHSEN
GA01SUMO-RII11-02-PHSENE042,power_on_invalid,power_on_invalid,,,,1,GA01SUMO,RII11,PHSEN
GA01SUMO-RII11-02-PHSENE042,record_length,record_length,,,,1,GA01SUMO,RII11,PHSEN
GA01SUMO-RII11-02-PHSENE042,time,time,,,ENG,seconds since 1900-01-01,GA01SUMO,RII11,PHSEN
GA01SUMO-RII11-02-PHSENE042,ingestion_timestamp,ingestion_timestamp,,,ENG,seconds since 1900-01-01,GA01SUMO,RII11,PHSEN
GA01SUMO-RII11-02-PHSENE042,thermistor_start,thermistor_start,,,,counts,GA01SUMO,RII11,PHSEN
GA01SUMO-RII11-02-PHSENE042,reference_light_measurements,reference_light_measurements,,,,counts,GA01SUMO,RII11,PHSEN
GA01SUMO-RII11-02-PHSENE042,thermistor_end,thermistor_end,,,,counts,GA01SUMO,RII11,PHSEN
GA01SUMO-RII11-02-PHSENE042,phsen_thermistor_temperature,phsen_thermistor_temperature,,,L0,V,GA01SUMO,RII11,PHSEN
GA01SUMO-SBD11-01-MOPAK0000,driver_timestamp,driver_timestamp,,,ENG,seconds since 1900-01-01,GA01SUMO,SBD11,MOPAK
GA01SUMO-SBD11-01-MOPAK0000,internal_timestamp,internal_timestamp,,,ENG,seconds since 1900-01-01,GA01SUMO,SBD11,MOPAK
GA01SUMO-SBD11-01-MOPAK0000,mopak_accelx,mopak_accelx,,,ENG,g0,GA01SUMO,SBD11,MOPAK
GA01SUMO-SBD11-01-MOPAK0000,mopak_accely,mopak_accely,,,ENG,g0,GA01SUMO,SBD11,MOPAK
GA01SUMO-SBD11-01-MOPAK0000,mopak_accelz,mopak_accelz,,,ENG,g0,GA01SUMO,SBD11,MOPAK
GA01SUMO-SBD11-01-MOPAK0000,mopak_ang_ratex,mopak_ang_ratex,,,ENG,rad s-1,GA01SUMO,SBD11,MOPAK
GA01SUMO-SBD11-01-MOPAK0000,mopak_ang_ratey,mopak_ang_ratey,,,ENG,rad s-1,GA01SUMO,SBD11,MOPAK
GA01SUMO-SBD11-01-MOPAK0000,preferred_timestamp,preferred_timestamp,,,ENG,1,GA01SUMO,SBD11,MOPAK
GA01SUMO-SBD11-01-MOPAK0000,mopak_ang_ratez,mopak_ang_ratez,,,ENG,rad s-1,GA01SUMO,SBD11,MOPAK
GA01SUMO-SBD11-01-MOPAK0000,mopak_magx,mopak_magx,,,ENG,Gs,GA01SUMO,SBD11,MOPAK
GA01SUMO-SBD11-01-MOPAK0000,mopak_magy,mopak_magy,,,ENG,Gs,GA01SUMO,SBD11,MOPAK
GA01SUMO-SBD11-01-MOPAK0000,mopak_magz,mopak_magz,,,ENG,Gs,GA01SUMO,SBD11,MOPAK
GA01SUMO-SBD11-01-MOPAK0000,mopak_timer,mopak_timer,,,ENG,counts,GA01SUMO,SBD11,MOPAK
GA01SUMO-SBD11-01-MOPAK0000,mopak_roll,mopak_roll,,,ENG,degrees,GA01SUMO,SBD11,MOPAK
GA01SUMO-SBD11-01-MOPAK0000,mopak_pitch,mopak_pitch,,,ENG,degrees,GA01SUMO,SBD11,MOPAK
GA01SUMO-SBD11-01-MOPAK0000,mopak_yaw,mopak_yaw,,,ENG,degrees,GA01SUMO,SBD11,MOPAK
GA01SUMO-SBD11-01-MOPAK0000,time,time,,,ENG,seconds since 1900-01-01,GA01SUMO,SBD11,MOPAK
GA01SUMO-SBD11-01-MOPAK0000,ingestion_timestamp,ingestion_timestamp,,,ENG,seconds since 1900-01-01,GA01SUMO,SBD11,MOPAK
GA01SUMO-SBD11-03-HYDGN00,driver_timestamp,driver_timestamp,,,ENG,seconds since 1900-01-01,GA01SUMO,SBD11,HYDGN
GA01SUMO-SBD11-03-HYDGN00,internal_timestamp,internal_timestamp,,,ENG,seconds since 1900-01-01,GA01SUMO,SBD11,HYDGN
GA01SUMO-SBD11-03-HYDGN00,preferred_timestamp,preferred_timestamp,,,ENG,1,GA01SUMO,SBD11,HYDGN
GA01SUMO-SBD11-03-HYDGN00,dcl_controller_timestamp,dcl_controller_timestamp,,,ENG,1,GA01SUMO,SBD11,HYDGN
GA01SUMO-SBD11-03-HYDGN00,hyd_raw,hyd_raw,,,AUX,counts,GA01SUMO,SBD11,HYDGN
GA01SUMO-SBD11-03-HYDGN00,hyd_percent,hyd_percent,,,AUX,Percentage,GA01SUMO,SBD11,HYDGN
GA01SUMO-SBD11-03-HYDGN00,time,time,,,ENG,seconds since 1900-01-01,GA01SUMO,SBD11,HYDGN
GA01SUMO-SBD11-03-HYDGN00,ingestion_timestamp,ingestion_timestamp,,,ENG,seconds since 1900-01-01,GA01SUMO,SBD11,HYDGN
GA01SUMO-SBD11-04-DOSTAD000,product_number,product_number,,,,1,GA01SUMO,SBD11,DOSTA
GA01SUMO-SBD11-04-DOSTAD000,driver_timestamp,driver_timestamp,,,ENG,seconds since 1900-01-01,GA01SUMO,SBD11,DOSTA
GA01SUMO-SBD11-04-DOSTAD000,internal_timestamp,internal_timestamp,,,ENG,seconds since 1900-01-01,GA01SUMO,SBD11,DOSTA
GA01SUMO-SBD11-04-DOSTAD000,preferred_timestamp,preferred_timestamp,,,ENG,1,GA01SUMO,SBD11,DOSTA
GA01SUMO-SBD11-04-DOSTAD000,dcl_controller_timestamp,dcl_controller_timestamp,,,ENG,1,GA01SUMO,SBD11,DOSTA
GA01SUMO-SBD11-04-DOSTAD000,dosta_abcdjm_cspp_tc_oxygen,dosta_abcdjm_cspp_tc_oxygen,0,400,L1,umol L-1,GA01SUMO,SBD11,DOSTA
GA01SUMO-SBD11-04-DOSTAD000,serial_number,serial_number,,,ENG,1,GA01SUMO,SBD11,DOSTA
GA01SUMO-SBD11-04-DOSTAD000,dosta_abcdjm_dcl_abs_oxygen,dosta_abcdjm_dcl_abs_oxygen,0,400,L2,umol kg-1,GA01SUMO,SBD11,DOSTA
GA01SUMO-SBD11-04-DOSTAD000,dosta_abcdjm_dcl_metbk_abs_oxygen,dosta_abcdjm_dcl_metbk_abs_oxygen,0,400,L2,umol kg-1,GA01SUMO,SBD11,DOSTA
GA01SUMO-SBD11-04-DOSTAD000,dosta_abcdjm_dcl_ctdbp_abs_oxygen,dosta_abcdjm_dcl_ctdbp_abs_oxygen,0,400,L2,umol kg-1,GA01SUMO,SBD11,DOSTA
GA01SUMO-SBD11-04-DOSTAD000,time,time,,,ENG,seconds since 1900-01-01,GA01SUMO,SBD11,DOSTA
GA01SUMO-SBD11-04-DOSTAD000,ingestion_timestamp,ingestion_timestamp,,,ENG,seconds since 1900-01-01,GA01SUMO,SBD11,DOSTA
GA01SUMO-SBD11-04-DOSTAD000,estimated_oxygen_concentration,estimated_oxygen_concentration,0,400,L1,umol L-1,GA01SUMO,SBD11,DOSTA
GA01SUMO-SBD11-04-DOSTAD000,estimated_oxygen_saturation,estimated_oxygen_saturation,0,110,L1,percent,GA01SUMO,SBD11,DOSTA
GA01SUMO-SBD11-04-DOSTAD000,optode_temperature,optode_temperature,-2,40,,deg_C,GA01SUMO,SBD11,DOSTA
GA01SUMO-SBD11-04-DOSTAD000,calibrated_phase,calibrated_phase,,,L0,degrees,GA01SUMO,SBD11,DOSTA
GA01SUMO-SBD11-04-DOSTAD000,temp_compensated_phase,temp_compensated_phase,,,,degrees,GA01SUMO,SBD11,DOSTA
GA01SUMO-SBD11-04-DOSTAD000,blue_phase,blue_phase,,,,degrees,GA01SUMO,SBD11,DOSTA
GA01SUMO-SBD11-04-DOSTAD000,red_phase,red_phase,,,,degrees,GA01SUMO,SBD11,DOSTA
GA01SUMO-SBD11-04-DOSTAD000,blue_amplitude,blue_amplitude,,,,mV,GA01SUMO,SBD11,DOSTA
GA01SUMO-SBD11-04-DOSTAD000,red_amplitude,red_amplitude,,,,mV,GA01SUMO,SBD11,DOSTA
GA01SUMO-SBD11-04-DOSTAD000,raw_temperature,raw_temperature,,,,mV,GA01SUMO,SBD11,DOSTA
GA01SUMO-SBD11-05-SPKIRB000,instrument_id,instrument_id,,,ENG,1,GA01SUMO,SBD11,SPKIR
GA01SUMO-SBD11-05-SPKIRB000,timer,timer,,,ENG,s,GA01SUMO,SBD11,SPKIR
GA01SUMO-SBD11-05-SPKIRB000,sample_delay,sample_delay,,,ENG,ms,GA01SUMO,SBD11,SPKIR
GA01SUMO-SBD11-05-SPKIRB000,driver_timestamp,driver_timestamp,,,ENG,seconds since 1900-01-01,GA01SUMO,SBD11,SPKIR
GA01SUMO-SBD11-05-SPKIRB000,vin_sense,vin_sense,,,ENG,counts,GA01SUMO,SBD11,SPKIR
GA01SUMO-SBD11-05-SPKIRB000,va_sense,va_sense,,,ENG,counts,GA01SUMO,SBD11,SPKIR
GA01SUMO-SBD11-05-SPKIRB000,internal_temperature,internal_temperature,,,AUX,counts,GA01SUMO,SBD11,SPKIR
GA01SUMO-SBD11-05-SPKIRB000,frame_counter,frame_counter,,,ENG,counts,GA01SUMO,SBD11,SPKIR
GA01SUMO-SBD11-05-SPKIRB000,internal_timestamp,internal_timestamp,,,ENG,seconds since 1900-01-01,GA01SUMO,SBD11,SPKIR
GA01SUMO-SBD11-05-SPKIRB000,preferred_timestamp,preferred_timestamp,,,ENG,1,GA01SUMO,SBD11,SPKIR
GA01SUMO-SBD11-05-SPKIRB000,passed_checksum,passed_checksum,,,ENG,1,GA01SUMO,SBD11,SPKIR
GA01SUMO-SBD11-05-SPKIRB000,channel_array,channel_array,,,L0,counts,GA01SUMO,SBD11,SPKIR
GA01SUMO-SBD11-05-SPKIRB000,dcl_controller_timestamp,dcl_controller_timestamp,,,ENG,1,GA01SUMO,SBD11,SPKIR
GA01SUMO-SBD11-05-SPKIRB000,spkir_abj_cspp_downwelling_vector,spkir_abj_cspp_downwelling_vector,0,300,L1,uW cm-2 nm-1,GA01SUMO,SBD11,SPKIR
GA01SUMO-SBD11-05-SPKIRB000,serial_number,serial_number,,,ENG,1,GA01SUMO,SBD11,SPKIR
GA01SUMO-SBD11-05-SPKIRB000,time,time,,,ENG,seconds since 1900-01-01,GA01SUMO,SBD11,SPKIR
GA01SUMO-SBD11-05-SPKIRB000,ingestion_timestamp,ingestion_timestamp,,,ENG,seconds since 1900-01-01,GA01SUMO,SBD11,SPKIR
GA01SUMO-SBD11-06-METBKA000,port_timestamp,port_timestamp,,,ENG,seconds since 1900-01-01,GA01SUMO,SBD11,METBK
GA01SUMO-SBD11-06-METBKA000,barometric_pressure,barometric_pressure,,,L0,mbar,GA01SUMO,SBD11,METBK
GA01SUMO-SBD11-06-METBKA000,relative_humidity,relative_humidity,0,100,L1,%,GA01SUMO,SBD11,METBK
GA01SUMO-SBD11-06-METBKA000,air_temperature,air_temperature,-50,50,L1,deg_C,GA01SUMO,SBD11,METBK
GA01SUMO-SBD11-06-METBKA000,longwave_irradiance,longwave_irradiance,200,500,L1,W m-2,GA01SUMO,SBD11,METBK
GA01SUMO-SBD11-06-METBKA000,precipitation,precipitation,0,50,L1,mm,GA01SUMO,SBD11,METBK
GA01SUMO-SBD11-06-METBKA000,sea_surface_temperature,sea_surface_temperature,-2,40,L1,deg_C,GA01SUMO,SBD11,METBK
GA01SUMO-SBD11-06-METBKA000,sea_surface_conductivity,sea_surface_conductivity,0,6,L1,S m-1,GA01SUMO,SBD11,METBK
GA01SUMO-SBD11-06-METBKA000,shortwave_irradiance,shortwave_irradiance,0,1000,L1,W m-2,GA01SUMO,SBD11,METBK
GA01SUMO-SBD11-06-METBKA000,eastward_wind_velocity,eastward_wind_velocity,-10,10,L0,m s-1,GA01SUMO,SBD11,METBK
GA01SUMO-SBD11-06-METBKA000,northward_wind_velocity,northward_wind_velocity,-10,10,L0,m s-1,GA01SUMO,SBD11,METBK
GA01SUMO-SBD11-06-METBKA000,driver_timestamp,driver_timestamp,,,ENG,seconds since 1900-01-01,GA01SUMO,SBD11,METBK
GA01SUMO-SBD11-06-METBKA000,internal_timestamp,internal_timestamp,,,ENG,seconds since 1900-01-01,GA01SUMO,SBD11,METBK
GA01SUMO-SBD11-06-METBKA000,preferred_timestamp,preferred_timestamp,,,ENG,1,GA01SUMO,SBD11,METBK
GA01SUMO-SBD11-06-METBKA000,dcl_controller_timestamp,dcl_controller_timestamp,,,ENG,1,GA01SUMO,SBD11,METBK
GA01SUMO-SBD11-06-METBKA000,met_barpres,met_barpres,87000,108330,L1,Pa,GA01SUMO,SBD11,METBK
GA01SUMO-SBD11-06-METBKA000,met_windavg_mag_corr_east,met_windavg_mag_corr_east,-33,33,L1,m s-1,GA01SUMO,SBD11,METBK
GA01SUMO-SBD11-06-METBKA000,met_windavg_mag_corr_north,met_windavg_mag_corr_north,-33,33,L1,m s-1,GA01SUMO,SBD11,METBK
GA01SUMO-SBD11-06-METBKA000,met_current_direction,met_current_direction,0,360,L1,degrees,GA01SUMO,SBD11,METBK
GA01SUMO-SBD11-06-METBKA000,met_current_speed,met_current_speed,-3,3,L1,m s-1,GA01SUMO,SBD11,METBK
GA01SUMO-SBD11-06-METBKA000,met_relwind_direction,met_relwind_direction,0,360,L1,degrees,GA01SUMO,SBD11,METBK
GA01SUMO-SBD11-06-METBKA000,met_relwind_speed,met_relwind_speed,-33,33,L1,m s-1,GA01SUMO,SBD11,METBK
GA01SUMO-SBD11-06-METBKA000,met_timeflx,met_timeflx,,,L1,seconds since 01-01-1900,GA01SUMO,SBD11,METBK
GA01SUMO-SBD11-06-METBKA000,met_netsirr,met_netsirr,0,500,L1,W m-2,GA01SUMO,SBD11,METBK
GA01SUMO-SBD11-06-METBKA000,met_rainrte,met_rainrte,0,50,L2,mm hr-1,GA01SUMO,SBD11,METBK
GA01SUMO-SBD11-06-METBKA000,met_salsurf,met_salsurf,0,42,L2,1,GA01SUMO,SBD11,METBK
GA01SUMO-SBD11-06-METBKA000,met_spechum,met_spechum,0,47,L2,g kg-1,GA01SUMO,SBD11,METBK
GA01SUMO-SBD11-06-METBKA000,met_buoyfls,met_buoyfls,,,L2,W m-2,GA01SUMO,SBD11,METBK
GA01SUMO-SBD11-06-METBKA000,met_buoyflx,met_buoyflx,,,L2,W m-2,GA01SUMO,SBD11,METBK
GA01SUMO-SBD11-06-METBKA000,met_frshflx,met_frshflx,,,L2,mm hr-1,GA01SUMO,SBD11,METBK
GA01SUMO-SBD11-06-METBKA000,met_heatflx,met_heatflx,,,L2,W m-2,GA01SUMO,SBD11,METBK
GA01SUMO-SBD11-06-METBKA000,met_latnflx,met_latnflx,,,L2,W m-2,GA01SUMO,SBD11,METBK
GA01SUMO-SBD11-06-METBKA000,met_mommflx,met_mommflx,,,L2,N m-2,GA01SUMO,SBD11,METBK
GA01SUMO-SBD11-06-METBKA000,met_netlirr,met_netlirr,,,L2,W m-2,GA01SUMO,SBD11,METBK
GA01SUMO-SBD11-06-METBKA000,met_rainflx,met_rainflx,,,L2,W m-2,GA01SUMO,SBD11,METBK
GA01SUMO-SBD11-06-METBKA000,met_sensflx,met_sensflx,,,L2,W m-2,GA01SUMO,SBD11,METBK
GA01SUMO-SBD11-06-METBKA000,met_sphum2m,met_sphum2m,0,47,L2,g kg-1,GA01SUMO,SBD11,METBK
GA01SUMO-SBD11-06-METBKA000,met_stablty,met_stablty,,,L2,1,GA01SUMO,SBD11,METBK
GA01SUMO-SBD11-06-METBKA000,met_tempa2m,met_tempa2m,-50,50,L2,deg_C,GA01SUMO,SBD11,METBK
GA01SUMO-SBD11-06-METBKA000,met_tempskn,met_tempskn,-2,40,L2,degC,GA01SUMO,SBD11,METBK
GA01SUMO-SBD11-06-METBKA000,met_wind10m,met_wind10m,-33,33,L2,m s-1,GA01SUMO,SBD11,METBK
GA01SUMO-SBD11-06-METBKA000,time,time,,,ENG,seconds since 1900-01-01,GA01SUMO,SBD11,METBK
GA01SUMO-SBD11-06-METBKA000,ingestion_timestamp,ingestion_timestamp,,,ENG,seconds since 1900-01-01,GA01SUMO,SBD11,METBK
GA01SUMO-SBD11-08-NUTNRB000,driver_timestamp,driver_timestamp,,,ENG,seconds since 1900-01-01,GA01SUMO,SBD11,NUTNR
GA01SUMO-SBD11-08-NUTNRB000,firmware_version,firmware_version,,,,1,GA01SUMO,SBD11,NUTNR
GA01SUMO-SBD11-08-NUTNRB000,internal_timestamp,internal_timestamp,,,ENG,seconds since 1900-01-01,GA01SUMO,SBD11,NUTNR
GA01SUMO-SBD11-08-NUTNRB000,preferred_timestamp,preferred_timestamp,,,ENG,1,GA01SUMO,SBD11,NUTNR
GA01SUMO-SBD11-08-NUTNRB000,dcl_controller_timestamp,dcl_controller_timestamp,,,ENG,1,GA01SUMO,SBD11,NUTNR
GA01SUMO-SBD11-08-NUTNRB000,startup_time_string,startup_time_string,,,,1,GA01SUMO,SBD11,NUTNR
GA01SUMO-SBD11-08-NUTNRB000,nutnr_b_temp_sal_corrected_nitrate,nutnr_b_temp_sal_corrected_nitrate,0,40,L2,umol L-1,GA01SUMO,SBD11,NUTNR
GA01SUMO-SBD11-08-NUTNRB000,firmware_date,firmware_date,,,,1,GA01SUMO,SBD11,NUTNR
GA01SUMO-SBD11-08-NUTNRB000,frame_header,frame_header,,,,1,GA01SUMO,SBD11,NUTNR
GA01SUMO-SBD11-08-NUTNRB000,frame_type,frame_type,,,,1,GA01SUMO,SBD11,NUTNR
GA01SUMO-SBD11-08-NUTNRB000,serial_number,serial_number,,,ENG,1,GA01SUMO,SBD11,NUTNR
GA01SUMO-SBD11-08-NUTNRB000,date_of_sample,date_of_sample,,,AUX,1,GA01SUMO,SBD11,NUTNR
GA01SUMO-SBD11-08-NUTNRB000,time_of_sample,time_of_sample,,,AUX,h,GA01SUMO,SBD11,NUTNR
GA01SUMO-SBD11-08-NUTNRB000,nitrate_concentration,nitrate_concentration,0,40,L1,umol L-1,GA01SUMO,SBD11,NUTNR
GA01SUMO-SBD11-08-NUTNRB000,aux_fitting_1,aux_fitting_1,,,AUX,1,GA01SUMO,SBD11,NUTNR
GA01SUMO-SBD11-08-NUTNRB000,aux_fitting_2,aux_fitting_2,,,AUX,1,GA01SUMO,SBD11,NUTNR
GA01SUMO-SBD11-08-NUTNRB000,aux_fitting_3,aux_fitting_3,,,AUX,1,GA01SUMO,SBD11,NUTNR
GA01SUMO-SBD11-08-NUTNRB000,rms_error,rms_error,,,AUX,umol L-1,GA01SUMO,SBD11,NUTNR
GA01SUMO-SBD11-08-NUTNRB000,temp_interior,temp_interior,,,AUX,deg_C,GA01SUMO,SBD11,NUTNR
GA01SUMO-SBD11-08-NUTNRB000,temp_spectrometer,temp_spectrometer,,,AUX,deg_C,GA01SUMO,SBD11,NUTNR
GA01SUMO-SBD11-08-NUTNRB000,temp_lamp,temp_lamp,,,AUX,deg_C,GA01SUMO,SBD11,NUTNR
GA01SUMO-SBD11-08-NUTNRB000,humidity,humidity,,,AUX,%,GA01SUMO,SBD11,NUTNR
GA01SUMO-SBD11-08-NUTNRB000,voltage_lamp,voltage_lamp,,,AUX,V,GA01SUMO,SBD11,NUTNR
GA01SUMO-SBD11-08-NUTNRB000,voltage_analog,voltage_analog,,,AUX,V,GA01SUMO,SBD11,NUTNR
GA01SUMO-SBD11-08-NUTNRB000,voltage_main,voltage_main,,,AUX,V,GA01SUMO,SBD11,NUTNR
GA01SUMO-SBD11-08-NUTNRB000,ref_channel_average,ref_channel_average,,,,counts,GA01SUMO,SBD11,NUTNR
GA01SUMO-SBD11-08-NUTNRB000,ref_channel_variance,ref_channel_variance,,,,1,GA01SUMO,SBD11,NUTNR
GA01SUMO-SBD11-08-NUTNRB000,sea_water_dark,sea_water_dark,,,AUX,counts,GA01SUMO,SBD11,NUTNR
GA01SUMO-SBD11-08-NUTNRB000,spec_channel_average,spec_channel_average,,,,counts,GA01SUMO,SBD11,NUTNR
GA01SUMO-SBD11-08-NUTNRB000,spectral_channels,spectral_channels,,,L0,counts,GA01SUMO,SBD11,NUTNR
GA01SUMO-SBD11-08-NUTNRB000,startup_time,startup_time,,,,seconds since 1970-01-01,GA01SUMO,SBD11,NUTNR
GA01SUMO-SBD11-08-NUTNRB000,lamp_time,lamp_time,,,AUX,s,GA01SUMO,SBD11,NUTNR
GA01SUMO-SBD11-08-NUTNRB000,spec_on_time,spec_on_time,,,,seconds since 1970-01-01,GA01SUMO,SBD11,NUTNR
GA01SUMO-SBD11-08-NUTNRB000,spec_powered_time,spec_powered_time,,,,seconds since 1970-01-01,GA01SUMO,SBD11,NUTNR
GA01SUMO-SBD11-08-NUTNRB000,lamp_on_time,lamp_on_time,,,,seconds since 1970-01-01,GA01SUMO,SBD11,NUTNR
GA01SUMO-SBD11-08-NUTNRB000,lamp_powered_time,lamp_powered_time,,,,seconds since 1970-01-01,GA01SUMO,SBD11,NUTNR
GA01SUMO-SBD11-08-NUTNRB000,data_log_file,data_log_file,,,,1,GA01SUMO,SBD11,NUTNR
GA01SUMO-SBD11-08-NUTNRB000,time,time,,,ENG,seconds since 1900-01-01,GA01SUMO,SBD11,NUTNR
GA01SUMO-SBD11-08-NUTNRB000,ingestion_timestamp,ingestion_timestamp,,,ENG,seconds since 1900-01-01,GA01SUMO,SBD11,NUTNR
GA01SUMO-SBD11-08-NUTNRB000,Not in Preload,Not in Preload,,,,,GA01SUMO,SBD11,NUTNR
GA01SUMO-SBD12-01-OPTAAD000,driver_timestamp,driver_timestamp,,,ENG,seconds since 1900-01-01,GA01SUMO,SBD12,OPTAA
GA01SUMO-SBD12-01-OPTAAD000,internal_timestamp,internal_timestamp,,,ENG,seconds since 1900-01-01,GA01SUMO,SBD12,OPTAA
GA01SUMO-SBD12-01-OPTAAD000,preferred_timestamp,preferred_timestamp,,,ENG,1,GA01SUMO,SBD12,OPTAA
GA01SUMO-SBD12-01-OPTAAD000,start_date,start_date,,,,1,GA01SUMO,SBD12,OPTAA
GA01SUMO-SBD12-01-OPTAAD000,serial_number,serial_number,,,ENG,1,GA01SUMO,SBD12,OPTAA
GA01SUMO-SBD12-01-OPTAAD000,optaa_dj_dcl_beam_attenuation,optaa_dj_dcl_beam_attenuation,0,100,L2,m-1,GA01SUMO,SBD12,OPTAA
GA01SUMO-SBD12-01-OPTAAD000,optaa_dj_dcl_optical_absorption,optaa_dj_dcl_optical_absorption,0,100,L2,m-1,GA01SUMO,SBD12,OPTAA
GA01SUMO-SBD12-01-OPTAAD000,packet_type,packet_type,,,,1,GA01SUMO,SBD12,OPTAA
GA01SUMO-SBD12-01-OPTAAD000,meter_type,meter_type,,,,1,GA01SUMO,SBD12,OPTAA
GA01SUMO-SBD12-01-OPTAAD000,a_reference_dark_counts,a_reference_dark_counts,,,,counts,GA01SUMO,SBD12,OPTAA
GA01SUMO-SBD12-01-OPTAAD000,pressure_counts,pressure_counts,,,,counts,GA01SUMO,SBD12,OPTAA
GA01SUMO-SBD12-01-OPTAAD000,a_signal_dark_counts,a_signal_dark_counts,,,,counts,GA01SUMO,SBD12,OPTAA
GA01SUMO-SBD12-01-OPTAAD000,external_temp_raw,external_temp_raw,,,,counts,GA01SUMO,SBD12,OPTAA
GA01SUMO-SBD12-01-OPTAAD000,internal_temp_raw,internal_temp_raw,,,L0,counts,GA01SUMO,SBD12,OPTAA
GA01SUMO-SBD12-01-OPTAAD000,c_reference_dark_counts,c_reference_dark_counts,,,,counts,GA01SUMO,SBD12,OPTAA
GA01SUMO-SBD12-01-OPTAAD000,c_signal_dark_counts,c_signal_dark_counts,,,,counts,GA01SUMO,SBD12,OPTAA
GA01SUMO-SBD12-01-OPTAAD000,elapsed_run_time,elapsed_run_time,,,,ms,GA01SUMO,SBD12,OPTAA
GA01SUMO-SBD12-01-OPTAAD000,num_wavelengths,num_wavelengths,,,,1,GA01SUMO,SBD12,OPTAA
GA01SUMO-SBD12-01-OPTAAD000,c_reference_counts,c_reference_counts,,,L0,counts,GA01SUMO,SBD12,OPTAA
GA01SUMO-SBD12-01-OPTAAD000,a_reference_counts,a_reference_counts,,,L0,counts,GA01SUMO,SBD12,OPTAA
GA01SUMO-SBD12-01-OPTAAD000,c_signal_counts,c_signal_counts,,,L0,counts,GA01SUMO,SBD12,OPTAA
GA01SUMO-SBD12-01-OPTAAD000,a_signal_counts,a_signal_counts,,,L0,counts,GA01SUMO,SBD12,OPTAA
GA01SUMO-SBD12-01-OPTAAD000,time,time,,,ENG,seconds since 1900-01-01,GA01SUMO,SBD12,OPTAA
GA01SUMO-SBD12-01-OPTAAD000,ingestion_timestamp,ingestion_timestamp,,,ENG,seconds since 1900-01-01,GA01SUMO,SBD12,OPTAA
GA01SUMO-SBD12-02-FLORTD000,driver_timestamp,driver_timestamp,,,ENG,seconds since 1900-01-01,GA01SUMO,SBD12,FLORT
GA01SUMO-SBD12-02-FLORTD000,date_string,date_string,,,ENG,1,GA01SUMO,SBD12,FLORT
GA01SUMO-SBD12-02-FLORTD000,time_string,time_string,,,ENG,1,GA01SUMO,SBD12,FLORT
GA01SUMO-SBD12-02-FLORTD000,measurement_wavelength_beta,measurement_wavelength_beta,,,,nm,GA01SUMO,SBD12,FLORT
GA01SUMO-SBD12-02-FLORTD000,raw_signal_beta,raw_signal_beta,,,L0,counts,GA01SUMO,SBD12,FLORT
GA01SUMO-SBD12-02-FLORTD000,measurement_wavelength_chl,measurement_wavelength_chl,,,,nm,GA01SUMO,SBD12,FLORT
GA01SUMO-SBD12-02-FLORTD000,raw_signal_chl,raw_signal_chl,,,L0,counts,GA01SUMO,SBD12,FLORT
GA01SUMO-SBD12-02-FLORTD000,measurement_wavelength_cdom,measurement_wavelength_cdom,,,,nm,GA01SUMO,SBD12,FLORT
GA01SUMO-SBD12-02-FLORTD000,raw_signal_cdom,raw_signal_cdom,,,L0,counts,GA01SUMO,SBD12,FLORT
GA01SUMO-SBD12-02-FLORTD000,raw_internal_temp,raw_internal_temp,,,,counts,GA01SUMO,SBD12,FLORT
GA01SUMO-SBD12-02-FLORTD000,internal_timestamp,internal_timestamp,,,ENG,seconds since 1900-01-01,GA01SUMO,SBD12,FLORT
GA01SUMO-SBD12-02-FLORTD000,preferred_timestamp,preferred_timestamp,,,ENG,1,GA01SUMO,SBD12,FLORT
GA01SUMO-SBD12-02-FLORTD000,flort_k_total_volume_scattering_coefficient,flort_k_total_volume_scattering_coefficient,,,L1,m-1 sr-1,GA01SUMO,SBD12,FLORT
GA01SUMO-SBD12-02-FLORTD000,fluorometric_chlorophyll_a,fluorometric_chlorophyll_a,0,50,L1,ug L-1,GA01SUMO,SBD12,FLORT
GA01SUMO-SBD12-02-FLORTD000,fluorometric_cdom,fluorometric_cdom,0,375,L1,ppb,GA01SUMO,SBD12,FLORT
GA01SUMO-SBD12-02-FLORTD000,dcl_controller_timestamp,dcl_controller_timestamp,,,ENG,1,GA01SUMO,SBD12,FLORT
GA01SUMO-SBD12-02-FLORTD000,flort_dj_dcl_bback_total,flort_dj_dcl_bback_total,0.0003,1,L2,m-1,GA01SUMO,SBD12,FLORT
GA01SUMO-SBD12-02-FLORTD000,flort_d_dcl_ctdbp_scat_seawater,flort_d_dcl_ctdbp_scat_seawater,,,AUX,m-1,GA01SUMO,SBD12,FLORT
GA01SUMO-SBD12-02-FLORTD000,time,time,,,ENG,seconds since 1900-01-01,GA01SUMO,SBD12,FLORT
GA01SUMO-SBD12-02-FLORTD000,ingestion_timestamp,ingestion_timestamp,,,ENG,seconds since 1900-01-01,GA01SUMO,SBD12,FLORT
GA01SUMO-SBD12-03-HYDGN00,driver_timestamp,driver_timestamp,,,ENG,seconds since 1900-01-01,GA01SUMO,SBD12,HYDGN
GA01SUMO-SBD12-03-HYDGN00,internal_timestamp,internal_timestamp,,,ENG,seconds since 1900-01-01,GA01SUMO,SBD12,HYDGN
GA01SUMO-SBD12-03-HYDGN00,preferred_timestamp,preferred_timestamp,,,ENG,1,GA01SUMO,SBD12,HYDGN
GA01SUMO-SBD12-03-HYDGN00,dcl_controller_timestamp,dcl_controller_timestamp,,,ENG,1,GA01SUMO,SBD12,HYDGN
GA01SUMO-SBD12-03-HYDGN00,hyd_raw,hyd_raw,,,AUX,counts,GA01SUMO,SBD12,HYDGN
GA01SUMO-SBD12-03-HYDGN00,hyd_percent,hyd_percent,,,AUX,Percentage,GA01SUMO,SBD12,HYDGN
GA01SUMO-SBD12-03-HYDGN00,time,time,,,ENG,seconds since 1900-01-01,GA01SUMO,SBD12,HYDGN
GA01SUMO-SBD12-03-HYDGN00,ingestion_timestamp,ingestion_timestamp,,,ENG,seconds since 1900-01-01,GA01SUMO,SBD12,HYDGN
GA01SUMO-SBD12-04-PCO2AA000,irga_detector_temperature,irga_detector_temperature,,,AUX,deg_C,GA01SUMO,SBD12,PCO2A
GA01SUMO-SBD12-04-PCO2AA000,irga_source_temperature,irga_source_temperature,,,AUX,deg_C,GA01SUMO,SBD12,PCO2A
GA01SUMO-SBD12-04-PCO2AA000,partial_pressure_co2_atm,partial_pressure_co2_atm,180,500,L1,uatm,GA01SUMO,SBD12,PCO2A
GA01SUMO-SBD12-04-PCO2AA000,partial_pressure_co2_ssw,partial_pressure_co2_ssw,100,600,L1,uatm,GA01SUMO,SBD12,PCO2A
GA01SUMO-SBD12-04-PCO2AA000,driver_timestamp,driver_timestamp,,,ENG,seconds since 1900-01-01,GA01SUMO,SBD12,PCO2A
GA01SUMO-SBD12-04-PCO2AA000,internal_timestamp,internal_timestamp,,,ENG,seconds since 1900-01-01,GA01SUMO,SBD12,PCO2A
GA01SUMO-SBD12-04-PCO2AA000,preferred_timestamp,preferred_timestamp,,,ENG,1,GA01SUMO,SBD12,PCO2A
GA01SUMO-SBD12-04-PCO2AA000,dcl_controller_timestamp,dcl_controller_timestamp,,,ENG,1,GA01SUMO,SBD12,PCO2A
GA01SUMO-SBD12-04-PCO2AA000,pco2_co2flux,pco2_co2flux,,,L2,mol m-2 s-1,GA01SUMO,SBD12,PCO2A
GA01SUMO-SBD12-04-PCO2AA000,time,time,,,ENG,seconds since 1900-01-01,GA01SUMO,SBD12,PCO2A
GA01SUMO-SBD12-04-PCO2AA000,ingestion_timestamp,ingestion_timestamp,,,ENG,seconds since 1900-01-01,GA01SUMO,SBD12,PCO2A
GA01SUMO-SBD12-04-PCO2AA000,date_time_string,date_time_string,,,,1,GA01SUMO,SBD12,PCO2A
GA01SUMO-SBD12-04-PCO2AA000,zero_a2d,zero_a2d,,,,counts,GA01SUMO,SBD12,PCO2A
GA01SUMO-SBD12-04-PCO2AA000,current_a2d,current_a2d,,,,counts,GA01SUMO,SBD12,PCO2A
GA01SUMO-SBD12-04-PCO2AA000,measured_air_co2,measured_air_co2,,,L0,ppm,GA01SUMO,SBD12,PCO2A
GA01SUMO-SBD12-04-PCO2AA000,measured_water_co2,measured_water_co2,,,L0,ppm,GA01SUMO,SBD12,PCO2A
GA01SUMO-SBD12-04-PCO2AA000,avg_irga_temperature,avg_irga_temperature,,,AUX,deg_C,GA01SUMO,SBD12,PCO2A
GA01SUMO-SBD12-04-PCO2AA000,humidity,humidity,,,AUX,mbar,GA01SUMO,SBD12,PCO2A
GA01SUMO-SBD12-04-PCO2AA000,humidity_temperature,humidity_temperature,,,AUX,deg_C,GA01SUMO,SBD12,PCO2A
GA01SUMO-SBD12-04-PCO2AA000,gas_stream_pressure,gas_stream_pressure,,,L0,mbar,GA01SUMO,SBD12,PCO2A
GA01SUMO-SBD12-05-WAVSSA000,driver_timestamp,driver_timestamp,,,ENG,seconds since 1900-01-01,GA01SUMO,SBD12,WAVSS
GA01SUMO-SBD12-05-WAVSSA000,date_string,date_string,,,ENG,1,GA01SUMO,SBD12,WAVSS
GA01SUMO-SBD12-05-WAVSSA000,time_string,time_string,,,ENG,1,GA01SUMO,SBD12,WAVSS
GA01SUMO-SBD12-05-WAVSSA000,internal_timestamp,internal_timestamp,,,ENG,seconds since 1900-01-01,GA01SUMO,SBD12,WAVSS
GA01SUMO-SBD12-05-WAVSSA000,preferred_timestamp,preferred_timestamp,,,ENG,1,GA01SUMO,SBD12,WAVSS
GA01SUMO-SBD12-05-WAVSSA000,dcl_controller_timestamp,dcl_controller_timestamp,,,ENG,1,GA01SUMO,SBD12,WAVSS
GA01SUMO-SBD12-05-WAVSSA000,number_zero_crossings,number_zero_crossings,,,L0,counts,GA01SUMO,SBD12,WAVSS
GA01SUMO-SBD12-05-WAVSSA000,average_wave_height,average_wave_height,0,12,L0,m,GA01SUMO,SBD12,WAVSS
GA01SUMO-SBD12-05-WAVSSA000,mean_spectral_period,mean_spectral_period,,,,sec,GA01SUMO,SBD12,WAVSS
GA01SUMO-SBD12-05-WAVSSA000,max_wave_height,max_wave_height,0,30,L0,m,GA01SUMO,SBD12,WAVSS
GA01SUMO-SBD12-05-WAVSSA000,significant_wave_height,significant_wave_height,0,18,L0,m,GA01SUMO,SBD12,WAVSS
GA01SUMO-SBD12-05-WAVSSA000,significant_period,significant_period,3,20,L0,sec,GA01SUMO,SBD12,WAVSS
GA01SUMO-SBD12-05-WAVSSA000,wave_height_10,wave_height_10,0,23,L0,m,GA01SUMO,SBD12,WAVSS
GA01SUMO-SBD12-05-WAVSSA000,wave_period_10,wave_period_10,3,30,L0,sec,GA01SUMO,SBD12,WAVSS
GA01SUMO-SBD12-05-WAVSSA000,mean_wave_period,mean_wave_period,3,30,L0,sec,GA01SUMO,SBD12,WAVSS
GA01SUMO-SBD12-05-WAVSSA000,peak_wave_period,peak_wave_period,3,30,L0,sec,GA01SUMO,SBD12,WAVSS
GA01SUMO-SBD12-05-WAVSSA000,wave_period_tp5,wave_period_tp5,3,30,L0,sec,GA01SUMO,SBD12,WAVSS
GA01SUMO-SBD12-05-WAVSSA000,wave_height_hmo,wave_height_hmo,0,30,L0,m,GA01SUMO,SBD12,WAVSS
GA01SUMO-SBD12-05-WAVSSA000,mean_direction,mean_direction,0,360,L0,degrees,GA01SUMO,SBD12,WAVSS
GA01SUMO-SBD12-05-WAVSSA000,mean_spread,mean_spread,,,,degrees,GA01SUMO,SBD12,WAVSS
GA01SUMO-SBD12-05-WAVSSA000,number_bands,number_bands,,,,1,GA01SUMO,SBD12,WAVSS
GA01SUMO-SBD12-05-WAVSSA000,initial_frequency,initial_frequency,,,,Hz,GA01SUMO,SBD12,WAVSS
GA01SUMO-SBD12-05-WAVSSA000,frequency_spacing,frequency_spacing,,,,Hz,GA01SUMO,SBD12,WAVSS
GA01SUMO-SBD12-05-WAVSSA000,psd_non_directional,psd_non_directional,,,L0,m2 Hz-1,GA01SUMO,SBD12,WAVSS
GA01SUMO-SBD12-05-WAVSSA000,psd_mean_directional,psd_mean_directional,,,L0,m2 Hz-1,GA01SUMO,SBD12,WAVSS
GA01SUMO-SBD12-05-WAVSSA000,mean_direction_array,mean_direction_array,0,360,L0,degrees,GA01SUMO,SBD12,WAVSS
GA01SUMO-SBD12-05-WAVSSA000,directional_spread_array,directional_spread_array,0,360,L0,degrees,GA01SUMO,SBD12,WAVSS
GA01SUMO-SBD12-05-WAVSSA000,number_time_samples,number_time_samples,,,,1,GA01SUMO,SBD12,WAVSS
GA01SUMO-SBD12-05-WAVSSA000,initial_time,initial_time,,,,sec,GA01SUMO,SBD12,WAVSS
GA01SUMO-SBD12-05-WAVSSA000,time_spacing,time_spacing,,,,sec,GA01SUMO,SBD12,WAVSS
GA01SUMO-SBD12-05-WAVSSA000,solution_found,solution_found,,,,1,GA01SUMO,SBD12,WAVSS
GA01SUMO-SBD12-05-WAVSSA000,heave_offset_array,heave_offset_array,0,3,L0,m,GA01SUMO,SBD12,WAVSS
GA01SUMO-SBD12-05-WAVSSA000,north_offset_array,north_offset_array,0,50,L0,m,GA01SUMO,SBD12,WAVSS
GA01SUMO-SBD12-05-WAVSSA000,east_offset_array,east_offset_array,0,50,L0,m,GA01SUMO,SBD12,WAVSS
GA01SUMO-SBD12-05-WAVSSA000,number_directional_bands,number_directional_bands,,,,1,GA01SUMO,SBD12,WAVSS
GA01SUMO-SBD12-05-WAVSSA000,initial_directional_frequency,initial_directional_frequency,,,,Hz,GA01SUMO,SBD12,WAVSS
GA01SUMO-SBD12-05-WAVSSA000,directional_frequency_spacing,directional_frequency_spacing,,,,Hz,GA01SUMO,SBD12,WAVSS
GA01SUMO-SBD12-05-WAVSSA000,fourier_coefficient_2d_array,fourier_coefficient_2d_array,,,,1,GA01SUMO,SBD12,WAVSS
GA01SUMO-SBD12-05-WAVSSA000,spread_direction,spread_direction,0,360,L0,degrees,GA01SUMO,SBD12,WAVSS
GA01SUMO-SBD12-05-WAVSSA000,wavss_a_directional_frequency,wavss_a_directional_frequency,,,L1,Hz,GA01SUMO,SBD12,WAVSS
GA01SUMO-SBD12-05-WAVSSA000,wavss_a_non_directional_frequency,wavss_a_non_directional_frequency,,,L1,Hz,GA01SUMO,SBD12,WAVSS
GA01SUMO-SBD12-05-WAVSSA000,wavss_a_buoymotion_time,wavss_a_buoymotion_time,,,L1,seconds since 1900-01-01,GA01SUMO,SBD12,WAVSS
GA01SUMO-SBD12-05-WAVSSA000,wavss_a_corrected_mean_wave_direction,wavss_a_corrected_mean_wave_direction,0,360,L1,deg,GA01SUMO,SBD12,WAVSS
GA01SUMO-SBD12-05-WAVSSA000,wavss_a_corrected_directional_wave_direction,wavss_a_corrected_directional_wave_direction,0,360,L1,deg,GA01SUMO,SBD12,WAVSS
GA01SUMO-SBD12-05-WAVSSA000,wavss_a_magcor_buoymotion_x,wavss_a_magcor_buoymotion_x,0,50,L1,m,GA01SUMO,SBD12,WAVSS
GA01SUMO-SBD12-05-WAVSSA000,wavss_a_magcor_buoymotion_y,wavss_a_magcor_buoymotion_y,0,50,L1,m,GA01SUMO,SBD12,WAVSS
GA01SUMO-SBD12-05-WAVSSA000,serial_number,serial_number,,,ENG,1,GA01SUMO,SBD12,WAVSS
GA01SUMO-SBD12-05-WAVSSA000,time,time,,,ENG,seconds since 1900-01-01,GA01SUMO,SBD12,WAVSS
GA01SUMO-SBD12-05-WAVSSA000,ingestion_timestamp,ingestion_timestamp,,,ENG,seconds since 1900-01-01,GA01SUMO,SBD12,WAVSS
GA01SUMO-SBD12-06-METBKA000,port_timestamp,port_timestamp,,,ENG,seconds since 1900-01-01,GA01SUMO,SBD12,METBK
GA01SUMO-SBD12-06-METBKA000,barometric_pressure,barometric_pressure,,,L0,mbar,GA01SUMO,SBD12,METBK
GA01SUMO-SBD12-06-METBKA000,relative_humidity,relative_humidity,0,100,L1,%,GA01SUMO,SBD12,METBK
GA01SUMO-SBD12-06-METBKA000,air_temperature,air_temperature,-50,50,L1,deg_C,GA01SUMO,SBD12,METBK
GA01SUMO-SBD12-06-METBKA000,longwave_irradiance,longwave_irradiance,200,500,L1,W m-2,GA01SUMO,SBD12,METBK
GA01SUMO-SBD12-06-METBKA000,precipitation,precipitation,0,50,L1,mm,GA01SUMO,SBD12,METBK
GA01SUMO-SBD12-06-METBKA000,sea_surface_temperature,sea_surface_temperature,-2,40,L1,deg_C,GA01SUMO,SBD12,METBK
GA01SUMO-SBD12-06-METBKA000,sea_surface_conductivity,sea_surface_conductivity,0,6,L1,S m-1,GA01SUMO,SBD12,METBK
GA01SUMO-SBD12-06-METBKA000,shortwave_irradiance,shortwave_irradiance,0,1000,L1,W m-2,GA01SUMO,SBD12,METBK
GA01SUMO-SBD12-06-METBKA000,eastward_wind_velocity,eastward_wind_velocity,-10,10,L0,m s-1,GA01SUMO,SBD12,METBK
GA01SUMO-SBD12-06-METBKA000,northward_wind_velocity,northward_wind_velocity,-10,10,L0,m s-1,GA01SUMO,SBD12,METBK
GA01SUMO-SBD12-06-METBKA000,driver_timestamp,driver_timestamp,,,ENG,seconds since 1900-01-01,GA01SUMO,SBD12,METBK
GA01SUMO-SBD12-06-METBKA000,internal_timestamp,internal_timestamp,,,ENG,seconds since 1900-01-01,GA01SUMO,SBD12,METBK
GA01SUMO-SBD12-06-METBKA000,preferred_timestamp,preferred_timestamp,,,ENG,1,GA01SUMO,SBD12,METBK
GA01SUMO-SBD12-06-METBKA000,dcl_controller_timestamp,dcl_controller_timestamp,,,ENG,1,GA01SUMO,SBD12,METBK
GA01SUMO-SBD12-06-METBKA000,met_barpres,met_barpres,87000,108330,L1,Pa,GA01SUMO,SBD12,METBK
GA01SUMO-SBD12-06-METBKA000,met_windavg_mag_corr_east,met_windavg_mag_corr_east,-33,33,L1,m s-1,GA01SUMO,SBD12,METBK
GA01SUMO-SBD12-06-METBKA000,met_windavg_mag_corr_north,met_windavg_mag_corr_north,-33,33,L1,m s-1,GA01SUMO,SBD12,METBK
GA01SUMO-SBD12-06-METBKA000,met_current_direction,met_current_direction,0,360,L1,degrees,GA01SUMO,SBD12,METBK
GA01SUMO-SBD12-06-METBKA000,met_current_speed,met_current_speed,-3,3,L1,m s-1,GA01SUMO,SBD12,METBK
GA01SUMO-SBD12-06-METBKA000,met_relwind_direction,met_relwind_direction,0,360,L1,degrees,GA01SUMO,SBD12,METBK
GA01SUMO-SBD12-06-METBKA000,met_relwind_speed,met_relwind_speed,-33,33,L1,m s-1,GA01SUMO,SBD12,METBK
GA01SUMO-SBD12-06-METBKA000,met_timeflx,met_timeflx,,,L1,seconds since 01-01-1900,GA01SUMO,SBD12,METBK
GA01SUMO-SBD12-06-METBKA000,met_netsirr,met_netsirr,0,500,L1,W m-2,GA01SUMO,SBD12,METBK
GA01SUMO-SBD12-06-METBKA000,met_rainrte,met_rainrte,0,50,L2,mm hr-1,GA01SUMO,SBD12,METBK
GA01SUMO-SBD12-06-METBKA000,met_salsurf,met_salsurf,0,42,L2,1,GA01SUMO,SBD12,METBK
GA01SUMO-SBD12-06-METBKA000,met_spechum,met_spechum,0,47,L2,g kg-1,GA01SUMO,SBD12,METBK
GA01SUMO-SBD12-06-METBKA000,met_buoyfls,met_buoyfls,,,L2,W m-2,GA01SUMO,SBD12,METBK
GA01SUMO-SBD12-06-METBKA000,met_buoyflx,met_buoyflx,,,L2,W m-2,GA01SUMO,SBD12,METBK
GA01SUMO-SBD12-06-METBKA000,met_frshflx,met_frshflx,,,L2,mm hr-1,GA01SUMO,SBD12,METBK
GA01SUMO-SBD12-06-METBKA000,met_heatflx,met_heatflx,,,L2,W m-2,GA01SUMO,SBD12,METBK
GA01SUMO-SBD12-06-METBKA000,met_latnflx,met_latnflx,,,L2,W m-2,GA01SUMO,SBD12,METBK
GA01SUMO-SBD12-06-METBKA000,met_mommflx,met_mommflx,,,L2,N m-2,GA01SUMO,SBD12,METBK
GA01SUMO-SBD12-06-METBKA000,met_netlirr,met_netlirr,,,L2,W m-2,GA01SUMO,SBD12,METBK
GA01SUMO-SBD12-06-METBKA000,met_rainflx,met_rainflx,,,L2,W m-2,GA01SUMO,SBD12,METBK
GA01SUMO-SBD12-06-METBKA000,met_sensflx,met_sensflx,,,L2,W m-2,GA01SUMO,SBD12,METBK
GA01SUMO-SBD12-06-METBKA000,met_sphum2m,met_sphum2m,0,47,L2,g kg-1,GA01SUMO,SBD12,METBK
GA01SUMO-SBD12-06-METBKA000,met_stablty,met_stablty,,,L2,1,GA01SUMO,SBD12,METBK
GA01SUMO-SBD12-06-METBKA000,met_tempa2m,met_tempa2m,-50,50,L2,deg_C,GA01SUMO,SBD12,METBK
GA01SUMO-SBD12-06-METBKA000,met_tempskn,met_tempskn,-2,40,L2,degC,GA01SUMO,SBD12,METBK
GA01SUMO-SBD12-06-METBKA000,met_wind10m,met_wind10m,-33,33,L2,m s-1,GA01SUMO,SBD12,METBK
GA01SUMO-SBD12-06-METBKA000,time,time,,,ENG,seconds since 1900-01-01,GA01SUMO,SBD12,METBK
GA01SUMO-SBD12-06-METBKA000,ingestion_timestamp,ingestion_timestamp,,,ENG,seconds since 1900-01-01,GA01SUMO,SBD12,METBK
GA02HYPM-MPM01-02-ZPLSGA009,Still in development,Still in development,,,L1,(echogram),GA02HYPM,MPM01,ZPLSG
GA02HYPM-MPM01-02-ZPLSGA010,Still in development,Still in development,,,L1,(echogram),GA02HYPM,MPM01,ZPLSG
GA02HYPM-RIM01-02-CTDMOG039,driver_timestamp,driver_timestamp,,,ENG,seconds since 1900-01-01,GA02HYPM,RIM01,CTDMO
GA02HYPM-RIM01-02-CTDMOG039,internal_timestamp,internal_timestamp,,,ENG,seconds since 1900-01-01,GA02HYPM,RIM01,CTDMO
GA02HYPM-RIM01-02-CTDMOG039,inductive_id,inductive_id,,,ENG,1,GA02HYPM,RIM01,CTDMO
GA02HYPM-RIM01-02-CTDMOG039,preferred_timestamp,preferred_timestamp,,,ENG,1,GA02HYPM,RIM01,CTDMO
GA02HYPM-RIM01-02-CTDMOG039,temperature,temperature,,,L0,counts,GA02HYPM,RIM01,CTDMO
GA02HYPM-RIM01-02-CTDMOG039,conductivity,conductivity,,,L0,counts,GA02HYPM,RIM01,CTDMO
GA02HYPM-RIM01-02-CTDMOG039,pressure,pressure,,,L0,counts,GA02HYPM,RIM01,CTDMO
GA02HYPM-RIM01-02-CTDMOG039,pressure_temp,pressure_temp,,,L0,counts,GA02HYPM,RIM01,CTDMO
GA02HYPM-RIM01-02-CTDMOG039,ctd_time,ctd_time,,,ENG,seconds since 2000-01-01,GA02HYPM,RIM01,CTDMO
GA02HYPM-RIM01-02-CTDMOG039,sio_controller_timestamp,sio_controller_timestamp,,,ENG,seconds since 1970-01-01,GA02HYPM,RIM01,CTDMO
GA02HYPM-RIM01-02-CTDMOG039,ctd_time_offset,ctd_time_offset,,,,s,GA02HYPM,RIM01,CTDMO
GA02HYPM-RIM01-02-CTDMOG039,ctdmo_seawater_pressure,ctdmo_seawater_pressure,0,6000,L1,dbar,GA02HYPM,RIM01,CTDMO
GA02HYPM-RIM01-02-CTDMOG039,ctdmo_seawater_temperature,ctdmo_seawater_temperature,-2,40,L1,deg_C,GA02HYPM,RIM01,CTDMO
GA02HYPM-RIM01-02-CTDMOG039,ctdmo_seawater_conductivity,ctdmo_seawater_conductivity,0,6,L1,S m-1,GA02HYPM,RIM01,CTDMO
GA02HYPM-RIM01-02-CTDMOG039,ctdmo_practical_salinity,ctdmo_practical_salinity,0,42,L2,(unitless),GA02HYPM,RIM01,CTDMO
GA02HYPM-RIM01-02-CTDMOG039,ctdmo_seawater_density,ctdmo_seawater_density,1000,1100,L2,kg m-3,GA02HYPM,RIM01,CTDMO
GA02HYPM-RIM01-02-CTDMOG039,serial_number,serial_number,,,ENG,1,GA02HYPM,RIM01,CTDMO
GA02HYPM-RIM01-02-CTDMOG039,time,time,,,ENG,seconds since 1900-01-01,GA02HYPM,RIM01,CTDMO
GA02HYPM-RIM01-02-CTDMOG039,ingestion_timestamp,ingestion_timestamp,,,ENG,seconds since 1900-01-01,GA02HYPM,RIM01,CTDMO
GA02HYPM-WFP02-01-FLORDL000,driver_timestamp,driver_timestamp,,,ENG,seconds since 1900-01-01,GA02HYPM,WFP02,FLORD
GA02HYPM-WFP02-01-FLORDL000,raw_signal_beta,raw_signal_beta,,,L0,counts,GA02HYPM,WFP02,FLORD
GA02HYPM-WFP02-01-FLORDL000,raw_signal_chl,raw_signal_chl,,,L0,counts,GA02HYPM,WFP02,FLORD
GA02HYPM-WFP02-01-FLORDL000,raw_internal_temp,raw_internal_temp,,,,counts,GA02HYPM,WFP02,FLORD
GA02HYPM-WFP02-01-FLORDL000,internal_timestamp,internal_timestamp,,,ENG,seconds since 1900-01-01,GA02HYPM,WFP02,FLORD
GA02HYPM-WFP02-01-FLORDL000,preferred_timestamp,preferred_timestamp,,,ENG,1,GA02HYPM,WFP02,FLORD
GA02HYPM-WFP02-01-FLORDL000,wfp_timestamp,wfp_timestamp,,,ENG,seconds since 1970-01-01,GA02HYPM,WFP02,FLORD
GA02HYPM-WFP02-01-FLORDL000,flort_k_total_volume_scattering_coefficient,flort_k_total_volume_scattering_coefficient,,,L1,m-1 sr-1,GA02HYPM,WFP02,FLORD
GA02HYPM-WFP02-01-FLORDL000,fluorometric_chlorophyll_a,fluorometric_chlorophyll_a,0,50,L1,ug L-1,GA02HYPM,WFP02,FLORD
GA02HYPM-WFP02-01-FLORDL000,flort_kn_bback_total,flort_kn_bback_total,0.0003,1,L2,m-1,GA02HYPM,WFP02,FLORD
GA02HYPM-WFP02-01-FLORDL000,scat_seawater,scat_seawater,,,AUX,m-1,GA02HYPM,WFP02,FLORD
GA02HYPM-WFP02-01-FLORDL000,time,time,,,ENG,seconds since 1900-01-01,GA02HYPM,WFP02,FLORD
GA02HYPM-WFP02-01-FLORDL000,ingestion_timestamp,ingestion_timestamp,,,ENG,seconds since 1900-01-01,GA02HYPM,WFP02,FLORD
GA02HYPM-WFP02-03-DOSTAL000,driver_timestamp,driver_timestamp,,,ENG,seconds since 1900-01-01,GA02HYPM,WFP02,DOSTA
GA02HYPM-WFP02-03-DOSTAL000,internal_timestamp,internal_timestamp,,,ENG,seconds since 1900-01-01,GA02HYPM,WFP02,DOSTA
GA02HYPM-WFP02-03-DOSTAL000,preferred_timestamp,preferred_timestamp,,,ENG,1,GA02HYPM,WFP02,DOSTA
GA02HYPM-WFP02-03-DOSTAL000,wfp_timestamp,wfp_timestamp,,,ENG,seconds since 1970-01-01,GA02HYPM,WFP02,DOSTA
GA02HYPM-WFP02-03-DOSTAL000,dosta_ln_wfp_abs_oxygen,dosta_ln_wfp_abs_oxygen,0,400,L2,umol kg-1,GA02HYPM,WFP02,DOSTA
GA02HYPM-WFP02-03-DOSTAL000,time,time,,,ENG,seconds since 1900-01-01,GA02HYPM,WFP02,DOSTA
GA02HYPM-WFP02-03-DOSTAL000,ingestion_timestamp,ingestion_timestamp,,,ENG,seconds since 1900-01-01,GA02HYPM,WFP02,DOSTA
GA02HYPM-WFP02-03-DOSTAL000,estimated_oxygen_concentration,estimated_oxygen_concentration,0,400,L1,umol L-1,GA02HYPM,WFP02,DOSTA
GA02HYPM-WFP02-03-DOSTAL000,estimated_oxygen_saturation,estimated_oxygen_saturation,0,110,L1,percent,GA02HYPM,WFP02,DOSTA
GA02HYPM-WFP02-03-DOSTAL000,optode_temperature,optode_temperature,-2,40,,deg_C,GA02HYPM,WFP02,DOSTA
GA02HYPM-WFP02-04-CTDPFL000,driver_timestamp,driver_timestamp,,,ENG,seconds since 1900-01-01,GA02HYPM,WFP02,CTDPF
GA02HYPM-WFP02-04-CTDPFL000,internal_timestamp,internal_timestamp,,,ENG,seconds since 1900-01-01,GA02HYPM,WFP02,CTDPF
GA02HYPM-WFP02-04-CTDPFL000,wfp_time_on,wfp_time_on,,,,seconds since 1970-01-01,GA02HYPM,WFP02,CTDPF
GA02HYPM-WFP02-04-CTDPFL000,wfp_time_off,wfp_time_off,,,,seconds since 1970-01-01,GA02HYPM,WFP02,CTDPF
GA02HYPM-WFP02-04-CTDPFL000,wfp_number_samples,wfp_number_samples,,,,counts,GA02HYPM,WFP02,CTDPF
GA02HYPM-WFP02-04-CTDPFL000,preferred_timestamp,preferred_timestamp,,,ENG,1,GA02HYPM,WFP02,CTDPF
GA02HYPM-WFP02-04-CTDPFL000,temperature,temperature,,,L0,counts,GA02HYPM,WFP02,CTDPF
GA02HYPM-WFP02-04-CTDPFL000,conductivity,conductivity,,,L0,counts,GA02HYPM,WFP02,CTDPF
GA02HYPM-WFP02-04-CTDPFL000,pressure,pressure,,,L0,counts,GA02HYPM,WFP02,CTDPF
GA02HYPM-WFP02-04-CTDPFL000,ctdpf_ckl_seawater_pressure,ctdpf_ckl_seawater_pressure,0,6000,L1,dbar,GA02HYPM,WFP02,CTDPF
GA02HYPM-WFP02-04-CTDPFL000,ctdpf_ckl_seawater_temperature,ctdpf_ckl_seawater_temperature,-2,40,L1,deg_C,GA02HYPM,WFP02,CTDPF
GA02HYPM-WFP02-04-CTDPFL000,ctdpf_ckl_seawater_conductivity,ctdpf_ckl_seawater_conductivity,0,6,L1,S m-1,GA02HYPM,WFP02,CTDPF
GA02HYPM-WFP02-04-CTDPFL000,ctdpf_ckl_sci_water_pracsal,ctdpf_ckl_sci_water_pracsal,0,42,L2,1,GA02HYPM,WFP02,CTDPF
GA02HYPM-WFP02-04-CTDPFL000,ctdpf_ckl_seawater_density,ctdpf_ckl_seawater_density,1000,1100,L2,kg m-3,GA02HYPM,WFP02,CTDPF
GA02HYPM-WFP02-04-CTDPFL000,wfp_decimation_factor,wfp_decimation_factor,,,,1,GA02HYPM,WFP02,CTDPF
GA02HYPM-WFP02-04-CTDPFL000,time,time,,,ENG,seconds since 1900-01-01,GA02HYPM,WFP02,CTDPF
GA02HYPM-WFP02-04-CTDPFL000,ingestion_timestamp,ingestion_timestamp,,,ENG,seconds since 1900-01-01,GA02HYPM,WFP02,CTDPF
GA02HYPM-WFP02-05-VEL3DL000,driver_timestamp,driver_timestamp,,,ENG,seconds since 1900-01-01,GA02HYPM,WFP02,VEL3D
GA02HYPM-WFP02-05-VEL3DL000,internal_timestamp,internal_timestamp,,,ENG,seconds since 1900-01-01,GA02HYPM,WFP02,VEL3D
GA02HYPM-WFP02-05-VEL3DL000,preferred_timestamp,preferred_timestamp,,,ENG,1,GA02HYPM,WFP02,VEL3D
GA02HYPM-WFP02-05-VEL3DL000,vel3d_l_date_time_array,vel3d_l_date_time_array,,,AUX,1,GA02HYPM,WFP02,VEL3D
GA02HYPM-WFP02-05-VEL3DL000,vel3d_l_heading,vel3d_l_heading,,,AUX,degrees,GA02HYPM,WFP02,VEL3D
GA02HYPM-WFP02-05-VEL3DL000,vel3d_l_tx,vel3d_l_tx,,,AUX,degrees,GA02HYPM,WFP02,VEL3D
GA02HYPM-WFP02-05-VEL3DL000,vel3d_l_ty,vel3d_l_ty,,,AUX,degrees,GA02HYPM,WFP02,VEL3D
GA02HYPM-WFP02-05-VEL3DL000,vel3d_l_hx,vel3d_l_hx,,,AUX,1,GA02HYPM,WFP02,VEL3D
GA02HYPM-WFP02-05-VEL3DL000,vel3d_l_hy,vel3d_l_hy,,,AUX,1,GA02HYPM,WFP02,VEL3D
GA02HYPM-WFP02-05-VEL3DL000,vel3d_l_hz,vel3d_l_hz,,,AUX,1,GA02HYPM,WFP02,VEL3D
GA02HYPM-WFP02-05-VEL3DL000,vel3d_l_vp1,vel3d_l_vp1,,,,cm s-1,GA02HYPM,WFP02,VEL3D
GA02HYPM-WFP02-05-VEL3DL000,vel3d_l_vp2,vel3d_l_vp2,,,,cm s-1,GA02HYPM,WFP02,VEL3D
GA02HYPM-WFP02-05-VEL3DL000,vel3d_l_vp3,vel3d_l_vp3,,,,cm s-1,GA02HYPM,WFP02,VEL3D
GA02HYPM-WFP02-05-VEL3DL000,vel3d_l_vp4,vel3d_l_vp4,,,,cm s-1,GA02HYPM,WFP02,VEL3D
GA02HYPM-WFP02-05-VEL3DL000,vel3d_l_number_of_records,vel3d_l_number_of_records,,,,counts,GA02HYPM,WFP02,VEL3D
GA02HYPM-WFP02-05-VEL3DL000,vel3d_l_time_on,vel3d_l_time_on,,,,seconds since 1970-01-01,GA02HYPM,WFP02,VEL3D
GA02HYPM-WFP02-05-VEL3DL000,vel3d_l_time_off,vel3d_l_time_off,,,,seconds since 1970-01-01,GA02HYPM,WFP02,VEL3D
GA02HYPM-WFP02-05-VEL3DL000,vel3d_l_decimation_factor,vel3d_l_decimation_factor,,,,1,GA02HYPM,WFP02,VEL3D
GA02HYPM-WFP02-05-VEL3DL000,vel3d_l_controller_timestamp,vel3d_l_controller_timestamp,,,,seconds since 1970-01-01,GA02HYPM,WFP02,VEL3D
GA02HYPM-WFP02-05-VEL3DL000,serial_number,serial_number,,,ENG,1,GA02HYPM,WFP02,VEL3D
GA02HYPM-WFP02-05-VEL3DL000,vel3d_l_eastward_velocity,vel3d_l_eastward_velocity,-3,3,L1,m s-1,GA02HYPM,WFP02,VEL3D
GA02HYPM-WFP02-05-VEL3DL000,vel3d_l_northward_velocity,vel3d_l_northward_velocity,-3,3,L1,m s-1,GA02HYPM,WFP02,VEL3D
GA02HYPM-WFP02-05-VEL3DL000,vel3d_l_upward_velocity_ascending,vel3d_l_upward_velocity_ascending,-1,1,L1,m s-1,GA02HYPM,WFP02,VEL3D
GA02HYPM-WFP02-05-VEL3DL000,vel3d_l_upward_velocity_descending,vel3d_l_upward_velocity_descending,-1,1,L1,m s-1,GA02HYPM,WFP02,VEL3D
GA02HYPM-WFP02-05-VEL3DL000,time,time,,,ENG,seconds since 1900-01-01,GA02HYPM,WFP02,VEL3D
GA02HYPM-WFP02-05-VEL3DL000,ingestion_timestamp,ingestion_timestamp,,,ENG,seconds since 1900-01-01,GA02HYPM,WFP02,VEL3D
GA02HYPM-WFP03-01-FLORDL000,driver_timestamp,driver_timestamp,,,ENG,seconds since 1900-01-01,GA02HYPM,WFP03,FLORD
GA02HYPM-WFP03-01-FLORDL000,raw_signal_beta,raw_signal_beta,,,L0,counts,GA02HYPM,WFP03,FLORD
GA02HYPM-WFP03-01-FLORDL000,raw_signal_chl,raw_signal_chl,,,L0,counts,GA02HYPM,WFP03,FLORD
GA02HYPM-WFP03-01-FLORDL000,raw_internal_temp,raw_internal_temp,,,,counts,GA02HYPM,WFP03,FLORD
GA02HYPM-WFP03-01-FLORDL000,internal_timestamp,internal_timestamp,,,ENG,seconds since 1900-01-01,GA02HYPM,WFP03,FLORD
GA02HYPM-WFP03-01-FLORDL000,preferred_timestamp,preferred_timestamp,,,ENG,1,GA02HYPM,WFP03,FLORD
GA02HYPM-WFP03-01-FLORDL000,wfp_timestamp,wfp_timestamp,,,ENG,seconds since 1970-01-01,GA02HYPM,WFP03,FLORD
GA02HYPM-WFP03-01-FLORDL000,flort_k_total_volume_scattering_coefficient,flort_k_total_volume_scattering_coefficient,,,L1,m-1 sr-1,GA02HYPM,WFP03,FLORD
GA02HYPM-WFP03-01-FLORDL000,fluorometric_chlorophyll_a,fluorometric_chlorophyll_a,0,50,L1,ug L-1,GA02HYPM,WFP03,FLORD
GA02HYPM-WFP03-01-FLORDL000,flort_kn_bback_total,flort_kn_bback_total,0.0003,1,L2,m-1,GA02HYPM,WFP03,FLORD
GA02HYPM-WFP03-01-FLORDL000,scat_seawater,scat_seawater,,,AUX,m-1,GA02HYPM,WFP03,FLORD
GA02HYPM-WFP03-01-FLORDL000,time,time,,,ENG,seconds since 1900-01-01,GA02HYPM,WFP03,FLORD
GA02HYPM-WFP03-01-FLORDL000,ingestion_timestamp,ingestion_timestamp,,,ENG,seconds since 1900-01-01,GA02HYPM,WFP03,FLORD
GA02HYPM-WFP03-03-DOSTAL000,driver_timestamp,driver_timestamp,,,ENG,seconds since 1900-01-01,GA02HYPM,WFP03,DOSTA
GA02HYPM-WFP03-03-DOSTAL000,internal_timestamp,internal_timestamp,,,ENG,seconds since 1900-01-01,GA02HYPM,WFP03,DOSTA
GA02HYPM-WFP03-03-DOSTAL000,preferred_timestamp,preferred_timestamp,,,ENG,1,GA02HYPM,WFP03,DOSTA
GA02HYPM-WFP03-03-DOSTAL000,wfp_timestamp,wfp_timestamp,,,ENG,seconds since 1970-01-01,GA02HYPM,WFP03,DOSTA
GA02HYPM-WFP03-03-DOSTAL000,dosta_ln_wfp_abs_oxygen,dosta_ln_wfp_abs_oxygen,0,400,L2,umol kg-1,GA02HYPM,WFP03,DOSTA
GA02HYPM-WFP03-03-DOSTAL000,time,time,,,ENG,seconds since 1900-01-01,GA02HYPM,WFP03,DOSTA
GA02HYPM-WFP03-03-DOSTAL000,ingestion_timestamp,ingestion_timestamp,,,ENG,seconds since 1900-01-01,GA02HYPM,WFP03,DOSTA
GA02HYPM-WFP03-03-DOSTAL000,estimated_oxygen_concentration,estimated_oxygen_concentration,0,400,L1,umol L-1,GA02HYPM,WFP03,DOSTA
GA02HYPM-WFP03-03-DOSTAL000,estimated_oxygen_saturation,estimated_oxygen_saturation,0,110,L1,percent,GA02HYPM,WFP03,DOSTA
GA02HYPM-WFP03-03-DOSTAL000,optode_temperature,optode_temperature,-2,40,,deg_C,GA02HYPM,WFP03,DOSTA
GA02HYPM-WFP03-04-CTDPFL000,driver_timestamp,driver_timestamp,,,ENG,seconds since 1900-01-01,GA02HYPM,WFP03,CTDPF
GA02HYPM-WFP03-04-CTDPFL000,internal_timestamp,internal_timestamp,,,ENG,seconds since 1900-01-01,GA02HYPM,WFP03,CTDPF
GA02HYPM-WFP03-04-CTDPFL000,wfp_time_on,wfp_time_on,,,,seconds since 1970-01-01,GA02HYPM,WFP03,CTDPF
GA02HYPM-WFP03-04-CTDPFL000,wfp_time_off,wfp_time_off,,,,seconds since 1970-01-01,GA02HYPM,WFP03,CTDPF
GA02HYPM-WFP03-04-CTDPFL000,wfp_number_samples,wfp_number_samples,,,,counts,GA02HYPM,WFP03,CTDPF
GA02HYPM-WFP03-04-CTDPFL000,preferred_timestamp,preferred_timestamp,,,ENG,1,GA02HYPM,WFP03,CTDPF
GA02HYPM-WFP03-04-CTDPFL000,temperature,temperature,,,L0,counts,GA02HYPM,WFP03,CTDPF
GA02HYPM-WFP03-04-CTDPFL000,conductivity,conductivity,,,L0,counts,GA02HYPM,WFP03,CTDPF
GA02HYPM-WFP03-04-CTDPFL000,pressure,pressure,,,L0,counts,GA02HYPM,WFP03,CTDPF
GA02HYPM-WFP03-04-CTDPFL000,ctdpf_ckl_seawater_pressure,ctdpf_ckl_seawater_pressure,0,6000,L1,dbar,GA02HYPM,WFP03,CTDPF
GA02HYPM-WFP03-04-CTDPFL000,ctdpf_ckl_seawater_temperature,ctdpf_ckl_seawater_temperature,-2,40,L1,deg_C,GA02HYPM,WFP03,CTDPF
GA02HYPM-WFP03-04-CTDPFL000,ctdpf_ckl_seawater_conductivity,ctdpf_ckl_seawater_conductivity,0,6,L1,S m-1,GA02HYPM,WFP03,CTDPF
GA02HYPM-WFP03-04-CTDPFL000,ctdpf_ckl_sci_water_pracsal,ctdpf_ckl_sci_water_pracsal,0,42,L2,1,GA02HYPM,WFP03,CTDPF
GA02HYPM-WFP03-04-CTDPFL000,ctdpf_ckl_seawater_density,ctdpf_ckl_seawater_density,1000,1100,L2,kg m-3,GA02HYPM,WFP03,CTDPF
GA02HYPM-WFP03-04-CTDPFL000,wfp_decimation_factor,wfp_decimation_factor,,,,1,GA02HYPM,WFP03,CTDPF
GA02HYPM-WFP03-04-CTDPFL000,time,time,,,ENG,seconds since 1900-01-01,GA02HYPM,WFP03,CTDPF
GA02HYPM-WFP03-04-CTDPFL000,ingestion_timestamp,ingestion_timestamp,,,ENG,seconds since 1900-01-01,GA02HYPM,WFP03,CTDPF
GA02HYPM-WFP03-05-VEL3DL000,driver_timestamp,driver_timestamp,,,ENG,seconds since 1900-01-01,GA02HYPM,WFP03,VEL3D
GA02HYPM-WFP03-05-VEL3DL000,internal_timestamp,internal_timestamp,,,ENG,seconds since 1900-01-01,GA02HYPM,WFP03,VEL3D
GA02HYPM-WFP03-05-VEL3DL000,preferred_timestamp,preferred_timestamp,,,ENG,1,GA02HYPM,WFP03,VEL3D
GA02HYPM-WFP03-05-VEL3DL000,vel3d_l_date_time_array,vel3d_l_date_time_array,,,AUX,1,GA02HYPM,WFP03,VEL3D
GA02HYPM-WFP03-05-VEL3DL000,vel3d_l_heading,vel3d_l_heading,,,AUX,degrees,GA02HYPM,WFP03,VEL3D
GA02HYPM-WFP03-05-VEL3DL000,vel3d_l_tx,vel3d_l_tx,,,AUX,degrees,GA02HYPM,WFP03,VEL3D
GA02HYPM-WFP03-05-VEL3DL000,vel3d_l_ty,vel3d_l_ty,,,AUX,degrees,GA02HYPM,WFP03,VEL3D
GA02HYPM-WFP03-05-VEL3DL000,vel3d_l_hx,vel3d_l_hx,,,AUX,1,GA02HYPM,WFP03,VEL3D
GA02HYPM-WFP03-05-VEL3DL000,vel3d_l_hy,vel3d_l_hy,,,AUX,1,GA02HYPM,WFP03,VEL3D
GA02HYPM-WFP03-05-VEL3DL000,vel3d_l_hz,vel3d_l_hz,,,AUX,1,GA02HYPM,WFP03,VEL3D
GA02HYPM-WFP03-05-VEL3DL000,vel3d_l_vp1,vel3d_l_vp1,,,,cm s-1,GA02HYPM,WFP03,VEL3D
GA02HYPM-WFP03-05-VEL3DL000,vel3d_l_vp2,vel3d_l_vp2,,,,cm s-1,GA02HYPM,WFP03,VEL3D
GA02HYPM-WFP03-05-VEL3DL000,vel3d_l_vp3,vel3d_l_vp3,,,,cm s-1,GA02HYPM,WFP03,VEL3D
GA02HYPM-WFP03-05-VEL3DL000,vel3d_l_vp4,vel3d_l_vp4,,,,cm s-1,GA02HYPM,WFP03,VEL3D
GA02HYPM-WFP03-05-VEL3DL000,vel3d_l_number_of_records,vel3d_l_number_of_records,,,,counts,GA02HYPM,WFP03,VEL3D
GA02HYPM-WFP03-05-VEL3DL000,vel3d_l_time_on,vel3d_l_time_on,,,,seconds since 1970-01-01,GA02HYPM,WFP03,VEL3D
GA02HYPM-WFP03-05-VEL3DL000,vel3d_l_time_off,vel3d_l_time_off,,,,seconds since 1970-01-01,GA02HYPM,WFP03,VEL3D
GA02HYPM-WFP03-05-VEL3DL000,vel3d_l_decimation_factor,vel3d_l_decimation_factor,,,,1,GA02HYPM,WFP03,VEL3D
GA02HYPM-WFP03-05-VEL3DL000,vel3d_l_controller_timestamp,vel3d_l_controller_timestamp,,,,seconds since 1970-01-01,GA02HYPM,WFP03,VEL3D
GA02HYPM-WFP03-05-VEL3DL000,serial_number,serial_number,,,ENG,1,GA02HYPM,WFP03,VEL3D
GA02HYPM-WFP03-05-VEL3DL000,vel3d_l_eastward_velocity,vel3d_l_eastward_velocity,-3,3,L1,m s-1,GA02HYPM,WFP03,VEL3D
GA02HYPM-WFP03-05-VEL3DL000,vel3d_l_northward_velocity,vel3d_l_northward_velocity,-3,3,L1,m s-1,GA02HYPM,WFP03,VEL3D
GA02HYPM-WFP03-05-VEL3DL000,vel3d_l_upward_velocity_ascending,vel3d_l_upward_velocity_ascending,-1,1,L1,m s-1,GA02HYPM,WFP03,VEL3D
GA02HYPM-WFP03-05-VEL3DL000,vel3d_l_upward_velocity_descending,vel3d_l_upward_velocity_descending,-1,1,L1,m s-1,GA02HYPM,WFP03,VEL3D
GA02HYPM-WFP03-05-VEL3DL000,time,time,,,ENG,seconds since 1900-01-01,GA02HYPM,WFP03,VEL3D
GA02HYPM-WFP03-05-VEL3DL000,ingestion_timestamp,ingestion_timestamp,,,ENG,seconds since 1900-01-01,GA02HYPM,WFP03,VEL3D
GA03FLMA-RIM01-02-ADCPSL003,driver_timestamp,driver_timestamp,,,ENG,seconds since 1900-01-01,GA03FLMA,RIM01,ADCPS
GA03FLMA-RIM01-02-ADCPSL003,ensemble_start_time_2,ensemble_start_time_2,,,,seconds since 1900-01-01,GA03FLMA,RIM01,ADCPS
GA03FLMA-RIM01-02-ADCPSL003,real_time_clock_2,real_time_clock_2,,,,1,GA03FLMA,RIM01,ADCPS
GA03FLMA-RIM01-02-ADCPSL003,internal_timestamp,internal_timestamp,,,ENG,seconds since 1900-01-01,GA03FLMA,RIM01,ADCPS
GA03FLMA-RIM01-02-ADCPSL003,ensemble_number,ensemble_number,,,,1,GA03FLMA,RIM01,ADCPS
GA03FLMA-RIM01-02-ADCPSL003,unit_id,unit_id,,,,1,GA03FLMA,RIM01,ADCPS
GA03FLMA-RIM01-02-ADCPSL003,preferred_timestamp,preferred_timestamp,,,ENG,1,GA03FLMA,RIM01,ADCPS
GA03FLMA-RIM01-02-ADCPSL003,adcps_jln_year,adcps_jln_year,,,,year,GA03FLMA,RIM01,ADCPS
GA03FLMA-RIM01-02-ADCPSL003,adcps_jln_month,adcps_jln_month,,,,month,GA03FLMA,RIM01,ADCPS
GA03FLMA-RIM01-02-ADCPSL003,adcps_jln_day,adcps_jln_day,,,,day,GA03FLMA,RIM01,ADCPS
GA03FLMA-RIM01-02-ADCPSL003,adcps_jln_hour,adcps_jln_hour,,,,hour,GA03FLMA,RIM01,ADCPS
GA03FLMA-RIM01-02-ADCPSL003,adcps_jln_minute,adcps_jln_minute,,,,minute,GA03FLMA,RIM01,ADCPS
GA03FLMA-RIM01-02-ADCPSL003,adcps_jln_second,adcps_jln_second,,,,sec,GA03FLMA,RIM01,ADCPS
GA03FLMA-RIM01-02-ADCPSL003,adcps_jln_hsec,adcps_jln_hsec,,,,csec,GA03FLMA,RIM01,ADCPS
GA03FLMA-RIM01-02-ADCPSL003,adcps_jln_heading,adcps_jln_heading,,,,cdegree,GA03FLMA,RIM01,ADCPS
GA03FLMA-RIM01-02-ADCPSL003,adcps_jln_pitch,adcps_jln_pitch,,,,cdegree,GA03FLMA,RIM01,ADCPS
GA03FLMA-RIM01-02-ADCPSL003,adcps_jln_roll,adcps_jln_roll,,,,cdegree,GA03FLMA,RIM01,ADCPS
GA03FLMA-RIM01-02-ADCPSL003,adcps_jln_temp,adcps_jln_temp,,,,cdeg_C,GA03FLMA,RIM01,ADCPS
GA03FLMA-RIM01-02-ADCPSL003,adcps_jln_pressure,adcps_jln_pressure,,,,daPa,GA03FLMA,RIM01,ADCPS
GA03FLMA-RIM01-02-ADCPSL003,adcps_jln_startbin,adcps_jln_startbin,,,,1,GA03FLMA,RIM01,ADCPS
GA03FLMA-RIM01-02-ADCPSL003,adcps_jln_bins,adcps_jln_bins,,,,1,GA03FLMA,RIM01,ADCPS
GA03FLMA-RIM01-02-ADCPSL003,sensor_available_speed,sensor_available_speed,,,,1,GA03FLMA,RIM01,ADCPS
GA03FLMA-RIM01-02-ADCPSL003,sysconfig_beam_angle,sysconfig_beam_angle,,,,1,GA03FLMA,RIM01,ADCPS
GA03FLMA-RIM01-02-ADCPSL003,sysconfig_beam_config,sysconfig_beam_config,,,,1,GA03FLMA,RIM01,ADCPS
GA03FLMA-RIM01-02-ADCPSL003,sio_controller_timestamp,sio_controller_timestamp,,,ENG,seconds since 1970-01-01,GA03FLMA,RIM01,ADCPS
GA03FLMA-RIM01-02-ADCPSL003,adcps_jln_upward_seawater_velocity2,adcps_jln_upward_seawater_velocity2,-1,1,L1,m s-1,GA03FLMA,RIM01,ADCPS
GA03FLMA-RIM01-02-ADCPSL003,adcps_jln_error_velocity2,adcps_jln_error_velocity2,-1,1,L1,m s-1,GA03FLMA,RIM01,ADCPS
GA03FLMA-RIM01-02-ADCPSL003,adcps_jln_echo_intensity_beam1,adcps_jln_echo_intensity_beam1,0,255,L1,dB,GA03FLMA,RIM01,ADCPS
GA03FLMA-RIM01-02-ADCPSL003,adcps_jln_echo_intensity_beam2,adcps_jln_echo_intensity_beam2,0,255,L1,dB,GA03FLMA,RIM01,ADCPS
GA03FLMA-RIM01-02-ADCPSL003,adcps_jln_echo_intensity_beam3,adcps_jln_echo_intensity_beam3,0,255,L1,dB,GA03FLMA,RIM01,ADCPS
GA03FLMA-RIM01-02-ADCPSL003,adcps_jln_echo_intensity_beam4,adcps_jln_echo_intensity_beam4,0,255,L1,dB,GA03FLMA,RIM01,ADCPS
GA03FLMA-RIM01-02-ADCPSL003,serial_number,serial_number,,,ENG,1,GA03FLMA,RIM01,ADCPS
GA03FLMA-RIM01-02-ADCPSL003,adcps_jln_eastward_earth_seawater_velocity,adcps_jln_eastward_earth_seawater_velocity,-3,3,L1,m s-1,GA03FLMA,RIM01,ADCPS
GA03FLMA-RIM01-02-ADCPSL003,adcps_jln_northward_earth_seawater_velocity,adcps_jln_northward_earth_seawater_velocity,-3,3,L1,m s-1,GA03FLMA,RIM01,ADCPS
GA03FLMA-RIM01-02-ADCPSL003,adcps_jln_recovered_eastward_seawater_velocity,adcps_jln_recovered_eastward_seawater_velocity,-3,3,L1,m s-1,GA03FLMA,RIM01,ADCPS
GA03FLMA-RIM01-02-ADCPSL003,adcps_jln_recovered_northward_seawater_velocity,adcps_jln_recovered_northward_seawater_velocity,-3,3,L1,m s-1,GA03FLMA,RIM01,ADCPS
GA03FLMA-RIM01-02-ADCPSL003,firmware_version,firmware_version,,,,1,GA03FLMA,RIM01,ADCPS
GA03FLMA-RIM01-02-ADCPSL003,firmware_revision,firmware_revision,,,,1,GA03FLMA,RIM01,ADCPS
GA03FLMA-RIM01-02-ADCPSL003,sysconfig_frequency,sysconfig_frequency,,,,kHz,GA03FLMA,RIM01,ADCPS
GA03FLMA-RIM01-02-ADCPSL003,sysconfig_beam_pattern,sysconfig_beam_pattern,,,,1,GA03FLMA,RIM01,ADCPS
GA03FLMA-RIM01-02-ADCPSL003,sysconfig_sensor_config,sysconfig_sensor_config,,,,1,GA03FLMA,RIM01,ADCPS
GA03FLMA-RIM01-02-ADCPSL003,sysconfig_head_attached,sysconfig_head_attached,,,,1,GA03FLMA,RIM01,ADCPS
GA03FLMA-RIM01-02-ADCPSL003,sysconfig_vertical_orientation,sysconfig_vertical_orientation,,,,1,GA03FLMA,RIM01,ADCPS
GA03FLMA-RIM01-02-ADCPSL003,data_flag,data_flag,,,,1,GA03FLMA,RIM01,ADCPS
GA03FLMA-RIM01-02-ADCPSL003,lag_length,lag_length,,,,s,GA03FLMA,RIM01,ADCPS
GA03FLMA-RIM01-02-ADCPSL003,num_beams,num_beams,,,,1,GA03FLMA,RIM01,ADCPS
GA03FLMA-RIM01-02-ADCPSL003,num_cells,num_cells,,,,1,GA03FLMA,RIM01,ADCPS
GA03FLMA-RIM01-02-ADCPSL003,pings_per_ensemble,pings_per_ensemble,,,,1,GA03FLMA,RIM01,ADCPS
GA03FLMA-RIM01-02-ADCPSL003,cell_length,cell_length,,,,cm,GA03FLMA,RIM01,ADCPS
GA03FLMA-RIM01-02-ADCPSL003,blank_after_transmit,blank_after_transmit,,,,cm,GA03FLMA,RIM01,ADCPS
GA03FLMA-RIM01-02-ADCPSL003,signal_processing_mode,signal_processing_mode,,,,1,GA03FLMA,RIM01,ADCPS
GA03FLMA-RIM01-02-ADCPSL003,low_corr_threshold,low_corr_threshold,,,,counts,GA03FLMA,RIM01,ADCPS
GA03FLMA-RIM01-02-ADCPSL003,num_code_repetitions,num_code_repetitions,,,,counts,GA03FLMA,RIM01,ADCPS
GA03FLMA-RIM01-02-ADCPSL003,percent_good_min,percent_good_min,,,,percent,GA03FLMA,RIM01,ADCPS
GA03FLMA-RIM01-02-ADCPSL003,error_vel_threshold,error_vel_threshold,,,,mm s-1,GA03FLMA,RIM01,ADCPS
GA03FLMA-RIM01-02-ADCPSL003,time_per_ping_minutes,time_per_ping_minutes,,,,min,GA03FLMA,RIM01,ADCPS
GA03FLMA-RIM01-02-ADCPSL003,time_per_ping_seconds,time_per_ping_seconds,,,,s,GA03FLMA,RIM01,ADCPS
GA03FLMA-RIM01-02-ADCPSL003,coord_transform_type,coord_transform_type,,,,1,GA03FLMA,RIM01,ADCPS
GA03FLMA-RIM01-02-ADCPSL003,coord_transform_tilts,coord_transform_tilts,,,,1,GA03FLMA,RIM01,ADCPS
GA03FLMA-RIM01-02-ADCPSL003,coord_transform_beams,coord_transform_beams,,,,1,GA03FLMA,RIM01,ADCPS
GA03FLMA-RIM01-02-ADCPSL003,coord_transform_mapping,coord_transform_mapping,,,,1,GA03FLMA,RIM01,ADCPS
GA03FLMA-RIM01-02-ADCPSL003,heading_alignment,heading_alignment,,,,cdegrees,GA03FLMA,RIM01,ADCPS
GA03FLMA-RIM01-02-ADCPSL003,heading_bias,heading_bias,,,,cdegrees,GA03FLMA,RIM01,ADCPS
GA03FLMA-RIM01-02-ADCPSL003,sensor_source_speed,sensor_source_speed,,,,1,GA03FLMA,RIM01,ADCPS
GA03FLMA-RIM01-02-ADCPSL003,sensor_source_depth,sensor_source_depth,,,,1,GA03FLMA,RIM01,ADCPS
GA03FLMA-RIM01-02-ADCPSL003,sensor_source_heading,sensor_source_heading,,,,1,GA03FLMA,RIM01,ADCPS
GA03FLMA-RIM01-02-ADCPSL003,sensor_source_pitch,sensor_source_pitch,,,,1,GA03FLMA,RIM01,ADCPS
GA03FLMA-RIM01-02-ADCPSL003,sensor_source_roll,sensor_source_roll,,,,1,GA03FLMA,RIM01,ADCPS
GA03FLMA-RIM01-02-ADCPSL003,sensor_source_conductivity,sensor_source_conductivity,,,,1,GA03FLMA,RIM01,ADCPS
GA03FLMA-RIM01-02-ADCPSL003,sensor_source_temperature,sensor_source_temperature,,,,1,GA03FLMA,RIM01,ADCPS
GA03FLMA-RIM01-02-ADCPSL003,sensor_available_depth,sensor_available_depth,,,,1,GA03FLMA,RIM01,ADCPS
GA03FLMA-RIM01-02-ADCPSL003,sensor_available_heading,sensor_available_heading,,,,1,GA03FLMA,RIM01,ADCPS
GA03FLMA-RIM01-02-ADCPSL003,sensor_available_pitch,sensor_available_pitch,,,,1,GA03FLMA,RIM01,ADCPS
GA03FLMA-RIM01-02-ADCPSL003,sensor_available_roll,sensor_available_roll,,,,1,GA03FLMA,RIM01,ADCPS
GA03FLMA-RIM01-02-ADCPSL003,sensor_available_conductivity,sensor_available_conductivity,,,,1,GA03FLMA,RIM01,ADCPS
GA03FLMA-RIM01-02-ADCPSL003,sensor_available_temperature,sensor_available_temperature,,,,1,GA03FLMA,RIM01,ADCPS
GA03FLMA-RIM01-02-ADCPSL003,bin_1_distance,bin_1_distance,,,,cm,GA03FLMA,RIM01,ADCPS
GA03FLMA-RIM01-02-ADCPSL003,transmit_pulse_length,transmit_pulse_length,,,,cm,GA03FLMA,RIM01,ADCPS
GA03FLMA-RIM01-02-ADCPSL003,reference_layer_start,reference_layer_start,,,,1,GA03FLMA,RIM01,ADCPS
GA03FLMA-RIM01-02-ADCPSL003,reference_layer_stop,reference_layer_stop,,,,1,GA03FLMA,RIM01,ADCPS
GA03FLMA-RIM01-02-ADCPSL003,false_target_threshold,false_target_threshold,,,,counts,GA03FLMA,RIM01,ADCPS
GA03FLMA-RIM01-02-ADCPSL003,low_latency_trigger,low_latency_trigger,,,,1,GA03FLMA,RIM01,ADCPS
GA03FLMA-RIM01-02-ADCPSL003,transmit_lag_distance,transmit_lag_distance,,,,cm,GA03FLMA,RIM01,ADCPS
GA03FLMA-RIM01-02-ADCPSL003,cpu_board_serial_number,cpu_board_serial_number,,,,1,GA03FLMA,RIM01,ADCPS
GA03FLMA-RIM01-02-ADCPSL003,system_bandwidth,system_bandwidth,,,,1,GA03FLMA,RIM01,ADCPS
GA03FLMA-RIM01-02-ADCPSL003,system_power,system_power,,,,1,GA03FLMA,RIM01,ADCPS
GA03FLMA-RIM01-02-ADCPSL003,beam_angle,beam_angle,,,,degrees,GA03FLMA,RIM01,ADCPS
GA03FLMA-RIM01-02-ADCPSL003,ensemble_number,ensemble_number,,,,1,GA03FLMA,RIM01,ADCPS
GA03FLMA-RIM01-02-ADCPSL003,ensemble_number_increment,ensemble_number_increment,,,,1,GA03FLMA,RIM01,ADCPS
GA03FLMA-RIM01-02-ADCPSL003,bit_result_demod_1,bit_result_demod_1,,,,1,GA03FLMA,RIM01,ADCPS
GA03FLMA-RIM01-02-ADCPSL003,bit_result_demod_0,bit_result_demod_0,,,,1,GA03FLMA,RIM01,ADCPS
GA03FLMA-RIM01-02-ADCPSL003,bit_result_timing,bit_result_timing,,,,1,GA03FLMA,RIM01,ADCPS
GA03FLMA-RIM01-02-ADCPSL003,speed_of_sound,speed_of_sound,,,,m s-1,GA03FLMA,RIM01,ADCPS
GA03FLMA-RIM01-02-ADCPSL003,transducer_depth,transducer_depth,,,,dm,GA03FLMA,RIM01,ADCPS
GA03FLMA-RIM01-02-ADCPSL003,heading,heading,,,,cdegrees,GA03FLMA,RIM01,ADCPS
GA03FLMA-RIM01-02-ADCPSL003,pitch,pitch,,,,cdegrees,GA03FLMA,RIM01,ADCPS
GA03FLMA-RIM01-02-ADCPSL003,roll,roll,,,,cdegrees,GA03FLMA,RIM01,ADCPS
GA03FLMA-RIM01-02-ADCPSL003,salinity,salinity,,,,1,GA03FLMA,RIM01,ADCPS
GA03FLMA-RIM01-02-ADCPSL003,temperature,temperature,,,,cdeg_C,GA03FLMA,RIM01,ADCPS
GA03FLMA-RIM01-02-ADCPSL003,mpt_minutes,mpt_minutes,,,,min,GA03FLMA,RIM01,ADCPS
GA03FLMA-RIM01-02-ADCPSL003,mpt_seconds,mpt_seconds,,,,s,GA03FLMA,RIM01,ADCPS
GA03FLMA-RIM01-02-ADCPSL003,heading_stdev,heading_stdev,,,,degrees,GA03FLMA,RIM01,ADCPS
GA03FLMA-RIM01-02-ADCPSL003,pitch_stdev,pitch_stdev,,,,ddegrees,GA03FLMA,RIM01,ADCPS
GA03FLMA-RIM01-02-ADCPSL003,roll_stdev,roll_stdev,,,,ddegrees,GA03FLMA,RIM01,ADCPS
GA03FLMA-RIM01-02-ADCPSL003,adc_transmit_current,adc_transmit_current,,,,counts,GA03FLMA,RIM01,ADCPS
GA03FLMA-RIM01-02-ADCPSL003,adc_transmit_voltage,adc_transmit_voltage,,,,counts,GA03FLMA,RIM01,ADCPS
GA03FLMA-RIM01-02-ADCPSL003,adc_ambient_temp,adc_ambient_temp,,,,counts,GA03FLMA,RIM01,ADCPS
GA03FLMA-RIM01-02-ADCPSL003,adc_pressure_plus,adc_pressure_plus,,,,counts,GA03FLMA,RIM01,ADCPS
GA03FLMA-RIM01-02-ADCPSL003,adc_pressure_minus,adc_pressure_minus,,,,counts,GA03FLMA,RIM01,ADCPS
GA03FLMA-RIM01-02-ADCPSL003,adc_attitude_temp,adc_attitude_temp,,,,counts,GA03FLMA,RIM01,ADCPS
GA03FLMA-RIM01-02-ADCPSL003,adc_attitude,adc_attitude,,,,counts,GA03FLMA,RIM01,ADCPS
GA03FLMA-RIM01-02-ADCPSL003,adc_contamination_sensor,adc_contamination_sensor,,,,counts,GA03FLMA,RIM01,ADCPS
GA03FLMA-RIM01-02-ADCPSL003,bus_error_exception,bus_error_exception,,,,1,GA03FLMA,RIM01,ADCPS
GA03FLMA-RIM01-02-ADCPSL003,address_error_exception,address_error_exception,,,,1,GA03FLMA,RIM01,ADCPS
GA03FLMA-RIM01-02-ADCPSL003,illegal_instruction_exception,illegal_instruction_exception,,,,1,GA03FLMA,RIM01,ADCPS
GA03FLMA-RIM01-02-ADCPSL003,zero_divide_instruction,zero_divide_instruction,,,,1,GA03FLMA,RIM01,ADCPS
GA03FLMA-RIM01-02-ADCPSL003,emulator_exception,emulator_exception,,,,1,GA03FLMA,RIM01,ADCPS
GA03FLMA-RIM01-02-ADCPSL003,unassigned_exception,unassigned_exception,,,,1,GA03FLMA,RIM01,ADCPS
GA03FLMA-RIM01-02-ADCPSL003,watchdog_restart_occurred,watchdog_restart_occurred,,,,1,GA03FLMA,RIM01,ADCPS
GA03FLMA-RIM01-02-ADCPSL003,battery_saver_power,battery_saver_power,,,,1,GA03FLMA,RIM01,ADCPS
GA03FLMA-RIM01-02-ADCPSL003,pinging,pinging,,,,1,GA03FLMA,RIM01,ADCPS
GA03FLMA-RIM01-02-ADCPSL003,cold_wakeup_occurred,cold_wakeup_occurred,,,,1,GA03FLMA,RIM01,ADCPS
GA03FLMA-RIM01-02-ADCPSL003,time,time,,,ENG,seconds since 1900-01-01,GA03FLMA,RIM01,ADCPS
GA03FLMA-RIM01-02-ADCPSL003,unknown_wakeup_occurred,unknown_wakeup_occurred,,,,1,GA03FLMA,RIM01,ADCPS
GA03FLMA-RIM01-02-ADCPSL003,clock_read_error,clock_read_error,,,,1,GA03FLMA,RIM01,ADCPS
GA03FLMA-RIM01-02-ADCPSL003,unexpected_alarm,unexpected_alarm,,,,1,GA03FLMA,RIM01,ADCPS
GA03FLMA-RIM01-02-ADCPSL003,clock_jump_forward,clock_jump_forward,,,,1,GA03FLMA,RIM01,ADCPS
GA03FLMA-RIM01-02-ADCPSL003,clock_jump_backward,clock_jump_backward,,,,1,GA03FLMA,RIM01,ADCPS
GA03FLMA-RIM01-02-ADCPSL003,power_fail,power_fail,,,,1,GA03FLMA,RIM01,ADCPS
GA03FLMA-RIM01-02-ADCPSL003,spurious_dsp_interrupt,spurious_dsp_interrupt,,,,1,GA03FLMA,RIM01,ADCPS
GA03FLMA-RIM01-02-ADCPSL003,spurious_uart_interrupt,spurious_uart_interrupt,,,,1,GA03FLMA,RIM01,ADCPS
GA03FLMA-RIM01-02-ADCPSL003,spurious_clock_interrupt,spurious_clock_interrupt,,,,1,GA03FLMA,RIM01,ADCPS
GA03FLMA-RIM01-02-ADCPSL003,level_7_interrupt,level_7_interrupt,,,,1,GA03FLMA,RIM01,ADCPS
GA03FLMA-RIM01-02-ADCPSL003,pressure,pressure,,,,daPa,GA03FLMA,RIM01,ADCPS
GA03FLMA-RIM01-02-ADCPSL003,pressure_variance,pressure_variance,,,,daPa,GA03FLMA,RIM01,ADCPS
GA03FLMA-RIM01-02-ADCPSL003,water_velocity_east,water_velocity_east,,,L0,mm s-1,GA03FLMA,RIM01,ADCPS
GA03FLMA-RIM01-02-ADCPSL003,water_velocity_north,water_velocity_north,,,L0,mm s-1,GA03FLMA,RIM01,ADCPS
GA03FLMA-RIM01-02-ADCPSL003,water_velocity_up,water_velocity_up,,,L0,mm s-1,GA03FLMA,RIM01,ADCPS
GA03FLMA-RIM01-02-ADCPSL003,error_velocity,error_velocity,,,L0,mm s-1,GA03FLMA,RIM01,ADCPS
GA03FLMA-RIM01-02-ADCPSL003,correlation_magnitude_beam1,correlation_magnitude_beam1,,,,1,GA03FLMA,RIM01,ADCPS
GA03FLMA-RIM01-02-ADCPSL003,correlation_magnitude_beam2,correlation_magnitude_beam2,,,,1,GA03FLMA,RIM01,ADCPS
GA03FLMA-RIM01-02-ADCPSL003,correlation_magnitude_beam3,correlation_magnitude_beam3,,,,1,GA03FLMA,RIM01,ADCPS
GA03FLMA-RIM01-02-ADCPSL003,correlation_magnitude_beam4,correlation_magnitude_beam4,,,,1,GA03FLMA,RIM01,ADCPS
GA03FLMA-RIM01-02-ADCPSL003,echo_intensity_beam1,echo_intensity_beam1,,,L0,counts,GA03FLMA,RIM01,ADCPS
GA03FLMA-RIM01-02-ADCPSL003,echo_intensity_beam2,echo_intensity_beam2,,,L0,counts,GA03FLMA,RIM01,ADCPS
GA03FLMA-RIM01-02-ADCPSL003,echo_intensity_beam3,echo_intensity_beam3,,,L0,counts,GA03FLMA,RIM01,ADCPS
GA03FLMA-RIM01-02-ADCPSL003,echo_intensity_beam4,echo_intensity_beam4,,,L0,counts,GA03FLMA,RIM01,ADCPS
GA03FLMA-RIM01-02-ADCPSL003,percent_good_3beam,percent_good_3beam,,,,percent,GA03FLMA,RIM01,ADCPS
GA03FLMA-RIM01-02-ADCPSL003,percent_transforms_reject,percent_transforms_reject,,,,percent,GA03FLMA,RIM01,ADCPS
GA03FLMA-RIM01-02-ADCPSL003,percent_bad_beams,percent_bad_beams,,,,percent,GA03FLMA,RIM01,ADCPS
GA03FLMA-RIM01-02-ADCPSL003,percent_good_4beam,percent_good_4beam,,,,percent,GA03FLMA,RIM01,ADCPS
GA03FLMA-RIM01-02-ADCPSL003,ensemble_start_time,ensemble_start_time,,,,seconds since 1900-01-01,GA03FLMA,RIM01,ADCPS
GA03FLMA-RIM01-02-ADCPSL003,velocity_po_error_flag,velocity_po_error_flag,,,,1,GA03FLMA,RIM01,ADCPS
GA03FLMA-RIM01-02-ADCPSL003,velocity_po_up_flag,velocity_po_up_flag,,,,1,GA03FLMA,RIM01,ADCPS
GA03FLMA-RIM01-02-ADCPSL003,velocity_po_north_flag,velocity_po_north_flag,,,,1,GA03FLMA,RIM01,ADCPS
GA03FLMA-RIM01-02-ADCPSL003,velocity_po_east_flag,velocity_po_east_flag,,,,1,GA03FLMA,RIM01,ADCPS
GA03FLMA-RIM01-02-ADCPSL003,subsampling_parameter,subsampling_parameter,,,,1,GA03FLMA,RIM01,ADCPS
GA03FLMA-RIM01-02-ADCPSL003,ingestion_timestamp,ingestion_timestamp,,,ENG,seconds since 1900-01-01,GA03FLMA,RIM01,ADCPS
GA03FLMA-RIM01-02-ADCPSL003,real_time_clock,real_time_clock,,,,1,GA03FLMA,RIM01,ADCPS
GA03FLMA-RIM01-02-ADCPSL003,upward_earth_seawater_velocity,upward_earth_seawater_velocity,-1,1,L1,m s-1,GA03FLMA,RIM01,ADCPS
GA03FLMA-RIM01-02-ADCPSL003,earth_error_velocity,earth_error_velocity,-1,1,L1,m s-1,GA03FLMA,RIM01,ADCPS
GA03FLMA-RIM01-02-ADCPSL003,bin_depths,bin_depths,,,,m,GA03FLMA,RIM01,ADCPS
GA03FLMA-RIM01-02-CTDMOG040,driver_timestamp,driver_timestamp,,,ENG,seconds since 1900-01-01,GA03FLMA,RIM01,CTDMO
GA03FLMA-RIM01-02-CTDMOG040,internal_timestamp,internal_timestamp,,,ENG,seconds since 1900-01-01,GA03FLMA,RIM01,CTDMO
GA03FLMA-RIM01-02-CTDMOG040,inductive_id,inductive_id,,,ENG,1,GA03FLMA,RIM01,CTDMO
GA03FLMA-RIM01-02-CTDMOG040,preferred_timestamp,preferred_timestamp,,,ENG,1,GA03FLMA,RIM01,CTDMO
GA03FLMA-RIM01-02-CTDMOG040,temperature,temperature,,,L0,counts,GA03FLMA,RIM01,CTDMO
GA03FLMA-RIM01-02-CTDMOG040,conductivity,conductivity,,,L0,counts,GA03FLMA,RIM01,CTDMO
GA03FLMA-RIM01-02-CTDMOG040,pressure,pressure,,,L0,counts,GA03FLMA,RIM01,CTDMO
GA03FLMA-RIM01-02-CTDMOG040,pressure_temp,pressure_temp,,,L0,counts,GA03FLMA,RIM01,CTDMO
GA03FLMA-RIM01-02-CTDMOG040,ctd_time,ctd_time,,,ENG,seconds since 2000-01-01,GA03FLMA,RIM01,CTDMO
GA03FLMA-RIM01-02-CTDMOG040,sio_controller_timestamp,sio_controller_timestamp,,,ENG,seconds since 1970-01-01,GA03FLMA,RIM01,CTDMO
GA03FLMA-RIM01-02-CTDMOG040,ctd_time_offset,ctd_time_offset,,,,s,GA03FLMA,RIM01,CTDMO
GA03FLMA-RIM01-02-CTDMOG040,ctdmo_seawater_pressure,ctdmo_seawater_pressure,0,6000,L1,dbar,GA03FLMA,RIM01,CTDMO
GA03FLMA-RIM01-02-CTDMOG040,ctdmo_seawater_temperature,ctdmo_seawater_temperature,-2,40,L1,deg_C,GA03FLMA,RIM01,CTDMO
GA03FLMA-RIM01-02-CTDMOG040,ctdmo_seawater_conductivity,ctdmo_seawater_conductivity,0,6,L1,S m-1,GA03FLMA,RIM01,CTDMO
GA03FLMA-RIM01-02-CTDMOG040,ctdmo_practical_salinity,ctdmo_practical_salinity,0,42,L2,(unitless),GA03FLMA,RIM01,CTDMO
GA03FLMA-RIM01-02-CTDMOG040,ctdmo_seawater_density,ctdmo_seawater_density,1000,1100,L2,kg m-3,GA03FLMA,RIM01,CTDMO
GA03FLMA-RIM01-02-CTDMOG040,serial_number,serial_number,,,ENG,1,GA03FLMA,RIM01,CTDMO
GA03FLMA-RIM01-02-CTDMOG040,time,time,,,ENG,seconds since 1900-01-01,GA03FLMA,RIM01,CTDMO
GA03FLMA-RIM01-02-CTDMOG040,ingestion_timestamp,ingestion_timestamp,,,ENG,seconds since 1900-01-01,GA03FLMA,RIM01,CTDMO
GA03FLMA-RIM01-02-CTDMOG041,driver_timestamp,driver_timestamp,,,ENG,seconds since 1900-01-01,GA03FLMA,RIM01,CTDMO
GA03FLMA-RIM01-02-CTDMOG041,internal_timestamp,internal_timestamp,,,ENG,seconds since 1900-01-01,GA03FLMA,RIM01,CTDMO
GA03FLMA-RIM01-02-CTDMOG041,inductive_id,inductive_id,,,ENG,1,GA03FLMA,RIM01,CTDMO
GA03FLMA-RIM01-02-CTDMOG041,preferred_timestamp,preferred_timestamp,,,ENG,1,GA03FLMA,RIM01,CTDMO
GA03FLMA-RIM01-02-CTDMOG041,temperature,temperature,,,L0,counts,GA03FLMA,RIM01,CTDMO
GA03FLMA-RIM01-02-CTDMOG041,conductivity,conductivity,,,L0,counts,GA03FLMA,RIM01,CTDMO
GA03FLMA-RIM01-02-CTDMOG041,pressure,pressure,,,L0,counts,GA03FLMA,RIM01,CTDMO
GA03FLMA-RIM01-02-CTDMOG041,pressure_temp,pressure_temp,,,L0,counts,GA03FLMA,RIM01,CTDMO
GA03FLMA-RIM01-02-CTDMOG041,ctd_time,ctd_time,,,ENG,seconds since 2000-01-01,GA03FLMA,RIM01,CTDMO
GA03FLMA-RIM01-02-CTDMOG041,sio_controller_timestamp,sio_controller_timestamp,,,ENG,seconds since 1970-01-01,GA03FLMA,RIM01,CTDMO
GA03FLMA-RIM01-02-CTDMOG041,ctd_time_offset,ctd_time_offset,,,,s,GA03FLMA,RIM01,CTDMO
GA03FLMA-RIM01-02-CTDMOG041,ctdmo_seawater_pressure,ctdmo_seawater_pressure,0,6000,L1,dbar,GA03FLMA,RIM01,CTDMO
GA03FLMA-RIM01-02-CTDMOG041,ctdmo_seawater_temperature,ctdmo_seawater_temperature,-2,40,L1,deg_C,GA03FLMA,RIM01,CTDMO
GA03FLMA-RIM01-02-CTDMOG041,ctdmo_seawater_conductivity,ctdmo_seawater_conductivity,0,6,L1,S m-1,GA03FLMA,RIM01,CTDMO
GA03FLMA-RIM01-02-CTDMOG041,ctdmo_practical_salinity,ctdmo_practical_salinity,0,42,L2,(unitless),GA03FLMA,RIM01,CTDMO
GA03FLMA-RIM01-02-CTDMOG041,ctdmo_seawater_density,ctdmo_seawater_density,1000,1100,L2,kg m-3,GA03FLMA,RIM01,CTDMO
GA03FLMA-RIM01-02-CTDMOG041,serial_number,serial_number,,,ENG,1,GA03FLMA,RIM01,CTDMO
GA03FLMA-RIM01-02-CTDMOG041,time,time,,,ENG,seconds since 1900-01-01,GA03FLMA,RIM01,CTDMO
GA03FLMA-RIM01-02-CTDMOG041,ingestion_timestamp,ingestion_timestamp,,,ENG,seconds since 1900-01-01,GA03FLMA,RIM01,CTDMO
GA03FLMA-RIM01-02-CTDMOG042,driver_timestamp,driver_timestamp,,,ENG,seconds since 1900-01-01,GA03FLMA,RIM01,CTDMO
GA03FLMA-RIM01-02-CTDMOG042,internal_timestamp,internal_timestamp,,,ENG,seconds since 1900-01-01,GA03FLMA,RIM01,CTDMO
GA03FLMA-RIM01-02-CTDMOG042,inductive_id,inductive_id,,,ENG,1,GA03FLMA,RIM01,CTDMO
GA03FLMA-RIM01-02-CTDMOG042,preferred_timestamp,preferred_timestamp,,,ENG,1,GA03FLMA,RIM01,CTDMO
GA03FLMA-RIM01-02-CTDMOG042,temperature,temperature,,,L0,counts,GA03FLMA,RIM01,CTDMO
GA03FLMA-RIM01-02-CTDMOG042,conductivity,conductivity,,,L0,counts,GA03FLMA,RIM01,CTDMO
GA03FLMA-RIM01-02-CTDMOG042,pressure,pressure,,,L0,counts,GA03FLMA,RIM01,CTDMO
GA03FLMA-RIM01-02-CTDMOG042,pressure_temp,pressure_temp,,,L0,counts,GA03FLMA,RIM01,CTDMO
GA03FLMA-RIM01-02-CTDMOG042,ctd_time,ctd_time,,,ENG,seconds since 2000-01-01,GA03FLMA,RIM01,CTDMO
GA03FLMA-RIM01-02-CTDMOG042,sio_controller_timestamp,sio_controller_timestamp,,,ENG,seconds since 1970-01-01,GA03FLMA,RIM01,CTDMO
GA03FLMA-RIM01-02-CTDMOG042,ctd_time_offset,ctd_time_offset,,,,s,GA03FLMA,RIM01,CTDMO
GA03FLMA-RIM01-02-CTDMOG042,ctdmo_seawater_pressure,ctdmo_seawater_pressure,0,6000,L1,dbar,GA03FLMA,RIM01,CTDMO
GA03FLMA-RIM01-02-CTDMOG042,ctdmo_seawater_temperature,ctdmo_seawater_temperature,-2,40,L1,deg_C,GA03FLMA,RIM01,CTDMO
GA03FLMA-RIM01-02-CTDMOG042,ctdmo_seawater_conductivity,ctdmo_seawater_conductivity,0,6,L1,S m-1,GA03FLMA,RIM01,CTDMO
GA03FLMA-RIM01-02-CTDMOG042,ctdmo_practical_salinity,ctdmo_practical_salinity,0,42,L2,(unitless),GA03FLMA,RIM01,CTDMO
GA03FLMA-RIM01-02-CTDMOG042,ctdmo_seawater_density,ctdmo_seawater_density,1000,1100,L2,kg m-3,GA03FLMA,RIM01,CTDMO
GA03FLMA-RIM01-02-CTDMOG042,serial_number,serial_number,,,ENG,1,GA03FLMA,RIM01,CTDMO
GA03FLMA-RIM01-02-CTDMOG042,time,time,,,ENG,seconds since 1900-01-01,GA03FLMA,RIM01,CTDMO
GA03FLMA-RIM01-02-CTDMOG042,ingestion_timestamp,ingestion_timestamp,,,ENG,seconds since 1900-01-01,GA03FLMA,RIM01,CTDMO
GA03FLMA-RIM01-02-CTDMOG043,driver_timestamp,driver_timestamp,,,ENG,seconds since 1900-01-01,GA03FLMA,RIM01,CTDMO
GA03FLMA-RIM01-02-CTDMOG043,internal_timestamp,internal_timestamp,,,ENG,seconds since 1900-01-01,GA03FLMA,RIM01,CTDMO
GA03FLMA-RIM01-02-CTDMOG043,inductive_id,inductive_id,,,ENG,1,GA03FLMA,RIM01,CTDMO
GA03FLMA-RIM01-02-CTDMOG043,preferred_timestamp,preferred_timestamp,,,ENG,1,GA03FLMA,RIM01,CTDMO
GA03FLMA-RIM01-02-CTDMOG043,temperature,temperature,,,L0,counts,GA03FLMA,RIM01,CTDMO
GA03FLMA-RIM01-02-CTDMOG043,conductivity,conductivity,,,L0,counts,GA03FLMA,RIM01,CTDMO
GA03FLMA-RIM01-02-CTDMOG043,pressure,pressure,,,L0,counts,GA03FLMA,RIM01,CTDMO
GA03FLMA-RIM01-02-CTDMOG043,pressure_temp,pressure_temp,,,L0,counts,GA03FLMA,RIM01,CTDMO
GA03FLMA-RIM01-02-CTDMOG043,ctd_time,ctd_time,,,ENG,seconds since 2000-01-01,GA03FLMA,RIM01,CTDMO
GA03FLMA-RIM01-02-CTDMOG043,sio_controller_timestamp,sio_controller_timestamp,,,ENG,seconds since 1970-01-01,GA03FLMA,RIM01,CTDMO
GA03FLMA-RIM01-02-CTDMOG043,ctd_time_offset,ctd_time_offset,,,,s,GA03FLMA,RIM01,CTDMO
GA03FLMA-RIM01-02-CTDMOG043,ctdmo_seawater_pressure,ctdmo_seawater_pressure,0,6000,L1,dbar,GA03FLMA,RIM01,CTDMO
GA03FLMA-RIM01-02-CTDMOG043,ctdmo_seawater_temperature,ctdmo_seawater_temperature,-2,40,L1,deg_C,GA03FLMA,RIM01,CTDMO
GA03FLMA-RIM01-02-CTDMOG043,ctdmo_seawater_conductivity,ctdmo_seawater_conductivity,0,6,L1,S m-1,GA03FLMA,RIM01,CTDMO
GA03FLMA-RIM01-02-CTDMOG043,ctdmo_practical_salinity,ctdmo_practical_salinity,0,42,L2,(unitless),GA03FLMA,RIM01,CTDMO
GA03FLMA-RIM01-02-CTDMOG043,ctdmo_seawater_density,ctdmo_seawater_density,1000,1100,L2,kg m-3,GA03FLMA,RIM01,CTDMO
GA03FLMA-RIM01-02-CTDMOG043,serial_number,serial_number,,,ENG,1,GA03FLMA,RIM01,CTDMO
GA03FLMA-RIM01-02-CTDMOG043,time,time,,,ENG,seconds since 1900-01-01,GA03FLMA,RIM01,CTDMO
GA03FLMA-RIM01-02-CTDMOG043,ingestion_timestamp,ingestion_timestamp,,,ENG,seconds since 1900-01-01,GA03FLMA,RIM01,CTDMO
GA03FLMA-RIM01-02-CTDMOG044,driver_timestamp,driver_timestamp,,,ENG,seconds since 1900-01-01,GA03FLMA,RIM01,CTDMO
GA03FLMA-RIM01-02-CTDMOG044,internal_timestamp,internal_timestamp,,,ENG,seconds since 1900-01-01,GA03FLMA,RIM01,CTDMO
GA03FLMA-RIM01-02-CTDMOG044,inductive_id,inductive_id,,,ENG,1,GA03FLMA,RIM01,CTDMO
GA03FLMA-RIM01-02-CTDMOG044,preferred_timestamp,preferred_timestamp,,,ENG,1,GA03FLMA,RIM01,CTDMO
GA03FLMA-RIM01-02-CTDMOG044,temperature,temperature,,,L0,counts,GA03FLMA,RIM01,CTDMO
GA03FLMA-RIM01-02-CTDMOG044,conductivity,conductivity,,,L0,counts,GA03FLMA,RIM01,CTDMO
GA03FLMA-RIM01-02-CTDMOG044,pressure,pressure,,,L0,counts,GA03FLMA,RIM01,CTDMO
GA03FLMA-RIM01-02-CTDMOG044,pressure_temp,pressure_temp,,,L0,counts,GA03FLMA,RIM01,CTDMO
GA03FLMA-RIM01-02-CTDMOG044,ctd_time,ctd_time,,,ENG,seconds since 2000-01-01,GA03FLMA,RIM01,CTDMO
GA03FLMA-RIM01-02-CTDMOG044,sio_controller_timestamp,sio_controller_timestamp,,,ENG,seconds since 1970-01-01,GA03FLMA,RIM01,CTDMO
GA03FLMA-RIM01-02-CTDMOG044,ctd_time_offset,ctd_time_offset,,,,s,GA03FLMA,RIM01,CTDMO
GA03FLMA-RIM01-02-CTDMOG044,ctdmo_seawater_pressure,ctdmo_seawater_pressure,0,6000,L1,dbar,GA03FLMA,RIM01,CTDMO
GA03FLMA-RIM01-02-CTDMOG044,ctdmo_seawater_temperature,ctdmo_seawater_temperature,-2,40,L1,deg_C,GA03FLMA,RIM01,CTDMO
GA03FLMA-RIM01-02-CTDMOG044,ctdmo_seawater_conductivity,ctdmo_seawater_conductivity,0,6,L1,S m-1,GA03FLMA,RIM01,CTDMO
GA03FLMA-RIM01-02-CTDMOG044,ctdmo_practical_salinity,ctdmo_practical_salinity,0,42,L2,(unitless),GA03FLMA,RIM01,CTDMO
GA03FLMA-RIM01-02-CTDMOG044,ctdmo_seawater_density,ctdmo_seawater_density,1000,1100,L2,kg m-3,GA03FLMA,RIM01,CTDMO
GA03FLMA-RIM01-02-CTDMOG044,serial_number,serial_number,,,ENG,1,GA03FLMA,RIM01,CTDMO
GA03FLMA-RIM01-02-CTDMOG044,time,time,,,ENG,seconds since 1900-01-01,GA03FLMA,RIM01,CTDMO
GA03FLMA-RIM01-02-CTDMOG044,ingestion_timestamp,ingestion_timestamp,,,ENG,seconds since 1900-01-01,GA03FLMA,RIM01,CTDMO
GA03FLMA-RIM01-02-CTDMOG045,driver_timestamp,driver_timestamp,,,ENG,seconds since 1900-01-01,GA03FLMA,RIM01,CTDMO
GA03FLMA-RIM01-02-CTDMOG045,internal_timestamp,internal_timestamp,,,ENG,seconds since 1900-01-01,GA03FLMA,RIM01,CTDMO
GA03FLMA-RIM01-02-CTDMOG045,inductive_id,inductive_id,,,ENG,1,GA03FLMA,RIM01,CTDMO
GA03FLMA-RIM01-02-CTDMOG045,preferred_timestamp,preferred_timestamp,,,ENG,1,GA03FLMA,RIM01,CTDMO
GA03FLMA-RIM01-02-CTDMOG045,temperature,temperature,,,L0,counts,GA03FLMA,RIM01,CTDMO
GA03FLMA-RIM01-02-CTDMOG045,conductivity,conductivity,,,L0,counts,GA03FLMA,RIM01,CTDMO
GA03FLMA-RIM01-02-CTDMOG045,pressure,pressure,,,L0,counts,GA03FLMA,RIM01,CTDMO
GA03FLMA-RIM01-02-CTDMOG045,pressure_temp,pressure_temp,,,L0,counts,GA03FLMA,RIM01,CTDMO
GA03FLMA-RIM01-02-CTDMOG045,ctd_time,ctd_time,,,ENG,seconds since 2000-01-01,GA03FLMA,RIM01,CTDMO
GA03FLMA-RIM01-02-CTDMOG045,sio_controller_timestamp,sio_controller_timestamp,,,ENG,seconds since 1970-01-01,GA03FLMA,RIM01,CTDMO
GA03FLMA-RIM01-02-CTDMOG045,ctd_time_offset,ctd_time_offset,,,,s,GA03FLMA,RIM01,CTDMO
GA03FLMA-RIM01-02-CTDMOG045,ctdmo_seawater_pressure,ctdmo_seawater_pressure,0,6000,L1,dbar,GA03FLMA,RIM01,CTDMO
GA03FLMA-RIM01-02-CTDMOG045,ctdmo_seawater_temperature,ctdmo_seawater_temperature,-2,40,L1,deg_C,GA03FLMA,RIM01,CTDMO
GA03FLMA-RIM01-02-CTDMOG045,ctdmo_seawater_conductivity,ctdmo_seawater_conductivity,0,6,L1,S m-1,GA03FLMA,RIM01,CTDMO
GA03FLMA-RIM01-02-CTDMOG045,ctdmo_practical_salinity,ctdmo_practical_salinity,0,42,L2,(unitless),GA03FLMA,RIM01,CTDMO
GA03FLMA-RIM01-02-CTDMOG045,ctdmo_seawater_density,ctdmo_seawater_density,1000,1100,L2,kg m-3,GA03FLMA,RIM01,CTDMO
GA03FLMA-RIM01-02-CTDMOG045,serial_number,serial_number,,,ENG,1,GA03FLMA,RIM01,CTDMO
GA03FLMA-RIM01-02-CTDMOG045,time,time,,,ENG,seconds since 1900-01-01,GA03FLMA,RIM01,CTDMO
GA03FLMA-RIM01-02-CTDMOG045,ingestion_timestamp,ingestion_timestamp,,,ENG,seconds since 1900-01-01,GA03FLMA,RIM01,CTDMO
GA03FLMA-RIM01-02-CTDMOG046,driver_timestamp,driver_timestamp,,,ENG,seconds since 1900-01-01,GA03FLMA,RIM01,CTDMO
GA03FLMA-RIM01-02-CTDMOG046,internal_timestamp,internal_timestamp,,,ENG,seconds since 1900-01-01,GA03FLMA,RIM01,CTDMO
GA03FLMA-RIM01-02-CTDMOG046,inductive_id,inductive_id,,,ENG,1,GA03FLMA,RIM01,CTDMO
GA03FLMA-RIM01-02-CTDMOG046,preferred_timestamp,preferred_timestamp,,,ENG,1,GA03FLMA,RIM01,CTDMO
GA03FLMA-RIM01-02-CTDMOG046,temperature,temperature,,,L0,counts,GA03FLMA,RIM01,CTDMO
GA03FLMA-RIM01-02-CTDMOG046,conductivity,conductivity,,,L0,counts,GA03FLMA,RIM01,CTDMO
GA03FLMA-RIM01-02-CTDMOG046,pressure,pressure,,,L0,counts,GA03FLMA,RIM01,CTDMO
GA03FLMA-RIM01-02-CTDMOG046,pressure_temp,pressure_temp,,,L0,counts,GA03FLMA,RIM01,CTDMO
GA03FLMA-RIM01-02-CTDMOG046,ctd_time,ctd_time,,,ENG,seconds since 2000-01-01,GA03FLMA,RIM01,CTDMO
GA03FLMA-RIM01-02-CTDMOG046,sio_controller_timestamp,sio_controller_timestamp,,,ENG,seconds since 1970-01-01,GA03FLMA,RIM01,CTDMO
GA03FLMA-RIM01-02-CTDMOG046,ctd_time_offset,ctd_time_offset,,,,s,GA03FLMA,RIM01,CTDMO
GA03FLMA-RIM01-02-CTDMOG046,ctdmo_seawater_pressure,ctdmo_seawater_pressure,0,6000,L1,dbar,GA03FLMA,RIM01,CTDMO
GA03FLMA-RIM01-02-CTDMOG046,ctdmo_seawater_temperature,ctdmo_seawater_temperature,-2,40,L1,deg_C,GA03FLMA,RIM01,CTDMO
GA03FLMA-RIM01-02-CTDMOG046,ctdmo_seawater_conductivity,ctdmo_seawater_conductivity,0,6,L1,S m-1,GA03FLMA,RIM01,CTDMO
GA03FLMA-RIM01-02-CTDMOG046,ctdmo_practical_salinity,ctdmo_practical_salinity,0,42,L2,(unitless),GA03FLMA,RIM01,CTDMO
GA03FLMA-RIM01-02-CTDMOG046,ctdmo_seawater_density,ctdmo_seawater_density,1000,1100,L2,kg m-3,GA03FLMA,RIM01,CTDMO
GA03FLMA-RIM01-02-CTDMOG046,serial_number,serial_number,,,ENG,1,GA03FLMA,RIM01,CTDMO
GA03FLMA-RIM01-02-CTDMOG046,time,time,,,ENG,seconds since 1900-01-01,GA03FLMA,RIM01,CTDMO
GA03FLMA-RIM01-02-CTDMOG046,ingestion_timestamp,ingestion_timestamp,,,ENG,seconds since 1900-01-01,GA03FLMA,RIM01,CTDMO
GA03FLMA-RIM01-02-CTDMOG047,driver_timestamp,driver_timestamp,,,ENG,seconds since 1900-01-01,GA03FLMA,RIM01,CTDMO
GA03FLMA-RIM01-02-CTDMOG047,internal_timestamp,internal_timestamp,,,ENG,seconds since 1900-01-01,GA03FLMA,RIM01,CTDMO
GA03FLMA-RIM01-02-CTDMOG047,inductive_id,inductive_id,,,ENG,1,GA03FLMA,RIM01,CTDMO
GA03FLMA-RIM01-02-CTDMOG047,preferred_timestamp,preferred_timestamp,,,ENG,1,GA03FLMA,RIM01,CTDMO
GA03FLMA-RIM01-02-CTDMOG047,temperature,temperature,,,L0,counts,GA03FLMA,RIM01,CTDMO
GA03FLMA-RIM01-02-CTDMOG047,conductivity,conductivity,,,L0,counts,GA03FLMA,RIM01,CTDMO
GA03FLMA-RIM01-02-CTDMOG047,pressure,pressure,,,L0,counts,GA03FLMA,RIM01,CTDMO
GA03FLMA-RIM01-02-CTDMOG047,pressure_temp,pressure_temp,,,L0,counts,GA03FLMA,RIM01,CTDMO
GA03FLMA-RIM01-02-CTDMOG047,ctd_time,ctd_time,,,ENG,seconds since 2000-01-01,GA03FLMA,RIM01,CTDMO
GA03FLMA-RIM01-02-CTDMOG047,sio_controller_timestamp,sio_controller_timestamp,,,ENG,seconds since 1970-01-01,GA03FLMA,RIM01,CTDMO
GA03FLMA-RIM01-02-CTDMOG047,ctd_time_offset,ctd_time_offset,,,,s,GA03FLMA,RIM01,CTDMO
GA03FLMA-RIM01-02-CTDMOG047,ctdmo_seawater_pressure,ctdmo_seawater_pressure,0,6000,L1,dbar,GA03FLMA,RIM01,CTDMO
GA03FLMA-RIM01-02-CTDMOG047,ctdmo_seawater_temperature,ctdmo_seawater_temperature,-2,40,L1,deg_C,GA03FLMA,RIM01,CTDMO
GA03FLMA-RIM01-02-CTDMOG047,ctdmo_seawater_conductivity,ctdmo_seawater_conductivity,0,6,L1,S m-1,GA03FLMA,RIM01,CTDMO
GA03FLMA-RIM01-02-CTDMOG047,ctdmo_practical_salinity,ctdmo_practical_salinity,0,42,L2,(unitless),GA03FLMA,RIM01,CTDMO
GA03FLMA-RIM01-02-CTDMOG047,ctdmo_seawater_density,ctdmo_seawater_density,1000,1100,L2,kg m-3,GA03FLMA,RIM01,CTDMO
GA03FLMA-RIM01-02-CTDMOG047,serial_number,serial_number,,,ENG,1,GA03FLMA,RIM01,CTDMO
GA03FLMA-RIM01-02-CTDMOG047,time,time,,,ENG,seconds since 1900-01-01,GA03FLMA,RIM01,CTDMO
GA03FLMA-RIM01-02-CTDMOG047,ingestion_timestamp,ingestion_timestamp,,,ENG,seconds since 1900-01-01,GA03FLMA,RIM01,CTDMO
GA03FLMA-RIM01-02-CTDMOG048,driver_timestamp,driver_timestamp,,,ENG,seconds since 1900-01-01,GA03FLMA,RIM01,CTDMO
GA03FLMA-RIM01-02-CTDMOG048,internal_timestamp,internal_timestamp,,,ENG,seconds since 1900-01-01,GA03FLMA,RIM01,CTDMO
GA03FLMA-RIM01-02-CTDMOG048,inductive_id,inductive_id,,,ENG,1,GA03FLMA,RIM01,CTDMO
GA03FLMA-RIM01-02-CTDMOG048,preferred_timestamp,preferred_timestamp,,,ENG,1,GA03FLMA,RIM01,CTDMO
GA03FLMA-RIM01-02-CTDMOG048,temperature,temperature,,,L0,counts,GA03FLMA,RIM01,CTDMO
GA03FLMA-RIM01-02-CTDMOG048,conductivity,conductivity,,,L0,counts,GA03FLMA,RIM01,CTDMO
GA03FLMA-RIM01-02-CTDMOG048,pressure,pressure,,,L0,counts,GA03FLMA,RIM01,CTDMO
GA03FLMA-RIM01-02-CTDMOG048,pressure_temp,pressure_temp,,,L0,counts,GA03FLMA,RIM01,CTDMO
GA03FLMA-RIM01-02-CTDMOG048,ctd_time,ctd_time,,,ENG,seconds since 2000-01-01,GA03FLMA,RIM01,CTDMO
GA03FLMA-RIM01-02-CTDMOG048,sio_controller_timestamp,sio_controller_timestamp,,,ENG,seconds since 1970-01-01,GA03FLMA,RIM01,CTDMO
GA03FLMA-RIM01-02-CTDMOG048,ctd_time_offset,ctd_time_offset,,,,s,GA03FLMA,RIM01,CTDMO
GA03FLMA-RIM01-02-CTDMOG048,ctdmo_seawater_pressure,ctdmo_seawater_pressure,0,6000,L1,dbar,GA03FLMA,RIM01,CTDMO
GA03FLMA-RIM01-02-CTDMOG048,ctdmo_seawater_temperature,ctdmo_seawater_temperature,-2,40,L1,deg_C,GA03FLMA,RIM01,CTDMO
GA03FLMA-RIM01-02-CTDMOG048,ctdmo_seawater_conductivity,ctdmo_seawater_conductivity,0,6,L1,S m-1,GA03FLMA,RIM01,CTDMO
GA03FLMA-RIM01-02-CTDMOG048,ctdmo_practical_salinity,ctdmo_practical_salinity,0,42,L2,(unitless),GA03FLMA,RIM01,CTDMO
GA03FLMA-RIM01-02-CTDMOG048,ctdmo_seawater_density,ctdmo_seawater_density,1000,1100,L2,kg m-3,GA03FLMA,RIM01,CTDMO
GA03FLMA-RIM01-02-CTDMOG048,serial_number,serial_number,,,ENG,1,GA03FLMA,RIM01,CTDMO
GA03FLMA-RIM01-02-CTDMOG048,time,time,,,ENG,seconds since 1900-01-01,GA03FLMA,RIM01,CTDMO
GA03FLMA-RIM01-02-CTDMOG048,ingestion_timestamp,ingestion_timestamp,,,ENG,seconds since 1900-01-01,GA03FLMA,RIM01,CTDMO
GA03FLMA-RIM01-02-CTDMOH049,driver_timestamp,driver_timestamp,,,ENG,seconds since 1900-01-01,GA03FLMA,RIM01,CTDMO
GA03FLMA-RIM01-02-CTDMOH049,internal_timestamp,internal_timestamp,,,ENG,seconds since 1900-01-01,GA03FLMA,RIM01,CTDMO
GA03FLMA-RIM01-02-CTDMOH049,inductive_id,inductive_id,,,ENG,1,GA03FLMA,RIM01,CTDMO
GA03FLMA-RIM01-02-CTDMOH049,preferred_timestamp,preferred_timestamp,,,ENG,1,GA03FLMA,RIM01,CTDMO
GA03FLMA-RIM01-02-CTDMOH049,temperature,temperature,,,L0,counts,GA03FLMA,RIM01,CTDMO
GA03FLMA-RIM01-02-CTDMOH049,conductivity,conductivity,,,L0,counts,GA03FLMA,RIM01,CTDMO
GA03FLMA-RIM01-02-CTDMOH049,pressure,pressure,,,L0,counts,GA03FLMA,RIM01,CTDMO
GA03FLMA-RIM01-02-CTDMOH049,pressure_temp,pressure_temp,,,L0,counts,GA03FLMA,RIM01,CTDMO
GA03FLMA-RIM01-02-CTDMOH049,ctd_time,ctd_time,,,ENG,seconds since 2000-01-01,GA03FLMA,RIM01,CTDMO
GA03FLMA-RIM01-02-CTDMOH049,sio_controller_timestamp,sio_controller_timestamp,,,ENG,seconds since 1970-01-01,GA03FLMA,RIM01,CTDMO
GA03FLMA-RIM01-02-CTDMOH049,ctd_time_offset,ctd_time_offset,,,,s,GA03FLMA,RIM01,CTDMO
GA03FLMA-RIM01-02-CTDMOH049,ctdmo_seawater_pressure,ctdmo_seawater_pressure,0,6000,L1,dbar,GA03FLMA,RIM01,CTDMO
GA03FLMA-RIM01-02-CTDMOH049,ctdmo_seawater_temperature,ctdmo_seawater_temperature,-2,40,L1,deg_C,GA03FLMA,RIM01,CTDMO
GA03FLMA-RIM01-02-CTDMOH049,ctdmo_seawater_conductivity,ctdmo_seawater_conductivity,0,6,L1,S m-1,GA03FLMA,RIM01,CTDMO
GA03FLMA-RIM01-02-CTDMOH049,ctdmo_practical_salinity,ctdmo_practical_salinity,0,42,L2,(unitless),GA03FLMA,RIM01,CTDMO
GA03FLMA-RIM01-02-CTDMOH049,ctdmo_seawater_density,ctdmo_seawater_density,1000,1100,L2,kg m-3,GA03FLMA,RIM01,CTDMO
GA03FLMA-RIM01-02-CTDMOH049,serial_number,serial_number,,,ENG,1,GA03FLMA,RIM01,CTDMO
GA03FLMA-RIM01-02-CTDMOH049,time,time,,,ENG,seconds since 1900-01-01,GA03FLMA,RIM01,CTDMO
GA03FLMA-RIM01-02-CTDMOH049,ingestion_timestamp,ingestion_timestamp,,,ENG,seconds since 1900-01-01,GA03FLMA,RIM01,CTDMO
GA03FLMA-RIM01-02-CTDMOH050,driver_timestamp,driver_timestamp,,,ENG,seconds since 1900-01-01,GA03FLMA,RIM01,CTDMO
GA03FLMA-RIM01-02-CTDMOH050,internal_timestamp,internal_timestamp,,,ENG,seconds since 1900-01-01,GA03FLMA,RIM01,CTDMO
GA03FLMA-RIM01-02-CTDMOH050,inductive_id,inductive_id,,,ENG,1,GA03FLMA,RIM01,CTDMO
GA03FLMA-RIM01-02-CTDMOH050,preferred_timestamp,preferred_timestamp,,,ENG,1,GA03FLMA,RIM01,CTDMO
GA03FLMA-RIM01-02-CTDMOH050,temperature,temperature,,,L0,counts,GA03FLMA,RIM01,CTDMO
GA03FLMA-RIM01-02-CTDMOH050,conductivity,conductivity,,,L0,counts,GA03FLMA,RIM01,CTDMO
GA03FLMA-RIM01-02-CTDMOH050,pressure,pressure,,,L0,counts,GA03FLMA,RIM01,CTDMO
GA03FLMA-RIM01-02-CTDMOH050,pressure_temp,pressure_temp,,,L0,counts,GA03FLMA,RIM01,CTDMO
GA03FLMA-RIM01-02-CTDMOH050,ctd_time,ctd_time,,,ENG,seconds since 2000-01-01,GA03FLMA,RIM01,CTDMO
GA03FLMA-RIM01-02-CTDMOH050,sio_controller_timestamp,sio_controller_timestamp,,,ENG,seconds since 1970-01-01,GA03FLMA,RIM01,CTDMO
GA03FLMA-RIM01-02-CTDMOH050,ctd_time_offset,ctd_time_offset,,,,s,GA03FLMA,RIM01,CTDMO
GA03FLMA-RIM01-02-CTDMOH050,ctdmo_seawater_pressure,ctdmo_seawater_pressure,0,6000,L1,dbar,GA03FLMA,RIM01,CTDMO
GA03FLMA-RIM01-02-CTDMOH050,ctdmo_seawater_temperature,ctdmo_seawater_temperature,-2,40,L1,deg_C,GA03FLMA,RIM01,CTDMO
GA03FLMA-RIM01-02-CTDMOH050,ctdmo_seawater_conductivity,ctdmo_seawater_conductivity,0,6,L1,S m-1,GA03FLMA,RIM01,CTDMO
GA03FLMA-RIM01-02-CTDMOH050,ctdmo_practical_salinity,ctdmo_practical_salinity,0,42,L2,(unitless),GA03FLMA,RIM01,CTDMO
GA03FLMA-RIM01-02-CTDMOH050,ctdmo_seawater_density,ctdmo_seawater_density,1000,1100,L2,kg m-3,GA03FLMA,RIM01,CTDMO
GA03FLMA-RIM01-02-CTDMOH050,serial_number,serial_number,,,ENG,1,GA03FLMA,RIM01,CTDMO
GA03FLMA-RIM01-02-CTDMOH050,time,time,,,ENG,seconds since 1900-01-01,GA03FLMA,RIM01,CTDMO
GA03FLMA-RIM01-02-CTDMOH050,ingestion_timestamp,ingestion_timestamp,,,ENG,seconds since 1900-01-01,GA03FLMA,RIM01,CTDMO
GA03FLMA-RIM01-02-CTDMOH051,driver_timestamp,driver_timestamp,,,ENG,seconds since 1900-01-01,GA03FLMA,RIM01,CTDMO
GA03FLMA-RIM01-02-CTDMOH051,internal_timestamp,internal_timestamp,,,ENG,seconds since 1900-01-01,GA03FLMA,RIM01,CTDMO
GA03FLMA-RIM01-02-CTDMOH051,inductive_id,inductive_id,,,ENG,1,GA03FLMA,RIM01,CTDMO
GA03FLMA-RIM01-02-CTDMOH051,preferred_timestamp,preferred_timestamp,,,ENG,1,GA03FLMA,RIM01,CTDMO
GA03FLMA-RIM01-02-CTDMOH051,temperature,temperature,,,L0,counts,GA03FLMA,RIM01,CTDMO
GA03FLMA-RIM01-02-CTDMOH051,conductivity,conductivity,,,L0,counts,GA03FLMA,RIM01,CTDMO
GA03FLMA-RIM01-02-CTDMOH051,pressure,pressure,,,L0,counts,GA03FLMA,RIM01,CTDMO
GA03FLMA-RIM01-02-CTDMOH051,pressure_temp,pressure_temp,,,L0,counts,GA03FLMA,RIM01,CTDMO
GA03FLMA-RIM01-02-CTDMOH051,ctd_time,ctd_time,,,ENG,seconds since 2000-01-01,GA03FLMA,RIM01,CTDMO
GA03FLMA-RIM01-02-CTDMOH051,sio_controller_timestamp,sio_controller_timestamp,,,ENG,seconds since 1970-01-01,GA03FLMA,RIM01,CTDMO
GA03FLMA-RIM01-02-CTDMOH051,ctd_time_offset,ctd_time_offset,,,,s,GA03FLMA,RIM01,CTDMO
GA03FLMA-RIM01-02-CTDMOH051,ctdmo_seawater_pressure,ctdmo_seawater_pressure,0,6000,L1,dbar,GA03FLMA,RIM01,CTDMO
GA03FLMA-RIM01-02-CTDMOH051,ctdmo_seawater_temperature,ctdmo_seawater_temperature,-2,40,L1,deg_C,GA03FLMA,RIM01,CTDMO
GA03FLMA-RIM01-02-CTDMOH051,ctdmo_seawater_conductivity,ctdmo_seawater_conductivity,0,6,L1,S m-1,GA03FLMA,RIM01,CTDMO
GA03FLMA-RIM01-02-CTDMOH051,ctdmo_practical_salinity,ctdmo_practical_salinity,0,42,L2,(unitless),GA03FLMA,RIM01,CTDMO
GA03FLMA-RIM01-02-CTDMOH051,ctdmo_seawater_density,ctdmo_seawater_density,1000,1100,L2,kg m-3,GA03FLMA,RIM01,CTDMO
GA03FLMA-RIM01-02-CTDMOH051,serial_number,serial_number,,,ENG,1,GA03FLMA,RIM01,CTDMO
GA03FLMA-RIM01-02-CTDMOH051,time,time,,,ENG,seconds since 1900-01-01,GA03FLMA,RIM01,CTDMO
GA03FLMA-RIM01-02-CTDMOH051,ingestion_timestamp,ingestion_timestamp,,,ENG,seconds since 1900-01-01,GA03FLMA,RIM01,CTDMO
GA03FLMA-RIS01-03-DOSTAD000,product_number,product_number,,,,1,GA03FLMA,RIS01,DOSTA
GA03FLMA-RIS01-03-DOSTAD000,driver_timestamp,driver_timestamp,,,ENG,seconds since 1900-01-01,GA03FLMA,RIS01,DOSTA
GA03FLMA-RIS01-03-DOSTAD000,internal_timestamp,internal_timestamp,,,ENG,seconds since 1900-01-01,GA03FLMA,RIS01,DOSTA
GA03FLMA-RIS01-03-DOSTAD000,preferred_timestamp,preferred_timestamp,,,ENG,1,GA03FLMA,RIS01,DOSTA
GA03FLMA-RIS01-03-DOSTAD000,sio_controller_timestamp,sio_controller_timestamp,,,ENG,seconds since 1970-01-01,GA03FLMA,RIS01,DOSTA
GA03FLMA-RIS01-03-DOSTAD000,dosta_abcdjm_cspp_tc_oxygen,dosta_abcdjm_cspp_tc_oxygen,0,400,L1,umol L-1,GA03FLMA,RIS01,DOSTA
GA03FLMA-RIS01-03-DOSTAD000,serial_number,serial_number,,,ENG,1,GA03FLMA,RIS01,DOSTA
GA03FLMA-RIS01-03-DOSTAD000,dosta_abcdjm_sio_abs_oxygen,dosta_abcdjm_sio_abs_oxygen,0,400,L2,umol kg-1,GA03FLMA,RIS01,DOSTA
GA03FLMA-RIS01-03-DOSTAD000,time,time,,,ENG,seconds since 1900-01-01,GA03FLMA,RIS01,DOSTA
GA03FLMA-RIS01-03-DOSTAD000,ingestion_timestamp,ingestion_timestamp,,,ENG,seconds since 1900-01-01,GA03FLMA,RIS01,DOSTA
GA03FLMA-RIS01-03-DOSTAD000,estimated_oxygen_concentration,estimated_oxygen_concentration,0,400,L1,umol L-1,GA03FLMA,RIS01,DOSTA
GA03FLMA-RIS01-03-DOSTAD000,estimated_oxygen_saturation,estimated_oxygen_saturation,0,110,L1,percent,GA03FLMA,RIS01,DOSTA
GA03FLMA-RIS01-03-DOSTAD000,optode_temperature,optode_temperature,-2,40,,deg_C,GA03FLMA,RIS01,DOSTA
GA03FLMA-RIS01-03-DOSTAD000,calibrated_phase,calibrated_phase,,,L0,degrees,GA03FLMA,RIS01,DOSTA
GA03FLMA-RIS01-03-DOSTAD000,temp_compensated_phase,temp_compensated_phase,,,,degrees,GA03FLMA,RIS01,DOSTA
GA03FLMA-RIS01-03-DOSTAD000,blue_phase,blue_phase,,,,degrees,GA03FLMA,RIS01,DOSTA
GA03FLMA-RIS01-03-DOSTAD000,red_phase,red_phase,,,,degrees,GA03FLMA,RIS01,DOSTA
GA03FLMA-RIS01-03-DOSTAD000,blue_amplitude,blue_amplitude,,,,mV,GA03FLMA,RIS01,DOSTA
GA03FLMA-RIS01-03-DOSTAD000,red_amplitude,red_amplitude,,,,mV,GA03FLMA,RIS01,DOSTA
GA03FLMA-RIS01-03-DOSTAD000,raw_temperature,raw_temperature,,,,mV,GA03FLMA,RIS01,DOSTA
GA03FLMA-RIS01-04-PHSENF000,driver_timestamp,driver_timestamp,,,ENG,seconds since 1900-01-01,GA03FLMA,RIS01,PHSEN
GA03FLMA-RIS01-04-PHSENF000,external_device2_fault,external_device2_fault,,,,1,GA03FLMA,RIS01,PHSEN
GA03FLMA-RIS01-04-PHSENF000,external_device3_fault,external_device3_fault,,,,1,GA03FLMA,RIS01,PHSEN
GA03FLMA-RIS01-04-PHSENF000,num_data_records,num_data_records,,,,1,GA03FLMA,RIS01,PHSEN
GA03FLMA-RIS01-04-PHSENF000,num_error_records,num_error_records,,,,1,GA03FLMA,RIS01,PHSEN
GA03FLMA-RIS01-04-PHSENF000,num_bytes_stored,num_bytes_stored,,,,bytes,GA03FLMA,RIS01,PHSEN
GA03FLMA-RIS01-04-PHSENF000,internal_timestamp,internal_timestamp,,,ENG,seconds since 1900-01-01,GA03FLMA,RIS01,PHSEN
GA03FLMA-RIS01-04-PHSENF000,preferred_timestamp,preferred_timestamp,,,ENG,1,GA03FLMA,RIS01,PHSEN
GA03FLMA-RIS01-04-PHSENF000,sio_controller_timestamp,sio_controller_timestamp,,,ENG,seconds since 1970-01-01,GA03FLMA,RIS01,PHSEN
GA03FLMA-RIS01-04-PHSENF000,passed_checksum,passed_checksum,,,ENG,1,GA03FLMA,RIS01,PHSEN
GA03FLMA-RIS01-04-PHSENF000,phsen_abcdef_ph_seawater,phsen_abcdef_ph_seawater,7.3,8.5,L1,(unitless),GA03FLMA,RIS01,PHSEN
GA03FLMA-RIS01-04-PHSENF000,battery_low_blank,battery_low_blank,,,,1,GA03FLMA,RIS01,PHSEN
GA03FLMA-RIS01-04-PHSENF000,unique_id,unique_id,,,,1,GA03FLMA,RIS01,PHSEN
GA03FLMA-RIS01-04-PHSENF000,record_type,record_type,,,,1,GA03FLMA,RIS01,PHSEN
GA03FLMA-RIS01-04-PHSENF000,record_time,record_time,,,,seconds since 1904-01-01,GA03FLMA,RIS01,PHSEN
GA03FLMA-RIS01-04-PHSENF000,light_measurements,light_measurements,,,,counts,GA03FLMA,RIS01,PHSEN
GA03FLMA-RIS01-04-PHSENF000,voltage_battery,voltage_battery,,,,counts,GA03FLMA,RIS01,PHSEN
GA03FLMA-RIS01-04-PHSENF000,clock_active,clock_active,,,,1,GA03FLMA,RIS01,PHSEN
GA03FLMA-RIS01-04-PHSENF000,recording_active,recording_active,,,,1,GA03FLMA,RIS01,PHSEN
GA03FLMA-RIS01-04-PHSENF000,record_end_on_time,record_end_on_time,,,,1,GA03FLMA,RIS01,PHSEN
GA03FLMA-RIS01-04-PHSENF000,record_memory_full,record_memory_full,,,,1,GA03FLMA,RIS01,PHSEN
GA03FLMA-RIS01-04-PHSENF000,phsen_abcdef_signal_intensity_434,phsen_abcdef_signal_intensity_434,,,L0,counts,GA03FLMA,RIS01,PHSEN
GA03FLMA-RIS01-04-PHSENF000,phsen_abcdef_signal_intensity_578,phsen_abcdef_signal_intensity_578,,,L0,counts,GA03FLMA,RIS01,PHSEN
GA03FLMA-RIS01-04-PHSENF000,record_end_on_error,record_end_on_error,,,,1,GA03FLMA,RIS01,PHSEN
GA03FLMA-RIS01-04-PHSENF000,data_download_ok,data_download_ok,,,,1,GA03FLMA,RIS01,PHSEN
GA03FLMA-RIS01-04-PHSENF000,flash_memory_open,flash_memory_open,,,,1,GA03FLMA,RIS01,PHSEN
GA03FLMA-RIS01-04-PHSENF000,battery_low_prestart,battery_low_prestart,,,,1,GA03FLMA,RIS01,PHSEN
GA03FLMA-RIS01-04-PHSENF000,battery_low_measurement,battery_low_measurement,,,,1,GA03FLMA,RIS01,PHSEN
GA03FLMA-RIS01-04-PHSENF000,battery_low_external,battery_low_external,,,,1,GA03FLMA,RIS01,PHSEN
GA03FLMA-RIS01-04-PHSENF000,external_device1_fault,external_device1_fault,,,,1,GA03FLMA,RIS01,PHSEN
GA03FLMA-RIS01-04-PHSENF000,flash_erased,flash_erased,,,,1,GA03FLMA,RIS01,PHSEN
GA03FLMA-RIS01-04-PHSENF000,power_on_invalid,power_on_invalid,,,,1,GA03FLMA,RIS01,PHSEN
GA03FLMA-RIS01-04-PHSENF000,time,time,,,ENG,seconds since 1900-01-01,GA03FLMA,RIS01,PHSEN
GA03FLMA-RIS01-04-PHSENF000,ingestion_timestamp,ingestion_timestamp,,,ENG,seconds since 1900-01-01,GA03FLMA,RIS01,PHSEN
GA03FLMA-RIS01-04-PHSENF000,thermistor_start,thermistor_start,,,,counts,GA03FLMA,RIS01,PHSEN
GA03FLMA-RIS01-04-PHSENF000,reference_light_measurements,reference_light_measurements,,,,counts,GA03FLMA,RIS01,PHSEN
GA03FLMA-RIS01-04-PHSENF000,thermistor_end,thermistor_end,,,,counts,GA03FLMA,RIS01,PHSEN
GA03FLMA-RIS01-04-PHSENF000,phsen_thermistor_temperature,phsen_thermistor_temperature,,,L0,V,GA03FLMA,RIS01,PHSEN
GA03FLMA-RIS01-05-FLORTD000,driver_timestamp,driver_timestamp,,,ENG,seconds since 1900-01-01,GA03FLMA,RIS01,FLORT
GA03FLMA-RIS01-05-FLORTD000,date_string,date_string,,,ENG,1,GA03FLMA,RIS01,FLORT
GA03FLMA-RIS01-05-FLORTD000,time_string,time_string,,,ENG,1,GA03FLMA,RIS01,FLORT
GA03FLMA-RIS01-05-FLORTD000,measurement_wavelength_beta,measurement_wavelength_beta,,,,nm,GA03FLMA,RIS01,FLORT
GA03FLMA-RIS01-05-FLORTD000,raw_signal_beta,raw_signal_beta,,,L0,counts,GA03FLMA,RIS01,FLORT
GA03FLMA-RIS01-05-FLORTD000,measurement_wavelength_chl,measurement_wavelength_chl,,,,nm,GA03FLMA,RIS01,FLORT
GA03FLMA-RIS01-05-FLORTD000,raw_signal_chl,raw_signal_chl,,,L0,counts,GA03FLMA,RIS01,FLORT
GA03FLMA-RIS01-05-FLORTD000,measurement_wavelength_cdom,measurement_wavelength_cdom,,,,nm,GA03FLMA,RIS01,FLORT
GA03FLMA-RIS01-05-FLORTD000,raw_signal_cdom,raw_signal_cdom,,,L0,counts,GA03FLMA,RIS01,FLORT
GA03FLMA-RIS01-05-FLORTD000,raw_internal_temp,raw_internal_temp,,,,counts,GA03FLMA,RIS01,FLORT
GA03FLMA-RIS01-05-FLORTD000,internal_timestamp,internal_timestamp,,,ENG,seconds since 1900-01-01,GA03FLMA,RIS01,FLORT
GA03FLMA-RIS01-05-FLORTD000,preferred_timestamp,preferred_timestamp,,,ENG,1,GA03FLMA,RIS01,FLORT
GA03FLMA-RIS01-05-FLORTD000,flort_k_total_volume_scattering_coefficient,flort_k_total_volume_scattering_coefficient,,,L1,m-1 sr-1,GA03FLMA,RIS01,FLORT
GA03FLMA-RIS01-05-FLORTD000,fluorometric_chlorophyll_a,fluorometric_chlorophyll_a,0,50,L1,ug L-1,GA03FLMA,RIS01,FLORT
GA03FLMA-RIS01-05-FLORTD000,fluorometric_cdom,fluorometric_cdom,0,375,L1,ppb,GA03FLMA,RIS01,FLORT
GA03FLMA-RIS01-05-FLORTD000,sio_controller_timestamp,sio_controller_timestamp,,,ENG,seconds since 1970-01-01,GA03FLMA,RIS01,FLORT
GA03FLMA-RIS01-05-FLORTD000,flort_dj_bback_total,flort_dj_bback_total,0.0003,1,L2,m-1,GA03FLMA,RIS01,FLORT
GA03FLMA-RIS01-05-FLORTD000,flort_dj_scat_seawater,flort_dj_scat_seawater,,,AUX,m-1,GA03FLMA,RIS01,FLORT
GA03FLMA-RIS01-05-FLORTD000,time,time,,,ENG,seconds since 1900-01-01,GA03FLMA,RIS01,FLORT
GA03FLMA-RIS01-05-FLORTD000,ingestion_timestamp,ingestion_timestamp,,,ENG,seconds since 1900-01-01,GA03FLMA,RIS01,FLORT
GA03FLMB-RIM01-02-ADCPSL007,driver_timestamp,driver_timestamp,,,ENG,seconds since 1900-01-01,GA03FLMB,RIM01,ADCPS
GA03FLMB-RIM01-02-ADCPSL007,ensemble_start_time_2,ensemble_start_time_2,,,,seconds since 1900-01-01,GA03FLMB,RIM01,ADCPS
GA03FLMB-RIM01-02-ADCPSL007,real_time_clock_2,real_time_clock_2,,,,1,GA03FLMB,RIM01,ADCPS
GA03FLMB-RIM01-02-ADCPSL007,internal_timestamp,internal_timestamp,,,ENG,seconds since 1900-01-01,GA03FLMB,RIM01,ADCPS
GA03FLMB-RIM01-02-ADCPSL007,ensemble_number,ensemble_number,,,,1,GA03FLMB,RIM01,ADCPS
GA03FLMB-RIM01-02-ADCPSL007,unit_id,unit_id,,,,1,GA03FLMB,RIM01,ADCPS
GA03FLMB-RIM01-02-ADCPSL007,preferred_timestamp,preferred_timestamp,,,ENG,1,GA03FLMB,RIM01,ADCPS
GA03FLMB-RIM01-02-ADCPSL007,adcps_jln_year,adcps_jln_year,,,,year,GA03FLMB,RIM01,ADCPS
GA03FLMB-RIM01-02-ADCPSL007,adcps_jln_month,adcps_jln_month,,,,month,GA03FLMB,RIM01,ADCPS
GA03FLMB-RIM01-02-ADCPSL007,adcps_jln_day,adcps_jln_day,,,,day,GA03FLMB,RIM01,ADCPS
GA03FLMB-RIM01-02-ADCPSL007,adcps_jln_hour,adcps_jln_hour,,,,hour,GA03FLMB,RIM01,ADCPS
GA03FLMB-RIM01-02-ADCPSL007,adcps_jln_minute,adcps_jln_minute,,,,minute,GA03FLMB,RIM01,ADCPS
GA03FLMB-RIM01-02-ADCPSL007,adcps_jln_second,adcps_jln_second,,,,sec,GA03FLMB,RIM01,ADCPS
GA03FLMB-RIM01-02-ADCPSL007,adcps_jln_hsec,adcps_jln_hsec,,,,csec,GA03FLMB,RIM01,ADCPS
GA03FLMB-RIM01-02-ADCPSL007,adcps_jln_heading,adcps_jln_heading,,,,cdegree,GA03FLMB,RIM01,ADCPS
GA03FLMB-RIM01-02-ADCPSL007,adcps_jln_pitch,adcps_jln_pitch,,,,cdegree,GA03FLMB,RIM01,ADCPS
GA03FLMB-RIM01-02-ADCPSL007,adcps_jln_roll,adcps_jln_roll,,,,cdegree,GA03FLMB,RIM01,ADCPS
GA03FLMB-RIM01-02-ADCPSL007,adcps_jln_temp,adcps_jln_temp,,,,cdeg_C,GA03FLMB,RIM01,ADCPS
GA03FLMB-RIM01-02-ADCPSL007,adcps_jln_pressure,adcps_jln_pressure,,,,daPa,GA03FLMB,RIM01,ADCPS
GA03FLMB-RIM01-02-ADCPSL007,adcps_jln_startbin,adcps_jln_startbin,,,,1,GA03FLMB,RIM01,ADCPS
GA03FLMB-RIM01-02-ADCPSL007,adcps_jln_bins,adcps_jln_bins,,,,1,GA03FLMB,RIM01,ADCPS
GA03FLMB-RIM01-02-ADCPSL007,sensor_available_speed,sensor_available_speed,,,,1,GA03FLMB,RIM01,ADCPS
GA03FLMB-RIM01-02-ADCPSL007,sysconfig_beam_angle,sysconfig_beam_angle,,,,1,GA03FLMB,RIM01,ADCPS
GA03FLMB-RIM01-02-ADCPSL007,sysconfig_beam_config,sysconfig_beam_config,,,,1,GA03FLMB,RIM01,ADCPS
GA03FLMB-RIM01-02-ADCPSL007,sio_controller_timestamp,sio_controller_timestamp,,,ENG,seconds since 1970-01-01,GA03FLMB,RIM01,ADCPS
GA03FLMB-RIM01-02-ADCPSL007,adcps_jln_upward_seawater_velocity2,adcps_jln_upward_seawater_velocity2,-1,1,L1,m s-1,GA03FLMB,RIM01,ADCPS
GA03FLMB-RIM01-02-ADCPSL007,adcps_jln_error_velocity2,adcps_jln_error_velocity2,-1,1,L1,m s-1,GA03FLMB,RIM01,ADCPS
GA03FLMB-RIM01-02-ADCPSL007,adcps_jln_echo_intensity_beam1,adcps_jln_echo_intensity_beam1,0,255,L1,dB,GA03FLMB,RIM01,ADCPS
GA03FLMB-RIM01-02-ADCPSL007,adcps_jln_echo_intensity_beam2,adcps_jln_echo_intensity_beam2,0,255,L1,dB,GA03FLMB,RIM01,ADCPS
GA03FLMB-RIM01-02-ADCPSL007,adcps_jln_echo_intensity_beam3,adcps_jln_echo_intensity_beam3,0,255,L1,dB,GA03FLMB,RIM01,ADCPS
GA03FLMB-RIM01-02-ADCPSL007,adcps_jln_echo_intensity_beam4,adcps_jln_echo_intensity_beam4,0,255,L1,dB,GA03FLMB,RIM01,ADCPS
GA03FLMB-RIM01-02-ADCPSL007,serial_number,serial_number,,,ENG,1,GA03FLMB,RIM01,ADCPS
GA03FLMB-RIM01-02-ADCPSL007,adcps_jln_eastward_earth_seawater_velocity,adcps_jln_eastward_earth_seawater_velocity,-3,3,L1,m s-1,GA03FLMB,RIM01,ADCPS
GA03FLMB-RIM01-02-ADCPSL007,adcps_jln_northward_earth_seawater_velocity,adcps_jln_northward_earth_seawater_velocity,-3,3,L1,m s-1,GA03FLMB,RIM01,ADCPS
GA03FLMB-RIM01-02-ADCPSL007,adcps_jln_recovered_eastward_seawater_velocity,adcps_jln_recovered_eastward_seawater_velocity,-3,3,L1,m s-1,GA03FLMB,RIM01,ADCPS
GA03FLMB-RIM01-02-ADCPSL007,adcps_jln_recovered_northward_seawater_velocity,adcps_jln_recovered_northward_seawater_velocity,-3,3,L1,m s-1,GA03FLMB,RIM01,ADCPS
GA03FLMB-RIM01-02-ADCPSL007,firmware_version,firmware_version,,,,1,GA03FLMB,RIM01,ADCPS
GA03FLMB-RIM01-02-ADCPSL007,firmware_revision,firmware_revision,,,,1,GA03FLMB,RIM01,ADCPS
GA03FLMB-RIM01-02-ADCPSL007,sysconfig_frequency,sysconfig_frequency,,,,kHz,GA03FLMB,RIM01,ADCPS
GA03FLMB-RIM01-02-ADCPSL007,sysconfig_beam_pattern,sysconfig_beam_pattern,,,,1,GA03FLMB,RIM01,ADCPS
GA03FLMB-RIM01-02-ADCPSL007,sysconfig_sensor_config,sysconfig_sensor_config,,,,1,GA03FLMB,RIM01,ADCPS
GA03FLMB-RIM01-02-ADCPSL007,sysconfig_head_attached,sysconfig_head_attached,,,,1,GA03FLMB,RIM01,ADCPS
GA03FLMB-RIM01-02-ADCPSL007,sysconfig_vertical_orientation,sysconfig_vertical_orientation,,,,1,GA03FLMB,RIM01,ADCPS
GA03FLMB-RIM01-02-ADCPSL007,data_flag,data_flag,,,,1,GA03FLMB,RIM01,ADCPS
GA03FLMB-RIM01-02-ADCPSL007,lag_length,lag_length,,,,s,GA03FLMB,RIM01,ADCPS
GA03FLMB-RIM01-02-ADCPSL007,num_beams,num_beams,,,,1,GA03FLMB,RIM01,ADCPS
GA03FLMB-RIM01-02-ADCPSL007,num_cells,num_cells,,,,1,GA03FLMB,RIM01,ADCPS
GA03FLMB-RIM01-02-ADCPSL007,pings_per_ensemble,pings_per_ensemble,,,,1,GA03FLMB,RIM01,ADCPS
GA03FLMB-RIM01-02-ADCPSL007,cell_length,cell_length,,,,cm,GA03FLMB,RIM01,ADCPS
GA03FLMB-RIM01-02-ADCPSL007,blank_after_transmit,blank_after_transmit,,,,cm,GA03FLMB,RIM01,ADCPS
GA03FLMB-RIM01-02-ADCPSL007,signal_processing_mode,signal_processing_mode,,,,1,GA03FLMB,RIM01,ADCPS
GA03FLMB-RIM01-02-ADCPSL007,low_corr_threshold,low_corr_threshold,,,,counts,GA03FLMB,RIM01,ADCPS
GA03FLMB-RIM01-02-ADCPSL007,num_code_repetitions,num_code_repetitions,,,,counts,GA03FLMB,RIM01,ADCPS
GA03FLMB-RIM01-02-ADCPSL007,percent_good_min,percent_good_min,,,,percent,GA03FLMB,RIM01,ADCPS
GA03FLMB-RIM01-02-ADCPSL007,error_vel_threshold,error_vel_threshold,,,,mm s-1,GA03FLMB,RIM01,ADCPS
GA03FLMB-RIM01-02-ADCPSL007,time_per_ping_minutes,time_per_ping_minutes,,,,min,GA03FLMB,RIM01,ADCPS
GA03FLMB-RIM01-02-ADCPSL007,time_per_ping_seconds,time_per_ping_seconds,,,,s,GA03FLMB,RIM01,ADCPS
GA03FLMB-RIM01-02-ADCPSL007,coord_transform_type,coord_transform_type,,,,1,GA03FLMB,RIM01,ADCPS
GA03FLMB-RIM01-02-ADCPSL007,coord_transform_tilts,coord_transform_tilts,,,,1,GA03FLMB,RIM01,ADCPS
GA03FLMB-RIM01-02-ADCPSL007,coord_transform_beams,coord_transform_beams,,,,1,GA03FLMB,RIM01,ADCPS
GA03FLMB-RIM01-02-ADCPSL007,coord_transform_mapping,coord_transform_mapping,,,,1,GA03FLMB,RIM01,ADCPS
GA03FLMB-RIM01-02-ADCPSL007,heading_alignment,heading_alignment,,,,cdegrees,GA03FLMB,RIM01,ADCPS
GA03FLMB-RIM01-02-ADCPSL007,heading_bias,heading_bias,,,,cdegrees,GA03FLMB,RIM01,ADCPS
GA03FLMB-RIM01-02-ADCPSL007,sensor_source_speed,sensor_source_speed,,,,1,GA03FLMB,RIM01,ADCPS
GA03FLMB-RIM01-02-ADCPSL007,sensor_source_depth,sensor_source_depth,,,,1,GA03FLMB,RIM01,ADCPS
GA03FLMB-RIM01-02-ADCPSL007,sensor_source_heading,sensor_source_heading,,,,1,GA03FLMB,RIM01,ADCPS
GA03FLMB-RIM01-02-ADCPSL007,sensor_source_pitch,sensor_source_pitch,,,,1,GA03FLMB,RIM01,ADCPS
GA03FLMB-RIM01-02-ADCPSL007,sensor_source_roll,sensor_source_roll,,,,1,GA03FLMB,RIM01,ADCPS
GA03FLMB-RIM01-02-ADCPSL007,sensor_source_conductivity,sensor_source_conductivity,,,,1,GA03FLMB,RIM01,ADCPS
GA03FLMB-RIM01-02-ADCPSL007,sensor_source_temperature,sensor_source_temperature,,,,1,GA03FLMB,RIM01,ADCPS
GA03FLMB-RIM01-02-ADCPSL007,sensor_available_depth,sensor_available_depth,,,,1,GA03FLMB,RIM01,ADCPS
GA03FLMB-RIM01-02-ADCPSL007,sensor_available_heading,sensor_available_heading,,,,1,GA03FLMB,RIM01,ADCPS
GA03FLMB-RIM01-02-ADCPSL007,sensor_available_pitch,sensor_available_pitch,,,,1,GA03FLMB,RIM01,ADCPS
GA03FLMB-RIM01-02-ADCPSL007,sensor_available_roll,sensor_available_roll,,,,1,GA03FLMB,RIM01,ADCPS
GA03FLMB-RIM01-02-ADCPSL007,sensor_available_conductivity,sensor_available_conductivity,,,,1,GA03FLMB,RIM01,ADCPS
GA03FLMB-RIM01-02-ADCPSL007,sensor_available_temperature,sensor_available_temperature,,,,1,GA03FLMB,RIM01,ADCPS
GA03FLMB-RIM01-02-ADCPSL007,bin_1_distance,bin_1_distance,,,,cm,GA03FLMB,RIM01,ADCPS
GA03FLMB-RIM01-02-ADCPSL007,transmit_pulse_length,transmit_pulse_length,,,,cm,GA03FLMB,RIM01,ADCPS
GA03FLMB-RIM01-02-ADCPSL007,reference_layer_start,reference_layer_start,,,,1,GA03FLMB,RIM01,ADCPS
GA03FLMB-RIM01-02-ADCPSL007,reference_layer_stop,reference_layer_stop,,,,1,GA03FLMB,RIM01,ADCPS
GA03FLMB-RIM01-02-ADCPSL007,false_target_threshold,false_target_threshold,,,,counts,GA03FLMB,RIM01,ADCPS
GA03FLMB-RIM01-02-ADCPSL007,low_latency_trigger,low_latency_trigger,,,,1,GA03FLMB,RIM01,ADCPS
GA03FLMB-RIM01-02-ADCPSL007,transmit_lag_distance,transmit_lag_distance,,,,cm,GA03FLMB,RIM01,ADCPS
GA03FLMB-RIM01-02-ADCPSL007,cpu_board_serial_number,cpu_board_serial_number,,,,1,GA03FLMB,RIM01,ADCPS
GA03FLMB-RIM01-02-ADCPSL007,system_bandwidth,system_bandwidth,,,,1,GA03FLMB,RIM01,ADCPS
GA03FLMB-RIM01-02-ADCPSL007,system_power,system_power,,,,1,GA03FLMB,RIM01,ADCPS
GA03FLMB-RIM01-02-ADCPSL007,beam_angle,beam_angle,,,,degrees,GA03FLMB,RIM01,ADCPS
GA03FLMB-RIM01-02-ADCPSL007,ensemble_number,ensemble_number,,,,1,GA03FLMB,RIM01,ADCPS
GA03FLMB-RIM01-02-ADCPSL007,ensemble_number_increment,ensemble_number_increment,,,,1,GA03FLMB,RIM01,ADCPS
GA03FLMB-RIM01-02-ADCPSL007,bit_result_demod_1,bit_result_demod_1,,,,1,GA03FLMB,RIM01,ADCPS
GA03FLMB-RIM01-02-ADCPSL007,bit_result_demod_0,bit_result_demod_0,,,,1,GA03FLMB,RIM01,ADCPS
GA03FLMB-RIM01-02-ADCPSL007,bit_result_timing,bit_result_timing,,,,1,GA03FLMB,RIM01,ADCPS
GA03FLMB-RIM01-02-ADCPSL007,speed_of_sound,speed_of_sound,,,,m s-1,GA03FLMB,RIM01,ADCPS
GA03FLMB-RIM01-02-ADCPSL007,transducer_depth,transducer_depth,,,,dm,GA03FLMB,RIM01,ADCPS
GA03FLMB-RIM01-02-ADCPSL007,heading,heading,,,,cdegrees,GA03FLMB,RIM01,ADCPS
GA03FLMB-RIM01-02-ADCPSL007,pitch,pitch,,,,cdegrees,GA03FLMB,RIM01,ADCPS
GA03FLMB-RIM01-02-ADCPSL007,roll,roll,,,,cdegrees,GA03FLMB,RIM01,ADCPS
GA03FLMB-RIM01-02-ADCPSL007,salinity,salinity,,,,1,GA03FLMB,RIM01,ADCPS
GA03FLMB-RIM01-02-ADCPSL007,temperature,temperature,,,,cdeg_C,GA03FLMB,RIM01,ADCPS
GA03FLMB-RIM01-02-ADCPSL007,mpt_minutes,mpt_minutes,,,,min,GA03FLMB,RIM01,ADCPS
GA03FLMB-RIM01-02-ADCPSL007,mpt_seconds,mpt_seconds,,,,s,GA03FLMB,RIM01,ADCPS
GA03FLMB-RIM01-02-ADCPSL007,heading_stdev,heading_stdev,,,,degrees,GA03FLMB,RIM01,ADCPS
GA03FLMB-RIM01-02-ADCPSL007,pitch_stdev,pitch_stdev,,,,ddegrees,GA03FLMB,RIM01,ADCPS
GA03FLMB-RIM01-02-ADCPSL007,roll_stdev,roll_stdev,,,,ddegrees,GA03FLMB,RIM01,ADCPS
GA03FLMB-RIM01-02-ADCPSL007,adc_transmit_current,adc_transmit_current,,,,counts,GA03FLMB,RIM01,ADCPS
GA03FLMB-RIM01-02-ADCPSL007,adc_transmit_voltage,adc_transmit_voltage,,,,counts,GA03FLMB,RIM01,ADCPS
GA03FLMB-RIM01-02-ADCPSL007,adc_ambient_temp,adc_ambient_temp,,,,counts,GA03FLMB,RIM01,ADCPS
GA03FLMB-RIM01-02-ADCPSL007,adc_pressure_plus,adc_pressure_plus,,,,counts,GA03FLMB,RIM01,ADCPS
GA03FLMB-RIM01-02-ADCPSL007,adc_pressure_minus,adc_pressure_minus,,,,counts,GA03FLMB,RIM01,ADCPS
GA03FLMB-RIM01-02-ADCPSL007,adc_attitude_temp,adc_attitude_temp,,,,counts,GA03FLMB,RIM01,ADCPS
GA03FLMB-RIM01-02-ADCPSL007,adc_attitude,adc_attitude,,,,counts,GA03FLMB,RIM01,ADCPS
GA03FLMB-RIM01-02-ADCPSL007,adc_contamination_sensor,adc_contamination_sensor,,,,counts,GA03FLMB,RIM01,ADCPS
GA03FLMB-RIM01-02-ADCPSL007,bus_error_exception,bus_error_exception,,,,1,GA03FLMB,RIM01,ADCPS
GA03FLMB-RIM01-02-ADCPSL007,address_error_exception,address_error_exception,,,,1,GA03FLMB,RIM01,ADCPS
GA03FLMB-RIM01-02-ADCPSL007,illegal_instruction_exception,illegal_instruction_exception,,,,1,GA03FLMB,RIM01,ADCPS
GA03FLMB-RIM01-02-ADCPSL007,zero_divide_instruction,zero_divide_instruction,,,,1,GA03FLMB,RIM01,ADCPS
GA03FLMB-RIM01-02-ADCPSL007,emulator_exception,emulator_exception,,,,1,GA03FLMB,RIM01,ADCPS
GA03FLMB-RIM01-02-ADCPSL007,unassigned_exception,unassigned_exception,,,,1,GA03FLMB,RIM01,ADCPS
GA03FLMB-RIM01-02-ADCPSL007,watchdog_restart_occurred,watchdog_restart_occurred,,,,1,GA03FLMB,RIM01,ADCPS
GA03FLMB-RIM01-02-ADCPSL007,battery_saver_power,battery_saver_power,,,,1,GA03FLMB,RIM01,ADCPS
GA03FLMB-RIM01-02-ADCPSL007,pinging,pinging,,,,1,GA03FLMB,RIM01,ADCPS
GA03FLMB-RIM01-02-ADCPSL007,cold_wakeup_occurred,cold_wakeup_occurred,,,,1,GA03FLMB,RIM01,ADCPS
GA03FLMB-RIM01-02-ADCPSL007,time,time,,,ENG,seconds since 1900-01-01,GA03FLMB,RIM01,ADCPS
GA03FLMB-RIM01-02-ADCPSL007,unknown_wakeup_occurred,unknown_wakeup_occurred,,,,1,GA03FLMB,RIM01,ADCPS
GA03FLMB-RIM01-02-ADCPSL007,clock_read_error,clock_read_error,,,,1,GA03FLMB,RIM01,ADCPS
GA03FLMB-RIM01-02-ADCPSL007,unexpected_alarm,unexpected_alarm,,,,1,GA03FLMB,RIM01,ADCPS
GA03FLMB-RIM01-02-ADCPSL007,clock_jump_forward,clock_jump_forward,,,,1,GA03FLMB,RIM01,ADCPS
GA03FLMB-RIM01-02-ADCPSL007,clock_jump_backward,clock_jump_backward,,,,1,GA03FLMB,RIM01,ADCPS
GA03FLMB-RIM01-02-ADCPSL007,power_fail,power_fail,,,,1,GA03FLMB,RIM01,ADCPS
GA03FLMB-RIM01-02-ADCPSL007,spurious_dsp_interrupt,spurious_dsp_interrupt,,,,1,GA03FLMB,RIM01,ADCPS
GA03FLMB-RIM01-02-ADCPSL007,spurious_uart_interrupt,spurious_uart_interrupt,,,,1,GA03FLMB,RIM01,ADCPS
GA03FLMB-RIM01-02-ADCPSL007,spurious_clock_interrupt,spurious_clock_interrupt,,,,1,GA03FLMB,RIM01,ADCPS
GA03FLMB-RIM01-02-ADCPSL007,level_7_interrupt,level_7_interrupt,,,,1,GA03FLMB,RIM01,ADCPS
GA03FLMB-RIM01-02-ADCPSL007,pressure,pressure,,,,daPa,GA03FLMB,RIM01,ADCPS
GA03FLMB-RIM01-02-ADCPSL007,pressure_variance,pressure_variance,,,,daPa,GA03FLMB,RIM01,ADCPS
GA03FLMB-RIM01-02-ADCPSL007,water_velocity_east,water_velocity_east,,,L0,mm s-1,GA03FLMB,RIM01,ADCPS
GA03FLMB-RIM01-02-ADCPSL007,water_velocity_north,water_velocity_north,,,L0,mm s-1,GA03FLMB,RIM01,ADCPS
GA03FLMB-RIM01-02-ADCPSL007,water_velocity_up,water_velocity_up,,,L0,mm s-1,GA03FLMB,RIM01,ADCPS
GA03FLMB-RIM01-02-ADCPSL007,error_velocity,error_velocity,,,L0,mm s-1,GA03FLMB,RIM01,ADCPS
GA03FLMB-RIM01-02-ADCPSL007,correlation_magnitude_beam1,correlation_magnitude_beam1,,,,1,GA03FLMB,RIM01,ADCPS
GA03FLMB-RIM01-02-ADCPSL007,correlation_magnitude_beam2,correlation_magnitude_beam2,,,,1,GA03FLMB,RIM01,ADCPS
GA03FLMB-RIM01-02-ADCPSL007,correlation_magnitude_beam3,correlation_magnitude_beam3,,,,1,GA03FLMB,RIM01,ADCPS
GA03FLMB-RIM01-02-ADCPSL007,correlation_magnitude_beam4,correlation_magnitude_beam4,,,,1,GA03FLMB,RIM01,ADCPS
GA03FLMB-RIM01-02-ADCPSL007,echo_intensity_beam1,echo_intensity_beam1,,,L0,counts,GA03FLMB,RIM01,ADCPS
GA03FLMB-RIM01-02-ADCPSL007,echo_intensity_beam2,echo_intensity_beam2,,,L0,counts,GA03FLMB,RIM01,ADCPS
GA03FLMB-RIM01-02-ADCPSL007,echo_intensity_beam3,echo_intensity_beam3,,,L0,counts,GA03FLMB,RIM01,ADCPS
GA03FLMB-RIM01-02-ADCPSL007,echo_intensity_beam4,echo_intensity_beam4,,,L0,counts,GA03FLMB,RIM01,ADCPS
GA03FLMB-RIM01-02-ADCPSL007,percent_good_3beam,percent_good_3beam,,,,percent,GA03FLMB,RIM01,ADCPS
GA03FLMB-RIM01-02-ADCPSL007,percent_transforms_reject,percent_transforms_reject,,,,percent,GA03FLMB,RIM01,ADCPS
GA03FLMB-RIM01-02-ADCPSL007,percent_bad_beams,percent_bad_beams,,,,percent,GA03FLMB,RIM01,ADCPS
GA03FLMB-RIM01-02-ADCPSL007,percent_good_4beam,percent_good_4beam,,,,percent,GA03FLMB,RIM01,ADCPS
GA03FLMB-RIM01-02-ADCPSL007,ensemble_start_time,ensemble_start_time,,,,seconds since 1900-01-01,GA03FLMB,RIM01,ADCPS
GA03FLMB-RIM01-02-ADCPSL007,velocity_po_error_flag,velocity_po_error_flag,,,,1,GA03FLMB,RIM01,ADCPS
GA03FLMB-RIM01-02-ADCPSL007,velocity_po_up_flag,velocity_po_up_flag,,,,1,GA03FLMB,RIM01,ADCPS
GA03FLMB-RIM01-02-ADCPSL007,velocity_po_north_flag,velocity_po_north_flag,,,,1,GA03FLMB,RIM01,ADCPS
GA03FLMB-RIM01-02-ADCPSL007,velocity_po_east_flag,velocity_po_east_flag,,,,1,GA03FLMB,RIM01,ADCPS
GA03FLMB-RIM01-02-ADCPSL007,subsampling_parameter,subsampling_parameter,,,,1,GA03FLMB,RIM01,ADCPS
GA03FLMB-RIM01-02-ADCPSL007,ingestion_timestamp,ingestion_timestamp,,,ENG,seconds since 1900-01-01,GA03FLMB,RIM01,ADCPS
GA03FLMB-RIM01-02-ADCPSL007,real_time_clock,real_time_clock,,,,1,GA03FLMB,RIM01,ADCPS
GA03FLMB-RIM01-02-ADCPSL007,upward_earth_seawater_velocity,upward_earth_seawater_velocity,-1,1,L1,m s-1,GA03FLMB,RIM01,ADCPS
GA03FLMB-RIM01-02-ADCPSL007,earth_error_velocity,earth_error_velocity,-1,1,L1,m s-1,GA03FLMB,RIM01,ADCPS
GA03FLMB-RIM01-02-ADCPSL007,bin_depths,bin_depths,,,,m,GA03FLMB,RIM01,ADCPS
GA03FLMB-RIM01-02-CTDMOG060,driver_timestamp,driver_timestamp,,,ENG,seconds since 1900-01-01,GA03FLMB,RIM01,CTDMO
GA03FLMB-RIM01-02-CTDMOG060,internal_timestamp,internal_timestamp,,,ENG,seconds since 1900-01-01,GA03FLMB,RIM01,CTDMO
GA03FLMB-RIM01-02-CTDMOG060,inductive_id,inductive_id,,,ENG,1,GA03FLMB,RIM01,CTDMO
GA03FLMB-RIM01-02-CTDMOG060,preferred_timestamp,preferred_timestamp,,,ENG,1,GA03FLMB,RIM01,CTDMO
GA03FLMB-RIM01-02-CTDMOG060,temperature,temperature,,,L0,counts,GA03FLMB,RIM01,CTDMO
GA03FLMB-RIM01-02-CTDMOG060,conductivity,conductivity,,,L0,counts,GA03FLMB,RIM01,CTDMO
GA03FLMB-RIM01-02-CTDMOG060,pressure,pressure,,,L0,counts,GA03FLMB,RIM01,CTDMO
GA03FLMB-RIM01-02-CTDMOG060,pressure_temp,pressure_temp,,,L0,counts,GA03FLMB,RIM01,CTDMO
GA03FLMB-RIM01-02-CTDMOG060,ctd_time,ctd_time,,,ENG,seconds since 2000-01-01,GA03FLMB,RIM01,CTDMO
GA03FLMB-RIM01-02-CTDMOG060,sio_controller_timestamp,sio_controller_timestamp,,,ENG,seconds since 1970-01-01,GA03FLMB,RIM01,CTDMO
GA03FLMB-RIM01-02-CTDMOG060,ctd_time_offset,ctd_time_offset,,,,s,GA03FLMB,RIM01,CTDMO
GA03FLMB-RIM01-02-CTDMOG060,ctdmo_seawater_pressure,ctdmo_seawater_pressure,0,6000,L1,dbar,GA03FLMB,RIM01,CTDMO
GA03FLMB-RIM01-02-CTDMOG060,ctdmo_seawater_temperature,ctdmo_seawater_temperature,-2,40,L1,deg_C,GA03FLMB,RIM01,CTDMO
GA03FLMB-RIM01-02-CTDMOG060,ctdmo_seawater_conductivity,ctdmo_seawater_conductivity,0,6,L1,S m-1,GA03FLMB,RIM01,CTDMO
GA03FLMB-RIM01-02-CTDMOG060,ctdmo_practical_salinity,ctdmo_practical_salinity,0,42,L2,(unitless),GA03FLMB,RIM01,CTDMO
GA03FLMB-RIM01-02-CTDMOG060,ctdmo_seawater_density,ctdmo_seawater_density,1000,1100,L2,kg m-3,GA03FLMB,RIM01,CTDMO
GA03FLMB-RIM01-02-CTDMOG060,serial_number,serial_number,,,ENG,1,GA03FLMB,RIM01,CTDMO
GA03FLMB-RIM01-02-CTDMOG060,time,time,,,ENG,seconds since 1900-01-01,GA03FLMB,RIM01,CTDMO
GA03FLMB-RIM01-02-CTDMOG060,ingestion_timestamp,ingestion_timestamp,,,ENG,seconds since 1900-01-01,GA03FLMB,RIM01,CTDMO
GA03FLMB-RIM01-02-CTDMOG061,driver_timestamp,driver_timestamp,,,ENG,seconds since 1900-01-01,GA03FLMB,RIM01,CTDMO
GA03FLMB-RIM01-02-CTDMOG061,internal_timestamp,internal_timestamp,,,ENG,seconds since 1900-01-01,GA03FLMB,RIM01,CTDMO
GA03FLMB-RIM01-02-CTDMOG061,inductive_id,inductive_id,,,ENG,1,GA03FLMB,RIM01,CTDMO
GA03FLMB-RIM01-02-CTDMOG061,preferred_timestamp,preferred_timestamp,,,ENG,1,GA03FLMB,RIM01,CTDMO
GA03FLMB-RIM01-02-CTDMOG061,temperature,temperature,,,L0,counts,GA03FLMB,RIM01,CTDMO
GA03FLMB-RIM01-02-CTDMOG061,conductivity,conductivity,,,L0,counts,GA03FLMB,RIM01,CTDMO
GA03FLMB-RIM01-02-CTDMOG061,pressure,pressure,,,L0,counts,GA03FLMB,RIM01,CTDMO
GA03FLMB-RIM01-02-CTDMOG061,pressure_temp,pressure_temp,,,L0,counts,GA03FLMB,RIM01,CTDMO
GA03FLMB-RIM01-02-CTDMOG061,ctd_time,ctd_time,,,ENG,seconds since 2000-01-01,GA03FLMB,RIM01,CTDMO
GA03FLMB-RIM01-02-CTDMOG061,sio_controller_timestamp,sio_controller_timestamp,,,ENG,seconds since 1970-01-01,GA03FLMB,RIM01,CTDMO
GA03FLMB-RIM01-02-CTDMOG061,ctd_time_offset,ctd_time_offset,,,,s,GA03FLMB,RIM01,CTDMO
GA03FLMB-RIM01-02-CTDMOG061,ctdmo_seawater_pressure,ctdmo_seawater_pressure,0,6000,L1,dbar,GA03FLMB,RIM01,CTDMO
GA03FLMB-RIM01-02-CTDMOG061,ctdmo_seawater_temperature,ctdmo_seawater_temperature,-2,40,L1,deg_C,GA03FLMB,RIM01,CTDMO
GA03FLMB-RIM01-02-CTDMOG061,ctdmo_seawater_conductivity,ctdmo_seawater_conductivity,0,6,L1,S m-1,GA03FLMB,RIM01,CTDMO
GA03FLMB-RIM01-02-CTDMOG061,ctdmo_practical_salinity,ctdmo_practical_salinity,0,42,L2,(unitless),GA03FLMB,RIM01,CTDMO
GA03FLMB-RIM01-02-CTDMOG061,ctdmo_seawater_density,ctdmo_seawater_density,1000,1100,L2,kg m-3,GA03FLMB,RIM01,CTDMO
GA03FLMB-RIM01-02-CTDMOG061,serial_number,serial_number,,,ENG,1,GA03FLMB,RIM01,CTDMO
GA03FLMB-RIM01-02-CTDMOG061,time,time,,,ENG,seconds since 1900-01-01,GA03FLMB,RIM01,CTDMO
GA03FLMB-RIM01-02-CTDMOG061,ingestion_timestamp,ingestion_timestamp,,,ENG,seconds since 1900-01-01,GA03FLMB,RIM01,CTDMO
GA03FLMB-RIM01-02-CTDMOG062,driver_timestamp,driver_timestamp,,,ENG,seconds since 1900-01-01,GA03FLMB,RIM01,CTDMO
GA03FLMB-RIM01-02-CTDMOG062,internal_timestamp,internal_timestamp,,,ENG,seconds since 1900-01-01,GA03FLMB,RIM01,CTDMO
GA03FLMB-RIM01-02-CTDMOG062,inductive_id,inductive_id,,,ENG,1,GA03FLMB,RIM01,CTDMO
GA03FLMB-RIM01-02-CTDMOG062,preferred_timestamp,preferred_timestamp,,,ENG,1,GA03FLMB,RIM01,CTDMO
GA03FLMB-RIM01-02-CTDMOG062,temperature,temperature,,,L0,counts,GA03FLMB,RIM01,CTDMO
GA03FLMB-RIM01-02-CTDMOG062,conductivity,conductivity,,,L0,counts,GA03FLMB,RIM01,CTDMO
GA03FLMB-RIM01-02-CTDMOG062,pressure,pressure,,,L0,counts,GA03FLMB,RIM01,CTDMO
GA03FLMB-RIM01-02-CTDMOG062,pressure_temp,pressure_temp,,,L0,counts,GA03FLMB,RIM01,CTDMO
GA03FLMB-RIM01-02-CTDMOG062,ctd_time,ctd_time,,,ENG,seconds since 2000-01-01,GA03FLMB,RIM01,CTDMO
GA03FLMB-RIM01-02-CTDMOG062,sio_controller_timestamp,sio_controller_timestamp,,,ENG,seconds since 1970-01-01,GA03FLMB,RIM01,CTDMO
GA03FLMB-RIM01-02-CTDMOG062,ctd_time_offset,ctd_time_offset,,,,s,GA03FLMB,RIM01,CTDMO
GA03FLMB-RIM01-02-CTDMOG062,ctdmo_seawater_pressure,ctdmo_seawater_pressure,0,6000,L1,dbar,GA03FLMB,RIM01,CTDMO
GA03FLMB-RIM01-02-CTDMOG062,ctdmo_seawater_temperature,ctdmo_seawater_temperature,-2,40,L1,deg_C,GA03FLMB,RIM01,CTDMO
GA03FLMB-RIM01-02-CTDMOG062,ctdmo_seawater_conductivity,ctdmo_seawater_conductivity,0,6,L1,S m-1,GA03FLMB,RIM01,CTDMO
GA03FLMB-RIM01-02-CTDMOG062,ctdmo_practical_salinity,ctdmo_practical_salinity,0,42,L2,(unitless),GA03FLMB,RIM01,CTDMO
GA03FLMB-RIM01-02-CTDMOG062,ctdmo_seawater_density,ctdmo_seawater_density,1000,1100,L2,kg m-3,GA03FLMB,RIM01,CTDMO
GA03FLMB-RIM01-02-CTDMOG062,serial_number,serial_number,,,ENG,1,GA03FLMB,RIM01,CTDMO
GA03FLMB-RIM01-02-CTDMOG062,time,time,,,ENG,seconds since 1900-01-01,GA03FLMB,RIM01,CTDMO
GA03FLMB-RIM01-02-CTDMOG062,ingestion_timestamp,ingestion_timestamp,,,ENG,seconds since 1900-01-01,GA03FLMB,RIM01,CTDMO
GA03FLMB-RIM01-02-CTDMOG063,driver_timestamp,driver_timestamp,,,ENG,seconds since 1900-01-01,GA03FLMB,RIM01,CTDMO
GA03FLMB-RIM01-02-CTDMOG063,internal_timestamp,internal_timestamp,,,ENG,seconds since 1900-01-01,GA03FLMB,RIM01,CTDMO
GA03FLMB-RIM01-02-CTDMOG063,inductive_id,inductive_id,,,ENG,1,GA03FLMB,RIM01,CTDMO
GA03FLMB-RIM01-02-CTDMOG063,preferred_timestamp,preferred_timestamp,,,ENG,1,GA03FLMB,RIM01,CTDMO
GA03FLMB-RIM01-02-CTDMOG063,temperature,temperature,,,L0,counts,GA03FLMB,RIM01,CTDMO
GA03FLMB-RIM01-02-CTDMOG063,conductivity,conductivity,,,L0,counts,GA03FLMB,RIM01,CTDMO
GA03FLMB-RIM01-02-CTDMOG063,pressure,pressure,,,L0,counts,GA03FLMB,RIM01,CTDMO
GA03FLMB-RIM01-02-CTDMOG063,pressure_temp,pressure_temp,,,L0,counts,GA03FLMB,RIM01,CTDMO
GA03FLMB-RIM01-02-CTDMOG063,ctd_time,ctd_time,,,ENG,seconds since 2000-01-01,GA03FLMB,RIM01,CTDMO
GA03FLMB-RIM01-02-CTDMOG063,sio_controller_timestamp,sio_controller_timestamp,,,ENG,seconds since 1970-01-01,GA03FLMB,RIM01,CTDMO
GA03FLMB-RIM01-02-CTDMOG063,ctd_time_offset,ctd_time_offset,,,,s,GA03FLMB,RIM01,CTDMO
GA03FLMB-RIM01-02-CTDMOG063,ctdmo_seawater_pressure,ctdmo_seawater_pressure,0,6000,L1,dbar,GA03FLMB,RIM01,CTDMO
GA03FLMB-RIM01-02-CTDMOG063,ctdmo_seawater_temperature,ctdmo_seawater_temperature,-2,40,L1,deg_C,GA03FLMB,RIM01,CTDMO
GA03FLMB-RIM01-02-CTDMOG063,ctdmo_seawater_conductivity,ctdmo_seawater_conductivity,0,6,L1,S m-1,GA03FLMB,RIM01,CTDMO
GA03FLMB-RIM01-02-CTDMOG063,ctdmo_practical_salinity,ctdmo_practical_salinity,0,42,L2,(unitless),GA03FLMB,RIM01,CTDMO
GA03FLMB-RIM01-02-CTDMOG063,ctdmo_seawater_density,ctdmo_seawater_density,1000,1100,L2,kg m-3,GA03FLMB,RIM01,CTDMO
GA03FLMB-RIM01-02-CTDMOG063,serial_number,serial_number,,,ENG,1,GA03FLMB,RIM01,CTDMO
GA03FLMB-RIM01-02-CTDMOG063,time,time,,,ENG,seconds since 1900-01-01,GA03FLMB,RIM01,CTDMO
GA03FLMB-RIM01-02-CTDMOG063,ingestion_timestamp,ingestion_timestamp,,,ENG,seconds since 1900-01-01,GA03FLMB,RIM01,CTDMO
GA03FLMB-RIM01-02-CTDMOG064,driver_timestamp,driver_timestamp,,,ENG,seconds since 1900-01-01,GA03FLMB,RIM01,CTDMO
GA03FLMB-RIM01-02-CTDMOG064,internal_timestamp,internal_timestamp,,,ENG,seconds since 1900-01-01,GA03FLMB,RIM01,CTDMO
GA03FLMB-RIM01-02-CTDMOG064,inductive_id,inductive_id,,,ENG,1,GA03FLMB,RIM01,CTDMO
GA03FLMB-RIM01-02-CTDMOG064,preferred_timestamp,preferred_timestamp,,,ENG,1,GA03FLMB,RIM01,CTDMO
GA03FLMB-RIM01-02-CTDMOG064,temperature,temperature,,,L0,counts,GA03FLMB,RIM01,CTDMO
GA03FLMB-RIM01-02-CTDMOG064,conductivity,conductivity,,,L0,counts,GA03FLMB,RIM01,CTDMO
GA03FLMB-RIM01-02-CTDMOG064,pressure,pressure,,,L0,counts,GA03FLMB,RIM01,CTDMO
GA03FLMB-RIM01-02-CTDMOG064,pressure_temp,pressure_temp,,,L0,counts,GA03FLMB,RIM01,CTDMO
GA03FLMB-RIM01-02-CTDMOG064,ctd_time,ctd_time,,,ENG,seconds since 2000-01-01,GA03FLMB,RIM01,CTDMO
GA03FLMB-RIM01-02-CTDMOG064,sio_controller_timestamp,sio_controller_timestamp,,,ENG,seconds since 1970-01-01,GA03FLMB,RIM01,CTDMO
GA03FLMB-RIM01-02-CTDMOG064,ctd_time_offset,ctd_time_offset,,,,s,GA03FLMB,RIM01,CTDMO
GA03FLMB-RIM01-02-CTDMOG064,ctdmo_seawater_pressure,ctdmo_seawater_pressure,0,6000,L1,dbar,GA03FLMB,RIM01,CTDMO
GA03FLMB-RIM01-02-CTDMOG064,ctdmo_seawater_temperature,ctdmo_seawater_temperature,-2,40,L1,deg_C,GA03FLMB,RIM01,CTDMO
GA03FLMB-RIM01-02-CTDMOG064,ctdmo_seawater_conductivity,ctdmo_seawater_conductivity,0,6,L1,S m-1,GA03FLMB,RIM01,CTDMO
GA03FLMB-RIM01-02-CTDMOG064,ctdmo_practical_salinity,ctdmo_practical_salinity,0,42,L2,(unitless),GA03FLMB,RIM01,CTDMO
GA03FLMB-RIM01-02-CTDMOG064,ctdmo_seawater_density,ctdmo_seawater_density,1000,1100,L2,kg m-3,GA03FLMB,RIM01,CTDMO
GA03FLMB-RIM01-02-CTDMOG064,serial_number,serial_number,,,ENG,1,GA03FLMB,RIM01,CTDMO
GA03FLMB-RIM01-02-CTDMOG064,time,time,,,ENG,seconds since 1900-01-01,GA03FLMB,RIM01,CTDMO
GA03FLMB-RIM01-02-CTDMOG064,ingestion_timestamp,ingestion_timestamp,,,ENG,seconds since 1900-01-01,GA03FLMB,RIM01,CTDMO
GA03FLMB-RIM01-02-CTDMOG065,driver_timestamp,driver_timestamp,,,ENG,seconds since 1900-01-01,GA03FLMB,RIM01,CTDMO
GA03FLMB-RIM01-02-CTDMOG065,internal_timestamp,internal_timestamp,,,ENG,seconds since 1900-01-01,GA03FLMB,RIM01,CTDMO
GA03FLMB-RIM01-02-CTDMOG065,inductive_id,inductive_id,,,ENG,1,GA03FLMB,RIM01,CTDMO
GA03FLMB-RIM01-02-CTDMOG065,preferred_timestamp,preferred_timestamp,,,ENG,1,GA03FLMB,RIM01,CTDMO
GA03FLMB-RIM01-02-CTDMOG065,temperature,temperature,,,L0,counts,GA03FLMB,RIM01,CTDMO
GA03FLMB-RIM01-02-CTDMOG065,conductivity,conductivity,,,L0,counts,GA03FLMB,RIM01,CTDMO
GA03FLMB-RIM01-02-CTDMOG065,pressure,pressure,,,L0,counts,GA03FLMB,RIM01,CTDMO
GA03FLMB-RIM01-02-CTDMOG065,pressure_temp,pressure_temp,,,L0,counts,GA03FLMB,RIM01,CTDMO
GA03FLMB-RIM01-02-CTDMOG065,ctd_time,ctd_time,,,ENG,seconds since 2000-01-01,GA03FLMB,RIM01,CTDMO
GA03FLMB-RIM01-02-CTDMOG065,sio_controller_timestamp,sio_controller_timestamp,,,ENG,seconds since 1970-01-01,GA03FLMB,RIM01,CTDMO
GA03FLMB-RIM01-02-CTDMOG065,ctd_time_offset,ctd_time_offset,,,,s,GA03FLMB,RIM01,CTDMO
GA03FLMB-RIM01-02-CTDMOG065,ctdmo_seawater_pressure,ctdmo_seawater_pressure,0,6000,L1,dbar,GA03FLMB,RIM01,CTDMO
GA03FLMB-RIM01-02-CTDMOG065,ctdmo_seawater_temperature,ctdmo_seawater_temperature,-2,40,L1,deg_C,GA03FLMB,RIM01,CTDMO
GA03FLMB-RIM01-02-CTDMOG065,ctdmo_seawater_conductivity,ctdmo_seawater_conductivity,0,6,L1,S m-1,GA03FLMB,RIM01,CTDMO
GA03FLMB-RIM01-02-CTDMOG065,ctdmo_practical_salinity,ctdmo_practical_salinity,0,42,L2,(unitless),GA03FLMB,RIM01,CTDMO
GA03FLMB-RIM01-02-CTDMOG065,ctdmo_seawater_density,ctdmo_seawater_density,1000,1100,L2,kg m-3,GA03FLMB,RIM01,CTDMO
GA03FLMB-RIM01-02-CTDMOG065,serial_number,serial_number,,,ENG,1,GA03FLMB,RIM01,CTDMO
GA03FLMB-RIM01-02-CTDMOG065,time,time,,,ENG,seconds since 1900-01-01,GA03FLMB,RIM01,CTDMO
GA03FLMB-RIM01-02-CTDMOG065,ingestion_timestamp,ingestion_timestamp,,,ENG,seconds since 1900-01-01,GA03FLMB,RIM01,CTDMO
GA03FLMB-RIM01-02-CTDMOG066,driver_timestamp,driver_timestamp,,,ENG,seconds since 1900-01-01,GA03FLMB,RIM01,CTDMO
GA03FLMB-RIM01-02-CTDMOG066,internal_timestamp,internal_timestamp,,,ENG,seconds since 1900-01-01,GA03FLMB,RIM01,CTDMO
GA03FLMB-RIM01-02-CTDMOG066,inductive_id,inductive_id,,,ENG,1,GA03FLMB,RIM01,CTDMO
GA03FLMB-RIM01-02-CTDMOG066,preferred_timestamp,preferred_timestamp,,,ENG,1,GA03FLMB,RIM01,CTDMO
GA03FLMB-RIM01-02-CTDMOG066,temperature,temperature,,,L0,counts,GA03FLMB,RIM01,CTDMO
GA03FLMB-RIM01-02-CTDMOG066,conductivity,conductivity,,,L0,counts,GA03FLMB,RIM01,CTDMO
GA03FLMB-RIM01-02-CTDMOG066,pressure,pressure,,,L0,counts,GA03FLMB,RIM01,CTDMO
GA03FLMB-RIM01-02-CTDMOG066,pressure_temp,pressure_temp,,,L0,counts,GA03FLMB,RIM01,CTDMO
GA03FLMB-RIM01-02-CTDMOG066,ctd_time,ctd_time,,,ENG,seconds since 2000-01-01,GA03FLMB,RIM01,CTDMO
GA03FLMB-RIM01-02-CTDMOG066,sio_controller_timestamp,sio_controller_timestamp,,,ENG,seconds since 1970-01-01,GA03FLMB,RIM01,CTDMO
GA03FLMB-RIM01-02-CTDMOG066,ctd_time_offset,ctd_time_offset,,,,s,GA03FLMB,RIM01,CTDMO
GA03FLMB-RIM01-02-CTDMOG066,ctdmo_seawater_pressure,ctdmo_seawater_pressure,0,6000,L1,dbar,GA03FLMB,RIM01,CTDMO
GA03FLMB-RIM01-02-CTDMOG066,ctdmo_seawater_temperature,ctdmo_seawater_temperature,-2,40,L1,deg_C,GA03FLMB,RIM01,CTDMO
GA03FLMB-RIM01-02-CTDMOG066,ctdmo_seawater_conductivity,ctdmo_seawater_conductivity,0,6,L1,S m-1,GA03FLMB,RIM01,CTDMO
GA03FLMB-RIM01-02-CTDMOG066,ctdmo_practical_salinity,ctdmo_practical_salinity,0,42,L2,(unitless),GA03FLMB,RIM01,CTDMO
GA03FLMB-RIM01-02-CTDMOG066,ctdmo_seawater_density,ctdmo_seawater_density,1000,1100,L2,kg m-3,GA03FLMB,RIM01,CTDMO
GA03FLMB-RIM01-02-CTDMOG066,serial_number,serial_number,,,ENG,1,GA03FLMB,RIM01,CTDMO
GA03FLMB-RIM01-02-CTDMOG066,time,time,,,ENG,seconds since 1900-01-01,GA03FLMB,RIM01,CTDMO
GA03FLMB-RIM01-02-CTDMOG066,ingestion_timestamp,ingestion_timestamp,,,ENG,seconds since 1900-01-01,GA03FLMB,RIM01,CTDMO
GA03FLMB-RIM01-02-CTDMOG067,driver_timestamp,driver_timestamp,,,ENG,seconds since 1900-01-01,GA03FLMB,RIM01,CTDMO
GA03FLMB-RIM01-02-CTDMOG067,internal_timestamp,internal_timestamp,,,ENG,seconds since 1900-01-01,GA03FLMB,RIM01,CTDMO
GA03FLMB-RIM01-02-CTDMOG067,inductive_id,inductive_id,,,ENG,1,GA03FLMB,RIM01,CTDMO
GA03FLMB-RIM01-02-CTDMOG067,preferred_timestamp,preferred_timestamp,,,ENG,1,GA03FLMB,RIM01,CTDMO
GA03FLMB-RIM01-02-CTDMOG067,temperature,temperature,,,L0,counts,GA03FLMB,RIM01,CTDMO
GA03FLMB-RIM01-02-CTDMOG067,conductivity,conductivity,,,L0,counts,GA03FLMB,RIM01,CTDMO
GA03FLMB-RIM01-02-CTDMOG067,pressure,pressure,,,L0,counts,GA03FLMB,RIM01,CTDMO
GA03FLMB-RIM01-02-CTDMOG067,pressure_temp,pressure_temp,,,L0,counts,GA03FLMB,RIM01,CTDMO
GA03FLMB-RIM01-02-CTDMOG067,ctd_time,ctd_time,,,ENG,seconds since 2000-01-01,GA03FLMB,RIM01,CTDMO
GA03FLMB-RIM01-02-CTDMOG067,sio_controller_timestamp,sio_controller_timestamp,,,ENG,seconds since 1970-01-01,GA03FLMB,RIM01,CTDMO
GA03FLMB-RIM01-02-CTDMOG067,ctd_time_offset,ctd_time_offset,,,,s,GA03FLMB,RIM01,CTDMO
GA03FLMB-RIM01-02-CTDMOG067,ctdmo_seawater_pressure,ctdmo_seawater_pressure,0,6000,L1,dbar,GA03FLMB,RIM01,CTDMO
GA03FLMB-RIM01-02-CTDMOG067,ctdmo_seawater_temperature,ctdmo_seawater_temperature,-2,40,L1,deg_C,GA03FLMB,RIM01,CTDMO
GA03FLMB-RIM01-02-CTDMOG067,ctdmo_seawater_conductivity,ctdmo_seawater_conductivity,0,6,L1,S m-1,GA03FLMB,RIM01,CTDMO
GA03FLMB-RIM01-02-CTDMOG067,ctdmo_practical_salinity,ctdmo_practical_salinity,0,42,L2,(unitless),GA03FLMB,RIM01,CTDMO
GA03FLMB-RIM01-02-CTDMOG067,ctdmo_seawater_density,ctdmo_seawater_density,1000,1100,L2,kg m-3,GA03FLMB,RIM01,CTDMO
GA03FLMB-RIM01-02-CTDMOG067,serial_number,serial_number,,,ENG,1,GA03FLMB,RIM01,CTDMO
GA03FLMB-RIM01-02-CTDMOG067,time,time,,,ENG,seconds since 1900-01-01,GA03FLMB,RIM01,CTDMO
GA03FLMB-RIM01-02-CTDMOG067,ingestion_timestamp,ingestion_timestamp,,,ENG,seconds since 1900-01-01,GA03FLMB,RIM01,CTDMO
GA03FLMB-RIM01-02-CTDMOG068,driver_timestamp,driver_timestamp,,,ENG,seconds since 1900-01-01,GA03FLMB,RIM01,CTDMO
GA03FLMB-RIM01-02-CTDMOG068,internal_timestamp,internal_timestamp,,,ENG,seconds since 1900-01-01,GA03FLMB,RIM01,CTDMO
GA03FLMB-RIM01-02-CTDMOG068,inductive_id,inductive_id,,,ENG,1,GA03FLMB,RIM01,CTDMO
GA03FLMB-RIM01-02-CTDMOG068,preferred_timestamp,preferred_timestamp,,,ENG,1,GA03FLMB,RIM01,CTDMO
GA03FLMB-RIM01-02-CTDMOG068,temperature,temperature,,,L0,counts,GA03FLMB,RIM01,CTDMO
GA03FLMB-RIM01-02-CTDMOG068,conductivity,conductivity,,,L0,counts,GA03FLMB,RIM01,CTDMO
GA03FLMB-RIM01-02-CTDMOG068,pressure,pressure,,,L0,counts,GA03FLMB,RIM01,CTDMO
GA03FLMB-RIM01-02-CTDMOG068,pressure_temp,pressure_temp,,,L0,counts,GA03FLMB,RIM01,CTDMO
GA03FLMB-RIM01-02-CTDMOG068,ctd_time,ctd_time,,,ENG,seconds since 2000-01-01,GA03FLMB,RIM01,CTDMO
GA03FLMB-RIM01-02-CTDMOG068,sio_controller_timestamp,sio_controller_timestamp,,,ENG,seconds since 1970-01-01,GA03FLMB,RIM01,CTDMO
GA03FLMB-RIM01-02-CTDMOG068,ctd_time_offset,ctd_time_offset,,,,s,GA03FLMB,RIM01,CTDMO
GA03FLMB-RIM01-02-CTDMOG068,ctdmo_seawater_pressure,ctdmo_seawater_pressure,0,6000,L1,dbar,GA03FLMB,RIM01,CTDMO
GA03FLMB-RIM01-02-CTDMOG068,ctdmo_seawater_temperature,ctdmo_seawater_temperature,-2,40,L1,deg_C,GA03FLMB,RIM01,CTDMO
GA03FLMB-RIM01-02-CTDMOG068,ctdmo_seawater_conductivity,ctdmo_seawater_conductivity,0,6,L1,S m-1,GA03FLMB,RIM01,CTDMO
GA03FLMB-RIM01-02-CTDMOG068,ctdmo_practical_salinity,ctdmo_practical_salinity,0,42,L2,(unitless),GA03FLMB,RIM01,CTDMO
GA03FLMB-RIM01-02-CTDMOG068,ctdmo_seawater_density,ctdmo_seawater_density,1000,1100,L2,kg m-3,GA03FLMB,RIM01,CTDMO
GA03FLMB-RIM01-02-CTDMOG068,serial_number,serial_number,,,ENG,1,GA03FLMB,RIM01,CTDMO
GA03FLMB-RIM01-02-CTDMOG068,time,time,,,ENG,seconds since 1900-01-01,GA03FLMB,RIM01,CTDMO
GA03FLMB-RIM01-02-CTDMOG068,ingestion_timestamp,ingestion_timestamp,,,ENG,seconds since 1900-01-01,GA03FLMB,RIM01,CTDMO
GA03FLMB-RIM01-02-CTDMOH069,driver_timestamp,driver_timestamp,,,ENG,seconds since 1900-01-01,GA03FLMB,RIM01,CTDMO
GA03FLMB-RIM01-02-CTDMOH069,internal_timestamp,internal_timestamp,,,ENG,seconds since 1900-01-01,GA03FLMB,RIM01,CTDMO
GA03FLMB-RIM01-02-CTDMOH069,inductive_id,inductive_id,,,ENG,1,GA03FLMB,RIM01,CTDMO
GA03FLMB-RIM01-02-CTDMOH069,preferred_timestamp,preferred_timestamp,,,ENG,1,GA03FLMB,RIM01,CTDMO
GA03FLMB-RIM01-02-CTDMOH069,temperature,temperature,,,L0,counts,GA03FLMB,RIM01,CTDMO
GA03FLMB-RIM01-02-CTDMOH069,conductivity,conductivity,,,L0,counts,GA03FLMB,RIM01,CTDMO
GA03FLMB-RIM01-02-CTDMOH069,pressure,pressure,,,L0,counts,GA03FLMB,RIM01,CTDMO
GA03FLMB-RIM01-02-CTDMOH069,pressure_temp,pressure_temp,,,L0,counts,GA03FLMB,RIM01,CTDMO
GA03FLMB-RIM01-02-CTDMOH069,ctd_time,ctd_time,,,ENG,seconds since 2000-01-01,GA03FLMB,RIM01,CTDMO
GA03FLMB-RIM01-02-CTDMOH069,sio_controller_timestamp,sio_controller_timestamp,,,ENG,seconds since 1970-01-01,GA03FLMB,RIM01,CTDMO
GA03FLMB-RIM01-02-CTDMOH069,ctd_time_offset,ctd_time_offset,,,,s,GA03FLMB,RIM01,CTDMO
GA03FLMB-RIM01-02-CTDMOH069,ctdmo_seawater_pressure,ctdmo_seawater_pressure,0,6000,L1,dbar,GA03FLMB,RIM01,CTDMO
GA03FLMB-RIM01-02-CTDMOH069,ctdmo_seawater_temperature,ctdmo_seawater_temperature,-2,40,L1,deg_C,GA03FLMB,RIM01,CTDMO
GA03FLMB-RIM01-02-CTDMOH069,ctdmo_seawater_conductivity,ctdmo_seawater_conductivity,0,6,L1,S m-1,GA03FLMB,RIM01,CTDMO
GA03FLMB-RIM01-02-CTDMOH069,ctdmo_practical_salinity,ctdmo_practical_salinity,0,42,L2,(unitless),GA03FLMB,RIM01,CTDMO
GA03FLMB-RIM01-02-CTDMOH069,ctdmo_seawater_density,ctdmo_seawater_density,1000,1100,L2,kg m-3,GA03FLMB,RIM01,CTDMO
GA03FLMB-RIM01-02-CTDMOH069,serial_number,serial_number,,,ENG,1,GA03FLMB,RIM01,CTDMO
GA03FLMB-RIM01-02-CTDMOH069,time,time,,,ENG,seconds since 1900-01-01,GA03FLMB,RIM01,CTDMO
GA03FLMB-RIM01-02-CTDMOH069,ingestion_timestamp,ingestion_timestamp,,,ENG,seconds since 1900-01-01,GA03FLMB,RIM01,CTDMO
GA03FLMB-RIM01-02-CTDMOH070,driver_timestamp,driver_timestamp,,,ENG,seconds since 1900-01-01,GA03FLMB,RIM01,CTDMO
GA03FLMB-RIM01-02-CTDMOH070,internal_timestamp,internal_timestamp,,,ENG,seconds since 1900-01-01,GA03FLMB,RIM01,CTDMO
GA03FLMB-RIM01-02-CTDMOH070,inductive_id,inductive_id,,,ENG,1,GA03FLMB,RIM01,CTDMO
GA03FLMB-RIM01-02-CTDMOH070,preferred_timestamp,preferred_timestamp,,,ENG,1,GA03FLMB,RIM01,CTDMO
GA03FLMB-RIM01-02-CTDMOH070,temperature,temperature,,,L0,counts,GA03FLMB,RIM01,CTDMO
GA03FLMB-RIM01-02-CTDMOH070,conductivity,conductivity,,,L0,counts,GA03FLMB,RIM01,CTDMO
GA03FLMB-RIM01-02-CTDMOH070,pressure,pressure,,,L0,counts,GA03FLMB,RIM01,CTDMO
GA03FLMB-RIM01-02-CTDMOH070,pressure_temp,pressure_temp,,,L0,counts,GA03FLMB,RIM01,CTDMO
GA03FLMB-RIM01-02-CTDMOH070,ctd_time,ctd_time,,,ENG,seconds since 2000-01-01,GA03FLMB,RIM01,CTDMO
GA03FLMB-RIM01-02-CTDMOH070,sio_controller_timestamp,sio_controller_timestamp,,,ENG,seconds since 1970-01-01,GA03FLMB,RIM01,CTDMO
GA03FLMB-RIM01-02-CTDMOH070,ctd_time_offset,ctd_time_offset,,,,s,GA03FLMB,RIM01,CTDMO
GA03FLMB-RIM01-02-CTDMOH070,ctdmo_seawater_pressure,ctdmo_seawater_pressure,0,6000,L1,dbar,GA03FLMB,RIM01,CTDMO
GA03FLMB-RIM01-02-CTDMOH070,ctdmo_seawater_temperature,ctdmo_seawater_temperature,-2,40,L1,deg_C,GA03FLMB,RIM01,CTDMO
GA03FLMB-RIM01-02-CTDMOH070,ctdmo_seawater_conductivity,ctdmo_seawater_conductivity,0,6,L1,S m-1,GA03FLMB,RIM01,CTDMO
GA03FLMB-RIM01-02-CTDMOH070,ctdmo_practical_salinity,ctdmo_practical_salinity,0,42,L2,(unitless),GA03FLMB,RIM01,CTDMO
GA03FLMB-RIM01-02-CTDMOH070,ctdmo_seawater_density,ctdmo_seawater_density,1000,1100,L2,kg m-3,GA03FLMB,RIM01,CTDMO
GA03FLMB-RIM01-02-CTDMOH070,serial_number,serial_number,,,ENG,1,GA03FLMB,RIM01,CTDMO
GA03FLMB-RIM01-02-CTDMOH070,time,time,,,ENG,seconds since 1900-01-01,GA03FLMB,RIM01,CTDMO
GA03FLMB-RIM01-02-CTDMOH070,ingestion_timestamp,ingestion_timestamp,,,ENG,seconds since 1900-01-01,GA03FLMB,RIM01,CTDMO
GA03FLMB-RIM01-02-CTDMOH071,driver_timestamp,driver_timestamp,,,ENG,seconds since 1900-01-01,GA03FLMB,RIM01,CTDMO
GA03FLMB-RIM01-02-CTDMOH071,internal_timestamp,internal_timestamp,,,ENG,seconds since 1900-01-01,GA03FLMB,RIM01,CTDMO
GA03FLMB-RIM01-02-CTDMOH071,inductive_id,inductive_id,,,ENG,1,GA03FLMB,RIM01,CTDMO
GA03FLMB-RIM01-02-CTDMOH071,preferred_timestamp,preferred_timestamp,,,ENG,1,GA03FLMB,RIM01,CTDMO
GA03FLMB-RIM01-02-CTDMOH071,temperature,temperature,,,L0,counts,GA03FLMB,RIM01,CTDMO
GA03FLMB-RIM01-02-CTDMOH071,conductivity,conductivity,,,L0,counts,GA03FLMB,RIM01,CTDMO
GA03FLMB-RIM01-02-CTDMOH071,pressure,pressure,,,L0,counts,GA03FLMB,RIM01,CTDMO
GA03FLMB-RIM01-02-CTDMOH071,pressure_temp,pressure_temp,,,L0,counts,GA03FLMB,RIM01,CTDMO
GA03FLMB-RIM01-02-CTDMOH071,ctd_time,ctd_time,,,ENG,seconds since 2000-01-01,GA03FLMB,RIM01,CTDMO
GA03FLMB-RIM01-02-CTDMOH071,sio_controller_timestamp,sio_controller_timestamp,,,ENG,seconds since 1970-01-01,GA03FLMB,RIM01,CTDMO
GA03FLMB-RIM01-02-CTDMOH071,ctd_time_offset,ctd_time_offset,,,,s,GA03FLMB,RIM01,CTDMO
GA03FLMB-RIM01-02-CTDMOH071,ctdmo_seawater_pressure,ctdmo_seawater_pressure,0,6000,L1,dbar,GA03FLMB,RIM01,CTDMO
GA03FLMB-RIM01-02-CTDMOH071,ctdmo_seawater_temperature,ctdmo_seawater_temperature,-2,40,L1,deg_C,GA03FLMB,RIM01,CTDMO
GA03FLMB-RIM01-02-CTDMOH071,ctdmo_seawater_conductivity,ctdmo_seawater_conductivity,0,6,L1,S m-1,GA03FLMB,RIM01,CTDMO
GA03FLMB-RIM01-02-CTDMOH071,ctdmo_practical_salinity,ctdmo_practical_salinity,0,42,L2,(unitless),GA03FLMB,RIM01,CTDMO
GA03FLMB-RIM01-02-CTDMOH071,ctdmo_seawater_density,ctdmo_seawater_density,1000,1100,L2,kg m-3,GA03FLMB,RIM01,CTDMO
GA03FLMB-RIM01-02-CTDMOH071,serial_number,serial_number,,,ENG,1,GA03FLMB,RIM01,CTDMO
GA03FLMB-RIM01-02-CTDMOH071,time,time,,,ENG,seconds since 1900-01-01,GA03FLMB,RIM01,CTDMO
GA03FLMB-RIM01-02-CTDMOH071,ingestion_timestamp,ingestion_timestamp,,,ENG,seconds since 1900-01-01,GA03FLMB,RIM01,CTDMO
GA03FLMB-RIS01-03-DOSTAD000,product_number,product_number,,,,1,GA03FLMB,RIS01,DOSTA
GA03FLMB-RIS01-03-DOSTAD000,driver_timestamp,driver_timestamp,,,ENG,seconds since 1900-01-01,GA03FLMB,RIS01,DOSTA
GA03FLMB-RIS01-03-DOSTAD000,internal_timestamp,internal_timestamp,,,ENG,seconds since 1900-01-01,GA03FLMB,RIS01,DOSTA
GA03FLMB-RIS01-03-DOSTAD000,preferred_timestamp,preferred_timestamp,,,ENG,1,GA03FLMB,RIS01,DOSTA
GA03FLMB-RIS01-03-DOSTAD000,sio_controller_timestamp,sio_controller_timestamp,,,ENG,seconds since 1970-01-01,GA03FLMB,RIS01,DOSTA
GA03FLMB-RIS01-03-DOSTAD000,dosta_abcdjm_cspp_tc_oxygen,dosta_abcdjm_cspp_tc_oxygen,0,400,L1,umol L-1,GA03FLMB,RIS01,DOSTA
GA03FLMB-RIS01-03-DOSTAD000,serial_number,serial_number,,,ENG,1,GA03FLMB,RIS01,DOSTA
GA03FLMB-RIS01-03-DOSTAD000,dosta_abcdjm_sio_abs_oxygen,dosta_abcdjm_sio_abs_oxygen,0,400,L2,umol kg-1,GA03FLMB,RIS01,DOSTA
GA03FLMB-RIS01-03-DOSTAD000,time,time,,,ENG,seconds since 1900-01-01,GA03FLMB,RIS01,DOSTA
GA03FLMB-RIS01-03-DOSTAD000,ingestion_timestamp,ingestion_timestamp,,,ENG,seconds since 1900-01-01,GA03FLMB,RIS01,DOSTA
GA03FLMB-RIS01-03-DOSTAD000,estimated_oxygen_concentration,estimated_oxygen_concentration,0,400,L1,umol L-1,GA03FLMB,RIS01,DOSTA
GA03FLMB-RIS01-03-DOSTAD000,estimated_oxygen_saturation,estimated_oxygen_saturation,0,110,L1,percent,GA03FLMB,RIS01,DOSTA
GA03FLMB-RIS01-03-DOSTAD000,optode_temperature,optode_temperature,-2,40,,deg_C,GA03FLMB,RIS01,DOSTA
GA03FLMB-RIS01-03-DOSTAD000,calibrated_phase,calibrated_phase,,,L0,degrees,GA03FLMB,RIS01,DOSTA
GA03FLMB-RIS01-03-DOSTAD000,temp_compensated_phase,temp_compensated_phase,,,,degrees,GA03FLMB,RIS01,DOSTA
GA03FLMB-RIS01-03-DOSTAD000,blue_phase,blue_phase,,,,degrees,GA03FLMB,RIS01,DOSTA
GA03FLMB-RIS01-03-DOSTAD000,red_phase,red_phase,,,,degrees,GA03FLMB,RIS01,DOSTA
GA03FLMB-RIS01-03-DOSTAD000,blue_amplitude,blue_amplitude,,,,mV,GA03FLMB,RIS01,DOSTA
GA03FLMB-RIS01-03-DOSTAD000,red_amplitude,red_amplitude,,,,mV,GA03FLMB,RIS01,DOSTA
GA03FLMB-RIS01-03-DOSTAD000,raw_temperature,raw_temperature,,,,mV,GA03FLMB,RIS01,DOSTA
GA03FLMB-RIS01-04-PHSENF000,driver_timestamp,driver_timestamp,,,ENG,seconds since 1900-01-01,GA03FLMB,RIS01,PHSEN
GA03FLMB-RIS01-04-PHSENF000,external_device2_fault,external_device2_fault,,,,1,GA03FLMB,RIS01,PHSEN
GA03FLMB-RIS01-04-PHSENF000,external_device3_fault,external_device3_fault,,,,1,GA03FLMB,RIS01,PHSEN
GA03FLMB-RIS01-04-PHSENF000,num_data_records,num_data_records,,,,1,GA03FLMB,RIS01,PHSEN
GA03FLMB-RIS01-04-PHSENF000,num_error_records,num_error_records,,,,1,GA03FLMB,RIS01,PHSEN
GA03FLMB-RIS01-04-PHSENF000,num_bytes_stored,num_bytes_stored,,,,bytes,GA03FLMB,RIS01,PHSEN
GA03FLMB-RIS01-04-PHSENF000,internal_timestamp,internal_timestamp,,,ENG,seconds since 1900-01-01,GA03FLMB,RIS01,PHSEN
GA03FLMB-RIS01-04-PHSENF000,preferred_timestamp,preferred_timestamp,,,ENG,1,GA03FLMB,RIS01,PHSEN
GA03FLMB-RIS01-04-PHSENF000,sio_controller_timestamp,sio_controller_timestamp,,,ENG,seconds since 1970-01-01,GA03FLMB,RIS01,PHSEN
GA03FLMB-RIS01-04-PHSENF000,passed_checksum,passed_checksum,,,ENG,1,GA03FLMB,RIS01,PHSEN
GA03FLMB-RIS01-04-PHSENF000,phsen_abcdef_ph_seawater,phsen_abcdef_ph_seawater,7.3,8.5,L1,(unitless),GA03FLMB,RIS01,PHSEN
GA03FLMB-RIS01-04-PHSENF000,battery_low_blank,battery_low_blank,,,,1,GA03FLMB,RIS01,PHSEN
GA03FLMB-RIS01-04-PHSENF000,unique_id,unique_id,,,,1,GA03FLMB,RIS01,PHSEN
GA03FLMB-RIS01-04-PHSENF000,record_type,record_type,,,,1,GA03FLMB,RIS01,PHSEN
GA03FLMB-RIS01-04-PHSENF000,record_time,record_time,,,,seconds since 1904-01-01,GA03FLMB,RIS01,PHSEN
GA03FLMB-RIS01-04-PHSENF000,light_measurements,light_measurements,,,,counts,GA03FLMB,RIS01,PHSEN
GA03FLMB-RIS01-04-PHSENF000,voltage_battery,voltage_battery,,,,counts,GA03FLMB,RIS01,PHSEN
GA03FLMB-RIS01-04-PHSENF000,clock_active,clock_active,,,,1,GA03FLMB,RIS01,PHSEN
GA03FLMB-RIS01-04-PHSENF000,recording_active,recording_active,,,,1,GA03FLMB,RIS01,PHSEN
GA03FLMB-RIS01-04-PHSENF000,record_end_on_time,record_end_on_time,,,,1,GA03FLMB,RIS01,PHSEN
GA03FLMB-RIS01-04-PHSENF000,record_memory_full,record_memory_full,,,,1,GA03FLMB,RIS01,PHSEN
GA03FLMB-RIS01-04-PHSENF000,phsen_abcdef_signal_intensity_434,phsen_abcdef_signal_intensity_434,,,L0,counts,GA03FLMB,RIS01,PHSEN
GA03FLMB-RIS01-04-PHSENF000,phsen_abcdef_signal_intensity_578,phsen_abcdef_signal_intensity_578,,,L0,counts,GA03FLMB,RIS01,PHSEN
GA03FLMB-RIS01-04-PHSENF000,record_end_on_error,record_end_on_error,,,,1,GA03FLMB,RIS01,PHSEN
GA03FLMB-RIS01-04-PHSENF000,data_download_ok,data_download_ok,,,,1,GA03FLMB,RIS01,PHSEN
GA03FLMB-RIS01-04-PHSENF000,flash_memory_open,flash_memory_open,,,,1,GA03FLMB,RIS01,PHSEN
GA03FLMB-RIS01-04-PHSENF000,battery_low_prestart,battery_low_prestart,,,,1,GA03FLMB,RIS01,PHSEN
GA03FLMB-RIS01-04-PHSENF000,battery_low_measurement,battery_low_measurement,,,,1,GA03FLMB,RIS01,PHSEN
GA03FLMB-RIS01-04-PHSENF000,battery_low_external,battery_low_external,,,,1,GA03FLMB,RIS01,PHSEN
GA03FLMB-RIS01-04-PHSENF000,external_device1_fault,external_device1_fault,,,,1,GA03FLMB,RIS01,PHSEN
GA03FLMB-RIS01-04-PHSENF000,flash_erased,flash_erased,,,,1,GA03FLMB,RIS01,PHSEN
GA03FLMB-RIS01-04-PHSENF000,power_on_invalid,power_on_invalid,,,,1,GA03FLMB,RIS01,PHSEN
GA03FLMB-RIS01-04-PHSENF000,time,time,,,ENG,seconds since 1900-01-01,GA03FLMB,RIS01,PHSEN
GA03FLMB-RIS01-04-PHSENF000,ingestion_timestamp,ingestion_timestamp,,,ENG,seconds since 1900-01-01,GA03FLMB,RIS01,PHSEN
GA03FLMB-RIS01-04-PHSENF000,thermistor_start,thermistor_start,,,,counts,GA03FLMB,RIS01,PHSEN
GA03FLMB-RIS01-04-PHSENF000,reference_light_measurements,reference_light_measurements,,,,counts,GA03FLMB,RIS01,PHSEN
GA03FLMB-RIS01-04-PHSENF000,thermistor_end,thermistor_end,,,,counts,GA03FLMB,RIS01,PHSEN
GA03FLMB-RIS01-04-PHSENF000,phsen_thermistor_temperature,phsen_thermistor_temperature,,,L0,V,GA03FLMB,RIS01,PHSEN
GA03FLMB-RIS01-05-FLORTD000,driver_timestamp,driver_timestamp,,,ENG,seconds since 1900-01-01,GA03FLMB,RIS01,FLORT
GA03FLMB-RIS01-05-FLORTD000,date_string,date_string,,,ENG,1,GA03FLMB,RIS01,FLORT
GA03FLMB-RIS01-05-FLORTD000,time_string,time_string,,,ENG,1,GA03FLMB,RIS01,FLORT
GA03FLMB-RIS01-05-FLORTD000,measurement_wavelength_beta,measurement_wavelength_beta,,,,nm,GA03FLMB,RIS01,FLORT
GA03FLMB-RIS01-05-FLORTD000,raw_signal_beta,raw_signal_beta,,,L0,counts,GA03FLMB,RIS01,FLORT
GA03FLMB-RIS01-05-FLORTD000,measurement_wavelength_chl,measurement_wavelength_chl,,,,nm,GA03FLMB,RIS01,FLORT
GA03FLMB-RIS01-05-FLORTD000,raw_signal_chl,raw_signal_chl,,,L0,counts,GA03FLMB,RIS01,FLORT
GA03FLMB-RIS01-05-FLORTD000,measurement_wavelength_cdom,measurement_wavelength_cdom,,,,nm,GA03FLMB,RIS01,FLORT
GA03FLMB-RIS01-05-FLORTD000,raw_signal_cdom,raw_signal_cdom,,,L0,counts,GA03FLMB,RIS01,FLORT
GA03FLMB-RIS01-05-FLORTD000,raw_internal_temp,raw_internal_temp,,,,counts,GA03FLMB,RIS01,FLORT
GA03FLMB-RIS01-05-FLORTD000,internal_timestamp,internal_timestamp,,,ENG,seconds since 1900-01-01,GA03FLMB,RIS01,FLORT
GA03FLMB-RIS01-05-FLORTD000,preferred_timestamp,preferred_timestamp,,,ENG,1,GA03FLMB,RIS01,FLORT
GA03FLMB-RIS01-05-FLORTD000,flort_k_total_volume_scattering_coefficient,flort_k_total_volume_scattering_coefficient,,,L1,m-1 sr-1,GA03FLMB,RIS01,FLORT
GA03FLMB-RIS01-05-FLORTD000,fluorometric_chlorophyll_a,fluorometric_chlorophyll_a,0,50,L1,ug L-1,GA03FLMB,RIS01,FLORT
GA03FLMB-RIS01-05-FLORTD000,fluorometric_cdom,fluorometric_cdom,0,375,L1,ppb,GA03FLMB,RIS01,FLORT
GA03FLMB-RIS01-05-FLORTD000,sio_controller_timestamp,sio_controller_timestamp,,,ENG,seconds since 1970-01-01,GA03FLMB,RIS01,FLORT
GA03FLMB-RIS01-05-FLORTD000,flort_dj_bback_total,flort_dj_bback_total,0.0003,1,L2,m-1,GA03FLMB,RIS01,FLORT
GA03FLMB-RIS01-05-FLORTD000,flort_dj_scat_seawater,flort_dj_scat_seawater,,,AUX,m-1,GA03FLMB,RIS01,FLORT
GA03FLMB-RIS01-05-FLORTD000,time,time,,,ENG,seconds since 1900-01-01,GA03FLMB,RIS01,FLORT
GA03FLMB-RIS01-05-FLORTD000,ingestion_timestamp,ingestion_timestamp,,,ENG,seconds since 1900-01-01,GA03FLMB,RIS01,FLORT
GA05MOAS-GL001-01-FLORDM000,driver_timestamp,driver_timestamp,,,ENG,seconds since 1900-01-01,GA05MOAS,GL001,FLORD
GA05MOAS-GL001-01-FLORDM000,internal_timestamp,internal_timestamp,,,ENG,seconds since 1900-01-01,GA05MOAS,GL001,FLORD
GA05MOAS-GL001-01-FLORDM000,m_present_secs_into_mission,m_present_secs_into_mission,,,ENG,s,GA05MOAS,GL001,FLORD
GA05MOAS-GL001-01-FLORDM000,m_present_time,m_present_time,,,AUX,seconds since 1970-01-01,GA05MOAS,GL001,FLORD
GA05MOAS-GL001-01-FLORDM000,sci_m_present_secs_into_mission,sci_m_present_secs_into_mission,,,,s,GA05MOAS,GL001,FLORD
GA05MOAS-GL001-01-FLORDM000,sci_m_present_time,sci_m_present_time,,,,seconds since 1970-01-01,GA05MOAS,GL001,FLORD
GA05MOAS-GL001-01-FLORDM000,sci_flbb_bb_units,sci_flbb_bb_units,,,L1,m-1 sr-1,GA05MOAS,GL001,FLORD
GA05MOAS-GL001-01-FLORDM000,sci_flbb_chlor_units,sci_flbb_chlor_units,0,50,L1,ug L-1,GA05MOAS,GL001,FLORD
GA05MOAS-GL001-01-FLORDM000,preferred_timestamp,preferred_timestamp,,,ENG,1,GA05MOAS,GL001,FLORD
GA05MOAS-GL001-01-FLORDM000,sci_flbb_timestamp,sci_flbb_timestamp,,,,seconds since 1970-01-01,GA05MOAS,GL001,FLORD
GA05MOAS-GL001-01-FLORDM000,sci_flbb_bb_ref,sci_flbb_bb_ref,,,,nm,GA05MOAS,GL001,FLORD
GA05MOAS-GL001-01-FLORDM000,sci_flbb_bb_sig,sci_flbb_bb_sig,,,L0,counts,GA05MOAS,GL001,FLORD
GA05MOAS-GL001-01-FLORDM000,sci_flbb_chlor_ref,sci_flbb_chlor_ref,,,,nm,GA05MOAS,GL001,FLORD
GA05MOAS-GL001-01-FLORDM000,sci_flbb_chlor_sig,sci_flbb_chlor_sig,,,L0,counts,GA05MOAS,GL001,FLORD
GA05MOAS-GL001-01-FLORDM000,sci_flbb_therm,sci_flbb_therm,,,,1,GA05MOAS,GL001,FLORD
GA05MOAS-GL001-01-FLORDM000,flord_m_bback_total,flord_m_bback_total,0.0003,1,L2,m-1,GA05MOAS,GL001,FLORD
GA05MOAS-GL001-01-FLORDM000,flord_m_scat_seawater,flord_m_scat_seawater,,,AUX,m-1,GA05MOAS,GL001,FLORD
GA05MOAS-GL001-01-FLORDM000,time,time,,,ENG,seconds since 1900-01-01,GA05MOAS,GL001,FLORD
GA05MOAS-GL001-01-FLORDM000,ingestion_timestamp,ingestion_timestamp,,,ENG,seconds since 1900-01-01,GA05MOAS,GL001,FLORD
GA05MOAS-GL001-02-DOSTAM000,driver_timestamp,driver_timestamp,,,ENG,seconds since 1900-01-01,GA05MOAS,GL001,DOSTA
GA05MOAS-GL001-02-DOSTAM000,internal_timestamp,internal_timestamp,,,ENG,seconds since 1900-01-01,GA05MOAS,GL001,DOSTA
GA05MOAS-GL001-02-DOSTAM000,m_present_secs_into_mission,m_present_secs_into_mission,,,ENG,s,GA05MOAS,GL001,DOSTA
GA05MOAS-GL001-02-DOSTAM000,m_present_time,m_present_time,,,AUX,seconds since 1970-01-01,GA05MOAS,GL001,DOSTA
GA05MOAS-GL001-02-DOSTAM000,sci_m_present_secs_into_mission,sci_m_present_secs_into_mission,,,,s,GA05MOAS,GL001,DOSTA
GA05MOAS-GL001-02-DOSTAM000,sci_m_present_time,sci_m_present_time,,,,seconds since 1970-01-01,GA05MOAS,GL001,DOSTA
GA05MOAS-GL001-02-DOSTAM000,sci_oxy4_c1amp,sci_oxy4_c1amp,,,,mV,GA05MOAS,GL001,DOSTA
GA05MOAS-GL001-02-DOSTAM000,sci_oxy4_c1rph,sci_oxy4_c1rph,,,,degrees,GA05MOAS,GL001,DOSTA
GA05MOAS-GL001-02-DOSTAM000,sci_oxy4_c2amp,sci_oxy4_c2amp,,,,mV,GA05MOAS,GL001,DOSTA
GA05MOAS-GL001-02-DOSTAM000,sci_oxy4_c2rph,sci_oxy4_c2rph,,,,degrees,GA05MOAS,GL001,DOSTA
GA05MOAS-GL001-02-DOSTAM000,sci_oxy4_calphase,sci_oxy4_calphase,,,L0,degrees,GA05MOAS,GL001,DOSTA
GA05MOAS-GL001-02-DOSTAM000,sci_oxy4_oxygen,sci_oxy4_oxygen,0,400,L1,umol L-1,GA05MOAS,GL001,DOSTA
GA05MOAS-GL001-02-DOSTAM000,sci_oxy4_rawtemp,sci_oxy4_rawtemp,,,,mV,GA05MOAS,GL001,DOSTA
GA05MOAS-GL001-02-DOSTAM000,sci_oxy4_saturation,sci_oxy4_saturation,,,,percent,GA05MOAS,GL001,DOSTA
GA05MOAS-GL001-02-DOSTAM000,sci_oxy4_tcphase,sci_oxy4_tcphase,,,,degrees,GA05MOAS,GL001,DOSTA
GA05MOAS-GL001-02-DOSTAM000,sci_oxy4_temp,sci_oxy4_temp,,,,deg_C,GA05MOAS,GL001,DOSTA
GA05MOAS-GL001-02-DOSTAM000,sci_oxy4_timestamp,sci_oxy4_timestamp,,,,1,GA05MOAS,GL001,DOSTA
GA05MOAS-GL001-02-DOSTAM000,sci_water_cond,sci_water_cond,0,6,L1,S m-1,GA05MOAS,GL001,DOSTA
GA05MOAS-GL001-02-DOSTAM000,sci_water_pressure,sci_water_pressure,0,6000,L1,dbar,GA05MOAS,GL001,DOSTA
GA05MOAS-GL001-02-DOSTAM000,sci_water_temp,sci_water_temp,-2,40,L1,deg_C,GA05MOAS,GL001,DOSTA
GA05MOAS-GL001-02-DOSTAM000,preferred_timestamp,preferred_timestamp,,,ENG,1,GA05MOAS,GL001,DOSTA
GA05MOAS-GL001-02-DOSTAM000,sci_abs_oxygen,sci_abs_oxygen,0,400,L2,umol kg-1,GA05MOAS,GL001,DOSTA
GA05MOAS-GL001-02-DOSTAM000,time,time,,,ENG,seconds since 1900-01-01,GA05MOAS,GL001,DOSTA
GA05MOAS-GL001-02-DOSTAM000,ingestion_timestamp,ingestion_timestamp,,,ENG,seconds since 1900-01-01,GA05MOAS,GL001,DOSTA
GA05MOAS-GL001-04-CTDGVM000,driver_timestamp,driver_timestamp,,,ENG,seconds since 1900-01-01,GA05MOAS,GL001,CTDGV
GA05MOAS-GL001-04-CTDGVM000,internal_timestamp,internal_timestamp,,,ENG,seconds since 1900-01-01,GA05MOAS,GL001,CTDGV
GA05MOAS-GL001-04-CTDGVM000,m_present_secs_into_mission,m_present_secs_into_mission,,,ENG,s,GA05MOAS,GL001,CTDGV
GA05MOAS-GL001-04-CTDGVM000,m_present_time,m_present_time,,,AUX,seconds since 1970-01-01,GA05MOAS,GL001,CTDGV
GA05MOAS-GL001-04-CTDGVM000,sci_ctd41cp_timestamp,sci_ctd41cp_timestamp,,,,seconds since 1970-01-01,GA05MOAS,GL001,CTDGV
GA05MOAS-GL001-04-CTDGVM000,sci_m_present_secs_into_mission,sci_m_present_secs_into_mission,,,,s,GA05MOAS,GL001,CTDGV
GA05MOAS-GL001-04-CTDGVM000,sci_m_present_time,sci_m_present_time,,,,seconds since 1970-01-01,GA05MOAS,GL001,CTDGV
GA05MOAS-GL001-04-CTDGVM000,sci_water_cond,sci_water_cond,0,6,L1,S m-1,GA05MOAS,GL001,CTDGV
GA05MOAS-GL001-04-CTDGVM000,sci_water_pressure,sci_water_pressure,0,6000,L1,dbar,GA05MOAS,GL001,CTDGV
GA05MOAS-GL001-04-CTDGVM000,sci_water_temp,sci_water_temp,-2,40,L1,deg_C,GA05MOAS,GL001,CTDGV
GA05MOAS-GL001-04-CTDGVM000,sci_water_pracsal,sci_water_pracsal,0,42,L2,1,GA05MOAS,GL001,CTDGV
GA05MOAS-GL001-04-CTDGVM000,preferred_timestamp,preferred_timestamp,,,ENG,1,GA05MOAS,GL001,CTDGV
GA05MOAS-GL001-04-CTDGVM000,sci_seawater_density,sci_seawater_density,1000,1100,L2,kg m-3,GA05MOAS,GL001,CTDGV
GA05MOAS-GL001-04-CTDGVM000,time,time,,,ENG,seconds since 1900-01-01,GA05MOAS,GL001,CTDGV
GA05MOAS-GL001-04-CTDGVM000,ingestion_timestamp,ingestion_timestamp,,,ENG,seconds since 1900-01-01,GA05MOAS,GL001,CTDGV
GA05MOAS-GL002-01-FLORDM000,driver_timestamp,driver_timestamp,,,ENG,seconds since 1900-01-01,GA05MOAS,GL002,FLORD
GA05MOAS-GL002-01-FLORDM000,internal_timestamp,internal_timestamp,,,ENG,seconds since 1900-01-01,GA05MOAS,GL002,FLORD
GA05MOAS-GL002-01-FLORDM000,m_present_secs_into_mission,m_present_secs_into_mission,,,ENG,s,GA05MOAS,GL002,FLORD
GA05MOAS-GL002-01-FLORDM000,m_present_time,m_present_time,,,AUX,seconds since 1970-01-01,GA05MOAS,GL002,FLORD
GA05MOAS-GL002-01-FLORDM000,sci_m_present_secs_into_mission,sci_m_present_secs_into_mission,,,,s,GA05MOAS,GL002,FLORD
GA05MOAS-GL002-01-FLORDM000,sci_m_present_time,sci_m_present_time,,,,seconds since 1970-01-01,GA05MOAS,GL002,FLORD
GA05MOAS-GL002-01-FLORDM000,sci_flbb_bb_units,sci_flbb_bb_units,,,L1,m-1 sr-1,GA05MOAS,GL002,FLORD
GA05MOAS-GL002-01-FLORDM000,sci_flbb_chlor_units,sci_flbb_chlor_units,0,50,L1,ug L-1,GA05MOAS,GL002,FLORD
GA05MOAS-GL002-01-FLORDM000,preferred_timestamp,preferred_timestamp,,,ENG,1,GA05MOAS,GL002,FLORD
GA05MOAS-GL002-01-FLORDM000,sci_flbb_timestamp,sci_flbb_timestamp,,,,seconds since 1970-01-01,GA05MOAS,GL002,FLORD
GA05MOAS-GL002-01-FLORDM000,sci_flbb_bb_ref,sci_flbb_bb_ref,,,,nm,GA05MOAS,GL002,FLORD
GA05MOAS-GL002-01-FLORDM000,sci_flbb_bb_sig,sci_flbb_bb_sig,,,L0,counts,GA05MOAS,GL002,FLORD
GA05MOAS-GL002-01-FLORDM000,sci_flbb_chlor_ref,sci_flbb_chlor_ref,,,,nm,GA05MOAS,GL002,FLORD
GA05MOAS-GL002-01-FLORDM000,sci_flbb_chlor_sig,sci_flbb_chlor_sig,,,L0,counts,GA05MOAS,GL002,FLORD
GA05MOAS-GL002-01-FLORDM000,sci_flbb_therm,sci_flbb_therm,,,,1,GA05MOAS,GL002,FLORD
GA05MOAS-GL002-01-FLORDM000,flord_m_bback_total,flord_m_bback_total,0.0003,1,L2,m-1,GA05MOAS,GL002,FLORD
GA05MOAS-GL002-01-FLORDM000,flord_m_scat_seawater,flord_m_scat_seawater,,,AUX,m-1,GA05MOAS,GL002,FLORD
GA05MOAS-GL002-01-FLORDM000,time,time,,,ENG,seconds since 1900-01-01,GA05MOAS,GL002,FLORD
GA05MOAS-GL002-01-FLORDM000,ingestion_timestamp,ingestion_timestamp,,,ENG,seconds since 1900-01-01,GA05MOAS,GL002,FLORD
GA05MOAS-GL002-02-DOSTAM000,driver_timestamp,driver_timestamp,,,ENG,seconds since 1900-01-01,GA05MOAS,GL002,DOSTA
GA05MOAS-GL002-02-DOSTAM000,internal_timestamp,internal_timestamp,,,ENG,seconds since 1900-01-01,GA05MOAS,GL002,DOSTA
GA05MOAS-GL002-02-DOSTAM000,m_present_secs_into_mission,m_present_secs_into_mission,,,ENG,s,GA05MOAS,GL002,DOSTA
GA05MOAS-GL002-02-DOSTAM000,m_present_time,m_present_time,,,AUX,seconds since 1970-01-01,GA05MOAS,GL002,DOSTA
GA05MOAS-GL002-02-DOSTAM000,sci_m_present_secs_into_mission,sci_m_present_secs_into_mission,,,,s,GA05MOAS,GL002,DOSTA
GA05MOAS-GL002-02-DOSTAM000,sci_m_present_time,sci_m_present_time,,,,seconds since 1970-01-01,GA05MOAS,GL002,DOSTA
GA05MOAS-GL002-02-DOSTAM000,sci_oxy4_c1amp,sci_oxy4_c1amp,,,,mV,GA05MOAS,GL002,DOSTA
GA05MOAS-GL002-02-DOSTAM000,sci_oxy4_c1rph,sci_oxy4_c1rph,,,,degrees,GA05MOAS,GL002,DOSTA
GA05MOAS-GL002-02-DOSTAM000,sci_oxy4_c2amp,sci_oxy4_c2amp,,,,mV,GA05MOAS,GL002,DOSTA
GA05MOAS-GL002-02-DOSTAM000,sci_oxy4_c2rph,sci_oxy4_c2rph,,,,degrees,GA05MOAS,GL002,DOSTA
GA05MOAS-GL002-02-DOSTAM000,sci_oxy4_calphase,sci_oxy4_calphase,,,L0,degrees,GA05MOAS,GL002,DOSTA
GA05MOAS-GL002-02-DOSTAM000,sci_oxy4_oxygen,sci_oxy4_oxygen,0,400,L1,umol L-1,GA05MOAS,GL002,DOSTA
GA05MOAS-GL002-02-DOSTAM000,sci_oxy4_rawtemp,sci_oxy4_rawtemp,,,,mV,GA05MOAS,GL002,DOSTA
GA05MOAS-GL002-02-DOSTAM000,sci_oxy4_saturation,sci_oxy4_saturation,,,,percent,GA05MOAS,GL002,DOSTA
GA05MOAS-GL002-02-DOSTAM000,sci_oxy4_tcphase,sci_oxy4_tcphase,,,,degrees,GA05MOAS,GL002,DOSTA
GA05MOAS-GL002-02-DOSTAM000,sci_oxy4_temp,sci_oxy4_temp,,,,deg_C,GA05MOAS,GL002,DOSTA
GA05MOAS-GL002-02-DOSTAM000,sci_oxy4_timestamp,sci_oxy4_timestamp,,,,1,GA05MOAS,GL002,DOSTA
GA05MOAS-GL002-02-DOSTAM000,sci_water_cond,sci_water_cond,0,6,L1,S m-1,GA05MOAS,GL002,DOSTA
GA05MOAS-GL002-02-DOSTAM000,sci_water_pressure,sci_water_pressure,0,6000,L1,dbar,GA05MOAS,GL002,DOSTA
GA05MOAS-GL002-02-DOSTAM000,sci_water_temp,sci_water_temp,-2,40,L1,deg_C,GA05MOAS,GL002,DOSTA
GA05MOAS-GL002-02-DOSTAM000,preferred_timestamp,preferred_timestamp,,,ENG,1,GA05MOAS,GL002,DOSTA
GA05MOAS-GL002-02-DOSTAM000,sci_abs_oxygen,sci_abs_oxygen,0,400,L2,umol kg-1,GA05MOAS,GL002,DOSTA
GA05MOAS-GL002-02-DOSTAM000,time,time,,,ENG,seconds since 1900-01-01,GA05MOAS,GL002,DOSTA
GA05MOAS-GL002-02-DOSTAM000,ingestion_timestamp,ingestion_timestamp,,,ENG,seconds since 1900-01-01,GA05MOAS,GL002,DOSTA
GA05MOAS-GL002-04-CTDGVM000,driver_timestamp,driver_timestamp,,,ENG,seconds since 1900-01-01,GA05MOAS,GL002,CTDGV
GA05MOAS-GL002-04-CTDGVM000,internal_timestamp,internal_timestamp,,,ENG,seconds since 1900-01-01,GA05MOAS,GL002,CTDGV
GA05MOAS-GL002-04-CTDGVM000,m_present_secs_into_mission,m_present_secs_into_mission,,,ENG,s,GA05MOAS,GL002,CTDGV
GA05MOAS-GL002-04-CTDGVM000,m_present_time,m_present_time,,,AUX,seconds since 1970-01-01,GA05MOAS,GL002,CTDGV
GA05MOAS-GL002-04-CTDGVM000,sci_ctd41cp_timestamp,sci_ctd41cp_timestamp,,,,seconds since 1970-01-01,GA05MOAS,GL002,CTDGV
GA05MOAS-GL002-04-CTDGVM000,sci_m_present_secs_into_mission,sci_m_present_secs_into_mission,,,,s,GA05MOAS,GL002,CTDGV
GA05MOAS-GL002-04-CTDGVM000,sci_m_present_time,sci_m_present_time,,,,seconds since 1970-01-01,GA05MOAS,GL002,CTDGV
GA05MOAS-GL002-04-CTDGVM000,sci_water_cond,sci_water_cond,0,6,L1,S m-1,GA05MOAS,GL002,CTDGV
GA05MOAS-GL002-04-CTDGVM000,sci_water_pressure,sci_water_pressure,0,6000,L1,dbar,GA05MOAS,GL002,CTDGV
GA05MOAS-GL002-04-CTDGVM000,sci_water_temp,sci_water_temp,-2,40,L1,deg_C,GA05MOAS,GL002,CTDGV
GA05MOAS-GL002-04-CTDGVM000,sci_water_pracsal,sci_water_pracsal,0,42,L2,1,GA05MOAS,GL002,CTDGV
GA05MOAS-GL002-04-CTDGVM000,preferred_timestamp,preferred_timestamp,,,ENG,1,GA05MOAS,GL002,CTDGV
GA05MOAS-GL002-04-CTDGVM000,sci_seawater_density,sci_seawater_density,1000,1100,L2,kg m-3,GA05MOAS,GL002,CTDGV
GA05MOAS-GL002-04-CTDGVM000,time,time,,,ENG,seconds since 1900-01-01,GA05MOAS,GL002,CTDGV
GA05MOAS-GL002-04-CTDGVM000,ingestion_timestamp,ingestion_timestamp,,,ENG,seconds since 1900-01-01,GA05MOAS,GL002,CTDGV
GA05MOAS-GL003-01-FLORDM000,driver_timestamp,driver_timestamp,,,ENG,seconds since 1900-01-01,GA05MOAS,GL003,FLORD
GA05MOAS-GL003-01-FLORDM000,internal_timestamp,internal_timestamp,,,ENG,seconds since 1900-01-01,GA05MOAS,GL003,FLORD
GA05MOAS-GL003-01-FLORDM000,m_present_secs_into_mission,m_present_secs_into_mission,,,ENG,s,GA05MOAS,GL003,FLORD
GA05MOAS-GL003-01-FLORDM000,m_present_time,m_present_time,,,AUX,seconds since 1970-01-01,GA05MOAS,GL003,FLORD
GA05MOAS-GL003-01-FLORDM000,sci_m_present_secs_into_mission,sci_m_present_secs_into_mission,,,,s,GA05MOAS,GL003,FLORD
GA05MOAS-GL003-01-FLORDM000,sci_m_present_time,sci_m_present_time,,,,seconds since 1970-01-01,GA05MOAS,GL003,FLORD
GA05MOAS-GL003-01-FLORDM000,sci_flbb_bb_units,sci_flbb_bb_units,,,L1,m-1 sr-1,GA05MOAS,GL003,FLORD
GA05MOAS-GL003-01-FLORDM000,sci_flbb_chlor_units,sci_flbb_chlor_units,0,50,L1,ug L-1,GA05MOAS,GL003,FLORD
GA05MOAS-GL003-01-FLORDM000,preferred_timestamp,preferred_timestamp,,,ENG,1,GA05MOAS,GL003,FLORD
GA05MOAS-GL003-01-FLORDM000,sci_flbb_timestamp,sci_flbb_timestamp,,,,seconds since 1970-01-01,GA05MOAS,GL003,FLORD
GA05MOAS-GL003-01-FLORDM000,sci_flbb_bb_ref,sci_flbb_bb_ref,,,,nm,GA05MOAS,GL003,FLORD
GA05MOAS-GL003-01-FLORDM000,sci_flbb_bb_sig,sci_flbb_bb_sig,,,L0,counts,GA05MOAS,GL003,FLORD
GA05MOAS-GL003-01-FLORDM000,sci_flbb_chlor_ref,sci_flbb_chlor_ref,,,,nm,GA05MOAS,GL003,FLORD
GA05MOAS-GL003-01-FLORDM000,sci_flbb_chlor_sig,sci_flbb_chlor_sig,,,L0,counts,GA05MOAS,GL003,FLORD
GA05MOAS-GL003-01-FLORDM000,sci_flbb_therm,sci_flbb_therm,,,,1,GA05MOAS,GL003,FLORD
GA05MOAS-GL003-01-FLORDM000,flord_m_bback_total,flord_m_bback_total,0.0003,1,L2,m-1,GA05MOAS,GL003,FLORD
GA05MOAS-GL003-01-FLORDM000,flord_m_scat_seawater,flord_m_scat_seawater,,,AUX,m-1,GA05MOAS,GL003,FLORD
GA05MOAS-GL003-01-FLORDM000,time,time,,,ENG,seconds since 1900-01-01,GA05MOAS,GL003,FLORD
GA05MOAS-GL003-01-FLORDM000,ingestion_timestamp,ingestion_timestamp,,,ENG,seconds since 1900-01-01,GA05MOAS,GL003,FLORD
GA05MOAS-GL003-02-DOSTAM000,driver_timestamp,driver_timestamp,,,ENG,seconds since 1900-01-01,GA05MOAS,GL003,DOSTA
GA05MOAS-GL003-02-DOSTAM000,internal_timestamp,internal_timestamp,,,ENG,seconds since 1900-01-01,GA05MOAS,GL003,DOSTA
GA05MOAS-GL003-02-DOSTAM000,m_present_secs_into_mission,m_present_secs_into_mission,,,ENG,s,GA05MOAS,GL003,DOSTA
GA05MOAS-GL003-02-DOSTAM000,m_present_time,m_present_time,,,AUX,seconds since 1970-01-01,GA05MOAS,GL003,DOSTA
GA05MOAS-GL003-02-DOSTAM000,sci_m_present_secs_into_mission,sci_m_present_secs_into_mission,,,,s,GA05MOAS,GL003,DOSTA
GA05MOAS-GL003-02-DOSTAM000,sci_m_present_time,sci_m_present_time,,,,seconds since 1970-01-01,GA05MOAS,GL003,DOSTA
GA05MOAS-GL003-02-DOSTAM000,sci_oxy4_c1amp,sci_oxy4_c1amp,,,,mV,GA05MOAS,GL003,DOSTA
GA05MOAS-GL003-02-DOSTAM000,sci_oxy4_c1rph,sci_oxy4_c1rph,,,,degrees,GA05MOAS,GL003,DOSTA
GA05MOAS-GL003-02-DOSTAM000,sci_oxy4_c2amp,sci_oxy4_c2amp,,,,mV,GA05MOAS,GL003,DOSTA
GA05MOAS-GL003-02-DOSTAM000,sci_oxy4_c2rph,sci_oxy4_c2rph,,,,degrees,GA05MOAS,GL003,DOSTA
GA05MOAS-GL003-02-DOSTAM000,sci_oxy4_calphase,sci_oxy4_calphase,,,L0,degrees,GA05MOAS,GL003,DOSTA
GA05MOAS-GL003-02-DOSTAM000,sci_oxy4_oxygen,sci_oxy4_oxygen,0,400,L1,umol L-1,GA05MOAS,GL003,DOSTA
GA05MOAS-GL003-02-DOSTAM000,sci_oxy4_rawtemp,sci_oxy4_rawtemp,,,,mV,GA05MOAS,GL003,DOSTA
GA05MOAS-GL003-02-DOSTAM000,sci_oxy4_saturation,sci_oxy4_saturation,,,,percent,GA05MOAS,GL003,DOSTA
GA05MOAS-GL003-02-DOSTAM000,sci_oxy4_tcphase,sci_oxy4_tcphase,,,,degrees,GA05MOAS,GL003,DOSTA
GA05MOAS-GL003-02-DOSTAM000,sci_oxy4_temp,sci_oxy4_temp,,,,deg_C,GA05MOAS,GL003,DOSTA
GA05MOAS-GL003-02-DOSTAM000,sci_oxy4_timestamp,sci_oxy4_timestamp,,,,1,GA05MOAS,GL003,DOSTA
GA05MOAS-GL003-02-DOSTAM000,sci_water_cond,sci_water_cond,0,6,L1,S m-1,GA05MOAS,GL003,DOSTA
GA05MOAS-GL003-02-DOSTAM000,sci_water_pressure,sci_water_pressure,0,6000,L1,dbar,GA05MOAS,GL003,DOSTA
GA05MOAS-GL003-02-DOSTAM000,sci_water_temp,sci_water_temp,-2,40,L1,deg_C,GA05MOAS,GL003,DOSTA
GA05MOAS-GL003-02-DOSTAM000,preferred_timestamp,preferred_timestamp,,,ENG,1,GA05MOAS,GL003,DOSTA
GA05MOAS-GL003-02-DOSTAM000,sci_abs_oxygen,sci_abs_oxygen,0,400,L2,umol kg-1,GA05MOAS,GL003,DOSTA
GA05MOAS-GL003-02-DOSTAM000,time,time,,,ENG,seconds since 1900-01-01,GA05MOAS,GL003,DOSTA
GA05MOAS-GL003-02-DOSTAM000,ingestion_timestamp,ingestion_timestamp,,,ENG,seconds since 1900-01-01,GA05MOAS,GL003,DOSTA
GA05MOAS-GL003-04-CTDGVM000,driver_timestamp,driver_timestamp,,,ENG,seconds since 1900-01-01,GA05MOAS,GL003,CTDGV
GA05MOAS-GL003-04-CTDGVM000,internal_timestamp,internal_timestamp,,,ENG,seconds since 1900-01-01,GA05MOAS,GL003,CTDGV
GA05MOAS-GL003-04-CTDGVM000,m_present_secs_into_mission,m_present_secs_into_mission,,,ENG,s,GA05MOAS,GL003,CTDGV
GA05MOAS-GL003-04-CTDGVM000,m_present_time,m_present_time,,,AUX,seconds since 1970-01-01,GA05MOAS,GL003,CTDGV
GA05MOAS-GL003-04-CTDGVM000,sci_ctd41cp_timestamp,sci_ctd41cp_timestamp,,,,seconds since 1970-01-01,GA05MOAS,GL003,CTDGV
GA05MOAS-GL003-04-CTDGVM000,sci_m_present_secs_into_mission,sci_m_present_secs_into_mission,,,,s,GA05MOAS,GL003,CTDGV
GA05MOAS-GL003-04-CTDGVM000,sci_m_present_time,sci_m_present_time,,,,seconds since 1970-01-01,GA05MOAS,GL003,CTDGV
GA05MOAS-GL003-04-CTDGVM000,sci_water_cond,sci_water_cond,0,6,L1,S m-1,GA05MOAS,GL003,CTDGV
GA05MOAS-GL003-04-CTDGVM000,sci_water_pressure,sci_water_pressure,0,6000,L1,dbar,GA05MOAS,GL003,CTDGV
GA05MOAS-GL003-04-CTDGVM000,sci_water_temp,sci_water_temp,-2,40,L1,deg_C,GA05MOAS,GL003,CTDGV
GA05MOAS-GL003-04-CTDGVM000,sci_water_pracsal,sci_water_pracsal,0,42,L2,1,GA05MOAS,GL003,CTDGV
GA05MOAS-GL003-04-CTDGVM000,preferred_timestamp,preferred_timestamp,,,ENG,1,GA05MOAS,GL003,CTDGV
GA05MOAS-GL003-04-CTDGVM000,sci_seawater_density,sci_seawater_density,1000,1100,L2,kg m-3,GA05MOAS,GL003,CTDGV
GA05MOAS-GL003-04-CTDGVM000,time,time,,,ENG,seconds since 1900-01-01,GA05MOAS,GL003,CTDGV
GA05MOAS-GL003-04-CTDGVM000,ingestion_timestamp,ingestion_timestamp,,,ENG,seconds since 1900-01-01,GA05MOAS,GL003,CTDGV
GA05MOAS-GL004-01-FLORDM000,driver_timestamp,driver_timestamp,,,ENG,seconds since 1900-01-01,GA05MOAS,GL004,FLORD
GA05MOAS-GL004-01-FLORDM000,internal_timestamp,internal_timestamp,,,ENG,seconds since 1900-01-01,GA05MOAS,GL004,FLORD
GA05MOAS-GL004-01-FLORDM000,m_present_secs_into_mission,m_present_secs_into_mission,,,ENG,s,GA05MOAS,GL004,FLORD
GA05MOAS-GL004-01-FLORDM000,m_present_time,m_present_time,,,AUX,seconds since 1970-01-01,GA05MOAS,GL004,FLORD
GA05MOAS-GL004-01-FLORDM000,sci_m_present_secs_into_mission,sci_m_present_secs_into_mission,,,,s,GA05MOAS,GL004,FLORD
GA05MOAS-GL004-01-FLORDM000,sci_m_present_time,sci_m_present_time,,,,seconds since 1970-01-01,GA05MOAS,GL004,FLORD
GA05MOAS-GL004-01-FLORDM000,sci_flbb_bb_units,sci_flbb_bb_units,,,L1,m-1 sr-1,GA05MOAS,GL004,FLORD
GA05MOAS-GL004-01-FLORDM000,sci_flbb_chlor_units,sci_flbb_chlor_units,0,50,L1,ug L-1,GA05MOAS,GL004,FLORD
GA05MOAS-GL004-01-FLORDM000,preferred_timestamp,preferred_timestamp,,,ENG,1,GA05MOAS,GL004,FLORD
GA05MOAS-GL004-01-FLORDM000,sci_flbb_timestamp,sci_flbb_timestamp,,,,seconds since 1970-01-01,GA05MOAS,GL004,FLORD
GA05MOAS-GL004-01-FLORDM000,sci_flbb_bb_ref,sci_flbb_bb_ref,,,,nm,GA05MOAS,GL004,FLORD
GA05MOAS-GL004-01-FLORDM000,sci_flbb_bb_sig,sci_flbb_bb_sig,,,L0,counts,GA05MOAS,GL004,FLORD
GA05MOAS-GL004-01-FLORDM000,sci_flbb_chlor_ref,sci_flbb_chlor_ref,,,,nm,GA05MOAS,GL004,FLORD
GA05MOAS-GL004-01-FLORDM000,sci_flbb_chlor_sig,sci_flbb_chlor_sig,,,L0,counts,GA05MOAS,GL004,FLORD
GA05MOAS-GL004-01-FLORDM000,sci_flbb_therm,sci_flbb_therm,,,,1,GA05MOAS,GL004,FLORD
GA05MOAS-GL004-01-FLORDM000,flord_m_bback_total,flord_m_bback_total,0.0003,1,L2,m-1,GA05MOAS,GL004,FLORD
GA05MOAS-GL004-01-FLORDM000,flord_m_scat_seawater,flord_m_scat_seawater,,,AUX,m-1,GA05MOAS,GL004,FLORD
GA05MOAS-GL004-01-FLORDM000,time,time,,,ENG,seconds since 1900-01-01,GA05MOAS,GL004,FLORD
GA05MOAS-GL004-01-FLORDM000,ingestion_timestamp,ingestion_timestamp,,,ENG,seconds since 1900-01-01,GA05MOAS,GL004,FLORD
GA05MOAS-GL004-02-DOSTAM000,driver_timestamp,driver_timestamp,,,ENG,seconds since 1900-01-01,GA05MOAS,GL004,DOSTA
GA05MOAS-GL004-02-DOSTAM000,internal_timestamp,internal_timestamp,,,ENG,seconds since 1900-01-01,GA05MOAS,GL004,DOSTA
GA05MOAS-GL004-02-DOSTAM000,m_present_secs_into_mission,m_present_secs_into_mission,,,ENG,s,GA05MOAS,GL004,DOSTA
GA05MOAS-GL004-02-DOSTAM000,m_present_time,m_present_time,,,AUX,seconds since 1970-01-01,GA05MOAS,GL004,DOSTA
GA05MOAS-GL004-02-DOSTAM000,sci_m_present_secs_into_mission,sci_m_present_secs_into_mission,,,,s,GA05MOAS,GL004,DOSTA
GA05MOAS-GL004-02-DOSTAM000,sci_m_present_time,sci_m_present_time,,,,seconds since 1970-01-01,GA05MOAS,GL004,DOSTA
GA05MOAS-GL004-02-DOSTAM000,sci_oxy4_c1amp,sci_oxy4_c1amp,,,,mV,GA05MOAS,GL004,DOSTA
GA05MOAS-GL004-02-DOSTAM000,sci_oxy4_c1rph,sci_oxy4_c1rph,,,,degrees,GA05MOAS,GL004,DOSTA
GA05MOAS-GL004-02-DOSTAM000,sci_oxy4_c2amp,sci_oxy4_c2amp,,,,mV,GA05MOAS,GL004,DOSTA
GA05MOAS-GL004-02-DOSTAM000,sci_oxy4_c2rph,sci_oxy4_c2rph,,,,degrees,GA05MOAS,GL004,DOSTA
GA05MOAS-GL004-02-DOSTAM000,sci_oxy4_calphase,sci_oxy4_calphase,,,L0,degrees,GA05MOAS,GL004,DOSTA
GA05MOAS-GL004-02-DOSTAM000,sci_oxy4_oxygen,sci_oxy4_oxygen,0,400,L1,umol L-1,GA05MOAS,GL004,DOSTA
GA05MOAS-GL004-02-DOSTAM000,sci_oxy4_rawtemp,sci_oxy4_rawtemp,,,,mV,GA05MOAS,GL004,DOSTA
GA05MOAS-GL004-02-DOSTAM000,sci_oxy4_saturation,sci_oxy4_saturation,,,,percent,GA05MOAS,GL004,DOSTA
GA05MOAS-GL004-02-DOSTAM000,sci_oxy4_tcphase,sci_oxy4_tcphase,,,,degrees,GA05MOAS,GL004,DOSTA
GA05MOAS-GL004-02-DOSTAM000,sci_oxy4_temp,sci_oxy4_temp,,,,deg_C,GA05MOAS,GL004,DOSTA
GA05MOAS-GL004-02-DOSTAM000,sci_oxy4_timestamp,sci_oxy4_timestamp,,,,1,GA05MOAS,GL004,DOSTA
GA05MOAS-GL004-02-DOSTAM000,sci_water_cond,sci_water_cond,0,6,L1,S m-1,GA05MOAS,GL004,DOSTA
GA05MOAS-GL004-02-DOSTAM000,sci_water_pressure,sci_water_pressure,0,6000,L1,dbar,GA05MOAS,GL004,DOSTA
GA05MOAS-GL004-02-DOSTAM000,sci_water_temp,sci_water_temp,-2,40,L1,deg_C,GA05MOAS,GL004,DOSTA
GA05MOAS-GL004-02-DOSTAM000,preferred_timestamp,preferred_timestamp,,,ENG,1,GA05MOAS,GL004,DOSTA
GA05MOAS-GL004-02-DOSTAM000,sci_abs_oxygen,sci_abs_oxygen,0,400,L2,umol kg-1,GA05MOAS,GL004,DOSTA
GA05MOAS-GL004-02-DOSTAM000,time,time,,,ENG,seconds since 1900-01-01,GA05MOAS,GL004,DOSTA
GA05MOAS-GL004-02-DOSTAM000,ingestion_timestamp,ingestion_timestamp,,,ENG,seconds since 1900-01-01,GA05MOAS,GL004,DOSTA
GA05MOAS-GL004-04-CTDGVM000,driver_timestamp,driver_timestamp,,,ENG,seconds since 1900-01-01,GA05MOAS,GL004,CTDGV
GA05MOAS-GL004-04-CTDGVM000,internal_timestamp,internal_timestamp,,,ENG,seconds since 1900-01-01,GA05MOAS,GL004,CTDGV
GA05MOAS-GL004-04-CTDGVM000,m_present_secs_into_mission,m_present_secs_into_mission,,,ENG,s,GA05MOAS,GL004,CTDGV
GA05MOAS-GL004-04-CTDGVM000,m_present_time,m_present_time,,,AUX,seconds since 1970-01-01,GA05MOAS,GL004,CTDGV
GA05MOAS-GL004-04-CTDGVM000,sci_ctd41cp_timestamp,sci_ctd41cp_timestamp,,,,seconds since 1970-01-01,GA05MOAS,GL004,CTDGV
GA05MOAS-GL004-04-CTDGVM000,sci_m_present_secs_into_mission,sci_m_present_secs_into_mission,,,,s,GA05MOAS,GL004,CTDGV
GA05MOAS-GL004-04-CTDGVM000,sci_m_present_time,sci_m_present_time,,,,seconds since 1970-01-01,GA05MOAS,GL004,CTDGV
GA05MOAS-GL004-04-CTDGVM000,sci_water_cond,sci_water_cond,0,6,L1,S m-1,GA05MOAS,GL004,CTDGV
GA05MOAS-GL004-04-CTDGVM000,sci_water_pressure,sci_water_pressure,0,6000,L1,dbar,GA05MOAS,GL004,CTDGV
GA05MOAS-GL004-04-CTDGVM000,sci_water_temp,sci_water_temp,-2,40,L1,deg_C,GA05MOAS,GL004,CTDGV
GA05MOAS-GL004-04-CTDGVM000,sci_water_pracsal,sci_water_pracsal,0,42,L2,1,GA05MOAS,GL004,CTDGV
GA05MOAS-GL004-04-CTDGVM000,preferred_timestamp,preferred_timestamp,,,ENG,1,GA05MOAS,GL004,CTDGV
GA05MOAS-GL004-04-CTDGVM000,sci_seawater_density,sci_seawater_density,1000,1100,L2,kg m-3,GA05MOAS,GL004,CTDGV
GA05MOAS-GL004-04-CTDGVM000,time,time,,,ENG,seconds since 1900-01-01,GA05MOAS,GL004,CTDGV
GA05MOAS-GL004-04-CTDGVM000,ingestion_timestamp,ingestion_timestamp,,,ENG,seconds since 1900-01-01,GA05MOAS,GL004,CTDGV
GA05MOAS-GL005-01-FLORDM000,driver_timestamp,driver_timestamp,,,ENG,seconds since 1900-01-01,GA05MOAS,GL005,FLORD
GA05MOAS-GL005-01-FLORDM000,internal_timestamp,internal_timestamp,,,ENG,seconds since 1900-01-01,GA05MOAS,GL005,FLORD
GA05MOAS-GL005-01-FLORDM000,m_present_secs_into_mission,m_present_secs_into_mission,,,ENG,s,GA05MOAS,GL005,FLORD
GA05MOAS-GL005-01-FLORDM000,m_present_time,m_present_time,,,AUX,seconds since 1970-01-01,GA05MOAS,GL005,FLORD
GA05MOAS-GL005-01-FLORDM000,sci_m_present_secs_into_mission,sci_m_present_secs_into_mission,,,,s,GA05MOAS,GL005,FLORD
GA05MOAS-GL005-01-FLORDM000,sci_m_present_time,sci_m_present_time,,,,seconds since 1970-01-01,GA05MOAS,GL005,FLORD
GA05MOAS-GL005-01-FLORDM000,sci_flbb_bb_units,sci_flbb_bb_units,,,L1,m-1 sr-1,GA05MOAS,GL005,FLORD
GA05MOAS-GL005-01-FLORDM000,sci_flbb_chlor_units,sci_flbb_chlor_units,0,50,L1,ug L-1,GA05MOAS,GL005,FLORD
GA05MOAS-GL005-01-FLORDM000,preferred_timestamp,preferred_timestamp,,,ENG,1,GA05MOAS,GL005,FLORD
GA05MOAS-GL005-01-FLORDM000,sci_flbb_timestamp,sci_flbb_timestamp,,,,seconds since 1970-01-01,GA05MOAS,GL005,FLORD
GA05MOAS-GL005-01-FLORDM000,sci_flbb_bb_ref,sci_flbb_bb_ref,,,,nm,GA05MOAS,GL005,FLORD
GA05MOAS-GL005-01-FLORDM000,sci_flbb_bb_sig,sci_flbb_bb_sig,,,L0,counts,GA05MOAS,GL005,FLORD
GA05MOAS-GL005-01-FLORDM000,sci_flbb_chlor_ref,sci_flbb_chlor_ref,,,,nm,GA05MOAS,GL005,FLORD
GA05MOAS-GL005-01-FLORDM000,sci_flbb_chlor_sig,sci_flbb_chlor_sig,,,L0,counts,GA05MOAS,GL005,FLORD
GA05MOAS-GL005-01-FLORDM000,sci_flbb_therm,sci_flbb_therm,,,,1,GA05MOAS,GL005,FLORD
GA05MOAS-GL005-01-FLORDM000,flord_m_bback_total,flord_m_bback_total,0.0003,1,L2,m-1,GA05MOAS,GL005,FLORD
GA05MOAS-GL005-01-FLORDM000,flord_m_scat_seawater,flord_m_scat_seawater,,,AUX,m-1,GA05MOAS,GL005,FLORD
GA05MOAS-GL005-01-FLORDM000,time,time,,,ENG,seconds since 1900-01-01,GA05MOAS,GL005,FLORD
GA05MOAS-GL005-01-FLORDM000,ingestion_timestamp,ingestion_timestamp,,,ENG,seconds since 1900-01-01,GA05MOAS,GL005,FLORD
GA05MOAS-GL005-02-DOSTAM000,driver_timestamp,driver_timestamp,,,ENG,seconds since 1900-01-01,GA05MOAS,GL005,DOSTA
GA05MOAS-GL005-02-DOSTAM000,internal_timestamp,internal_timestamp,,,ENG,seconds since 1900-01-01,GA05MOAS,GL005,DOSTA
GA05MOAS-GL005-02-DOSTAM000,m_present_secs_into_mission,m_present_secs_into_mission,,,ENG,s,GA05MOAS,GL005,DOSTA
GA05MOAS-GL005-02-DOSTAM000,m_present_time,m_present_time,,,AUX,seconds since 1970-01-01,GA05MOAS,GL005,DOSTA
GA05MOAS-GL005-02-DOSTAM000,sci_m_present_secs_into_mission,sci_m_present_secs_into_mission,,,,s,GA05MOAS,GL005,DOSTA
GA05MOAS-GL005-02-DOSTAM000,sci_m_present_time,sci_m_present_time,,,,seconds since 1970-01-01,GA05MOAS,GL005,DOSTA
GA05MOAS-GL005-02-DOSTAM000,sci_oxy4_c1amp,sci_oxy4_c1amp,,,,mV,GA05MOAS,GL005,DOSTA
GA05MOAS-GL005-02-DOSTAM000,sci_oxy4_c1rph,sci_oxy4_c1rph,,,,degrees,GA05MOAS,GL005,DOSTA
GA05MOAS-GL005-02-DOSTAM000,sci_oxy4_c2amp,sci_oxy4_c2amp,,,,mV,GA05MOAS,GL005,DOSTA
GA05MOAS-GL005-02-DOSTAM000,sci_oxy4_c2rph,sci_oxy4_c2rph,,,,degrees,GA05MOAS,GL005,DOSTA
GA05MOAS-GL005-02-DOSTAM000,sci_oxy4_calphase,sci_oxy4_calphase,,,L0,degrees,GA05MOAS,GL005,DOSTA
GA05MOAS-GL005-02-DOSTAM000,sci_oxy4_oxygen,sci_oxy4_oxygen,0,400,L1,umol L-1,GA05MOAS,GL005,DOSTA
GA05MOAS-GL005-02-DOSTAM000,sci_oxy4_rawtemp,sci_oxy4_rawtemp,,,,mV,GA05MOAS,GL005,DOSTA
GA05MOAS-GL005-02-DOSTAM000,sci_oxy4_saturation,sci_oxy4_saturation,,,,percent,GA05MOAS,GL005,DOSTA
GA05MOAS-GL005-02-DOSTAM000,sci_oxy4_tcphase,sci_oxy4_tcphase,,,,degrees,GA05MOAS,GL005,DOSTA
GA05MOAS-GL005-02-DOSTAM000,sci_oxy4_temp,sci_oxy4_temp,,,,deg_C,GA05MOAS,GL005,DOSTA
GA05MOAS-GL005-02-DOSTAM000,sci_oxy4_timestamp,sci_oxy4_timestamp,,,,1,GA05MOAS,GL005,DOSTA
GA05MOAS-GL005-02-DOSTAM000,sci_water_cond,sci_water_cond,0,6,L1,S m-1,GA05MOAS,GL005,DOSTA
GA05MOAS-GL005-02-DOSTAM000,sci_water_pressure,sci_water_pressure,0,6000,L1,dbar,GA05MOAS,GL005,DOSTA
GA05MOAS-GL005-02-DOSTAM000,sci_water_temp,sci_water_temp,-2,40,L1,deg_C,GA05MOAS,GL005,DOSTA
GA05MOAS-GL005-02-DOSTAM000,preferred_timestamp,preferred_timestamp,,,ENG,1,GA05MOAS,GL005,DOSTA
GA05MOAS-GL005-02-DOSTAM000,sci_abs_oxygen,sci_abs_oxygen,0,400,L2,umol kg-1,GA05MOAS,GL005,DOSTA
GA05MOAS-GL005-02-DOSTAM000,time,time,,,ENG,seconds since 1900-01-01,GA05MOAS,GL005,DOSTA
GA05MOAS-GL005-02-DOSTAM000,ingestion_timestamp,ingestion_timestamp,,,ENG,seconds since 1900-01-01,GA05MOAS,GL005,DOSTA
GA05MOAS-GL005-04-CTDGVM000,driver_timestamp,driver_timestamp,,,ENG,seconds since 1900-01-01,GA05MOAS,GL005,CTDGV
GA05MOAS-GL005-04-CTDGVM000,internal_timestamp,internal_timestamp,,,ENG,seconds since 1900-01-01,GA05MOAS,GL005,CTDGV
GA05MOAS-GL005-04-CTDGVM000,m_present_secs_into_mission,m_present_secs_into_mission,,,ENG,s,GA05MOAS,GL005,CTDGV
GA05MOAS-GL005-04-CTDGVM000,m_present_time,m_present_time,,,AUX,seconds since 1970-01-01,GA05MOAS,GL005,CTDGV
GA05MOAS-GL005-04-CTDGVM000,sci_ctd41cp_timestamp,sci_ctd41cp_timestamp,,,,seconds since 1970-01-01,GA05MOAS,GL005,CTDGV
GA05MOAS-GL005-04-CTDGVM000,sci_m_present_secs_into_mission,sci_m_present_secs_into_mission,,,,s,GA05MOAS,GL005,CTDGV
GA05MOAS-GL005-04-CTDGVM000,sci_m_present_time,sci_m_present_time,,,,seconds since 1970-01-01,GA05MOAS,GL005,CTDGV
GA05MOAS-GL005-04-CTDGVM000,sci_water_cond,sci_water_cond,0,6,L1,S m-1,GA05MOAS,GL005,CTDGV
GA05MOAS-GL005-04-CTDGVM000,sci_water_pressure,sci_water_pressure,0,6000,L1,dbar,GA05MOAS,GL005,CTDGV
GA05MOAS-GL005-04-CTDGVM000,sci_water_temp,sci_water_temp,-2,40,L1,deg_C,GA05MOAS,GL005,CTDGV
GA05MOAS-GL005-04-CTDGVM000,sci_water_pracsal,sci_water_pracsal,0,42,L2,1,GA05MOAS,GL005,CTDGV
GA05MOAS-GL005-04-CTDGVM000,preferred_timestamp,preferred_timestamp,,,ENG,1,GA05MOAS,GL005,CTDGV
GA05MOAS-GL005-04-CTDGVM000,sci_seawater_density,sci_seawater_density,1000,1100,L2,kg m-3,GA05MOAS,GL005,CTDGV
GA05MOAS-GL005-04-CTDGVM000,time,time,,,ENG,seconds since 1900-01-01,GA05MOAS,GL005,CTDGV
GA05MOAS-GL005-04-CTDGVM000,ingestion_timestamp,ingestion_timestamp,,,ENG,seconds since 1900-01-01,GA05MOAS,GL005,CTDGV
GA05MOAS-GL006-01-FLORDM000,driver_timestamp,driver_timestamp,,,ENG,seconds since 1900-01-01,GA05MOAS,GL006,FLORD
GA05MOAS-GL006-01-FLORDM000,internal_timestamp,internal_timestamp,,,ENG,seconds since 1900-01-01,GA05MOAS,GL006,FLORD
GA05MOAS-GL006-01-FLORDM000,m_present_secs_into_mission,m_present_secs_into_mission,,,ENG,s,GA05MOAS,GL006,FLORD
GA05MOAS-GL006-01-FLORDM000,m_present_time,m_present_time,,,AUX,seconds since 1970-01-01,GA05MOAS,GL006,FLORD
GA05MOAS-GL006-01-FLORDM000,sci_m_present_secs_into_mission,sci_m_present_secs_into_mission,,,,s,GA05MOAS,GL006,FLORD
GA05MOAS-GL006-01-FLORDM000,sci_m_present_time,sci_m_present_time,,,,seconds since 1970-01-01,GA05MOAS,GL006,FLORD
GA05MOAS-GL006-01-FLORDM000,sci_flbb_bb_units,sci_flbb_bb_units,,,L1,m-1 sr-1,GA05MOAS,GL006,FLORD
GA05MOAS-GL006-01-FLORDM000,sci_flbb_chlor_units,sci_flbb_chlor_units,0,50,L1,ug L-1,GA05MOAS,GL006,FLORD
GA05MOAS-GL006-01-FLORDM000,preferred_timestamp,preferred_timestamp,,,ENG,1,GA05MOAS,GL006,FLORD
GA05MOAS-GL006-01-FLORDM000,sci_flbb_timestamp,sci_flbb_timestamp,,,,seconds since 1970-01-01,GA05MOAS,GL006,FLORD
GA05MOAS-GL006-01-FLORDM000,sci_flbb_bb_ref,sci_flbb_bb_ref,,,,nm,GA05MOAS,GL006,FLORD
GA05MOAS-GL006-01-FLORDM000,sci_flbb_bb_sig,sci_flbb_bb_sig,,,L0,counts,GA05MOAS,GL006,FLORD
GA05MOAS-GL006-01-FLORDM000,sci_flbb_chlor_ref,sci_flbb_chlor_ref,,,,nm,GA05MOAS,GL006,FLORD
GA05MOAS-GL006-01-FLORDM000,sci_flbb_chlor_sig,sci_flbb_chlor_sig,,,L0,counts,GA05MOAS,GL006,FLORD
GA05MOAS-GL006-01-FLORDM000,sci_flbb_therm,sci_flbb_therm,,,,1,GA05MOAS,GL006,FLORD
GA05MOAS-GL006-01-FLORDM000,flord_m_bback_total,flord_m_bback_total,0.0003,1,L2,m-1,GA05MOAS,GL006,FLORD
GA05MOAS-GL006-01-FLORDM000,flord_m_scat_seawater,flord_m_scat_seawater,,,AUX,m-1,GA05MOAS,GL006,FLORD
GA05MOAS-GL006-01-FLORDM000,time,time,,,ENG,seconds since 1900-01-01,GA05MOAS,GL006,FLORD
GA05MOAS-GL006-01-FLORDM000,ingestion_timestamp,ingestion_timestamp,,,ENG,seconds since 1900-01-01,GA05MOAS,GL006,FLORD
GA05MOAS-GL006-02-DOSTAM000,driver_timestamp,driver_timestamp,,,ENG,seconds since 1900-01-01,GA05MOAS,GL006,DOSTA
GA05MOAS-GL006-02-DOSTAM000,internal_timestamp,internal_timestamp,,,ENG,seconds since 1900-01-01,GA05MOAS,GL006,DOSTA
GA05MOAS-GL006-02-DOSTAM000,m_present_secs_into_mission,m_present_secs_into_mission,,,ENG,s,GA05MOAS,GL006,DOSTA
GA05MOAS-GL006-02-DOSTAM000,m_present_time,m_present_time,,,AUX,seconds since 1970-01-01,GA05MOAS,GL006,DOSTA
GA05MOAS-GL006-02-DOSTAM000,sci_m_present_secs_into_mission,sci_m_present_secs_into_mission,,,,s,GA05MOAS,GL006,DOSTA
GA05MOAS-GL006-02-DOSTAM000,sci_m_present_time,sci_m_present_time,,,,seconds since 1970-01-01,GA05MOAS,GL006,DOSTA
GA05MOAS-GL006-02-DOSTAM000,sci_oxy4_c1amp,sci_oxy4_c1amp,,,,mV,GA05MOAS,GL006,DOSTA
GA05MOAS-GL006-02-DOSTAM000,sci_oxy4_c1rph,sci_oxy4_c1rph,,,,degrees,GA05MOAS,GL006,DOSTA
GA05MOAS-GL006-02-DOSTAM000,sci_oxy4_c2amp,sci_oxy4_c2amp,,,,mV,GA05MOAS,GL006,DOSTA
GA05MOAS-GL006-02-DOSTAM000,sci_oxy4_c2rph,sci_oxy4_c2rph,,,,degrees,GA05MOAS,GL006,DOSTA
GA05MOAS-GL006-02-DOSTAM000,sci_oxy4_calphase,sci_oxy4_calphase,,,L0,degrees,GA05MOAS,GL006,DOSTA
GA05MOAS-GL006-02-DOSTAM000,sci_oxy4_oxygen,sci_oxy4_oxygen,0,400,L1,umol L-1,GA05MOAS,GL006,DOSTA
GA05MOAS-GL006-02-DOSTAM000,sci_oxy4_rawtemp,sci_oxy4_rawtemp,,,,mV,GA05MOAS,GL006,DOSTA
GA05MOAS-GL006-02-DOSTAM000,sci_oxy4_saturation,sci_oxy4_saturation,,,,percent,GA05MOAS,GL006,DOSTA
GA05MOAS-GL006-02-DOSTAM000,sci_oxy4_tcphase,sci_oxy4_tcphase,,,,degrees,GA05MOAS,GL006,DOSTA
GA05MOAS-GL006-02-DOSTAM000,sci_oxy4_temp,sci_oxy4_temp,,,,deg_C,GA05MOAS,GL006,DOSTA
GA05MOAS-GL006-02-DOSTAM000,sci_oxy4_timestamp,sci_oxy4_timestamp,,,,1,GA05MOAS,GL006,DOSTA
GA05MOAS-GL006-02-DOSTAM000,sci_water_cond,sci_water_cond,0,6,L1,S m-1,GA05MOAS,GL006,DOSTA
GA05MOAS-GL006-02-DOSTAM000,sci_water_pressure,sci_water_pressure,0,6000,L1,dbar,GA05MOAS,GL006,DOSTA
GA05MOAS-GL006-02-DOSTAM000,sci_water_temp,sci_water_temp,-2,40,L1,deg_C,GA05MOAS,GL006,DOSTA
GA05MOAS-GL006-02-DOSTAM000,preferred_timestamp,preferred_timestamp,,,ENG,1,GA05MOAS,GL006,DOSTA
GA05MOAS-GL006-02-DOSTAM000,sci_abs_oxygen,sci_abs_oxygen,0,400,L2,umol kg-1,GA05MOAS,GL006,DOSTA
GA05MOAS-GL006-02-DOSTAM000,time,time,,,ENG,seconds since 1900-01-01,GA05MOAS,GL006,DOSTA
GA05MOAS-GL006-02-DOSTAM000,ingestion_timestamp,ingestion_timestamp,,,ENG,seconds since 1900-01-01,GA05MOAS,GL006,DOSTA
GA05MOAS-GL006-04-CTDGVM000,driver_timestamp,driver_timestamp,,,ENG,seconds since 1900-01-01,GA05MOAS,GL006,CTDGV
GA05MOAS-GL006-04-CTDGVM000,internal_timestamp,internal_timestamp,,,ENG,seconds since 1900-01-01,GA05MOAS,GL006,CTDGV
GA05MOAS-GL006-04-CTDGVM000,m_present_secs_into_mission,m_present_secs_into_mission,,,ENG,s,GA05MOAS,GL006,CTDGV
GA05MOAS-GL006-04-CTDGVM000,m_present_time,m_present_time,,,AUX,seconds since 1970-01-01,GA05MOAS,GL006,CTDGV
GA05MOAS-GL006-04-CTDGVM000,sci_ctd41cp_timestamp,sci_ctd41cp_timestamp,,,,seconds since 1970-01-01,GA05MOAS,GL006,CTDGV
GA05MOAS-GL006-04-CTDGVM000,sci_m_present_secs_into_mission,sci_m_present_secs_into_mission,,,,s,GA05MOAS,GL006,CTDGV
GA05MOAS-GL006-04-CTDGVM000,sci_m_present_time,sci_m_present_time,,,,seconds since 1970-01-01,GA05MOAS,GL006,CTDGV
GA05MOAS-GL006-04-CTDGVM000,sci_water_cond,sci_water_cond,0,6,L1,S m-1,GA05MOAS,GL006,CTDGV
GA05MOAS-GL006-04-CTDGVM000,sci_water_pressure,sci_water_pressure,0,6000,L1,dbar,GA05MOAS,GL006,CTDGV
GA05MOAS-GL006-04-CTDGVM000,sci_water_temp,sci_water_temp,-2,40,L1,deg_C,GA05MOAS,GL006,CTDGV
GA05MOAS-GL006-04-CTDGVM000,sci_water_pracsal,sci_water_pracsal,0,42,L2,1,GA05MOAS,GL006,CTDGV
GA05MOAS-GL006-04-CTDGVM000,preferred_timestamp,preferred_timestamp,,,ENG,1,GA05MOAS,GL006,CTDGV
GA05MOAS-GL006-04-CTDGVM000,sci_seawater_density,sci_seawater_density,1000,1100,L2,kg m-3,GA05MOAS,GL006,CTDGV
GA05MOAS-GL006-04-CTDGVM000,time,time,,,ENG,seconds since 1900-01-01,GA05MOAS,GL006,CTDGV
GA05MOAS-GL006-04-CTDGVM000,ingestion_timestamp,ingestion_timestamp,,,ENG,seconds since 1900-01-01,GA05MOAS,GL006,CTDGV
GA05MOAS-PG001-01-CTDGVM000,driver_timestamp,driver_timestamp,,,ENG,seconds since 1900-01-01,GA05MOAS,PG001,CTDGV
GA05MOAS-PG001-01-CTDGVM000,internal_timestamp,internal_timestamp,,,ENG,seconds since 1900-01-01,GA05MOAS,PG001,CTDGV
GA05MOAS-PG001-01-CTDGVM000,m_present_secs_into_mission,m_present_secs_into_mission,,,ENG,s,GA05MOAS,PG001,CTDGV
GA05MOAS-PG001-01-CTDGVM000,m_present_time,m_present_time,,,AUX,seconds since 1970-01-01,GA05MOAS,PG001,CTDGV
GA05MOAS-PG001-01-CTDGVM000,sci_ctd41cp_timestamp,sci_ctd41cp_timestamp,,,,seconds since 1970-01-01,GA05MOAS,PG001,CTDGV
GA05MOAS-PG001-01-CTDGVM000,sci_m_present_secs_into_mission,sci_m_present_secs_into_mission,,,,s,GA05MOAS,PG001,CTDGV
GA05MOAS-PG001-01-CTDGVM000,sci_m_present_time,sci_m_present_time,,,,seconds since 1970-01-01,GA05MOAS,PG001,CTDGV
GA05MOAS-PG001-01-CTDGVM000,sci_water_cond,sci_water_cond,0,6,L1,S m-1,GA05MOAS,PG001,CTDGV
GA05MOAS-PG001-01-CTDGVM000,sci_water_pressure,sci_water_pressure,0,6000,L1,dbar,GA05MOAS,PG001,CTDGV
GA05MOAS-PG001-01-CTDGVM000,sci_water_temp,sci_water_temp,-2,40,L1,deg_C,GA05MOAS,PG001,CTDGV
GA05MOAS-PG001-01-CTDGVM000,sci_water_pracsal,sci_water_pracsal,0,42,L2,1,GA05MOAS,PG001,CTDGV
GA05MOAS-PG001-01-CTDGVM000,preferred_timestamp,preferred_timestamp,,,ENG,1,GA05MOAS,PG001,CTDGV
GA05MOAS-PG001-01-CTDGVM000,sci_seawater_density,sci_seawater_density,1000,1100,L2,kg m-3,GA05MOAS,PG001,CTDGV
GA05MOAS-PG001-01-CTDGVM000,time,time,,,ENG,seconds since 1900-01-01,GA05MOAS,PG001,CTDGV
GA05MOAS-PG001-01-CTDGVM000,ingestion_timestamp,ingestion_timestamp,,,ENG,seconds since 1900-01-01,GA05MOAS,PG001,CTDGV
GA05MOAS-PG001-02-DOSTAM000,driver_timestamp,driver_timestamp,,,ENG,seconds since 1900-01-01,GA05MOAS,PG001,DOSTA
GA05MOAS-PG001-02-DOSTAM000,internal_timestamp,internal_timestamp,,,ENG,seconds since 1900-01-01,GA05MOAS,PG001,DOSTA
GA05MOAS-PG001-02-DOSTAM000,m_present_secs_into_mission,m_present_secs_into_mission,,,ENG,s,GA05MOAS,PG001,DOSTA
GA05MOAS-PG001-02-DOSTAM000,m_present_time,m_present_time,,,AUX,seconds since 1970-01-01,GA05MOAS,PG001,DOSTA
GA05MOAS-PG001-02-DOSTAM000,sci_m_present_secs_into_mission,sci_m_present_secs_into_mission,,,,s,GA05MOAS,PG001,DOSTA
GA05MOAS-PG001-02-DOSTAM000,sci_m_present_time,sci_m_present_time,,,,seconds since 1970-01-01,GA05MOAS,PG001,DOSTA
GA05MOAS-PG001-02-DOSTAM000,sci_oxy4_c1amp,sci_oxy4_c1amp,,,,mV,GA05MOAS,PG001,DOSTA
GA05MOAS-PG001-02-DOSTAM000,sci_oxy4_c1rph,sci_oxy4_c1rph,,,,degrees,GA05MOAS,PG001,DOSTA
GA05MOAS-PG001-02-DOSTAM000,sci_oxy4_c2amp,sci_oxy4_c2amp,,,,mV,GA05MOAS,PG001,DOSTA
GA05MOAS-PG001-02-DOSTAM000,sci_oxy4_c2rph,sci_oxy4_c2rph,,,,degrees,GA05MOAS,PG001,DOSTA
GA05MOAS-PG001-02-DOSTAM000,sci_oxy4_calphase,sci_oxy4_calphase,,,L0,degrees,GA05MOAS,PG001,DOSTA
GA05MOAS-PG001-02-DOSTAM000,sci_oxy4_oxygen,sci_oxy4_oxygen,0,400,L1,umol L-1,GA05MOAS,PG001,DOSTA
GA05MOAS-PG001-02-DOSTAM000,sci_oxy4_rawtemp,sci_oxy4_rawtemp,,,,mV,GA05MOAS,PG001,DOSTA
GA05MOAS-PG001-02-DOSTAM000,sci_oxy4_saturation,sci_oxy4_saturation,,,,percent,GA05MOAS,PG001,DOSTA
GA05MOAS-PG001-02-DOSTAM000,sci_oxy4_tcphase,sci_oxy4_tcphase,,,,degrees,GA05MOAS,PG001,DOSTA
GA05MOAS-PG001-02-DOSTAM000,sci_oxy4_temp,sci_oxy4_temp,,,,deg_C,GA05MOAS,PG001,DOSTA
GA05MOAS-PG001-02-DOSTAM000,sci_oxy4_timestamp,sci_oxy4_timestamp,,,,1,GA05MOAS,PG001,DOSTA
GA05MOAS-PG001-02-DOSTAM000,sci_water_cond,sci_water_cond,0,6,L1,S m-1,GA05MOAS,PG001,DOSTA
GA05MOAS-PG001-02-DOSTAM000,sci_water_pressure,sci_water_pressure,0,6000,L1,dbar,GA05MOAS,PG001,DOSTA
GA05MOAS-PG001-02-DOSTAM000,sci_water_temp,sci_water_temp,-2,40,L1,deg_C,GA05MOAS,PG001,DOSTA
GA05MOAS-PG001-02-DOSTAM000,preferred_timestamp,preferred_timestamp,,,ENG,1,GA05MOAS,PG001,DOSTA
GA05MOAS-PG001-02-DOSTAM000,sci_abs_oxygen,sci_abs_oxygen,0,400,L2,umol kg-1,GA05MOAS,PG001,DOSTA
GA05MOAS-PG001-02-DOSTAM000,time,time,,,ENG,seconds since 1900-01-01,GA05MOAS,PG001,DOSTA
GA05MOAS-PG001-02-DOSTAM000,ingestion_timestamp,ingestion_timestamp,,,ENG,seconds since 1900-01-01,GA05MOAS,PG001,DOSTA
GA05MOAS-PG001-03-FLORTM000,driver_timestamp,driver_timestamp,,,ENG,seconds since 1900-01-01,GA05MOAS,PG001,FLORT
GA05MOAS-PG001-03-FLORTM000,internal_timestamp,internal_timestamp,,,ENG,seconds since 1900-01-01,GA05MOAS,PG001,FLORT
GA05MOAS-PG001-03-FLORTM000,m_present_secs_into_mission,m_present_secs_into_mission,,,ENG,s,GA05MOAS,PG001,FLORT
GA05MOAS-PG001-03-FLORTM000,m_present_time,m_present_time,,,AUX,seconds since 1970-01-01,GA05MOAS,PG001,FLORT
GA05MOAS-PG001-03-FLORTM000,sci_flbbcd_bb_ref,sci_flbbcd_bb_ref,,,,nm,GA05MOAS,PG001,FLORT
GA05MOAS-PG001-03-FLORTM000,sci_flbbcd_bb_sig,sci_flbbcd_bb_sig,,,,counts,GA05MOAS,PG001,FLORT
GA05MOAS-PG001-03-FLORTM000,sci_flbbcd_bb_units,sci_flbbcd_bb_units,,,L1,m-1 sr-1,GA05MOAS,PG001,FLORT
GA05MOAS-PG001-03-FLORTM000,sci_flbbcd_cdom_ref,sci_flbbcd_cdom_ref,,,,nm,GA05MOAS,PG001,FLORT
GA05MOAS-PG001-03-FLORTM000,sci_flbbcd_cdom_sig,sci_flbbcd_cdom_sig,,,,counts,GA05MOAS,PG001,FLORT
GA05MOAS-PG001-03-FLORTM000,sci_flbbcd_cdom_units,sci_flbbcd_cdom_units,0,375,L1,ppb,GA05MOAS,PG001,FLORT
GA05MOAS-PG001-03-FLORTM000,sci_flbbcd_chlor_ref,sci_flbbcd_chlor_ref,,,,nm,GA05MOAS,PG001,FLORT
GA05MOAS-PG001-03-FLORTM000,sci_flbbcd_chlor_sig,sci_flbbcd_chlor_sig,,,,counts,GA05MOAS,PG001,FLORT
GA05MOAS-PG001-03-FLORTM000,sci_flbbcd_chlor_units,sci_flbbcd_chlor_units,0,50,L1,ug L-1,GA05MOAS,PG001,FLORT
GA05MOAS-PG001-03-FLORTM000,sci_flbbcd_therm,sci_flbbcd_therm,,,ENG,1,GA05MOAS,PG001,FLORT
GA05MOAS-PG001-03-FLORTM000,sci_flbbcd_timestamp,sci_flbbcd_timestamp,,,ENG,seconds since 1970-01-01,GA05MOAS,PG001,FLORT
GA05MOAS-PG001-03-FLORTM000,sci_m_present_secs_into_mission,sci_m_present_secs_into_mission,,,,s,GA05MOAS,PG001,FLORT
GA05MOAS-PG001-03-FLORTM000,sci_m_present_time,sci_m_present_time,,,,seconds since 1970-01-01,GA05MOAS,PG001,FLORT
GA05MOAS-PG001-03-FLORTM000,preferred_timestamp,preferred_timestamp,,,ENG,1,GA05MOAS,PG001,FLORT
GA05MOAS-PG001-03-FLORTM000,flort_m_bback_total,flort_m_bback_total,0.0003,1,L2,m-1,GA05MOAS,PG001,FLORT
GA05MOAS-PG001-03-FLORTM000,flort_m_scat_seawater,flort_m_scat_seawater,,,AUX,m-1,GA05MOAS,PG001,FLORT
GA05MOAS-PG001-03-FLORTM000,time,time,,,ENG,seconds since 1900-01-01,GA05MOAS,PG001,FLORT
GA05MOAS-PG001-03-FLORTM000,ingestion_timestamp,ingestion_timestamp,,,ENG,seconds since 1900-01-01,GA05MOAS,PG001,FLORT
GA05MOAS-PG001-04-FLORTO000,driver_timestamp,driver_timestamp,,,ENG,seconds since 1900-01-01,GA05MOAS,PG001,FLORT
GA05MOAS-PG001-04-FLORTO000,internal_timestamp,internal_timestamp,,,ENG,seconds since 1900-01-01,GA05MOAS,PG001,FLORT
GA05MOAS-PG001-04-FLORTO000,m_present_secs_into_mission,m_present_secs_into_mission,,,ENG,s,GA05MOAS,PG001,FLORT
GA05MOAS-PG001-04-FLORTO000,m_present_time,m_present_time,,,AUX,seconds since 1970-01-01,GA05MOAS,PG001,FLORT
GA05MOAS-PG001-04-FLORTO000,sci_flbbcd_bb_ref,sci_flbbcd_bb_ref,,,,nm,GA05MOAS,PG001,FLORT
GA05MOAS-PG001-04-FLORTO000,sci_flbbcd_bb_sig,sci_flbbcd_bb_sig,,,,counts,GA05MOAS,PG001,FLORT
GA05MOAS-PG001-04-FLORTO000,sci_flbbcd_bb_units,sci_flbbcd_bb_units,,,L1,m-1 sr-1,GA05MOAS,PG001,FLORT
GA05MOAS-PG001-04-FLORTO000,sci_flbbcd_cdom_ref,sci_flbbcd_cdom_ref,,,,nm,GA05MOAS,PG001,FLORT
GA05MOAS-PG001-04-FLORTO000,sci_flbbcd_cdom_sig,sci_flbbcd_cdom_sig,,,,counts,GA05MOAS,PG001,FLORT
GA05MOAS-PG001-04-FLORTO000,sci_flbbcd_cdom_units,sci_flbbcd_cdom_units,0,375,L1,ppb,GA05MOAS,PG001,FLORT
GA05MOAS-PG001-04-FLORTO000,sci_flbbcd_chlor_ref,sci_flbbcd_chlor_ref,,,,nm,GA05MOAS,PG001,FLORT
GA05MOAS-PG001-04-FLORTO000,sci_flbbcd_chlor_sig,sci_flbbcd_chlor_sig,,,,counts,GA05MOAS,PG001,FLORT
GA05MOAS-PG001-04-FLORTO000,sci_flbbcd_chlor_units,sci_flbbcd_chlor_units,0,50,L1,ug L-1,GA05MOAS,PG001,FLORT
GA05MOAS-PG001-04-FLORTO000,sci_flbbcd_therm,sci_flbbcd_therm,,,ENG,1,GA05MOAS,PG001,FLORT
GA05MOAS-PG001-04-FLORTO000,sci_flbbcd_timestamp,sci_flbbcd_timestamp,,,ENG,seconds since 1970-01-01,GA05MOAS,PG001,FLORT
GA05MOAS-PG001-04-FLORTO000,sci_m_present_secs_into_mission,sci_m_present_secs_into_mission,,,,s,GA05MOAS,PG001,FLORT
GA05MOAS-PG001-04-FLORTO000,sci_m_present_time,sci_m_present_time,,,,seconds since 1970-01-01,GA05MOAS,PG001,FLORT
GA05MOAS-PG001-04-FLORTO000,preferred_timestamp,preferred_timestamp,,,ENG,1,GA05MOAS,PG001,FLORT
GA05MOAS-PG001-04-FLORTO000,flort_m_bback_total,flort_m_bback_total,0.0003,1,L2,m-1,GA05MOAS,PG001,FLORT
GA05MOAS-PG001-04-FLORTO000,flort_m_scat_seawater,flort_m_scat_seawater,,,AUX,m-1,GA05MOAS,PG001,FLORT
GA05MOAS-PG001-04-FLORTO000,time,time,,,ENG,seconds since 1900-01-01,GA05MOAS,PG001,FLORT
GA05MOAS-PG001-04-FLORTO000,ingestion_timestamp,ingestion_timestamp,,,ENG,seconds since 1900-01-01,GA05MOAS,PG001,FLORT
GA05MOAS-PG001-05-NUTNRM000,driver_timestamp,driver_timestamp,,,ENG,seconds since 1900-01-01,GA05MOAS,PG001,NUTNR
GA05MOAS-PG001-05-NUTNRM000,internal_timestamp,internal_timestamp,,,ENG,seconds since 1900-01-01,GA05MOAS,PG001,NUTNR
GA05MOAS-PG001-05-NUTNRM000,m_present_secs_into_mission,m_present_secs_into_mission,,,ENG,s,GA05MOAS,PG001,NUTNR
GA05MOAS-PG001-05-NUTNRM000,m_present_time,m_present_time,,,AUX,seconds since 1970-01-01,GA05MOAS,PG001,NUTNR
GA05MOAS-PG001-05-NUTNRM000,sci_m_present_secs_into_mission,sci_m_present_secs_into_mission,,,,s,GA05MOAS,PG001,NUTNR
GA05MOAS-PG001-05-NUTNRM000,sci_m_present_time,sci_m_present_time,,,,seconds since 1970-01-01,GA05MOAS,PG001,NUTNR
GA05MOAS-PG001-05-NUTNRM000,preferred_timestamp,preferred_timestamp,,,ENG,1,GA05MOAS,PG001,NUTNR
GA05MOAS-PG001-05-NUTNRM000,nutnr_nitrogen_in_nitrate,nutnr_nitrogen_in_nitrate,,,,mg/L,GA05MOAS,PG001,NUTNR
GA05MOAS-PG001-05-NUTNRM000,nutnr_absorbance_at_254_nm,nutnr_absorbance_at_254_nm,,,,1,GA05MOAS,PG001,NUTNR
GA05MOAS-PG001-05-NUTNRM000,nutnr_absorbance_at_350_nm,nutnr_absorbance_at_350_nm,,,,1,GA05MOAS,PG001,NUTNR
GA05MOAS-PG001-05-NUTNRM000,nutnr_bromide_trace,nutnr_bromide_trace,,,,mg/L,GA05MOAS,PG001,NUTNR
GA05MOAS-PG001-05-NUTNRM000,nutnr_spectrum_average,nutnr_spectrum_average,,,,1,GA05MOAS,PG001,NUTNR
GA05MOAS-PG001-05-NUTNRM000,nutnr_dark_value_used_for_fit,nutnr_dark_value_used_for_fit,,,AUX,1,GA05MOAS,PG001,NUTNR
GA05MOAS-PG001-05-NUTNRM000,nutnr_integration_time_factor,nutnr_integration_time_factor,,,,1,GA05MOAS,PG001,NUTNR
GA05MOAS-PG001-05-NUTNRM000,nutnr_fit_rmse,nutnr_fit_rmse,,,AUX,1,GA05MOAS,PG001,NUTNR
GA05MOAS-PG001-05-NUTNRM000,year,year,,,,year,GA05MOAS,PG001,NUTNR
GA05MOAS-PG001-05-NUTNRM000,day_of_year,day_of_year,,,,1,GA05MOAS,PG001,NUTNR
GA05MOAS-PG001-05-NUTNRM000,ctd_time_uint32,ctd_time_uint32,,,,seconds since 1970-01-01,GA05MOAS,PG001,NUTNR
GA05MOAS-PG001-05-NUTNRM000,ctd_psu,ctd_psu,,,AUX,(unitless),GA05MOAS,PG001,NUTNR
GA05MOAS-PG001-05-NUTNRM000,ctd_temp,ctd_temp,,,AUX,deg_C,GA05MOAS,PG001,NUTNR
GA05MOAS-PG001-05-NUTNRM000,ctd_dbar,ctd_dbar,,,AUX,dbar,GA05MOAS,PG001,NUTNR
GA05MOAS-PG001-05-NUTNRM000,frame_type,frame_type,,,,1,GA05MOAS,PG001,NUTNR
GA05MOAS-PG001-05-NUTNRM000,serial_number,serial_number,,,ENG,1,GA05MOAS,PG001,NUTNR
GA05MOAS-PG001-05-NUTNRM000,time_of_sample,time_of_sample,,,AUX,h,GA05MOAS,PG001,NUTNR
GA05MOAS-PG001-05-NUTNRM000,nitrate_concentration,nitrate_concentration,0,40,L1,umol L-1,GA05MOAS,PG001,NUTNR
GA05MOAS-PG001-05-NUTNRM000,temp_spectrometer,temp_spectrometer,,,AUX,deg_C,GA05MOAS,PG001,NUTNR
GA05MOAS-PG001-05-NUTNRM000,temp_lamp,temp_lamp,,,AUX,deg_C,GA05MOAS,PG001,NUTNR
GA05MOAS-PG001-05-NUTNRM000,humidity,humidity,,,AUX,%,GA05MOAS,PG001,NUTNR
GA05MOAS-PG001-05-NUTNRM000,spectral_channels,spectral_channels,,,L0,counts,GA05MOAS,PG001,NUTNR
GA05MOAS-PG001-05-NUTNRM000,sci_suna_timestamp,sci_suna_timestamp,,,,seconds since 1970-01-01,GA05MOAS,PG001,NUTNR
GA05MOAS-PG001-05-NUTNRM000,sci_suna_record_offset,sci_suna_record_offset,,,,B,GA05MOAS,PG001,NUTNR
GA05MOAS-PG001-05-NUTNRM000,sci_suna_nitrate_um,sci_suna_nitrate_um,0,40,L1,umol L-1,GA05MOAS,PG001,NUTNR
GA05MOAS-PG001-05-NUTNRM000,sci_suna_nitrate_mg,sci_suna_nitrate_mg,,,L1,mg L-1,GA05MOAS,PG001,NUTNR
GA05MOAS-PG001-05-NUTNRM000,nutnr_m_temp_sal_corrected_nitrate,nutnr_m_temp_sal_corrected_nitrate,0,40,L2,umol L-1,GA05MOAS,PG001,NUTNR
GA05MOAS-PG001-05-NUTNRM000,dark_frame_spectral_channels,dark_frame_spectral_channels,,,AUX,counts,GA05MOAS,PG001,NUTNR
GA05MOAS-PG001-05-NUTNRM000,time,time,,,ENG,seconds since 1900-01-01,GA05MOAS,PG001,NUTNR
GA05MOAS-PG001-05-NUTNRM000,ingestion_timestamp,ingestion_timestamp,,,ENG,seconds since 1900-01-01,GA05MOAS,PG001,NUTNR
GA05MOAS-PG001-06-PARADM000,driver_timestamp,driver_timestamp,,,ENG,seconds since 1900-01-01,GA05MOAS,PG001,PARAD
GA05MOAS-PG001-06-PARADM000,internal_timestamp,internal_timestamp,,,ENG,seconds since 1900-01-01,GA05MOAS,PG001,PARAD
GA05MOAS-PG001-06-PARADM000,m_present_secs_into_mission,m_present_secs_into_mission,,,ENG,s,GA05MOAS,PG001,PARAD
GA05MOAS-PG001-06-PARADM000,m_present_time,m_present_time,,,AUX,seconds since 1970-01-01,GA05MOAS,PG001,PARAD
GA05MOAS-PG001-06-PARADM000,sci_bsipar_par,sci_bsipar_par,0,2500,L1,umol photons m-2 s-1,GA05MOAS,PG001,PARAD
GA05MOAS-PG001-06-PARADM000,sci_bsipar_sensor_volts,sci_bsipar_sensor_volts,,,L0,V,GA05MOAS,PG001,PARAD
GA05MOAS-PG001-06-PARADM000,sci_bsipar_supply_volts,sci_bsipar_supply_volts,,,,V,GA05MOAS,PG001,PARAD
GA05MOAS-PG001-06-PARADM000,sci_bsipar_temp,sci_bsipar_temp,,,,deg_C,GA05MOAS,PG001,PARAD
GA05MOAS-PG001-06-PARADM000,sci_m_present_secs_into_mission,sci_m_present_secs_into_mission,,,,s,GA05MOAS,PG001,PARAD
GA05MOAS-PG001-06-PARADM000,sci_m_present_time,sci_m_present_time,,,,seconds since 1970-01-01,GA05MOAS,PG001,PARAD
GA05MOAS-PG001-06-PARADM000,preferred_timestamp,preferred_timestamp,,,ENG,1,GA05MOAS,PG001,PARAD
GA05MOAS-PG001-06-PARADM000,time,time,,,ENG,seconds since 1900-01-01,GA05MOAS,PG001,PARAD
GA05MOAS-PG001-06-PARADM000,ingestion_timestamp,ingestion_timestamp,,,ENG,seconds since 1900-01-01,GA05MOAS,PG001,PARAD
GA05MOAS-PG002-01-CTDGVM000,driver_timestamp,driver_timestamp,,,ENG,seconds since 1900-01-01,GA05MOAS,PG002,CTDGV
GA05MOAS-PG002-01-CTDGVM000,internal_timestamp,internal_timestamp,,,ENG,seconds since 1900-01-01,GA05MOAS,PG002,CTDGV
GA05MOAS-PG002-01-CTDGVM000,m_present_secs_into_mission,m_present_secs_into_mission,,,ENG,s,GA05MOAS,PG002,CTDGV
GA05MOAS-PG002-01-CTDGVM000,m_present_time,m_present_time,,,AUX,seconds since 1970-01-01,GA05MOAS,PG002,CTDGV
GA05MOAS-PG002-01-CTDGVM000,sci_ctd41cp_timestamp,sci_ctd41cp_timestamp,,,,seconds since 1970-01-01,GA05MOAS,PG002,CTDGV
GA05MOAS-PG002-01-CTDGVM000,sci_m_present_secs_into_mission,sci_m_present_secs_into_mission,,,,s,GA05MOAS,PG002,CTDGV
GA05MOAS-PG002-01-CTDGVM000,sci_m_present_time,sci_m_present_time,,,,seconds since 1970-01-01,GA05MOAS,PG002,CTDGV
GA05MOAS-PG002-01-CTDGVM000,sci_water_cond,sci_water_cond,0,6,L1,S m-1,GA05MOAS,PG002,CTDGV
GA05MOAS-PG002-01-CTDGVM000,sci_water_pressure,sci_water_pressure,0,6000,L1,dbar,GA05MOAS,PG002,CTDGV
GA05MOAS-PG002-01-CTDGVM000,sci_water_temp,sci_water_temp,-2,40,L1,deg_C,GA05MOAS,PG002,CTDGV
GA05MOAS-PG002-01-CTDGVM000,sci_water_pracsal,sci_water_pracsal,0,42,L2,1,GA05MOAS,PG002,CTDGV
GA05MOAS-PG002-01-CTDGVM000,preferred_timestamp,preferred_timestamp,,,ENG,1,GA05MOAS,PG002,CTDGV
GA05MOAS-PG002-01-CTDGVM000,sci_seawater_density,sci_seawater_density,1000,1100,L2,kg m-3,GA05MOAS,PG002,CTDGV
GA05MOAS-PG002-01-CTDGVM000,time,time,,,ENG,seconds since 1900-01-01,GA05MOAS,PG002,CTDGV
GA05MOAS-PG002-01-CTDGVM000,ingestion_timestamp,ingestion_timestamp,,,ENG,seconds since 1900-01-01,GA05MOAS,PG002,CTDGV
GA05MOAS-PG002-02-DOSTAM000,driver_timestamp,driver_timestamp,,,ENG,seconds since 1900-01-01,GA05MOAS,PG002,DOSTA
GA05MOAS-PG002-02-DOSTAM000,internal_timestamp,internal_timestamp,,,ENG,seconds since 1900-01-01,GA05MOAS,PG002,DOSTA
GA05MOAS-PG002-02-DOSTAM000,m_present_secs_into_mission,m_present_secs_into_mission,,,ENG,s,GA05MOAS,PG002,DOSTA
GA05MOAS-PG002-02-DOSTAM000,m_present_time,m_present_time,,,AUX,seconds since 1970-01-01,GA05MOAS,PG002,DOSTA
GA05MOAS-PG002-02-DOSTAM000,sci_m_present_secs_into_mission,sci_m_present_secs_into_mission,,,,s,GA05MOAS,PG002,DOSTA
GA05MOAS-PG002-02-DOSTAM000,sci_m_present_time,sci_m_present_time,,,,seconds since 1970-01-01,GA05MOAS,PG002,DOSTA
GA05MOAS-PG002-02-DOSTAM000,sci_oxy4_c1amp,sci_oxy4_c1amp,,,,mV,GA05MOAS,PG002,DOSTA
GA05MOAS-PG002-02-DOSTAM000,sci_oxy4_c1rph,sci_oxy4_c1rph,,,,degrees,GA05MOAS,PG002,DOSTA
GA05MOAS-PG002-02-DOSTAM000,sci_oxy4_c2amp,sci_oxy4_c2amp,,,,mV,GA05MOAS,PG002,DOSTA
GA05MOAS-PG002-02-DOSTAM000,sci_oxy4_c2rph,sci_oxy4_c2rph,,,,degrees,GA05MOAS,PG002,DOSTA
GA05MOAS-PG002-02-DOSTAM000,sci_oxy4_calphase,sci_oxy4_calphase,,,L0,degrees,GA05MOAS,PG002,DOSTA
GA05MOAS-PG002-02-DOSTAM000,sci_oxy4_oxygen,sci_oxy4_oxygen,0,400,L1,umol L-1,GA05MOAS,PG002,DOSTA
GA05MOAS-PG002-02-DOSTAM000,sci_oxy4_rawtemp,sci_oxy4_rawtemp,,,,mV,GA05MOAS,PG002,DOSTA
GA05MOAS-PG002-02-DOSTAM000,sci_oxy4_saturation,sci_oxy4_saturation,,,,percent,GA05MOAS,PG002,DOSTA
GA05MOAS-PG002-02-DOSTAM000,sci_oxy4_tcphase,sci_oxy4_tcphase,,,,degrees,GA05MOAS,PG002,DOSTA
GA05MOAS-PG002-02-DOSTAM000,sci_oxy4_temp,sci_oxy4_temp,,,,deg_C,GA05MOAS,PG002,DOSTA
GA05MOAS-PG002-02-DOSTAM000,sci_oxy4_timestamp,sci_oxy4_timestamp,,,,1,GA05MOAS,PG002,DOSTA
GA05MOAS-PG002-02-DOSTAM000,sci_water_cond,sci_water_cond,0,6,L1,S m-1,GA05MOAS,PG002,DOSTA
GA05MOAS-PG002-02-DOSTAM000,sci_water_pressure,sci_water_pressure,0,6000,L1,dbar,GA05MOAS,PG002,DOSTA
GA05MOAS-PG002-02-DOSTAM000,sci_water_temp,sci_water_temp,-2,40,L1,deg_C,GA05MOAS,PG002,DOSTA
GA05MOAS-PG002-02-DOSTAM000,preferred_timestamp,preferred_timestamp,,,ENG,1,GA05MOAS,PG002,DOSTA
GA05MOAS-PG002-02-DOSTAM000,sci_abs_oxygen,sci_abs_oxygen,0,400,L2,umol kg-1,GA05MOAS,PG002,DOSTA
GA05MOAS-PG002-02-DOSTAM000,time,time,,,ENG,seconds since 1900-01-01,GA05MOAS,PG002,DOSTA
GA05MOAS-PG002-02-DOSTAM000,ingestion_timestamp,ingestion_timestamp,,,ENG,seconds since 1900-01-01,GA05MOAS,PG002,DOSTA
GA05MOAS-PG002-03-FLORTM000,driver_timestamp,driver_timestamp,,,ENG,seconds since 1900-01-01,GA05MOAS,PG002,FLORT
GA05MOAS-PG002-03-FLORTM000,internal_timestamp,internal_timestamp,,,ENG,seconds since 1900-01-01,GA05MOAS,PG002,FLORT
GA05MOAS-PG002-03-FLORTM000,m_present_secs_into_mission,m_present_secs_into_mission,,,ENG,s,GA05MOAS,PG002,FLORT
GA05MOAS-PG002-03-FLORTM000,m_present_time,m_present_time,,,AUX,seconds since 1970-01-01,GA05MOAS,PG002,FLORT
GA05MOAS-PG002-03-FLORTM000,sci_flbbcd_bb_ref,sci_flbbcd_bb_ref,,,,nm,GA05MOAS,PG002,FLORT
GA05MOAS-PG002-03-FLORTM000,sci_flbbcd_bb_sig,sci_flbbcd_bb_sig,,,,counts,GA05MOAS,PG002,FLORT
GA05MOAS-PG002-03-FLORTM000,sci_flbbcd_bb_units,sci_flbbcd_bb_units,,,L1,m-1 sr-1,GA05MOAS,PG002,FLORT
GA05MOAS-PG002-03-FLORTM000,sci_flbbcd_cdom_ref,sci_flbbcd_cdom_ref,,,,nm,GA05MOAS,PG002,FLORT
GA05MOAS-PG002-03-FLORTM000,sci_flbbcd_cdom_sig,sci_flbbcd_cdom_sig,,,,counts,GA05MOAS,PG002,FLORT
GA05MOAS-PG002-03-FLORTM000,sci_flbbcd_cdom_units,sci_flbbcd_cdom_units,0,375,L1,ppb,GA05MOAS,PG002,FLORT
GA05MOAS-PG002-03-FLORTM000,sci_flbbcd_chlor_ref,sci_flbbcd_chlor_ref,,,,nm,GA05MOAS,PG002,FLORT
GA05MOAS-PG002-03-FLORTM000,sci_flbbcd_chlor_sig,sci_flbbcd_chlor_sig,,,,counts,GA05MOAS,PG002,FLORT
GA05MOAS-PG002-03-FLORTM000,sci_flbbcd_chlor_units,sci_flbbcd_chlor_units,0,50,L1,ug L-1,GA05MOAS,PG002,FLORT
GA05MOAS-PG002-03-FLORTM000,sci_flbbcd_therm,sci_flbbcd_therm,,,ENG,1,GA05MOAS,PG002,FLORT
GA05MOAS-PG002-03-FLORTM000,sci_flbbcd_timestamp,sci_flbbcd_timestamp,,,ENG,seconds since 1970-01-01,GA05MOAS,PG002,FLORT
GA05MOAS-PG002-03-FLORTM000,sci_m_present_secs_into_mission,sci_m_present_secs_into_mission,,,,s,GA05MOAS,PG002,FLORT
GA05MOAS-PG002-03-FLORTM000,sci_m_present_time,sci_m_present_time,,,,seconds since 1970-01-01,GA05MOAS,PG002,FLORT
GA05MOAS-PG002-03-FLORTM000,preferred_timestamp,preferred_timestamp,,,ENG,1,GA05MOAS,PG002,FLORT
GA05MOAS-PG002-03-FLORTM000,flort_m_bback_total,flort_m_bback_total,0.0003,1,L2,m-1,GA05MOAS,PG002,FLORT
GA05MOAS-PG002-03-FLORTM000,flort_m_scat_seawater,flort_m_scat_seawater,,,AUX,m-1,GA05MOAS,PG002,FLORT
GA05MOAS-PG002-03-FLORTM000,time,time,,,ENG,seconds since 1900-01-01,GA05MOAS,PG002,FLORT
GA05MOAS-PG002-03-FLORTM000,ingestion_timestamp,ingestion_timestamp,,,ENG,seconds since 1900-01-01,GA05MOAS,PG002,FLORT
GA05MOAS-PG002-04-FLORTO000,driver_timestamp,driver_timestamp,,,ENG,seconds since 1900-01-01,GA05MOAS,PG002,FLORT
GA05MOAS-PG002-04-FLORTO000,internal_timestamp,internal_timestamp,,,ENG,seconds since 1900-01-01,GA05MOAS,PG002,FLORT
GA05MOAS-PG002-04-FLORTO000,m_present_secs_into_mission,m_present_secs_into_mission,,,ENG,s,GA05MOAS,PG002,FLORT
GA05MOAS-PG002-04-FLORTO000,m_present_time,m_present_time,,,AUX,seconds since 1970-01-01,GA05MOAS,PG002,FLORT
GA05MOAS-PG002-04-FLORTO000,sci_flbbcd_bb_ref,sci_flbbcd_bb_ref,,,,nm,GA05MOAS,PG002,FLORT
GA05MOAS-PG002-04-FLORTO000,sci_flbbcd_bb_sig,sci_flbbcd_bb_sig,,,,counts,GA05MOAS,PG002,FLORT
GA05MOAS-PG002-04-FLORTO000,sci_flbbcd_bb_units,sci_flbbcd_bb_units,,,L1,m-1 sr-1,GA05MOAS,PG002,FLORT
GA05MOAS-PG002-04-FLORTO000,sci_flbbcd_cdom_ref,sci_flbbcd_cdom_ref,,,,nm,GA05MOAS,PG002,FLORT
GA05MOAS-PG002-04-FLORTO000,sci_flbbcd_cdom_sig,sci_flbbcd_cdom_sig,,,,counts,GA05MOAS,PG002,FLORT
GA05MOAS-PG002-04-FLORTO000,sci_flbbcd_cdom_units,sci_flbbcd_cdom_units,0,375,L1,ppb,GA05MOAS,PG002,FLORT
GA05MOAS-PG002-04-FLORTO000,sci_flbbcd_chlor_ref,sci_flbbcd_chlor_ref,,,,nm,GA05MOAS,PG002,FLORT
GA05MOAS-PG002-04-FLORTO000,sci_flbbcd_chlor_sig,sci_flbbcd_chlor_sig,,,,counts,GA05MOAS,PG002,FLORT
GA05MOAS-PG002-04-FLORTO000,sci_flbbcd_chlor_units,sci_flbbcd_chlor_units,0,50,L1,ug L-1,GA05MOAS,PG002,FLORT
GA05MOAS-PG002-04-FLORTO000,sci_flbbcd_therm,sci_flbbcd_therm,,,ENG,1,GA05MOAS,PG002,FLORT
GA05MOAS-PG002-04-FLORTO000,sci_flbbcd_timestamp,sci_flbbcd_timestamp,,,ENG,seconds since 1970-01-01,GA05MOAS,PG002,FLORT
GA05MOAS-PG002-04-FLORTO000,sci_m_present_secs_into_mission,sci_m_present_secs_into_mission,,,,s,GA05MOAS,PG002,FLORT
GA05MOAS-PG002-04-FLORTO000,sci_m_present_time,sci_m_present_time,,,,seconds since 1970-01-01,GA05MOAS,PG002,FLORT
GA05MOAS-PG002-04-FLORTO000,preferred_timestamp,preferred_timestamp,,,ENG,1,GA05MOAS,PG002,FLORT
GA05MOAS-PG002-04-FLORTO000,flort_m_bback_total,flort_m_bback_total,0.0003,1,L2,m-1,GA05MOAS,PG002,FLORT
GA05MOAS-PG002-04-FLORTO000,flort_m_scat_seawater,flort_m_scat_seawater,,,AUX,m-1,GA05MOAS,PG002,FLORT
GA05MOAS-PG002-04-FLORTO000,time,time,,,ENG,seconds since 1900-01-01,GA05MOAS,PG002,FLORT
GA05MOAS-PG002-04-FLORTO000,ingestion_timestamp,ingestion_timestamp,,,ENG,seconds since 1900-01-01,GA05MOAS,PG002,FLORT
GA05MOAS-PG002-05-NUTNRM000,driver_timestamp,driver_timestamp,,,ENG,seconds since 1900-01-01,GA05MOAS,PG002,NUTNR
GA05MOAS-PG002-05-NUTNRM000,internal_timestamp,internal_timestamp,,,ENG,seconds since 1900-01-01,GA05MOAS,PG002,NUTNR
GA05MOAS-PG002-05-NUTNRM000,m_present_secs_into_mission,m_present_secs_into_mission,,,ENG,s,GA05MOAS,PG002,NUTNR
GA05MOAS-PG002-05-NUTNRM000,m_present_time,m_present_time,,,AUX,seconds since 1970-01-01,GA05MOAS,PG002,NUTNR
GA05MOAS-PG002-05-NUTNRM000,sci_m_present_secs_into_mission,sci_m_present_secs_into_mission,,,,s,GA05MOAS,PG002,NUTNR
GA05MOAS-PG002-05-NUTNRM000,sci_m_present_time,sci_m_present_time,,,,seconds since 1970-01-01,GA05MOAS,PG002,NUTNR
GA05MOAS-PG002-05-NUTNRM000,preferred_timestamp,preferred_timestamp,,,ENG,1,GA05MOAS,PG002,NUTNR
GA05MOAS-PG002-05-NUTNRM000,nutnr_nitrogen_in_nitrate,nutnr_nitrogen_in_nitrate,,,,mg/L,GA05MOAS,PG002,NUTNR
GA05MOAS-PG002-05-NUTNRM000,nutnr_absorbance_at_254_nm,nutnr_absorbance_at_254_nm,,,,1,GA05MOAS,PG002,NUTNR
GA05MOAS-PG002-05-NUTNRM000,nutnr_absorbance_at_350_nm,nutnr_absorbance_at_350_nm,,,,1,GA05MOAS,PG002,NUTNR
GA05MOAS-PG002-05-NUTNRM000,nutnr_bromide_trace,nutnr_bromide_trace,,,,mg/L,GA05MOAS,PG002,NUTNR
GA05MOAS-PG002-05-NUTNRM000,nutnr_spectrum_average,nutnr_spectrum_average,,,,1,GA05MOAS,PG002,NUTNR
GA05MOAS-PG002-05-NUTNRM000,nutnr_dark_value_used_for_fit,nutnr_dark_value_used_for_fit,,,AUX,1,GA05MOAS,PG002,NUTNR
GA05MOAS-PG002-05-NUTNRM000,nutnr_integration_time_factor,nutnr_integration_time_factor,,,,1,GA05MOAS,PG002,NUTNR
GA05MOAS-PG002-05-NUTNRM000,nutnr_fit_rmse,nutnr_fit_rmse,,,AUX,1,GA05MOAS,PG002,NUTNR
GA05MOAS-PG002-05-NUTNRM000,year,year,,,,year,GA05MOAS,PG002,NUTNR
GA05MOAS-PG002-05-NUTNRM000,day_of_year,day_of_year,,,,1,GA05MOAS,PG002,NUTNR
GA05MOAS-PG002-05-NUTNRM000,ctd_time_uint32,ctd_time_uint32,,,,seconds since 1970-01-01,GA05MOAS,PG002,NUTNR
GA05MOAS-PG002-05-NUTNRM000,ctd_psu,ctd_psu,,,AUX,(unitless),GA05MOAS,PG002,NUTNR
GA05MOAS-PG002-05-NUTNRM000,ctd_temp,ctd_temp,,,AUX,deg_C,GA05MOAS,PG002,NUTNR
GA05MOAS-PG002-05-NUTNRM000,ctd_dbar,ctd_dbar,,,AUX,dbar,GA05MOAS,PG002,NUTNR
GA05MOAS-PG002-05-NUTNRM000,frame_type,frame_type,,,,1,GA05MOAS,PG002,NUTNR
GA05MOAS-PG002-05-NUTNRM000,serial_number,serial_number,,,ENG,1,GA05MOAS,PG002,NUTNR
GA05MOAS-PG002-05-NUTNRM000,time_of_sample,time_of_sample,,,AUX,h,GA05MOAS,PG002,NUTNR
GA05MOAS-PG002-05-NUTNRM000,nitrate_concentration,nitrate_concentration,0,40,L1,umol L-1,GA05MOAS,PG002,NUTNR
GA05MOAS-PG002-05-NUTNRM000,temp_spectrometer,temp_spectrometer,,,AUX,deg_C,GA05MOAS,PG002,NUTNR
GA05MOAS-PG002-05-NUTNRM000,temp_lamp,temp_lamp,,,AUX,deg_C,GA05MOAS,PG002,NUTNR
GA05MOAS-PG002-05-NUTNRM000,humidity,humidity,,,AUX,%,GA05MOAS,PG002,NUTNR
GA05MOAS-PG002-05-NUTNRM000,spectral_channels,spectral_channels,,,L0,counts,GA05MOAS,PG002,NUTNR
GA05MOAS-PG002-05-NUTNRM000,sci_suna_timestamp,sci_suna_timestamp,,,,seconds since 1970-01-01,GA05MOAS,PG002,NUTNR
GA05MOAS-PG002-05-NUTNRM000,sci_suna_record_offset,sci_suna_record_offset,,,,B,GA05MOAS,PG002,NUTNR
GA05MOAS-PG002-05-NUTNRM000,sci_suna_nitrate_um,sci_suna_nitrate_um,0,40,L1,umol L-1,GA05MOAS,PG002,NUTNR
GA05MOAS-PG002-05-NUTNRM000,sci_suna_nitrate_mg,sci_suna_nitrate_mg,,,L1,mg L-1,GA05MOAS,PG002,NUTNR
GA05MOAS-PG002-05-NUTNRM000,nutnr_m_temp_sal_corrected_nitrate,nutnr_m_temp_sal_corrected_nitrate,0,40,L2,umol L-1,GA05MOAS,PG002,NUTNR
GA05MOAS-PG002-05-NUTNRM000,dark_frame_spectral_channels,dark_frame_spectral_channels,,,AUX,counts,GA05MOAS,PG002,NUTNR
GA05MOAS-PG002-05-NUTNRM000,time,time,,,ENG,seconds since 1900-01-01,GA05MOAS,PG002,NUTNR
GA05MOAS-PG002-05-NUTNRM000,ingestion_timestamp,ingestion_timestamp,,,ENG,seconds since 1900-01-01,GA05MOAS,PG002,NUTNR
GA05MOAS-PG002-06-PARADM000,driver_timestamp,driver_timestamp,,,ENG,seconds since 1900-01-01,GA05MOAS,PG002,PARAD
GA05MOAS-PG002-06-PARADM000,internal_timestamp,internal_timestamp,,,ENG,seconds since 1900-01-01,GA05MOAS,PG002,PARAD
GA05MOAS-PG002-06-PARADM000,m_present_secs_into_mission,m_present_secs_into_mission,,,ENG,s,GA05MOAS,PG002,PARAD
GA05MOAS-PG002-06-PARADM000,m_present_time,m_present_time,,,AUX,seconds since 1970-01-01,GA05MOAS,PG002,PARAD
GA05MOAS-PG002-06-PARADM000,sci_bsipar_par,sci_bsipar_par,0,2500,L1,umol photons m-2 s-1,GA05MOAS,PG002,PARAD
GA05MOAS-PG002-06-PARADM000,sci_bsipar_sensor_volts,sci_bsipar_sensor_volts,,,L0,V,GA05MOAS,PG002,PARAD
GA05MOAS-PG002-06-PARADM000,sci_bsipar_supply_volts,sci_bsipar_supply_volts,,,,V,GA05MOAS,PG002,PARAD
GA05MOAS-PG002-06-PARADM000,sci_bsipar_temp,sci_bsipar_temp,,,,deg_C,GA05MOAS,PG002,PARAD
GA05MOAS-PG002-06-PARADM000,sci_m_present_secs_into_mission,sci_m_present_secs_into_mission,,,,s,GA05MOAS,PG002,PARAD
GA05MOAS-PG002-06-PARADM000,sci_m_present_time,sci_m_present_time,,,,seconds since 1970-01-01,GA05MOAS,PG002,PARAD
GA05MOAS-PG002-06-PARADM000,preferred_timestamp,preferred_timestamp,,,ENG,1,GA05MOAS,PG002,PARAD
GA05MOAS-PG002-06-PARADM000,time,time,,,ENG,seconds since 1900-01-01,GA05MOAS,PG002,PARAD
GA05MOAS-PG002-06-PARADM000,ingestion_timestamp,ingestion_timestamp,,,ENG,seconds since 1900-01-01,GA05MOAS,PG002,PARAD
GI01SUMO-RID16-01-OPTAAD000,driver_timestamp,driver_timestamp,,,ENG,seconds since 1900-01-01,GI01SUMO,RID16,OPTAA
GI01SUMO-RID16-01-OPTAAD000,internal_timestamp,internal_timestamp,,,ENG,seconds since 1900-01-01,GI01SUMO,RID16,OPTAA
GI01SUMO-RID16-01-OPTAAD000,preferred_timestamp,preferred_timestamp,,,ENG,1,GI01SUMO,RID16,OPTAA
GI01SUMO-RID16-01-OPTAAD000,start_date,start_date,,,,1,GI01SUMO,RID16,OPTAA
GI01SUMO-RID16-01-OPTAAD000,serial_number,serial_number,,,ENG,1,GI01SUMO,RID16,OPTAA
GI01SUMO-RID16-01-OPTAAD000,optaa_dj_dcl_beam_attenuation,optaa_dj_dcl_beam_attenuation,0,100,L2,m-1,GI01SUMO,RID16,OPTAA
GI01SUMO-RID16-01-OPTAAD000,optaa_dj_dcl_optical_absorption,optaa_dj_dcl_optical_absorption,0,100,L2,m-1,GI01SUMO,RID16,OPTAA
GI01SUMO-RID16-01-OPTAAD000,packet_type,packet_type,,,,1,GI01SUMO,RID16,OPTAA
GI01SUMO-RID16-01-OPTAAD000,meter_type,meter_type,,,,1,GI01SUMO,RID16,OPTAA
GI01SUMO-RID16-01-OPTAAD000,a_reference_dark_counts,a_reference_dark_counts,,,,counts,GI01SUMO,RID16,OPTAA
GI01SUMO-RID16-01-OPTAAD000,pressure_counts,pressure_counts,,,,counts,GI01SUMO,RID16,OPTAA
GI01SUMO-RID16-01-OPTAAD000,a_signal_dark_counts,a_signal_dark_counts,,,,counts,GI01SUMO,RID16,OPTAA
GI01SUMO-RID16-01-OPTAAD000,external_temp_raw,external_temp_raw,,,,counts,GI01SUMO,RID16,OPTAA
GI01SUMO-RID16-01-OPTAAD000,internal_temp_raw,internal_temp_raw,,,L0,counts,GI01SUMO,RID16,OPTAA
GI01SUMO-RID16-01-OPTAAD000,c_reference_dark_counts,c_reference_dark_counts,,,,counts,GI01SUMO,RID16,OPTAA
GI01SUMO-RID16-01-OPTAAD000,c_signal_dark_counts,c_signal_dark_counts,,,,counts,GI01SUMO,RID16,OPTAA
GI01SUMO-RID16-01-OPTAAD000,elapsed_run_time,elapsed_run_time,,,,ms,GI01SUMO,RID16,OPTAA
GI01SUMO-RID16-01-OPTAAD000,num_wavelengths,num_wavelengths,,,,1,GI01SUMO,RID16,OPTAA
GI01SUMO-RID16-01-OPTAAD000,c_reference_counts,c_reference_counts,,,L0,counts,GI01SUMO,RID16,OPTAA
GI01SUMO-RID16-01-OPTAAD000,a_reference_counts,a_reference_counts,,,L0,counts,GI01SUMO,RID16,OPTAA
GI01SUMO-RID16-01-OPTAAD000,c_signal_counts,c_signal_counts,,,L0,counts,GI01SUMO,RID16,OPTAA
GI01SUMO-RID16-01-OPTAAD000,a_signal_counts,a_signal_counts,,,L0,counts,GI01SUMO,RID16,OPTAA
GI01SUMO-RID16-01-OPTAAD000,time,time,,,ENG,seconds since 1900-01-01,GI01SUMO,RID16,OPTAA
GI01SUMO-RID16-01-OPTAAD000,ingestion_timestamp,ingestion_timestamp,,,ENG,seconds since 1900-01-01,GI01SUMO,RID16,OPTAA
GI01SUMO-RID16-02-FLORTD000,driver_timestamp,driver_timestamp,,,ENG,seconds since 1900-01-01,GI01SUMO,RID16,FLORT
GI01SUMO-RID16-02-FLORTD000,date_string,date_string,,,ENG,1,GI01SUMO,RID16,FLORT
GI01SUMO-RID16-02-FLORTD000,time_string,time_string,,,ENG,1,GI01SUMO,RID16,FLORT
GI01SUMO-RID16-02-FLORTD000,measurement_wavelength_beta,measurement_wavelength_beta,,,,nm,GI01SUMO,RID16,FLORT
GI01SUMO-RID16-02-FLORTD000,raw_signal_beta,raw_signal_beta,,,L0,counts,GI01SUMO,RID16,FLORT
GI01SUMO-RID16-02-FLORTD000,measurement_wavelength_chl,measurement_wavelength_chl,,,,nm,GI01SUMO,RID16,FLORT
GI01SUMO-RID16-02-FLORTD000,raw_signal_chl,raw_signal_chl,,,L0,counts,GI01SUMO,RID16,FLORT
GI01SUMO-RID16-02-FLORTD000,measurement_wavelength_cdom,measurement_wavelength_cdom,,,,nm,GI01SUMO,RID16,FLORT
GI01SUMO-RID16-02-FLORTD000,raw_signal_cdom,raw_signal_cdom,,,L0,counts,GI01SUMO,RID16,FLORT
GI01SUMO-RID16-02-FLORTD000,raw_internal_temp,raw_internal_temp,,,,counts,GI01SUMO,RID16,FLORT
GI01SUMO-RID16-02-FLORTD000,internal_timestamp,internal_timestamp,,,ENG,seconds since 1900-01-01,GI01SUMO,RID16,FLORT
GI01SUMO-RID16-02-FLORTD000,preferred_timestamp,preferred_timestamp,,,ENG,1,GI01SUMO,RID16,FLORT
GI01SUMO-RID16-02-FLORTD000,flort_k_total_volume_scattering_coefficient,flort_k_total_volume_scattering_coefficient,,,L1,m-1 sr-1,GI01SUMO,RID16,FLORT
GI01SUMO-RID16-02-FLORTD000,fluorometric_chlorophyll_a,fluorometric_chlorophyll_a,0,50,L1,ug L-1,GI01SUMO,RID16,FLORT
GI01SUMO-RID16-02-FLORTD000,fluorometric_cdom,fluorometric_cdom,0,375,L1,ppb,GI01SUMO,RID16,FLORT
GI01SUMO-RID16-02-FLORTD000,dcl_controller_timestamp,dcl_controller_timestamp,,,ENG,1,GI01SUMO,RID16,FLORT
GI01SUMO-RID16-02-FLORTD000,flort_dj_dcl_bback_total,flort_dj_dcl_bback_total,0.0003,1,L2,m-1,GI01SUMO,RID16,FLORT
GI01SUMO-RID16-02-FLORTD000,flort_d_dcl_ctdbp_scat_seawater,flort_d_dcl_ctdbp_scat_seawater,,,AUX,m-1,GI01SUMO,RID16,FLORT
GI01SUMO-RID16-02-FLORTD000,time,time,,,ENG,seconds since 1900-01-01,GI01SUMO,RID16,FLORT
GI01SUMO-RID16-02-FLORTD000,ingestion_timestamp,ingestion_timestamp,,,ENG,seconds since 1900-01-01,GI01SUMO,RID16,FLORT
GI01SUMO-RID16-03-CTDBPF000,conductivity,conductivity,0,6,L1,S m-1,GI01SUMO,RID16,CTDBP
GI01SUMO-RID16-03-CTDBPF000,driver_timestamp,driver_timestamp,,,ENG,seconds since 1900-01-01,GI01SUMO,RID16,CTDBP
GI01SUMO-RID16-03-CTDBPF000,internal_timestamp,internal_timestamp,,,ENG,seconds since 1900-01-01,GI01SUMO,RID16,CTDBP
GI01SUMO-RID16-03-CTDBPF000,preferred_timestamp,preferred_timestamp,,,ENG,1,GI01SUMO,RID16,CTDBP
GI01SUMO-RID16-03-CTDBPF000,temperature,temperature,,,L0,counts,GI01SUMO,RID16,CTDBP
GI01SUMO-RID16-03-CTDBPF000,conductivity,conductivity,,,L0,counts,GI01SUMO,RID16,CTDBP
GI01SUMO-RID16-03-CTDBPF000,pressure,pressure,,,L0,counts,GI01SUMO,RID16,CTDBP
GI01SUMO-RID16-03-CTDBPF000,pressure_temp,pressure_temp,,,L0,counts,GI01SUMO,RID16,CTDBP
GI01SUMO-RID16-03-CTDBPF000,ctd_time,ctd_time,,,ENG,seconds since 2000-01-01,GI01SUMO,RID16,CTDBP
GI01SUMO-RID16-03-CTDBPF000,pressure,pressure,0,6000,L1,dbar,GI01SUMO,RID16,CTDBP
GI01SUMO-RID16-03-CTDBPF000,dcl_controller_timestamp,dcl_controller_timestamp,,,ENG,1,GI01SUMO,RID16,CTDBP
GI01SUMO-RID16-03-CTDBPF000,ctdbp_seawater_temperature,ctdbp_seawater_temperature,-2,40,L1,deg_C,GI01SUMO,RID16,CTDBP
GI01SUMO-RID16-03-CTDBPF000,ctdbp_seawater_pressure,ctdbp_seawater_pressure,0,6000,L1,dbar,GI01SUMO,RID16,CTDBP
GI01SUMO-RID16-03-CTDBPF000,ctdbp_seawater_conductivity,ctdbp_seawater_conductivity,0,6,L1,S m-1,GI01SUMO,RID16,CTDBP
GI01SUMO-RID16-03-CTDBPF000,ctdbp_practical_salinity,ctdbp_practical_salinity,0,42,L2,1,GI01SUMO,RID16,CTDBP
GI01SUMO-RID16-03-CTDBPF000,ctdbp_seawater_density,ctdbp_seawater_density,1000,1100,L2,kg m-3,GI01SUMO,RID16,CTDBP
GI01SUMO-RID16-03-CTDBPF000,ctdbp_cdef_dcl_ce_density,ctdbp_cdef_dcl_ce_density,1000,1100,L2,kg m-3,GI01SUMO,RID16,CTDBP
GI01SUMO-RID16-03-CTDBPF000,temp,temp,-2,40,L1,deg_C,GI01SUMO,RID16,CTDBP
GI01SUMO-RID16-03-CTDBPF000,time,time,,,ENG,seconds since 1900-01-01,GI01SUMO,RID16,CTDBP
GI01SUMO-RID16-03-CTDBPF000,ingestion_timestamp,ingestion_timestamp,,,ENG,seconds since 1900-01-01,GI01SUMO,RID16,CTDBP
GI01SUMO-RID16-03-CTDBPF000,salinity,salinity,0,42,L2,(unitless),GI01SUMO,RID16,CTDBP
GI01SUMO-RID16-03-CTDBPF000,date_time_string,date_time_string,,,,1,GI01SUMO,RID16,CTDBP
GI01SUMO-RID16-04-VELPTA000,driver_timestamp,driver_timestamp,,,ENG,seconds since 1900-01-01,GI01SUMO,RID16,VELPT
GI01SUMO-RID16-04-VELPTA000,firmware_version,firmware_version,,,,1,GI01SUMO,RID16,VELPT
GI01SUMO-RID16-04-VELPTA000,eastward_velocity,eastward_velocity,-3,3,L1,m s-1,GI01SUMO,RID16,VELPT
GI01SUMO-RID16-04-VELPTA000,northward_velocity,northward_velocity,-3,3,L1,m s-1,GI01SUMO,RID16,VELPT
GI01SUMO-RID16-04-VELPTA000,upward_velocity,upward_velocity,-1,1,L1,m s-1,GI01SUMO,RID16,VELPT
GI01SUMO-RID16-04-VELPTA000,internal_timestamp,internal_timestamp,,,ENG,seconds since 1900-01-01,GI01SUMO,RID16,VELPT
GI01SUMO-RID16-04-VELPTA000,preferred_timestamp,preferred_timestamp,,,ENG,1,GI01SUMO,RID16,VELPT
GI01SUMO-RID16-04-VELPTA000,velpt_ab_eastward_velocity,velpt_ab_eastward_velocity,-3,3,L1,m s-1,GI01SUMO,RID16,VELPT
GI01SUMO-RID16-04-VELPTA000,velpt_ab_northward_velocity,velpt_ab_northward_velocity,-3,3,L1,m s-1,GI01SUMO,RID16,VELPT
GI01SUMO-RID16-04-VELPTA000,velpt_ab_upward_velocity,velpt_ab_upward_velocity,-1,1,L1,m s-1,GI01SUMO,RID16,VELPT
GI01SUMO-RID16-04-VELPTA000,number_of_beam_sequences,number_of_beam_sequences,,,,counts,GI01SUMO,RID16,VELPT
GI01SUMO-RID16-04-VELPTA000,number_of_beams_in_diagnostics_mode,number_of_beams_in_diagnostics_mode,,,,counts,GI01SUMO,RID16,VELPT
GI01SUMO-RID16-04-VELPTA000,reserved_bit_easyq,reserved_bit_easyq,,,,1,GI01SUMO,RID16,VELPT
GI01SUMO-RID16-04-VELPTA000,battery_voltage_dv,battery_voltage_dv,,,AUX,dV,GI01SUMO,RID16,VELPT
GI01SUMO-RID16-04-VELPTA000,sound_speed_dms,sound_speed_dms,,,AUX,dm s-1,GI01SUMO,RID16,VELPT
GI01SUMO-RID16-04-VELPTA000,heading_decidegree,heading_decidegree,,,AUX,deci-degrees,GI01SUMO,RID16,VELPT
GI01SUMO-RID16-04-VELPTA000,roll_decidegree,roll_decidegree,,,AUX,deci-degrees,GI01SUMO,RID16,VELPT
GI01SUMO-RID16-04-VELPTA000,pitch_decidegree,pitch_decidegree,,,AUX,deci-degrees,GI01SUMO,RID16,VELPT
GI01SUMO-RID16-04-VELPTA000,temperature_centidegree,temperature_centidegree,,,AUX,cdeg_C,GI01SUMO,RID16,VELPT
GI01SUMO-RID16-04-VELPTA000,pressure_mbar,pressure_mbar,,,AUX,0.001 dbar,GI01SUMO,RID16,VELPT
GI01SUMO-RID16-04-VELPTA000,error_code,error_code,,,,1,GI01SUMO,RID16,VELPT
GI01SUMO-RID16-04-VELPTA000,analog1,analog1,,,,1,GI01SUMO,RID16,VELPT
GI01SUMO-RID16-04-VELPTA000,status,status,,,,1,GI01SUMO,RID16,VELPT
GI01SUMO-RID16-04-VELPTA000,velocity_beam1,velocity_beam1,,,L0,mm s-1,GI01SUMO,RID16,VELPT
GI01SUMO-RID16-04-VELPTA000,velocity_beam2,velocity_beam2,,,L0,mm s-1,GI01SUMO,RID16,VELPT
GI01SUMO-RID16-04-VELPTA000,velocity_beam3,velocity_beam3,,,L0,mm s-1,GI01SUMO,RID16,VELPT
GI01SUMO-RID16-04-VELPTA000,amplitude_beam1,amplitude_beam1,,,AUX,counts,GI01SUMO,RID16,VELPT
GI01SUMO-RID16-04-VELPTA000,amplitude_beam2,amplitude_beam2,,,AUX,counts,GI01SUMO,RID16,VELPT
GI01SUMO-RID16-04-VELPTA000,amplitude_beam3,amplitude_beam3,,,AUX,counts,GI01SUMO,RID16,VELPT
GI01SUMO-RID16-04-VELPTA000,records_to_follow,records_to_follow,,,,1,GI01SUMO,RID16,VELPT
GI01SUMO-RID16-04-VELPTA000,cell_number_diagnostics,cell_number_diagnostics,,,,1,GI01SUMO,RID16,VELPT
GI01SUMO-RID16-04-VELPTA000,noise_amplitude_beam1,noise_amplitude_beam1,,,,counts,GI01SUMO,RID16,VELPT
GI01SUMO-RID16-04-VELPTA000,noise_amplitude_beam2,noise_amplitude_beam2,,,,counts,GI01SUMO,RID16,VELPT
GI01SUMO-RID16-04-VELPTA000,noise_amplitude_beam3,noise_amplitude_beam3,,,,counts,GI01SUMO,RID16,VELPT
GI01SUMO-RID16-04-VELPTA000,noise_amplitude_beam4,noise_amplitude_beam4,,,,counts,GI01SUMO,RID16,VELPT
GI01SUMO-RID16-04-VELPTA000,processing_magnitude_beam1,processing_magnitude_beam1,,,,1,GI01SUMO,RID16,VELPT
GI01SUMO-RID16-04-VELPTA000,processing_magnitude_beam2,processing_magnitude_beam2,,,,1,GI01SUMO,RID16,VELPT
GI01SUMO-RID16-04-VELPTA000,processing_magnitude_beam3,processing_magnitude_beam3,,,,1,GI01SUMO,RID16,VELPT
GI01SUMO-RID16-04-VELPTA000,processing_magnitude_beam4,processing_magnitude_beam4,,,,1,GI01SUMO,RID16,VELPT
GI01SUMO-RID16-04-VELPTA000,distance_beam1,distance_beam1,,,,1,GI01SUMO,RID16,VELPT
GI01SUMO-RID16-04-VELPTA000,distance_beam2,distance_beam2,,,,1,GI01SUMO,RID16,VELPT
GI01SUMO-RID16-04-VELPTA000,distance_beam3,distance_beam3,,,,1,GI01SUMO,RID16,VELPT
GI01SUMO-RID16-04-VELPTA000,distance_beam4,distance_beam4,,,,1,GI01SUMO,RID16,VELPT
GI01SUMO-RID16-04-VELPTA000,instrmt_type_serial_number,instrmt_type_serial_number,,,,1,GI01SUMO,RID16,VELPT
GI01SUMO-RID16-04-VELPTA000,pic_version,pic_version,,,,1,GI01SUMO,RID16,VELPT
GI01SUMO-RID16-04-VELPTA000,hardware_revision,hardware_revision,,,,1,GI01SUMO,RID16,VELPT
GI01SUMO-RID16-04-VELPTA000,recorder_size,recorder_size,,,,bytes,GI01SUMO,RID16,VELPT
GI01SUMO-RID16-04-VELPTA000,velocity_range,velocity_range,,,,1,GI01SUMO,RID16,VELPT
GI01SUMO-RID16-04-VELPTA000,pressure_sensor,pressure_sensor,,,,1,GI01SUMO,RID16,VELPT
GI01SUMO-RID16-04-VELPTA000,magnetometer_sensor,magnetometer_sensor,,,,1,GI01SUMO,RID16,VELPT
GI01SUMO-RID16-04-VELPTA000,tilt_sensor,tilt_sensor,,,,1,GI01SUMO,RID16,VELPT
GI01SUMO-RID16-04-VELPTA000,tilt_sensor_mounting,tilt_sensor_mounting,,,,1,GI01SUMO,RID16,VELPT
GI01SUMO-RID16-04-VELPTA000,head_frequency,head_frequency,,,,kHz,GI01SUMO,RID16,VELPT
GI01SUMO-RID16-04-VELPTA000,head_type,head_type,,,,1,GI01SUMO,RID16,VELPT
GI01SUMO-RID16-04-VELPTA000,head_serial_number,head_serial_number,,,,1,GI01SUMO,RID16,VELPT
GI01SUMO-RID16-04-VELPTA000,number_beams,number_beams,,,,1,GI01SUMO,RID16,VELPT
GI01SUMO-RID16-04-VELPTA000,transmit_pulse_length,transmit_pulse_length,,,,counts,GI01SUMO,RID16,VELPT
GI01SUMO-RID16-04-VELPTA000,blanking_distance,blanking_distance,,,,counts,GI01SUMO,RID16,VELPT
GI01SUMO-RID16-04-VELPTA000,receive_length,receive_length,,,,counts,GI01SUMO,RID16,VELPT
GI01SUMO-RID16-04-VELPTA000,time_between_pings,time_between_pings,,,,counts,GI01SUMO,RID16,VELPT
GI01SUMO-RID16-04-VELPTA000,time_between_bursts,time_between_bursts,,,,counts,GI01SUMO,RID16,VELPT
GI01SUMO-RID16-04-VELPTA000,average_interval,average_interval,,,,s,GI01SUMO,RID16,VELPT
GI01SUMO-RID16-04-VELPTA000,compass_update_rate,compass_update_rate,,,,Hz,GI01SUMO,RID16,VELPT
GI01SUMO-RID16-04-VELPTA000,coordinate_system,coordinate_system,,,,1,GI01SUMO,RID16,VELPT
GI01SUMO-RID16-04-VELPTA000,number_cells,number_cells,,,,1,GI01SUMO,RID16,VELPT
GI01SUMO-RID16-04-VELPTA000,measurement_interval,measurement_interval,,,,s,GI01SUMO,RID16,VELPT
GI01SUMO-RID16-04-VELPTA000,deployment_name,deployment_name,,,,1,GI01SUMO,RID16,VELPT
GI01SUMO-RID16-04-VELPTA000,diagnostics_interval,diagnostics_interval,,,,s,GI01SUMO,RID16,VELPT
GI01SUMO-RID16-04-VELPTA000,use_specified_sound_speed,use_specified_sound_speed,,,,1,GI01SUMO,RID16,VELPT
GI01SUMO-RID16-04-VELPTA000,diagnostics_mode_enable,diagnostics_mode_enable,,,,1,GI01SUMO,RID16,VELPT
GI01SUMO-RID16-04-VELPTA000,analog_output_enable,analog_output_enable,,,,1,GI01SUMO,RID16,VELPT
GI01SUMO-RID16-04-VELPTA000,output_format_nortek,output_format_nortek,,,,1,GI01SUMO,RID16,VELPT
GI01SUMO-RID16-04-VELPTA000,scaling,scaling,,,,1,GI01SUMO,RID16,VELPT
GI01SUMO-RID16-04-VELPTA000,serial_output_enable,serial_output_enable,,,,1,GI01SUMO,RID16,VELPT
GI01SUMO-RID16-04-VELPTA000,stage_enable,stage_enable,,,,1,GI01SUMO,RID16,VELPT
GI01SUMO-RID16-04-VELPTA000,analog_power_output,analog_power_output,,,,1,GI01SUMO,RID16,VELPT
GI01SUMO-RID16-04-VELPTA000,sound_speed_adjust_factor,sound_speed_adjust_factor,,,,m s-1,GI01SUMO,RID16,VELPT
GI01SUMO-RID16-04-VELPTA000,number_diagnostics_samples,number_diagnostics_samples,,,,1,GI01SUMO,RID16,VELPT
GI01SUMO-RID16-04-VELPTA000,number_pings_diagnostic,number_pings_diagnostic,,,,1,GI01SUMO,RID16,VELPT
GI01SUMO-RID16-04-VELPTA000,software_version,software_version,,,,1,GI01SUMO,RID16,VELPT
GI01SUMO-RID16-04-VELPTA000,correlation_threshold,correlation_threshold,,,,1,GI01SUMO,RID16,VELPT
GI01SUMO-RID16-04-VELPTA000,time,time,,,ENG,seconds since 1900-01-01,GI01SUMO,RID16,VELPT
GI01SUMO-RID16-04-VELPTA000,ingestion_timestamp,ingestion_timestamp,,,ENG,seconds since 1900-01-01,GI01SUMO,RID16,VELPT
GI01SUMO-RID16-04-VELPTA000,date_time_string,date_time_string,,,,1,GI01SUMO,RID16,VELPT
GI01SUMO-RID16-05-PCO2WB000,driver_timestamp,driver_timestamp,,,ENG,seconds since 1900-01-01,GI01SUMO,RID16,PCO2W
GI01SUMO-RID16-05-PCO2WB000,external_device2_fault,external_device2_fault,,,,1,GI01SUMO,RID16,PCO2W
GI01SUMO-RID16-05-PCO2WB000,external_device3_fault,external_device3_fault,,,,1,GI01SUMO,RID16,PCO2W
GI01SUMO-RID16-05-PCO2WB000,num_data_records,num_data_records,,,,1,GI01SUMO,RID16,PCO2W
GI01SUMO-RID16-05-PCO2WB000,num_error_records,num_error_records,,,,1,GI01SUMO,RID16,PCO2W
GI01SUMO-RID16-05-PCO2WB000,num_bytes_stored,num_bytes_stored,,,,bytes,GI01SUMO,RID16,PCO2W
GI01SUMO-RID16-05-PCO2WB000,internal_timestamp,internal_timestamp,,,ENG,seconds since 1900-01-01,GI01SUMO,RID16,PCO2W
GI01SUMO-RID16-05-PCO2WB000,preferred_timestamp,preferred_timestamp,,,ENG,1,GI01SUMO,RID16,PCO2W
GI01SUMO-RID16-05-PCO2WB000,passed_checksum,passed_checksum,,,ENG,1,GI01SUMO,RID16,PCO2W
GI01SUMO-RID16-05-PCO2WB000,dcl_controller_timestamp,dcl_controller_timestamp,,,ENG,1,GI01SUMO,RID16,PCO2W
GI01SUMO-RID16-05-PCO2WB000,blank_light_measurements,blank_light_measurements,,,,counts,GI01SUMO,RID16,PCO2W
GI01SUMO-RID16-05-PCO2WB000,battery_low_blank,battery_low_blank,,,,1,GI01SUMO,RID16,PCO2W
GI01SUMO-RID16-05-PCO2WB000,unique_id,unique_id,,,,1,GI01SUMO,RID16,PCO2W
GI01SUMO-RID16-05-PCO2WB000,record_type,record_type,,,,1,GI01SUMO,RID16,PCO2W
GI01SUMO-RID16-05-PCO2WB000,record_time,record_time,,,,seconds since 1904-01-01,GI01SUMO,RID16,PCO2W
GI01SUMO-RID16-05-PCO2WB000,light_measurements,light_measurements,,,,counts,GI01SUMO,RID16,PCO2W
GI01SUMO-RID16-05-PCO2WB000,voltage_battery,voltage_battery,,,,counts,GI01SUMO,RID16,PCO2W
GI01SUMO-RID16-05-PCO2WB000,thermistor_raw,thermistor_raw,,,L0,V,GI01SUMO,RID16,PCO2W
GI01SUMO-RID16-05-PCO2WB000,clock_active,clock_active,,,,1,GI01SUMO,RID16,PCO2W
GI01SUMO-RID16-05-PCO2WB000,recording_active,recording_active,,,,1,GI01SUMO,RID16,PCO2W
GI01SUMO-RID16-05-PCO2WB000,record_end_on_time,record_end_on_time,,,,1,GI01SUMO,RID16,PCO2W
GI01SUMO-RID16-05-PCO2WB000,record_memory_full,record_memory_full,,,,1,GI01SUMO,RID16,PCO2W
GI01SUMO-RID16-05-PCO2WB000,record_end_on_error,record_end_on_error,,,,1,GI01SUMO,RID16,PCO2W
GI01SUMO-RID16-05-PCO2WB000,data_download_ok,data_download_ok,,,,1,GI01SUMO,RID16,PCO2W
GI01SUMO-RID16-05-PCO2WB000,flash_memory_open,flash_memory_open,,,,1,GI01SUMO,RID16,PCO2W
GI01SUMO-RID16-05-PCO2WB000,battery_low_prestart,battery_low_prestart,,,,1,GI01SUMO,RID16,PCO2W
GI01SUMO-RID16-05-PCO2WB000,battery_low_measurement,battery_low_measurement,,,,1,GI01SUMO,RID16,PCO2W
GI01SUMO-RID16-05-PCO2WB000,battery_low_external,battery_low_external,,,,1,GI01SUMO,RID16,PCO2W
GI01SUMO-RID16-05-PCO2WB000,external_device1_fault,external_device1_fault,,,,1,GI01SUMO,RID16,PCO2W
GI01SUMO-RID16-05-PCO2WB000,flash_erased,flash_erased,,,,1,GI01SUMO,RID16,PCO2W
GI01SUMO-RID16-05-PCO2WB000,power_on_invalid,power_on_invalid,,,,1,GI01SUMO,RID16,PCO2W
GI01SUMO-RID16-05-PCO2WB000,time,time,,,ENG,seconds since 1900-01-01,GI01SUMO,RID16,PCO2W
GI01SUMO-RID16-05-PCO2WB000,ingestion_timestamp,ingestion_timestamp,,,ENG,seconds since 1900-01-01,GI01SUMO,RID16,PCO2W
GI01SUMO-RID16-05-PCO2WB000,absorbance_ratio_434,absorbance_ratio_434,0,100000,L0,counts,GI01SUMO,RID16,PCO2W
GI01SUMO-RID16-05-PCO2WB000,absorbance_ratio_620,absorbance_ratio_620,0,100000,L0,counts,GI01SUMO,RID16,PCO2W
GI01SUMO-RID16-05-PCO2WB000,absorbance_blank_434,absorbance_blank_434,,,L0,1,GI01SUMO,RID16,PCO2W
GI01SUMO-RID16-05-PCO2WB000,absorbance_blank_620,absorbance_blank_620,,,L0,1,GI01SUMO,RID16,PCO2W
GI01SUMO-RID16-05-PCO2WB000,pco2w_thermistor_temperature,pco2w_thermistor_temperature,-2,40,,deg_C,GI01SUMO,RID16,PCO2W
GI01SUMO-RID16-05-PCO2WB000,pco2_seawater,pco2_seawater,100,600,L1,uatm,GI01SUMO,RID16,PCO2W
GI01SUMO-RID16-06-DOSTAD000,product_number,product_number,,,,1,GI01SUMO,RID16,DOSTA
GI01SUMO-RID16-06-DOSTAD000,driver_timestamp,driver_timestamp,,,ENG,seconds since 1900-01-01,GI01SUMO,RID16,DOSTA
GI01SUMO-RID16-06-DOSTAD000,internal_timestamp,internal_timestamp,,,ENG,seconds since 1900-01-01,GI01SUMO,RID16,DOSTA
GI01SUMO-RID16-06-DOSTAD000,preferred_timestamp,preferred_timestamp,,,ENG,1,GI01SUMO,RID16,DOSTA
GI01SUMO-RID16-06-DOSTAD000,dcl_controller_timestamp,dcl_controller_timestamp,,,ENG,1,GI01SUMO,RID16,DOSTA
GI01SUMO-RID16-06-DOSTAD000,dosta_abcdjm_cspp_tc_oxygen,dosta_abcdjm_cspp_tc_oxygen,0,400,L1,umol L-1,GI01SUMO,RID16,DOSTA
GI01SUMO-RID16-06-DOSTAD000,serial_number,serial_number,,,ENG,1,GI01SUMO,RID16,DOSTA
GI01SUMO-RID16-06-DOSTAD000,dosta_abcdjm_dcl_abs_oxygen,dosta_abcdjm_dcl_abs_oxygen,0,400,L2,umol kg-1,GI01SUMO,RID16,DOSTA
GI01SUMO-RID16-06-DOSTAD000,dosta_abcdjm_dcl_metbk_abs_oxygen,dosta_abcdjm_dcl_metbk_abs_oxygen,0,400,L2,umol kg-1,GI01SUMO,RID16,DOSTA
GI01SUMO-RID16-06-DOSTAD000,dosta_abcdjm_dcl_ctdbp_abs_oxygen,dosta_abcdjm_dcl_ctdbp_abs_oxygen,0,400,L2,umol kg-1,GI01SUMO,RID16,DOSTA
GI01SUMO-RID16-06-DOSTAD000,time,time,,,ENG,seconds since 1900-01-01,GI01SUMO,RID16,DOSTA
GI01SUMO-RID16-06-DOSTAD000,ingestion_timestamp,ingestion_timestamp,,,ENG,seconds since 1900-01-01,GI01SUMO,RID16,DOSTA
GI01SUMO-RID16-06-DOSTAD000,estimated_oxygen_concentration,estimated_oxygen_concentration,0,400,L1,umol L-1,GI01SUMO,RID16,DOSTA
GI01SUMO-RID16-06-DOSTAD000,estimated_oxygen_saturation,estimated_oxygen_saturation,0,110,L1,percent,GI01SUMO,RID16,DOSTA
GI01SUMO-RID16-06-DOSTAD000,optode_temperature,optode_temperature,-2,40,,deg_C,GI01SUMO,RID16,DOSTA
GI01SUMO-RID16-06-DOSTAD000,calibrated_phase,calibrated_phase,,,L0,degrees,GI01SUMO,RID16,DOSTA
GI01SUMO-RID16-06-DOSTAD000,temp_compensated_phase,temp_compensated_phase,,,,degrees,GI01SUMO,RID16,DOSTA
GI01SUMO-RID16-06-DOSTAD000,blue_phase,blue_phase,,,,degrees,GI01SUMO,RID16,DOSTA
GI01SUMO-RID16-06-DOSTAD000,red_phase,red_phase,,,,degrees,GI01SUMO,RID16,DOSTA
GI01SUMO-RID16-06-DOSTAD000,blue_amplitude,blue_amplitude,,,,mV,GI01SUMO,RID16,DOSTA
GI01SUMO-RID16-06-DOSTAD000,red_amplitude,red_amplitude,,,,mV,GI01SUMO,RID16,DOSTA
GI01SUMO-RID16-06-DOSTAD000,raw_temperature,raw_temperature,,,,mV,GI01SUMO,RID16,DOSTA
GI01SUMO-RID16-07-NUTNRB000,driver_timestamp,driver_timestamp,,,ENG,seconds since 1900-01-01,GI01SUMO,RID16,NUTNR
GI01SUMO-RID16-07-NUTNRB000,firmware_version,firmware_version,,,,1,GI01SUMO,RID16,NUTNR
GI01SUMO-RID16-07-NUTNRB000,internal_timestamp,internal_timestamp,,,ENG,seconds since 1900-01-01,GI01SUMO,RID16,NUTNR
GI01SUMO-RID16-07-NUTNRB000,preferred_timestamp,preferred_timestamp,,,ENG,1,GI01SUMO,RID16,NUTNR
GI01SUMO-RID16-07-NUTNRB000,dcl_controller_timestamp,dcl_controller_timestamp,,,ENG,1,GI01SUMO,RID16,NUTNR
GI01SUMO-RID16-07-NUTNRB000,startup_time_string,startup_time_string,,,,1,GI01SUMO,RID16,NUTNR
GI01SUMO-RID16-07-NUTNRB000,nutnr_b_temp_sal_corrected_nitrate,nutnr_b_temp_sal_corrected_nitrate,0,40,L2,umol L-1,GI01SUMO,RID16,NUTNR
GI01SUMO-RID16-07-NUTNRB000,firmware_date,firmware_date,,,,1,GI01SUMO,RID16,NUTNR
GI01SUMO-RID16-07-NUTNRB000,frame_header,frame_header,,,,1,GI01SUMO,RID16,NUTNR
GI01SUMO-RID16-07-NUTNRB000,frame_type,frame_type,,,,1,GI01SUMO,RID16,NUTNR
GI01SUMO-RID16-07-NUTNRB000,serial_number,serial_number,,,ENG,1,GI01SUMO,RID16,NUTNR
GI01SUMO-RID16-07-NUTNRB000,date_of_sample,date_of_sample,,,AUX,1,GI01SUMO,RID16,NUTNR
GI01SUMO-RID16-07-NUTNRB000,time_of_sample,time_of_sample,,,AUX,h,GI01SUMO,RID16,NUTNR
GI01SUMO-RID16-07-NUTNRB000,nitrate_concentration,nitrate_concentration,0,40,L1,umol L-1,GI01SUMO,RID16,NUTNR
GI01SUMO-RID16-07-NUTNRB000,aux_fitting_1,aux_fitting_1,,,AUX,1,GI01SUMO,RID16,NUTNR
GI01SUMO-RID16-07-NUTNRB000,aux_fitting_2,aux_fitting_2,,,AUX,1,GI01SUMO,RID16,NUTNR
GI01SUMO-RID16-07-NUTNRB000,aux_fitting_3,aux_fitting_3,,,AUX,1,GI01SUMO,RID16,NUTNR
GI01SUMO-RID16-07-NUTNRB000,rms_error,rms_error,,,AUX,umol L-1,GI01SUMO,RID16,NUTNR
GI01SUMO-RID16-07-NUTNRB000,temp_interior,temp_interior,,,AUX,deg_C,GI01SUMO,RID16,NUTNR
GI01SUMO-RID16-07-NUTNRB000,temp_spectrometer,temp_spectrometer,,,AUX,deg_C,GI01SUMO,RID16,NUTNR
GI01SUMO-RID16-07-NUTNRB000,temp_lamp,temp_lamp,,,AUX,deg_C,GI01SUMO,RID16,NUTNR
GI01SUMO-RID16-07-NUTNRB000,humidity,humidity,,,AUX,%,GI01SUMO,RID16,NUTNR
GI01SUMO-RID16-07-NUTNRB000,voltage_lamp,voltage_lamp,,,AUX,V,GI01SUMO,RID16,NUTNR
GI01SUMO-RID16-07-NUTNRB000,voltage_analog,voltage_analog,,,AUX,V,GI01SUMO,RID16,NUTNR
GI01SUMO-RID16-07-NUTNRB000,voltage_main,voltage_main,,,AUX,V,GI01SUMO,RID16,NUTNR
GI01SUMO-RID16-07-NUTNRB000,ref_channel_average,ref_channel_average,,,,counts,GI01SUMO,RID16,NUTNR
GI01SUMO-RID16-07-NUTNRB000,ref_channel_variance,ref_channel_variance,,,,1,GI01SUMO,RID16,NUTNR
GI01SUMO-RID16-07-NUTNRB000,sea_water_dark,sea_water_dark,,,AUX,counts,GI01SUMO,RID16,NUTNR
GI01SUMO-RID16-07-NUTNRB000,spec_channel_average,spec_channel_average,,,,counts,GI01SUMO,RID16,NUTNR
GI01SUMO-RID16-07-NUTNRB000,spectral_channels,spectral_channels,,,L0,counts,GI01SUMO,RID16,NUTNR
GI01SUMO-RID16-07-NUTNRB000,startup_time,startup_time,,,,seconds since 1970-01-01,GI01SUMO,RID16,NUTNR
GI01SUMO-RID16-07-NUTNRB000,lamp_time,lamp_time,,,AUX,s,GI01SUMO,RID16,NUTNR
GI01SUMO-RID16-07-NUTNRB000,spec_on_time,spec_on_time,,,,seconds since 1970-01-01,GI01SUMO,RID16,NUTNR
GI01SUMO-RID16-07-NUTNRB000,spec_powered_time,spec_powered_time,,,,seconds since 1970-01-01,GI01SUMO,RID16,NUTNR
GI01SUMO-RID16-07-NUTNRB000,lamp_on_time,lamp_on_time,,,,seconds since 1970-01-01,GI01SUMO,RID16,NUTNR
GI01SUMO-RID16-07-NUTNRB000,lamp_powered_time,lamp_powered_time,,,,seconds since 1970-01-01,GI01SUMO,RID16,NUTNR
GI01SUMO-RID16-07-NUTNRB000,data_log_file,data_log_file,,,,1,GI01SUMO,RID16,NUTNR
GI01SUMO-RID16-07-NUTNRB000,time,time,,,ENG,seconds since 1900-01-01,GI01SUMO,RID16,NUTNR
GI01SUMO-RID16-07-NUTNRB000,ingestion_timestamp,ingestion_timestamp,,,ENG,seconds since 1900-01-01,GI01SUMO,RID16,NUTNR
GI01SUMO-RID16-07-NUTNRB000,Not in Preload,Not in Preload,,,,,GI01SUMO,RID16,NUTNR
GI01SUMO-RID16-08-SPKIRB000,instrument_id,instrument_id,,,ENG,1,GI01SUMO,RID16,SPKIR
GI01SUMO-RID16-08-SPKIRB000,timer,timer,,,ENG,s,GI01SUMO,RID16,SPKIR
GI01SUMO-RID16-08-SPKIRB000,sample_delay,sample_delay,,,ENG,ms,GI01SUMO,RID16,SPKIR
GI01SUMO-RID16-08-SPKIRB000,driver_timestamp,driver_timestamp,,,ENG,seconds since 1900-01-01,GI01SUMO,RID16,SPKIR
GI01SUMO-RID16-08-SPKIRB000,vin_sense,vin_sense,,,ENG,counts,GI01SUMO,RID16,SPKIR
GI01SUMO-RID16-08-SPKIRB000,va_sense,va_sense,,,ENG,counts,GI01SUMO,RID16,SPKIR
GI01SUMO-RID16-08-SPKIRB000,internal_temperature,internal_temperature,,,AUX,counts,GI01SUMO,RID16,SPKIR
GI01SUMO-RID16-08-SPKIRB000,frame_counter,frame_counter,,,ENG,counts,GI01SUMO,RID16,SPKIR
GI01SUMO-RID16-08-SPKIRB000,internal_timestamp,internal_timestamp,,,ENG,seconds since 1900-01-01,GI01SUMO,RID16,SPKIR
GI01SUMO-RID16-08-SPKIRB000,preferred_timestamp,preferred_timestamp,,,ENG,1,GI01SUMO,RID16,SPKIR
GI01SUMO-RID16-08-SPKIRB000,passed_checksum,passed_checksum,,,ENG,1,GI01SUMO,RID16,SPKIR
GI01SUMO-RID16-08-SPKIRB000,channel_array,channel_array,,,L0,counts,GI01SUMO,RID16,SPKIR
GI01SUMO-RID16-08-SPKIRB000,dcl_controller_timestamp,dcl_controller_timestamp,,,ENG,1,GI01SUMO,RID16,SPKIR
GI01SUMO-RID16-08-SPKIRB000,spkir_abj_cspp_downwelling_vector,spkir_abj_cspp_downwelling_vector,0,300,L1,uW cm-2 nm-1,GI01SUMO,RID16,SPKIR
GI01SUMO-RID16-08-SPKIRB000,serial_number,serial_number,,,ENG,1,GI01SUMO,RID16,SPKIR
GI01SUMO-RID16-08-SPKIRB000,time,time,,,ENG,seconds since 1900-01-01,GI01SUMO,RID16,SPKIR
GI01SUMO-RID16-08-SPKIRB000,ingestion_timestamp,ingestion_timestamp,,,ENG,seconds since 1900-01-01,GI01SUMO,RID16,SPKIR
GI01SUMO-RII11-02-ADCPSN010,driver_timestamp,driver_timestamp,,,ENG,seconds since 1900-01-01,GI01SUMO,RII11,ADCPS
GI01SUMO-RII11-02-ADCPSN010,ensemble_start_time_2,ensemble_start_time_2,,,,seconds since 1900-01-01,GI01SUMO,RII11,ADCPS
GI01SUMO-RII11-02-ADCPSN010,real_time_clock_2,real_time_clock_2,,,,1,GI01SUMO,RII11,ADCPS
GI01SUMO-RII11-02-ADCPSN010,internal_timestamp,internal_timestamp,,,ENG,seconds since 1900-01-01,GI01SUMO,RII11,ADCPS
GI01SUMO-RII11-02-ADCPSN010,preferred_timestamp,preferred_timestamp,,,ENG,1,GI01SUMO,RII11,ADCPS
GI01SUMO-RII11-02-ADCPSN010,adcps_jln_record,adcps_jln_record,,,,1,GI01SUMO,RII11,ADCPS
GI01SUMO-RII11-02-ADCPSN010,adcps_jln_number,adcps_jln_number,,,,1,GI01SUMO,RII11,ADCPS
GI01SUMO-RII11-02-ADCPSN010,adcps_jln_unit_id,adcps_jln_unit_id,,,,1,GI01SUMO,RII11,ADCPS
GI01SUMO-RII11-02-ADCPSN010,adcps_jln_fw_vers,adcps_jln_fw_vers,,,,1,GI01SUMO,RII11,ADCPS
GI01SUMO-RII11-02-ADCPSN010,adcps_jln_fw_rev,adcps_jln_fw_rev,,,,1,GI01SUMO,RII11,ADCPS
GI01SUMO-RII11-02-ADCPSN010,adcps_jln_year,adcps_jln_year,,,,year,GI01SUMO,RII11,ADCPS
GI01SUMO-RII11-02-ADCPSN010,adcps_jln_month,adcps_jln_month,,,,month,GI01SUMO,RII11,ADCPS
GI01SUMO-RII11-02-ADCPSN010,adcps_jln_day,adcps_jln_day,,,,day,GI01SUMO,RII11,ADCPS
GI01SUMO-RII11-02-ADCPSN010,adcps_jln_hour,adcps_jln_hour,,,,hour,GI01SUMO,RII11,ADCPS
GI01SUMO-RII11-02-ADCPSN010,adcps_jln_minute,adcps_jln_minute,,,,minute,GI01SUMO,RII11,ADCPS
GI01SUMO-RII11-02-ADCPSN010,adcps_jln_second,adcps_jln_second,,,,sec,GI01SUMO,RII11,ADCPS
GI01SUMO-RII11-02-ADCPSN010,adcps_jln_hsec,adcps_jln_hsec,,,,csec,GI01SUMO,RII11,ADCPS
GI01SUMO-RII11-02-ADCPSN010,adcps_jln_heading,adcps_jln_heading,,,,cdegree,GI01SUMO,RII11,ADCPS
GI01SUMO-RII11-02-ADCPSN010,adcps_jln_pitch,adcps_jln_pitch,,,,cdegree,GI01SUMO,RII11,ADCPS
GI01SUMO-RII11-02-ADCPSN010,adcps_jln_roll,adcps_jln_roll,,,,cdegree,GI01SUMO,RII11,ADCPS
GI01SUMO-RII11-02-ADCPSN010,adcps_jln_temp,adcps_jln_temp,,,,cdeg_C,GI01SUMO,RII11,ADCPS
GI01SUMO-RII11-02-ADCPSN010,adcps_jln_pressure,adcps_jln_pressure,,,,daPa,GI01SUMO,RII11,ADCPS
GI01SUMO-RII11-02-ADCPSN010,adcps_jln_startbin,adcps_jln_startbin,,,,1,GI01SUMO,RII11,ADCPS
GI01SUMO-RII11-02-ADCPSN010,adcps_jln_bins,adcps_jln_bins,,,,1,GI01SUMO,RII11,ADCPS
GI01SUMO-RII11-02-ADCPSN010,adcps_jln_timestamp,adcps_jln_timestamp,,,,1,GI01SUMO,RII11,ADCPS
GI01SUMO-RII11-02-ADCPSN010,adcps_jln_id,adcps_jln_id,,,,1,GI01SUMO,RII11,ADCPS
GI01SUMO-RII11-02-ADCPSN010,adcps_jln_volts,adcps_jln_volts,,,,V,GI01SUMO,RII11,ADCPS
GI01SUMO-RII11-02-ADCPSN010,adcps_jln_records,adcps_jln_records,,,,1,GI01SUMO,RII11,ADCPS
GI01SUMO-RII11-02-ADCPSN010,adcps_jln_length,adcps_jln_length,,,,1,GI01SUMO,RII11,ADCPS
GI01SUMO-RII11-02-ADCPSN010,adcps_jln_events,adcps_jln_events,,,,1,GI01SUMO,RII11,ADCPS
GI01SUMO-RII11-02-ADCPSN010,adcps_jln_samples_written,adcps_jln_samples_written,,,,1,GI01SUMO,RII11,ADCPS
GI01SUMO-RII11-02-ADCPSN010,sensor_available_speed,sensor_available_speed,,,,1,GI01SUMO,RII11,ADCPS
GI01SUMO-RII11-02-ADCPSN010,sysconfig_beam_angle,sysconfig_beam_angle,,,,1,GI01SUMO,RII11,ADCPS
GI01SUMO-RII11-02-ADCPSN010,sysconfig_beam_config,sysconfig_beam_config,,,,1,GI01SUMO,RII11,ADCPS
GI01SUMO-RII11-02-ADCPSN010,adcps_jln_upward_seawater_velocity2,adcps_jln_upward_seawater_velocity2,-1,1,L1,m s-1,GI01SUMO,RII11,ADCPS
GI01SUMO-RII11-02-ADCPSN010,adcps_jln_error_velocity2,adcps_jln_error_velocity2,-1,1,L1,m s-1,GI01SUMO,RII11,ADCPS
GI01SUMO-RII11-02-ADCPSN010,adcps_jln_eastward_seawater_velocity2,adcps_jln_eastward_seawater_velocity2,-3,3,L1,m s-1,GI01SUMO,RII11,ADCPS
GI01SUMO-RII11-02-ADCPSN010,adcps_jln_northward_seawater_velocity2,adcps_jln_northward_seawater_velocity2,-3,3,L1,m s-1,GI01SUMO,RII11,ADCPS
GI01SUMO-RII11-02-ADCPSN010,adcps_jln_echo_intensity_beam1,adcps_jln_echo_intensity_beam1,0,255,L1,dB,GI01SUMO,RII11,ADCPS
GI01SUMO-RII11-02-ADCPSN010,adcps_jln_echo_intensity_beam2,adcps_jln_echo_intensity_beam2,0,255,L1,dB,GI01SUMO,RII11,ADCPS
GI01SUMO-RII11-02-ADCPSN010,adcps_jln_echo_intensity_beam3,adcps_jln_echo_intensity_beam3,0,255,L1,dB,GI01SUMO,RII11,ADCPS
GI01SUMO-RII11-02-ADCPSN010,adcps_jln_echo_intensity_beam4,adcps_jln_echo_intensity_beam4,0,255,L1,dB,GI01SUMO,RII11,ADCPS
GI01SUMO-RII11-02-ADCPSN010,serial_number,serial_number,,,ENG,1,GI01SUMO,RII11,ADCPS
GI01SUMO-RII11-02-ADCPSN010,adcps_jln_recovered_eastward_seawater_velocity,adcps_jln_recovered_eastward_seawater_velocity,-3,3,L1,m s-1,GI01SUMO,RII11,ADCPS
GI01SUMO-RII11-02-ADCPSN010,adcps_jln_recovered_northward_seawater_velocity,adcps_jln_recovered_northward_seawater_velocity,-3,3,L1,m s-1,GI01SUMO,RII11,ADCPS
GI01SUMO-RII11-02-ADCPSN010,firmware_version,firmware_version,,,,1,GI01SUMO,RII11,ADCPS
GI01SUMO-RII11-02-ADCPSN010,firmware_revision,firmware_revision,,,,1,GI01SUMO,RII11,ADCPS
GI01SUMO-RII11-02-ADCPSN010,sysconfig_frequency,sysconfig_frequency,,,,kHz,GI01SUMO,RII11,ADCPS
GI01SUMO-RII11-02-ADCPSN010,sysconfig_beam_pattern,sysconfig_beam_pattern,,,,1,GI01SUMO,RII11,ADCPS
GI01SUMO-RII11-02-ADCPSN010,sysconfig_sensor_config,sysconfig_sensor_config,,,,1,GI01SUMO,RII11,ADCPS
GI01SUMO-RII11-02-ADCPSN010,sysconfig_head_attached,sysconfig_head_attached,,,,1,GI01SUMO,RII11,ADCPS
GI01SUMO-RII11-02-ADCPSN010,sysconfig_vertical_orientation,sysconfig_vertical_orientation,,,,1,GI01SUMO,RII11,ADCPS
GI01SUMO-RII11-02-ADCPSN010,data_flag,data_flag,,,,1,GI01SUMO,RII11,ADCPS
GI01SUMO-RII11-02-ADCPSN010,lag_length,lag_length,,,,s,GI01SUMO,RII11,ADCPS
GI01SUMO-RII11-02-ADCPSN010,num_beams,num_beams,,,,1,GI01SUMO,RII11,ADCPS
GI01SUMO-RII11-02-ADCPSN010,num_cells,num_cells,,,,1,GI01SUMO,RII11,ADCPS
GI01SUMO-RII11-02-ADCPSN010,pings_per_ensemble,pings_per_ensemble,,,,1,GI01SUMO,RII11,ADCPS
GI01SUMO-RII11-02-ADCPSN010,cell_length,cell_length,,,,cm,GI01SUMO,RII11,ADCPS
GI01SUMO-RII11-02-ADCPSN010,blank_after_transmit,blank_after_transmit,,,,cm,GI01SUMO,RII11,ADCPS
GI01SUMO-RII11-02-ADCPSN010,signal_processing_mode,signal_processing_mode,,,,1,GI01SUMO,RII11,ADCPS
GI01SUMO-RII11-02-ADCPSN010,low_corr_threshold,low_corr_threshold,,,,counts,GI01SUMO,RII11,ADCPS
GI01SUMO-RII11-02-ADCPSN010,num_code_repetitions,num_code_repetitions,,,,counts,GI01SUMO,RII11,ADCPS
GI01SUMO-RII11-02-ADCPSN010,percent_good_min,percent_good_min,,,,percent,GI01SUMO,RII11,ADCPS
GI01SUMO-RII11-02-ADCPSN010,error_vel_threshold,error_vel_threshold,,,,mm s-1,GI01SUMO,RII11,ADCPS
GI01SUMO-RII11-02-ADCPSN010,time_per_ping_minutes,time_per_ping_minutes,,,,min,GI01SUMO,RII11,ADCPS
GI01SUMO-RII11-02-ADCPSN010,time_per_ping_seconds,time_per_ping_seconds,,,,s,GI01SUMO,RII11,ADCPS
GI01SUMO-RII11-02-ADCPSN010,coord_transform_type,coord_transform_type,,,,1,GI01SUMO,RII11,ADCPS
GI01SUMO-RII11-02-ADCPSN010,coord_transform_tilts,coord_transform_tilts,,,,1,GI01SUMO,RII11,ADCPS
GI01SUMO-RII11-02-ADCPSN010,coord_transform_beams,coord_transform_beams,,,,1,GI01SUMO,RII11,ADCPS
GI01SUMO-RII11-02-ADCPSN010,coord_transform_mapping,coord_transform_mapping,,,,1,GI01SUMO,RII11,ADCPS
GI01SUMO-RII11-02-ADCPSN010,heading_alignment,heading_alignment,,,,cdegrees,GI01SUMO,RII11,ADCPS
GI01SUMO-RII11-02-ADCPSN010,heading_bias,heading_bias,,,,cdegrees,GI01SUMO,RII11,ADCPS
GI01SUMO-RII11-02-ADCPSN010,sensor_source_speed,sensor_source_speed,,,,1,GI01SUMO,RII11,ADCPS
GI01SUMO-RII11-02-ADCPSN010,sensor_source_depth,sensor_source_depth,,,,1,GI01SUMO,RII11,ADCPS
GI01SUMO-RII11-02-ADCPSN010,sensor_source_heading,sensor_source_heading,,,,1,GI01SUMO,RII11,ADCPS
GI01SUMO-RII11-02-ADCPSN010,sensor_source_pitch,sensor_source_pitch,,,,1,GI01SUMO,RII11,ADCPS
GI01SUMO-RII11-02-ADCPSN010,sensor_source_roll,sensor_source_roll,,,,1,GI01SUMO,RII11,ADCPS
GI01SUMO-RII11-02-ADCPSN010,sensor_source_conductivity,sensor_source_conductivity,,,,1,GI01SUMO,RII11,ADCPS
GI01SUMO-RII11-02-ADCPSN010,sensor_source_temperature,sensor_source_temperature,,,,1,GI01SUMO,RII11,ADCPS
GI01SUMO-RII11-02-ADCPSN010,sensor_available_depth,sensor_available_depth,,,,1,GI01SUMO,RII11,ADCPS
GI01SUMO-RII11-02-ADCPSN010,sensor_available_heading,sensor_available_heading,,,,1,GI01SUMO,RII11,ADCPS
GI01SUMO-RII11-02-ADCPSN010,sensor_available_pitch,sensor_available_pitch,,,,1,GI01SUMO,RII11,ADCPS
GI01SUMO-RII11-02-ADCPSN010,sensor_available_roll,sensor_available_roll,,,,1,GI01SUMO,RII11,ADCPS
GI01SUMO-RII11-02-ADCPSN010,sensor_available_conductivity,sensor_available_conductivity,,,,1,GI01SUMO,RII11,ADCPS
GI01SUMO-RII11-02-ADCPSN010,sensor_available_temperature,sensor_available_temperature,,,,1,GI01SUMO,RII11,ADCPS
GI01SUMO-RII11-02-ADCPSN010,bin_1_distance,bin_1_distance,,,,cm,GI01SUMO,RII11,ADCPS
GI01SUMO-RII11-02-ADCPSN010,transmit_pulse_length,transmit_pulse_length,,,,cm,GI01SUMO,RII11,ADCPS
GI01SUMO-RII11-02-ADCPSN010,reference_layer_start,reference_layer_start,,,,1,GI01SUMO,RII11,ADCPS
GI01SUMO-RII11-02-ADCPSN010,reference_layer_stop,reference_layer_stop,,,,1,GI01SUMO,RII11,ADCPS
GI01SUMO-RII11-02-ADCPSN010,false_target_threshold,false_target_threshold,,,,counts,GI01SUMO,RII11,ADCPS
GI01SUMO-RII11-02-ADCPSN010,low_latency_trigger,low_latency_trigger,,,,1,GI01SUMO,RII11,ADCPS
GI01SUMO-RII11-02-ADCPSN010,transmit_lag_distance,transmit_lag_distance,,,,cm,GI01SUMO,RII11,ADCPS
GI01SUMO-RII11-02-ADCPSN010,cpu_board_serial_number,cpu_board_serial_number,,,,1,GI01SUMO,RII11,ADCPS
GI01SUMO-RII11-02-ADCPSN010,system_bandwidth,system_bandwidth,,,,1,GI01SUMO,RII11,ADCPS
GI01SUMO-RII11-02-ADCPSN010,system_power,system_power,,,,1,GI01SUMO,RII11,ADCPS
GI01SUMO-RII11-02-ADCPSN010,beam_angle,beam_angle,,,,degrees,GI01SUMO,RII11,ADCPS
GI01SUMO-RII11-02-ADCPSN010,ensemble_number,ensemble_number,,,,1,GI01SUMO,RII11,ADCPS
GI01SUMO-RII11-02-ADCPSN010,ensemble_number_increment,ensemble_number_increment,,,,1,GI01SUMO,RII11,ADCPS
GI01SUMO-RII11-02-ADCPSN010,bit_result_demod_1,bit_result_demod_1,,,,1,GI01SUMO,RII11,ADCPS
GI01SUMO-RII11-02-ADCPSN010,bit_result_demod_0,bit_result_demod_0,,,,1,GI01SUMO,RII11,ADCPS
GI01SUMO-RII11-02-ADCPSN010,bit_result_timing,bit_result_timing,,,,1,GI01SUMO,RII11,ADCPS
GI01SUMO-RII11-02-ADCPSN010,speed_of_sound,speed_of_sound,,,,m s-1,GI01SUMO,RII11,ADCPS
GI01SUMO-RII11-02-ADCPSN010,transducer_depth,transducer_depth,,,,dm,GI01SUMO,RII11,ADCPS
GI01SUMO-RII11-02-ADCPSN010,heading,heading,,,,cdegrees,GI01SUMO,RII11,ADCPS
GI01SUMO-RII11-02-ADCPSN010,pitch,pitch,,,,cdegrees,GI01SUMO,RII11,ADCPS
GI01SUMO-RII11-02-ADCPSN010,roll,roll,,,,cdegrees,GI01SUMO,RII11,ADCPS
GI01SUMO-RII11-02-ADCPSN010,salinity,salinity,,,,1,GI01SUMO,RII11,ADCPS
GI01SUMO-RII11-02-ADCPSN010,temperature,temperature,,,,cdeg_C,GI01SUMO,RII11,ADCPS
GI01SUMO-RII11-02-ADCPSN010,mpt_minutes,mpt_minutes,,,,min,GI01SUMO,RII11,ADCPS
GI01SUMO-RII11-02-ADCPSN010,mpt_seconds,mpt_seconds,,,,s,GI01SUMO,RII11,ADCPS
GI01SUMO-RII11-02-ADCPSN010,heading_stdev,heading_stdev,,,,degrees,GI01SUMO,RII11,ADCPS
GI01SUMO-RII11-02-ADCPSN010,pitch_stdev,pitch_stdev,,,,ddegrees,GI01SUMO,RII11,ADCPS
GI01SUMO-RII11-02-ADCPSN010,roll_stdev,roll_stdev,,,,ddegrees,GI01SUMO,RII11,ADCPS
GI01SUMO-RII11-02-ADCPSN010,adc_transmit_current,adc_transmit_current,,,,counts,GI01SUMO,RII11,ADCPS
GI01SUMO-RII11-02-ADCPSN010,adc_transmit_voltage,adc_transmit_voltage,,,,counts,GI01SUMO,RII11,ADCPS
GI01SUMO-RII11-02-ADCPSN010,adc_ambient_temp,adc_ambient_temp,,,,counts,GI01SUMO,RII11,ADCPS
GI01SUMO-RII11-02-ADCPSN010,adc_pressure_plus,adc_pressure_plus,,,,counts,GI01SUMO,RII11,ADCPS
GI01SUMO-RII11-02-ADCPSN010,adc_pressure_minus,adc_pressure_minus,,,,counts,GI01SUMO,RII11,ADCPS
GI01SUMO-RII11-02-ADCPSN010,adc_attitude_temp,adc_attitude_temp,,,,counts,GI01SUMO,RII11,ADCPS
GI01SUMO-RII11-02-ADCPSN010,adc_attitude,adc_attitude,,,,counts,GI01SUMO,RII11,ADCPS
GI01SUMO-RII11-02-ADCPSN010,adc_contamination_sensor,adc_contamination_sensor,,,,counts,GI01SUMO,RII11,ADCPS
GI01SUMO-RII11-02-ADCPSN010,bus_error_exception,bus_error_exception,,,,1,GI01SUMO,RII11,ADCPS
GI01SUMO-RII11-02-ADCPSN010,address_error_exception,address_error_exception,,,,1,GI01SUMO,RII11,ADCPS
GI01SUMO-RII11-02-ADCPSN010,illegal_instruction_exception,illegal_instruction_exception,,,,1,GI01SUMO,RII11,ADCPS
GI01SUMO-RII11-02-ADCPSN010,zero_divide_instruction,zero_divide_instruction,,,,1,GI01SUMO,RII11,ADCPS
GI01SUMO-RII11-02-ADCPSN010,emulator_exception,emulator_exception,,,,1,GI01SUMO,RII11,ADCPS
GI01SUMO-RII11-02-ADCPSN010,unassigned_exception,unassigned_exception,,,,1,GI01SUMO,RII11,ADCPS
GI01SUMO-RII11-02-ADCPSN010,watchdog_restart_occurred,watchdog_restart_occurred,,,,1,GI01SUMO,RII11,ADCPS
GI01SUMO-RII11-02-ADCPSN010,battery_saver_power,battery_saver_power,,,,1,GI01SUMO,RII11,ADCPS
GI01SUMO-RII11-02-ADCPSN010,pinging,pinging,,,,1,GI01SUMO,RII11,ADCPS
GI01SUMO-RII11-02-ADCPSN010,cold_wakeup_occurred,cold_wakeup_occurred,,,,1,GI01SUMO,RII11,ADCPS
GI01SUMO-RII11-02-ADCPSN010,time,time,,,ENG,seconds since 1900-01-01,GI01SUMO,RII11,ADCPS
GI01SUMO-RII11-02-ADCPSN010,unknown_wakeup_occurred,unknown_wakeup_occurred,,,,1,GI01SUMO,RII11,ADCPS
GI01SUMO-RII11-02-ADCPSN010,clock_read_error,clock_read_error,,,,1,GI01SUMO,RII11,ADCPS
GI01SUMO-RII11-02-ADCPSN010,unexpected_alarm,unexpected_alarm,,,,1,GI01SUMO,RII11,ADCPS
GI01SUMO-RII11-02-ADCPSN010,clock_jump_forward,clock_jump_forward,,,,1,GI01SUMO,RII11,ADCPS
GI01SUMO-RII11-02-ADCPSN010,clock_jump_backward,clock_jump_backward,,,,1,GI01SUMO,RII11,ADCPS
GI01SUMO-RII11-02-ADCPSN010,power_fail,power_fail,,,,1,GI01SUMO,RII11,ADCPS
GI01SUMO-RII11-02-ADCPSN010,spurious_dsp_interrupt,spurious_dsp_interrupt,,,,1,GI01SUMO,RII11,ADCPS
GI01SUMO-RII11-02-ADCPSN010,spurious_uart_interrupt,spurious_uart_interrupt,,,,1,GI01SUMO,RII11,ADCPS
GI01SUMO-RII11-02-ADCPSN010,spurious_clock_interrupt,spurious_clock_interrupt,,,,1,GI01SUMO,RII11,ADCPS
GI01SUMO-RII11-02-ADCPSN010,level_7_interrupt,level_7_interrupt,,,,1,GI01SUMO,RII11,ADCPS
GI01SUMO-RII11-02-ADCPSN010,pressure,pressure,,,,daPa,GI01SUMO,RII11,ADCPS
GI01SUMO-RII11-02-ADCPSN010,pressure_variance,pressure_variance,,,,daPa,GI01SUMO,RII11,ADCPS
GI01SUMO-RII11-02-ADCPSN010,water_velocity_east,water_velocity_east,,,L0,mm s-1,GI01SUMO,RII11,ADCPS
GI01SUMO-RII11-02-ADCPSN010,water_velocity_north,water_velocity_north,,,L0,mm s-1,GI01SUMO,RII11,ADCPS
GI01SUMO-RII11-02-ADCPSN010,water_velocity_up,water_velocity_up,,,L0,mm s-1,GI01SUMO,RII11,ADCPS
GI01SUMO-RII11-02-ADCPSN010,error_velocity,error_velocity,,,L0,mm s-1,GI01SUMO,RII11,ADCPS
GI01SUMO-RII11-02-ADCPSN010,correlation_magnitude_beam1,correlation_magnitude_beam1,,,,1,GI01SUMO,RII11,ADCPS
GI01SUMO-RII11-02-ADCPSN010,correlation_magnitude_beam2,correlation_magnitude_beam2,,,,1,GI01SUMO,RII11,ADCPS
GI01SUMO-RII11-02-ADCPSN010,correlation_magnitude_beam3,correlation_magnitude_beam3,,,,1,GI01SUMO,RII11,ADCPS
GI01SUMO-RII11-02-ADCPSN010,correlation_magnitude_beam4,correlation_magnitude_beam4,,,,1,GI01SUMO,RII11,ADCPS
GI01SUMO-RII11-02-ADCPSN010,echo_intensity_beam1,echo_intensity_beam1,,,L0,counts,GI01SUMO,RII11,ADCPS
GI01SUMO-RII11-02-ADCPSN010,echo_intensity_beam2,echo_intensity_beam2,,,L0,counts,GI01SUMO,RII11,ADCPS
GI01SUMO-RII11-02-ADCPSN010,echo_intensity_beam3,echo_intensity_beam3,,,L0,counts,GI01SUMO,RII11,ADCPS
GI01SUMO-RII11-02-ADCPSN010,echo_intensity_beam4,echo_intensity_beam4,,,L0,counts,GI01SUMO,RII11,ADCPS
GI01SUMO-RII11-02-ADCPSN010,percent_good_3beam,percent_good_3beam,,,,percent,GI01SUMO,RII11,ADCPS
GI01SUMO-RII11-02-ADCPSN010,percent_transforms_reject,percent_transforms_reject,,,,percent,GI01SUMO,RII11,ADCPS
GI01SUMO-RII11-02-ADCPSN010,percent_bad_beams,percent_bad_beams,,,,percent,GI01SUMO,RII11,ADCPS
GI01SUMO-RII11-02-ADCPSN010,percent_good_4beam,percent_good_4beam,,,,percent,GI01SUMO,RII11,ADCPS
GI01SUMO-RII11-02-ADCPSN010,ensemble_start_time,ensemble_start_time,,,,seconds since 1900-01-01,GI01SUMO,RII11,ADCPS
GI01SUMO-RII11-02-ADCPSN010,ingestion_timestamp,ingestion_timestamp,,,ENG,seconds since 1900-01-01,GI01SUMO,RII11,ADCPS
GI01SUMO-RII11-02-ADCPSN010,real_time_clock,real_time_clock,,,,1,GI01SUMO,RII11,ADCPS
GI01SUMO-RII11-02-ADCPSN010,bin_depths,bin_depths,,,,m,GI01SUMO,RII11,ADCPS
GI01SUMO-RII11-02-CTDBPP031,conductivity,conductivity,0,6,L1,S m-1,GI01SUMO,RII11,CTDBP
GI01SUMO-RII11-02-CTDBPP031,driver_timestamp,driver_timestamp,,,ENG,seconds since 1900-01-01,GI01SUMO,RII11,CTDBP
GI01SUMO-RII11-02-CTDBPP031,internal_timestamp,internal_timestamp,,,ENG,seconds since 1900-01-01,GI01SUMO,RII11,CTDBP
GI01SUMO-RII11-02-CTDBPP031,preferred_timestamp,preferred_timestamp,,,ENG,1,GI01SUMO,RII11,CTDBP
GI01SUMO-RII11-02-CTDBPP031,pressure,pressure,0,6000,L1,dbar,GI01SUMO,RII11,CTDBP
GI01SUMO-RII11-02-CTDBPP031,ctdbp_cdef_dcl_ce_density,ctdbp_cdef_dcl_ce_density,1000,1100,L2,kg m-3,GI01SUMO,RII11,CTDBP
GI01SUMO-RII11-02-CTDBPP031,serial_number,serial_number,,,ENG,1,GI01SUMO,RII11,CTDBP
GI01SUMO-RII11-02-CTDBPP031,temp,temp,-2,40,L1,deg_C,GI01SUMO,RII11,CTDBP
GI01SUMO-RII11-02-CTDBPP031,time,time,,,ENG,seconds since 1900-01-01,GI01SUMO,RII11,CTDBP
GI01SUMO-RII11-02-CTDBPP031,ingestion_timestamp,ingestion_timestamp,,,ENG,seconds since 1900-01-01,GI01SUMO,RII11,CTDBP
GI01SUMO-RII11-02-CTDBPP031,salinity,salinity,0,42,L2,(unitless),GI01SUMO,RII11,CTDBP
GI01SUMO-RII11-02-CTDBPP031,date_time_string,date_time_string,,,,1,GI01SUMO,RII11,CTDBP
GI01SUMO-RII11-02-CTDBPP032,conductivity,conductivity,0,6,L1,S m-1,GI01SUMO,RII11,CTDBP
GI01SUMO-RII11-02-CTDBPP032,driver_timestamp,driver_timestamp,,,ENG,seconds since 1900-01-01,GI01SUMO,RII11,CTDBP
GI01SUMO-RII11-02-CTDBPP032,internal_timestamp,internal_timestamp,,,ENG,seconds since 1900-01-01,GI01SUMO,RII11,CTDBP
GI01SUMO-RII11-02-CTDBPP032,preferred_timestamp,preferred_timestamp,,,ENG,1,GI01SUMO,RII11,CTDBP
GI01SUMO-RII11-02-CTDBPP032,pressure,pressure,0,6000,L1,dbar,GI01SUMO,RII11,CTDBP
GI01SUMO-RII11-02-CTDBPP032,ctdbp_cdef_dcl_ce_density,ctdbp_cdef_dcl_ce_density,1000,1100,L2,kg m-3,GI01SUMO,RII11,CTDBP
GI01SUMO-RII11-02-CTDBPP032,serial_number,serial_number,,,ENG,1,GI01SUMO,RII11,CTDBP
GI01SUMO-RII11-02-CTDBPP032,temp,temp,-2,40,L1,deg_C,GI01SUMO,RII11,CTDBP
GI01SUMO-RII11-02-CTDBPP032,time,time,,,ENG,seconds since 1900-01-01,GI01SUMO,RII11,CTDBP
GI01SUMO-RII11-02-CTDBPP032,ingestion_timestamp,ingestion_timestamp,,,ENG,seconds since 1900-01-01,GI01SUMO,RII11,CTDBP
GI01SUMO-RII11-02-CTDBPP032,salinity,salinity,0,42,L2,(unitless),GI01SUMO,RII11,CTDBP
GI01SUMO-RII11-02-CTDBPP032,date_time_string,date_time_string,,,,1,GI01SUMO,RII11,CTDBP
GI01SUMO-RII11-02-CTDBPP033,conductivity,conductivity,0,6,L1,S m-1,GI01SUMO,RII11,CTDBP
GI01SUMO-RII11-02-CTDBPP033,driver_timestamp,driver_timestamp,,,ENG,seconds since 1900-01-01,GI01SUMO,RII11,CTDBP
GI01SUMO-RII11-02-CTDBPP033,internal_timestamp,internal_timestamp,,,ENG,seconds since 1900-01-01,GI01SUMO,RII11,CTDBP
GI01SUMO-RII11-02-CTDBPP033,preferred_timestamp,preferred_timestamp,,,ENG,1,GI01SUMO,RII11,CTDBP
GI01SUMO-RII11-02-CTDBPP033,pressure,pressure,0,6000,L1,dbar,GI01SUMO,RII11,CTDBP
GI01SUMO-RII11-02-CTDBPP033,ctdbp_cdef_dcl_ce_density,ctdbp_cdef_dcl_ce_density,1000,1100,L2,kg m-3,GI01SUMO,RII11,CTDBP
GI01SUMO-RII11-02-CTDBPP033,serial_number,serial_number,,,ENG,1,GI01SUMO,RII11,CTDBP
GI01SUMO-RII11-02-CTDBPP033,temp,temp,-2,40,L1,deg_C,GI01SUMO,RII11,CTDBP
GI01SUMO-RII11-02-CTDBPP033,time,time,,,ENG,seconds since 1900-01-01,GI01SUMO,RII11,CTDBP
GI01SUMO-RII11-02-CTDBPP033,ingestion_timestamp,ingestion_timestamp,,,ENG,seconds since 1900-01-01,GI01SUMO,RII11,CTDBP
GI01SUMO-RII11-02-CTDBPP033,salinity,salinity,0,42,L2,(unitless),GI01SUMO,RII11,CTDBP
GI01SUMO-RII11-02-CTDBPP033,date_time_string,date_time_string,,,,1,GI01SUMO,RII11,CTDBP
GI01SUMO-RII11-02-CTDMOQ011,driver_timestamp,driver_timestamp,,,ENG,seconds since 1900-01-01,GI01SUMO,RII11,CTDMO
GI01SUMO-RII11-02-CTDMOQ011,internal_timestamp,internal_timestamp,,,ENG,seconds since 1900-01-01,GI01SUMO,RII11,CTDMO
GI01SUMO-RII11-02-CTDMOQ011,battery_voltage_main,battery_voltage_main,,,,V,GI01SUMO,RII11,CTDMO
GI01SUMO-RII11-02-CTDMOQ011,battery_voltage_lithium,battery_voltage_lithium,,,,V,GI01SUMO,RII11,CTDMO
GI01SUMO-RII11-02-CTDMOQ011,inductive_id,inductive_id,,,ENG,1,GI01SUMO,RII11,CTDMO
GI01SUMO-RII11-02-CTDMOQ011,preferred_timestamp,preferred_timestamp,,,ENG,1,GI01SUMO,RII11,CTDMO
GI01SUMO-RII11-02-CTDMOQ011,temperature,temperature,,,L0,counts,GI01SUMO,RII11,CTDMO
GI01SUMO-RII11-02-CTDMOQ011,conductivity,conductivity,,,L0,counts,GI01SUMO,RII11,CTDMO
GI01SUMO-RII11-02-CTDMOQ011,pressure,pressure,,,L0,counts,GI01SUMO,RII11,CTDMO
GI01SUMO-RII11-02-CTDMOQ011,pressure_temp,pressure_temp,,,L0,counts,GI01SUMO,RII11,CTDMO
GI01SUMO-RII11-02-CTDMOQ011,ctd_time,ctd_time,,,ENG,seconds since 2000-01-01,GI01SUMO,RII11,CTDMO
GI01SUMO-RII11-02-CTDMOQ011,num_samples,num_samples,,,,counts,GI01SUMO,RII11,CTDMO
GI01SUMO-RII11-02-CTDMOQ011,mem_free,mem_free,,,,bytes,GI01SUMO,RII11,CTDMO
GI01SUMO-RII11-02-CTDMOQ011,sample_interval,sample_interval,,,,s,GI01SUMO,RII11,CTDMO
GI01SUMO-RII11-02-CTDMOQ011,sio_controller_timestamp,sio_controller_timestamp,,,ENG,seconds since 1970-01-01,GI01SUMO,RII11,CTDMO
GI01SUMO-RII11-02-CTDMOQ011,ctd_time_offset,ctd_time_offset,,,,s,GI01SUMO,RII11,CTDMO
GI01SUMO-RII11-02-CTDMOQ011,pressure_range,pressure_range,,,,psia,GI01SUMO,RII11,CTDMO
GI01SUMO-RII11-02-CTDMOQ011,ctdmo_seawater_pressure,ctdmo_seawater_pressure,0,6000,L1,dbar,GI01SUMO,RII11,CTDMO
GI01SUMO-RII11-02-CTDMOQ011,ctdmo_seawater_temperature,ctdmo_seawater_temperature,-2,40,L1,deg_C,GI01SUMO,RII11,CTDMO
GI01SUMO-RII11-02-CTDMOQ011,ctdmo_seawater_conductivity,ctdmo_seawater_conductivity,0,6,L1,S m-1,GI01SUMO,RII11,CTDMO
GI01SUMO-RII11-02-CTDMOQ011,ctdmo_practical_salinity,ctdmo_practical_salinity,0,42,L2,(unitless),GI01SUMO,RII11,CTDMO
GI01SUMO-RII11-02-CTDMOQ011,ctdmo_seawater_density,ctdmo_seawater_density,1000,1100,L2,kg m-3,GI01SUMO,RII11,CTDMO
GI01SUMO-RII11-02-CTDMOQ011,serial_number,serial_number,,,ENG,1,GI01SUMO,RII11,CTDMO
GI01SUMO-RII11-02-CTDMOQ011,time,time,,,ENG,seconds since 1900-01-01,GI01SUMO,RII11,CTDMO
GI01SUMO-RII11-02-CTDMOQ011,sample_number,sample_number,,,,count,GI01SUMO,RII11,CTDMO
GI01SUMO-RII11-02-CTDMOQ011,ingestion_timestamp,ingestion_timestamp,,,ENG,seconds since 1900-01-01,GI01SUMO,RII11,CTDMO
GI01SUMO-RII11-02-CTDMOQ011,date_time_string,date_time_string,,,,1,GI01SUMO,RII11,CTDMO
GI01SUMO-RII11-02-CTDMOQ012,driver_timestamp,driver_timestamp,,,ENG,seconds since 1900-01-01,GI01SUMO,RII11,CTDMO
GI01SUMO-RII11-02-CTDMOQ012,internal_timestamp,internal_timestamp,,,ENG,seconds since 1900-01-01,GI01SUMO,RII11,CTDMO
GI01SUMO-RII11-02-CTDMOQ012,battery_voltage_main,battery_voltage_main,,,,V,GI01SUMO,RII11,CTDMO
GI01SUMO-RII11-02-CTDMOQ012,battery_voltage_lithium,battery_voltage_lithium,,,,V,GI01SUMO,RII11,CTDMO
GI01SUMO-RII11-02-CTDMOQ012,inductive_id,inductive_id,,,ENG,1,GI01SUMO,RII11,CTDMO
GI01SUMO-RII11-02-CTDMOQ012,preferred_timestamp,preferred_timestamp,,,ENG,1,GI01SUMO,RII11,CTDMO
GI01SUMO-RII11-02-CTDMOQ012,temperature,temperature,,,L0,counts,GI01SUMO,RII11,CTDMO
GI01SUMO-RII11-02-CTDMOQ012,conductivity,conductivity,,,L0,counts,GI01SUMO,RII11,CTDMO
GI01SUMO-RII11-02-CTDMOQ012,pressure,pressure,,,L0,counts,GI01SUMO,RII11,CTDMO
GI01SUMO-RII11-02-CTDMOQ012,pressure_temp,pressure_temp,,,L0,counts,GI01SUMO,RII11,CTDMO
GI01SUMO-RII11-02-CTDMOQ012,ctd_time,ctd_time,,,ENG,seconds since 2000-01-01,GI01SUMO,RII11,CTDMO
GI01SUMO-RII11-02-CTDMOQ012,num_samples,num_samples,,,,counts,GI01SUMO,RII11,CTDMO
GI01SUMO-RII11-02-CTDMOQ012,mem_free,mem_free,,,,bytes,GI01SUMO,RII11,CTDMO
GI01SUMO-RII11-02-CTDMOQ012,sample_interval,sample_interval,,,,s,GI01SUMO,RII11,CTDMO
GI01SUMO-RII11-02-CTDMOQ012,sio_controller_timestamp,sio_controller_timestamp,,,ENG,seconds since 1970-01-01,GI01SUMO,RII11,CTDMO
GI01SUMO-RII11-02-CTDMOQ012,ctd_time_offset,ctd_time_offset,,,,s,GI01SUMO,RII11,CTDMO
GI01SUMO-RII11-02-CTDMOQ012,pressure_range,pressure_range,,,,psia,GI01SUMO,RII11,CTDMO
GI01SUMO-RII11-02-CTDMOQ012,ctdmo_seawater_pressure,ctdmo_seawater_pressure,0,6000,L1,dbar,GI01SUMO,RII11,CTDMO
GI01SUMO-RII11-02-CTDMOQ012,ctdmo_seawater_temperature,ctdmo_seawater_temperature,-2,40,L1,deg_C,GI01SUMO,RII11,CTDMO
GI01SUMO-RII11-02-CTDMOQ012,ctdmo_seawater_conductivity,ctdmo_seawater_conductivity,0,6,L1,S m-1,GI01SUMO,RII11,CTDMO
GI01SUMO-RII11-02-CTDMOQ012,ctdmo_practical_salinity,ctdmo_practical_salinity,0,42,L2,(unitless),GI01SUMO,RII11,CTDMO
GI01SUMO-RII11-02-CTDMOQ012,ctdmo_seawater_density,ctdmo_seawater_density,1000,1100,L2,kg m-3,GI01SUMO,RII11,CTDMO
GI01SUMO-RII11-02-CTDMOQ012,serial_number,serial_number,,,ENG,1,GI01SUMO,RII11,CTDMO
GI01SUMO-RII11-02-CTDMOQ012,time,time,,,ENG,seconds since 1900-01-01,GI01SUMO,RII11,CTDMO
GI01SUMO-RII11-02-CTDMOQ012,sample_number,sample_number,,,,count,GI01SUMO,RII11,CTDMO
GI01SUMO-RII11-02-CTDMOQ012,ingestion_timestamp,ingestion_timestamp,,,ENG,seconds since 1900-01-01,GI01SUMO,RII11,CTDMO
GI01SUMO-RII11-02-CTDMOQ012,date_time_string,date_time_string,,,,1,GI01SUMO,RII11,CTDMO
GI01SUMO-RII11-02-CTDMOQ013,driver_timestamp,driver_timestamp,,,ENG,seconds since 1900-01-01,GI01SUMO,RII11,CTDMO
GI01SUMO-RII11-02-CTDMOQ013,internal_timestamp,internal_timestamp,,,ENG,seconds since 1900-01-01,GI01SUMO,RII11,CTDMO
GI01SUMO-RII11-02-CTDMOQ013,battery_voltage_main,battery_voltage_main,,,,V,GI01SUMO,RII11,CTDMO
GI01SUMO-RII11-02-CTDMOQ013,battery_voltage_lithium,battery_voltage_lithium,,,,V,GI01SUMO,RII11,CTDMO
GI01SUMO-RII11-02-CTDMOQ013,inductive_id,inductive_id,,,ENG,1,GI01SUMO,RII11,CTDMO
GI01SUMO-RII11-02-CTDMOQ013,preferred_timestamp,preferred_timestamp,,,ENG,1,GI01SUMO,RII11,CTDMO
GI01SUMO-RII11-02-CTDMOQ013,temperature,temperature,,,L0,counts,GI01SUMO,RII11,CTDMO
GI01SUMO-RII11-02-CTDMOQ013,conductivity,conductivity,,,L0,counts,GI01SUMO,RII11,CTDMO
GI01SUMO-RII11-02-CTDMOQ013,pressure,pressure,,,L0,counts,GI01SUMO,RII11,CTDMO
GI01SUMO-RII11-02-CTDMOQ013,pressure_temp,pressure_temp,,,L0,counts,GI01SUMO,RII11,CTDMO
GI01SUMO-RII11-02-CTDMOQ013,ctd_time,ctd_time,,,ENG,seconds since 2000-01-01,GI01SUMO,RII11,CTDMO
GI01SUMO-RII11-02-CTDMOQ013,num_samples,num_samples,,,,counts,GI01SUMO,RII11,CTDMO
GI01SUMO-RII11-02-CTDMOQ013,mem_free,mem_free,,,,bytes,GI01SUMO,RII11,CTDMO
GI01SUMO-RII11-02-CTDMOQ013,sample_interval,sample_interval,,,,s,GI01SUMO,RII11,CTDMO
GI01SUMO-RII11-02-CTDMOQ013,sio_controller_timestamp,sio_controller_timestamp,,,ENG,seconds since 1970-01-01,GI01SUMO,RII11,CTDMO
GI01SUMO-RII11-02-CTDMOQ013,ctd_time_offset,ctd_time_offset,,,,s,GI01SUMO,RII11,CTDMO
GI01SUMO-RII11-02-CTDMOQ013,pressure_range,pressure_range,,,,psia,GI01SUMO,RII11,CTDMO
GI01SUMO-RII11-02-CTDMOQ013,ctdmo_seawater_pressure,ctdmo_seawater_pressure,0,6000,L1,dbar,GI01SUMO,RII11,CTDMO
GI01SUMO-RII11-02-CTDMOQ013,ctdmo_seawater_temperature,ctdmo_seawater_temperature,-2,40,L1,deg_C,GI01SUMO,RII11,CTDMO
GI01SUMO-RII11-02-CTDMOQ013,ctdmo_seawater_conductivity,ctdmo_seawater_conductivity,0,6,L1,S m-1,GI01SUMO,RII11,CTDMO
GI01SUMO-RII11-02-CTDMOQ013,ctdmo_practical_salinity,ctdmo_practical_salinity,0,42,L2,(unitless),GI01SUMO,RII11,CTDMO
GI01SUMO-RII11-02-CTDMOQ013,ctdmo_seawater_density,ctdmo_seawater_density,1000,1100,L2,kg m-3,GI01SUMO,RII11,CTDMO
GI01SUMO-RII11-02-CTDMOQ013,serial_number,serial_number,,,ENG,1,GI01SUMO,RII11,CTDMO
GI01SUMO-RII11-02-CTDMOQ013,time,time,,,ENG,seconds since 1900-01-01,GI01SUMO,RII11,CTDMO
GI01SUMO-RII11-02-CTDMOQ013,sample_number,sample_number,,,,count,GI01SUMO,RII11,CTDMO
GI01SUMO-RII11-02-CTDMOQ013,ingestion_timestamp,ingestion_timestamp,,,ENG,seconds since 1900-01-01,GI01SUMO,RII11,CTDMO
GI01SUMO-RII11-02-CTDMOQ013,date_time_string,date_time_string,,,,1,GI01SUMO,RII11,CTDMO
GI01SUMO-RII11-02-CTDMOQ014,driver_timestamp,driver_timestamp,,,ENG,seconds since 1900-01-01,GI01SUMO,RII11,CTDMO
GI01SUMO-RII11-02-CTDMOQ014,internal_timestamp,internal_timestamp,,,ENG,seconds since 1900-01-01,GI01SUMO,RII11,CTDMO
GI01SUMO-RII11-02-CTDMOQ014,battery_voltage_main,battery_voltage_main,,,,V,GI01SUMO,RII11,CTDMO
GI01SUMO-RII11-02-CTDMOQ014,battery_voltage_lithium,battery_voltage_lithium,,,,V,GI01SUMO,RII11,CTDMO
GI01SUMO-RII11-02-CTDMOQ014,inductive_id,inductive_id,,,ENG,1,GI01SUMO,RII11,CTDMO
GI01SUMO-RII11-02-CTDMOQ014,preferred_timestamp,preferred_timestamp,,,ENG,1,GI01SUMO,RII11,CTDMO
GI01SUMO-RII11-02-CTDMOQ014,temperature,temperature,,,L0,counts,GI01SUMO,RII11,CTDMO
GI01SUMO-RII11-02-CTDMOQ014,conductivity,conductivity,,,L0,counts,GI01SUMO,RII11,CTDMO
GI01SUMO-RII11-02-CTDMOQ014,pressure,pressure,,,L0,counts,GI01SUMO,RII11,CTDMO
GI01SUMO-RII11-02-CTDMOQ014,pressure_temp,pressure_temp,,,L0,counts,GI01SUMO,RII11,CTDMO
GI01SUMO-RII11-02-CTDMOQ014,ctd_time,ctd_time,,,ENG,seconds since 2000-01-01,GI01SUMO,RII11,CTDMO
GI01SUMO-RII11-02-CTDMOQ014,num_samples,num_samples,,,,counts,GI01SUMO,RII11,CTDMO
GI01SUMO-RII11-02-CTDMOQ014,mem_free,mem_free,,,,bytes,GI01SUMO,RII11,CTDMO
GI01SUMO-RII11-02-CTDMOQ014,sample_interval,sample_interval,,,,s,GI01SUMO,RII11,CTDMO
GI01SUMO-RII11-02-CTDMOQ014,sio_controller_timestamp,sio_controller_timestamp,,,ENG,seconds since 1970-01-01,GI01SUMO,RII11,CTDMO
GI01SUMO-RII11-02-CTDMOQ014,ctd_time_offset,ctd_time_offset,,,,s,GI01SUMO,RII11,CTDMO
GI01SUMO-RII11-02-CTDMOQ014,pressure_range,pressure_range,,,,psia,GI01SUMO,RII11,CTDMO
GI01SUMO-RII11-02-CTDMOQ014,ctdmo_seawater_pressure,ctdmo_seawater_pressure,0,6000,L1,dbar,GI01SUMO,RII11,CTDMO
GI01SUMO-RII11-02-CTDMOQ014,ctdmo_seawater_temperature,ctdmo_seawater_temperature,-2,40,L1,deg_C,GI01SUMO,RII11,CTDMO
GI01SUMO-RII11-02-CTDMOQ014,ctdmo_seawater_conductivity,ctdmo_seawater_conductivity,0,6,L1,S m-1,GI01SUMO,RII11,CTDMO
GI01SUMO-RII11-02-CTDMOQ014,ctdmo_practical_salinity,ctdmo_practical_salinity,0,42,L2,(unitless),GI01SUMO,RII11,CTDMO
GI01SUMO-RII11-02-CTDMOQ014,ctdmo_seawater_density,ctdmo_seawater_density,1000,1100,L2,kg m-3,GI01SUMO,RII11,CTDMO
GI01SUMO-RII11-02-CTDMOQ014,serial_number,serial_number,,,ENG,1,GI01SUMO,RII11,CTDMO
GI01SUMO-RII11-02-CTDMOQ014,time,time,,,ENG,seconds since 1900-01-01,GI01SUMO,RII11,CTDMO
GI01SUMO-RII11-02-CTDMOQ014,sample_number,sample_number,,,,count,GI01SUMO,RII11,CTDMO
GI01SUMO-RII11-02-CTDMOQ014,ingestion_timestamp,ingestion_timestamp,,,ENG,seconds since 1900-01-01,GI01SUMO,RII11,CTDMO
GI01SUMO-RII11-02-CTDMOQ014,date_time_string,date_time_string,,,,1,GI01SUMO,RII11,CTDMO
GI01SUMO-RII11-02-CTDMOQ015,driver_timestamp,driver_timestamp,,,ENG,seconds since 1900-01-01,GI01SUMO,RII11,CTDMO
GI01SUMO-RII11-02-CTDMOQ015,internal_timestamp,internal_timestamp,,,ENG,seconds since 1900-01-01,GI01SUMO,RII11,CTDMO
GI01SUMO-RII11-02-CTDMOQ015,battery_voltage_main,battery_voltage_main,,,,V,GI01SUMO,RII11,CTDMO
GI01SUMO-RII11-02-CTDMOQ015,battery_voltage_lithium,battery_voltage_lithium,,,,V,GI01SUMO,RII11,CTDMO
GI01SUMO-RII11-02-CTDMOQ015,inductive_id,inductive_id,,,ENG,1,GI01SUMO,RII11,CTDMO
GI01SUMO-RII11-02-CTDMOQ015,preferred_timestamp,preferred_timestamp,,,ENG,1,GI01SUMO,RII11,CTDMO
GI01SUMO-RII11-02-CTDMOQ015,temperature,temperature,,,L0,counts,GI01SUMO,RII11,CTDMO
GI01SUMO-RII11-02-CTDMOQ015,conductivity,conductivity,,,L0,counts,GI01SUMO,RII11,CTDMO
GI01SUMO-RII11-02-CTDMOQ015,pressure,pressure,,,L0,counts,GI01SUMO,RII11,CTDMO
GI01SUMO-RII11-02-CTDMOQ015,pressure_temp,pressure_temp,,,L0,counts,GI01SUMO,RII11,CTDMO
GI01SUMO-RII11-02-CTDMOQ015,ctd_time,ctd_time,,,ENG,seconds since 2000-01-01,GI01SUMO,RII11,CTDMO
GI01SUMO-RII11-02-CTDMOQ015,num_samples,num_samples,,,,counts,GI01SUMO,RII11,CTDMO
GI01SUMO-RII11-02-CTDMOQ015,mem_free,mem_free,,,,bytes,GI01SUMO,RII11,CTDMO
GI01SUMO-RII11-02-CTDMOQ015,sample_interval,sample_interval,,,,s,GI01SUMO,RII11,CTDMO
GI01SUMO-RII11-02-CTDMOQ015,sio_controller_timestamp,sio_controller_timestamp,,,ENG,seconds since 1970-01-01,GI01SUMO,RII11,CTDMO
GI01SUMO-RII11-02-CTDMOQ015,ctd_time_offset,ctd_time_offset,,,,s,GI01SUMO,RII11,CTDMO
GI01SUMO-RII11-02-CTDMOQ015,pressure_range,pressure_range,,,,psia,GI01SUMO,RII11,CTDMO
GI01SUMO-RII11-02-CTDMOQ015,ctdmo_seawater_pressure,ctdmo_seawater_pressure,0,6000,L1,dbar,GI01SUMO,RII11,CTDMO
GI01SUMO-RII11-02-CTDMOQ015,ctdmo_seawater_temperature,ctdmo_seawater_temperature,-2,40,L1,deg_C,GI01SUMO,RII11,CTDMO
GI01SUMO-RII11-02-CTDMOQ015,ctdmo_seawater_conductivity,ctdmo_seawater_conductivity,0,6,L1,S m-1,GI01SUMO,RII11,CTDMO
GI01SUMO-RII11-02-CTDMOQ015,ctdmo_practical_salinity,ctdmo_practical_salinity,0,42,L2,(unitless),GI01SUMO,RII11,CTDMO
GI01SUMO-RII11-02-CTDMOQ015,ctdmo_seawater_density,ctdmo_seawater_density,1000,1100,L2,kg m-3,GI01SUMO,RII11,CTDMO
GI01SUMO-RII11-02-CTDMOQ015,serial_number,serial_number,,,ENG,1,GI01SUMO,RII11,CTDMO
GI01SUMO-RII11-02-CTDMOQ015,time,time,,,ENG,seconds since 1900-01-01,GI01SUMO,RII11,CTDMO
GI01SUMO-RII11-02-CTDMOQ015,sample_number,sample_number,,,,count,GI01SUMO,RII11,CTDMO
GI01SUMO-RII11-02-CTDMOQ015,ingestion_timestamp,ingestion_timestamp,,,ENG,seconds since 1900-01-01,GI01SUMO,RII11,CTDMO
GI01SUMO-RII11-02-CTDMOQ015,date_time_string,date_time_string,,,,1,GI01SUMO,RII11,CTDMO
GI01SUMO-RII11-02-CTDMOQ016,driver_timestamp,driver_timestamp,,,ENG,seconds since 1900-01-01,GI01SUMO,RII11,CTDMO
GI01SUMO-RII11-02-CTDMOQ016,internal_timestamp,internal_timestamp,,,ENG,seconds since 1900-01-01,GI01SUMO,RII11,CTDMO
GI01SUMO-RII11-02-CTDMOQ016,battery_voltage_main,battery_voltage_main,,,,V,GI01SUMO,RII11,CTDMO
GI01SUMO-RII11-02-CTDMOQ016,battery_voltage_lithium,battery_voltage_lithium,,,,V,GI01SUMO,RII11,CTDMO
GI01SUMO-RII11-02-CTDMOQ016,inductive_id,inductive_id,,,ENG,1,GI01SUMO,RII11,CTDMO
GI01SUMO-RII11-02-CTDMOQ016,preferred_timestamp,preferred_timestamp,,,ENG,1,GI01SUMO,RII11,CTDMO
GI01SUMO-RII11-02-CTDMOQ016,temperature,temperature,,,L0,counts,GI01SUMO,RII11,CTDMO
GI01SUMO-RII11-02-CTDMOQ016,conductivity,conductivity,,,L0,counts,GI01SUMO,RII11,CTDMO
GI01SUMO-RII11-02-CTDMOQ016,pressure,pressure,,,L0,counts,GI01SUMO,RII11,CTDMO
GI01SUMO-RII11-02-CTDMOQ016,pressure_temp,pressure_temp,,,L0,counts,GI01SUMO,RII11,CTDMO
GI01SUMO-RII11-02-CTDMOQ016,ctd_time,ctd_time,,,ENG,seconds since 2000-01-01,GI01SUMO,RII11,CTDMO
GI01SUMO-RII11-02-CTDMOQ016,num_samples,num_samples,,,,counts,GI01SUMO,RII11,CTDMO
GI01SUMO-RII11-02-CTDMOQ016,mem_free,mem_free,,,,bytes,GI01SUMO,RII11,CTDMO
GI01SUMO-RII11-02-CTDMOQ016,sample_interval,sample_interval,,,,s,GI01SUMO,RII11,CTDMO
GI01SUMO-RII11-02-CTDMOQ016,sio_controller_timestamp,sio_controller_timestamp,,,ENG,seconds since 1970-01-01,GI01SUMO,RII11,CTDMO
GI01SUMO-RII11-02-CTDMOQ016,ctd_time_offset,ctd_time_offset,,,,s,GI01SUMO,RII11,CTDMO
GI01SUMO-RII11-02-CTDMOQ016,pressure_range,pressure_range,,,,psia,GI01SUMO,RII11,CTDMO
GI01SUMO-RII11-02-CTDMOQ016,ctdmo_seawater_pressure,ctdmo_seawater_pressure,0,6000,L1,dbar,GI01SUMO,RII11,CTDMO
GI01SUMO-RII11-02-CTDMOQ016,ctdmo_seawater_temperature,ctdmo_seawater_temperature,-2,40,L1,deg_C,GI01SUMO,RII11,CTDMO
GI01SUMO-RII11-02-CTDMOQ016,ctdmo_seawater_conductivity,ctdmo_seawater_conductivity,0,6,L1,S m-1,GI01SUMO,RII11,CTDMO
GI01SUMO-RII11-02-CTDMOQ016,ctdmo_practical_salinity,ctdmo_practical_salinity,0,42,L2,(unitless),GI01SUMO,RII11,CTDMO
GI01SUMO-RII11-02-CTDMOQ016,ctdmo_seawater_density,ctdmo_seawater_density,1000,1100,L2,kg m-3,GI01SUMO,RII11,CTDMO
GI01SUMO-RII11-02-CTDMOQ016,serial_number,serial_number,,,ENG,1,GI01SUMO,RII11,CTDMO
GI01SUMO-RII11-02-CTDMOQ016,time,time,,,ENG,seconds since 1900-01-01,GI01SUMO,RII11,CTDMO
GI01SUMO-RII11-02-CTDMOQ016,sample_number,sample_number,,,,count,GI01SUMO,RII11,CTDMO
GI01SUMO-RII11-02-CTDMOQ016,ingestion_timestamp,ingestion_timestamp,,,ENG,seconds since 1900-01-01,GI01SUMO,RII11,CTDMO
GI01SUMO-RII11-02-CTDMOQ016,date_time_string,date_time_string,,,,1,GI01SUMO,RII11,CTDMO
GI01SUMO-RII11-02-CTDMOQ017,driver_timestamp,driver_timestamp,,,ENG,seconds since 1900-01-01,GI01SUMO,RII11,CTDMO
GI01SUMO-RII11-02-CTDMOQ017,internal_timestamp,internal_timestamp,,,ENG,seconds since 1900-01-01,GI01SUMO,RII11,CTDMO
GI01SUMO-RII11-02-CTDMOQ017,battery_voltage_main,battery_voltage_main,,,,V,GI01SUMO,RII11,CTDMO
GI01SUMO-RII11-02-CTDMOQ017,battery_voltage_lithium,battery_voltage_lithium,,,,V,GI01SUMO,RII11,CTDMO
GI01SUMO-RII11-02-CTDMOQ017,inductive_id,inductive_id,,,ENG,1,GI01SUMO,RII11,CTDMO
GI01SUMO-RII11-02-CTDMOQ017,preferred_timestamp,preferred_timestamp,,,ENG,1,GI01SUMO,RII11,CTDMO
GI01SUMO-RII11-02-CTDMOQ017,temperature,temperature,,,L0,counts,GI01SUMO,RII11,CTDMO
GI01SUMO-RII11-02-CTDMOQ017,conductivity,conductivity,,,L0,counts,GI01SUMO,RII11,CTDMO
GI01SUMO-RII11-02-CTDMOQ017,pressure,pressure,,,L0,counts,GI01SUMO,RII11,CTDMO
GI01SUMO-RII11-02-CTDMOQ017,pressure_temp,pressure_temp,,,L0,counts,GI01SUMO,RII11,CTDMO
GI01SUMO-RII11-02-CTDMOQ017,ctd_time,ctd_time,,,ENG,seconds since 2000-01-01,GI01SUMO,RII11,CTDMO
GI01SUMO-RII11-02-CTDMOQ017,num_samples,num_samples,,,,counts,GI01SUMO,RII11,CTDMO
GI01SUMO-RII11-02-CTDMOQ017,mem_free,mem_free,,,,bytes,GI01SUMO,RII11,CTDMO
GI01SUMO-RII11-02-CTDMOQ017,sample_interval,sample_interval,,,,s,GI01SUMO,RII11,CTDMO
GI01SUMO-RII11-02-CTDMOQ017,sio_controller_timestamp,sio_controller_timestamp,,,ENG,seconds since 1970-01-01,GI01SUMO,RII11,CTDMO
GI01SUMO-RII11-02-CTDMOQ017,ctd_time_offset,ctd_time_offset,,,,s,GI01SUMO,RII11,CTDMO
GI01SUMO-RII11-02-CTDMOQ017,pressure_range,pressure_range,,,,psia,GI01SUMO,RII11,CTDMO
GI01SUMO-RII11-02-CTDMOQ017,ctdmo_seawater_pressure,ctdmo_seawater_pressure,0,6000,L1,dbar,GI01SUMO,RII11,CTDMO
GI01SUMO-RII11-02-CTDMOQ017,ctdmo_seawater_temperature,ctdmo_seawater_temperature,-2,40,L1,deg_C,GI01SUMO,RII11,CTDMO
GI01SUMO-RII11-02-CTDMOQ017,ctdmo_seawater_conductivity,ctdmo_seawater_conductivity,0,6,L1,S m-1,GI01SUMO,RII11,CTDMO
GI01SUMO-RII11-02-CTDMOQ017,ctdmo_practical_salinity,ctdmo_practical_salinity,0,42,L2,(unitless),GI01SUMO,RII11,CTDMO
GI01SUMO-RII11-02-CTDMOQ017,ctdmo_seawater_density,ctdmo_seawater_density,1000,1100,L2,kg m-3,GI01SUMO,RII11,CTDMO
GI01SUMO-RII11-02-CTDMOQ017,serial_number,serial_number,,,ENG,1,GI01SUMO,RII11,CTDMO
GI01SUMO-RII11-02-CTDMOQ017,time,time,,,ENG,seconds since 1900-01-01,GI01SUMO,RII11,CTDMO
GI01SUMO-RII11-02-CTDMOQ017,sample_number,sample_number,,,,count,GI01SUMO,RII11,CTDMO
GI01SUMO-RII11-02-CTDMOQ017,ingestion_timestamp,ingestion_timestamp,,,ENG,seconds since 1900-01-01,GI01SUMO,RII11,CTDMO
GI01SUMO-RII11-02-CTDMOQ017,date_time_string,date_time_string,,,,1,GI01SUMO,RII11,CTDMO
GI01SUMO-RII11-02-CTDMOR018,driver_timestamp,driver_timestamp,,,ENG,seconds since 1900-01-01,GI01SUMO,RII11,CTDMO
GI01SUMO-RII11-02-CTDMOR018,internal_timestamp,internal_timestamp,,,ENG,seconds since 1900-01-01,GI01SUMO,RII11,CTDMO
GI01SUMO-RII11-02-CTDMOR018,battery_voltage_main,battery_voltage_main,,,,V,GI01SUMO,RII11,CTDMO
GI01SUMO-RII11-02-CTDMOR018,battery_voltage_lithium,battery_voltage_lithium,,,,V,GI01SUMO,RII11,CTDMO
GI01SUMO-RII11-02-CTDMOR018,inductive_id,inductive_id,,,ENG,1,GI01SUMO,RII11,CTDMO
GI01SUMO-RII11-02-CTDMOR018,preferred_timestamp,preferred_timestamp,,,ENG,1,GI01SUMO,RII11,CTDMO
GI01SUMO-RII11-02-CTDMOR018,temperature,temperature,,,L0,counts,GI01SUMO,RII11,CTDMO
GI01SUMO-RII11-02-CTDMOR018,conductivity,conductivity,,,L0,counts,GI01SUMO,RII11,CTDMO
GI01SUMO-RII11-02-CTDMOR018,pressure,pressure,,,L0,counts,GI01SUMO,RII11,CTDMO
GI01SUMO-RII11-02-CTDMOR018,pressure_temp,pressure_temp,,,L0,counts,GI01SUMO,RII11,CTDMO
GI01SUMO-RII11-02-CTDMOR018,ctd_time,ctd_time,,,ENG,seconds since 2000-01-01,GI01SUMO,RII11,CTDMO
GI01SUMO-RII11-02-CTDMOR018,num_samples,num_samples,,,,counts,GI01SUMO,RII11,CTDMO
GI01SUMO-RII11-02-CTDMOR018,mem_free,mem_free,,,,bytes,GI01SUMO,RII11,CTDMO
GI01SUMO-RII11-02-CTDMOR018,sample_interval,sample_interval,,,,s,GI01SUMO,RII11,CTDMO
GI01SUMO-RII11-02-CTDMOR018,sio_controller_timestamp,sio_controller_timestamp,,,ENG,seconds since 1970-01-01,GI01SUMO,RII11,CTDMO
GI01SUMO-RII11-02-CTDMOR018,ctd_time_offset,ctd_time_offset,,,,s,GI01SUMO,RII11,CTDMO
GI01SUMO-RII11-02-CTDMOR018,pressure_range,pressure_range,,,,psia,GI01SUMO,RII11,CTDMO
GI01SUMO-RII11-02-CTDMOR018,ctdmo_seawater_pressure,ctdmo_seawater_pressure,0,6000,L1,dbar,GI01SUMO,RII11,CTDMO
GI01SUMO-RII11-02-CTDMOR018,ctdmo_seawater_temperature,ctdmo_seawater_temperature,-2,40,L1,deg_C,GI01SUMO,RII11,CTDMO
GI01SUMO-RII11-02-CTDMOR018,ctdmo_seawater_conductivity,ctdmo_seawater_conductivity,0,6,L1,S m-1,GI01SUMO,RII11,CTDMO
GI01SUMO-RII11-02-CTDMOR018,ctdmo_practical_salinity,ctdmo_practical_salinity,0,42,L2,(unitless),GI01SUMO,RII11,CTDMO
GI01SUMO-RII11-02-CTDMOR018,ctdmo_seawater_density,ctdmo_seawater_density,1000,1100,L2,kg m-3,GI01SUMO,RII11,CTDMO
GI01SUMO-RII11-02-CTDMOR018,serial_number,serial_number,,,ENG,1,GI01SUMO,RII11,CTDMO
GI01SUMO-RII11-02-CTDMOR018,time,time,,,ENG,seconds since 1900-01-01,GI01SUMO,RII11,CTDMO
GI01SUMO-RII11-02-CTDMOR018,sample_number,sample_number,,,,count,GI01SUMO,RII11,CTDMO
GI01SUMO-RII11-02-CTDMOR018,ingestion_timestamp,ingestion_timestamp,,,ENG,seconds since 1900-01-01,GI01SUMO,RII11,CTDMO
GI01SUMO-RII11-02-CTDMOR018,date_time_string,date_time_string,,,,1,GI01SUMO,RII11,CTDMO
GI01SUMO-RII11-02-CTDMOR019,driver_timestamp,driver_timestamp,,,ENG,seconds since 1900-01-01,GI01SUMO,RII11,CTDMO
GI01SUMO-RII11-02-CTDMOR019,internal_timestamp,internal_timestamp,,,ENG,seconds since 1900-01-01,GI01SUMO,RII11,CTDMO
GI01SUMO-RII11-02-CTDMOR019,battery_voltage_main,battery_voltage_main,,,,V,GI01SUMO,RII11,CTDMO
GI01SUMO-RII11-02-CTDMOR019,battery_voltage_lithium,battery_voltage_lithium,,,,V,GI01SUMO,RII11,CTDMO
GI01SUMO-RII11-02-CTDMOR019,inductive_id,inductive_id,,,ENG,1,GI01SUMO,RII11,CTDMO
GI01SUMO-RII11-02-CTDMOR019,preferred_timestamp,preferred_timestamp,,,ENG,1,GI01SUMO,RII11,CTDMO
GI01SUMO-RII11-02-CTDMOR019,temperature,temperature,,,L0,counts,GI01SUMO,RII11,CTDMO
GI01SUMO-RII11-02-CTDMOR019,conductivity,conductivity,,,L0,counts,GI01SUMO,RII11,CTDMO
GI01SUMO-RII11-02-CTDMOR019,pressure,pressure,,,L0,counts,GI01SUMO,RII11,CTDMO
GI01SUMO-RII11-02-CTDMOR019,pressure_temp,pressure_temp,,,L0,counts,GI01SUMO,RII11,CTDMO
GI01SUMO-RII11-02-CTDMOR019,ctd_time,ctd_time,,,ENG,seconds since 2000-01-01,GI01SUMO,RII11,CTDMO
GI01SUMO-RII11-02-CTDMOR019,num_samples,num_samples,,,,counts,GI01SUMO,RII11,CTDMO
GI01SUMO-RII11-02-CTDMOR019,mem_free,mem_free,,,,bytes,GI01SUMO,RII11,CTDMO
GI01SUMO-RII11-02-CTDMOR019,sample_interval,sample_interval,,,,s,GI01SUMO,RII11,CTDMO
GI01SUMO-RII11-02-CTDMOR019,sio_controller_timestamp,sio_controller_timestamp,,,ENG,seconds since 1970-01-01,GI01SUMO,RII11,CTDMO
GI01SUMO-RII11-02-CTDMOR019,ctd_time_offset,ctd_time_offset,,,,s,GI01SUMO,RII11,CTDMO
GI01SUMO-RII11-02-CTDMOR019,pressure_range,pressure_range,,,,psia,GI01SUMO,RII11,CTDMO
GI01SUMO-RII11-02-CTDMOR019,ctdmo_seawater_pressure,ctdmo_seawater_pressure,0,6000,L1,dbar,GI01SUMO,RII11,CTDMO
GI01SUMO-RII11-02-CTDMOR019,ctdmo_seawater_temperature,ctdmo_seawater_temperature,-2,40,L1,deg_C,GI01SUMO,RII11,CTDMO
GI01SUMO-RII11-02-CTDMOR019,ctdmo_seawater_conductivity,ctdmo_seawater_conductivity,0,6,L1,S m-1,GI01SUMO,RII11,CTDMO
GI01SUMO-RII11-02-CTDMOR019,ctdmo_practical_salinity,ctdmo_practical_salinity,0,42,L2,(unitless),GI01SUMO,RII11,CTDMO
GI01SUMO-RII11-02-CTDMOR019,ctdmo_seawater_density,ctdmo_seawater_density,1000,1100,L2,kg m-3,GI01SUMO,RII11,CTDMO
GI01SUMO-RII11-02-CTDMOR019,serial_number,serial_number,,,ENG,1,GI01SUMO,RII11,CTDMO
GI01SUMO-RII11-02-CTDMOR019,time,time,,,ENG,seconds since 1900-01-01,GI01SUMO,RII11,CTDMO
GI01SUMO-RII11-02-CTDMOR019,sample_number,sample_number,,,,count,GI01SUMO,RII11,CTDMO
GI01SUMO-RII11-02-CTDMOR019,ingestion_timestamp,ingestion_timestamp,,,ENG,seconds since 1900-01-01,GI01SUMO,RII11,CTDMO
GI01SUMO-RII11-02-CTDMOR019,date_time_string,date_time_string,,,,1,GI01SUMO,RII11,CTDMO
GI01SUMO-RII11-02-CTDMOR020,driver_timestamp,driver_timestamp,,,ENG,seconds since 1900-01-01,GI01SUMO,RII11,CTDMO
GI01SUMO-RII11-02-CTDMOR020,internal_timestamp,internal_timestamp,,,ENG,seconds since 1900-01-01,GI01SUMO,RII11,CTDMO
GI01SUMO-RII11-02-CTDMOR020,battery_voltage_main,battery_voltage_main,,,,V,GI01SUMO,RII11,CTDMO
GI01SUMO-RII11-02-CTDMOR020,battery_voltage_lithium,battery_voltage_lithium,,,,V,GI01SUMO,RII11,CTDMO
GI01SUMO-RII11-02-CTDMOR020,inductive_id,inductive_id,,,ENG,1,GI01SUMO,RII11,CTDMO
GI01SUMO-RII11-02-CTDMOR020,preferred_timestamp,preferred_timestamp,,,ENG,1,GI01SUMO,RII11,CTDMO
GI01SUMO-RII11-02-CTDMOR020,temperature,temperature,,,L0,counts,GI01SUMO,RII11,CTDMO
GI01SUMO-RII11-02-CTDMOR020,conductivity,conductivity,,,L0,counts,GI01SUMO,RII11,CTDMO
GI01SUMO-RII11-02-CTDMOR020,pressure,pressure,,,L0,counts,GI01SUMO,RII11,CTDMO
GI01SUMO-RII11-02-CTDMOR020,pressure_temp,pressure_temp,,,L0,counts,GI01SUMO,RII11,CTDMO
GI01SUMO-RII11-02-CTDMOR020,ctd_time,ctd_time,,,ENG,seconds since 2000-01-01,GI01SUMO,RII11,CTDMO
GI01SUMO-RII11-02-CTDMOR020,num_samples,num_samples,,,,counts,GI01SUMO,RII11,CTDMO
GI01SUMO-RII11-02-CTDMOR020,mem_free,mem_free,,,,bytes,GI01SUMO,RII11,CTDMO
GI01SUMO-RII11-02-CTDMOR020,sample_interval,sample_interval,,,,s,GI01SUMO,RII11,CTDMO
GI01SUMO-RII11-02-CTDMOR020,sio_controller_timestamp,sio_controller_timestamp,,,ENG,seconds since 1970-01-01,GI01SUMO,RII11,CTDMO
GI01SUMO-RII11-02-CTDMOR020,ctd_time_offset,ctd_time_offset,,,,s,GI01SUMO,RII11,CTDMO
GI01SUMO-RII11-02-CTDMOR020,pressure_range,pressure_range,,,,psia,GI01SUMO,RII11,CTDMO
GI01SUMO-RII11-02-CTDMOR020,ctdmo_seawater_pressure,ctdmo_seawater_pressure,0,6000,L1,dbar,GI01SUMO,RII11,CTDMO
GI01SUMO-RII11-02-CTDMOR020,ctdmo_seawater_temperature,ctdmo_seawater_temperature,-2,40,L1,deg_C,GI01SUMO,RII11,CTDMO
GI01SUMO-RII11-02-CTDMOR020,ctdmo_seawater_conductivity,ctdmo_seawater_conductivity,0,6,L1,S m-1,GI01SUMO,RII11,CTDMO
GI01SUMO-RII11-02-CTDMOR020,ctdmo_practical_salinity,ctdmo_practical_salinity,0,42,L2,(unitless),GI01SUMO,RII11,CTDMO
GI01SUMO-RII11-02-CTDMOR020,ctdmo_seawater_density,ctdmo_seawater_density,1000,1100,L2,kg m-3,GI01SUMO,RII11,CTDMO
GI01SUMO-RII11-02-CTDMOR020,serial_number,serial_number,,,ENG,1,GI01SUMO,RII11,CTDMO
GI01SUMO-RII11-02-CTDMOR020,time,time,,,ENG,seconds since 1900-01-01,GI01SUMO,RII11,CTDMO
GI01SUMO-RII11-02-CTDMOR020,sample_number,sample_number,,,,count,GI01SUMO,RII11,CTDMO
GI01SUMO-RII11-02-CTDMOR020,ingestion_timestamp,ingestion_timestamp,,,ENG,seconds since 1900-01-01,GI01SUMO,RII11,CTDMO
GI01SUMO-RII11-02-CTDMOR020,date_time_string,date_time_string,,,,1,GI01SUMO,RII11,CTDMO
GI01SUMO-RII11-02-DOSTAD031,product_number,product_number,,,,1,GI01SUMO,RII11,DOSTA
GI01SUMO-RII11-02-DOSTAD031,driver_timestamp,driver_timestamp,,,ENG,seconds since 1900-01-01,GI01SUMO,RII11,DOSTA
GI01SUMO-RII11-02-DOSTAD031,internal_timestamp,internal_timestamp,,,ENG,seconds since 1900-01-01,GI01SUMO,RII11,DOSTA
GI01SUMO-RII11-02-DOSTAD031,preferred_timestamp,preferred_timestamp,,,ENG,1,GI01SUMO,RII11,DOSTA
GI01SUMO-RII11-02-DOSTAD031,dcl_controller_timestamp,dcl_controller_timestamp,,,ENG,1,GI01SUMO,RII11,DOSTA
GI01SUMO-RII11-02-DOSTAD031,dosta_abcdjm_cspp_tc_oxygen,dosta_abcdjm_cspp_tc_oxygen,0,400,L1,umol L-1,GI01SUMO,RII11,DOSTA
GI01SUMO-RII11-02-DOSTAD031,serial_number,serial_number,,,ENG,1,GI01SUMO,RII11,DOSTA
GI01SUMO-RII11-02-DOSTAD031,dosta_abcdjm_dcl_abs_oxygen,dosta_abcdjm_dcl_abs_oxygen,0,400,L2,umol kg-1,GI01SUMO,RII11,DOSTA
GI01SUMO-RII11-02-DOSTAD031,dosta_abcdjm_dcl_metbk_abs_oxygen,dosta_abcdjm_dcl_metbk_abs_oxygen,0,400,L2,umol kg-1,GI01SUMO,RII11,DOSTA
GI01SUMO-RII11-02-DOSTAD031,dosta_abcdjm_dcl_ctdbp_abs_oxygen,dosta_abcdjm_dcl_ctdbp_abs_oxygen,0,400,L2,umol kg-1,GI01SUMO,RII11,DOSTA
GI01SUMO-RII11-02-DOSTAD031,time,time,,,ENG,seconds since 1900-01-01,GI01SUMO,RII11,DOSTA
GI01SUMO-RII11-02-DOSTAD031,ingestion_timestamp,ingestion_timestamp,,,ENG,seconds since 1900-01-01,GI01SUMO,RII11,DOSTA
GI01SUMO-RII11-02-DOSTAD031,estimated_oxygen_concentration,estimated_oxygen_concentration,0,400,L1,umol L-1,GI01SUMO,RII11,DOSTA
GI01SUMO-RII11-02-DOSTAD031,estimated_oxygen_saturation,estimated_oxygen_saturation,0,110,L1,percent,GI01SUMO,RII11,DOSTA
GI01SUMO-RII11-02-DOSTAD031,optode_temperature,optode_temperature,-2,40,,deg_C,GI01SUMO,RII11,DOSTA
GI01SUMO-RII11-02-DOSTAD031,calibrated_phase,calibrated_phase,,,L0,degrees,GI01SUMO,RII11,DOSTA
GI01SUMO-RII11-02-DOSTAD031,temp_compensated_phase,temp_compensated_phase,,,,degrees,GI01SUMO,RII11,DOSTA
GI01SUMO-RII11-02-DOSTAD031,blue_phase,blue_phase,,,,degrees,GI01SUMO,RII11,DOSTA
GI01SUMO-RII11-02-DOSTAD031,red_phase,red_phase,,,,degrees,GI01SUMO,RII11,DOSTA
GI01SUMO-RII11-02-DOSTAD031,blue_amplitude,blue_amplitude,,,,mV,GI01SUMO,RII11,DOSTA
GI01SUMO-RII11-02-DOSTAD031,red_amplitude,red_amplitude,,,,mV,GI01SUMO,RII11,DOSTA
GI01SUMO-RII11-02-DOSTAD031,raw_temperature,raw_temperature,,,,mV,GI01SUMO,RII11,DOSTA
GI01SUMO-RII11-02-DOSTAD032,product_number,product_number,,,,1,GI01SUMO,RII11,DOSTA
GI01SUMO-RII11-02-DOSTAD032,driver_timestamp,driver_timestamp,,,ENG,seconds since 1900-01-01,GI01SUMO,RII11,DOSTA
GI01SUMO-RII11-02-DOSTAD032,internal_timestamp,internal_timestamp,,,ENG,seconds since 1900-01-01,GI01SUMO,RII11,DOSTA
GI01SUMO-RII11-02-DOSTAD032,preferred_timestamp,preferred_timestamp,,,ENG,1,GI01SUMO,RII11,DOSTA
GI01SUMO-RII11-02-DOSTAD032,dcl_controller_timestamp,dcl_controller_timestamp,,,ENG,1,GI01SUMO,RII11,DOSTA
GI01SUMO-RII11-02-DOSTAD032,dosta_abcdjm_cspp_tc_oxygen,dosta_abcdjm_cspp_tc_oxygen,0,400,L1,umol L-1,GI01SUMO,RII11,DOSTA
GI01SUMO-RII11-02-DOSTAD032,serial_number,serial_number,,,ENG,1,GI01SUMO,RII11,DOSTA
GI01SUMO-RII11-02-DOSTAD032,dosta_abcdjm_dcl_abs_oxygen,dosta_abcdjm_dcl_abs_oxygen,0,400,L2,umol kg-1,GI01SUMO,RII11,DOSTA
GI01SUMO-RII11-02-DOSTAD032,dosta_abcdjm_dcl_metbk_abs_oxygen,dosta_abcdjm_dcl_metbk_abs_oxygen,0,400,L2,umol kg-1,GI01SUMO,RII11,DOSTA
GI01SUMO-RII11-02-DOSTAD032,dosta_abcdjm_dcl_ctdbp_abs_oxygen,dosta_abcdjm_dcl_ctdbp_abs_oxygen,0,400,L2,umol kg-1,GI01SUMO,RII11,DOSTA
GI01SUMO-RII11-02-DOSTAD032,time,time,,,ENG,seconds since 1900-01-01,GI01SUMO,RII11,DOSTA
GI01SUMO-RII11-02-DOSTAD032,ingestion_timestamp,ingestion_timestamp,,,ENG,seconds since 1900-01-01,GI01SUMO,RII11,DOSTA
GI01SUMO-RII11-02-DOSTAD032,estimated_oxygen_concentration,estimated_oxygen_concentration,0,400,L1,umol L-1,GI01SUMO,RII11,DOSTA
GI01SUMO-RII11-02-DOSTAD032,estimated_oxygen_saturation,estimated_oxygen_saturation,0,110,L1,percent,GI01SUMO,RII11,DOSTA
GI01SUMO-RII11-02-DOSTAD032,optode_temperature,optode_temperature,-2,40,,deg_C,GI01SUMO,RII11,DOSTA
GI01SUMO-RII11-02-DOSTAD032,calibrated_phase,calibrated_phase,,,L0,degrees,GI01SUMO,RII11,DOSTA
GI01SUMO-RII11-02-DOSTAD032,temp_compensated_phase,temp_compensated_phase,,,,degrees,GI01SUMO,RII11,DOSTA
GI01SUMO-RII11-02-DOSTAD032,blue_phase,blue_phase,,,,degrees,GI01SUMO,RII11,DOSTA
GI01SUMO-RII11-02-DOSTAD032,red_phase,red_phase,,,,degrees,GI01SUMO,RII11,DOSTA
GI01SUMO-RII11-02-DOSTAD032,blue_amplitude,blue_amplitude,,,,mV,GI01SUMO,RII11,DOSTA
GI01SUMO-RII11-02-DOSTAD032,red_amplitude,red_amplitude,,,,mV,GI01SUMO,RII11,DOSTA
GI01SUMO-RII11-02-DOSTAD032,raw_temperature,raw_temperature,,,,mV,GI01SUMO,RII11,DOSTA
GI01SUMO-RII11-02-DOSTAD033,product_number,product_number,,,,1,GI01SUMO,RII11,DOSTA
GI01SUMO-RII11-02-DOSTAD033,driver_timestamp,driver_timestamp,,,ENG,seconds since 1900-01-01,GI01SUMO,RII11,DOSTA
GI01SUMO-RII11-02-DOSTAD033,internal_timestamp,internal_timestamp,,,ENG,seconds since 1900-01-01,GI01SUMO,RII11,DOSTA
GI01SUMO-RII11-02-DOSTAD033,preferred_timestamp,preferred_timestamp,,,ENG,1,GI01SUMO,RII11,DOSTA
GI01SUMO-RII11-02-DOSTAD033,dcl_controller_timestamp,dcl_controller_timestamp,,,ENG,1,GI01SUMO,RII11,DOSTA
GI01SUMO-RII11-02-DOSTAD033,dosta_abcdjm_cspp_tc_oxygen,dosta_abcdjm_cspp_tc_oxygen,0,400,L1,umol L-1,GI01SUMO,RII11,DOSTA
GI01SUMO-RII11-02-DOSTAD033,serial_number,serial_number,,,ENG,1,GI01SUMO,RII11,DOSTA
GI01SUMO-RII11-02-DOSTAD033,dosta_abcdjm_dcl_abs_oxygen,dosta_abcdjm_dcl_abs_oxygen,0,400,L2,umol kg-1,GI01SUMO,RII11,DOSTA
GI01SUMO-RII11-02-DOSTAD033,dosta_abcdjm_dcl_metbk_abs_oxygen,dosta_abcdjm_dcl_metbk_abs_oxygen,0,400,L2,umol kg-1,GI01SUMO,RII11,DOSTA
GI01SUMO-RII11-02-DOSTAD033,dosta_abcdjm_dcl_ctdbp_abs_oxygen,dosta_abcdjm_dcl_ctdbp_abs_oxygen,0,400,L2,umol kg-1,GI01SUMO,RII11,DOSTA
GI01SUMO-RII11-02-DOSTAD033,time,time,,,ENG,seconds since 1900-01-01,GI01SUMO,RII11,DOSTA
GI01SUMO-RII11-02-DOSTAD033,ingestion_timestamp,ingestion_timestamp,,,ENG,seconds since 1900-01-01,GI01SUMO,RII11,DOSTA
GI01SUMO-RII11-02-DOSTAD033,estimated_oxygen_concentration,estimated_oxygen_concentration,0,400,L1,umol L-1,GI01SUMO,RII11,DOSTA
GI01SUMO-RII11-02-DOSTAD033,estimated_oxygen_saturation,estimated_oxygen_saturation,0,110,L1,percent,GI01SUMO,RII11,DOSTA
GI01SUMO-RII11-02-DOSTAD033,optode_temperature,optode_temperature,-2,40,,deg_C,GI01SUMO,RII11,DOSTA
GI01SUMO-RII11-02-DOSTAD033,calibrated_phase,calibrated_phase,,,L0,degrees,GI01SUMO,RII11,DOSTA
GI01SUMO-RII11-02-DOSTAD033,temp_compensated_phase,temp_compensated_phase,,,,degrees,GI01SUMO,RII11,DOSTA
GI01SUMO-RII11-02-DOSTAD033,blue_phase,blue_phase,,,,degrees,GI01SUMO,RII11,DOSTA
GI01SUMO-RII11-02-DOSTAD033,red_phase,red_phase,,,,degrees,GI01SUMO,RII11,DOSTA
GI01SUMO-RII11-02-DOSTAD033,blue_amplitude,blue_amplitude,,,,mV,GI01SUMO,RII11,DOSTA
GI01SUMO-RII11-02-DOSTAD033,red_amplitude,red_amplitude,,,,mV,GI01SUMO,RII11,DOSTA
GI01SUMO-RII11-02-DOSTAD033,raw_temperature,raw_temperature,,,,mV,GI01SUMO,RII11,DOSTA
GI01SUMO-RII11-02-FLORDG031,Still in development,Still in development,,,AUX,m-1,GI01SUMO,RII11,FLORD
GI01SUMO-RII11-02-FLORDG031,Still in development,Still in development,,,L1,m-1 sr-1,GI01SUMO,RII11,FLORD
GI01SUMO-RII11-02-FLORDG031,Still in development,Still in development,,,L1,ug L-1,GI01SUMO,RII11,FLORD
GI01SUMO-RII11-02-FLORDG031,Still in development,Still in development,,,L2,m-1,GI01SUMO,RII11,FLORD
GI01SUMO-RII11-02-FLORDG032,Still in development,Still in development,,,AUX,m-1,GI01SUMO,RII11,FLORD
GI01SUMO-RII11-02-FLORDG032,Still in development,Still in development,,,L1,m-1 sr-1,GI01SUMO,RII11,FLORD
GI01SUMO-RII11-02-FLORDG032,Still in development,Still in development,,,L1,ug L-1,GI01SUMO,RII11,FLORD
GI01SUMO-RII11-02-FLORDG032,Still in development,Still in development,,,L2,m-1,GI01SUMO,RII11,FLORD
GI01SUMO-RII11-02-FLORDG033,Still in development,Still in development,,,AUX,m-1,GI01SUMO,RII11,FLORD
GI01SUMO-RII11-02-FLORDG033,Still in development,Still in development,,,L1,m-1 sr-1,GI01SUMO,RII11,FLORD
GI01SUMO-RII11-02-FLORDG033,Still in development,Still in development,,,L1,ug L-1,GI01SUMO,RII11,FLORD
GI01SUMO-RII11-02-FLORDG033,Still in development,Still in development,,,L2,m-1,GI01SUMO,RII11,FLORD
GI01SUMO-RII11-02-PCO2WC051,instrument_id,instrument_id,,,ENG,1,GI01SUMO,RII11,PCO2W
GI01SUMO-RII11-02-PCO2WC051,driver_timestamp,driver_timestamp,,,ENG,seconds since 1900-01-01,GI01SUMO,RII11,PCO2W
GI01SUMO-RII11-02-PCO2WC051,external_device2_fault,external_device2_fault,,,,1,GI01SUMO,RII11,PCO2W
GI01SUMO-RII11-02-PCO2WC051,external_device3_fault,external_device3_fault,,,,1,GI01SUMO,RII11,PCO2W
GI01SUMO-RII11-02-PCO2WC051,num_data_records,num_data_records,,,,1,GI01SUMO,RII11,PCO2W
GI01SUMO-RII11-02-PCO2WC051,num_error_records,num_error_records,,,,1,GI01SUMO,RII11,PCO2W
GI01SUMO-RII11-02-PCO2WC051,num_bytes_stored,num_bytes_stored,,,,bytes,GI01SUMO,RII11,PCO2W
GI01SUMO-RII11-02-PCO2WC051,internal_timestamp,internal_timestamp,,,ENG,seconds since 1900-01-01,GI01SUMO,RII11,PCO2W
GI01SUMO-RII11-02-PCO2WC051,preferred_timestamp,preferred_timestamp,,,ENG,1,GI01SUMO,RII11,PCO2W
GI01SUMO-RII11-02-PCO2WC051,num_samples,num_samples,,,,counts,GI01SUMO,RII11,PCO2W
GI01SUMO-RII11-02-PCO2WC051,passed_checksum,passed_checksum,,,ENG,1,GI01SUMO,RII11,PCO2W
GI01SUMO-RII11-02-PCO2WC051,num_events,num_events,,,,counts,GI01SUMO,RII11,PCO2W
GI01SUMO-RII11-02-PCO2WC051,voltage_flt32,voltage_flt32,,,,V,GI01SUMO,RII11,PCO2W
GI01SUMO-RII11-02-PCO2WC051,blank_light_measurements,blank_light_measurements,,,,counts,GI01SUMO,RII11,PCO2W
GI01SUMO-RII11-02-PCO2WC051,battery_low_blank,battery_low_blank,,,,1,GI01SUMO,RII11,PCO2W
GI01SUMO-RII11-02-PCO2WC051,file_time,file_time,,,,1,GI01SUMO,RII11,PCO2W
GI01SUMO-RII11-02-PCO2WC051,serial_number,serial_number,,,ENG,1,GI01SUMO,RII11,PCO2W
GI01SUMO-RII11-02-PCO2WC051,unique_id,unique_id,,,,1,GI01SUMO,RII11,PCO2W
GI01SUMO-RII11-02-PCO2WC051,record_type,record_type,,,,1,GI01SUMO,RII11,PCO2W
GI01SUMO-RII11-02-PCO2WC051,record_time,record_time,,,,seconds since 1904-01-01,GI01SUMO,RII11,PCO2W
GI01SUMO-RII11-02-PCO2WC051,light_measurements,light_measurements,,,,counts,GI01SUMO,RII11,PCO2W
GI01SUMO-RII11-02-PCO2WC051,voltage_battery,voltage_battery,,,,counts,GI01SUMO,RII11,PCO2W
GI01SUMO-RII11-02-PCO2WC051,thermistor_raw,thermistor_raw,,,L0,V,GI01SUMO,RII11,PCO2W
GI01SUMO-RII11-02-PCO2WC051,clock_active,clock_active,,,,1,GI01SUMO,RII11,PCO2W
GI01SUMO-RII11-02-PCO2WC051,recording_active,recording_active,,,,1,GI01SUMO,RII11,PCO2W
GI01SUMO-RII11-02-PCO2WC051,record_end_on_time,record_end_on_time,,,,1,GI01SUMO,RII11,PCO2W
GI01SUMO-RII11-02-PCO2WC051,record_memory_full,record_memory_full,,,,1,GI01SUMO,RII11,PCO2W
GI01SUMO-RII11-02-PCO2WC051,record_end_on_error,record_end_on_error,,,,1,GI01SUMO,RII11,PCO2W
GI01SUMO-RII11-02-PCO2WC051,data_download_ok,data_download_ok,,,,1,GI01SUMO,RII11,PCO2W
GI01SUMO-RII11-02-PCO2WC051,flash_memory_open,flash_memory_open,,,,1,GI01SUMO,RII11,PCO2W
GI01SUMO-RII11-02-PCO2WC051,battery_low_prestart,battery_low_prestart,,,,1,GI01SUMO,RII11,PCO2W
GI01SUMO-RII11-02-PCO2WC051,battery_low_measurement,battery_low_measurement,,,,1,GI01SUMO,RII11,PCO2W
GI01SUMO-RII11-02-PCO2WC051,battery_low_external,battery_low_external,,,,1,GI01SUMO,RII11,PCO2W
GI01SUMO-RII11-02-PCO2WC051,external_device1_fault,external_device1_fault,,,,1,GI01SUMO,RII11,PCO2W
GI01SUMO-RII11-02-PCO2WC051,flash_erased,flash_erased,,,,1,GI01SUMO,RII11,PCO2W
GI01SUMO-RII11-02-PCO2WC051,power_on_invalid,power_on_invalid,,,,1,GI01SUMO,RII11,PCO2W
GI01SUMO-RII11-02-PCO2WC051,record_length,record_length,,,,1,GI01SUMO,RII11,PCO2W
GI01SUMO-RII11-02-PCO2WC051,time,time,,,ENG,seconds since 1900-01-01,GI01SUMO,RII11,PCO2W
GI01SUMO-RII11-02-PCO2WC051,ingestion_timestamp,ingestion_timestamp,,,ENG,seconds since 1900-01-01,GI01SUMO,RII11,PCO2W
GI01SUMO-RII11-02-PCO2WC051,absorbance_ratio_434,absorbance_ratio_434,0,100000,L0,counts,GI01SUMO,RII11,PCO2W
GI01SUMO-RII11-02-PCO2WC051,absorbance_ratio_620,absorbance_ratio_620,0,100000,L0,counts,GI01SUMO,RII11,PCO2W
GI01SUMO-RII11-02-PCO2WC051,absorbance_blank_434,absorbance_blank_434,,,L0,1,GI01SUMO,RII11,PCO2W
GI01SUMO-RII11-02-PCO2WC051,absorbance_blank_620,absorbance_blank_620,,,L0,1,GI01SUMO,RII11,PCO2W
GI01SUMO-RII11-02-PCO2WC051,pco2w_thermistor_temperature,pco2w_thermistor_temperature,-2,40,,deg_C,GI01SUMO,RII11,PCO2W
GI01SUMO-RII11-02-PCO2WC051,pco2_seawater,pco2_seawater,100,600,L1,uatm,GI01SUMO,RII11,PCO2W
GI01SUMO-RII11-02-PCO2WC052,instrument_id,instrument_id,,,ENG,1,GI01SUMO,RII11,PCO2W
GI01SUMO-RII11-02-PCO2WC052,driver_timestamp,driver_timestamp,,,ENG,seconds since 1900-01-01,GI01SUMO,RII11,PCO2W
GI01SUMO-RII11-02-PCO2WC052,external_device2_fault,external_device2_fault,,,,1,GI01SUMO,RII11,PCO2W
GI01SUMO-RII11-02-PCO2WC052,external_device3_fault,external_device3_fault,,,,1,GI01SUMO,RII11,PCO2W
GI01SUMO-RII11-02-PCO2WC052,num_data_records,num_data_records,,,,1,GI01SUMO,RII11,PCO2W
GI01SUMO-RII11-02-PCO2WC052,num_error_records,num_error_records,,,,1,GI01SUMO,RII11,PCO2W
GI01SUMO-RII11-02-PCO2WC052,num_bytes_stored,num_bytes_stored,,,,bytes,GI01SUMO,RII11,PCO2W
GI01SUMO-RII11-02-PCO2WC052,internal_timestamp,internal_timestamp,,,ENG,seconds since 1900-01-01,GI01SUMO,RII11,PCO2W
GI01SUMO-RII11-02-PCO2WC052,preferred_timestamp,preferred_timestamp,,,ENG,1,GI01SUMO,RII11,PCO2W
GI01SUMO-RII11-02-PCO2WC052,num_samples,num_samples,,,,counts,GI01SUMO,RII11,PCO2W
GI01SUMO-RII11-02-PCO2WC052,passed_checksum,passed_checksum,,,ENG,1,GI01SUMO,RII11,PCO2W
GI01SUMO-RII11-02-PCO2WC052,num_events,num_events,,,,counts,GI01SUMO,RII11,PCO2W
GI01SUMO-RII11-02-PCO2WC052,voltage_flt32,voltage_flt32,,,,V,GI01SUMO,RII11,PCO2W
GI01SUMO-RII11-02-PCO2WC052,blank_light_measurements,blank_light_measurements,,,,counts,GI01SUMO,RII11,PCO2W
GI01SUMO-RII11-02-PCO2WC052,battery_low_blank,battery_low_blank,,,,1,GI01SUMO,RII11,PCO2W
GI01SUMO-RII11-02-PCO2WC052,file_time,file_time,,,,1,GI01SUMO,RII11,PCO2W
GI01SUMO-RII11-02-PCO2WC052,serial_number,serial_number,,,ENG,1,GI01SUMO,RII11,PCO2W
GI01SUMO-RII11-02-PCO2WC052,unique_id,unique_id,,,,1,GI01SUMO,RII11,PCO2W
GI01SUMO-RII11-02-PCO2WC052,record_type,record_type,,,,1,GI01SUMO,RII11,PCO2W
GI01SUMO-RII11-02-PCO2WC052,record_time,record_time,,,,seconds since 1904-01-01,GI01SUMO,RII11,PCO2W
GI01SUMO-RII11-02-PCO2WC052,light_measurements,light_measurements,,,,counts,GI01SUMO,RII11,PCO2W
GI01SUMO-RII11-02-PCO2WC052,voltage_battery,voltage_battery,,,,counts,GI01SUMO,RII11,PCO2W
GI01SUMO-RII11-02-PCO2WC052,thermistor_raw,thermistor_raw,,,L0,V,GI01SUMO,RII11,PCO2W
GI01SUMO-RII11-02-PCO2WC052,clock_active,clock_active,,,,1,GI01SUMO,RII11,PCO2W
GI01SUMO-RII11-02-PCO2WC052,recording_active,recording_active,,,,1,GI01SUMO,RII11,PCO2W
GI01SUMO-RII11-02-PCO2WC052,record_end_on_time,record_end_on_time,,,,1,GI01SUMO,RII11,PCO2W
GI01SUMO-RII11-02-PCO2WC052,record_memory_full,record_memory_full,,,,1,GI01SUMO,RII11,PCO2W
GI01SUMO-RII11-02-PCO2WC052,record_end_on_error,record_end_on_error,,,,1,GI01SUMO,RII11,PCO2W
GI01SUMO-RII11-02-PCO2WC052,data_download_ok,data_download_ok,,,,1,GI01SUMO,RII11,PCO2W
GI01SUMO-RII11-02-PCO2WC052,flash_memory_open,flash_memory_open,,,,1,GI01SUMO,RII11,PCO2W
GI01SUMO-RII11-02-PCO2WC052,battery_low_prestart,battery_low_prestart,,,,1,GI01SUMO,RII11,PCO2W
GI01SUMO-RII11-02-PCO2WC052,battery_low_measurement,battery_low_measurement,,,,1,GI01SUMO,RII11,PCO2W
GI01SUMO-RII11-02-PCO2WC052,battery_low_external,battery_low_external,,,,1,GI01SUMO,RII11,PCO2W
GI01SUMO-RII11-02-PCO2WC052,external_device1_fault,external_device1_fault,,,,1,GI01SUMO,RII11,PCO2W
GI01SUMO-RII11-02-PCO2WC052,flash_erased,flash_erased,,,,1,GI01SUMO,RII11,PCO2W
GI01SUMO-RII11-02-PCO2WC052,power_on_invalid,power_on_invalid,,,,1,GI01SUMO,RII11,PCO2W
GI01SUMO-RII11-02-PCO2WC052,record_length,record_length,,,,1,GI01SUMO,RII11,PCO2W
GI01SUMO-RII11-02-PCO2WC052,time,time,,,ENG,seconds since 1900-01-01,GI01SUMO,RII11,PCO2W
GI01SUMO-RII11-02-PCO2WC052,ingestion_timestamp,ingestion_timestamp,,,ENG,seconds since 1900-01-01,GI01SUMO,RII11,PCO2W
GI01SUMO-RII11-02-PCO2WC052,absorbance_ratio_434,absorbance_ratio_434,0,100000,L0,counts,GI01SUMO,RII11,PCO2W
GI01SUMO-RII11-02-PCO2WC052,absorbance_ratio_620,absorbance_ratio_620,0,100000,L0,counts,GI01SUMO,RII11,PCO2W
GI01SUMO-RII11-02-PCO2WC052,absorbance_blank_434,absorbance_blank_434,,,L0,1,GI01SUMO,RII11,PCO2W
GI01SUMO-RII11-02-PCO2WC052,absorbance_blank_620,absorbance_blank_620,,,L0,1,GI01SUMO,RII11,PCO2W
GI01SUMO-RII11-02-PCO2WC052,pco2w_thermistor_temperature,pco2w_thermistor_temperature,-2,40,,deg_C,GI01SUMO,RII11,PCO2W
GI01SUMO-RII11-02-PCO2WC052,pco2_seawater,pco2_seawater,100,600,L1,uatm,GI01SUMO,RII11,PCO2W
GI01SUMO-RII11-02-PCO2WC053,instrument_id,instrument_id,,,ENG,1,GI01SUMO,RII11,PCO2W
GI01SUMO-RII11-02-PCO2WC053,driver_timestamp,driver_timestamp,,,ENG,seconds since 1900-01-01,GI01SUMO,RII11,PCO2W
GI01SUMO-RII11-02-PCO2WC053,external_device2_fault,external_device2_fault,,,,1,GI01SUMO,RII11,PCO2W
GI01SUMO-RII11-02-PCO2WC053,external_device3_fault,external_device3_fault,,,,1,GI01SUMO,RII11,PCO2W
GI01SUMO-RII11-02-PCO2WC053,num_data_records,num_data_records,,,,1,GI01SUMO,RII11,PCO2W
GI01SUMO-RII11-02-PCO2WC053,num_error_records,num_error_records,,,,1,GI01SUMO,RII11,PCO2W
GI01SUMO-RII11-02-PCO2WC053,num_bytes_stored,num_bytes_stored,,,,bytes,GI01SUMO,RII11,PCO2W
GI01SUMO-RII11-02-PCO2WC053,internal_timestamp,internal_timestamp,,,ENG,seconds since 1900-01-01,GI01SUMO,RII11,PCO2W
GI01SUMO-RII11-02-PCO2WC053,preferred_timestamp,preferred_timestamp,,,ENG,1,GI01SUMO,RII11,PCO2W
GI01SUMO-RII11-02-PCO2WC053,num_samples,num_samples,,,,counts,GI01SUMO,RII11,PCO2W
GI01SUMO-RII11-02-PCO2WC053,passed_checksum,passed_checksum,,,ENG,1,GI01SUMO,RII11,PCO2W
GI01SUMO-RII11-02-PCO2WC053,num_events,num_events,,,,counts,GI01SUMO,RII11,PCO2W
GI01SUMO-RII11-02-PCO2WC053,voltage_flt32,voltage_flt32,,,,V,GI01SUMO,RII11,PCO2W
GI01SUMO-RII11-02-PCO2WC053,blank_light_measurements,blank_light_measurements,,,,counts,GI01SUMO,RII11,PCO2W
GI01SUMO-RII11-02-PCO2WC053,battery_low_blank,battery_low_blank,,,,1,GI01SUMO,RII11,PCO2W
GI01SUMO-RII11-02-PCO2WC053,file_time,file_time,,,,1,GI01SUMO,RII11,PCO2W
GI01SUMO-RII11-02-PCO2WC053,serial_number,serial_number,,,ENG,1,GI01SUMO,RII11,PCO2W
GI01SUMO-RII11-02-PCO2WC053,unique_id,unique_id,,,,1,GI01SUMO,RII11,PCO2W
GI01SUMO-RII11-02-PCO2WC053,record_type,record_type,,,,1,GI01SUMO,RII11,PCO2W
GI01SUMO-RII11-02-PCO2WC053,record_time,record_time,,,,seconds since 1904-01-01,GI01SUMO,RII11,PCO2W
GI01SUMO-RII11-02-PCO2WC053,light_measurements,light_measurements,,,,counts,GI01SUMO,RII11,PCO2W
GI01SUMO-RII11-02-PCO2WC053,voltage_battery,voltage_battery,,,,counts,GI01SUMO,RII11,PCO2W
GI01SUMO-RII11-02-PCO2WC053,thermistor_raw,thermistor_raw,,,L0,V,GI01SUMO,RII11,PCO2W
GI01SUMO-RII11-02-PCO2WC053,clock_active,clock_active,,,,1,GI01SUMO,RII11,PCO2W
GI01SUMO-RII11-02-PCO2WC053,recording_active,recording_active,,,,1,GI01SUMO,RII11,PCO2W
GI01SUMO-RII11-02-PCO2WC053,record_end_on_time,record_end_on_time,,,,1,GI01SUMO,RII11,PCO2W
GI01SUMO-RII11-02-PCO2WC053,record_memory_full,record_memory_full,,,,1,GI01SUMO,RII11,PCO2W
GI01SUMO-RII11-02-PCO2WC053,record_end_on_error,record_end_on_error,,,,1,GI01SUMO,RII11,PCO2W
GI01SUMO-RII11-02-PCO2WC053,data_download_ok,data_download_ok,,,,1,GI01SUMO,RII11,PCO2W
GI01SUMO-RII11-02-PCO2WC053,flash_memory_open,flash_memory_open,,,,1,GI01SUMO,RII11,PCO2W
GI01SUMO-RII11-02-PCO2WC053,battery_low_prestart,battery_low_prestart,,,,1,GI01SUMO,RII11,PCO2W
GI01SUMO-RII11-02-PCO2WC053,battery_low_measurement,battery_low_measurement,,,,1,GI01SUMO,RII11,PCO2W
GI01SUMO-RII11-02-PCO2WC053,battery_low_external,battery_low_external,,,,1,GI01SUMO,RII11,PCO2W
GI01SUMO-RII11-02-PCO2WC053,external_device1_fault,external_device1_fault,,,,1,GI01SUMO,RII11,PCO2W
GI01SUMO-RII11-02-PCO2WC053,flash_erased,flash_erased,,,,1,GI01SUMO,RII11,PCO2W
GI01SUMO-RII11-02-PCO2WC053,power_on_invalid,power_on_invalid,,,,1,GI01SUMO,RII11,PCO2W
GI01SUMO-RII11-02-PCO2WC053,record_length,record_length,,,,1,GI01SUMO,RII11,PCO2W
GI01SUMO-RII11-02-PCO2WC053,time,time,,,ENG,seconds since 1900-01-01,GI01SUMO,RII11,PCO2W
GI01SUMO-RII11-02-PCO2WC053,ingestion_timestamp,ingestion_timestamp,,,ENG,seconds since 1900-01-01,GI01SUMO,RII11,PCO2W
GI01SUMO-RII11-02-PCO2WC053,absorbance_ratio_434,absorbance_ratio_434,0,100000,L0,counts,GI01SUMO,RII11,PCO2W
GI01SUMO-RII11-02-PCO2WC053,absorbance_ratio_620,absorbance_ratio_620,0,100000,L0,counts,GI01SUMO,RII11,PCO2W
GI01SUMO-RII11-02-PCO2WC053,absorbance_blank_434,absorbance_blank_434,,,L0,1,GI01SUMO,RII11,PCO2W
GI01SUMO-RII11-02-PCO2WC053,absorbance_blank_620,absorbance_blank_620,,,L0,1,GI01SUMO,RII11,PCO2W
GI01SUMO-RII11-02-PCO2WC053,pco2w_thermistor_temperature,pco2w_thermistor_temperature,-2,40,,deg_C,GI01SUMO,RII11,PCO2W
GI01SUMO-RII11-02-PCO2WC053,pco2_seawater,pco2_seawater,100,600,L1,uatm,GI01SUMO,RII11,PCO2W
GI01SUMO-RII11-02-PHSENE041,instrument_id,instrument_id,,,ENG,1,GI01SUMO,RII11,PHSEN
GI01SUMO-RII11-02-PHSENE041,driver_timestamp,driver_timestamp,,,ENG,seconds since 1900-01-01,GI01SUMO,RII11,PHSEN
GI01SUMO-RII11-02-PHSENE041,external_device2_fault,external_device2_fault,,,,1,GI01SUMO,RII11,PHSEN
GI01SUMO-RII11-02-PHSENE041,external_device3_fault,external_device3_fault,,,,1,GI01SUMO,RII11,PHSEN
GI01SUMO-RII11-02-PHSENE041,num_data_records,num_data_records,,,,1,GI01SUMO,RII11,PHSEN
GI01SUMO-RII11-02-PHSENE041,num_error_records,num_error_records,,,,1,GI01SUMO,RII11,PHSEN
GI01SUMO-RII11-02-PHSENE041,num_bytes_stored,num_bytes_stored,,,,bytes,GI01SUMO,RII11,PHSEN
GI01SUMO-RII11-02-PHSENE041,internal_timestamp,internal_timestamp,,,ENG,seconds since 1900-01-01,GI01SUMO,RII11,PHSEN
GI01SUMO-RII11-02-PHSENE041,preferred_timestamp,preferred_timestamp,,,ENG,1,GI01SUMO,RII11,PHSEN
GI01SUMO-RII11-02-PHSENE041,num_samples,num_samples,,,,counts,GI01SUMO,RII11,PHSEN
GI01SUMO-RII11-02-PHSENE041,passed_checksum,passed_checksum,,,ENG,1,GI01SUMO,RII11,PHSEN
GI01SUMO-RII11-02-PHSENE041,num_events,num_events,,,,counts,GI01SUMO,RII11,PHSEN
GI01SUMO-RII11-02-PHSENE041,voltage_flt32,voltage_flt32,,,,V,GI01SUMO,RII11,PHSEN
GI01SUMO-RII11-02-PHSENE041,phsen_abcdef_ph_seawater,phsen_abcdef_ph_seawater,7.3,8.5,L1,(unitless),GI01SUMO,RII11,PHSEN
GI01SUMO-RII11-02-PHSENE041,battery_low_blank,battery_low_blank,,,,1,GI01SUMO,RII11,PHSEN
GI01SUMO-RII11-02-PHSENE041,file_time,file_time,,,,1,GI01SUMO,RII11,PHSEN
GI01SUMO-RII11-02-PHSENE041,serial_number,serial_number,,,ENG,1,GI01SUMO,RII11,PHSEN
GI01SUMO-RII11-02-PHSENE041,unique_id,unique_id,,,,1,GI01SUMO,RII11,PHSEN
GI01SUMO-RII11-02-PHSENE041,record_type,record_type,,,,1,GI01SUMO,RII11,PHSEN
GI01SUMO-RII11-02-PHSENE041,record_time,record_time,,,,seconds since 1904-01-01,GI01SUMO,RII11,PHSEN
GI01SUMO-RII11-02-PHSENE041,light_measurements,light_measurements,,,,counts,GI01SUMO,RII11,PHSEN
GI01SUMO-RII11-02-PHSENE041,voltage_battery,voltage_battery,,,,counts,GI01SUMO,RII11,PHSEN
GI01SUMO-RII11-02-PHSENE041,clock_active,clock_active,,,,1,GI01SUMO,RII11,PHSEN
GI01SUMO-RII11-02-PHSENE041,recording_active,recording_active,,,,1,GI01SUMO,RII11,PHSEN
GI01SUMO-RII11-02-PHSENE041,record_end_on_time,record_end_on_time,,,,1,GI01SUMO,RII11,PHSEN
GI01SUMO-RII11-02-PHSENE041,record_memory_full,record_memory_full,,,,1,GI01SUMO,RII11,PHSEN
GI01SUMO-RII11-02-PHSENE041,phsen_abcdef_signal_intensity_434,phsen_abcdef_signal_intensity_434,,,L0,counts,GI01SUMO,RII11,PHSEN
GI01SUMO-RII11-02-PHSENE041,phsen_abcdef_signal_intensity_578,phsen_abcdef_signal_intensity_578,,,L0,counts,GI01SUMO,RII11,PHSEN
GI01SUMO-RII11-02-PHSENE041,record_end_on_error,record_end_on_error,,,,1,GI01SUMO,RII11,PHSEN
GI01SUMO-RII11-02-PHSENE041,data_download_ok,data_download_ok,,,,1,GI01SUMO,RII11,PHSEN
GI01SUMO-RII11-02-PHSENE041,flash_memory_open,flash_memory_open,,,,1,GI01SUMO,RII11,PHSEN
GI01SUMO-RII11-02-PHSENE041,battery_low_prestart,battery_low_prestart,,,,1,GI01SUMO,RII11,PHSEN
GI01SUMO-RII11-02-PHSENE041,battery_low_measurement,battery_low_measurement,,,,1,GI01SUMO,RII11,PHSEN
GI01SUMO-RII11-02-PHSENE041,battery_low_external,battery_low_external,,,,1,GI01SUMO,RII11,PHSEN
GI01SUMO-RII11-02-PHSENE041,external_device1_fault,external_device1_fault,,,,1,GI01SUMO,RII11,PHSEN
GI01SUMO-RII11-02-PHSENE041,flash_erased,flash_erased,,,,1,GI01SUMO,RII11,PHSEN
GI01SUMO-RII11-02-PHSENE041,power_on_invalid,power_on_invalid,,,,1,GI01SUMO,RII11,PHSEN
GI01SUMO-RII11-02-PHSENE041,record_length,record_length,,,,1,GI01SUMO,RII11,PHSEN
GI01SUMO-RII11-02-PHSENE041,time,time,,,ENG,seconds since 1900-01-01,GI01SUMO,RII11,PHSEN
GI01SUMO-RII11-02-PHSENE041,ingestion_timestamp,ingestion_timestamp,,,ENG,seconds since 1900-01-01,GI01SUMO,RII11,PHSEN
GI01SUMO-RII11-02-PHSENE041,thermistor_start,thermistor_start,,,,counts,GI01SUMO,RII11,PHSEN
GI01SUMO-RII11-02-PHSENE041,reference_light_measurements,reference_light_measurements,,,,counts,GI01SUMO,RII11,PHSEN
GI01SUMO-RII11-02-PHSENE041,thermistor_end,thermistor_end,,,,counts,GI01SUMO,RII11,PHSEN
GI01SUMO-RII11-02-PHSENE041,phsen_thermistor_temperature,phsen_thermistor_temperature,,,L0,V,GI01SUMO,RII11,PHSEN
GI01SUMO-RII11-02-PHSENE042,instrument_id,instrument_id,,,ENG,1,GI01SUMO,RII11,PHSEN
GI01SUMO-RII11-02-PHSENE042,driver_timestamp,driver_timestamp,,,ENG,seconds since 1900-01-01,GI01SUMO,RII11,PHSEN
GI01SUMO-RII11-02-PHSENE042,external_device2_fault,external_device2_fault,,,,1,GI01SUMO,RII11,PHSEN
GI01SUMO-RII11-02-PHSENE042,external_device3_fault,external_device3_fault,,,,1,GI01SUMO,RII11,PHSEN
GI01SUMO-RII11-02-PHSENE042,num_data_records,num_data_records,,,,1,GI01SUMO,RII11,PHSEN
GI01SUMO-RII11-02-PHSENE042,num_error_records,num_error_records,,,,1,GI01SUMO,RII11,PHSEN
GI01SUMO-RII11-02-PHSENE042,num_bytes_stored,num_bytes_stored,,,,bytes,GI01SUMO,RII11,PHSEN
GI01SUMO-RII11-02-PHSENE042,internal_timestamp,internal_timestamp,,,ENG,seconds since 1900-01-01,GI01SUMO,RII11,PHSEN
GI01SUMO-RII11-02-PHSENE042,preferred_timestamp,preferred_timestamp,,,ENG,1,GI01SUMO,RII11,PHSEN
GI01SUMO-RII11-02-PHSENE042,num_samples,num_samples,,,,counts,GI01SUMO,RII11,PHSEN
GI01SUMO-RII11-02-PHSENE042,passed_checksum,passed_checksum,,,ENG,1,GI01SUMO,RII11,PHSEN
GI01SUMO-RII11-02-PHSENE042,num_events,num_events,,,,counts,GI01SUMO,RII11,PHSEN
GI01SUMO-RII11-02-PHSENE042,voltage_flt32,voltage_flt32,,,,V,GI01SUMO,RII11,PHSEN
GI01SUMO-RII11-02-PHSENE042,phsen_abcdef_ph_seawater,phsen_abcdef_ph_seawater,7.3,8.5,L1,(unitless),GI01SUMO,RII11,PHSEN
GI01SUMO-RII11-02-PHSENE042,battery_low_blank,battery_low_blank,,,,1,GI01SUMO,RII11,PHSEN
GI01SUMO-RII11-02-PHSENE042,file_time,file_time,,,,1,GI01SUMO,RII11,PHSEN
GI01SUMO-RII11-02-PHSENE042,serial_number,serial_number,,,ENG,1,GI01SUMO,RII11,PHSEN
GI01SUMO-RII11-02-PHSENE042,unique_id,unique_id,,,,1,GI01SUMO,RII11,PHSEN
GI01SUMO-RII11-02-PHSENE042,record_type,record_type,,,,1,GI01SUMO,RII11,PHSEN
GI01SUMO-RII11-02-PHSENE042,record_time,record_time,,,,seconds since 1904-01-01,GI01SUMO,RII11,PHSEN
GI01SUMO-RII11-02-PHSENE042,light_measurements,light_measurements,,,,counts,GI01SUMO,RII11,PHSEN
GI01SUMO-RII11-02-PHSENE042,voltage_battery,voltage_battery,,,,counts,GI01SUMO,RII11,PHSEN
GI01SUMO-RII11-02-PHSENE042,clock_active,clock_active,,,,1,GI01SUMO,RII11,PHSEN
GI01SUMO-RII11-02-PHSENE042,recording_active,recording_active,,,,1,GI01SUMO,RII11,PHSEN
GI01SUMO-RII11-02-PHSENE042,record_end_on_time,record_end_on_time,,,,1,GI01SUMO,RII11,PHSEN
GI01SUMO-RII11-02-PHSENE042,record_memory_full,record_memory_full,,,,1,GI01SUMO,RII11,PHSEN
GI01SUMO-RII11-02-PHSENE042,phsen_abcdef_signal_intensity_434,phsen_abcdef_signal_intensity_434,,,L0,counts,GI01SUMO,RII11,PHSEN
GI01SUMO-RII11-02-PHSENE042,phsen_abcdef_signal_intensity_578,phsen_abcdef_signal_intensity_578,,,L0,counts,GI01SUMO,RII11,PHSEN
GI01SUMO-RII11-02-PHSENE042,record_end_on_error,record_end_on_error,,,,1,GI01SUMO,RII11,PHSEN
GI01SUMO-RII11-02-PHSENE042,data_download_ok,data_download_ok,,,,1,GI01SUMO,RII11,PHSEN
GI01SUMO-RII11-02-PHSENE042,flash_memory_open,flash_memory_open,,,,1,GI01SUMO,RII11,PHSEN
GI01SUMO-RII11-02-PHSENE042,battery_low_prestart,battery_low_prestart,,,,1,GI01SUMO,RII11,PHSEN
GI01SUMO-RII11-02-PHSENE042,battery_low_measurement,battery_low_measurement,,,,1,GI01SUMO,RII11,PHSEN
GI01SUMO-RII11-02-PHSENE042,battery_low_external,battery_low_external,,,,1,GI01SUMO,RII11,PHSEN
GI01SUMO-RII11-02-PHSENE042,external_device1_fault,external_device1_fault,,,,1,GI01SUMO,RII11,PHSEN
GI01SUMO-RII11-02-PHSENE042,flash_erased,flash_erased,,,,1,GI01SUMO,RII11,PHSEN
GI01SUMO-RII11-02-PHSENE042,power_on_invalid,power_on_invalid,,,,1,GI01SUMO,RII11,PHSEN
GI01SUMO-RII11-02-PHSENE042,record_length,record_length,,,,1,GI01SUMO,RII11,PHSEN
GI01SUMO-RII11-02-PHSENE042,time,time,,,ENG,seconds since 1900-01-01,GI01SUMO,RII11,PHSEN
GI01SUMO-RII11-02-PHSENE042,ingestion_timestamp,ingestion_timestamp,,,ENG,seconds since 1900-01-01,GI01SUMO,RII11,PHSEN
GI01SUMO-RII11-02-PHSENE042,thermistor_start,thermistor_start,,,,counts,GI01SUMO,RII11,PHSEN
GI01SUMO-RII11-02-PHSENE042,reference_light_measurements,reference_light_measurements,,,,counts,GI01SUMO,RII11,PHSEN
GI01SUMO-RII11-02-PHSENE042,thermistor_end,thermistor_end,,,,counts,GI01SUMO,RII11,PHSEN
GI01SUMO-RII11-02-PHSENE042,phsen_thermistor_temperature,phsen_thermistor_temperature,,,L0,V,GI01SUMO,RII11,PHSEN
GI01SUMO-SBD11-01-MOPAK0000,driver_timestamp,driver_timestamp,,,ENG,seconds since 1900-01-01,GI01SUMO,SBD11,MOPAK
GI01SUMO-SBD11-01-MOPAK0000,internal_timestamp,internal_timestamp,,,ENG,seconds since 1900-01-01,GI01SUMO,SBD11,MOPAK
GI01SUMO-SBD11-01-MOPAK0000,mopak_accelx,mopak_accelx,,,ENG,g0,GI01SUMO,SBD11,MOPAK
GI01SUMO-SBD11-01-MOPAK0000,mopak_accely,mopak_accely,,,ENG,g0,GI01SUMO,SBD11,MOPAK
GI01SUMO-SBD11-01-MOPAK0000,mopak_accelz,mopak_accelz,,,ENG,g0,GI01SUMO,SBD11,MOPAK
GI01SUMO-SBD11-01-MOPAK0000,mopak_ang_ratex,mopak_ang_ratex,,,ENG,rad s-1,GI01SUMO,SBD11,MOPAK
GI01SUMO-SBD11-01-MOPAK0000,mopak_ang_ratey,mopak_ang_ratey,,,ENG,rad s-1,GI01SUMO,SBD11,MOPAK
GI01SUMO-SBD11-01-MOPAK0000,preferred_timestamp,preferred_timestamp,,,ENG,1,GI01SUMO,SBD11,MOPAK
GI01SUMO-SBD11-01-MOPAK0000,mopak_ang_ratez,mopak_ang_ratez,,,ENG,rad s-1,GI01SUMO,SBD11,MOPAK
GI01SUMO-SBD11-01-MOPAK0000,mopak_magx,mopak_magx,,,ENG,Gs,GI01SUMO,SBD11,MOPAK
GI01SUMO-SBD11-01-MOPAK0000,mopak_magy,mopak_magy,,,ENG,Gs,GI01SUMO,SBD11,MOPAK
GI01SUMO-SBD11-01-MOPAK0000,mopak_magz,mopak_magz,,,ENG,Gs,GI01SUMO,SBD11,MOPAK
GI01SUMO-SBD11-01-MOPAK0000,mopak_timer,mopak_timer,,,ENG,counts,GI01SUMO,SBD11,MOPAK
GI01SUMO-SBD11-01-MOPAK0000,mopak_roll,mopak_roll,,,ENG,degrees,GI01SUMO,SBD11,MOPAK
GI01SUMO-SBD11-01-MOPAK0000,mopak_pitch,mopak_pitch,,,ENG,degrees,GI01SUMO,SBD11,MOPAK
GI01SUMO-SBD11-01-MOPAK0000,mopak_yaw,mopak_yaw,,,ENG,degrees,GI01SUMO,SBD11,MOPAK
GI01SUMO-SBD11-01-MOPAK0000,time,time,,,ENG,seconds since 1900-01-01,GI01SUMO,SBD11,MOPAK
GI01SUMO-SBD11-01-MOPAK0000,ingestion_timestamp,ingestion_timestamp,,,ENG,seconds since 1900-01-01,GI01SUMO,SBD11,MOPAK
GI01SUMO-SBD11-03-HYDGN00,driver_timestamp,driver_timestamp,,,ENG,seconds since 1900-01-01,GI01SUMO,SBD11,HYDGN
GI01SUMO-SBD11-03-HYDGN00,internal_timestamp,internal_timestamp,,,ENG,seconds since 1900-01-01,GI01SUMO,SBD11,HYDGN
GI01SUMO-SBD11-03-HYDGN00,preferred_timestamp,preferred_timestamp,,,ENG,1,GI01SUMO,SBD11,HYDGN
GI01SUMO-SBD11-03-HYDGN00,dcl_controller_timestamp,dcl_controller_timestamp,,,ENG,1,GI01SUMO,SBD11,HYDGN
GI01SUMO-SBD11-03-HYDGN00,hyd_raw,hyd_raw,,,AUX,counts,GI01SUMO,SBD11,HYDGN
GI01SUMO-SBD11-03-HYDGN00,hyd_percent,hyd_percent,,,AUX,Percentage,GI01SUMO,SBD11,HYDGN
GI01SUMO-SBD11-03-HYDGN00,time,time,,,ENG,seconds since 1900-01-01,GI01SUMO,SBD11,HYDGN
GI01SUMO-SBD11-03-HYDGN00,ingestion_timestamp,ingestion_timestamp,,,ENG,seconds since 1900-01-01,GI01SUMO,SBD11,HYDGN
GI01SUMO-SBD11-04-DOSTAD000,product_number,product_number,,,,1,GI01SUMO,SBD11,DOSTA
GI01SUMO-SBD11-04-DOSTAD000,driver_timestamp,driver_timestamp,,,ENG,seconds since 1900-01-01,GI01SUMO,SBD11,DOSTA
GI01SUMO-SBD11-04-DOSTAD000,internal_timestamp,internal_timestamp,,,ENG,seconds since 1900-01-01,GI01SUMO,SBD11,DOSTA
GI01SUMO-SBD11-04-DOSTAD000,preferred_timestamp,preferred_timestamp,,,ENG,1,GI01SUMO,SBD11,DOSTA
GI01SUMO-SBD11-04-DOSTAD000,dcl_controller_timestamp,dcl_controller_timestamp,,,ENG,1,GI01SUMO,SBD11,DOSTA
GI01SUMO-SBD11-04-DOSTAD000,dosta_abcdjm_cspp_tc_oxygen,dosta_abcdjm_cspp_tc_oxygen,0,400,L1,umol L-1,GI01SUMO,SBD11,DOSTA
GI01SUMO-SBD11-04-DOSTAD000,serial_number,serial_number,,,ENG,1,GI01SUMO,SBD11,DOSTA
GI01SUMO-SBD11-04-DOSTAD000,dosta_abcdjm_dcl_abs_oxygen,dosta_abcdjm_dcl_abs_oxygen,0,400,L2,umol kg-1,GI01SUMO,SBD11,DOSTA
GI01SUMO-SBD11-04-DOSTAD000,dosta_abcdjm_dcl_metbk_abs_oxygen,dosta_abcdjm_dcl_metbk_abs_oxygen,0,400,L2,umol kg-1,GI01SUMO,SBD11,DOSTA
GI01SUMO-SBD11-04-DOSTAD000,dosta_abcdjm_dcl_ctdbp_abs_oxygen,dosta_abcdjm_dcl_ctdbp_abs_oxygen,0,400,L2,umol kg-1,GI01SUMO,SBD11,DOSTA
GI01SUMO-SBD11-04-DOSTAD000,time,time,,,ENG,seconds since 1900-01-01,GI01SUMO,SBD11,DOSTA
GI01SUMO-SBD11-04-DOSTAD000,ingestion_timestamp,ingestion_timestamp,,,ENG,seconds since 1900-01-01,GI01SUMO,SBD11,DOSTA
GI01SUMO-SBD11-04-DOSTAD000,estimated_oxygen_concentration,estimated_oxygen_concentration,0,400,L1,umol L-1,GI01SUMO,SBD11,DOSTA
GI01SUMO-SBD11-04-DOSTAD000,estimated_oxygen_saturation,estimated_oxygen_saturation,0,110,L1,percent,GI01SUMO,SBD11,DOSTA
GI01SUMO-SBD11-04-DOSTAD000,optode_temperature,optode_temperature,-2,40,,deg_C,GI01SUMO,SBD11,DOSTA
GI01SUMO-SBD11-04-DOSTAD000,calibrated_phase,calibrated_phase,,,L0,degrees,GI01SUMO,SBD11,DOSTA
GI01SUMO-SBD11-04-DOSTAD000,temp_compensated_phase,temp_compensated_phase,,,,degrees,GI01SUMO,SBD11,DOSTA
GI01SUMO-SBD11-04-DOSTAD000,blue_phase,blue_phase,,,,degrees,GI01SUMO,SBD11,DOSTA
GI01SUMO-SBD11-04-DOSTAD000,red_phase,red_phase,,,,degrees,GI01SUMO,SBD11,DOSTA
GI01SUMO-SBD11-04-DOSTAD000,blue_amplitude,blue_amplitude,,,,mV,GI01SUMO,SBD11,DOSTA
GI01SUMO-SBD11-04-DOSTAD000,red_amplitude,red_amplitude,,,,mV,GI01SUMO,SBD11,DOSTA
GI01SUMO-SBD11-04-DOSTAD000,raw_temperature,raw_temperature,,,,mV,GI01SUMO,SBD11,DOSTA
GI01SUMO-SBD11-05-SPKIRB000,instrument_id,instrument_id,,,ENG,1,GI01SUMO,SBD11,SPKIR
GI01SUMO-SBD11-05-SPKIRB000,timer,timer,,,ENG,s,GI01SUMO,SBD11,SPKIR
GI01SUMO-SBD11-05-SPKIRB000,sample_delay,sample_delay,,,ENG,ms,GI01SUMO,SBD11,SPKIR
GI01SUMO-SBD11-05-SPKIRB000,driver_timestamp,driver_timestamp,,,ENG,seconds since 1900-01-01,GI01SUMO,SBD11,SPKIR
GI01SUMO-SBD11-05-SPKIRB000,vin_sense,vin_sense,,,ENG,counts,GI01SUMO,SBD11,SPKIR
GI01SUMO-SBD11-05-SPKIRB000,va_sense,va_sense,,,ENG,counts,GI01SUMO,SBD11,SPKIR
GI01SUMO-SBD11-05-SPKIRB000,internal_temperature,internal_temperature,,,AUX,counts,GI01SUMO,SBD11,SPKIR
GI01SUMO-SBD11-05-SPKIRB000,frame_counter,frame_counter,,,ENG,counts,GI01SUMO,SBD11,SPKIR
GI01SUMO-SBD11-05-SPKIRB000,internal_timestamp,internal_timestamp,,,ENG,seconds since 1900-01-01,GI01SUMO,SBD11,SPKIR
GI01SUMO-SBD11-05-SPKIRB000,preferred_timestamp,preferred_timestamp,,,ENG,1,GI01SUMO,SBD11,SPKIR
GI01SUMO-SBD11-05-SPKIRB000,passed_checksum,passed_checksum,,,ENG,1,GI01SUMO,SBD11,SPKIR
GI01SUMO-SBD11-05-SPKIRB000,channel_array,channel_array,,,L0,counts,GI01SUMO,SBD11,SPKIR
GI01SUMO-SBD11-05-SPKIRB000,dcl_controller_timestamp,dcl_controller_timestamp,,,ENG,1,GI01SUMO,SBD11,SPKIR
GI01SUMO-SBD11-05-SPKIRB000,spkir_abj_cspp_downwelling_vector,spkir_abj_cspp_downwelling_vector,0,300,L1,uW cm-2 nm-1,GI01SUMO,SBD11,SPKIR
GI01SUMO-SBD11-05-SPKIRB000,serial_number,serial_number,,,ENG,1,GI01SUMO,SBD11,SPKIR
GI01SUMO-SBD11-05-SPKIRB000,time,time,,,ENG,seconds since 1900-01-01,GI01SUMO,SBD11,SPKIR
GI01SUMO-SBD11-05-SPKIRB000,ingestion_timestamp,ingestion_timestamp,,,ENG,seconds since 1900-01-01,GI01SUMO,SBD11,SPKIR
GI01SUMO-SBD11-06-METBKA000,port_timestamp,port_timestamp,,,ENG,seconds since 1900-01-01,GI01SUMO,SBD11,METBK
GI01SUMO-SBD11-06-METBKA000,barometric_pressure,barometric_pressure,,,L0,mbar,GI01SUMO,SBD11,METBK
GI01SUMO-SBD11-06-METBKA000,relative_humidity,relative_humidity,0,100,L1,%,GI01SUMO,SBD11,METBK
GI01SUMO-SBD11-06-METBKA000,air_temperature,air_temperature,-50,50,L1,deg_C,GI01SUMO,SBD11,METBK
GI01SUMO-SBD11-06-METBKA000,longwave_irradiance,longwave_irradiance,200,500,L1,W m-2,GI01SUMO,SBD11,METBK
GI01SUMO-SBD11-06-METBKA000,precipitation,precipitation,0,50,L1,mm,GI01SUMO,SBD11,METBK
GI01SUMO-SBD11-06-METBKA000,sea_surface_temperature,sea_surface_temperature,-2,40,L1,deg_C,GI01SUMO,SBD11,METBK
GI01SUMO-SBD11-06-METBKA000,sea_surface_conductivity,sea_surface_conductivity,0,6,L1,S m-1,GI01SUMO,SBD11,METBK
GI01SUMO-SBD11-06-METBKA000,shortwave_irradiance,shortwave_irradiance,0,1000,L1,W m-2,GI01SUMO,SBD11,METBK
GI01SUMO-SBD11-06-METBKA000,eastward_wind_velocity,eastward_wind_velocity,-10,10,L0,m s-1,GI01SUMO,SBD11,METBK
GI01SUMO-SBD11-06-METBKA000,northward_wind_velocity,northward_wind_velocity,-10,10,L0,m s-1,GI01SUMO,SBD11,METBK
GI01SUMO-SBD11-06-METBKA000,driver_timestamp,driver_timestamp,,,ENG,seconds since 1900-01-01,GI01SUMO,SBD11,METBK
GI01SUMO-SBD11-06-METBKA000,internal_timestamp,internal_timestamp,,,ENG,seconds since 1900-01-01,GI01SUMO,SBD11,METBK
GI01SUMO-SBD11-06-METBKA000,preferred_timestamp,preferred_timestamp,,,ENG,1,GI01SUMO,SBD11,METBK
GI01SUMO-SBD11-06-METBKA000,dcl_controller_timestamp,dcl_controller_timestamp,,,ENG,1,GI01SUMO,SBD11,METBK
GI01SUMO-SBD11-06-METBKA000,met_barpres,met_barpres,87000,108330,L1,Pa,GI01SUMO,SBD11,METBK
GI01SUMO-SBD11-06-METBKA000,met_windavg_mag_corr_east,met_windavg_mag_corr_east,-33,33,L1,m s-1,GI01SUMO,SBD11,METBK
GI01SUMO-SBD11-06-METBKA000,met_windavg_mag_corr_north,met_windavg_mag_corr_north,-33,33,L1,m s-1,GI01SUMO,SBD11,METBK
GI01SUMO-SBD11-06-METBKA000,met_current_direction,met_current_direction,0,360,L1,degrees,GI01SUMO,SBD11,METBK
GI01SUMO-SBD11-06-METBKA000,met_current_speed,met_current_speed,-3,3,L1,m s-1,GI01SUMO,SBD11,METBK
GI01SUMO-SBD11-06-METBKA000,met_relwind_direction,met_relwind_direction,0,360,L1,degrees,GI01SUMO,SBD11,METBK
GI01SUMO-SBD11-06-METBKA000,met_relwind_speed,met_relwind_speed,-33,33,L1,m s-1,GI01SUMO,SBD11,METBK
GI01SUMO-SBD11-06-METBKA000,met_timeflx,met_timeflx,,,L1,seconds since 01-01-1900,GI01SUMO,SBD11,METBK
GI01SUMO-SBD11-06-METBKA000,met_netsirr,met_netsirr,0,500,L1,W m-2,GI01SUMO,SBD11,METBK
GI01SUMO-SBD11-06-METBKA000,met_rainrte,met_rainrte,0,50,L2,mm hr-1,GI01SUMO,SBD11,METBK
GI01SUMO-SBD11-06-METBKA000,met_salsurf,met_salsurf,0,42,L2,1,GI01SUMO,SBD11,METBK
GI01SUMO-SBD11-06-METBKA000,met_spechum,met_spechum,0,47,L2,g kg-1,GI01SUMO,SBD11,METBK
GI01SUMO-SBD11-06-METBKA000,met_buoyfls,met_buoyfls,,,L2,W m-2,GI01SUMO,SBD11,METBK
GI01SUMO-SBD11-06-METBKA000,met_buoyflx,met_buoyflx,,,L2,W m-2,GI01SUMO,SBD11,METBK
GI01SUMO-SBD11-06-METBKA000,met_frshflx,met_frshflx,,,L2,mm hr-1,GI01SUMO,SBD11,METBK
GI01SUMO-SBD11-06-METBKA000,met_heatflx,met_heatflx,,,L2,W m-2,GI01SUMO,SBD11,METBK
GI01SUMO-SBD11-06-METBKA000,met_latnflx,met_latnflx,,,L2,W m-2,GI01SUMO,SBD11,METBK
GI01SUMO-SBD11-06-METBKA000,met_mommflx,met_mommflx,,,L2,N m-2,GI01SUMO,SBD11,METBK
GI01SUMO-SBD11-06-METBKA000,met_netlirr,met_netlirr,,,L2,W m-2,GI01SUMO,SBD11,METBK
GI01SUMO-SBD11-06-METBKA000,met_rainflx,met_rainflx,,,L2,W m-2,GI01SUMO,SBD11,METBK
GI01SUMO-SBD11-06-METBKA000,met_sensflx,met_sensflx,,,L2,W m-2,GI01SUMO,SBD11,METBK
GI01SUMO-SBD11-06-METBKA000,met_sphum2m,met_sphum2m,0,47,L2,g kg-1,GI01SUMO,SBD11,METBK
GI01SUMO-SBD11-06-METBKA000,met_stablty,met_stablty,,,L2,1,GI01SUMO,SBD11,METBK
GI01SUMO-SBD11-06-METBKA000,met_tempa2m,met_tempa2m,-50,50,L2,deg_C,GI01SUMO,SBD11,METBK
GI01SUMO-SBD11-06-METBKA000,met_tempskn,met_tempskn,-2,40,L2,degC,GI01SUMO,SBD11,METBK
GI01SUMO-SBD11-06-METBKA000,met_wind10m,met_wind10m,-33,33,L2,m s-1,GI01SUMO,SBD11,METBK
GI01SUMO-SBD11-06-METBKA000,time,time,,,ENG,seconds since 1900-01-01,GI01SUMO,SBD11,METBK
GI01SUMO-SBD11-06-METBKA000,ingestion_timestamp,ingestion_timestamp,,,ENG,seconds since 1900-01-01,GI01SUMO,SBD11,METBK
GI01SUMO-SBD11-08-NUTNRB000,driver_timestamp,driver_timestamp,,,ENG,seconds since 1900-01-01,GI01SUMO,SBD11,NUTNR
GI01SUMO-SBD11-08-NUTNRB000,firmware_version,firmware_version,,,,1,GI01SUMO,SBD11,NUTNR
GI01SUMO-SBD11-08-NUTNRB000,internal_timestamp,internal_timestamp,,,ENG,seconds since 1900-01-01,GI01SUMO,SBD11,NUTNR
GI01SUMO-SBD11-08-NUTNRB000,preferred_timestamp,preferred_timestamp,,,ENG,1,GI01SUMO,SBD11,NUTNR
GI01SUMO-SBD11-08-NUTNRB000,dcl_controller_timestamp,dcl_controller_timestamp,,,ENG,1,GI01SUMO,SBD11,NUTNR
GI01SUMO-SBD11-08-NUTNRB000,startup_time_string,startup_time_string,,,,1,GI01SUMO,SBD11,NUTNR
GI01SUMO-SBD11-08-NUTNRB000,nutnr_b_temp_sal_corrected_nitrate,nutnr_b_temp_sal_corrected_nitrate,0,40,L2,umol L-1,GI01SUMO,SBD11,NUTNR
GI01SUMO-SBD11-08-NUTNRB000,firmware_date,firmware_date,,,,1,GI01SUMO,SBD11,NUTNR
GI01SUMO-SBD11-08-NUTNRB000,frame_header,frame_header,,,,1,GI01SUMO,SBD11,NUTNR
GI01SUMO-SBD11-08-NUTNRB000,frame_type,frame_type,,,,1,GI01SUMO,SBD11,NUTNR
GI01SUMO-SBD11-08-NUTNRB000,serial_number,serial_number,,,ENG,1,GI01SUMO,SBD11,NUTNR
GI01SUMO-SBD11-08-NUTNRB000,date_of_sample,date_of_sample,,,AUX,1,GI01SUMO,SBD11,NUTNR
GI01SUMO-SBD11-08-NUTNRB000,time_of_sample,time_of_sample,,,AUX,h,GI01SUMO,SBD11,NUTNR
GI01SUMO-SBD11-08-NUTNRB000,nitrate_concentration,nitrate_concentration,0,40,L1,umol L-1,GI01SUMO,SBD11,NUTNR
GI01SUMO-SBD11-08-NUTNRB000,aux_fitting_1,aux_fitting_1,,,AUX,1,GI01SUMO,SBD11,NUTNR
GI01SUMO-SBD11-08-NUTNRB000,aux_fitting_2,aux_fitting_2,,,AUX,1,GI01SUMO,SBD11,NUTNR
GI01SUMO-SBD11-08-NUTNRB000,aux_fitting_3,aux_fitting_3,,,AUX,1,GI01SUMO,SBD11,NUTNR
GI01SUMO-SBD11-08-NUTNRB000,rms_error,rms_error,,,AUX,umol L-1,GI01SUMO,SBD11,NUTNR
GI01SUMO-SBD11-08-NUTNRB000,temp_interior,temp_interior,,,AUX,deg_C,GI01SUMO,SBD11,NUTNR
GI01SUMO-SBD11-08-NUTNRB000,temp_spectrometer,temp_spectrometer,,,AUX,deg_C,GI01SUMO,SBD11,NUTNR
GI01SUMO-SBD11-08-NUTNRB000,temp_lamp,temp_lamp,,,AUX,deg_C,GI01SUMO,SBD11,NUTNR
GI01SUMO-SBD11-08-NUTNRB000,humidity,humidity,,,AUX,%,GI01SUMO,SBD11,NUTNR
GI01SUMO-SBD11-08-NUTNRB000,voltage_lamp,voltage_lamp,,,AUX,V,GI01SUMO,SBD11,NUTNR
GI01SUMO-SBD11-08-NUTNRB000,voltage_analog,voltage_analog,,,AUX,V,GI01SUMO,SBD11,NUTNR
GI01SUMO-SBD11-08-NUTNRB000,voltage_main,voltage_main,,,AUX,V,GI01SUMO,SBD11,NUTNR
GI01SUMO-SBD11-08-NUTNRB000,ref_channel_average,ref_channel_average,,,,counts,GI01SUMO,SBD11,NUTNR
GI01SUMO-SBD11-08-NUTNRB000,ref_channel_variance,ref_channel_variance,,,,1,GI01SUMO,SBD11,NUTNR
GI01SUMO-SBD11-08-NUTNRB000,sea_water_dark,sea_water_dark,,,AUX,counts,GI01SUMO,SBD11,NUTNR
GI01SUMO-SBD11-08-NUTNRB000,spec_channel_average,spec_channel_average,,,,counts,GI01SUMO,SBD11,NUTNR
GI01SUMO-SBD11-08-NUTNRB000,spectral_channels,spectral_channels,,,L0,counts,GI01SUMO,SBD11,NUTNR
GI01SUMO-SBD11-08-NUTNRB000,startup_time,startup_time,,,,seconds since 1970-01-01,GI01SUMO,SBD11,NUTNR
GI01SUMO-SBD11-08-NUTNRB000,lamp_time,lamp_time,,,AUX,s,GI01SUMO,SBD11,NUTNR
GI01SUMO-SBD11-08-NUTNRB000,spec_on_time,spec_on_time,,,,seconds since 1970-01-01,GI01SUMO,SBD11,NUTNR
GI01SUMO-SBD11-08-NUTNRB000,spec_powered_time,spec_powered_time,,,,seconds since 1970-01-01,GI01SUMO,SBD11,NUTNR
GI01SUMO-SBD11-08-NUTNRB000,lamp_on_time,lamp_on_time,,,,seconds since 1970-01-01,GI01SUMO,SBD11,NUTNR
GI01SUMO-SBD11-08-NUTNRB000,lamp_powered_time,lamp_powered_time,,,,seconds since 1970-01-01,GI01SUMO,SBD11,NUTNR
GI01SUMO-SBD11-08-NUTNRB000,data_log_file,data_log_file,,,,1,GI01SUMO,SBD11,NUTNR
GI01SUMO-SBD11-08-NUTNRB000,time,time,,,ENG,seconds since 1900-01-01,GI01SUMO,SBD11,NUTNR
GI01SUMO-SBD11-08-NUTNRB000,ingestion_timestamp,ingestion_timestamp,,,ENG,seconds since 1900-01-01,GI01SUMO,SBD11,NUTNR
GI01SUMO-SBD11-08-NUTNRB000,Not in Preload,Not in Preload,,,,,GI01SUMO,SBD11,NUTNR
GI01SUMO-SBD12-01-OPTAAD000,driver_timestamp,driver_timestamp,,,ENG,seconds since 1900-01-01,GI01SUMO,SBD12,OPTAA
GI01SUMO-SBD12-01-OPTAAD000,internal_timestamp,internal_timestamp,,,ENG,seconds since 1900-01-01,GI01SUMO,SBD12,OPTAA
GI01SUMO-SBD12-01-OPTAAD000,preferred_timestamp,preferred_timestamp,,,ENG,1,GI01SUMO,SBD12,OPTAA
GI01SUMO-SBD12-01-OPTAAD000,start_date,start_date,,,,1,GI01SUMO,SBD12,OPTAA
GI01SUMO-SBD12-01-OPTAAD000,serial_number,serial_number,,,ENG,1,GI01SUMO,SBD12,OPTAA
GI01SUMO-SBD12-01-OPTAAD000,optaa_dj_dcl_beam_attenuation,optaa_dj_dcl_beam_attenuation,0,100,L2,m-1,GI01SUMO,SBD12,OPTAA
GI01SUMO-SBD12-01-OPTAAD000,optaa_dj_dcl_optical_absorption,optaa_dj_dcl_optical_absorption,0,100,L2,m-1,GI01SUMO,SBD12,OPTAA
GI01SUMO-SBD12-01-OPTAAD000,packet_type,packet_type,,,,1,GI01SUMO,SBD12,OPTAA
GI01SUMO-SBD12-01-OPTAAD000,meter_type,meter_type,,,,1,GI01SUMO,SBD12,OPTAA
GI01SUMO-SBD12-01-OPTAAD000,a_reference_dark_counts,a_reference_dark_counts,,,,counts,GI01SUMO,SBD12,OPTAA
GI01SUMO-SBD12-01-OPTAAD000,pressure_counts,pressure_counts,,,,counts,GI01SUMO,SBD12,OPTAA
GI01SUMO-SBD12-01-OPTAAD000,a_signal_dark_counts,a_signal_dark_counts,,,,counts,GI01SUMO,SBD12,OPTAA
GI01SUMO-SBD12-01-OPTAAD000,external_temp_raw,external_temp_raw,,,,counts,GI01SUMO,SBD12,OPTAA
GI01SUMO-SBD12-01-OPTAAD000,internal_temp_raw,internal_temp_raw,,,L0,counts,GI01SUMO,SBD12,OPTAA
GI01SUMO-SBD12-01-OPTAAD000,c_reference_dark_counts,c_reference_dark_counts,,,,counts,GI01SUMO,SBD12,OPTAA
GI01SUMO-SBD12-01-OPTAAD000,c_signal_dark_counts,c_signal_dark_counts,,,,counts,GI01SUMO,SBD12,OPTAA
GI01SUMO-SBD12-01-OPTAAD000,elapsed_run_time,elapsed_run_time,,,,ms,GI01SUMO,SBD12,OPTAA
GI01SUMO-SBD12-01-OPTAAD000,num_wavelengths,num_wavelengths,,,,1,GI01SUMO,SBD12,OPTAA
GI01SUMO-SBD12-01-OPTAAD000,c_reference_counts,c_reference_counts,,,L0,counts,GI01SUMO,SBD12,OPTAA
GI01SUMO-SBD12-01-OPTAAD000,a_reference_counts,a_reference_counts,,,L0,counts,GI01SUMO,SBD12,OPTAA
GI01SUMO-SBD12-01-OPTAAD000,c_signal_counts,c_signal_counts,,,L0,counts,GI01SUMO,SBD12,OPTAA
GI01SUMO-SBD12-01-OPTAAD000,a_signal_counts,a_signal_counts,,,L0,counts,GI01SUMO,SBD12,OPTAA
GI01SUMO-SBD12-01-OPTAAD000,time,time,,,ENG,seconds since 1900-01-01,GI01SUMO,SBD12,OPTAA
GI01SUMO-SBD12-01-OPTAAD000,ingestion_timestamp,ingestion_timestamp,,,ENG,seconds since 1900-01-01,GI01SUMO,SBD12,OPTAA
GI01SUMO-SBD12-02-FLORTD000,driver_timestamp,driver_timestamp,,,ENG,seconds since 1900-01-01,GI01SUMO,SBD12,FLORT
GI01SUMO-SBD12-02-FLORTD000,date_string,date_string,,,ENG,1,GI01SUMO,SBD12,FLORT
GI01SUMO-SBD12-02-FLORTD000,time_string,time_string,,,ENG,1,GI01SUMO,SBD12,FLORT
GI01SUMO-SBD12-02-FLORTD000,measurement_wavelength_beta,measurement_wavelength_beta,,,,nm,GI01SUMO,SBD12,FLORT
GI01SUMO-SBD12-02-FLORTD000,raw_signal_beta,raw_signal_beta,,,L0,counts,GI01SUMO,SBD12,FLORT
GI01SUMO-SBD12-02-FLORTD000,measurement_wavelength_chl,measurement_wavelength_chl,,,,nm,GI01SUMO,SBD12,FLORT
GI01SUMO-SBD12-02-FLORTD000,raw_signal_chl,raw_signal_chl,,,L0,counts,GI01SUMO,SBD12,FLORT
GI01SUMO-SBD12-02-FLORTD000,measurement_wavelength_cdom,measurement_wavelength_cdom,,,,nm,GI01SUMO,SBD12,FLORT
GI01SUMO-SBD12-02-FLORTD000,raw_signal_cdom,raw_signal_cdom,,,L0,counts,GI01SUMO,SBD12,FLORT
GI01SUMO-SBD12-02-FLORTD000,raw_internal_temp,raw_internal_temp,,,,counts,GI01SUMO,SBD12,FLORT
GI01SUMO-SBD12-02-FLORTD000,internal_timestamp,internal_timestamp,,,ENG,seconds since 1900-01-01,GI01SUMO,SBD12,FLORT
GI01SUMO-SBD12-02-FLORTD000,preferred_timestamp,preferred_timestamp,,,ENG,1,GI01SUMO,SBD12,FLORT
GI01SUMO-SBD12-02-FLORTD000,flort_k_total_volume_scattering_coefficient,flort_k_total_volume_scattering_coefficient,,,L1,m-1 sr-1,GI01SUMO,SBD12,FLORT
GI01SUMO-SBD12-02-FLORTD000,fluorometric_chlorophyll_a,fluorometric_chlorophyll_a,0,50,L1,ug L-1,GI01SUMO,SBD12,FLORT
GI01SUMO-SBD12-02-FLORTD000,fluorometric_cdom,fluorometric_cdom,0,375,L1,ppb,GI01SUMO,SBD12,FLORT
GI01SUMO-SBD12-02-FLORTD000,dcl_controller_timestamp,dcl_controller_timestamp,,,ENG,1,GI01SUMO,SBD12,FLORT
GI01SUMO-SBD12-02-FLORTD000,flort_dj_dcl_bback_total,flort_dj_dcl_bback_total,0.0003,1,L2,m-1,GI01SUMO,SBD12,FLORT
GI01SUMO-SBD12-02-FLORTD000,flort_d_dcl_ctdbp_scat_seawater,flort_d_dcl_ctdbp_scat_seawater,,,AUX,m-1,GI01SUMO,SBD12,FLORT
GI01SUMO-SBD12-02-FLORTD000,time,time,,,ENG,seconds since 1900-01-01,GI01SUMO,SBD12,FLORT
GI01SUMO-SBD12-02-FLORTD000,ingestion_timestamp,ingestion_timestamp,,,ENG,seconds since 1900-01-01,GI01SUMO,SBD12,FLORT
GI01SUMO-SBD12-03-HYDGN00,driver_timestamp,driver_timestamp,,,ENG,seconds since 1900-01-01,GI01SUMO,SBD12,HYDGN
GI01SUMO-SBD12-03-HYDGN00,internal_timestamp,internal_timestamp,,,ENG,seconds since 1900-01-01,GI01SUMO,SBD12,HYDGN
GI01SUMO-SBD12-03-HYDGN00,preferred_timestamp,preferred_timestamp,,,ENG,1,GI01SUMO,SBD12,HYDGN
GI01SUMO-SBD12-03-HYDGN00,dcl_controller_timestamp,dcl_controller_timestamp,,,ENG,1,GI01SUMO,SBD12,HYDGN
GI01SUMO-SBD12-03-HYDGN00,hyd_raw,hyd_raw,,,AUX,counts,GI01SUMO,SBD12,HYDGN
GI01SUMO-SBD12-03-HYDGN00,hyd_percent,hyd_percent,,,AUX,Percentage,GI01SUMO,SBD12,HYDGN
GI01SUMO-SBD12-03-HYDGN00,time,time,,,ENG,seconds since 1900-01-01,GI01SUMO,SBD12,HYDGN
GI01SUMO-SBD12-03-HYDGN00,ingestion_timestamp,ingestion_timestamp,,,ENG,seconds since 1900-01-01,GI01SUMO,SBD12,HYDGN
GI01SUMO-SBD12-04-PCO2AA000,irga_detector_temperature,irga_detector_temperature,,,AUX,deg_C,GI01SUMO,SBD12,PCO2A
GI01SUMO-SBD12-04-PCO2AA000,irga_source_temperature,irga_source_temperature,,,AUX,deg_C,GI01SUMO,SBD12,PCO2A
GI01SUMO-SBD12-04-PCO2AA000,partial_pressure_co2_atm,partial_pressure_co2_atm,180,500,L1,uatm,GI01SUMO,SBD12,PCO2A
GI01SUMO-SBD12-04-PCO2AA000,partial_pressure_co2_ssw,partial_pressure_co2_ssw,100,600,L1,uatm,GI01SUMO,SBD12,PCO2A
GI01SUMO-SBD12-04-PCO2AA000,driver_timestamp,driver_timestamp,,,ENG,seconds since 1900-01-01,GI01SUMO,SBD12,PCO2A
GI01SUMO-SBD12-04-PCO2AA000,internal_timestamp,internal_timestamp,,,ENG,seconds since 1900-01-01,GI01SUMO,SBD12,PCO2A
GI01SUMO-SBD12-04-PCO2AA000,preferred_timestamp,preferred_timestamp,,,ENG,1,GI01SUMO,SBD12,PCO2A
GI01SUMO-SBD12-04-PCO2AA000,dcl_controller_timestamp,dcl_controller_timestamp,,,ENG,1,GI01SUMO,SBD12,PCO2A
GI01SUMO-SBD12-04-PCO2AA000,pco2_co2flux,pco2_co2flux,,,L2,mol m-2 s-1,GI01SUMO,SBD12,PCO2A
GI01SUMO-SBD12-04-PCO2AA000,time,time,,,ENG,seconds since 1900-01-01,GI01SUMO,SBD12,PCO2A
GI01SUMO-SBD12-04-PCO2AA000,ingestion_timestamp,ingestion_timestamp,,,ENG,seconds since 1900-01-01,GI01SUMO,SBD12,PCO2A
GI01SUMO-SBD12-04-PCO2AA000,date_time_string,date_time_string,,,,1,GI01SUMO,SBD12,PCO2A
GI01SUMO-SBD12-04-PCO2AA000,zero_a2d,zero_a2d,,,,counts,GI01SUMO,SBD12,PCO2A
GI01SUMO-SBD12-04-PCO2AA000,current_a2d,current_a2d,,,,counts,GI01SUMO,SBD12,PCO2A
GI01SUMO-SBD12-04-PCO2AA000,measured_air_co2,measured_air_co2,,,L0,ppm,GI01SUMO,SBD12,PCO2A
GI01SUMO-SBD12-04-PCO2AA000,measured_water_co2,measured_water_co2,,,L0,ppm,GI01SUMO,SBD12,PCO2A
GI01SUMO-SBD12-04-PCO2AA000,avg_irga_temperature,avg_irga_temperature,,,AUX,deg_C,GI01SUMO,SBD12,PCO2A
GI01SUMO-SBD12-04-PCO2AA000,humidity,humidity,,,AUX,mbar,GI01SUMO,SBD12,PCO2A
GI01SUMO-SBD12-04-PCO2AA000,humidity_temperature,humidity_temperature,,,AUX,deg_C,GI01SUMO,SBD12,PCO2A
GI01SUMO-SBD12-04-PCO2AA000,gas_stream_pressure,gas_stream_pressure,,,L0,mbar,GI01SUMO,SBD12,PCO2A
GI01SUMO-SBD12-05-WAVSSA000,driver_timestamp,driver_timestamp,,,ENG,seconds since 1900-01-01,GI01SUMO,SBD12,WAVSS
GI01SUMO-SBD12-05-WAVSSA000,date_string,date_string,,,ENG,1,GI01SUMO,SBD12,WAVSS
GI01SUMO-SBD12-05-WAVSSA000,time_string,time_string,,,ENG,1,GI01SUMO,SBD12,WAVSS
GI01SUMO-SBD12-05-WAVSSA000,internal_timestamp,internal_timestamp,,,ENG,seconds since 1900-01-01,GI01SUMO,SBD12,WAVSS
GI01SUMO-SBD12-05-WAVSSA000,preferred_timestamp,preferred_timestamp,,,ENG,1,GI01SUMO,SBD12,WAVSS
GI01SUMO-SBD12-05-WAVSSA000,dcl_controller_timestamp,dcl_controller_timestamp,,,ENG,1,GI01SUMO,SBD12,WAVSS
GI01SUMO-SBD12-05-WAVSSA000,number_zero_crossings,number_zero_crossings,,,L0,counts,GI01SUMO,SBD12,WAVSS
GI01SUMO-SBD12-05-WAVSSA000,average_wave_height,average_wave_height,0,12,L0,m,GI01SUMO,SBD12,WAVSS
GI01SUMO-SBD12-05-WAVSSA000,mean_spectral_period,mean_spectral_period,,,,sec,GI01SUMO,SBD12,WAVSS
GI01SUMO-SBD12-05-WAVSSA000,max_wave_height,max_wave_height,0,30,L0,m,GI01SUMO,SBD12,WAVSS
GI01SUMO-SBD12-05-WAVSSA000,significant_wave_height,significant_wave_height,0,18,L0,m,GI01SUMO,SBD12,WAVSS
GI01SUMO-SBD12-05-WAVSSA000,significant_period,significant_period,3,20,L0,sec,GI01SUMO,SBD12,WAVSS
GI01SUMO-SBD12-05-WAVSSA000,wave_height_10,wave_height_10,0,23,L0,m,GI01SUMO,SBD12,WAVSS
GI01SUMO-SBD12-05-WAVSSA000,wave_period_10,wave_period_10,3,30,L0,sec,GI01SUMO,SBD12,WAVSS
GI01SUMO-SBD12-05-WAVSSA000,mean_wave_period,mean_wave_period,3,30,L0,sec,GI01SUMO,SBD12,WAVSS
GI01SUMO-SBD12-05-WAVSSA000,peak_wave_period,peak_wave_period,3,30,L0,sec,GI01SUMO,SBD12,WAVSS
GI01SUMO-SBD12-05-WAVSSA000,wave_period_tp5,wave_period_tp5,3,30,L0,sec,GI01SUMO,SBD12,WAVSS
GI01SUMO-SBD12-05-WAVSSA000,wave_height_hmo,wave_height_hmo,0,30,L0,m,GI01SUMO,SBD12,WAVSS
GI01SUMO-SBD12-05-WAVSSA000,mean_direction,mean_direction,0,360,L0,degrees,GI01SUMO,SBD12,WAVSS
GI01SUMO-SBD12-05-WAVSSA000,mean_spread,mean_spread,,,,degrees,GI01SUMO,SBD12,WAVSS
GI01SUMO-SBD12-05-WAVSSA000,number_bands,number_bands,,,,1,GI01SUMO,SBD12,WAVSS
GI01SUMO-SBD12-05-WAVSSA000,initial_frequency,initial_frequency,,,,Hz,GI01SUMO,SBD12,WAVSS
GI01SUMO-SBD12-05-WAVSSA000,frequency_spacing,frequency_spacing,,,,Hz,GI01SUMO,SBD12,WAVSS
GI01SUMO-SBD12-05-WAVSSA000,psd_non_directional,psd_non_directional,,,L0,m2 Hz-1,GI01SUMO,SBD12,WAVSS
GI01SUMO-SBD12-05-WAVSSA000,psd_mean_directional,psd_mean_directional,,,L0,m2 Hz-1,GI01SUMO,SBD12,WAVSS
GI01SUMO-SBD12-05-WAVSSA000,mean_direction_array,mean_direction_array,0,360,L0,degrees,GI01SUMO,SBD12,WAVSS
GI01SUMO-SBD12-05-WAVSSA000,directional_spread_array,directional_spread_array,0,360,L0,degrees,GI01SUMO,SBD12,WAVSS
GI01SUMO-SBD12-05-WAVSSA000,number_time_samples,number_time_samples,,,,1,GI01SUMO,SBD12,WAVSS
GI01SUMO-SBD12-05-WAVSSA000,initial_time,initial_time,,,,sec,GI01SUMO,SBD12,WAVSS
GI01SUMO-SBD12-05-WAVSSA000,time_spacing,time_spacing,,,,sec,GI01SUMO,SBD12,WAVSS
GI01SUMO-SBD12-05-WAVSSA000,solution_found,solution_found,,,,1,GI01SUMO,SBD12,WAVSS
GI01SUMO-SBD12-05-WAVSSA000,heave_offset_array,heave_offset_array,0,3,L0,m,GI01SUMO,SBD12,WAVSS
GI01SUMO-SBD12-05-WAVSSA000,north_offset_array,north_offset_array,0,50,L0,m,GI01SUMO,SBD12,WAVSS
GI01SUMO-SBD12-05-WAVSSA000,east_offset_array,east_offset_array,0,50,L0,m,GI01SUMO,SBD12,WAVSS
GI01SUMO-SBD12-05-WAVSSA000,number_directional_bands,number_directional_bands,,,,1,GI01SUMO,SBD12,WAVSS
GI01SUMO-SBD12-05-WAVSSA000,initial_directional_frequency,initial_directional_frequency,,,,Hz,GI01SUMO,SBD12,WAVSS
GI01SUMO-SBD12-05-WAVSSA000,directional_frequency_spacing,directional_frequency_spacing,,,,Hz,GI01SUMO,SBD12,WAVSS
GI01SUMO-SBD12-05-WAVSSA000,fourier_coefficient_2d_array,fourier_coefficient_2d_array,,,,1,GI01SUMO,SBD12,WAVSS
GI01SUMO-SBD12-05-WAVSSA000,spread_direction,spread_direction,0,360,L0,degrees,GI01SUMO,SBD12,WAVSS
GI01SUMO-SBD12-05-WAVSSA000,wavss_a_directional_frequency,wavss_a_directional_frequency,,,L1,Hz,GI01SUMO,SBD12,WAVSS
GI01SUMO-SBD12-05-WAVSSA000,wavss_a_non_directional_frequency,wavss_a_non_directional_frequency,,,L1,Hz,GI01SUMO,SBD12,WAVSS
GI01SUMO-SBD12-05-WAVSSA000,wavss_a_buoymotion_time,wavss_a_buoymotion_time,,,L1,seconds since 1900-01-01,GI01SUMO,SBD12,WAVSS
GI01SUMO-SBD12-05-WAVSSA000,wavss_a_corrected_mean_wave_direction,wavss_a_corrected_mean_wave_direction,0,360,L1,deg,GI01SUMO,SBD12,WAVSS
GI01SUMO-SBD12-05-WAVSSA000,wavss_a_corrected_directional_wave_direction,wavss_a_corrected_directional_wave_direction,0,360,L1,deg,GI01SUMO,SBD12,WAVSS
GI01SUMO-SBD12-05-WAVSSA000,wavss_a_magcor_buoymotion_x,wavss_a_magcor_buoymotion_x,0,50,L1,m,GI01SUMO,SBD12,WAVSS
GI01SUMO-SBD12-05-WAVSSA000,wavss_a_magcor_buoymotion_y,wavss_a_magcor_buoymotion_y,0,50,L1,m,GI01SUMO,SBD12,WAVSS
GI01SUMO-SBD12-05-WAVSSA000,serial_number,serial_number,,,ENG,1,GI01SUMO,SBD12,WAVSS
GI01SUMO-SBD12-05-WAVSSA000,time,time,,,ENG,seconds since 1900-01-01,GI01SUMO,SBD12,WAVSS
GI01SUMO-SBD12-05-WAVSSA000,ingestion_timestamp,ingestion_timestamp,,,ENG,seconds since 1900-01-01,GI01SUMO,SBD12,WAVSS
GI01SUMO-SBD12-06-METBKA000,port_timestamp,port_timestamp,,,ENG,seconds since 1900-01-01,GI01SUMO,SBD12,METBK
GI01SUMO-SBD12-06-METBKA000,barometric_pressure,barometric_pressure,,,L0,mbar,GI01SUMO,SBD12,METBK
GI01SUMO-SBD12-06-METBKA000,relative_humidity,relative_humidity,0,100,L1,%,GI01SUMO,SBD12,METBK
GI01SUMO-SBD12-06-METBKA000,air_temperature,air_temperature,-50,50,L1,deg_C,GI01SUMO,SBD12,METBK
GI01SUMO-SBD12-06-METBKA000,longwave_irradiance,longwave_irradiance,200,500,L1,W m-2,GI01SUMO,SBD12,METBK
GI01SUMO-SBD12-06-METBKA000,precipitation,precipitation,0,50,L1,mm,GI01SUMO,SBD12,METBK
GI01SUMO-SBD12-06-METBKA000,sea_surface_temperature,sea_surface_temperature,-2,40,L1,deg_C,GI01SUMO,SBD12,METBK
GI01SUMO-SBD12-06-METBKA000,sea_surface_conductivity,sea_surface_conductivity,0,6,L1,S m-1,GI01SUMO,SBD12,METBK
GI01SUMO-SBD12-06-METBKA000,shortwave_irradiance,shortwave_irradiance,0,1000,L1,W m-2,GI01SUMO,SBD12,METBK
GI01SUMO-SBD12-06-METBKA000,eastward_wind_velocity,eastward_wind_velocity,-10,10,L0,m s-1,GI01SUMO,SBD12,METBK
GI01SUMO-SBD12-06-METBKA000,northward_wind_velocity,northward_wind_velocity,-10,10,L0,m s-1,GI01SUMO,SBD12,METBK
GI01SUMO-SBD12-06-METBKA000,driver_timestamp,driver_timestamp,,,ENG,seconds since 1900-01-01,GI01SUMO,SBD12,METBK
GI01SUMO-SBD12-06-METBKA000,internal_timestamp,internal_timestamp,,,ENG,seconds since 1900-01-01,GI01SUMO,SBD12,METBK
GI01SUMO-SBD12-06-METBKA000,preferred_timestamp,preferred_timestamp,,,ENG,1,GI01SUMO,SBD12,METBK
GI01SUMO-SBD12-06-METBKA000,dcl_controller_timestamp,dcl_controller_timestamp,,,ENG,1,GI01SUMO,SBD12,METBK
GI01SUMO-SBD12-06-METBKA000,met_barpres,met_barpres,87000,108330,L1,Pa,GI01SUMO,SBD12,METBK
GI01SUMO-SBD12-06-METBKA000,met_windavg_mag_corr_east,met_windavg_mag_corr_east,-33,33,L1,m s-1,GI01SUMO,SBD12,METBK
GI01SUMO-SBD12-06-METBKA000,met_windavg_mag_corr_north,met_windavg_mag_corr_north,-33,33,L1,m s-1,GI01SUMO,SBD12,METBK
GI01SUMO-SBD12-06-METBKA000,met_current_direction,met_current_direction,0,360,L1,degrees,GI01SUMO,SBD12,METBK
GI01SUMO-SBD12-06-METBKA000,met_current_speed,met_current_speed,-3,3,L1,m s-1,GI01SUMO,SBD12,METBK
GI01SUMO-SBD12-06-METBKA000,met_relwind_direction,met_relwind_direction,0,360,L1,degrees,GI01SUMO,SBD12,METBK
GI01SUMO-SBD12-06-METBKA000,met_relwind_speed,met_relwind_speed,-33,33,L1,m s-1,GI01SUMO,SBD12,METBK
GI01SUMO-SBD12-06-METBKA000,met_timeflx,met_timeflx,,,L1,seconds since 01-01-1900,GI01SUMO,SBD12,METBK
GI01SUMO-SBD12-06-METBKA000,met_netsirr,met_netsirr,0,500,L1,W m-2,GI01SUMO,SBD12,METBK
GI01SUMO-SBD12-06-METBKA000,met_rainrte,met_rainrte,0,50,L2,mm hr-1,GI01SUMO,SBD12,METBK
GI01SUMO-SBD12-06-METBKA000,met_salsurf,met_salsurf,0,42,L2,1,GI01SUMO,SBD12,METBK
GI01SUMO-SBD12-06-METBKA000,met_spechum,met_spechum,0,47,L2,g kg-1,GI01SUMO,SBD12,METBK
GI01SUMO-SBD12-06-METBKA000,met_buoyfls,met_buoyfls,,,L2,W m-2,GI01SUMO,SBD12,METBK
GI01SUMO-SBD12-06-METBKA000,met_buoyflx,met_buoyflx,,,L2,W m-2,GI01SUMO,SBD12,METBK
GI01SUMO-SBD12-06-METBKA000,met_frshflx,met_frshflx,,,L2,mm hr-1,GI01SUMO,SBD12,METBK
GI01SUMO-SBD12-06-METBKA000,met_heatflx,met_heatflx,,,L2,W m-2,GI01SUMO,SBD12,METBK
GI01SUMO-SBD12-06-METBKA000,met_latnflx,met_latnflx,,,L2,W m-2,GI01SUMO,SBD12,METBK
GI01SUMO-SBD12-06-METBKA000,met_mommflx,met_mommflx,,,L2,N m-2,GI01SUMO,SBD12,METBK
GI01SUMO-SBD12-06-METBKA000,met_netlirr,met_netlirr,,,L2,W m-2,GI01SUMO,SBD12,METBK
GI01SUMO-SBD12-06-METBKA000,met_rainflx,met_rainflx,,,L2,W m-2,GI01SUMO,SBD12,METBK
GI01SUMO-SBD12-06-METBKA000,met_sensflx,met_sensflx,,,L2,W m-2,GI01SUMO,SBD12,METBK
GI01SUMO-SBD12-06-METBKA000,met_sphum2m,met_sphum2m,0,47,L2,g kg-1,GI01SUMO,SBD12,METBK
GI01SUMO-SBD12-06-METBKA000,met_stablty,met_stablty,,,L2,1,GI01SUMO,SBD12,METBK
GI01SUMO-SBD12-06-METBKA000,met_tempa2m,met_tempa2m,-50,50,L2,deg_C,GI01SUMO,SBD12,METBK
GI01SUMO-SBD12-06-METBKA000,met_tempskn,met_tempskn,-2,40,L2,degC,GI01SUMO,SBD12,METBK
GI01SUMO-SBD12-06-METBKA000,met_wind10m,met_wind10m,-33,33,L2,m s-1,GI01SUMO,SBD12,METBK
GI01SUMO-SBD12-06-METBKA000,time,time,,,ENG,seconds since 1900-01-01,GI01SUMO,SBD12,METBK
GI01SUMO-SBD12-06-METBKA000,ingestion_timestamp,ingestion_timestamp,,,ENG,seconds since 1900-01-01,GI01SUMO,SBD12,METBK
GI01SUMO-SBD12-08-FDCHPA000,driver_timestamp,driver_timestamp,,,ENG,seconds since 1900-01-01,GI01SUMO,SBD12,FDCHP
GI01SUMO-SBD12-08-FDCHPA000,internal_timestamp,internal_timestamp,,,ENG,seconds since 1900-01-01,GI01SUMO,SBD12,FDCHP
GI01SUMO-SBD12-08-FDCHPA000,preferred_timestamp,preferred_timestamp,,,ENG,1,GI01SUMO,SBD12,FDCHP
GI01SUMO-SBD12-08-FDCHPA000,dcl_controller_timestamp,dcl_controller_timestamp,,,ENG,1,GI01SUMO,SBD12,FDCHP
GI01SUMO-SBD12-08-FDCHPA000,year,year,,,,year,GI01SUMO,SBD12,FDCHP
GI01SUMO-SBD12-08-FDCHPA000,instrument_start_timestamp,instrument_start_timestamp,,,ENG,1,GI01SUMO,SBD12,FDCHP
GI01SUMO-SBD12-08-FDCHPA000,time_datacollection,time_datacollection,,,ENG,sec,GI01SUMO,SBD12,FDCHP
GI01SUMO-SBD12-08-FDCHPA000,v_num_datacollection,v_num_datacollection,,,ENG,1,GI01SUMO,SBD12,FDCHP
GI01SUMO-SBD12-08-FDCHPA000,status_datacollection,status_datacollection,,,ENG,1,GI01SUMO,SBD12,FDCHP
GI01SUMO-SBD12-08-FDCHPA000,wind_u_avg,wind_u_avg,,,AUX,m s-1,GI01SUMO,SBD12,FDCHP
GI01SUMO-SBD12-08-FDCHPA000,wind_v_avg,wind_v_avg,,,AUX,m s-1,GI01SUMO,SBD12,FDCHP
GI01SUMO-SBD12-08-FDCHPA000,wind_w_avg,wind_w_avg,,,AUX,m s-1,GI01SUMO,SBD12,FDCHP
GI01SUMO-SBD12-08-FDCHPA000,speed_of_sound_avg,speed_of_sound_avg,,,AUX,m s-1,GI01SUMO,SBD12,FDCHP
GI01SUMO-SBD12-08-FDCHPA000,wind_u_std,wind_u_std,,,AUX,m s-1,GI01SUMO,SBD12,FDCHP
GI01SUMO-SBD12-08-FDCHPA000,wind_v_std,wind_v_std,,,AUX,m s-1,GI01SUMO,SBD12,FDCHP
GI01SUMO-SBD12-08-FDCHPA000,wind_w_std,wind_w_std,,,AUX,m s-1,GI01SUMO,SBD12,FDCHP
GI01SUMO-SBD12-08-FDCHPA000,speed_of_sound_std,speed_of_sound_std,,,AUX,m s-1,GI01SUMO,SBD12,FDCHP
GI01SUMO-SBD12-08-FDCHPA000,wind_u_max,wind_u_max,,,AUX,m s-1,GI01SUMO,SBD12,FDCHP
GI01SUMO-SBD12-08-FDCHPA000,wind_v_max,wind_v_max,,,AUX,m s-1,GI01SUMO,SBD12,FDCHP
GI01SUMO-SBD12-08-FDCHPA000,wind_w_max,wind_w_max,,,AUX,m s-1,GI01SUMO,SBD12,FDCHP
GI01SUMO-SBD12-08-FDCHPA000,speed_of_sound_max,speed_of_sound_max,,,AUX,m s-1,GI01SUMO,SBD12,FDCHP
GI01SUMO-SBD12-08-FDCHPA000,wind_u_min,wind_u_min,,,AUX,m s-1,GI01SUMO,SBD12,FDCHP
GI01SUMO-SBD12-08-FDCHPA000,wind_v_min,wind_v_min,,,AUX,m s-1,GI01SUMO,SBD12,FDCHP
GI01SUMO-SBD12-08-FDCHPA000,wind_w_min,wind_w_min,,,AUX,m s-1,GI01SUMO,SBD12,FDCHP
GI01SUMO-SBD12-08-FDCHPA000,speed_of_sound_min,speed_of_sound_min,,,AUX,m s-1,GI01SUMO,SBD12,FDCHP
GI01SUMO-SBD12-08-FDCHPA000,x_accel,x_accel,,,AUX,m s-2,GI01SUMO,SBD12,FDCHP
GI01SUMO-SBD12-08-FDCHPA000,y_accel,y_accel,,,AUX,m s-2,GI01SUMO,SBD12,FDCHP
GI01SUMO-SBD12-08-FDCHPA000,z_accel,z_accel,,,AUX,m s-2,GI01SUMO,SBD12,FDCHP
GI01SUMO-SBD12-08-FDCHPA000,x_accel_std,x_accel_std,,,AUX,m s-2,GI01SUMO,SBD12,FDCHP
GI01SUMO-SBD12-08-FDCHPA000,y_accel_std,y_accel_std,,,AUX,m s-2,GI01SUMO,SBD12,FDCHP
GI01SUMO-SBD12-08-FDCHPA000,z_accel_std,z_accel_std,,,AUX,m s-2,GI01SUMO,SBD12,FDCHP
GI01SUMO-SBD12-08-FDCHPA000,x_accel_max,x_accel_max,,,AUX,m s-2,GI01SUMO,SBD12,FDCHP
GI01SUMO-SBD12-08-FDCHPA000,y_accel_max,y_accel_max,,,AUX,m s-2,GI01SUMO,SBD12,FDCHP
GI01SUMO-SBD12-08-FDCHPA000,z_accel_max,z_accel_max,,,AUX,m s-2,GI01SUMO,SBD12,FDCHP
GI01SUMO-SBD12-08-FDCHPA000,x_accel_min,x_accel_min,,,AUX,m s-2,GI01SUMO,SBD12,FDCHP
GI01SUMO-SBD12-08-FDCHPA000,y_accel_min,y_accel_min,,,AUX,m s-2,GI01SUMO,SBD12,FDCHP
GI01SUMO-SBD12-08-FDCHPA000,z_accel_min,z_accel_min,,,AUX,m s-2,GI01SUMO,SBD12,FDCHP
GI01SUMO-SBD12-08-FDCHPA000,x_ang_rate,x_ang_rate,,,AUX,rad s-1,GI01SUMO,SBD12,FDCHP
GI01SUMO-SBD12-08-FDCHPA000,x_ang_rate,x_ang_rate,,,L0,rad s-1,GI01SUMO,SBD12,FDCHP
GI01SUMO-SBD12-08-FDCHPA000,y_ang_rate,y_ang_rate,,,AUX,rad s-1,GI01SUMO,SBD12,FDCHP
GI01SUMO-SBD12-08-FDCHPA000,y_ang_rate,y_ang_rate,,,L0,rad s-1,GI01SUMO,SBD12,FDCHP
GI01SUMO-SBD12-08-FDCHPA000,z_ang_rate,z_ang_rate,,,AUX,rad s-1,GI01SUMO,SBD12,FDCHP
GI01SUMO-SBD12-08-FDCHPA000,z_ang_rate,z_ang_rate,,,L0,rad s-1,GI01SUMO,SBD12,FDCHP
GI01SUMO-SBD12-08-FDCHPA000,x_ang_rate_std,x_ang_rate_std,,,AUX,rad s-1,GI01SUMO,SBD12,FDCHP
GI01SUMO-SBD12-08-FDCHPA000,y_ang_rate_std,y_ang_rate_std,,,AUX,rad s-1,GI01SUMO,SBD12,FDCHP
GI01SUMO-SBD12-08-FDCHPA000,z_ang_rate_std,z_ang_rate_std,,,AUX,rad s-1,GI01SUMO,SBD12,FDCHP
GI01SUMO-SBD12-08-FDCHPA000,x_ang_rate_max,x_ang_rate_max,,,AUX,rad s-1,GI01SUMO,SBD12,FDCHP
GI01SUMO-SBD12-08-FDCHPA000,y_ang_rate_max,y_ang_rate_max,,,AUX,rad s-1,GI01SUMO,SBD12,FDCHP
GI01SUMO-SBD12-08-FDCHPA000,z_ang_rate_max,z_ang_rate_max,,,AUX,rad s-1,GI01SUMO,SBD12,FDCHP
GI01SUMO-SBD12-08-FDCHPA000,x_ang_rate_min,x_ang_rate_min,,,AUX,rad s-1,GI01SUMO,SBD12,FDCHP
GI01SUMO-SBD12-08-FDCHPA000,y_ang_rate_min,y_ang_rate_min,,,AUX,rad s-1,GI01SUMO,SBD12,FDCHP
GI01SUMO-SBD12-08-FDCHPA000,z_ang_rate_min,z_ang_rate_min,,,AUX,rad s-1,GI01SUMO,SBD12,FDCHP
GI01SUMO-SBD12-08-FDCHPA000,heading_std,heading_std,,,AUX,rad,GI01SUMO,SBD12,FDCHP
GI01SUMO-SBD12-08-FDCHPA000,pitch_std,pitch_std,,,AUX,rad,GI01SUMO,SBD12,FDCHP
GI01SUMO-SBD12-08-FDCHPA000,roll_std,roll_std,,,AUX,rad,GI01SUMO,SBD12,FDCHP
GI01SUMO-SBD12-08-FDCHPA000,heading_max,heading_max,,,AUX,rad,GI01SUMO,SBD12,FDCHP
GI01SUMO-SBD12-08-FDCHPA000,pitch_max,pitch_max,,,AUX,rad,GI01SUMO,SBD12,FDCHP
GI01SUMO-SBD12-08-FDCHPA000,roll_max,roll_max,,,AUX,rad,GI01SUMO,SBD12,FDCHP
GI01SUMO-SBD12-08-FDCHPA000,heading_min,heading_min,,,AUX,rad,GI01SUMO,SBD12,FDCHP
GI01SUMO-SBD12-08-FDCHPA000,pitch_min,pitch_min,,,AUX,rad,GI01SUMO,SBD12,FDCHP
GI01SUMO-SBD12-08-FDCHPA000,roll_min,roll_min,,,AUX,rad,GI01SUMO,SBD12,FDCHP
GI01SUMO-SBD12-08-FDCHPA000,u_corr,u_corr,,,AUX,m s-1,GI01SUMO,SBD12,FDCHP
GI01SUMO-SBD12-08-FDCHPA000,v_corr,v_corr,,,AUX,m s-1,GI01SUMO,SBD12,FDCHP
GI01SUMO-SBD12-08-FDCHPA000,w_corr,w_corr,,,AUX,m s-1,GI01SUMO,SBD12,FDCHP
GI01SUMO-SBD12-08-FDCHPA000,u_corr_std,u_corr_std,,,AUX,m s-1,GI01SUMO,SBD12,FDCHP
GI01SUMO-SBD12-08-FDCHPA000,v_corr_std,v_corr_std,,,AUX,m s-1,GI01SUMO,SBD12,FDCHP
GI01SUMO-SBD12-08-FDCHPA000,w_corr_std,w_corr_std,,,AUX,m s-1,GI01SUMO,SBD12,FDCHP
GI01SUMO-SBD12-08-FDCHPA000,wind_speed,wind_speed,,,AUX,m s-1,GI01SUMO,SBD12,FDCHP
GI01SUMO-SBD12-08-FDCHPA000,uw_momentum_flux,uw_momentum_flux,,,L2,m2 s-2,GI01SUMO,SBD12,FDCHP
GI01SUMO-SBD12-08-FDCHPA000,vw_momentum_flux,vw_momentum_flux,,,L2,m2 s-2,GI01SUMO,SBD12,FDCHP
GI01SUMO-SBD12-08-FDCHPA000,buoyance_flux,buoyance_flux,,,L2,m s-1 K,GI01SUMO,SBD12,FDCHP
GI01SUMO-SBD12-08-FDCHPA000,eng_wave_motion,eng_wave_motion,,,ENG,1,GI01SUMO,SBD12,FDCHP
GI01SUMO-SBD12-08-FDCHPA000,month,month,,,ENG,month,GI01SUMO,SBD12,FDCHP
GI01SUMO-SBD12-08-FDCHPA000,day,day,,,ENG,day,GI01SUMO,SBD12,FDCHP
GI01SUMO-SBD12-08-FDCHPA000,hour,hour,,,ENG,hour,GI01SUMO,SBD12,FDCHP
GI01SUMO-SBD12-08-FDCHPA000,minute,minute,,,ENG,minute,GI01SUMO,SBD12,FDCHP
GI01SUMO-SBD12-08-FDCHPA000,second,second,,,ENG,second,GI01SUMO,SBD12,FDCHP
GI01SUMO-SBD12-08-FDCHPA000,millisecond,millisecond,,,ENG,millisecond,GI01SUMO,SBD12,FDCHP
GI01SUMO-SBD12-08-FDCHPA000,fdchp_wind_x,fdchp_wind_x,,,L0,cm s-1,GI01SUMO,SBD12,FDCHP
GI01SUMO-SBD12-08-FDCHPA000,fdchp_wind_y,fdchp_wind_y,,,L0,cm s-1,GI01SUMO,SBD12,FDCHP
GI01SUMO-SBD12-08-FDCHPA000,fdchp_wind_z,fdchp_wind_z,,,L0,cm s-1,GI01SUMO,SBD12,FDCHP
GI01SUMO-SBD12-08-FDCHPA000,fdchp_speed_of_sound_sonic,fdchp_speed_of_sound_sonic,,,L0,cm s-1,GI01SUMO,SBD12,FDCHP
GI01SUMO-SBD12-08-FDCHPA000,fdchp_x_accel_g,fdchp_x_accel_g,,,L0,g [m s-2],GI01SUMO,SBD12,FDCHP
GI01SUMO-SBD12-08-FDCHPA000,fdchp_y_accel_g,fdchp_y_accel_g,,,L0,g [m s-2],GI01SUMO,SBD12,FDCHP
GI01SUMO-SBD12-08-FDCHPA000,fdchp_z_accel_g,fdchp_z_accel_g,,,L0,g [m s-2],GI01SUMO,SBD12,FDCHP
GI01SUMO-SBD12-08-FDCHPA000,fdchp_roll,fdchp_roll,0,360,L0,rad,GI01SUMO,SBD12,FDCHP
GI01SUMO-SBD12-08-FDCHPA000,fdchp_pitch,fdchp_pitch,0,360,L0,rad,GI01SUMO,SBD12,FDCHP
GI01SUMO-SBD12-08-FDCHPA000,fdchp_heading,fdchp_heading,0,360,L0,rad,GI01SUMO,SBD12,FDCHP
GI01SUMO-SBD12-08-FDCHPA000,fdchp_status_1,fdchp_status_1,,,ENG,1,GI01SUMO,SBD12,FDCHP
GI01SUMO-SBD12-08-FDCHPA000,fdchp_status_2,fdchp_status_2,,,ENG,1,GI01SUMO,SBD12,FDCHP
GI01SUMO-SBD12-08-FDCHPA000,fdchp_a_tmpatur,fdchp_a_tmpatur,-50,50,L1,deg_C,GI01SUMO,SBD12,FDCHP
GI01SUMO-SBD12-08-FDCHPA000,fdchp_a_windtur_north,fdchp_a_windtur_north,-33,33,L1,m s-1,GI01SUMO,SBD12,FDCHP
GI01SUMO-SBD12-08-FDCHPA000,fdchp_a_windtur_up,fdchp_a_windtur_up,-10,10,L1,m s-1,GI01SUMO,SBD12,FDCHP
GI01SUMO-SBD12-08-FDCHPA000,fdchp_a_windtur_west,fdchp_a_windtur_west,-33,33,L1,m s-1,GI01SUMO,SBD12,FDCHP
GI01SUMO-SBD12-08-FDCHPA000,fdchp_a_fluxhot,fdchp_a_fluxhot,,,L2,m s-1 K,GI01SUMO,SBD12,FDCHP
GI01SUMO-SBD12-08-FDCHPA000,fdchp_a_fluxmom_alongwind,fdchp_a_fluxmom_alongwind,,,L2,m2 s-2,GI01SUMO,SBD12,FDCHP
GI01SUMO-SBD12-08-FDCHPA000,fdchp_a_fluxmom_crosswind,fdchp_a_fluxmom_crosswind,,,L2,m2 s-2,GI01SUMO,SBD12,FDCHP
GI01SUMO-SBD12-08-FDCHPA000,fdchp_a_time_L1,fdchp_a_time_L1,,,L1,seconds since 1900-01-01,GI01SUMO,SBD12,FDCHP
GI01SUMO-SBD12-08-FDCHPA000,fdchp_a_time_L2,fdchp_a_time_L2,,,L1,seconds since 1900-01-01,GI01SUMO,SBD12,FDCHP
GI01SUMO-SBD12-08-FDCHPA000,heading,heading,,,AUX,rad,GI01SUMO,SBD12,FDCHP
GI01SUMO-SBD12-08-FDCHPA000,pitch,pitch,,,AUX,rad,GI01SUMO,SBD12,FDCHP
GI01SUMO-SBD12-08-FDCHPA000,roll,roll,,,AUX,rad,GI01SUMO,SBD12,FDCHP
GI01SUMO-SBD12-08-FDCHPA000,time,time,,,ENG,seconds since 1900-01-01,GI01SUMO,SBD12,FDCHP
GI01SUMO-SBD12-08-FDCHPA000,ingestion_timestamp,ingestion_timestamp,,,ENG,seconds since 1900-01-01,GI01SUMO,SBD12,FDCHP
GI02HYPM-MPM01-02-ZPLSGA009,Still in development,Still in development,,,L1,(echogram),GI02HYPM,MPM01,ZPLSG
GI02HYPM-MPM01-02-ZPLSGA010,Still in development,Still in development,,,L1,(echogram),GI02HYPM,MPM01,ZPLSG
GI02HYPM-RIM01-02-CTDMOG039,driver_timestamp,driver_timestamp,,,ENG,seconds since 1900-01-01,GI02HYPM,RIM01,CTDMO
GI02HYPM-RIM01-02-CTDMOG039,internal_timestamp,internal_timestamp,,,ENG,seconds since 1900-01-01,GI02HYPM,RIM01,CTDMO
GI02HYPM-RIM01-02-CTDMOG039,inductive_id,inductive_id,,,ENG,1,GI02HYPM,RIM01,CTDMO
GI02HYPM-RIM01-02-CTDMOG039,preferred_timestamp,preferred_timestamp,,,ENG,1,GI02HYPM,RIM01,CTDMO
GI02HYPM-RIM01-02-CTDMOG039,temperature,temperature,,,L0,counts,GI02HYPM,RIM01,CTDMO
GI02HYPM-RIM01-02-CTDMOG039,conductivity,conductivity,,,L0,counts,GI02HYPM,RIM01,CTDMO
GI02HYPM-RIM01-02-CTDMOG039,pressure,pressure,,,L0,counts,GI02HYPM,RIM01,CTDMO
GI02HYPM-RIM01-02-CTDMOG039,pressure_temp,pressure_temp,,,L0,counts,GI02HYPM,RIM01,CTDMO
GI02HYPM-RIM01-02-CTDMOG039,ctd_time,ctd_time,,,ENG,seconds since 2000-01-01,GI02HYPM,RIM01,CTDMO
GI02HYPM-RIM01-02-CTDMOG039,sio_controller_timestamp,sio_controller_timestamp,,,ENG,seconds since 1970-01-01,GI02HYPM,RIM01,CTDMO
GI02HYPM-RIM01-02-CTDMOG039,ctd_time_offset,ctd_time_offset,,,,s,GI02HYPM,RIM01,CTDMO
GI02HYPM-RIM01-02-CTDMOG039,ctdmo_seawater_pressure,ctdmo_seawater_pressure,0,6000,L1,dbar,GI02HYPM,RIM01,CTDMO
GI02HYPM-RIM01-02-CTDMOG039,ctdmo_seawater_temperature,ctdmo_seawater_temperature,-2,40,L1,deg_C,GI02HYPM,RIM01,CTDMO
GI02HYPM-RIM01-02-CTDMOG039,ctdmo_seawater_conductivity,ctdmo_seawater_conductivity,0,6,L1,S m-1,GI02HYPM,RIM01,CTDMO
GI02HYPM-RIM01-02-CTDMOG039,ctdmo_practical_salinity,ctdmo_practical_salinity,0,42,L2,(unitless),GI02HYPM,RIM01,CTDMO
GI02HYPM-RIM01-02-CTDMOG039,ctdmo_seawater_density,ctdmo_seawater_density,1000,1100,L2,kg m-3,GI02HYPM,RIM01,CTDMO
GI02HYPM-RIM01-02-CTDMOG039,serial_number,serial_number,,,ENG,1,GI02HYPM,RIM01,CTDMO
GI02HYPM-RIM01-02-CTDMOG039,time,time,,,ENG,seconds since 1900-01-01,GI02HYPM,RIM01,CTDMO
GI02HYPM-RIM01-02-CTDMOG039,ingestion_timestamp,ingestion_timestamp,,,ENG,seconds since 1900-01-01,GI02HYPM,RIM01,CTDMO
GI02HYPM-WFP02-01-FLORDL000,driver_timestamp,driver_timestamp,,,ENG,seconds since 1900-01-01,GI02HYPM,WFP02,FLORD
GI02HYPM-WFP02-01-FLORDL000,raw_signal_beta,raw_signal_beta,,,L0,counts,GI02HYPM,WFP02,FLORD
GI02HYPM-WFP02-01-FLORDL000,raw_signal_chl,raw_signal_chl,,,L0,counts,GI02HYPM,WFP02,FLORD
GI02HYPM-WFP02-01-FLORDL000,raw_internal_temp,raw_internal_temp,,,,counts,GI02HYPM,WFP02,FLORD
GI02HYPM-WFP02-01-FLORDL000,internal_timestamp,internal_timestamp,,,ENG,seconds since 1900-01-01,GI02HYPM,WFP02,FLORD
GI02HYPM-WFP02-01-FLORDL000,preferred_timestamp,preferred_timestamp,,,ENG,1,GI02HYPM,WFP02,FLORD
GI02HYPM-WFP02-01-FLORDL000,wfp_timestamp,wfp_timestamp,,,ENG,seconds since 1970-01-01,GI02HYPM,WFP02,FLORD
GI02HYPM-WFP02-01-FLORDL000,flort_k_total_volume_scattering_coefficient,flort_k_total_volume_scattering_coefficient,,,L1,m-1 sr-1,GI02HYPM,WFP02,FLORD
GI02HYPM-WFP02-01-FLORDL000,fluorometric_chlorophyll_a,fluorometric_chlorophyll_a,0,50,L1,ug L-1,GI02HYPM,WFP02,FLORD
GI02HYPM-WFP02-01-FLORDL000,flort_kn_bback_total,flort_kn_bback_total,0.0003,1,L2,m-1,GI02HYPM,WFP02,FLORD
GI02HYPM-WFP02-01-FLORDL000,scat_seawater,scat_seawater,,,AUX,m-1,GI02HYPM,WFP02,FLORD
GI02HYPM-WFP02-01-FLORDL000,time,time,,,ENG,seconds since 1900-01-01,GI02HYPM,WFP02,FLORD
GI02HYPM-WFP02-01-FLORDL000,ingestion_timestamp,ingestion_timestamp,,,ENG,seconds since 1900-01-01,GI02HYPM,WFP02,FLORD
GI02HYPM-WFP02-03-DOSTAL000,driver_timestamp,driver_timestamp,,,ENG,seconds since 1900-01-01,GI02HYPM,WFP02,DOSTA
GI02HYPM-WFP02-03-DOSTAL000,internal_timestamp,internal_timestamp,,,ENG,seconds since 1900-01-01,GI02HYPM,WFP02,DOSTA
GI02HYPM-WFP02-03-DOSTAL000,preferred_timestamp,preferred_timestamp,,,ENG,1,GI02HYPM,WFP02,DOSTA
GI02HYPM-WFP02-03-DOSTAL000,wfp_timestamp,wfp_timestamp,,,ENG,seconds since 1970-01-01,GI02HYPM,WFP02,DOSTA
GI02HYPM-WFP02-03-DOSTAL000,dosta_ln_wfp_abs_oxygen,dosta_ln_wfp_abs_oxygen,0,400,L2,umol kg-1,GI02HYPM,WFP02,DOSTA
GI02HYPM-WFP02-03-DOSTAL000,time,time,,,ENG,seconds since 1900-01-01,GI02HYPM,WFP02,DOSTA
GI02HYPM-WFP02-03-DOSTAL000,ingestion_timestamp,ingestion_timestamp,,,ENG,seconds since 1900-01-01,GI02HYPM,WFP02,DOSTA
GI02HYPM-WFP02-03-DOSTAL000,estimated_oxygen_concentration,estimated_oxygen_concentration,0,400,L1,umol L-1,GI02HYPM,WFP02,DOSTA
GI02HYPM-WFP02-03-DOSTAL000,estimated_oxygen_saturation,estimated_oxygen_saturation,0,110,L1,percent,GI02HYPM,WFP02,DOSTA
GI02HYPM-WFP02-03-DOSTAL000,optode_temperature,optode_temperature,-2,40,,deg_C,GI02HYPM,WFP02,DOSTA
GI02HYPM-WFP02-04-CTDPFL000,driver_timestamp,driver_timestamp,,,ENG,seconds since 1900-01-01,GI02HYPM,WFP02,CTDPF
GI02HYPM-WFP02-04-CTDPFL000,internal_timestamp,internal_timestamp,,,ENG,seconds since 1900-01-01,GI02HYPM,WFP02,CTDPF
GI02HYPM-WFP02-04-CTDPFL000,wfp_time_on,wfp_time_on,,,,seconds since 1970-01-01,GI02HYPM,WFP02,CTDPF
GI02HYPM-WFP02-04-CTDPFL000,wfp_time_off,wfp_time_off,,,,seconds since 1970-01-01,GI02HYPM,WFP02,CTDPF
GI02HYPM-WFP02-04-CTDPFL000,wfp_number_samples,wfp_number_samples,,,,counts,GI02HYPM,WFP02,CTDPF
GI02HYPM-WFP02-04-CTDPFL000,preferred_timestamp,preferred_timestamp,,,ENG,1,GI02HYPM,WFP02,CTDPF
GI02HYPM-WFP02-04-CTDPFL000,temperature,temperature,,,L0,counts,GI02HYPM,WFP02,CTDPF
GI02HYPM-WFP02-04-CTDPFL000,conductivity,conductivity,,,L0,counts,GI02HYPM,WFP02,CTDPF
GI02HYPM-WFP02-04-CTDPFL000,pressure,pressure,,,L0,counts,GI02HYPM,WFP02,CTDPF
GI02HYPM-WFP02-04-CTDPFL000,ctdpf_ckl_seawater_pressure,ctdpf_ckl_seawater_pressure,0,6000,L1,dbar,GI02HYPM,WFP02,CTDPF
GI02HYPM-WFP02-04-CTDPFL000,ctdpf_ckl_seawater_temperature,ctdpf_ckl_seawater_temperature,-2,40,L1,deg_C,GI02HYPM,WFP02,CTDPF
GI02HYPM-WFP02-04-CTDPFL000,ctdpf_ckl_seawater_conductivity,ctdpf_ckl_seawater_conductivity,0,6,L1,S m-1,GI02HYPM,WFP02,CTDPF
GI02HYPM-WFP02-04-CTDPFL000,ctdpf_ckl_sci_water_pracsal,ctdpf_ckl_sci_water_pracsal,0,42,L2,1,GI02HYPM,WFP02,CTDPF
GI02HYPM-WFP02-04-CTDPFL000,ctdpf_ckl_seawater_density,ctdpf_ckl_seawater_density,1000,1100,L2,kg m-3,GI02HYPM,WFP02,CTDPF
GI02HYPM-WFP02-04-CTDPFL000,wfp_decimation_factor,wfp_decimation_factor,,,,1,GI02HYPM,WFP02,CTDPF
GI02HYPM-WFP02-04-CTDPFL000,time,time,,,ENG,seconds since 1900-01-01,GI02HYPM,WFP02,CTDPF
GI02HYPM-WFP02-04-CTDPFL000,ingestion_timestamp,ingestion_timestamp,,,ENG,seconds since 1900-01-01,GI02HYPM,WFP02,CTDPF
GI02HYPM-WFP02-05-VEL3DL000,driver_timestamp,driver_timestamp,,,ENG,seconds since 1900-01-01,GI02HYPM,WFP02,VEL3D
GI02HYPM-WFP02-05-VEL3DL000,internal_timestamp,internal_timestamp,,,ENG,seconds since 1900-01-01,GI02HYPM,WFP02,VEL3D
GI02HYPM-WFP02-05-VEL3DL000,preferred_timestamp,preferred_timestamp,,,ENG,1,GI02HYPM,WFP02,VEL3D
GI02HYPM-WFP02-05-VEL3DL000,vel3d_l_date_time_array,vel3d_l_date_time_array,,,AUX,1,GI02HYPM,WFP02,VEL3D
GI02HYPM-WFP02-05-VEL3DL000,vel3d_l_heading,vel3d_l_heading,,,AUX,degrees,GI02HYPM,WFP02,VEL3D
GI02HYPM-WFP02-05-VEL3DL000,vel3d_l_tx,vel3d_l_tx,,,AUX,degrees,GI02HYPM,WFP02,VEL3D
GI02HYPM-WFP02-05-VEL3DL000,vel3d_l_ty,vel3d_l_ty,,,AUX,degrees,GI02HYPM,WFP02,VEL3D
GI02HYPM-WFP02-05-VEL3DL000,vel3d_l_hx,vel3d_l_hx,,,AUX,1,GI02HYPM,WFP02,VEL3D
GI02HYPM-WFP02-05-VEL3DL000,vel3d_l_hy,vel3d_l_hy,,,AUX,1,GI02HYPM,WFP02,VEL3D
GI02HYPM-WFP02-05-VEL3DL000,vel3d_l_hz,vel3d_l_hz,,,AUX,1,GI02HYPM,WFP02,VEL3D
GI02HYPM-WFP02-05-VEL3DL000,vel3d_l_vp1,vel3d_l_vp1,,,,cm s-1,GI02HYPM,WFP02,VEL3D
GI02HYPM-WFP02-05-VEL3DL000,vel3d_l_vp2,vel3d_l_vp2,,,,cm s-1,GI02HYPM,WFP02,VEL3D
GI02HYPM-WFP02-05-VEL3DL000,vel3d_l_vp3,vel3d_l_vp3,,,,cm s-1,GI02HYPM,WFP02,VEL3D
GI02HYPM-WFP02-05-VEL3DL000,vel3d_l_vp4,vel3d_l_vp4,,,,cm s-1,GI02HYPM,WFP02,VEL3D
GI02HYPM-WFP02-05-VEL3DL000,vel3d_l_number_of_records,vel3d_l_number_of_records,,,,counts,GI02HYPM,WFP02,VEL3D
GI02HYPM-WFP02-05-VEL3DL000,vel3d_l_time_on,vel3d_l_time_on,,,,seconds since 1970-01-01,GI02HYPM,WFP02,VEL3D
GI02HYPM-WFP02-05-VEL3DL000,vel3d_l_time_off,vel3d_l_time_off,,,,seconds since 1970-01-01,GI02HYPM,WFP02,VEL3D
GI02HYPM-WFP02-05-VEL3DL000,vel3d_l_decimation_factor,vel3d_l_decimation_factor,,,,1,GI02HYPM,WFP02,VEL3D
GI02HYPM-WFP02-05-VEL3DL000,vel3d_l_controller_timestamp,vel3d_l_controller_timestamp,,,,seconds since 1970-01-01,GI02HYPM,WFP02,VEL3D
GI02HYPM-WFP02-05-VEL3DL000,serial_number,serial_number,,,ENG,1,GI02HYPM,WFP02,VEL3D
GI02HYPM-WFP02-05-VEL3DL000,vel3d_l_eastward_velocity,vel3d_l_eastward_velocity,-3,3,L1,m s-1,GI02HYPM,WFP02,VEL3D
GI02HYPM-WFP02-05-VEL3DL000,vel3d_l_northward_velocity,vel3d_l_northward_velocity,-3,3,L1,m s-1,GI02HYPM,WFP02,VEL3D
GI02HYPM-WFP02-05-VEL3DL000,vel3d_l_upward_velocity_ascending,vel3d_l_upward_velocity_ascending,-1,1,L1,m s-1,GI02HYPM,WFP02,VEL3D
GI02HYPM-WFP02-05-VEL3DL000,vel3d_l_upward_velocity_descending,vel3d_l_upward_velocity_descending,-1,1,L1,m s-1,GI02HYPM,WFP02,VEL3D
GI02HYPM-WFP02-05-VEL3DL000,time,time,,,ENG,seconds since 1900-01-01,GI02HYPM,WFP02,VEL3D
GI02HYPM-WFP02-05-VEL3DL000,ingestion_timestamp,ingestion_timestamp,,,ENG,seconds since 1900-01-01,GI02HYPM,WFP02,VEL3D
GI03FLMA-RI000-00-CTDMOH000,driver_timestamp,driver_timestamp,,,ENG,seconds since 1900-01-01,GI03FLMA,RI000,CTDMO
GI03FLMA-RI000-00-CTDMOH000,internal_timestamp,internal_timestamp,,,ENG,seconds since 1900-01-01,GI03FLMA,RI000,CTDMO
GI03FLMA-RI000-00-CTDMOH000,inductive_id,inductive_id,,,ENG,1,GI03FLMA,RI000,CTDMO
GI03FLMA-RI000-00-CTDMOH000,preferred_timestamp,preferred_timestamp,,,ENG,1,GI03FLMA,RI000,CTDMO
GI03FLMA-RI000-00-CTDMOH000,temperature,temperature,,,L0,counts,GI03FLMA,RI000,CTDMO
GI03FLMA-RI000-00-CTDMOH000,conductivity,conductivity,,,L0,counts,GI03FLMA,RI000,CTDMO
GI03FLMA-RI000-00-CTDMOH000,pressure,pressure,,,L0,counts,GI03FLMA,RI000,CTDMO
GI03FLMA-RI000-00-CTDMOH000,pressure_temp,pressure_temp,,,L0,counts,GI03FLMA,RI000,CTDMO
GI03FLMA-RI000-00-CTDMOH000,ctd_time,ctd_time,,,ENG,seconds since 2000-01-01,GI03FLMA,RI000,CTDMO
GI03FLMA-RI000-00-CTDMOH000,sio_controller_timestamp,sio_controller_timestamp,,,ENG,seconds since 1970-01-01,GI03FLMA,RI000,CTDMO
GI03FLMA-RI000-00-CTDMOH000,ctd_time_offset,ctd_time_offset,,,,s,GI03FLMA,RI000,CTDMO
GI03FLMA-RI000-00-CTDMOH000,ctdmo_seawater_pressure,ctdmo_seawater_pressure,0,6000,L1,dbar,GI03FLMA,RI000,CTDMO
GI03FLMA-RI000-00-CTDMOH000,ctdmo_seawater_temperature,ctdmo_seawater_temperature,-2,40,L1,deg_C,GI03FLMA,RI000,CTDMO
GI03FLMA-RI000-00-CTDMOH000,ctdmo_seawater_conductivity,ctdmo_seawater_conductivity,0,6,L1,S m-1,GI03FLMA,RI000,CTDMO
GI03FLMA-RI000-00-CTDMOH000,ctdmo_practical_salinity,ctdmo_practical_salinity,0,42,L2,(unitless),GI03FLMA,RI000,CTDMO
GI03FLMA-RI000-00-CTDMOH000,ctdmo_seawater_density,ctdmo_seawater_density,1000,1100,L2,kg m-3,GI03FLMA,RI000,CTDMO
GI03FLMA-RI000-00-CTDMOH000,serial_number,serial_number,,,ENG,1,GI03FLMA,RI000,CTDMO
GI03FLMA-RI000-00-CTDMOH000,time,time,,,ENG,seconds since 1900-01-01,GI03FLMA,RI000,CTDMO
GI03FLMA-RI000-00-CTDMOH000,ingestion_timestamp,ingestion_timestamp,,,ENG,seconds since 1900-01-01,GI03FLMA,RI000,CTDMO
GI03FLMA-RI000-00-CTDMOH100,driver_timestamp,driver_timestamp,,,ENG,seconds since 1900-01-01,GI03FLMA,RI000,CTDMO
GI03FLMA-RI000-00-CTDMOH100,internal_timestamp,internal_timestamp,,,ENG,seconds since 1900-01-01,GI03FLMA,RI000,CTDMO
GI03FLMA-RI000-00-CTDMOH100,inductive_id,inductive_id,,,ENG,1,GI03FLMA,RI000,CTDMO
GI03FLMA-RI000-00-CTDMOH100,preferred_timestamp,preferred_timestamp,,,ENG,1,GI03FLMA,RI000,CTDMO
GI03FLMA-RI000-00-CTDMOH100,temperature,temperature,,,L0,counts,GI03FLMA,RI000,CTDMO
GI03FLMA-RI000-00-CTDMOH100,conductivity,conductivity,,,L0,counts,GI03FLMA,RI000,CTDMO
GI03FLMA-RI000-00-CTDMOH100,pressure,pressure,,,L0,counts,GI03FLMA,RI000,CTDMO
GI03FLMA-RI000-00-CTDMOH100,pressure_temp,pressure_temp,,,L0,counts,GI03FLMA,RI000,CTDMO
GI03FLMA-RI000-00-CTDMOH100,ctd_time,ctd_time,,,ENG,seconds since 2000-01-01,GI03FLMA,RI000,CTDMO
GI03FLMA-RI000-00-CTDMOH100,sio_controller_timestamp,sio_controller_timestamp,,,ENG,seconds since 1970-01-01,GI03FLMA,RI000,CTDMO
GI03FLMA-RI000-00-CTDMOH100,ctd_time_offset,ctd_time_offset,,,,s,GI03FLMA,RI000,CTDMO
GI03FLMA-RI000-00-CTDMOH100,ctdmo_seawater_pressure,ctdmo_seawater_pressure,0,6000,L1,dbar,GI03FLMA,RI000,CTDMO
GI03FLMA-RI000-00-CTDMOH100,ctdmo_seawater_temperature,ctdmo_seawater_temperature,-2,40,L1,deg_C,GI03FLMA,RI000,CTDMO
GI03FLMA-RI000-00-CTDMOH100,ctdmo_seawater_conductivity,ctdmo_seawater_conductivity,0,6,L1,S m-1,GI03FLMA,RI000,CTDMO
GI03FLMA-RI000-00-CTDMOH100,ctdmo_practical_salinity,ctdmo_practical_salinity,0,42,L2,(unitless),GI03FLMA,RI000,CTDMO
GI03FLMA-RI000-00-CTDMOH100,ctdmo_seawater_density,ctdmo_seawater_density,1000,1100,L2,kg m-3,GI03FLMA,RI000,CTDMO
GI03FLMA-RI000-00-CTDMOH100,serial_number,serial_number,,,ENG,1,GI03FLMA,RI000,CTDMO
GI03FLMA-RI000-00-CTDMOH100,time,time,,,ENG,seconds since 1900-01-01,GI03FLMA,RI000,CTDMO
GI03FLMA-RI000-00-CTDMOH100,ingestion_timestamp,ingestion_timestamp,,,ENG,seconds since 1900-01-01,GI03FLMA,RI000,CTDMO
GI03FLMA-RI000-00-CTDMOH400,driver_timestamp,driver_timestamp,,,ENG,seconds since 1900-01-01,GI03FLMA,RI000,CTDMO
GI03FLMA-RI000-00-CTDMOH400,internal_timestamp,internal_timestamp,,,ENG,seconds since 1900-01-01,GI03FLMA,RI000,CTDMO
GI03FLMA-RI000-00-CTDMOH400,inductive_id,inductive_id,,,ENG,1,GI03FLMA,RI000,CTDMO
GI03FLMA-RI000-00-CTDMOH400,preferred_timestamp,preferred_timestamp,,,ENG,1,GI03FLMA,RI000,CTDMO
GI03FLMA-RI000-00-CTDMOH400,temperature,temperature,,,L0,counts,GI03FLMA,RI000,CTDMO
GI03FLMA-RI000-00-CTDMOH400,conductivity,conductivity,,,L0,counts,GI03FLMA,RI000,CTDMO
GI03FLMA-RI000-00-CTDMOH400,pressure,pressure,,,L0,counts,GI03FLMA,RI000,CTDMO
GI03FLMA-RI000-00-CTDMOH400,pressure_temp,pressure_temp,,,L0,counts,GI03FLMA,RI000,CTDMO
GI03FLMA-RI000-00-CTDMOH400,ctd_time,ctd_time,,,ENG,seconds since 2000-01-01,GI03FLMA,RI000,CTDMO
GI03FLMA-RI000-00-CTDMOH400,sio_controller_timestamp,sio_controller_timestamp,,,ENG,seconds since 1970-01-01,GI03FLMA,RI000,CTDMO
GI03FLMA-RI000-00-CTDMOH400,ctd_time_offset,ctd_time_offset,,,,s,GI03FLMA,RI000,CTDMO
GI03FLMA-RI000-00-CTDMOH400,ctdmo_seawater_pressure,ctdmo_seawater_pressure,0,6000,L1,dbar,GI03FLMA,RI000,CTDMO
GI03FLMA-RI000-00-CTDMOH400,ctdmo_seawater_temperature,ctdmo_seawater_temperature,-2,40,L1,deg_C,GI03FLMA,RI000,CTDMO
GI03FLMA-RI000-00-CTDMOH400,ctdmo_seawater_conductivity,ctdmo_seawater_conductivity,0,6,L1,S m-1,GI03FLMA,RI000,CTDMO
GI03FLMA-RI000-00-CTDMOH400,ctdmo_practical_salinity,ctdmo_practical_salinity,0,42,L2,(unitless),GI03FLMA,RI000,CTDMO
GI03FLMA-RI000-00-CTDMOH400,ctdmo_seawater_density,ctdmo_seawater_density,1000,1100,L2,kg m-3,GI03FLMA,RI000,CTDMO
GI03FLMA-RI000-00-CTDMOH400,serial_number,serial_number,,,ENG,1,GI03FLMA,RI000,CTDMO
GI03FLMA-RI000-00-CTDMOH400,time,time,,,ENG,seconds since 1900-01-01,GI03FLMA,RI000,CTDMO
GI03FLMA-RI000-00-CTDMOH400,ingestion_timestamp,ingestion_timestamp,,,ENG,seconds since 1900-01-01,GI03FLMA,RI000,CTDMO
GI03FLMA-RI000-00-CTDMOH700,driver_timestamp,driver_timestamp,,,ENG,seconds since 1900-01-01,GI03FLMA,RI000,CTDMO
GI03FLMA-RI000-00-CTDMOH700,internal_timestamp,internal_timestamp,,,ENG,seconds since 1900-01-01,GI03FLMA,RI000,CTDMO
GI03FLMA-RI000-00-CTDMOH700,inductive_id,inductive_id,,,ENG,1,GI03FLMA,RI000,CTDMO
GI03FLMA-RI000-00-CTDMOH700,preferred_timestamp,preferred_timestamp,,,ENG,1,GI03FLMA,RI000,CTDMO
GI03FLMA-RI000-00-CTDMOH700,temperature,temperature,,,L0,counts,GI03FLMA,RI000,CTDMO
GI03FLMA-RI000-00-CTDMOH700,conductivity,conductivity,,,L0,counts,GI03FLMA,RI000,CTDMO
GI03FLMA-RI000-00-CTDMOH700,pressure,pressure,,,L0,counts,GI03FLMA,RI000,CTDMO
GI03FLMA-RI000-00-CTDMOH700,pressure_temp,pressure_temp,,,L0,counts,GI03FLMA,RI000,CTDMO
GI03FLMA-RI000-00-CTDMOH700,ctd_time,ctd_time,,,ENG,seconds since 2000-01-01,GI03FLMA,RI000,CTDMO
GI03FLMA-RI000-00-CTDMOH700,sio_controller_timestamp,sio_controller_timestamp,,,ENG,seconds since 1970-01-01,GI03FLMA,RI000,CTDMO
GI03FLMA-RI000-00-CTDMOH700,ctd_time_offset,ctd_time_offset,,,,s,GI03FLMA,RI000,CTDMO
GI03FLMA-RI000-00-CTDMOH700,ctdmo_seawater_pressure,ctdmo_seawater_pressure,0,6000,L1,dbar,GI03FLMA,RI000,CTDMO
GI03FLMA-RI000-00-CTDMOH700,ctdmo_seawater_temperature,ctdmo_seawater_temperature,-2,40,L1,deg_C,GI03FLMA,RI000,CTDMO
GI03FLMA-RI000-00-CTDMOH700,ctdmo_seawater_conductivity,ctdmo_seawater_conductivity,0,6,L1,S m-1,GI03FLMA,RI000,CTDMO
GI03FLMA-RI000-00-CTDMOH700,ctdmo_practical_salinity,ctdmo_practical_salinity,0,42,L2,(unitless),GI03FLMA,RI000,CTDMO
GI03FLMA-RI000-00-CTDMOH700,ctdmo_seawater_density,ctdmo_seawater_density,1000,1100,L2,kg m-3,GI03FLMA,RI000,CTDMO
GI03FLMA-RI000-00-CTDMOH700,serial_number,serial_number,,,ENG,1,GI03FLMA,RI000,CTDMO
GI03FLMA-RI000-00-CTDMOH700,time,time,,,ENG,seconds since 1900-01-01,GI03FLMA,RI000,CTDMO
GI03FLMA-RI000-00-CTDMOH700,ingestion_timestamp,ingestion_timestamp,,,ENG,seconds since 1900-01-01,GI03FLMA,RI000,CTDMO
GI03FLMA-RI000-00-VELPTB000,driver_timestamp,driver_timestamp,,,ENG,seconds since 1900-01-01,GI03FLMA,RI000,VELPT
GI03FLMA-RI000-00-VELPTB000,firmware_version,firmware_version,,,,1,GI03FLMA,RI000,VELPT
GI03FLMA-RI000-00-VELPTB000,eastward_velocity,eastward_velocity,-3,3,L1,m s-1,GI03FLMA,RI000,VELPT
GI03FLMA-RI000-00-VELPTB000,northward_velocity,northward_velocity,-3,3,L1,m s-1,GI03FLMA,RI000,VELPT
GI03FLMA-RI000-00-VELPTB000,upward_velocity,upward_velocity,-1,1,L1,m s-1,GI03FLMA,RI000,VELPT
GI03FLMA-RI000-00-VELPTB000,internal_timestamp,internal_timestamp,,,ENG,seconds since 1900-01-01,GI03FLMA,RI000,VELPT
GI03FLMA-RI000-00-VELPTB000,preferred_timestamp,preferred_timestamp,,,ENG,1,GI03FLMA,RI000,VELPT
GI03FLMA-RI000-00-VELPTB000,velpt_ab_eastward_velocity,velpt_ab_eastward_velocity,-3,3,L1,m s-1,GI03FLMA,RI000,VELPT
GI03FLMA-RI000-00-VELPTB000,velpt_ab_northward_velocity,velpt_ab_northward_velocity,-3,3,L1,m s-1,GI03FLMA,RI000,VELPT
GI03FLMA-RI000-00-VELPTB000,velpt_ab_upward_velocity,velpt_ab_upward_velocity,-1,1,L1,m s-1,GI03FLMA,RI000,VELPT
GI03FLMA-RI000-00-VELPTB000,number_of_beam_sequences,number_of_beam_sequences,,,,counts,GI03FLMA,RI000,VELPT
GI03FLMA-RI000-00-VELPTB000,number_of_beams_in_diagnostics_mode,number_of_beams_in_diagnostics_mode,,,,counts,GI03FLMA,RI000,VELPT
GI03FLMA-RI000-00-VELPTB000,reserved_bit_easyq,reserved_bit_easyq,,,,1,GI03FLMA,RI000,VELPT
GI03FLMA-RI000-00-VELPTB000,battery_voltage_dv,battery_voltage_dv,,,AUX,dV,GI03FLMA,RI000,VELPT
GI03FLMA-RI000-00-VELPTB000,sound_speed_dms,sound_speed_dms,,,AUX,dm s-1,GI03FLMA,RI000,VELPT
GI03FLMA-RI000-00-VELPTB000,heading_decidegree,heading_decidegree,,,AUX,deci-degrees,GI03FLMA,RI000,VELPT
GI03FLMA-RI000-00-VELPTB000,roll_decidegree,roll_decidegree,,,AUX,deci-degrees,GI03FLMA,RI000,VELPT
GI03FLMA-RI000-00-VELPTB000,pitch_decidegree,pitch_decidegree,,,AUX,deci-degrees,GI03FLMA,RI000,VELPT
GI03FLMA-RI000-00-VELPTB000,temperature_centidegree,temperature_centidegree,,,AUX,cdeg_C,GI03FLMA,RI000,VELPT
GI03FLMA-RI000-00-VELPTB000,pressure_mbar,pressure_mbar,,,AUX,0.001 dbar,GI03FLMA,RI000,VELPT
GI03FLMA-RI000-00-VELPTB000,error_code,error_code,,,,1,GI03FLMA,RI000,VELPT
GI03FLMA-RI000-00-VELPTB000,analog1,analog1,,,,1,GI03FLMA,RI000,VELPT
GI03FLMA-RI000-00-VELPTB000,status,status,,,,1,GI03FLMA,RI000,VELPT
GI03FLMA-RI000-00-VELPTB000,velocity_beam1,velocity_beam1,,,L0,mm s-1,GI03FLMA,RI000,VELPT
GI03FLMA-RI000-00-VELPTB000,velocity_beam2,velocity_beam2,,,L0,mm s-1,GI03FLMA,RI000,VELPT
GI03FLMA-RI000-00-VELPTB000,velocity_beam3,velocity_beam3,,,L0,mm s-1,GI03FLMA,RI000,VELPT
GI03FLMA-RI000-00-VELPTB000,amplitude_beam1,amplitude_beam1,,,AUX,counts,GI03FLMA,RI000,VELPT
GI03FLMA-RI000-00-VELPTB000,amplitude_beam2,amplitude_beam2,,,AUX,counts,GI03FLMA,RI000,VELPT
GI03FLMA-RI000-00-VELPTB000,amplitude_beam3,amplitude_beam3,,,AUX,counts,GI03FLMA,RI000,VELPT
GI03FLMA-RI000-00-VELPTB000,records_to_follow,records_to_follow,,,,1,GI03FLMA,RI000,VELPT
GI03FLMA-RI000-00-VELPTB000,cell_number_diagnostics,cell_number_diagnostics,,,,1,GI03FLMA,RI000,VELPT
GI03FLMA-RI000-00-VELPTB000,noise_amplitude_beam1,noise_amplitude_beam1,,,,counts,GI03FLMA,RI000,VELPT
GI03FLMA-RI000-00-VELPTB000,noise_amplitude_beam2,noise_amplitude_beam2,,,,counts,GI03FLMA,RI000,VELPT
GI03FLMA-RI000-00-VELPTB000,noise_amplitude_beam3,noise_amplitude_beam3,,,,counts,GI03FLMA,RI000,VELPT
GI03FLMA-RI000-00-VELPTB000,noise_amplitude_beam4,noise_amplitude_beam4,,,,counts,GI03FLMA,RI000,VELPT
GI03FLMA-RI000-00-VELPTB000,processing_magnitude_beam1,processing_magnitude_beam1,,,,1,GI03FLMA,RI000,VELPT
GI03FLMA-RI000-00-VELPTB000,processing_magnitude_beam2,processing_magnitude_beam2,,,,1,GI03FLMA,RI000,VELPT
GI03FLMA-RI000-00-VELPTB000,processing_magnitude_beam3,processing_magnitude_beam3,,,,1,GI03FLMA,RI000,VELPT
GI03FLMA-RI000-00-VELPTB000,processing_magnitude_beam4,processing_magnitude_beam4,,,,1,GI03FLMA,RI000,VELPT
GI03FLMA-RI000-00-VELPTB000,distance_beam1,distance_beam1,,,,1,GI03FLMA,RI000,VELPT
GI03FLMA-RI000-00-VELPTB000,distance_beam2,distance_beam2,,,,1,GI03FLMA,RI000,VELPT
GI03FLMA-RI000-00-VELPTB000,distance_beam3,distance_beam3,,,,1,GI03FLMA,RI000,VELPT
GI03FLMA-RI000-00-VELPTB000,distance_beam4,distance_beam4,,,,1,GI03FLMA,RI000,VELPT
GI03FLMA-RI000-00-VELPTB000,instrmt_type_serial_number,instrmt_type_serial_number,,,,1,GI03FLMA,RI000,VELPT
GI03FLMA-RI000-00-VELPTB000,pic_version,pic_version,,,,1,GI03FLMA,RI000,VELPT
GI03FLMA-RI000-00-VELPTB000,hardware_revision,hardware_revision,,,,1,GI03FLMA,RI000,VELPT
GI03FLMA-RI000-00-VELPTB000,recorder_size,recorder_size,,,,bytes,GI03FLMA,RI000,VELPT
GI03FLMA-RI000-00-VELPTB000,velocity_range,velocity_range,,,,1,GI03FLMA,RI000,VELPT
GI03FLMA-RI000-00-VELPTB000,pressure_sensor,pressure_sensor,,,,1,GI03FLMA,RI000,VELPT
GI03FLMA-RI000-00-VELPTB000,magnetometer_sensor,magnetometer_sensor,,,,1,GI03FLMA,RI000,VELPT
GI03FLMA-RI000-00-VELPTB000,tilt_sensor,tilt_sensor,,,,1,GI03FLMA,RI000,VELPT
GI03FLMA-RI000-00-VELPTB000,tilt_sensor_mounting,tilt_sensor_mounting,,,,1,GI03FLMA,RI000,VELPT
GI03FLMA-RI000-00-VELPTB000,head_frequency,head_frequency,,,,kHz,GI03FLMA,RI000,VELPT
GI03FLMA-RI000-00-VELPTB000,head_type,head_type,,,,1,GI03FLMA,RI000,VELPT
GI03FLMA-RI000-00-VELPTB000,head_serial_number,head_serial_number,,,,1,GI03FLMA,RI000,VELPT
GI03FLMA-RI000-00-VELPTB000,number_beams,number_beams,,,,1,GI03FLMA,RI000,VELPT
GI03FLMA-RI000-00-VELPTB000,transmit_pulse_length,transmit_pulse_length,,,,counts,GI03FLMA,RI000,VELPT
GI03FLMA-RI000-00-VELPTB000,blanking_distance,blanking_distance,,,,counts,GI03FLMA,RI000,VELPT
GI03FLMA-RI000-00-VELPTB000,receive_length,receive_length,,,,counts,GI03FLMA,RI000,VELPT
GI03FLMA-RI000-00-VELPTB000,time_between_pings,time_between_pings,,,,counts,GI03FLMA,RI000,VELPT
GI03FLMA-RI000-00-VELPTB000,time_between_bursts,time_between_bursts,,,,counts,GI03FLMA,RI000,VELPT
GI03FLMA-RI000-00-VELPTB000,average_interval,average_interval,,,,s,GI03FLMA,RI000,VELPT
GI03FLMA-RI000-00-VELPTB000,compass_update_rate,compass_update_rate,,,,Hz,GI03FLMA,RI000,VELPT
GI03FLMA-RI000-00-VELPTB000,coordinate_system,coordinate_system,,,,1,GI03FLMA,RI000,VELPT
GI03FLMA-RI000-00-VELPTB000,number_cells,number_cells,,,,1,GI03FLMA,RI000,VELPT
GI03FLMA-RI000-00-VELPTB000,measurement_interval,measurement_interval,,,,s,GI03FLMA,RI000,VELPT
GI03FLMA-RI000-00-VELPTB000,deployment_name,deployment_name,,,,1,GI03FLMA,RI000,VELPT
GI03FLMA-RI000-00-VELPTB000,diagnostics_interval,diagnostics_interval,,,,s,GI03FLMA,RI000,VELPT
GI03FLMA-RI000-00-VELPTB000,use_specified_sound_speed,use_specified_sound_speed,,,,1,GI03FLMA,RI000,VELPT
GI03FLMA-RI000-00-VELPTB000,diagnostics_mode_enable,diagnostics_mode_enable,,,,1,GI03FLMA,RI000,VELPT
GI03FLMA-RI000-00-VELPTB000,analog_output_enable,analog_output_enable,,,,1,GI03FLMA,RI000,VELPT
GI03FLMA-RI000-00-VELPTB000,output_format_nortek,output_format_nortek,,,,1,GI03FLMA,RI000,VELPT
GI03FLMA-RI000-00-VELPTB000,scaling,scaling,,,,1,GI03FLMA,RI000,VELPT
GI03FLMA-RI000-00-VELPTB000,serial_output_enable,serial_output_enable,,,,1,GI03FLMA,RI000,VELPT
GI03FLMA-RI000-00-VELPTB000,stage_enable,stage_enable,,,,1,GI03FLMA,RI000,VELPT
GI03FLMA-RI000-00-VELPTB000,analog_power_output,analog_power_output,,,,1,GI03FLMA,RI000,VELPT
GI03FLMA-RI000-00-VELPTB000,sound_speed_adjust_factor,sound_speed_adjust_factor,,,,m s-1,GI03FLMA,RI000,VELPT
GI03FLMA-RI000-00-VELPTB000,number_diagnostics_samples,number_diagnostics_samples,,,,1,GI03FLMA,RI000,VELPT
GI03FLMA-RI000-00-VELPTB000,number_pings_diagnostic,number_pings_diagnostic,,,,1,GI03FLMA,RI000,VELPT
GI03FLMA-RI000-00-VELPTB000,software_version,software_version,,,,1,GI03FLMA,RI000,VELPT
GI03FLMA-RI000-00-VELPTB000,correlation_threshold,correlation_threshold,,,,1,GI03FLMA,RI000,VELPT
GI03FLMA-RI000-00-VELPTB000,time,time,,,ENG,seconds since 1900-01-01,GI03FLMA,RI000,VELPT
GI03FLMA-RI000-00-VELPTB000,ingestion_timestamp,ingestion_timestamp,,,ENG,seconds since 1900-01-01,GI03FLMA,RI000,VELPT
GI03FLMA-RI000-00-VELPTB000,date_time_string,date_time_string,,,,1,GI03FLMA,RI000,VELPT
GI03FLMA-RI000-00-VELPTB100,driver_timestamp,driver_timestamp,,,ENG,seconds since 1900-01-01,GI03FLMA,RI000,VELPT
GI03FLMA-RI000-00-VELPTB100,firmware_version,firmware_version,,,,1,GI03FLMA,RI000,VELPT
GI03FLMA-RI000-00-VELPTB100,eastward_velocity,eastward_velocity,-3,3,L1,m s-1,GI03FLMA,RI000,VELPT
GI03FLMA-RI000-00-VELPTB100,northward_velocity,northward_velocity,-3,3,L1,m s-1,GI03FLMA,RI000,VELPT
GI03FLMA-RI000-00-VELPTB100,upward_velocity,upward_velocity,-1,1,L1,m s-1,GI03FLMA,RI000,VELPT
GI03FLMA-RI000-00-VELPTB100,internal_timestamp,internal_timestamp,,,ENG,seconds since 1900-01-01,GI03FLMA,RI000,VELPT
GI03FLMA-RI000-00-VELPTB100,preferred_timestamp,preferred_timestamp,,,ENG,1,GI03FLMA,RI000,VELPT
GI03FLMA-RI000-00-VELPTB100,velpt_ab_eastward_velocity,velpt_ab_eastward_velocity,-3,3,L1,m s-1,GI03FLMA,RI000,VELPT
GI03FLMA-RI000-00-VELPTB100,velpt_ab_northward_velocity,velpt_ab_northward_velocity,-3,3,L1,m s-1,GI03FLMA,RI000,VELPT
GI03FLMA-RI000-00-VELPTB100,velpt_ab_upward_velocity,velpt_ab_upward_velocity,-1,1,L1,m s-1,GI03FLMA,RI000,VELPT
GI03FLMA-RI000-00-VELPTB100,number_of_beam_sequences,number_of_beam_sequences,,,,counts,GI03FLMA,RI000,VELPT
GI03FLMA-RI000-00-VELPTB100,number_of_beams_in_diagnostics_mode,number_of_beams_in_diagnostics_mode,,,,counts,GI03FLMA,RI000,VELPT
GI03FLMA-RI000-00-VELPTB100,reserved_bit_easyq,reserved_bit_easyq,,,,1,GI03FLMA,RI000,VELPT
GI03FLMA-RI000-00-VELPTB100,battery_voltage_dv,battery_voltage_dv,,,AUX,dV,GI03FLMA,RI000,VELPT
GI03FLMA-RI000-00-VELPTB100,sound_speed_dms,sound_speed_dms,,,AUX,dm s-1,GI03FLMA,RI000,VELPT
GI03FLMA-RI000-00-VELPTB100,heading_decidegree,heading_decidegree,,,AUX,deci-degrees,GI03FLMA,RI000,VELPT
GI03FLMA-RI000-00-VELPTB100,roll_decidegree,roll_decidegree,,,AUX,deci-degrees,GI03FLMA,RI000,VELPT
GI03FLMA-RI000-00-VELPTB100,pitch_decidegree,pitch_decidegree,,,AUX,deci-degrees,GI03FLMA,RI000,VELPT
GI03FLMA-RI000-00-VELPTB100,temperature_centidegree,temperature_centidegree,,,AUX,cdeg_C,GI03FLMA,RI000,VELPT
GI03FLMA-RI000-00-VELPTB100,pressure_mbar,pressure_mbar,,,AUX,0.001 dbar,GI03FLMA,RI000,VELPT
GI03FLMA-RI000-00-VELPTB100,error_code,error_code,,,,1,GI03FLMA,RI000,VELPT
GI03FLMA-RI000-00-VELPTB100,analog1,analog1,,,,1,GI03FLMA,RI000,VELPT
GI03FLMA-RI000-00-VELPTB100,status,status,,,,1,GI03FLMA,RI000,VELPT
GI03FLMA-RI000-00-VELPTB100,velocity_beam1,velocity_beam1,,,L0,mm s-1,GI03FLMA,RI000,VELPT
GI03FLMA-RI000-00-VELPTB100,velocity_beam2,velocity_beam2,,,L0,mm s-1,GI03FLMA,RI000,VELPT
GI03FLMA-RI000-00-VELPTB100,velocity_beam3,velocity_beam3,,,L0,mm s-1,GI03FLMA,RI000,VELPT
GI03FLMA-RI000-00-VELPTB100,amplitude_beam1,amplitude_beam1,,,AUX,counts,GI03FLMA,RI000,VELPT
GI03FLMA-RI000-00-VELPTB100,amplitude_beam2,amplitude_beam2,,,AUX,counts,GI03FLMA,RI000,VELPT
GI03FLMA-RI000-00-VELPTB100,amplitude_beam3,amplitude_beam3,,,AUX,counts,GI03FLMA,RI000,VELPT
GI03FLMA-RI000-00-VELPTB100,records_to_follow,records_to_follow,,,,1,GI03FLMA,RI000,VELPT
GI03FLMA-RI000-00-VELPTB100,cell_number_diagnostics,cell_number_diagnostics,,,,1,GI03FLMA,RI000,VELPT
GI03FLMA-RI000-00-VELPTB100,noise_amplitude_beam1,noise_amplitude_beam1,,,,counts,GI03FLMA,RI000,VELPT
GI03FLMA-RI000-00-VELPTB100,noise_amplitude_beam2,noise_amplitude_beam2,,,,counts,GI03FLMA,RI000,VELPT
GI03FLMA-RI000-00-VELPTB100,noise_amplitude_beam3,noise_amplitude_beam3,,,,counts,GI03FLMA,RI000,VELPT
GI03FLMA-RI000-00-VELPTB100,noise_amplitude_beam4,noise_amplitude_beam4,,,,counts,GI03FLMA,RI000,VELPT
GI03FLMA-RI000-00-VELPTB100,processing_magnitude_beam1,processing_magnitude_beam1,,,,1,GI03FLMA,RI000,VELPT
GI03FLMA-RI000-00-VELPTB100,processing_magnitude_beam2,processing_magnitude_beam2,,,,1,GI03FLMA,RI000,VELPT
GI03FLMA-RI000-00-VELPTB100,processing_magnitude_beam3,processing_magnitude_beam3,,,,1,GI03FLMA,RI000,VELPT
GI03FLMA-RI000-00-VELPTB100,processing_magnitude_beam4,processing_magnitude_beam4,,,,1,GI03FLMA,RI000,VELPT
GI03FLMA-RI000-00-VELPTB100,distance_beam1,distance_beam1,,,,1,GI03FLMA,RI000,VELPT
GI03FLMA-RI000-00-VELPTB100,distance_beam2,distance_beam2,,,,1,GI03FLMA,RI000,VELPT
GI03FLMA-RI000-00-VELPTB100,distance_beam3,distance_beam3,,,,1,GI03FLMA,RI000,VELPT
GI03FLMA-RI000-00-VELPTB100,distance_beam4,distance_beam4,,,,1,GI03FLMA,RI000,VELPT
GI03FLMA-RI000-00-VELPTB100,instrmt_type_serial_number,instrmt_type_serial_number,,,,1,GI03FLMA,RI000,VELPT
GI03FLMA-RI000-00-VELPTB100,pic_version,pic_version,,,,1,GI03FLMA,RI000,VELPT
GI03FLMA-RI000-00-VELPTB100,hardware_revision,hardware_revision,,,,1,GI03FLMA,RI000,VELPT
GI03FLMA-RI000-00-VELPTB100,recorder_size,recorder_size,,,,bytes,GI03FLMA,RI000,VELPT
GI03FLMA-RI000-00-VELPTB100,velocity_range,velocity_range,,,,1,GI03FLMA,RI000,VELPT
GI03FLMA-RI000-00-VELPTB100,pressure_sensor,pressure_sensor,,,,1,GI03FLMA,RI000,VELPT
GI03FLMA-RI000-00-VELPTB100,magnetometer_sensor,magnetometer_sensor,,,,1,GI03FLMA,RI000,VELPT
GI03FLMA-RI000-00-VELPTB100,tilt_sensor,tilt_sensor,,,,1,GI03FLMA,RI000,VELPT
GI03FLMA-RI000-00-VELPTB100,tilt_sensor_mounting,tilt_sensor_mounting,,,,1,GI03FLMA,RI000,VELPT
GI03FLMA-RI000-00-VELPTB100,head_frequency,head_frequency,,,,kHz,GI03FLMA,RI000,VELPT
GI03FLMA-RI000-00-VELPTB100,head_type,head_type,,,,1,GI03FLMA,RI000,VELPT
GI03FLMA-RI000-00-VELPTB100,head_serial_number,head_serial_number,,,,1,GI03FLMA,RI000,VELPT
GI03FLMA-RI000-00-VELPTB100,number_beams,number_beams,,,,1,GI03FLMA,RI000,VELPT
GI03FLMA-RI000-00-VELPTB100,transmit_pulse_length,transmit_pulse_length,,,,counts,GI03FLMA,RI000,VELPT
GI03FLMA-RI000-00-VELPTB100,blanking_distance,blanking_distance,,,,counts,GI03FLMA,RI000,VELPT
GI03FLMA-RI000-00-VELPTB100,receive_length,receive_length,,,,counts,GI03FLMA,RI000,VELPT
GI03FLMA-RI000-00-VELPTB100,time_between_pings,time_between_pings,,,,counts,GI03FLMA,RI000,VELPT
GI03FLMA-RI000-00-VELPTB100,time_between_bursts,time_between_bursts,,,,counts,GI03FLMA,RI000,VELPT
GI03FLMA-RI000-00-VELPTB100,average_interval,average_interval,,,,s,GI03FLMA,RI000,VELPT
GI03FLMA-RI000-00-VELPTB100,compass_update_rate,compass_update_rate,,,,Hz,GI03FLMA,RI000,VELPT
GI03FLMA-RI000-00-VELPTB100,coordinate_system,coordinate_system,,,,1,GI03FLMA,RI000,VELPT
GI03FLMA-RI000-00-VELPTB100,number_cells,number_cells,,,,1,GI03FLMA,RI000,VELPT
GI03FLMA-RI000-00-VELPTB100,measurement_interval,measurement_interval,,,,s,GI03FLMA,RI000,VELPT
GI03FLMA-RI000-00-VELPTB100,deployment_name,deployment_name,,,,1,GI03FLMA,RI000,VELPT
GI03FLMA-RI000-00-VELPTB100,diagnostics_interval,diagnostics_interval,,,,s,GI03FLMA,RI000,VELPT
GI03FLMA-RI000-00-VELPTB100,use_specified_sound_speed,use_specified_sound_speed,,,,1,GI03FLMA,RI000,VELPT
GI03FLMA-RI000-00-VELPTB100,diagnostics_mode_enable,diagnostics_mode_enable,,,,1,GI03FLMA,RI000,VELPT
GI03FLMA-RI000-00-VELPTB100,analog_output_enable,analog_output_enable,,,,1,GI03FLMA,RI000,VELPT
GI03FLMA-RI000-00-VELPTB100,output_format_nortek,output_format_nortek,,,,1,GI03FLMA,RI000,VELPT
GI03FLMA-RI000-00-VELPTB100,scaling,scaling,,,,1,GI03FLMA,RI000,VELPT
GI03FLMA-RI000-00-VELPTB100,serial_output_enable,serial_output_enable,,,,1,GI03FLMA,RI000,VELPT
GI03FLMA-RI000-00-VELPTB100,stage_enable,stage_enable,,,,1,GI03FLMA,RI000,VELPT
GI03FLMA-RI000-00-VELPTB100,analog_power_output,analog_power_output,,,,1,GI03FLMA,RI000,VELPT
GI03FLMA-RI000-00-VELPTB100,sound_speed_adjust_factor,sound_speed_adjust_factor,,,,m s-1,GI03FLMA,RI000,VELPT
GI03FLMA-RI000-00-VELPTB100,number_diagnostics_samples,number_diagnostics_samples,,,,1,GI03FLMA,RI000,VELPT
GI03FLMA-RI000-00-VELPTB100,number_pings_diagnostic,number_pings_diagnostic,,,,1,GI03FLMA,RI000,VELPT
GI03FLMA-RI000-00-VELPTB100,software_version,software_version,,,,1,GI03FLMA,RI000,VELPT
GI03FLMA-RI000-00-VELPTB100,correlation_threshold,correlation_threshold,,,,1,GI03FLMA,RI000,VELPT
GI03FLMA-RI000-00-VELPTB100,time,time,,,ENG,seconds since 1900-01-01,GI03FLMA,RI000,VELPT
GI03FLMA-RI000-00-VELPTB100,ingestion_timestamp,ingestion_timestamp,,,ENG,seconds since 1900-01-01,GI03FLMA,RI000,VELPT
GI03FLMA-RI000-00-VELPTB100,date_time_string,date_time_string,,,,1,GI03FLMA,RI000,VELPT
GI03FLMA-RI000-00-VELPTB400,driver_timestamp,driver_timestamp,,,ENG,seconds since 1900-01-01,GI03FLMA,RI000,VELPT
GI03FLMA-RI000-00-VELPTB400,firmware_version,firmware_version,,,,1,GI03FLMA,RI000,VELPT
GI03FLMA-RI000-00-VELPTB400,eastward_velocity,eastward_velocity,-3,3,L1,m s-1,GI03FLMA,RI000,VELPT
GI03FLMA-RI000-00-VELPTB400,northward_velocity,northward_velocity,-3,3,L1,m s-1,GI03FLMA,RI000,VELPT
GI03FLMA-RI000-00-VELPTB400,upward_velocity,upward_velocity,-1,1,L1,m s-1,GI03FLMA,RI000,VELPT
GI03FLMA-RI000-00-VELPTB400,internal_timestamp,internal_timestamp,,,ENG,seconds since 1900-01-01,GI03FLMA,RI000,VELPT
GI03FLMA-RI000-00-VELPTB400,preferred_timestamp,preferred_timestamp,,,ENG,1,GI03FLMA,RI000,VELPT
GI03FLMA-RI000-00-VELPTB400,velpt_ab_eastward_velocity,velpt_ab_eastward_velocity,-3,3,L1,m s-1,GI03FLMA,RI000,VELPT
GI03FLMA-RI000-00-VELPTB400,velpt_ab_northward_velocity,velpt_ab_northward_velocity,-3,3,L1,m s-1,GI03FLMA,RI000,VELPT
GI03FLMA-RI000-00-VELPTB400,velpt_ab_upward_velocity,velpt_ab_upward_velocity,-1,1,L1,m s-1,GI03FLMA,RI000,VELPT
GI03FLMA-RI000-00-VELPTB400,number_of_beam_sequences,number_of_beam_sequences,,,,counts,GI03FLMA,RI000,VELPT
GI03FLMA-RI000-00-VELPTB400,number_of_beams_in_diagnostics_mode,number_of_beams_in_diagnostics_mode,,,,counts,GI03FLMA,RI000,VELPT
GI03FLMA-RI000-00-VELPTB400,reserved_bit_easyq,reserved_bit_easyq,,,,1,GI03FLMA,RI000,VELPT
GI03FLMA-RI000-00-VELPTB400,battery_voltage_dv,battery_voltage_dv,,,AUX,dV,GI03FLMA,RI000,VELPT
GI03FLMA-RI000-00-VELPTB400,sound_speed_dms,sound_speed_dms,,,AUX,dm s-1,GI03FLMA,RI000,VELPT
GI03FLMA-RI000-00-VELPTB400,heading_decidegree,heading_decidegree,,,AUX,deci-degrees,GI03FLMA,RI000,VELPT
GI03FLMA-RI000-00-VELPTB400,roll_decidegree,roll_decidegree,,,AUX,deci-degrees,GI03FLMA,RI000,VELPT
GI03FLMA-RI000-00-VELPTB400,pitch_decidegree,pitch_decidegree,,,AUX,deci-degrees,GI03FLMA,RI000,VELPT
GI03FLMA-RI000-00-VELPTB400,temperature_centidegree,temperature_centidegree,,,AUX,cdeg_C,GI03FLMA,RI000,VELPT
GI03FLMA-RI000-00-VELPTB400,pressure_mbar,pressure_mbar,,,AUX,0.001 dbar,GI03FLMA,RI000,VELPT
GI03FLMA-RI000-00-VELPTB400,error_code,error_code,,,,1,GI03FLMA,RI000,VELPT
GI03FLMA-RI000-00-VELPTB400,analog1,analog1,,,,1,GI03FLMA,RI000,VELPT
GI03FLMA-RI000-00-VELPTB400,status,status,,,,1,GI03FLMA,RI000,VELPT
GI03FLMA-RI000-00-VELPTB400,velocity_beam1,velocity_beam1,,,L0,mm s-1,GI03FLMA,RI000,VELPT
GI03FLMA-RI000-00-VELPTB400,velocity_beam2,velocity_beam2,,,L0,mm s-1,GI03FLMA,RI000,VELPT
GI03FLMA-RI000-00-VELPTB400,velocity_beam3,velocity_beam3,,,L0,mm s-1,GI03FLMA,RI000,VELPT
GI03FLMA-RI000-00-VELPTB400,amplitude_beam1,amplitude_beam1,,,AUX,counts,GI03FLMA,RI000,VELPT
GI03FLMA-RI000-00-VELPTB400,amplitude_beam2,amplitude_beam2,,,AUX,counts,GI03FLMA,RI000,VELPT
GI03FLMA-RI000-00-VELPTB400,amplitude_beam3,amplitude_beam3,,,AUX,counts,GI03FLMA,RI000,VELPT
GI03FLMA-RI000-00-VELPTB400,records_to_follow,records_to_follow,,,,1,GI03FLMA,RI000,VELPT
GI03FLMA-RI000-00-VELPTB400,cell_number_diagnostics,cell_number_diagnostics,,,,1,GI03FLMA,RI000,VELPT
GI03FLMA-RI000-00-VELPTB400,noise_amplitude_beam1,noise_amplitude_beam1,,,,counts,GI03FLMA,RI000,VELPT
GI03FLMA-RI000-00-VELPTB400,noise_amplitude_beam2,noise_amplitude_beam2,,,,counts,GI03FLMA,RI000,VELPT
GI03FLMA-RI000-00-VELPTB400,noise_amplitude_beam3,noise_amplitude_beam3,,,,counts,GI03FLMA,RI000,VELPT
GI03FLMA-RI000-00-VELPTB400,noise_amplitude_beam4,noise_amplitude_beam4,,,,counts,GI03FLMA,RI000,VELPT
GI03FLMA-RI000-00-VELPTB400,processing_magnitude_beam1,processing_magnitude_beam1,,,,1,GI03FLMA,RI000,VELPT
GI03FLMA-RI000-00-VELPTB400,processing_magnitude_beam2,processing_magnitude_beam2,,,,1,GI03FLMA,RI000,VELPT
GI03FLMA-RI000-00-VELPTB400,processing_magnitude_beam3,processing_magnitude_beam3,,,,1,GI03FLMA,RI000,VELPT
GI03FLMA-RI000-00-VELPTB400,processing_magnitude_beam4,processing_magnitude_beam4,,,,1,GI03FLMA,RI000,VELPT
GI03FLMA-RI000-00-VELPTB400,distance_beam1,distance_beam1,,,,1,GI03FLMA,RI000,VELPT
GI03FLMA-RI000-00-VELPTB400,distance_beam2,distance_beam2,,,,1,GI03FLMA,RI000,VELPT
GI03FLMA-RI000-00-VELPTB400,distance_beam3,distance_beam3,,,,1,GI03FLMA,RI000,VELPT
GI03FLMA-RI000-00-VELPTB400,distance_beam4,distance_beam4,,,,1,GI03FLMA,RI000,VELPT
GI03FLMA-RI000-00-VELPTB400,instrmt_type_serial_number,instrmt_type_serial_number,,,,1,GI03FLMA,RI000,VELPT
GI03FLMA-RI000-00-VELPTB400,pic_version,pic_version,,,,1,GI03FLMA,RI000,VELPT
GI03FLMA-RI000-00-VELPTB400,hardware_revision,hardware_revision,,,,1,GI03FLMA,RI000,VELPT
GI03FLMA-RI000-00-VELPTB400,recorder_size,recorder_size,,,,bytes,GI03FLMA,RI000,VELPT
GI03FLMA-RI000-00-VELPTB400,velocity_range,velocity_range,,,,1,GI03FLMA,RI000,VELPT
GI03FLMA-RI000-00-VELPTB400,pressure_sensor,pressure_sensor,,,,1,GI03FLMA,RI000,VELPT
GI03FLMA-RI000-00-VELPTB400,magnetometer_sensor,magnetometer_sensor,,,,1,GI03FLMA,RI000,VELPT
GI03FLMA-RI000-00-VELPTB400,tilt_sensor,tilt_sensor,,,,1,GI03FLMA,RI000,VELPT
GI03FLMA-RI000-00-VELPTB400,tilt_sensor_mounting,tilt_sensor_mounting,,,,1,GI03FLMA,RI000,VELPT
GI03FLMA-RI000-00-VELPTB400,head_frequency,head_frequency,,,,kHz,GI03FLMA,RI000,VELPT
GI03FLMA-RI000-00-VELPTB400,head_type,head_type,,,,1,GI03FLMA,RI000,VELPT
GI03FLMA-RI000-00-VELPTB400,head_serial_number,head_serial_number,,,,1,GI03FLMA,RI000,VELPT
GI03FLMA-RI000-00-VELPTB400,number_beams,number_beams,,,,1,GI03FLMA,RI000,VELPT
GI03FLMA-RI000-00-VELPTB400,transmit_pulse_length,transmit_pulse_length,,,,counts,GI03FLMA,RI000,VELPT
GI03FLMA-RI000-00-VELPTB400,blanking_distance,blanking_distance,,,,counts,GI03FLMA,RI000,VELPT
GI03FLMA-RI000-00-VELPTB400,receive_length,receive_length,,,,counts,GI03FLMA,RI000,VELPT
GI03FLMA-RI000-00-VELPTB400,time_between_pings,time_between_pings,,,,counts,GI03FLMA,RI000,VELPT
GI03FLMA-RI000-00-VELPTB400,time_between_bursts,time_between_bursts,,,,counts,GI03FLMA,RI000,VELPT
GI03FLMA-RI000-00-VELPTB400,average_interval,average_interval,,,,s,GI03FLMA,RI000,VELPT
GI03FLMA-RI000-00-VELPTB400,compass_update_rate,compass_update_rate,,,,Hz,GI03FLMA,RI000,VELPT
GI03FLMA-RI000-00-VELPTB400,coordinate_system,coordinate_system,,,,1,GI03FLMA,RI000,VELPT
GI03FLMA-RI000-00-VELPTB400,number_cells,number_cells,,,,1,GI03FLMA,RI000,VELPT
GI03FLMA-RI000-00-VELPTB400,measurement_interval,measurement_interval,,,,s,GI03FLMA,RI000,VELPT
GI03FLMA-RI000-00-VELPTB400,deployment_name,deployment_name,,,,1,GI03FLMA,RI000,VELPT
GI03FLMA-RI000-00-VELPTB400,diagnostics_interval,diagnostics_interval,,,,s,GI03FLMA,RI000,VELPT
GI03FLMA-RI000-00-VELPTB400,use_specified_sound_speed,use_specified_sound_speed,,,,1,GI03FLMA,RI000,VELPT
GI03FLMA-RI000-00-VELPTB400,diagnostics_mode_enable,diagnostics_mode_enable,,,,1,GI03FLMA,RI000,VELPT
GI03FLMA-RI000-00-VELPTB400,analog_output_enable,analog_output_enable,,,,1,GI03FLMA,RI000,VELPT
GI03FLMA-RI000-00-VELPTB400,output_format_nortek,output_format_nortek,,,,1,GI03FLMA,RI000,VELPT
GI03FLMA-RI000-00-VELPTB400,scaling,scaling,,,,1,GI03FLMA,RI000,VELPT
GI03FLMA-RI000-00-VELPTB400,serial_output_enable,serial_output_enable,,,,1,GI03FLMA,RI000,VELPT
GI03FLMA-RI000-00-VELPTB400,stage_enable,stage_enable,,,,1,GI03FLMA,RI000,VELPT
GI03FLMA-RI000-00-VELPTB400,analog_power_output,analog_power_output,,,,1,GI03FLMA,RI000,VELPT
GI03FLMA-RI000-00-VELPTB400,sound_speed_adjust_factor,sound_speed_adjust_factor,,,,m s-1,GI03FLMA,RI000,VELPT
GI03FLMA-RI000-00-VELPTB400,number_diagnostics_samples,number_diagnostics_samples,,,,1,GI03FLMA,RI000,VELPT
GI03FLMA-RI000-00-VELPTB400,number_pings_diagnostic,number_pings_diagnostic,,,,1,GI03FLMA,RI000,VELPT
GI03FLMA-RI000-00-VELPTB400,software_version,software_version,,,,1,GI03FLMA,RI000,VELPT
GI03FLMA-RI000-00-VELPTB400,correlation_threshold,correlation_threshold,,,,1,GI03FLMA,RI000,VELPT
GI03FLMA-RI000-00-VELPTB400,time,time,,,ENG,seconds since 1900-01-01,GI03FLMA,RI000,VELPT
GI03FLMA-RI000-00-VELPTB400,ingestion_timestamp,ingestion_timestamp,,,ENG,seconds since 1900-01-01,GI03FLMA,RI000,VELPT
GI03FLMA-RI000-00-VELPTB400,date_time_string,date_time_string,,,,1,GI03FLMA,RI000,VELPT
GI03FLMA-RI000-00-VELPTB700,driver_timestamp,driver_timestamp,,,ENG,seconds since 1900-01-01,GI03FLMA,RI000,VELPT
GI03FLMA-RI000-00-VELPTB700,firmware_version,firmware_version,,,,1,GI03FLMA,RI000,VELPT
GI03FLMA-RI000-00-VELPTB700,eastward_velocity,eastward_velocity,-3,3,L1,m s-1,GI03FLMA,RI000,VELPT
GI03FLMA-RI000-00-VELPTB700,northward_velocity,northward_velocity,-3,3,L1,m s-1,GI03FLMA,RI000,VELPT
GI03FLMA-RI000-00-VELPTB700,upward_velocity,upward_velocity,-1,1,L1,m s-1,GI03FLMA,RI000,VELPT
GI03FLMA-RI000-00-VELPTB700,internal_timestamp,internal_timestamp,,,ENG,seconds since 1900-01-01,GI03FLMA,RI000,VELPT
GI03FLMA-RI000-00-VELPTB700,preferred_timestamp,preferred_timestamp,,,ENG,1,GI03FLMA,RI000,VELPT
GI03FLMA-RI000-00-VELPTB700,velpt_ab_eastward_velocity,velpt_ab_eastward_velocity,-3,3,L1,m s-1,GI03FLMA,RI000,VELPT
GI03FLMA-RI000-00-VELPTB700,velpt_ab_northward_velocity,velpt_ab_northward_velocity,-3,3,L1,m s-1,GI03FLMA,RI000,VELPT
GI03FLMA-RI000-00-VELPTB700,velpt_ab_upward_velocity,velpt_ab_upward_velocity,-1,1,L1,m s-1,GI03FLMA,RI000,VELPT
GI03FLMA-RI000-00-VELPTB700,number_of_beam_sequences,number_of_beam_sequences,,,,counts,GI03FLMA,RI000,VELPT
GI03FLMA-RI000-00-VELPTB700,number_of_beams_in_diagnostics_mode,number_of_beams_in_diagnostics_mode,,,,counts,GI03FLMA,RI000,VELPT
GI03FLMA-RI000-00-VELPTB700,reserved_bit_easyq,reserved_bit_easyq,,,,1,GI03FLMA,RI000,VELPT
GI03FLMA-RI000-00-VELPTB700,battery_voltage_dv,battery_voltage_dv,,,AUX,dV,GI03FLMA,RI000,VELPT
GI03FLMA-RI000-00-VELPTB700,sound_speed_dms,sound_speed_dms,,,AUX,dm s-1,GI03FLMA,RI000,VELPT
GI03FLMA-RI000-00-VELPTB700,heading_decidegree,heading_decidegree,,,AUX,deci-degrees,GI03FLMA,RI000,VELPT
GI03FLMA-RI000-00-VELPTB700,roll_decidegree,roll_decidegree,,,AUX,deci-degrees,GI03FLMA,RI000,VELPT
GI03FLMA-RI000-00-VELPTB700,pitch_decidegree,pitch_decidegree,,,AUX,deci-degrees,GI03FLMA,RI000,VELPT
GI03FLMA-RI000-00-VELPTB700,temperature_centidegree,temperature_centidegree,,,AUX,cdeg_C,GI03FLMA,RI000,VELPT
GI03FLMA-RI000-00-VELPTB700,pressure_mbar,pressure_mbar,,,AUX,0.001 dbar,GI03FLMA,RI000,VELPT
GI03FLMA-RI000-00-VELPTB700,error_code,error_code,,,,1,GI03FLMA,RI000,VELPT
GI03FLMA-RI000-00-VELPTB700,analog1,analog1,,,,1,GI03FLMA,RI000,VELPT
GI03FLMA-RI000-00-VELPTB700,status,status,,,,1,GI03FLMA,RI000,VELPT
GI03FLMA-RI000-00-VELPTB700,velocity_beam1,velocity_beam1,,,L0,mm s-1,GI03FLMA,RI000,VELPT
GI03FLMA-RI000-00-VELPTB700,velocity_beam2,velocity_beam2,,,L0,mm s-1,GI03FLMA,RI000,VELPT
GI03FLMA-RI000-00-VELPTB700,velocity_beam3,velocity_beam3,,,L0,mm s-1,GI03FLMA,RI000,VELPT
GI03FLMA-RI000-00-VELPTB700,amplitude_beam1,amplitude_beam1,,,AUX,counts,GI03FLMA,RI000,VELPT
GI03FLMA-RI000-00-VELPTB700,amplitude_beam2,amplitude_beam2,,,AUX,counts,GI03FLMA,RI000,VELPT
GI03FLMA-RI000-00-VELPTB700,amplitude_beam3,amplitude_beam3,,,AUX,counts,GI03FLMA,RI000,VELPT
GI03FLMA-RI000-00-VELPTB700,records_to_follow,records_to_follow,,,,1,GI03FLMA,RI000,VELPT
GI03FLMA-RI000-00-VELPTB700,cell_number_diagnostics,cell_number_diagnostics,,,,1,GI03FLMA,RI000,VELPT
GI03FLMA-RI000-00-VELPTB700,noise_amplitude_beam1,noise_amplitude_beam1,,,,counts,GI03FLMA,RI000,VELPT
GI03FLMA-RI000-00-VELPTB700,noise_amplitude_beam2,noise_amplitude_beam2,,,,counts,GI03FLMA,RI000,VELPT
GI03FLMA-RI000-00-VELPTB700,noise_amplitude_beam3,noise_amplitude_beam3,,,,counts,GI03FLMA,RI000,VELPT
GI03FLMA-RI000-00-VELPTB700,noise_amplitude_beam4,noise_amplitude_beam4,,,,counts,GI03FLMA,RI000,VELPT
GI03FLMA-RI000-00-VELPTB700,processing_magnitude_beam1,processing_magnitude_beam1,,,,1,GI03FLMA,RI000,VELPT
GI03FLMA-RI000-00-VELPTB700,processing_magnitude_beam2,processing_magnitude_beam2,,,,1,GI03FLMA,RI000,VELPT
GI03FLMA-RI000-00-VELPTB700,processing_magnitude_beam3,processing_magnitude_beam3,,,,1,GI03FLMA,RI000,VELPT
GI03FLMA-RI000-00-VELPTB700,processing_magnitude_beam4,processing_magnitude_beam4,,,,1,GI03FLMA,RI000,VELPT
GI03FLMA-RI000-00-VELPTB700,distance_beam1,distance_beam1,,,,1,GI03FLMA,RI000,VELPT
GI03FLMA-RI000-00-VELPTB700,distance_beam2,distance_beam2,,,,1,GI03FLMA,RI000,VELPT
GI03FLMA-RI000-00-VELPTB700,distance_beam3,distance_beam3,,,,1,GI03FLMA,RI000,VELPT
GI03FLMA-RI000-00-VELPTB700,distance_beam4,distance_beam4,,,,1,GI03FLMA,RI000,VELPT
GI03FLMA-RI000-00-VELPTB700,instrmt_type_serial_number,instrmt_type_serial_number,,,,1,GI03FLMA,RI000,VELPT
GI03FLMA-RI000-00-VELPTB700,pic_version,pic_version,,,,1,GI03FLMA,RI000,VELPT
GI03FLMA-RI000-00-VELPTB700,hardware_revision,hardware_revision,,,,1,GI03FLMA,RI000,VELPT
GI03FLMA-RI000-00-VELPTB700,recorder_size,recorder_size,,,,bytes,GI03FLMA,RI000,VELPT
GI03FLMA-RI000-00-VELPTB700,velocity_range,velocity_range,,,,1,GI03FLMA,RI000,VELPT
GI03FLMA-RI000-00-VELPTB700,pressure_sensor,pressure_sensor,,,,1,GI03FLMA,RI000,VELPT
GI03FLMA-RI000-00-VELPTB700,magnetometer_sensor,magnetometer_sensor,,,,1,GI03FLMA,RI000,VELPT
GI03FLMA-RI000-00-VELPTB700,tilt_sensor,tilt_sensor,,,,1,GI03FLMA,RI000,VELPT
GI03FLMA-RI000-00-VELPTB700,tilt_sensor_mounting,tilt_sensor_mounting,,,,1,GI03FLMA,RI000,VELPT
GI03FLMA-RI000-00-VELPTB700,head_frequency,head_frequency,,,,kHz,GI03FLMA,RI000,VELPT
GI03FLMA-RI000-00-VELPTB700,head_type,head_type,,,,1,GI03FLMA,RI000,VELPT
GI03FLMA-RI000-00-VELPTB700,head_serial_number,head_serial_number,,,,1,GI03FLMA,RI000,VELPT
GI03FLMA-RI000-00-VELPTB700,number_beams,number_beams,,,,1,GI03FLMA,RI000,VELPT
GI03FLMA-RI000-00-VELPTB700,transmit_pulse_length,transmit_pulse_length,,,,counts,GI03FLMA,RI000,VELPT
GI03FLMA-RI000-00-VELPTB700,blanking_distance,blanking_distance,,,,counts,GI03FLMA,RI000,VELPT
GI03FLMA-RI000-00-VELPTB700,receive_length,receive_length,,,,counts,GI03FLMA,RI000,VELPT
GI03FLMA-RI000-00-VELPTB700,time_between_pings,time_between_pings,,,,counts,GI03FLMA,RI000,VELPT
GI03FLMA-RI000-00-VELPTB700,time_between_bursts,time_between_bursts,,,,counts,GI03FLMA,RI000,VELPT
GI03FLMA-RI000-00-VELPTB700,average_interval,average_interval,,,,s,GI03FLMA,RI000,VELPT
GI03FLMA-RI000-00-VELPTB700,compass_update_rate,compass_update_rate,,,,Hz,GI03FLMA,RI000,VELPT
GI03FLMA-RI000-00-VELPTB700,coordinate_system,coordinate_system,,,,1,GI03FLMA,RI000,VELPT
GI03FLMA-RI000-00-VELPTB700,number_cells,number_cells,,,,1,GI03FLMA,RI000,VELPT
GI03FLMA-RI000-00-VELPTB700,measurement_interval,measurement_interval,,,,s,GI03FLMA,RI000,VELPT
GI03FLMA-RI000-00-VELPTB700,deployment_name,deployment_name,,,,1,GI03FLMA,RI000,VELPT
GI03FLMA-RI000-00-VELPTB700,diagnostics_interval,diagnostics_interval,,,,s,GI03FLMA,RI000,VELPT
GI03FLMA-RI000-00-VELPTB700,use_specified_sound_speed,use_specified_sound_speed,,,,1,GI03FLMA,RI000,VELPT
GI03FLMA-RI000-00-VELPTB700,diagnostics_mode_enable,diagnostics_mode_enable,,,,1,GI03FLMA,RI000,VELPT
GI03FLMA-RI000-00-VELPTB700,analog_output_enable,analog_output_enable,,,,1,GI03FLMA,RI000,VELPT
GI03FLMA-RI000-00-VELPTB700,output_format_nortek,output_format_nortek,,,,1,GI03FLMA,RI000,VELPT
GI03FLMA-RI000-00-VELPTB700,scaling,scaling,,,,1,GI03FLMA,RI000,VELPT
GI03FLMA-RI000-00-VELPTB700,serial_output_enable,serial_output_enable,,,,1,GI03FLMA,RI000,VELPT
GI03FLMA-RI000-00-VELPTB700,stage_enable,stage_enable,,,,1,GI03FLMA,RI000,VELPT
GI03FLMA-RI000-00-VELPTB700,analog_power_output,analog_power_output,,,,1,GI03FLMA,RI000,VELPT
GI03FLMA-RI000-00-VELPTB700,sound_speed_adjust_factor,sound_speed_adjust_factor,,,,m s-1,GI03FLMA,RI000,VELPT
GI03FLMA-RI000-00-VELPTB700,number_diagnostics_samples,number_diagnostics_samples,,,,1,GI03FLMA,RI000,VELPT
GI03FLMA-RI000-00-VELPTB700,number_pings_diagnostic,number_pings_diagnostic,,,,1,GI03FLMA,RI000,VELPT
GI03FLMA-RI000-00-VELPTB700,software_version,software_version,,,,1,GI03FLMA,RI000,VELPT
GI03FLMA-RI000-00-VELPTB700,correlation_threshold,correlation_threshold,,,,1,GI03FLMA,RI000,VELPT
GI03FLMA-RI000-00-VELPTB700,time,time,,,ENG,seconds since 1900-01-01,GI03FLMA,RI000,VELPT
GI03FLMA-RI000-00-VELPTB700,ingestion_timestamp,ingestion_timestamp,,,ENG,seconds since 1900-01-01,GI03FLMA,RI000,VELPT
GI03FLMA-RI000-00-VELPTB700,date_time_string,date_time_string,,,,1,GI03FLMA,RI000,VELPT
GI03FLMA-RIM01-02-ADCPSL003,driver_timestamp,driver_timestamp,,,ENG,seconds since 1900-01-01,GI03FLMA,RIM01,ADCPS
GI03FLMA-RIM01-02-ADCPSL003,ensemble_start_time_2,ensemble_start_time_2,,,,seconds since 1900-01-01,GI03FLMA,RIM01,ADCPS
GI03FLMA-RIM01-02-ADCPSL003,real_time_clock_2,real_time_clock_2,,,,1,GI03FLMA,RIM01,ADCPS
GI03FLMA-RIM01-02-ADCPSL003,internal_timestamp,internal_timestamp,,,ENG,seconds since 1900-01-01,GI03FLMA,RIM01,ADCPS
GI03FLMA-RIM01-02-ADCPSL003,ensemble_number,ensemble_number,,,,1,GI03FLMA,RIM01,ADCPS
GI03FLMA-RIM01-02-ADCPSL003,unit_id,unit_id,,,,1,GI03FLMA,RIM01,ADCPS
GI03FLMA-RIM01-02-ADCPSL003,preferred_timestamp,preferred_timestamp,,,ENG,1,GI03FLMA,RIM01,ADCPS
GI03FLMA-RIM01-02-ADCPSL003,adcps_jln_year,adcps_jln_year,,,,year,GI03FLMA,RIM01,ADCPS
GI03FLMA-RIM01-02-ADCPSL003,adcps_jln_month,adcps_jln_month,,,,month,GI03FLMA,RIM01,ADCPS
GI03FLMA-RIM01-02-ADCPSL003,adcps_jln_day,adcps_jln_day,,,,day,GI03FLMA,RIM01,ADCPS
GI03FLMA-RIM01-02-ADCPSL003,adcps_jln_hour,adcps_jln_hour,,,,hour,GI03FLMA,RIM01,ADCPS
GI03FLMA-RIM01-02-ADCPSL003,adcps_jln_minute,adcps_jln_minute,,,,minute,GI03FLMA,RIM01,ADCPS
GI03FLMA-RIM01-02-ADCPSL003,adcps_jln_second,adcps_jln_second,,,,sec,GI03FLMA,RIM01,ADCPS
GI03FLMA-RIM01-02-ADCPSL003,adcps_jln_hsec,adcps_jln_hsec,,,,csec,GI03FLMA,RIM01,ADCPS
GI03FLMA-RIM01-02-ADCPSL003,adcps_jln_heading,adcps_jln_heading,,,,cdegree,GI03FLMA,RIM01,ADCPS
GI03FLMA-RIM01-02-ADCPSL003,adcps_jln_pitch,adcps_jln_pitch,,,,cdegree,GI03FLMA,RIM01,ADCPS
GI03FLMA-RIM01-02-ADCPSL003,adcps_jln_roll,adcps_jln_roll,,,,cdegree,GI03FLMA,RIM01,ADCPS
GI03FLMA-RIM01-02-ADCPSL003,adcps_jln_temp,adcps_jln_temp,,,,cdeg_C,GI03FLMA,RIM01,ADCPS
GI03FLMA-RIM01-02-ADCPSL003,adcps_jln_pressure,adcps_jln_pressure,,,,daPa,GI03FLMA,RIM01,ADCPS
GI03FLMA-RIM01-02-ADCPSL003,adcps_jln_startbin,adcps_jln_startbin,,,,1,GI03FLMA,RIM01,ADCPS
GI03FLMA-RIM01-02-ADCPSL003,adcps_jln_bins,adcps_jln_bins,,,,1,GI03FLMA,RIM01,ADCPS
GI03FLMA-RIM01-02-ADCPSL003,sensor_available_speed,sensor_available_speed,,,,1,GI03FLMA,RIM01,ADCPS
GI03FLMA-RIM01-02-ADCPSL003,sysconfig_beam_angle,sysconfig_beam_angle,,,,1,GI03FLMA,RIM01,ADCPS
GI03FLMA-RIM01-02-ADCPSL003,sysconfig_beam_config,sysconfig_beam_config,,,,1,GI03FLMA,RIM01,ADCPS
GI03FLMA-RIM01-02-ADCPSL003,sio_controller_timestamp,sio_controller_timestamp,,,ENG,seconds since 1970-01-01,GI03FLMA,RIM01,ADCPS
GI03FLMA-RIM01-02-ADCPSL003,adcps_jln_upward_seawater_velocity2,adcps_jln_upward_seawater_velocity2,-1,1,L1,m s-1,GI03FLMA,RIM01,ADCPS
GI03FLMA-RIM01-02-ADCPSL003,adcps_jln_error_velocity2,adcps_jln_error_velocity2,-1,1,L1,m s-1,GI03FLMA,RIM01,ADCPS
GI03FLMA-RIM01-02-ADCPSL003,adcps_jln_echo_intensity_beam1,adcps_jln_echo_intensity_beam1,0,255,L1,dB,GI03FLMA,RIM01,ADCPS
GI03FLMA-RIM01-02-ADCPSL003,adcps_jln_echo_intensity_beam2,adcps_jln_echo_intensity_beam2,0,255,L1,dB,GI03FLMA,RIM01,ADCPS
GI03FLMA-RIM01-02-ADCPSL003,adcps_jln_echo_intensity_beam3,adcps_jln_echo_intensity_beam3,0,255,L1,dB,GI03FLMA,RIM01,ADCPS
GI03FLMA-RIM01-02-ADCPSL003,adcps_jln_echo_intensity_beam4,adcps_jln_echo_intensity_beam4,0,255,L1,dB,GI03FLMA,RIM01,ADCPS
GI03FLMA-RIM01-02-ADCPSL003,serial_number,serial_number,,,ENG,1,GI03FLMA,RIM01,ADCPS
GI03FLMA-RIM01-02-ADCPSL003,adcps_jln_eastward_earth_seawater_velocity,adcps_jln_eastward_earth_seawater_velocity,-3,3,L1,m s-1,GI03FLMA,RIM01,ADCPS
GI03FLMA-RIM01-02-ADCPSL003,adcps_jln_northward_earth_seawater_velocity,adcps_jln_northward_earth_seawater_velocity,-3,3,L1,m s-1,GI03FLMA,RIM01,ADCPS
GI03FLMA-RIM01-02-ADCPSL003,adcps_jln_recovered_eastward_seawater_velocity,adcps_jln_recovered_eastward_seawater_velocity,-3,3,L1,m s-1,GI03FLMA,RIM01,ADCPS
GI03FLMA-RIM01-02-ADCPSL003,adcps_jln_recovered_northward_seawater_velocity,adcps_jln_recovered_northward_seawater_velocity,-3,3,L1,m s-1,GI03FLMA,RIM01,ADCPS
GI03FLMA-RIM01-02-ADCPSL003,firmware_version,firmware_version,,,,1,GI03FLMA,RIM01,ADCPS
GI03FLMA-RIM01-02-ADCPSL003,firmware_revision,firmware_revision,,,,1,GI03FLMA,RIM01,ADCPS
GI03FLMA-RIM01-02-ADCPSL003,sysconfig_frequency,sysconfig_frequency,,,,kHz,GI03FLMA,RIM01,ADCPS
GI03FLMA-RIM01-02-ADCPSL003,sysconfig_beam_pattern,sysconfig_beam_pattern,,,,1,GI03FLMA,RIM01,ADCPS
GI03FLMA-RIM01-02-ADCPSL003,sysconfig_sensor_config,sysconfig_sensor_config,,,,1,GI03FLMA,RIM01,ADCPS
GI03FLMA-RIM01-02-ADCPSL003,sysconfig_head_attached,sysconfig_head_attached,,,,1,GI03FLMA,RIM01,ADCPS
GI03FLMA-RIM01-02-ADCPSL003,sysconfig_vertical_orientation,sysconfig_vertical_orientation,,,,1,GI03FLMA,RIM01,ADCPS
GI03FLMA-RIM01-02-ADCPSL003,data_flag,data_flag,,,,1,GI03FLMA,RIM01,ADCPS
GI03FLMA-RIM01-02-ADCPSL003,lag_length,lag_length,,,,s,GI03FLMA,RIM01,ADCPS
GI03FLMA-RIM01-02-ADCPSL003,num_beams,num_beams,,,,1,GI03FLMA,RIM01,ADCPS
GI03FLMA-RIM01-02-ADCPSL003,num_cells,num_cells,,,,1,GI03FLMA,RIM01,ADCPS
GI03FLMA-RIM01-02-ADCPSL003,pings_per_ensemble,pings_per_ensemble,,,,1,GI03FLMA,RIM01,ADCPS
GI03FLMA-RIM01-02-ADCPSL003,cell_length,cell_length,,,,cm,GI03FLMA,RIM01,ADCPS
GI03FLMA-RIM01-02-ADCPSL003,blank_after_transmit,blank_after_transmit,,,,cm,GI03FLMA,RIM01,ADCPS
GI03FLMA-RIM01-02-ADCPSL003,signal_processing_mode,signal_processing_mode,,,,1,GI03FLMA,RIM01,ADCPS
GI03FLMA-RIM01-02-ADCPSL003,low_corr_threshold,low_corr_threshold,,,,counts,GI03FLMA,RIM01,ADCPS
GI03FLMA-RIM01-02-ADCPSL003,num_code_repetitions,num_code_repetitions,,,,counts,GI03FLMA,RIM01,ADCPS
GI03FLMA-RIM01-02-ADCPSL003,percent_good_min,percent_good_min,,,,percent,GI03FLMA,RIM01,ADCPS
GI03FLMA-RIM01-02-ADCPSL003,error_vel_threshold,error_vel_threshold,,,,mm s-1,GI03FLMA,RIM01,ADCPS
GI03FLMA-RIM01-02-ADCPSL003,time_per_ping_minutes,time_per_ping_minutes,,,,min,GI03FLMA,RIM01,ADCPS
GI03FLMA-RIM01-02-ADCPSL003,time_per_ping_seconds,time_per_ping_seconds,,,,s,GI03FLMA,RIM01,ADCPS
GI03FLMA-RIM01-02-ADCPSL003,coord_transform_type,coord_transform_type,,,,1,GI03FLMA,RIM01,ADCPS
GI03FLMA-RIM01-02-ADCPSL003,coord_transform_tilts,coord_transform_tilts,,,,1,GI03FLMA,RIM01,ADCPS
GI03FLMA-RIM01-02-ADCPSL003,coord_transform_beams,coord_transform_beams,,,,1,GI03FLMA,RIM01,ADCPS
GI03FLMA-RIM01-02-ADCPSL003,coord_transform_mapping,coord_transform_mapping,,,,1,GI03FLMA,RIM01,ADCPS
GI03FLMA-RIM01-02-ADCPSL003,heading_alignment,heading_alignment,,,,cdegrees,GI03FLMA,RIM01,ADCPS
GI03FLMA-RIM01-02-ADCPSL003,heading_bias,heading_bias,,,,cdegrees,GI03FLMA,RIM01,ADCPS
GI03FLMA-RIM01-02-ADCPSL003,sensor_source_speed,sensor_source_speed,,,,1,GI03FLMA,RIM01,ADCPS
GI03FLMA-RIM01-02-ADCPSL003,sensor_source_depth,sensor_source_depth,,,,1,GI03FLMA,RIM01,ADCPS
GI03FLMA-RIM01-02-ADCPSL003,sensor_source_heading,sensor_source_heading,,,,1,GI03FLMA,RIM01,ADCPS
GI03FLMA-RIM01-02-ADCPSL003,sensor_source_pitch,sensor_source_pitch,,,,1,GI03FLMA,RIM01,ADCPS
GI03FLMA-RIM01-02-ADCPSL003,sensor_source_roll,sensor_source_roll,,,,1,GI03FLMA,RIM01,ADCPS
GI03FLMA-RIM01-02-ADCPSL003,sensor_source_conductivity,sensor_source_conductivity,,,,1,GI03FLMA,RIM01,ADCPS
GI03FLMA-RIM01-02-ADCPSL003,sensor_source_temperature,sensor_source_temperature,,,,1,GI03FLMA,RIM01,ADCPS
GI03FLMA-RIM01-02-ADCPSL003,sensor_available_depth,sensor_available_depth,,,,1,GI03FLMA,RIM01,ADCPS
GI03FLMA-RIM01-02-ADCPSL003,sensor_available_heading,sensor_available_heading,,,,1,GI03FLMA,RIM01,ADCPS
GI03FLMA-RIM01-02-ADCPSL003,sensor_available_pitch,sensor_available_pitch,,,,1,GI03FLMA,RIM01,ADCPS
GI03FLMA-RIM01-02-ADCPSL003,sensor_available_roll,sensor_available_roll,,,,1,GI03FLMA,RIM01,ADCPS
GI03FLMA-RIM01-02-ADCPSL003,sensor_available_conductivity,sensor_available_conductivity,,,,1,GI03FLMA,RIM01,ADCPS
GI03FLMA-RIM01-02-ADCPSL003,sensor_available_temperature,sensor_available_temperature,,,,1,GI03FLMA,RIM01,ADCPS
GI03FLMA-RIM01-02-ADCPSL003,bin_1_distance,bin_1_distance,,,,cm,GI03FLMA,RIM01,ADCPS
GI03FLMA-RIM01-02-ADCPSL003,transmit_pulse_length,transmit_pulse_length,,,,cm,GI03FLMA,RIM01,ADCPS
GI03FLMA-RIM01-02-ADCPSL003,reference_layer_start,reference_layer_start,,,,1,GI03FLMA,RIM01,ADCPS
GI03FLMA-RIM01-02-ADCPSL003,reference_layer_stop,reference_layer_stop,,,,1,GI03FLMA,RIM01,ADCPS
GI03FLMA-RIM01-02-ADCPSL003,false_target_threshold,false_target_threshold,,,,counts,GI03FLMA,RIM01,ADCPS
GI03FLMA-RIM01-02-ADCPSL003,low_latency_trigger,low_latency_trigger,,,,1,GI03FLMA,RIM01,ADCPS
GI03FLMA-RIM01-02-ADCPSL003,transmit_lag_distance,transmit_lag_distance,,,,cm,GI03FLMA,RIM01,ADCPS
GI03FLMA-RIM01-02-ADCPSL003,cpu_board_serial_number,cpu_board_serial_number,,,,1,GI03FLMA,RIM01,ADCPS
GI03FLMA-RIM01-02-ADCPSL003,system_bandwidth,system_bandwidth,,,,1,GI03FLMA,RIM01,ADCPS
GI03FLMA-RIM01-02-ADCPSL003,system_power,system_power,,,,1,GI03FLMA,RIM01,ADCPS
GI03FLMA-RIM01-02-ADCPSL003,beam_angle,beam_angle,,,,degrees,GI03FLMA,RIM01,ADCPS
GI03FLMA-RIM01-02-ADCPSL003,ensemble_number,ensemble_number,,,,1,GI03FLMA,RIM01,ADCPS
GI03FLMA-RIM01-02-ADCPSL003,ensemble_number_increment,ensemble_number_increment,,,,1,GI03FLMA,RIM01,ADCPS
GI03FLMA-RIM01-02-ADCPSL003,bit_result_demod_1,bit_result_demod_1,,,,1,GI03FLMA,RIM01,ADCPS
GI03FLMA-RIM01-02-ADCPSL003,bit_result_demod_0,bit_result_demod_0,,,,1,GI03FLMA,RIM01,ADCPS
GI03FLMA-RIM01-02-ADCPSL003,bit_result_timing,bit_result_timing,,,,1,GI03FLMA,RIM01,ADCPS
GI03FLMA-RIM01-02-ADCPSL003,speed_of_sound,speed_of_sound,,,,m s-1,GI03FLMA,RIM01,ADCPS
GI03FLMA-RIM01-02-ADCPSL003,transducer_depth,transducer_depth,,,,dm,GI03FLMA,RIM01,ADCPS
GI03FLMA-RIM01-02-ADCPSL003,heading,heading,,,,cdegrees,GI03FLMA,RIM01,ADCPS
GI03FLMA-RIM01-02-ADCPSL003,pitch,pitch,,,,cdegrees,GI03FLMA,RIM01,ADCPS
GI03FLMA-RIM01-02-ADCPSL003,roll,roll,,,,cdegrees,GI03FLMA,RIM01,ADCPS
GI03FLMA-RIM01-02-ADCPSL003,salinity,salinity,,,,1,GI03FLMA,RIM01,ADCPS
GI03FLMA-RIM01-02-ADCPSL003,temperature,temperature,,,,cdeg_C,GI03FLMA,RIM01,ADCPS
GI03FLMA-RIM01-02-ADCPSL003,mpt_minutes,mpt_minutes,,,,min,GI03FLMA,RIM01,ADCPS
GI03FLMA-RIM01-02-ADCPSL003,mpt_seconds,mpt_seconds,,,,s,GI03FLMA,RIM01,ADCPS
GI03FLMA-RIM01-02-ADCPSL003,heading_stdev,heading_stdev,,,,degrees,GI03FLMA,RIM01,ADCPS
GI03FLMA-RIM01-02-ADCPSL003,pitch_stdev,pitch_stdev,,,,ddegrees,GI03FLMA,RIM01,ADCPS
GI03FLMA-RIM01-02-ADCPSL003,roll_stdev,roll_stdev,,,,ddegrees,GI03FLMA,RIM01,ADCPS
GI03FLMA-RIM01-02-ADCPSL003,adc_transmit_current,adc_transmit_current,,,,counts,GI03FLMA,RIM01,ADCPS
GI03FLMA-RIM01-02-ADCPSL003,adc_transmit_voltage,adc_transmit_voltage,,,,counts,GI03FLMA,RIM01,ADCPS
GI03FLMA-RIM01-02-ADCPSL003,adc_ambient_temp,adc_ambient_temp,,,,counts,GI03FLMA,RIM01,ADCPS
GI03FLMA-RIM01-02-ADCPSL003,adc_pressure_plus,adc_pressure_plus,,,,counts,GI03FLMA,RIM01,ADCPS
GI03FLMA-RIM01-02-ADCPSL003,adc_pressure_minus,adc_pressure_minus,,,,counts,GI03FLMA,RIM01,ADCPS
GI03FLMA-RIM01-02-ADCPSL003,adc_attitude_temp,adc_attitude_temp,,,,counts,GI03FLMA,RIM01,ADCPS
GI03FLMA-RIM01-02-ADCPSL003,adc_attitude,adc_attitude,,,,counts,GI03FLMA,RIM01,ADCPS
GI03FLMA-RIM01-02-ADCPSL003,adc_contamination_sensor,adc_contamination_sensor,,,,counts,GI03FLMA,RIM01,ADCPS
GI03FLMA-RIM01-02-ADCPSL003,bus_error_exception,bus_error_exception,,,,1,GI03FLMA,RIM01,ADCPS
GI03FLMA-RIM01-02-ADCPSL003,address_error_exception,address_error_exception,,,,1,GI03FLMA,RIM01,ADCPS
GI03FLMA-RIM01-02-ADCPSL003,illegal_instruction_exception,illegal_instruction_exception,,,,1,GI03FLMA,RIM01,ADCPS
GI03FLMA-RIM01-02-ADCPSL003,zero_divide_instruction,zero_divide_instruction,,,,1,GI03FLMA,RIM01,ADCPS
GI03FLMA-RIM01-02-ADCPSL003,emulator_exception,emulator_exception,,,,1,GI03FLMA,RIM01,ADCPS
GI03FLMA-RIM01-02-ADCPSL003,unassigned_exception,unassigned_exception,,,,1,GI03FLMA,RIM01,ADCPS
GI03FLMA-RIM01-02-ADCPSL003,watchdog_restart_occurred,watchdog_restart_occurred,,,,1,GI03FLMA,RIM01,ADCPS
GI03FLMA-RIM01-02-ADCPSL003,battery_saver_power,battery_saver_power,,,,1,GI03FLMA,RIM01,ADCPS
GI03FLMA-RIM01-02-ADCPSL003,pinging,pinging,,,,1,GI03FLMA,RIM01,ADCPS
GI03FLMA-RIM01-02-ADCPSL003,cold_wakeup_occurred,cold_wakeup_occurred,,,,1,GI03FLMA,RIM01,ADCPS
GI03FLMA-RIM01-02-ADCPSL003,time,time,,,ENG,seconds since 1900-01-01,GI03FLMA,RIM01,ADCPS
GI03FLMA-RIM01-02-ADCPSL003,unknown_wakeup_occurred,unknown_wakeup_occurred,,,,1,GI03FLMA,RIM01,ADCPS
GI03FLMA-RIM01-02-ADCPSL003,clock_read_error,clock_read_error,,,,1,GI03FLMA,RIM01,ADCPS
GI03FLMA-RIM01-02-ADCPSL003,unexpected_alarm,unexpected_alarm,,,,1,GI03FLMA,RIM01,ADCPS
GI03FLMA-RIM01-02-ADCPSL003,clock_jump_forward,clock_jump_forward,,,,1,GI03FLMA,RIM01,ADCPS
GI03FLMA-RIM01-02-ADCPSL003,clock_jump_backward,clock_jump_backward,,,,1,GI03FLMA,RIM01,ADCPS
GI03FLMA-RIM01-02-ADCPSL003,power_fail,power_fail,,,,1,GI03FLMA,RIM01,ADCPS
GI03FLMA-RIM01-02-ADCPSL003,spurious_dsp_interrupt,spurious_dsp_interrupt,,,,1,GI03FLMA,RIM01,ADCPS
GI03FLMA-RIM01-02-ADCPSL003,spurious_uart_interrupt,spurious_uart_interrupt,,,,1,GI03FLMA,RIM01,ADCPS
GI03FLMA-RIM01-02-ADCPSL003,spurious_clock_interrupt,spurious_clock_interrupt,,,,1,GI03FLMA,RIM01,ADCPS
GI03FLMA-RIM01-02-ADCPSL003,level_7_interrupt,level_7_interrupt,,,,1,GI03FLMA,RIM01,ADCPS
GI03FLMA-RIM01-02-ADCPSL003,pressure,pressure,,,,daPa,GI03FLMA,RIM01,ADCPS
GI03FLMA-RIM01-02-ADCPSL003,pressure_variance,pressure_variance,,,,daPa,GI03FLMA,RIM01,ADCPS
GI03FLMA-RIM01-02-ADCPSL003,water_velocity_east,water_velocity_east,,,L0,mm s-1,GI03FLMA,RIM01,ADCPS
GI03FLMA-RIM01-02-ADCPSL003,water_velocity_north,water_velocity_north,,,L0,mm s-1,GI03FLMA,RIM01,ADCPS
GI03FLMA-RIM01-02-ADCPSL003,water_velocity_up,water_velocity_up,,,L0,mm s-1,GI03FLMA,RIM01,ADCPS
GI03FLMA-RIM01-02-ADCPSL003,error_velocity,error_velocity,,,L0,mm s-1,GI03FLMA,RIM01,ADCPS
GI03FLMA-RIM01-02-ADCPSL003,correlation_magnitude_beam1,correlation_magnitude_beam1,,,,1,GI03FLMA,RIM01,ADCPS
GI03FLMA-RIM01-02-ADCPSL003,correlation_magnitude_beam2,correlation_magnitude_beam2,,,,1,GI03FLMA,RIM01,ADCPS
GI03FLMA-RIM01-02-ADCPSL003,correlation_magnitude_beam3,correlation_magnitude_beam3,,,,1,GI03FLMA,RIM01,ADCPS
GI03FLMA-RIM01-02-ADCPSL003,correlation_magnitude_beam4,correlation_magnitude_beam4,,,,1,GI03FLMA,RIM01,ADCPS
GI03FLMA-RIM01-02-ADCPSL003,echo_intensity_beam1,echo_intensity_beam1,,,L0,counts,GI03FLMA,RIM01,ADCPS
GI03FLMA-RIM01-02-ADCPSL003,echo_intensity_beam2,echo_intensity_beam2,,,L0,counts,GI03FLMA,RIM01,ADCPS
GI03FLMA-RIM01-02-ADCPSL003,echo_intensity_beam3,echo_intensity_beam3,,,L0,counts,GI03FLMA,RIM01,ADCPS
GI03FLMA-RIM01-02-ADCPSL003,echo_intensity_beam4,echo_intensity_beam4,,,L0,counts,GI03FLMA,RIM01,ADCPS
GI03FLMA-RIM01-02-ADCPSL003,percent_good_3beam,percent_good_3beam,,,,percent,GI03FLMA,RIM01,ADCPS
GI03FLMA-RIM01-02-ADCPSL003,percent_transforms_reject,percent_transforms_reject,,,,percent,GI03FLMA,RIM01,ADCPS
GI03FLMA-RIM01-02-ADCPSL003,percent_bad_beams,percent_bad_beams,,,,percent,GI03FLMA,RIM01,ADCPS
GI03FLMA-RIM01-02-ADCPSL003,percent_good_4beam,percent_good_4beam,,,,percent,GI03FLMA,RIM01,ADCPS
GI03FLMA-RIM01-02-ADCPSL003,ensemble_start_time,ensemble_start_time,,,,seconds since 1900-01-01,GI03FLMA,RIM01,ADCPS
GI03FLMA-RIM01-02-ADCPSL003,velocity_po_error_flag,velocity_po_error_flag,,,,1,GI03FLMA,RIM01,ADCPS
GI03FLMA-RIM01-02-ADCPSL003,velocity_po_up_flag,velocity_po_up_flag,,,,1,GI03FLMA,RIM01,ADCPS
GI03FLMA-RIM01-02-ADCPSL003,velocity_po_north_flag,velocity_po_north_flag,,,,1,GI03FLMA,RIM01,ADCPS
GI03FLMA-RIM01-02-ADCPSL003,velocity_po_east_flag,velocity_po_east_flag,,,,1,GI03FLMA,RIM01,ADCPS
GI03FLMA-RIM01-02-ADCPSL003,subsampling_parameter,subsampling_parameter,,,,1,GI03FLMA,RIM01,ADCPS
GI03FLMA-RIM01-02-ADCPSL003,ingestion_timestamp,ingestion_timestamp,,,ENG,seconds since 1900-01-01,GI03FLMA,RIM01,ADCPS
GI03FLMA-RIM01-02-ADCPSL003,real_time_clock,real_time_clock,,,,1,GI03FLMA,RIM01,ADCPS
GI03FLMA-RIM01-02-ADCPSL003,upward_earth_seawater_velocity,upward_earth_seawater_velocity,-1,1,L1,m s-1,GI03FLMA,RIM01,ADCPS
GI03FLMA-RIM01-02-ADCPSL003,earth_error_velocity,earth_error_velocity,-1,1,L1,m s-1,GI03FLMA,RIM01,ADCPS
GI03FLMA-RIM01-02-ADCPSL003,bin_depths,bin_depths,,,,m,GI03FLMA,RIM01,ADCPS
GI03FLMA-RIM01-02-CTDMOG040,driver_timestamp,driver_timestamp,,,ENG,seconds since 1900-01-01,GI03FLMA,RIM01,CTDMO
GI03FLMA-RIM01-02-CTDMOG040,internal_timestamp,internal_timestamp,,,ENG,seconds since 1900-01-01,GI03FLMA,RIM01,CTDMO
GI03FLMA-RIM01-02-CTDMOG040,inductive_id,inductive_id,,,ENG,1,GI03FLMA,RIM01,CTDMO
GI03FLMA-RIM01-02-CTDMOG040,preferred_timestamp,preferred_timestamp,,,ENG,1,GI03FLMA,RIM01,CTDMO
GI03FLMA-RIM01-02-CTDMOG040,temperature,temperature,,,L0,counts,GI03FLMA,RIM01,CTDMO
GI03FLMA-RIM01-02-CTDMOG040,conductivity,conductivity,,,L0,counts,GI03FLMA,RIM01,CTDMO
GI03FLMA-RIM01-02-CTDMOG040,pressure,pressure,,,L0,counts,GI03FLMA,RIM01,CTDMO
GI03FLMA-RIM01-02-CTDMOG040,pressure_temp,pressure_temp,,,L0,counts,GI03FLMA,RIM01,CTDMO
GI03FLMA-RIM01-02-CTDMOG040,ctd_time,ctd_time,,,ENG,seconds since 2000-01-01,GI03FLMA,RIM01,CTDMO
GI03FLMA-RIM01-02-CTDMOG040,sio_controller_timestamp,sio_controller_timestamp,,,ENG,seconds since 1970-01-01,GI03FLMA,RIM01,CTDMO
GI03FLMA-RIM01-02-CTDMOG040,ctd_time_offset,ctd_time_offset,,,,s,GI03FLMA,RIM01,CTDMO
GI03FLMA-RIM01-02-CTDMOG040,ctdmo_seawater_pressure,ctdmo_seawater_pressure,0,6000,L1,dbar,GI03FLMA,RIM01,CTDMO
GI03FLMA-RIM01-02-CTDMOG040,ctdmo_seawater_temperature,ctdmo_seawater_temperature,-2,40,L1,deg_C,GI03FLMA,RIM01,CTDMO
GI03FLMA-RIM01-02-CTDMOG040,ctdmo_seawater_conductivity,ctdmo_seawater_conductivity,0,6,L1,S m-1,GI03FLMA,RIM01,CTDMO
GI03FLMA-RIM01-02-CTDMOG040,ctdmo_practical_salinity,ctdmo_practical_salinity,0,42,L2,(unitless),GI03FLMA,RIM01,CTDMO
GI03FLMA-RIM01-02-CTDMOG040,ctdmo_seawater_density,ctdmo_seawater_density,1000,1100,L2,kg m-3,GI03FLMA,RIM01,CTDMO
GI03FLMA-RIM01-02-CTDMOG040,serial_number,serial_number,,,ENG,1,GI03FLMA,RIM01,CTDMO
GI03FLMA-RIM01-02-CTDMOG040,time,time,,,ENG,seconds since 1900-01-01,GI03FLMA,RIM01,CTDMO
GI03FLMA-RIM01-02-CTDMOG040,ingestion_timestamp,ingestion_timestamp,,,ENG,seconds since 1900-01-01,GI03FLMA,RIM01,CTDMO
GI03FLMA-RIM01-02-CTDMOG041,driver_timestamp,driver_timestamp,,,ENG,seconds since 1900-01-01,GI03FLMA,RIM01,CTDMO
GI03FLMA-RIM01-02-CTDMOG041,internal_timestamp,internal_timestamp,,,ENG,seconds since 1900-01-01,GI03FLMA,RIM01,CTDMO
GI03FLMA-RIM01-02-CTDMOG041,inductive_id,inductive_id,,,ENG,1,GI03FLMA,RIM01,CTDMO
GI03FLMA-RIM01-02-CTDMOG041,preferred_timestamp,preferred_timestamp,,,ENG,1,GI03FLMA,RIM01,CTDMO
GI03FLMA-RIM01-02-CTDMOG041,temperature,temperature,,,L0,counts,GI03FLMA,RIM01,CTDMO
GI03FLMA-RIM01-02-CTDMOG041,conductivity,conductivity,,,L0,counts,GI03FLMA,RIM01,CTDMO
GI03FLMA-RIM01-02-CTDMOG041,pressure,pressure,,,L0,counts,GI03FLMA,RIM01,CTDMO
GI03FLMA-RIM01-02-CTDMOG041,pressure_temp,pressure_temp,,,L0,counts,GI03FLMA,RIM01,CTDMO
GI03FLMA-RIM01-02-CTDMOG041,ctd_time,ctd_time,,,ENG,seconds since 2000-01-01,GI03FLMA,RIM01,CTDMO
GI03FLMA-RIM01-02-CTDMOG041,sio_controller_timestamp,sio_controller_timestamp,,,ENG,seconds since 1970-01-01,GI03FLMA,RIM01,CTDMO
GI03FLMA-RIM01-02-CTDMOG041,ctd_time_offset,ctd_time_offset,,,,s,GI03FLMA,RIM01,CTDMO
GI03FLMA-RIM01-02-CTDMOG041,ctdmo_seawater_pressure,ctdmo_seawater_pressure,0,6000,L1,dbar,GI03FLMA,RIM01,CTDMO
GI03FLMA-RIM01-02-CTDMOG041,ctdmo_seawater_temperature,ctdmo_seawater_temperature,-2,40,L1,deg_C,GI03FLMA,RIM01,CTDMO
GI03FLMA-RIM01-02-CTDMOG041,ctdmo_seawater_conductivity,ctdmo_seawater_conductivity,0,6,L1,S m-1,GI03FLMA,RIM01,CTDMO
GI03FLMA-RIM01-02-CTDMOG041,ctdmo_practical_salinity,ctdmo_practical_salinity,0,42,L2,(unitless),GI03FLMA,RIM01,CTDMO
GI03FLMA-RIM01-02-CTDMOG041,ctdmo_seawater_density,ctdmo_seawater_density,1000,1100,L2,kg m-3,GI03FLMA,RIM01,CTDMO
GI03FLMA-RIM01-02-CTDMOG041,serial_number,serial_number,,,ENG,1,GI03FLMA,RIM01,CTDMO
GI03FLMA-RIM01-02-CTDMOG041,time,time,,,ENG,seconds since 1900-01-01,GI03FLMA,RIM01,CTDMO
GI03FLMA-RIM01-02-CTDMOG041,ingestion_timestamp,ingestion_timestamp,,,ENG,seconds since 1900-01-01,GI03FLMA,RIM01,CTDMO
GI03FLMA-RIM01-02-CTDMOG042,driver_timestamp,driver_timestamp,,,ENG,seconds since 1900-01-01,GI03FLMA,RIM01,CTDMO
GI03FLMA-RIM01-02-CTDMOG042,internal_timestamp,internal_timestamp,,,ENG,seconds since 1900-01-01,GI03FLMA,RIM01,CTDMO
GI03FLMA-RIM01-02-CTDMOG042,inductive_id,inductive_id,,,ENG,1,GI03FLMA,RIM01,CTDMO
GI03FLMA-RIM01-02-CTDMOG042,preferred_timestamp,preferred_timestamp,,,ENG,1,GI03FLMA,RIM01,CTDMO
GI03FLMA-RIM01-02-CTDMOG042,temperature,temperature,,,L0,counts,GI03FLMA,RIM01,CTDMO
GI03FLMA-RIM01-02-CTDMOG042,conductivity,conductivity,,,L0,counts,GI03FLMA,RIM01,CTDMO
GI03FLMA-RIM01-02-CTDMOG042,pressure,pressure,,,L0,counts,GI03FLMA,RIM01,CTDMO
GI03FLMA-RIM01-02-CTDMOG042,pressure_temp,pressure_temp,,,L0,counts,GI03FLMA,RIM01,CTDMO
GI03FLMA-RIM01-02-CTDMOG042,ctd_time,ctd_time,,,ENG,seconds since 2000-01-01,GI03FLMA,RIM01,CTDMO
GI03FLMA-RIM01-02-CTDMOG042,sio_controller_timestamp,sio_controller_timestamp,,,ENG,seconds since 1970-01-01,GI03FLMA,RIM01,CTDMO
GI03FLMA-RIM01-02-CTDMOG042,ctd_time_offset,ctd_time_offset,,,,s,GI03FLMA,RIM01,CTDMO
GI03FLMA-RIM01-02-CTDMOG042,ctdmo_seawater_pressure,ctdmo_seawater_pressure,0,6000,L1,dbar,GI03FLMA,RIM01,CTDMO
GI03FLMA-RIM01-02-CTDMOG042,ctdmo_seawater_temperature,ctdmo_seawater_temperature,-2,40,L1,deg_C,GI03FLMA,RIM01,CTDMO
GI03FLMA-RIM01-02-CTDMOG042,ctdmo_seawater_conductivity,ctdmo_seawater_conductivity,0,6,L1,S m-1,GI03FLMA,RIM01,CTDMO
GI03FLMA-RIM01-02-CTDMOG042,ctdmo_practical_salinity,ctdmo_practical_salinity,0,42,L2,(unitless),GI03FLMA,RIM01,CTDMO
GI03FLMA-RIM01-02-CTDMOG042,ctdmo_seawater_density,ctdmo_seawater_density,1000,1100,L2,kg m-3,GI03FLMA,RIM01,CTDMO
GI03FLMA-RIM01-02-CTDMOG042,serial_number,serial_number,,,ENG,1,GI03FLMA,RIM01,CTDMO
GI03FLMA-RIM01-02-CTDMOG042,time,time,,,ENG,seconds since 1900-01-01,GI03FLMA,RIM01,CTDMO
GI03FLMA-RIM01-02-CTDMOG042,ingestion_timestamp,ingestion_timestamp,,,ENG,seconds since 1900-01-01,GI03FLMA,RIM01,CTDMO
GI03FLMA-RIM01-02-CTDMOG043,driver_timestamp,driver_timestamp,,,ENG,seconds since 1900-01-01,GI03FLMA,RIM01,CTDMO
GI03FLMA-RIM01-02-CTDMOG043,internal_timestamp,internal_timestamp,,,ENG,seconds since 1900-01-01,GI03FLMA,RIM01,CTDMO
GI03FLMA-RIM01-02-CTDMOG043,inductive_id,inductive_id,,,ENG,1,GI03FLMA,RIM01,CTDMO
GI03FLMA-RIM01-02-CTDMOG043,preferred_timestamp,preferred_timestamp,,,ENG,1,GI03FLMA,RIM01,CTDMO
GI03FLMA-RIM01-02-CTDMOG043,temperature,temperature,,,L0,counts,GI03FLMA,RIM01,CTDMO
GI03FLMA-RIM01-02-CTDMOG043,conductivity,conductivity,,,L0,counts,GI03FLMA,RIM01,CTDMO
GI03FLMA-RIM01-02-CTDMOG043,pressure,pressure,,,L0,counts,GI03FLMA,RIM01,CTDMO
GI03FLMA-RIM01-02-CTDMOG043,pressure_temp,pressure_temp,,,L0,counts,GI03FLMA,RIM01,CTDMO
GI03FLMA-RIM01-02-CTDMOG043,ctd_time,ctd_time,,,ENG,seconds since 2000-01-01,GI03FLMA,RIM01,CTDMO
GI03FLMA-RIM01-02-CTDMOG043,sio_controller_timestamp,sio_controller_timestamp,,,ENG,seconds since 1970-01-01,GI03FLMA,RIM01,CTDMO
GI03FLMA-RIM01-02-CTDMOG043,ctd_time_offset,ctd_time_offset,,,,s,GI03FLMA,RIM01,CTDMO
GI03FLMA-RIM01-02-CTDMOG043,ctdmo_seawater_pressure,ctdmo_seawater_pressure,0,6000,L1,dbar,GI03FLMA,RIM01,CTDMO
GI03FLMA-RIM01-02-CTDMOG043,ctdmo_seawater_temperature,ctdmo_seawater_temperature,-2,40,L1,deg_C,GI03FLMA,RIM01,CTDMO
GI03FLMA-RIM01-02-CTDMOG043,ctdmo_seawater_conductivity,ctdmo_seawater_conductivity,0,6,L1,S m-1,GI03FLMA,RIM01,CTDMO
GI03FLMA-RIM01-02-CTDMOG043,ctdmo_practical_salinity,ctdmo_practical_salinity,0,42,L2,(unitless),GI03FLMA,RIM01,CTDMO
GI03FLMA-RIM01-02-CTDMOG043,ctdmo_seawater_density,ctdmo_seawater_density,1000,1100,L2,kg m-3,GI03FLMA,RIM01,CTDMO
GI03FLMA-RIM01-02-CTDMOG043,serial_number,serial_number,,,ENG,1,GI03FLMA,RIM01,CTDMO
GI03FLMA-RIM01-02-CTDMOG043,time,time,,,ENG,seconds since 1900-01-01,GI03FLMA,RIM01,CTDMO
GI03FLMA-RIM01-02-CTDMOG043,ingestion_timestamp,ingestion_timestamp,,,ENG,seconds since 1900-01-01,GI03FLMA,RIM01,CTDMO
GI03FLMA-RIM01-02-CTDMOG044,driver_timestamp,driver_timestamp,,,ENG,seconds since 1900-01-01,GI03FLMA,RIM01,CTDMO
GI03FLMA-RIM01-02-CTDMOG044,internal_timestamp,internal_timestamp,,,ENG,seconds since 1900-01-01,GI03FLMA,RIM01,CTDMO
GI03FLMA-RIM01-02-CTDMOG044,inductive_id,inductive_id,,,ENG,1,GI03FLMA,RIM01,CTDMO
GI03FLMA-RIM01-02-CTDMOG044,preferred_timestamp,preferred_timestamp,,,ENG,1,GI03FLMA,RIM01,CTDMO
GI03FLMA-RIM01-02-CTDMOG044,temperature,temperature,,,L0,counts,GI03FLMA,RIM01,CTDMO
GI03FLMA-RIM01-02-CTDMOG044,conductivity,conductivity,,,L0,counts,GI03FLMA,RIM01,CTDMO
GI03FLMA-RIM01-02-CTDMOG044,pressure,pressure,,,L0,counts,GI03FLMA,RIM01,CTDMO
GI03FLMA-RIM01-02-CTDMOG044,pressure_temp,pressure_temp,,,L0,counts,GI03FLMA,RIM01,CTDMO
GI03FLMA-RIM01-02-CTDMOG044,ctd_time,ctd_time,,,ENG,seconds since 2000-01-01,GI03FLMA,RIM01,CTDMO
GI03FLMA-RIM01-02-CTDMOG044,sio_controller_timestamp,sio_controller_timestamp,,,ENG,seconds since 1970-01-01,GI03FLMA,RIM01,CTDMO
GI03FLMA-RIM01-02-CTDMOG044,ctd_time_offset,ctd_time_offset,,,,s,GI03FLMA,RIM01,CTDMO
GI03FLMA-RIM01-02-CTDMOG044,ctdmo_seawater_pressure,ctdmo_seawater_pressure,0,6000,L1,dbar,GI03FLMA,RIM01,CTDMO
GI03FLMA-RIM01-02-CTDMOG044,ctdmo_seawater_temperature,ctdmo_seawater_temperature,-2,40,L1,deg_C,GI03FLMA,RIM01,CTDMO
GI03FLMA-RIM01-02-CTDMOG044,ctdmo_seawater_conductivity,ctdmo_seawater_conductivity,0,6,L1,S m-1,GI03FLMA,RIM01,CTDMO
GI03FLMA-RIM01-02-CTDMOG044,ctdmo_practical_salinity,ctdmo_practical_salinity,0,42,L2,(unitless),GI03FLMA,RIM01,CTDMO
GI03FLMA-RIM01-02-CTDMOG044,ctdmo_seawater_density,ctdmo_seawater_density,1000,1100,L2,kg m-3,GI03FLMA,RIM01,CTDMO
GI03FLMA-RIM01-02-CTDMOG044,serial_number,serial_number,,,ENG,1,GI03FLMA,RIM01,CTDMO
GI03FLMA-RIM01-02-CTDMOG044,time,time,,,ENG,seconds since 1900-01-01,GI03FLMA,RIM01,CTDMO
GI03FLMA-RIM01-02-CTDMOG044,ingestion_timestamp,ingestion_timestamp,,,ENG,seconds since 1900-01-01,GI03FLMA,RIM01,CTDMO
GI03FLMA-RIM01-02-CTDMOG045,driver_timestamp,driver_timestamp,,,ENG,seconds since 1900-01-01,GI03FLMA,RIM01,CTDMO
GI03FLMA-RIM01-02-CTDMOG045,internal_timestamp,internal_timestamp,,,ENG,seconds since 1900-01-01,GI03FLMA,RIM01,CTDMO
GI03FLMA-RIM01-02-CTDMOG045,inductive_id,inductive_id,,,ENG,1,GI03FLMA,RIM01,CTDMO
GI03FLMA-RIM01-02-CTDMOG045,preferred_timestamp,preferred_timestamp,,,ENG,1,GI03FLMA,RIM01,CTDMO
GI03FLMA-RIM01-02-CTDMOG045,temperature,temperature,,,L0,counts,GI03FLMA,RIM01,CTDMO
GI03FLMA-RIM01-02-CTDMOG045,conductivity,conductivity,,,L0,counts,GI03FLMA,RIM01,CTDMO
GI03FLMA-RIM01-02-CTDMOG045,pressure,pressure,,,L0,counts,GI03FLMA,RIM01,CTDMO
GI03FLMA-RIM01-02-CTDMOG045,pressure_temp,pressure_temp,,,L0,counts,GI03FLMA,RIM01,CTDMO
GI03FLMA-RIM01-02-CTDMOG045,ctd_time,ctd_time,,,ENG,seconds since 2000-01-01,GI03FLMA,RIM01,CTDMO
GI03FLMA-RIM01-02-CTDMOG045,sio_controller_timestamp,sio_controller_timestamp,,,ENG,seconds since 1970-01-01,GI03FLMA,RIM01,CTDMO
GI03FLMA-RIM01-02-CTDMOG045,ctd_time_offset,ctd_time_offset,,,,s,GI03FLMA,RIM01,CTDMO
GI03FLMA-RIM01-02-CTDMOG045,ctdmo_seawater_pressure,ctdmo_seawater_pressure,0,6000,L1,dbar,GI03FLMA,RIM01,CTDMO
GI03FLMA-RIM01-02-CTDMOG045,ctdmo_seawater_temperature,ctdmo_seawater_temperature,-2,40,L1,deg_C,GI03FLMA,RIM01,CTDMO
GI03FLMA-RIM01-02-CTDMOG045,ctdmo_seawater_conductivity,ctdmo_seawater_conductivity,0,6,L1,S m-1,GI03FLMA,RIM01,CTDMO
GI03FLMA-RIM01-02-CTDMOG045,ctdmo_practical_salinity,ctdmo_practical_salinity,0,42,L2,(unitless),GI03FLMA,RIM01,CTDMO
GI03FLMA-RIM01-02-CTDMOG045,ctdmo_seawater_density,ctdmo_seawater_density,1000,1100,L2,kg m-3,GI03FLMA,RIM01,CTDMO
GI03FLMA-RIM01-02-CTDMOG045,serial_number,serial_number,,,ENG,1,GI03FLMA,RIM01,CTDMO
GI03FLMA-RIM01-02-CTDMOG045,time,time,,,ENG,seconds since 1900-01-01,GI03FLMA,RIM01,CTDMO
GI03FLMA-RIM01-02-CTDMOG045,ingestion_timestamp,ingestion_timestamp,,,ENG,seconds since 1900-01-01,GI03FLMA,RIM01,CTDMO
GI03FLMA-RIM01-02-CTDMOG046,driver_timestamp,driver_timestamp,,,ENG,seconds since 1900-01-01,GI03FLMA,RIM01,CTDMO
GI03FLMA-RIM01-02-CTDMOG046,internal_timestamp,internal_timestamp,,,ENG,seconds since 1900-01-01,GI03FLMA,RIM01,CTDMO
GI03FLMA-RIM01-02-CTDMOG046,inductive_id,inductive_id,,,ENG,1,GI03FLMA,RIM01,CTDMO
GI03FLMA-RIM01-02-CTDMOG046,preferred_timestamp,preferred_timestamp,,,ENG,1,GI03FLMA,RIM01,CTDMO
GI03FLMA-RIM01-02-CTDMOG046,temperature,temperature,,,L0,counts,GI03FLMA,RIM01,CTDMO
GI03FLMA-RIM01-02-CTDMOG046,conductivity,conductivity,,,L0,counts,GI03FLMA,RIM01,CTDMO
GI03FLMA-RIM01-02-CTDMOG046,pressure,pressure,,,L0,counts,GI03FLMA,RIM01,CTDMO
GI03FLMA-RIM01-02-CTDMOG046,pressure_temp,pressure_temp,,,L0,counts,GI03FLMA,RIM01,CTDMO
GI03FLMA-RIM01-02-CTDMOG046,ctd_time,ctd_time,,,ENG,seconds since 2000-01-01,GI03FLMA,RIM01,CTDMO
GI03FLMA-RIM01-02-CTDMOG046,sio_controller_timestamp,sio_controller_timestamp,,,ENG,seconds since 1970-01-01,GI03FLMA,RIM01,CTDMO
GI03FLMA-RIM01-02-CTDMOG046,ctd_time_offset,ctd_time_offset,,,,s,GI03FLMA,RIM01,CTDMO
GI03FLMA-RIM01-02-CTDMOG046,ctdmo_seawater_pressure,ctdmo_seawater_pressure,0,6000,L1,dbar,GI03FLMA,RIM01,CTDMO
GI03FLMA-RIM01-02-CTDMOG046,ctdmo_seawater_temperature,ctdmo_seawater_temperature,-2,40,L1,deg_C,GI03FLMA,RIM01,CTDMO
GI03FLMA-RIM01-02-CTDMOG046,ctdmo_seawater_conductivity,ctdmo_seawater_conductivity,0,6,L1,S m-1,GI03FLMA,RIM01,CTDMO
GI03FLMA-RIM01-02-CTDMOG046,ctdmo_practical_salinity,ctdmo_practical_salinity,0,42,L2,(unitless),GI03FLMA,RIM01,CTDMO
GI03FLMA-RIM01-02-CTDMOG046,ctdmo_seawater_density,ctdmo_seawater_density,1000,1100,L2,kg m-3,GI03FLMA,RIM01,CTDMO
GI03FLMA-RIM01-02-CTDMOG046,serial_number,serial_number,,,ENG,1,GI03FLMA,RIM01,CTDMO
GI03FLMA-RIM01-02-CTDMOG046,time,time,,,ENG,seconds since 1900-01-01,GI03FLMA,RIM01,CTDMO
GI03FLMA-RIM01-02-CTDMOG046,ingestion_timestamp,ingestion_timestamp,,,ENG,seconds since 1900-01-01,GI03FLMA,RIM01,CTDMO
GI03FLMA-RIM01-02-CTDMOG047,driver_timestamp,driver_timestamp,,,ENG,seconds since 1900-01-01,GI03FLMA,RIM01,CTDMO
GI03FLMA-RIM01-02-CTDMOG047,internal_timestamp,internal_timestamp,,,ENG,seconds since 1900-01-01,GI03FLMA,RIM01,CTDMO
GI03FLMA-RIM01-02-CTDMOG047,inductive_id,inductive_id,,,ENG,1,GI03FLMA,RIM01,CTDMO
GI03FLMA-RIM01-02-CTDMOG047,preferred_timestamp,preferred_timestamp,,,ENG,1,GI03FLMA,RIM01,CTDMO
GI03FLMA-RIM01-02-CTDMOG047,temperature,temperature,,,L0,counts,GI03FLMA,RIM01,CTDMO
GI03FLMA-RIM01-02-CTDMOG047,conductivity,conductivity,,,L0,counts,GI03FLMA,RIM01,CTDMO
GI03FLMA-RIM01-02-CTDMOG047,pressure,pressure,,,L0,counts,GI03FLMA,RIM01,CTDMO
GI03FLMA-RIM01-02-CTDMOG047,pressure_temp,pressure_temp,,,L0,counts,GI03FLMA,RIM01,CTDMO
GI03FLMA-RIM01-02-CTDMOG047,ctd_time,ctd_time,,,ENG,seconds since 2000-01-01,GI03FLMA,RIM01,CTDMO
GI03FLMA-RIM01-02-CTDMOG047,sio_controller_timestamp,sio_controller_timestamp,,,ENG,seconds since 1970-01-01,GI03FLMA,RIM01,CTDMO
GI03FLMA-RIM01-02-CTDMOG047,ctd_time_offset,ctd_time_offset,,,,s,GI03FLMA,RIM01,CTDMO
GI03FLMA-RIM01-02-CTDMOG047,ctdmo_seawater_pressure,ctdmo_seawater_pressure,0,6000,L1,dbar,GI03FLMA,RIM01,CTDMO
GI03FLMA-RIM01-02-CTDMOG047,ctdmo_seawater_temperature,ctdmo_seawater_temperature,-2,40,L1,deg_C,GI03FLMA,RIM01,CTDMO
GI03FLMA-RIM01-02-CTDMOG047,ctdmo_seawater_conductivity,ctdmo_seawater_conductivity,0,6,L1,S m-1,GI03FLMA,RIM01,CTDMO
GI03FLMA-RIM01-02-CTDMOG047,ctdmo_practical_salinity,ctdmo_practical_salinity,0,42,L2,(unitless),GI03FLMA,RIM01,CTDMO
GI03FLMA-RIM01-02-CTDMOG047,ctdmo_seawater_density,ctdmo_seawater_density,1000,1100,L2,kg m-3,GI03FLMA,RIM01,CTDMO
GI03FLMA-RIM01-02-CTDMOG047,serial_number,serial_number,,,ENG,1,GI03FLMA,RIM01,CTDMO
GI03FLMA-RIM01-02-CTDMOG047,time,time,,,ENG,seconds since 1900-01-01,GI03FLMA,RIM01,CTDMO
GI03FLMA-RIM01-02-CTDMOG047,ingestion_timestamp,ingestion_timestamp,,,ENG,seconds since 1900-01-01,GI03FLMA,RIM01,CTDMO
GI03FLMA-RIM01-02-CTDMOG048,driver_timestamp,driver_timestamp,,,ENG,seconds since 1900-01-01,GI03FLMA,RIM01,CTDMO
GI03FLMA-RIM01-02-CTDMOG048,internal_timestamp,internal_timestamp,,,ENG,seconds since 1900-01-01,GI03FLMA,RIM01,CTDMO
GI03FLMA-RIM01-02-CTDMOG048,inductive_id,inductive_id,,,ENG,1,GI03FLMA,RIM01,CTDMO
GI03FLMA-RIM01-02-CTDMOG048,preferred_timestamp,preferred_timestamp,,,ENG,1,GI03FLMA,RIM01,CTDMO
GI03FLMA-RIM01-02-CTDMOG048,temperature,temperature,,,L0,counts,GI03FLMA,RIM01,CTDMO
GI03FLMA-RIM01-02-CTDMOG048,conductivity,conductivity,,,L0,counts,GI03FLMA,RIM01,CTDMO
GI03FLMA-RIM01-02-CTDMOG048,pressure,pressure,,,L0,counts,GI03FLMA,RIM01,CTDMO
GI03FLMA-RIM01-02-CTDMOG048,pressure_temp,pressure_temp,,,L0,counts,GI03FLMA,RIM01,CTDMO
GI03FLMA-RIM01-02-CTDMOG048,ctd_time,ctd_time,,,ENG,seconds since 2000-01-01,GI03FLMA,RIM01,CTDMO
GI03FLMA-RIM01-02-CTDMOG048,sio_controller_timestamp,sio_controller_timestamp,,,ENG,seconds since 1970-01-01,GI03FLMA,RIM01,CTDMO
GI03FLMA-RIM01-02-CTDMOG048,ctd_time_offset,ctd_time_offset,,,,s,GI03FLMA,RIM01,CTDMO
GI03FLMA-RIM01-02-CTDMOG048,ctdmo_seawater_pressure,ctdmo_seawater_pressure,0,6000,L1,dbar,GI03FLMA,RIM01,CTDMO
GI03FLMA-RIM01-02-CTDMOG048,ctdmo_seawater_temperature,ctdmo_seawater_temperature,-2,40,L1,deg_C,GI03FLMA,RIM01,CTDMO
GI03FLMA-RIM01-02-CTDMOG048,ctdmo_seawater_conductivity,ctdmo_seawater_conductivity,0,6,L1,S m-1,GI03FLMA,RIM01,CTDMO
GI03FLMA-RIM01-02-CTDMOG048,ctdmo_practical_salinity,ctdmo_practical_salinity,0,42,L2,(unitless),GI03FLMA,RIM01,CTDMO
GI03FLMA-RIM01-02-CTDMOG048,ctdmo_seawater_density,ctdmo_seawater_density,1000,1100,L2,kg m-3,GI03FLMA,RIM01,CTDMO
GI03FLMA-RIM01-02-CTDMOG048,serial_number,serial_number,,,ENG,1,GI03FLMA,RIM01,CTDMO
GI03FLMA-RIM01-02-CTDMOG048,time,time,,,ENG,seconds since 1900-01-01,GI03FLMA,RIM01,CTDMO
GI03FLMA-RIM01-02-CTDMOG048,ingestion_timestamp,ingestion_timestamp,,,ENG,seconds since 1900-01-01,GI03FLMA,RIM01,CTDMO
GI03FLMA-RIM01-02-CTDMOH049,driver_timestamp,driver_timestamp,,,ENG,seconds since 1900-01-01,GI03FLMA,RIM01,CTDMO
GI03FLMA-RIM01-02-CTDMOH049,internal_timestamp,internal_timestamp,,,ENG,seconds since 1900-01-01,GI03FLMA,RIM01,CTDMO
GI03FLMA-RIM01-02-CTDMOH049,inductive_id,inductive_id,,,ENG,1,GI03FLMA,RIM01,CTDMO
GI03FLMA-RIM01-02-CTDMOH049,preferred_timestamp,preferred_timestamp,,,ENG,1,GI03FLMA,RIM01,CTDMO
GI03FLMA-RIM01-02-CTDMOH049,temperature,temperature,,,L0,counts,GI03FLMA,RIM01,CTDMO
GI03FLMA-RIM01-02-CTDMOH049,conductivity,conductivity,,,L0,counts,GI03FLMA,RIM01,CTDMO
GI03FLMA-RIM01-02-CTDMOH049,pressure,pressure,,,L0,counts,GI03FLMA,RIM01,CTDMO
GI03FLMA-RIM01-02-CTDMOH049,pressure_temp,pressure_temp,,,L0,counts,GI03FLMA,RIM01,CTDMO
GI03FLMA-RIM01-02-CTDMOH049,ctd_time,ctd_time,,,ENG,seconds since 2000-01-01,GI03FLMA,RIM01,CTDMO
GI03FLMA-RIM01-02-CTDMOH049,sio_controller_timestamp,sio_controller_timestamp,,,ENG,seconds since 1970-01-01,GI03FLMA,RIM01,CTDMO
GI03FLMA-RIM01-02-CTDMOH049,ctd_time_offset,ctd_time_offset,,,,s,GI03FLMA,RIM01,CTDMO
GI03FLMA-RIM01-02-CTDMOH049,ctdmo_seawater_pressure,ctdmo_seawater_pressure,0,6000,L1,dbar,GI03FLMA,RIM01,CTDMO
GI03FLMA-RIM01-02-CTDMOH049,ctdmo_seawater_temperature,ctdmo_seawater_temperature,-2,40,L1,deg_C,GI03FLMA,RIM01,CTDMO
GI03FLMA-RIM01-02-CTDMOH049,ctdmo_seawater_conductivity,ctdmo_seawater_conductivity,0,6,L1,S m-1,GI03FLMA,RIM01,CTDMO
GI03FLMA-RIM01-02-CTDMOH049,ctdmo_practical_salinity,ctdmo_practical_salinity,0,42,L2,(unitless),GI03FLMA,RIM01,CTDMO
GI03FLMA-RIM01-02-CTDMOH049,ctdmo_seawater_density,ctdmo_seawater_density,1000,1100,L2,kg m-3,GI03FLMA,RIM01,CTDMO
GI03FLMA-RIM01-02-CTDMOH049,serial_number,serial_number,,,ENG,1,GI03FLMA,RIM01,CTDMO
GI03FLMA-RIM01-02-CTDMOH049,time,time,,,ENG,seconds since 1900-01-01,GI03FLMA,RIM01,CTDMO
GI03FLMA-RIM01-02-CTDMOH049,ingestion_timestamp,ingestion_timestamp,,,ENG,seconds since 1900-01-01,GI03FLMA,RIM01,CTDMO
GI03FLMA-RIM01-02-CTDMOH050,driver_timestamp,driver_timestamp,,,ENG,seconds since 1900-01-01,GI03FLMA,RIM01,CTDMO
GI03FLMA-RIM01-02-CTDMOH050,internal_timestamp,internal_timestamp,,,ENG,seconds since 1900-01-01,GI03FLMA,RIM01,CTDMO
GI03FLMA-RIM01-02-CTDMOH050,inductive_id,inductive_id,,,ENG,1,GI03FLMA,RIM01,CTDMO
GI03FLMA-RIM01-02-CTDMOH050,preferred_timestamp,preferred_timestamp,,,ENG,1,GI03FLMA,RIM01,CTDMO
GI03FLMA-RIM01-02-CTDMOH050,temperature,temperature,,,L0,counts,GI03FLMA,RIM01,CTDMO
GI03FLMA-RIM01-02-CTDMOH050,conductivity,conductivity,,,L0,counts,GI03FLMA,RIM01,CTDMO
GI03FLMA-RIM01-02-CTDMOH050,pressure,pressure,,,L0,counts,GI03FLMA,RIM01,CTDMO
GI03FLMA-RIM01-02-CTDMOH050,pressure_temp,pressure_temp,,,L0,counts,GI03FLMA,RIM01,CTDMO
GI03FLMA-RIM01-02-CTDMOH050,ctd_time,ctd_time,,,ENG,seconds since 2000-01-01,GI03FLMA,RIM01,CTDMO
GI03FLMA-RIM01-02-CTDMOH050,sio_controller_timestamp,sio_controller_timestamp,,,ENG,seconds since 1970-01-01,GI03FLMA,RIM01,CTDMO
GI03FLMA-RIM01-02-CTDMOH050,ctd_time_offset,ctd_time_offset,,,,s,GI03FLMA,RIM01,CTDMO
GI03FLMA-RIM01-02-CTDMOH050,ctdmo_seawater_pressure,ctdmo_seawater_pressure,0,6000,L1,dbar,GI03FLMA,RIM01,CTDMO
GI03FLMA-RIM01-02-CTDMOH050,ctdmo_seawater_temperature,ctdmo_seawater_temperature,-2,40,L1,deg_C,GI03FLMA,RIM01,CTDMO
GI03FLMA-RIM01-02-CTDMOH050,ctdmo_seawater_conductivity,ctdmo_seawater_conductivity,0,6,L1,S m-1,GI03FLMA,RIM01,CTDMO
GI03FLMA-RIM01-02-CTDMOH050,ctdmo_practical_salinity,ctdmo_practical_salinity,0,42,L2,(unitless),GI03FLMA,RIM01,CTDMO
GI03FLMA-RIM01-02-CTDMOH050,ctdmo_seawater_density,ctdmo_seawater_density,1000,1100,L2,kg m-3,GI03FLMA,RIM01,CTDMO
GI03FLMA-RIM01-02-CTDMOH050,serial_number,serial_number,,,ENG,1,GI03FLMA,RIM01,CTDMO
GI03FLMA-RIM01-02-CTDMOH050,time,time,,,ENG,seconds since 1900-01-01,GI03FLMA,RIM01,CTDMO
GI03FLMA-RIM01-02-CTDMOH050,ingestion_timestamp,ingestion_timestamp,,,ENG,seconds since 1900-01-01,GI03FLMA,RIM01,CTDMO
GI03FLMA-RIM01-02-CTDMOH051,driver_timestamp,driver_timestamp,,,ENG,seconds since 1900-01-01,GI03FLMA,RIM01,CTDMO
GI03FLMA-RIM01-02-CTDMOH051,internal_timestamp,internal_timestamp,,,ENG,seconds since 1900-01-01,GI03FLMA,RIM01,CTDMO
GI03FLMA-RIM01-02-CTDMOH051,inductive_id,inductive_id,,,ENG,1,GI03FLMA,RIM01,CTDMO
GI03FLMA-RIM01-02-CTDMOH051,preferred_timestamp,preferred_timestamp,,,ENG,1,GI03FLMA,RIM01,CTDMO
GI03FLMA-RIM01-02-CTDMOH051,temperature,temperature,,,L0,counts,GI03FLMA,RIM01,CTDMO
GI03FLMA-RIM01-02-CTDMOH051,conductivity,conductivity,,,L0,counts,GI03FLMA,RIM01,CTDMO
GI03FLMA-RIM01-02-CTDMOH051,pressure,pressure,,,L0,counts,GI03FLMA,RIM01,CTDMO
GI03FLMA-RIM01-02-CTDMOH051,pressure_temp,pressure_temp,,,L0,counts,GI03FLMA,RIM01,CTDMO
GI03FLMA-RIM01-02-CTDMOH051,ctd_time,ctd_time,,,ENG,seconds since 2000-01-01,GI03FLMA,RIM01,CTDMO
GI03FLMA-RIM01-02-CTDMOH051,sio_controller_timestamp,sio_controller_timestamp,,,ENG,seconds since 1970-01-01,GI03FLMA,RIM01,CTDMO
GI03FLMA-RIM01-02-CTDMOH051,ctd_time_offset,ctd_time_offset,,,,s,GI03FLMA,RIM01,CTDMO
GI03FLMA-RIM01-02-CTDMOH051,ctdmo_seawater_pressure,ctdmo_seawater_pressure,0,6000,L1,dbar,GI03FLMA,RIM01,CTDMO
GI03FLMA-RIM01-02-CTDMOH051,ctdmo_seawater_temperature,ctdmo_seawater_temperature,-2,40,L1,deg_C,GI03FLMA,RIM01,CTDMO
GI03FLMA-RIM01-02-CTDMOH051,ctdmo_seawater_conductivity,ctdmo_seawater_conductivity,0,6,L1,S m-1,GI03FLMA,RIM01,CTDMO
GI03FLMA-RIM01-02-CTDMOH051,ctdmo_practical_salinity,ctdmo_practical_salinity,0,42,L2,(unitless),GI03FLMA,RIM01,CTDMO
GI03FLMA-RIM01-02-CTDMOH051,ctdmo_seawater_density,ctdmo_seawater_density,1000,1100,L2,kg m-3,GI03FLMA,RIM01,CTDMO
GI03FLMA-RIM01-02-CTDMOH051,serial_number,serial_number,,,ENG,1,GI03FLMA,RIM01,CTDMO
GI03FLMA-RIM01-02-CTDMOH051,time,time,,,ENG,seconds since 1900-01-01,GI03FLMA,RIM01,CTDMO
GI03FLMA-RIM01-02-CTDMOH051,ingestion_timestamp,ingestion_timestamp,,,ENG,seconds since 1900-01-01,GI03FLMA,RIM01,CTDMO
GI03FLMA-RIS01-03-DOSTAD000,product_number,product_number,,,,1,GI03FLMA,RIS01,DOSTA
GI03FLMA-RIS01-03-DOSTAD000,driver_timestamp,driver_timestamp,,,ENG,seconds since 1900-01-01,GI03FLMA,RIS01,DOSTA
GI03FLMA-RIS01-03-DOSTAD000,internal_timestamp,internal_timestamp,,,ENG,seconds since 1900-01-01,GI03FLMA,RIS01,DOSTA
GI03FLMA-RIS01-03-DOSTAD000,preferred_timestamp,preferred_timestamp,,,ENG,1,GI03FLMA,RIS01,DOSTA
GI03FLMA-RIS01-03-DOSTAD000,sio_controller_timestamp,sio_controller_timestamp,,,ENG,seconds since 1970-01-01,GI03FLMA,RIS01,DOSTA
GI03FLMA-RIS01-03-DOSTAD000,dosta_abcdjm_cspp_tc_oxygen,dosta_abcdjm_cspp_tc_oxygen,0,400,L1,umol L-1,GI03FLMA,RIS01,DOSTA
GI03FLMA-RIS01-03-DOSTAD000,serial_number,serial_number,,,ENG,1,GI03FLMA,RIS01,DOSTA
GI03FLMA-RIS01-03-DOSTAD000,dosta_abcdjm_sio_abs_oxygen,dosta_abcdjm_sio_abs_oxygen,0,400,L2,umol kg-1,GI03FLMA,RIS01,DOSTA
GI03FLMA-RIS01-03-DOSTAD000,time,time,,,ENG,seconds since 1900-01-01,GI03FLMA,RIS01,DOSTA
GI03FLMA-RIS01-03-DOSTAD000,ingestion_timestamp,ingestion_timestamp,,,ENG,seconds since 1900-01-01,GI03FLMA,RIS01,DOSTA
GI03FLMA-RIS01-03-DOSTAD000,estimated_oxygen_concentration,estimated_oxygen_concentration,0,400,L1,umol L-1,GI03FLMA,RIS01,DOSTA
GI03FLMA-RIS01-03-DOSTAD000,estimated_oxygen_saturation,estimated_oxygen_saturation,0,110,L1,percent,GI03FLMA,RIS01,DOSTA
GI03FLMA-RIS01-03-DOSTAD000,optode_temperature,optode_temperature,-2,40,,deg_C,GI03FLMA,RIS01,DOSTA
GI03FLMA-RIS01-03-DOSTAD000,calibrated_phase,calibrated_phase,,,L0,degrees,GI03FLMA,RIS01,DOSTA
GI03FLMA-RIS01-03-DOSTAD000,temp_compensated_phase,temp_compensated_phase,,,,degrees,GI03FLMA,RIS01,DOSTA
GI03FLMA-RIS01-03-DOSTAD000,blue_phase,blue_phase,,,,degrees,GI03FLMA,RIS01,DOSTA
GI03FLMA-RIS01-03-DOSTAD000,red_phase,red_phase,,,,degrees,GI03FLMA,RIS01,DOSTA
GI03FLMA-RIS01-03-DOSTAD000,blue_amplitude,blue_amplitude,,,,mV,GI03FLMA,RIS01,DOSTA
GI03FLMA-RIS01-03-DOSTAD000,red_amplitude,red_amplitude,,,,mV,GI03FLMA,RIS01,DOSTA
GI03FLMA-RIS01-03-DOSTAD000,raw_temperature,raw_temperature,,,,mV,GI03FLMA,RIS01,DOSTA
GI03FLMA-RIS01-04-PHSENF000,driver_timestamp,driver_timestamp,,,ENG,seconds since 1900-01-01,GI03FLMA,RIS01,PHSEN
GI03FLMA-RIS01-04-PHSENF000,external_device2_fault,external_device2_fault,,,,1,GI03FLMA,RIS01,PHSEN
GI03FLMA-RIS01-04-PHSENF000,external_device3_fault,external_device3_fault,,,,1,GI03FLMA,RIS01,PHSEN
GI03FLMA-RIS01-04-PHSENF000,num_data_records,num_data_records,,,,1,GI03FLMA,RIS01,PHSEN
GI03FLMA-RIS01-04-PHSENF000,num_error_records,num_error_records,,,,1,GI03FLMA,RIS01,PHSEN
GI03FLMA-RIS01-04-PHSENF000,num_bytes_stored,num_bytes_stored,,,,bytes,GI03FLMA,RIS01,PHSEN
GI03FLMA-RIS01-04-PHSENF000,internal_timestamp,internal_timestamp,,,ENG,seconds since 1900-01-01,GI03FLMA,RIS01,PHSEN
GI03FLMA-RIS01-04-PHSENF000,preferred_timestamp,preferred_timestamp,,,ENG,1,GI03FLMA,RIS01,PHSEN
GI03FLMA-RIS01-04-PHSENF000,sio_controller_timestamp,sio_controller_timestamp,,,ENG,seconds since 1970-01-01,GI03FLMA,RIS01,PHSEN
GI03FLMA-RIS01-04-PHSENF000,passed_checksum,passed_checksum,,,ENG,1,GI03FLMA,RIS01,PHSEN
GI03FLMA-RIS01-04-PHSENF000,phsen_abcdef_ph_seawater,phsen_abcdef_ph_seawater,7.3,8.5,L1,(unitless),GI03FLMA,RIS01,PHSEN
GI03FLMA-RIS01-04-PHSENF000,battery_low_blank,battery_low_blank,,,,1,GI03FLMA,RIS01,PHSEN
GI03FLMA-RIS01-04-PHSENF000,unique_id,unique_id,,,,1,GI03FLMA,RIS01,PHSEN
GI03FLMA-RIS01-04-PHSENF000,record_type,record_type,,,,1,GI03FLMA,RIS01,PHSEN
GI03FLMA-RIS01-04-PHSENF000,record_time,record_time,,,,seconds since 1904-01-01,GI03FLMA,RIS01,PHSEN
GI03FLMA-RIS01-04-PHSENF000,light_measurements,light_measurements,,,,counts,GI03FLMA,RIS01,PHSEN
GI03FLMA-RIS01-04-PHSENF000,voltage_battery,voltage_battery,,,,counts,GI03FLMA,RIS01,PHSEN
GI03FLMA-RIS01-04-PHSENF000,clock_active,clock_active,,,,1,GI03FLMA,RIS01,PHSEN
GI03FLMA-RIS01-04-PHSENF000,recording_active,recording_active,,,,1,GI03FLMA,RIS01,PHSEN
GI03FLMA-RIS01-04-PHSENF000,record_end_on_time,record_end_on_time,,,,1,GI03FLMA,RIS01,PHSEN
GI03FLMA-RIS01-04-PHSENF000,record_memory_full,record_memory_full,,,,1,GI03FLMA,RIS01,PHSEN
GI03FLMA-RIS01-04-PHSENF000,phsen_abcdef_signal_intensity_434,phsen_abcdef_signal_intensity_434,,,L0,counts,GI03FLMA,RIS01,PHSEN
GI03FLMA-RIS01-04-PHSENF000,phsen_abcdef_signal_intensity_578,phsen_abcdef_signal_intensity_578,,,L0,counts,GI03FLMA,RIS01,PHSEN
GI03FLMA-RIS01-04-PHSENF000,record_end_on_error,record_end_on_error,,,,1,GI03FLMA,RIS01,PHSEN
GI03FLMA-RIS01-04-PHSENF000,data_download_ok,data_download_ok,,,,1,GI03FLMA,RIS01,PHSEN
GI03FLMA-RIS01-04-PHSENF000,flash_memory_open,flash_memory_open,,,,1,GI03FLMA,RIS01,PHSEN
GI03FLMA-RIS01-04-PHSENF000,battery_low_prestart,battery_low_prestart,,,,1,GI03FLMA,RIS01,PHSEN
GI03FLMA-RIS01-04-PHSENF000,battery_low_measurement,battery_low_measurement,,,,1,GI03FLMA,RIS01,PHSEN
GI03FLMA-RIS01-04-PHSENF000,battery_low_external,battery_low_external,,,,1,GI03FLMA,RIS01,PHSEN
GI03FLMA-RIS01-04-PHSENF000,external_device1_fault,external_device1_fault,,,,1,GI03FLMA,RIS01,PHSEN
GI03FLMA-RIS01-04-PHSENF000,flash_erased,flash_erased,,,,1,GI03FLMA,RIS01,PHSEN
GI03FLMA-RIS01-04-PHSENF000,power_on_invalid,power_on_invalid,,,,1,GI03FLMA,RIS01,PHSEN
GI03FLMA-RIS01-04-PHSENF000,time,time,,,ENG,seconds since 1900-01-01,GI03FLMA,RIS01,PHSEN
GI03FLMA-RIS01-04-PHSENF000,ingestion_timestamp,ingestion_timestamp,,,ENG,seconds since 1900-01-01,GI03FLMA,RIS01,PHSEN
GI03FLMA-RIS01-04-PHSENF000,thermistor_start,thermistor_start,,,,counts,GI03FLMA,RIS01,PHSEN
GI03FLMA-RIS01-04-PHSENF000,reference_light_measurements,reference_light_measurements,,,,counts,GI03FLMA,RIS01,PHSEN
GI03FLMA-RIS01-04-PHSENF000,thermistor_end,thermistor_end,,,,counts,GI03FLMA,RIS01,PHSEN
GI03FLMA-RIS01-04-PHSENF000,phsen_thermistor_temperature,phsen_thermistor_temperature,,,L0,V,GI03FLMA,RIS01,PHSEN
GI03FLMA-RIS01-05-FLORTD000,driver_timestamp,driver_timestamp,,,ENG,seconds since 1900-01-01,GI03FLMA,RIS01,FLORT
GI03FLMA-RIS01-05-FLORTD000,date_string,date_string,,,ENG,1,GI03FLMA,RIS01,FLORT
GI03FLMA-RIS01-05-FLORTD000,time_string,time_string,,,ENG,1,GI03FLMA,RIS01,FLORT
GI03FLMA-RIS01-05-FLORTD000,measurement_wavelength_beta,measurement_wavelength_beta,,,,nm,GI03FLMA,RIS01,FLORT
GI03FLMA-RIS01-05-FLORTD000,raw_signal_beta,raw_signal_beta,,,L0,counts,GI03FLMA,RIS01,FLORT
GI03FLMA-RIS01-05-FLORTD000,measurement_wavelength_chl,measurement_wavelength_chl,,,,nm,GI03FLMA,RIS01,FLORT
GI03FLMA-RIS01-05-FLORTD000,raw_signal_chl,raw_signal_chl,,,L0,counts,GI03FLMA,RIS01,FLORT
GI03FLMA-RIS01-05-FLORTD000,measurement_wavelength_cdom,measurement_wavelength_cdom,,,,nm,GI03FLMA,RIS01,FLORT
GI03FLMA-RIS01-05-FLORTD000,raw_signal_cdom,raw_signal_cdom,,,L0,counts,GI03FLMA,RIS01,FLORT
GI03FLMA-RIS01-05-FLORTD000,raw_internal_temp,raw_internal_temp,,,,counts,GI03FLMA,RIS01,FLORT
GI03FLMA-RIS01-05-FLORTD000,internal_timestamp,internal_timestamp,,,ENG,seconds since 1900-01-01,GI03FLMA,RIS01,FLORT
GI03FLMA-RIS01-05-FLORTD000,preferred_timestamp,preferred_timestamp,,,ENG,1,GI03FLMA,RIS01,FLORT
GI03FLMA-RIS01-05-FLORTD000,flort_k_total_volume_scattering_coefficient,flort_k_total_volume_scattering_coefficient,,,L1,m-1 sr-1,GI03FLMA,RIS01,FLORT
GI03FLMA-RIS01-05-FLORTD000,fluorometric_chlorophyll_a,fluorometric_chlorophyll_a,0,50,L1,ug L-1,GI03FLMA,RIS01,FLORT
GI03FLMA-RIS01-05-FLORTD000,fluorometric_cdom,fluorometric_cdom,0,375,L1,ppb,GI03FLMA,RIS01,FLORT
GI03FLMA-RIS01-05-FLORTD000,sio_controller_timestamp,sio_controller_timestamp,,,ENG,seconds since 1970-01-01,GI03FLMA,RIS01,FLORT
GI03FLMA-RIS01-05-FLORTD000,flort_dj_bback_total,flort_dj_bback_total,0.0003,1,L2,m-1,GI03FLMA,RIS01,FLORT
GI03FLMA-RIS01-05-FLORTD000,flort_dj_scat_seawater,flort_dj_scat_seawater,,,AUX,m-1,GI03FLMA,RIS01,FLORT
GI03FLMA-RIS01-05-FLORTD000,time,time,,,ENG,seconds since 1900-01-01,GI03FLMA,RIS01,FLORT
GI03FLMA-RIS01-05-FLORTD000,ingestion_timestamp,ingestion_timestamp,,,ENG,seconds since 1900-01-01,GI03FLMA,RIS01,FLORT
GI03FLMB-RI000-00-CTDMOH000,driver_timestamp,driver_timestamp,,,ENG,seconds since 1900-01-01,GI03FLMB,RI000,CTDMO
GI03FLMB-RI000-00-CTDMOH000,internal_timestamp,internal_timestamp,,,ENG,seconds since 1900-01-01,GI03FLMB,RI000,CTDMO
GI03FLMB-RI000-00-CTDMOH000,inductive_id,inductive_id,,,ENG,1,GI03FLMB,RI000,CTDMO
GI03FLMB-RI000-00-CTDMOH000,preferred_timestamp,preferred_timestamp,,,ENG,1,GI03FLMB,RI000,CTDMO
GI03FLMB-RI000-00-CTDMOH000,temperature,temperature,,,L0,counts,GI03FLMB,RI000,CTDMO
GI03FLMB-RI000-00-CTDMOH000,conductivity,conductivity,,,L0,counts,GI03FLMB,RI000,CTDMO
GI03FLMB-RI000-00-CTDMOH000,pressure,pressure,,,L0,counts,GI03FLMB,RI000,CTDMO
GI03FLMB-RI000-00-CTDMOH000,pressure_temp,pressure_temp,,,L0,counts,GI03FLMB,RI000,CTDMO
GI03FLMB-RI000-00-CTDMOH000,ctd_time,ctd_time,,,ENG,seconds since 2000-01-01,GI03FLMB,RI000,CTDMO
GI03FLMB-RI000-00-CTDMOH000,sio_controller_timestamp,sio_controller_timestamp,,,ENG,seconds since 1970-01-01,GI03FLMB,RI000,CTDMO
GI03FLMB-RI000-00-CTDMOH000,ctd_time_offset,ctd_time_offset,,,,s,GI03FLMB,RI000,CTDMO
GI03FLMB-RI000-00-CTDMOH000,ctdmo_seawater_pressure,ctdmo_seawater_pressure,0,6000,L1,dbar,GI03FLMB,RI000,CTDMO
GI03FLMB-RI000-00-CTDMOH000,ctdmo_seawater_temperature,ctdmo_seawater_temperature,-2,40,L1,deg_C,GI03FLMB,RI000,CTDMO
GI03FLMB-RI000-00-CTDMOH000,ctdmo_seawater_conductivity,ctdmo_seawater_conductivity,0,6,L1,S m-1,GI03FLMB,RI000,CTDMO
GI03FLMB-RI000-00-CTDMOH000,ctdmo_practical_salinity,ctdmo_practical_salinity,0,42,L2,(unitless),GI03FLMB,RI000,CTDMO
GI03FLMB-RI000-00-CTDMOH000,ctdmo_seawater_density,ctdmo_seawater_density,1000,1100,L2,kg m-3,GI03FLMB,RI000,CTDMO
GI03FLMB-RI000-00-CTDMOH000,serial_number,serial_number,,,ENG,1,GI03FLMB,RI000,CTDMO
GI03FLMB-RI000-00-CTDMOH000,time,time,,,ENG,seconds since 1900-01-01,GI03FLMB,RI000,CTDMO
GI03FLMB-RI000-00-CTDMOH000,ingestion_timestamp,ingestion_timestamp,,,ENG,seconds since 1900-01-01,GI03FLMB,RI000,CTDMO
GI03FLMB-RI000-00-CTDMOH100,driver_timestamp,driver_timestamp,,,ENG,seconds since 1900-01-01,GI03FLMB,RI000,CTDMO
GI03FLMB-RI000-00-CTDMOH100,internal_timestamp,internal_timestamp,,,ENG,seconds since 1900-01-01,GI03FLMB,RI000,CTDMO
GI03FLMB-RI000-00-CTDMOH100,inductive_id,inductive_id,,,ENG,1,GI03FLMB,RI000,CTDMO
GI03FLMB-RI000-00-CTDMOH100,preferred_timestamp,preferred_timestamp,,,ENG,1,GI03FLMB,RI000,CTDMO
GI03FLMB-RI000-00-CTDMOH100,temperature,temperature,,,L0,counts,GI03FLMB,RI000,CTDMO
GI03FLMB-RI000-00-CTDMOH100,conductivity,conductivity,,,L0,counts,GI03FLMB,RI000,CTDMO
GI03FLMB-RI000-00-CTDMOH100,pressure,pressure,,,L0,counts,GI03FLMB,RI000,CTDMO
GI03FLMB-RI000-00-CTDMOH100,pressure_temp,pressure_temp,,,L0,counts,GI03FLMB,RI000,CTDMO
GI03FLMB-RI000-00-CTDMOH100,ctd_time,ctd_time,,,ENG,seconds since 2000-01-01,GI03FLMB,RI000,CTDMO
GI03FLMB-RI000-00-CTDMOH100,sio_controller_timestamp,sio_controller_timestamp,,,ENG,seconds since 1970-01-01,GI03FLMB,RI000,CTDMO
GI03FLMB-RI000-00-CTDMOH100,ctd_time_offset,ctd_time_offset,,,,s,GI03FLMB,RI000,CTDMO
GI03FLMB-RI000-00-CTDMOH100,ctdmo_seawater_pressure,ctdmo_seawater_pressure,0,6000,L1,dbar,GI03FLMB,RI000,CTDMO
GI03FLMB-RI000-00-CTDMOH100,ctdmo_seawater_temperature,ctdmo_seawater_temperature,-2,40,L1,deg_C,GI03FLMB,RI000,CTDMO
GI03FLMB-RI000-00-CTDMOH100,ctdmo_seawater_conductivity,ctdmo_seawater_conductivity,0,6,L1,S m-1,GI03FLMB,RI000,CTDMO
GI03FLMB-RI000-00-CTDMOH100,ctdmo_practical_salinity,ctdmo_practical_salinity,0,42,L2,(unitless),GI03FLMB,RI000,CTDMO
GI03FLMB-RI000-00-CTDMOH100,ctdmo_seawater_density,ctdmo_seawater_density,1000,1100,L2,kg m-3,GI03FLMB,RI000,CTDMO
GI03FLMB-RI000-00-CTDMOH100,serial_number,serial_number,,,ENG,1,GI03FLMB,RI000,CTDMO
GI03FLMB-RI000-00-CTDMOH100,time,time,,,ENG,seconds since 1900-01-01,GI03FLMB,RI000,CTDMO
GI03FLMB-RI000-00-CTDMOH100,ingestion_timestamp,ingestion_timestamp,,,ENG,seconds since 1900-01-01,GI03FLMB,RI000,CTDMO
GI03FLMB-RI000-00-CTDMOH400,driver_timestamp,driver_timestamp,,,ENG,seconds since 1900-01-01,GI03FLMB,RI000,CTDMO
GI03FLMB-RI000-00-CTDMOH400,internal_timestamp,internal_timestamp,,,ENG,seconds since 1900-01-01,GI03FLMB,RI000,CTDMO
GI03FLMB-RI000-00-CTDMOH400,inductive_id,inductive_id,,,ENG,1,GI03FLMB,RI000,CTDMO
GI03FLMB-RI000-00-CTDMOH400,preferred_timestamp,preferred_timestamp,,,ENG,1,GI03FLMB,RI000,CTDMO
GI03FLMB-RI000-00-CTDMOH400,temperature,temperature,,,L0,counts,GI03FLMB,RI000,CTDMO
GI03FLMB-RI000-00-CTDMOH400,conductivity,conductivity,,,L0,counts,GI03FLMB,RI000,CTDMO
GI03FLMB-RI000-00-CTDMOH400,pressure,pressure,,,L0,counts,GI03FLMB,RI000,CTDMO
GI03FLMB-RI000-00-CTDMOH400,pressure_temp,pressure_temp,,,L0,counts,GI03FLMB,RI000,CTDMO
GI03FLMB-RI000-00-CTDMOH400,ctd_time,ctd_time,,,ENG,seconds since 2000-01-01,GI03FLMB,RI000,CTDMO
GI03FLMB-RI000-00-CTDMOH400,sio_controller_timestamp,sio_controller_timestamp,,,ENG,seconds since 1970-01-01,GI03FLMB,RI000,CTDMO
GI03FLMB-RI000-00-CTDMOH400,ctd_time_offset,ctd_time_offset,,,,s,GI03FLMB,RI000,CTDMO
GI03FLMB-RI000-00-CTDMOH400,ctdmo_seawater_pressure,ctdmo_seawater_pressure,0,6000,L1,dbar,GI03FLMB,RI000,CTDMO
GI03FLMB-RI000-00-CTDMOH400,ctdmo_seawater_temperature,ctdmo_seawater_temperature,-2,40,L1,deg_C,GI03FLMB,RI000,CTDMO
GI03FLMB-RI000-00-CTDMOH400,ctdmo_seawater_conductivity,ctdmo_seawater_conductivity,0,6,L1,S m-1,GI03FLMB,RI000,CTDMO
GI03FLMB-RI000-00-CTDMOH400,ctdmo_practical_salinity,ctdmo_practical_salinity,0,42,L2,(unitless),GI03FLMB,RI000,CTDMO
GI03FLMB-RI000-00-CTDMOH400,ctdmo_seawater_density,ctdmo_seawater_density,1000,1100,L2,kg m-3,GI03FLMB,RI000,CTDMO
GI03FLMB-RI000-00-CTDMOH400,serial_number,serial_number,,,ENG,1,GI03FLMB,RI000,CTDMO
GI03FLMB-RI000-00-CTDMOH400,time,time,,,ENG,seconds since 1900-01-01,GI03FLMB,RI000,CTDMO
GI03FLMB-RI000-00-CTDMOH400,ingestion_timestamp,ingestion_timestamp,,,ENG,seconds since 1900-01-01,GI03FLMB,RI000,CTDMO
GI03FLMB-RI000-00-CTDMOH700,driver_timestamp,driver_timestamp,,,ENG,seconds since 1900-01-01,GI03FLMB,RI000,CTDMO
GI03FLMB-RI000-00-CTDMOH700,internal_timestamp,internal_timestamp,,,ENG,seconds since 1900-01-01,GI03FLMB,RI000,CTDMO
GI03FLMB-RI000-00-CTDMOH700,inductive_id,inductive_id,,,ENG,1,GI03FLMB,RI000,CTDMO
GI03FLMB-RI000-00-CTDMOH700,preferred_timestamp,preferred_timestamp,,,ENG,1,GI03FLMB,RI000,CTDMO
GI03FLMB-RI000-00-CTDMOH700,temperature,temperature,,,L0,counts,GI03FLMB,RI000,CTDMO
GI03FLMB-RI000-00-CTDMOH700,conductivity,conductivity,,,L0,counts,GI03FLMB,RI000,CTDMO
GI03FLMB-RI000-00-CTDMOH700,pressure,pressure,,,L0,counts,GI03FLMB,RI000,CTDMO
GI03FLMB-RI000-00-CTDMOH700,pressure_temp,pressure_temp,,,L0,counts,GI03FLMB,RI000,CTDMO
GI03FLMB-RI000-00-CTDMOH700,ctd_time,ctd_time,,,ENG,seconds since 2000-01-01,GI03FLMB,RI000,CTDMO
GI03FLMB-RI000-00-CTDMOH700,sio_controller_timestamp,sio_controller_timestamp,,,ENG,seconds since 1970-01-01,GI03FLMB,RI000,CTDMO
GI03FLMB-RI000-00-CTDMOH700,ctd_time_offset,ctd_time_offset,,,,s,GI03FLMB,RI000,CTDMO
GI03FLMB-RI000-00-CTDMOH700,ctdmo_seawater_pressure,ctdmo_seawater_pressure,0,6000,L1,dbar,GI03FLMB,RI000,CTDMO
GI03FLMB-RI000-00-CTDMOH700,ctdmo_seawater_temperature,ctdmo_seawater_temperature,-2,40,L1,deg_C,GI03FLMB,RI000,CTDMO
GI03FLMB-RI000-00-CTDMOH700,ctdmo_seawater_conductivity,ctdmo_seawater_conductivity,0,6,L1,S m-1,GI03FLMB,RI000,CTDMO
GI03FLMB-RI000-00-CTDMOH700,ctdmo_practical_salinity,ctdmo_practical_salinity,0,42,L2,(unitless),GI03FLMB,RI000,CTDMO
GI03FLMB-RI000-00-CTDMOH700,ctdmo_seawater_density,ctdmo_seawater_density,1000,1100,L2,kg m-3,GI03FLMB,RI000,CTDMO
GI03FLMB-RI000-00-CTDMOH700,serial_number,serial_number,,,ENG,1,GI03FLMB,RI000,CTDMO
GI03FLMB-RI000-00-CTDMOH700,time,time,,,ENG,seconds since 1900-01-01,GI03FLMB,RI000,CTDMO
GI03FLMB-RI000-00-CTDMOH700,ingestion_timestamp,ingestion_timestamp,,,ENG,seconds since 1900-01-01,GI03FLMB,RI000,CTDMO
GI03FLMB-RI000-00-VELPTB000,driver_timestamp,driver_timestamp,,,ENG,seconds since 1900-01-01,GI03FLMB,RI000,VELPT
GI03FLMB-RI000-00-VELPTB000,firmware_version,firmware_version,,,,1,GI03FLMB,RI000,VELPT
GI03FLMB-RI000-00-VELPTB000,eastward_velocity,eastward_velocity,-3,3,L1,m s-1,GI03FLMB,RI000,VELPT
GI03FLMB-RI000-00-VELPTB000,northward_velocity,northward_velocity,-3,3,L1,m s-1,GI03FLMB,RI000,VELPT
GI03FLMB-RI000-00-VELPTB000,upward_velocity,upward_velocity,-1,1,L1,m s-1,GI03FLMB,RI000,VELPT
GI03FLMB-RI000-00-VELPTB000,internal_timestamp,internal_timestamp,,,ENG,seconds since 1900-01-01,GI03FLMB,RI000,VELPT
GI03FLMB-RI000-00-VELPTB000,preferred_timestamp,preferred_timestamp,,,ENG,1,GI03FLMB,RI000,VELPT
GI03FLMB-RI000-00-VELPTB000,velpt_ab_eastward_velocity,velpt_ab_eastward_velocity,-3,3,L1,m s-1,GI03FLMB,RI000,VELPT
GI03FLMB-RI000-00-VELPTB000,velpt_ab_northward_velocity,velpt_ab_northward_velocity,-3,3,L1,m s-1,GI03FLMB,RI000,VELPT
GI03FLMB-RI000-00-VELPTB000,velpt_ab_upward_velocity,velpt_ab_upward_velocity,-1,1,L1,m s-1,GI03FLMB,RI000,VELPT
GI03FLMB-RI000-00-VELPTB000,number_of_beam_sequences,number_of_beam_sequences,,,,counts,GI03FLMB,RI000,VELPT
GI03FLMB-RI000-00-VELPTB000,number_of_beams_in_diagnostics_mode,number_of_beams_in_diagnostics_mode,,,,counts,GI03FLMB,RI000,VELPT
GI03FLMB-RI000-00-VELPTB000,reserved_bit_easyq,reserved_bit_easyq,,,,1,GI03FLMB,RI000,VELPT
GI03FLMB-RI000-00-VELPTB000,battery_voltage_dv,battery_voltage_dv,,,AUX,dV,GI03FLMB,RI000,VELPT
GI03FLMB-RI000-00-VELPTB000,sound_speed_dms,sound_speed_dms,,,AUX,dm s-1,GI03FLMB,RI000,VELPT
GI03FLMB-RI000-00-VELPTB000,heading_decidegree,heading_decidegree,,,AUX,deci-degrees,GI03FLMB,RI000,VELPT
GI03FLMB-RI000-00-VELPTB000,roll_decidegree,roll_decidegree,,,AUX,deci-degrees,GI03FLMB,RI000,VELPT
GI03FLMB-RI000-00-VELPTB000,pitch_decidegree,pitch_decidegree,,,AUX,deci-degrees,GI03FLMB,RI000,VELPT
GI03FLMB-RI000-00-VELPTB000,temperature_centidegree,temperature_centidegree,,,AUX,cdeg_C,GI03FLMB,RI000,VELPT
GI03FLMB-RI000-00-VELPTB000,pressure_mbar,pressure_mbar,,,AUX,0.001 dbar,GI03FLMB,RI000,VELPT
GI03FLMB-RI000-00-VELPTB000,error_code,error_code,,,,1,GI03FLMB,RI000,VELPT
GI03FLMB-RI000-00-VELPTB000,analog1,analog1,,,,1,GI03FLMB,RI000,VELPT
GI03FLMB-RI000-00-VELPTB000,status,status,,,,1,GI03FLMB,RI000,VELPT
GI03FLMB-RI000-00-VELPTB000,velocity_beam1,velocity_beam1,,,L0,mm s-1,GI03FLMB,RI000,VELPT
GI03FLMB-RI000-00-VELPTB000,velocity_beam2,velocity_beam2,,,L0,mm s-1,GI03FLMB,RI000,VELPT
GI03FLMB-RI000-00-VELPTB000,velocity_beam3,velocity_beam3,,,L0,mm s-1,GI03FLMB,RI000,VELPT
GI03FLMB-RI000-00-VELPTB000,amplitude_beam1,amplitude_beam1,,,AUX,counts,GI03FLMB,RI000,VELPT
GI03FLMB-RI000-00-VELPTB000,amplitude_beam2,amplitude_beam2,,,AUX,counts,GI03FLMB,RI000,VELPT
GI03FLMB-RI000-00-VELPTB000,amplitude_beam3,amplitude_beam3,,,AUX,counts,GI03FLMB,RI000,VELPT
GI03FLMB-RI000-00-VELPTB000,records_to_follow,records_to_follow,,,,1,GI03FLMB,RI000,VELPT
GI03FLMB-RI000-00-VELPTB000,cell_number_diagnostics,cell_number_diagnostics,,,,1,GI03FLMB,RI000,VELPT
GI03FLMB-RI000-00-VELPTB000,noise_amplitude_beam1,noise_amplitude_beam1,,,,counts,GI03FLMB,RI000,VELPT
GI03FLMB-RI000-00-VELPTB000,noise_amplitude_beam2,noise_amplitude_beam2,,,,counts,GI03FLMB,RI000,VELPT
GI03FLMB-RI000-00-VELPTB000,noise_amplitude_beam3,noise_amplitude_beam3,,,,counts,GI03FLMB,RI000,VELPT
GI03FLMB-RI000-00-VELPTB000,noise_amplitude_beam4,noise_amplitude_beam4,,,,counts,GI03FLMB,RI000,VELPT
GI03FLMB-RI000-00-VELPTB000,processing_magnitude_beam1,processing_magnitude_beam1,,,,1,GI03FLMB,RI000,VELPT
GI03FLMB-RI000-00-VELPTB000,processing_magnitude_beam2,processing_magnitude_beam2,,,,1,GI03FLMB,RI000,VELPT
GI03FLMB-RI000-00-VELPTB000,processing_magnitude_beam3,processing_magnitude_beam3,,,,1,GI03FLMB,RI000,VELPT
GI03FLMB-RI000-00-VELPTB000,processing_magnitude_beam4,processing_magnitude_beam4,,,,1,GI03FLMB,RI000,VELPT
GI03FLMB-RI000-00-VELPTB000,distance_beam1,distance_beam1,,,,1,GI03FLMB,RI000,VELPT
GI03FLMB-RI000-00-VELPTB000,distance_beam2,distance_beam2,,,,1,GI03FLMB,RI000,VELPT
GI03FLMB-RI000-00-VELPTB000,distance_beam3,distance_beam3,,,,1,GI03FLMB,RI000,VELPT
GI03FLMB-RI000-00-VELPTB000,distance_beam4,distance_beam4,,,,1,GI03FLMB,RI000,VELPT
GI03FLMB-RI000-00-VELPTB000,instrmt_type_serial_number,instrmt_type_serial_number,,,,1,GI03FLMB,RI000,VELPT
GI03FLMB-RI000-00-VELPTB000,pic_version,pic_version,,,,1,GI03FLMB,RI000,VELPT
GI03FLMB-RI000-00-VELPTB000,hardware_revision,hardware_revision,,,,1,GI03FLMB,RI000,VELPT
GI03FLMB-RI000-00-VELPTB000,recorder_size,recorder_size,,,,bytes,GI03FLMB,RI000,VELPT
GI03FLMB-RI000-00-VELPTB000,velocity_range,velocity_range,,,,1,GI03FLMB,RI000,VELPT
GI03FLMB-RI000-00-VELPTB000,pressure_sensor,pressure_sensor,,,,1,GI03FLMB,RI000,VELPT
GI03FLMB-RI000-00-VELPTB000,magnetometer_sensor,magnetometer_sensor,,,,1,GI03FLMB,RI000,VELPT
GI03FLMB-RI000-00-VELPTB000,tilt_sensor,tilt_sensor,,,,1,GI03FLMB,RI000,VELPT
GI03FLMB-RI000-00-VELPTB000,tilt_sensor_mounting,tilt_sensor_mounting,,,,1,GI03FLMB,RI000,VELPT
GI03FLMB-RI000-00-VELPTB000,head_frequency,head_frequency,,,,kHz,GI03FLMB,RI000,VELPT
GI03FLMB-RI000-00-VELPTB000,head_type,head_type,,,,1,GI03FLMB,RI000,VELPT
GI03FLMB-RI000-00-VELPTB000,head_serial_number,head_serial_number,,,,1,GI03FLMB,RI000,VELPT
GI03FLMB-RI000-00-VELPTB000,number_beams,number_beams,,,,1,GI03FLMB,RI000,VELPT
GI03FLMB-RI000-00-VELPTB000,transmit_pulse_length,transmit_pulse_length,,,,counts,GI03FLMB,RI000,VELPT
GI03FLMB-RI000-00-VELPTB000,blanking_distance,blanking_distance,,,,counts,GI03FLMB,RI000,VELPT
GI03FLMB-RI000-00-VELPTB000,receive_length,receive_length,,,,counts,GI03FLMB,RI000,VELPT
GI03FLMB-RI000-00-VELPTB000,time_between_pings,time_between_pings,,,,counts,GI03FLMB,RI000,VELPT
GI03FLMB-RI000-00-VELPTB000,time_between_bursts,time_between_bursts,,,,counts,GI03FLMB,RI000,VELPT
GI03FLMB-RI000-00-VELPTB000,average_interval,average_interval,,,,s,GI03FLMB,RI000,VELPT
GI03FLMB-RI000-00-VELPTB000,compass_update_rate,compass_update_rate,,,,Hz,GI03FLMB,RI000,VELPT
GI03FLMB-RI000-00-VELPTB000,coordinate_system,coordinate_system,,,,1,GI03FLMB,RI000,VELPT
GI03FLMB-RI000-00-VELPTB000,number_cells,number_cells,,,,1,GI03FLMB,RI000,VELPT
GI03FLMB-RI000-00-VELPTB000,measurement_interval,measurement_interval,,,,s,GI03FLMB,RI000,VELPT
GI03FLMB-RI000-00-VELPTB000,deployment_name,deployment_name,,,,1,GI03FLMB,RI000,VELPT
GI03FLMB-RI000-00-VELPTB000,diagnostics_interval,diagnostics_interval,,,,s,GI03FLMB,RI000,VELPT
GI03FLMB-RI000-00-VELPTB000,use_specified_sound_speed,use_specified_sound_speed,,,,1,GI03FLMB,RI000,VELPT
GI03FLMB-RI000-00-VELPTB000,diagnostics_mode_enable,diagnostics_mode_enable,,,,1,GI03FLMB,RI000,VELPT
GI03FLMB-RI000-00-VELPTB000,analog_output_enable,analog_output_enable,,,,1,GI03FLMB,RI000,VELPT
GI03FLMB-RI000-00-VELPTB000,output_format_nortek,output_format_nortek,,,,1,GI03FLMB,RI000,VELPT
GI03FLMB-RI000-00-VELPTB000,scaling,scaling,,,,1,GI03FLMB,RI000,VELPT
GI03FLMB-RI000-00-VELPTB000,serial_output_enable,serial_output_enable,,,,1,GI03FLMB,RI000,VELPT
GI03FLMB-RI000-00-VELPTB000,stage_enable,stage_enable,,,,1,GI03FLMB,RI000,VELPT
GI03FLMB-RI000-00-VELPTB000,analog_power_output,analog_power_output,,,,1,GI03FLMB,RI000,VELPT
GI03FLMB-RI000-00-VELPTB000,sound_speed_adjust_factor,sound_speed_adjust_factor,,,,m s-1,GI03FLMB,RI000,VELPT
GI03FLMB-RI000-00-VELPTB000,number_diagnostics_samples,number_diagnostics_samples,,,,1,GI03FLMB,RI000,VELPT
GI03FLMB-RI000-00-VELPTB000,number_pings_diagnostic,number_pings_diagnostic,,,,1,GI03FLMB,RI000,VELPT
GI03FLMB-RI000-00-VELPTB000,software_version,software_version,,,,1,GI03FLMB,RI000,VELPT
GI03FLMB-RI000-00-VELPTB000,correlation_threshold,correlation_threshold,,,,1,GI03FLMB,RI000,VELPT
GI03FLMB-RI000-00-VELPTB000,time,time,,,ENG,seconds since 1900-01-01,GI03FLMB,RI000,VELPT
GI03FLMB-RI000-00-VELPTB000,ingestion_timestamp,ingestion_timestamp,,,ENG,seconds since 1900-01-01,GI03FLMB,RI000,VELPT
GI03FLMB-RI000-00-VELPTB000,date_time_string,date_time_string,,,,1,GI03FLMB,RI000,VELPT
GI03FLMB-RI000-00-VELPTB100,driver_timestamp,driver_timestamp,,,ENG,seconds since 1900-01-01,GI03FLMB,RI000,VELPT
GI03FLMB-RI000-00-VELPTB100,firmware_version,firmware_version,,,,1,GI03FLMB,RI000,VELPT
GI03FLMB-RI000-00-VELPTB100,eastward_velocity,eastward_velocity,-3,3,L1,m s-1,GI03FLMB,RI000,VELPT
GI03FLMB-RI000-00-VELPTB100,northward_velocity,northward_velocity,-3,3,L1,m s-1,GI03FLMB,RI000,VELPT
GI03FLMB-RI000-00-VELPTB100,upward_velocity,upward_velocity,-1,1,L1,m s-1,GI03FLMB,RI000,VELPT
GI03FLMB-RI000-00-VELPTB100,internal_timestamp,internal_timestamp,,,ENG,seconds since 1900-01-01,GI03FLMB,RI000,VELPT
GI03FLMB-RI000-00-VELPTB100,preferred_timestamp,preferred_timestamp,,,ENG,1,GI03FLMB,RI000,VELPT
GI03FLMB-RI000-00-VELPTB100,velpt_ab_eastward_velocity,velpt_ab_eastward_velocity,-3,3,L1,m s-1,GI03FLMB,RI000,VELPT
GI03FLMB-RI000-00-VELPTB100,velpt_ab_northward_velocity,velpt_ab_northward_velocity,-3,3,L1,m s-1,GI03FLMB,RI000,VELPT
GI03FLMB-RI000-00-VELPTB100,velpt_ab_upward_velocity,velpt_ab_upward_velocity,-1,1,L1,m s-1,GI03FLMB,RI000,VELPT
GI03FLMB-RI000-00-VELPTB100,number_of_beam_sequences,number_of_beam_sequences,,,,counts,GI03FLMB,RI000,VELPT
GI03FLMB-RI000-00-VELPTB100,number_of_beams_in_diagnostics_mode,number_of_beams_in_diagnostics_mode,,,,counts,GI03FLMB,RI000,VELPT
GI03FLMB-RI000-00-VELPTB100,reserved_bit_easyq,reserved_bit_easyq,,,,1,GI03FLMB,RI000,VELPT
GI03FLMB-RI000-00-VELPTB100,battery_voltage_dv,battery_voltage_dv,,,AUX,dV,GI03FLMB,RI000,VELPT
GI03FLMB-RI000-00-VELPTB100,sound_speed_dms,sound_speed_dms,,,AUX,dm s-1,GI03FLMB,RI000,VELPT
GI03FLMB-RI000-00-VELPTB100,heading_decidegree,heading_decidegree,,,AUX,deci-degrees,GI03FLMB,RI000,VELPT
GI03FLMB-RI000-00-VELPTB100,roll_decidegree,roll_decidegree,,,AUX,deci-degrees,GI03FLMB,RI000,VELPT
GI03FLMB-RI000-00-VELPTB100,pitch_decidegree,pitch_decidegree,,,AUX,deci-degrees,GI03FLMB,RI000,VELPT
GI03FLMB-RI000-00-VELPTB100,temperature_centidegree,temperature_centidegree,,,AUX,cdeg_C,GI03FLMB,RI000,VELPT
GI03FLMB-RI000-00-VELPTB100,pressure_mbar,pressure_mbar,,,AUX,0.001 dbar,GI03FLMB,RI000,VELPT
GI03FLMB-RI000-00-VELPTB100,error_code,error_code,,,,1,GI03FLMB,RI000,VELPT
GI03FLMB-RI000-00-VELPTB100,analog1,analog1,,,,1,GI03FLMB,RI000,VELPT
GI03FLMB-RI000-00-VELPTB100,status,status,,,,1,GI03FLMB,RI000,VELPT
GI03FLMB-RI000-00-VELPTB100,velocity_beam1,velocity_beam1,,,L0,mm s-1,GI03FLMB,RI000,VELPT
GI03FLMB-RI000-00-VELPTB100,velocity_beam2,velocity_beam2,,,L0,mm s-1,GI03FLMB,RI000,VELPT
GI03FLMB-RI000-00-VELPTB100,velocity_beam3,velocity_beam3,,,L0,mm s-1,GI03FLMB,RI000,VELPT
GI03FLMB-RI000-00-VELPTB100,amplitude_beam1,amplitude_beam1,,,AUX,counts,GI03FLMB,RI000,VELPT
GI03FLMB-RI000-00-VELPTB100,amplitude_beam2,amplitude_beam2,,,AUX,counts,GI03FLMB,RI000,VELPT
GI03FLMB-RI000-00-VELPTB100,amplitude_beam3,amplitude_beam3,,,AUX,counts,GI03FLMB,RI000,VELPT
GI03FLMB-RI000-00-VELPTB100,records_to_follow,records_to_follow,,,,1,GI03FLMB,RI000,VELPT
GI03FLMB-RI000-00-VELPTB100,cell_number_diagnostics,cell_number_diagnostics,,,,1,GI03FLMB,RI000,VELPT
GI03FLMB-RI000-00-VELPTB100,noise_amplitude_beam1,noise_amplitude_beam1,,,,counts,GI03FLMB,RI000,VELPT
GI03FLMB-RI000-00-VELPTB100,noise_amplitude_beam2,noise_amplitude_beam2,,,,counts,GI03FLMB,RI000,VELPT
GI03FLMB-RI000-00-VELPTB100,noise_amplitude_beam3,noise_amplitude_beam3,,,,counts,GI03FLMB,RI000,VELPT
GI03FLMB-RI000-00-VELPTB100,noise_amplitude_beam4,noise_amplitude_beam4,,,,counts,GI03FLMB,RI000,VELPT
GI03FLMB-RI000-00-VELPTB100,processing_magnitude_beam1,processing_magnitude_beam1,,,,1,GI03FLMB,RI000,VELPT
GI03FLMB-RI000-00-VELPTB100,processing_magnitude_beam2,processing_magnitude_beam2,,,,1,GI03FLMB,RI000,VELPT
GI03FLMB-RI000-00-VELPTB100,processing_magnitude_beam3,processing_magnitude_beam3,,,,1,GI03FLMB,RI000,VELPT
GI03FLMB-RI000-00-VELPTB100,processing_magnitude_beam4,processing_magnitude_beam4,,,,1,GI03FLMB,RI000,VELPT
GI03FLMB-RI000-00-VELPTB100,distance_beam1,distance_beam1,,,,1,GI03FLMB,RI000,VELPT
GI03FLMB-RI000-00-VELPTB100,distance_beam2,distance_beam2,,,,1,GI03FLMB,RI000,VELPT
GI03FLMB-RI000-00-VELPTB100,distance_beam3,distance_beam3,,,,1,GI03FLMB,RI000,VELPT
GI03FLMB-RI000-00-VELPTB100,distance_beam4,distance_beam4,,,,1,GI03FLMB,RI000,VELPT
GI03FLMB-RI000-00-VELPTB100,instrmt_type_serial_number,instrmt_type_serial_number,,,,1,GI03FLMB,RI000,VELPT
GI03FLMB-RI000-00-VELPTB100,pic_version,pic_version,,,,1,GI03FLMB,RI000,VELPT
GI03FLMB-RI000-00-VELPTB100,hardware_revision,hardware_revision,,,,1,GI03FLMB,RI000,VELPT
GI03FLMB-RI000-00-VELPTB100,recorder_size,recorder_size,,,,bytes,GI03FLMB,RI000,VELPT
GI03FLMB-RI000-00-VELPTB100,velocity_range,velocity_range,,,,1,GI03FLMB,RI000,VELPT
GI03FLMB-RI000-00-VELPTB100,pressure_sensor,pressure_sensor,,,,1,GI03FLMB,RI000,VELPT
GI03FLMB-RI000-00-VELPTB100,magnetometer_sensor,magnetometer_sensor,,,,1,GI03FLMB,RI000,VELPT
GI03FLMB-RI000-00-VELPTB100,tilt_sensor,tilt_sensor,,,,1,GI03FLMB,RI000,VELPT
GI03FLMB-RI000-00-VELPTB100,tilt_sensor_mounting,tilt_sensor_mounting,,,,1,GI03FLMB,RI000,VELPT
GI03FLMB-RI000-00-VELPTB100,head_frequency,head_frequency,,,,kHz,GI03FLMB,RI000,VELPT
GI03FLMB-RI000-00-VELPTB100,head_type,head_type,,,,1,GI03FLMB,RI000,VELPT
GI03FLMB-RI000-00-VELPTB100,head_serial_number,head_serial_number,,,,1,GI03FLMB,RI000,VELPT
GI03FLMB-RI000-00-VELPTB100,number_beams,number_beams,,,,1,GI03FLMB,RI000,VELPT
GI03FLMB-RI000-00-VELPTB100,transmit_pulse_length,transmit_pulse_length,,,,counts,GI03FLMB,RI000,VELPT
GI03FLMB-RI000-00-VELPTB100,blanking_distance,blanking_distance,,,,counts,GI03FLMB,RI000,VELPT
GI03FLMB-RI000-00-VELPTB100,receive_length,receive_length,,,,counts,GI03FLMB,RI000,VELPT
GI03FLMB-RI000-00-VELPTB100,time_between_pings,time_between_pings,,,,counts,GI03FLMB,RI000,VELPT
GI03FLMB-RI000-00-VELPTB100,time_between_bursts,time_between_bursts,,,,counts,GI03FLMB,RI000,VELPT
GI03FLMB-RI000-00-VELPTB100,average_interval,average_interval,,,,s,GI03FLMB,RI000,VELPT
GI03FLMB-RI000-00-VELPTB100,compass_update_rate,compass_update_rate,,,,Hz,GI03FLMB,RI000,VELPT
GI03FLMB-RI000-00-VELPTB100,coordinate_system,coordinate_system,,,,1,GI03FLMB,RI000,VELPT
GI03FLMB-RI000-00-VELPTB100,number_cells,number_cells,,,,1,GI03FLMB,RI000,VELPT
GI03FLMB-RI000-00-VELPTB100,measurement_interval,measurement_interval,,,,s,GI03FLMB,RI000,VELPT
GI03FLMB-RI000-00-VELPTB100,deployment_name,deployment_name,,,,1,GI03FLMB,RI000,VELPT
GI03FLMB-RI000-00-VELPTB100,diagnostics_interval,diagnostics_interval,,,,s,GI03FLMB,RI000,VELPT
GI03FLMB-RI000-00-VELPTB100,use_specified_sound_speed,use_specified_sound_speed,,,,1,GI03FLMB,RI000,VELPT
GI03FLMB-RI000-00-VELPTB100,diagnostics_mode_enable,diagnostics_mode_enable,,,,1,GI03FLMB,RI000,VELPT
GI03FLMB-RI000-00-VELPTB100,analog_output_enable,analog_output_enable,,,,1,GI03FLMB,RI000,VELPT
GI03FLMB-RI000-00-VELPTB100,output_format_nortek,output_format_nortek,,,,1,GI03FLMB,RI000,VELPT
GI03FLMB-RI000-00-VELPTB100,scaling,scaling,,,,1,GI03FLMB,RI000,VELPT
GI03FLMB-RI000-00-VELPTB100,serial_output_enable,serial_output_enable,,,,1,GI03FLMB,RI000,VELPT
GI03FLMB-RI000-00-VELPTB100,stage_enable,stage_enable,,,,1,GI03FLMB,RI000,VELPT
GI03FLMB-RI000-00-VELPTB100,analog_power_output,analog_power_output,,,,1,GI03FLMB,RI000,VELPT
GI03FLMB-RI000-00-VELPTB100,sound_speed_adjust_factor,sound_speed_adjust_factor,,,,m s-1,GI03FLMB,RI000,VELPT
GI03FLMB-RI000-00-VELPTB100,number_diagnostics_samples,number_diagnostics_samples,,,,1,GI03FLMB,RI000,VELPT
GI03FLMB-RI000-00-VELPTB100,number_pings_diagnostic,number_pings_diagnostic,,,,1,GI03FLMB,RI000,VELPT
GI03FLMB-RI000-00-VELPTB100,software_version,software_version,,,,1,GI03FLMB,RI000,VELPT
GI03FLMB-RI000-00-VELPTB100,correlation_threshold,correlation_threshold,,,,1,GI03FLMB,RI000,VELPT
GI03FLMB-RI000-00-VELPTB100,time,time,,,ENG,seconds since 1900-01-01,GI03FLMB,RI000,VELPT
GI03FLMB-RI000-00-VELPTB100,ingestion_timestamp,ingestion_timestamp,,,ENG,seconds since 1900-01-01,GI03FLMB,RI000,VELPT
GI03FLMB-RI000-00-VELPTB100,date_time_string,date_time_string,,,,1,GI03FLMB,RI000,VELPT
GI03FLMB-RI000-00-VELPTB400,driver_timestamp,driver_timestamp,,,ENG,seconds since 1900-01-01,GI03FLMB,RI000,VELPT
GI03FLMB-RI000-00-VELPTB400,firmware_version,firmware_version,,,,1,GI03FLMB,RI000,VELPT
GI03FLMB-RI000-00-VELPTB400,eastward_velocity,eastward_velocity,-3,3,L1,m s-1,GI03FLMB,RI000,VELPT
GI03FLMB-RI000-00-VELPTB400,northward_velocity,northward_velocity,-3,3,L1,m s-1,GI03FLMB,RI000,VELPT
GI03FLMB-RI000-00-VELPTB400,upward_velocity,upward_velocity,-1,1,L1,m s-1,GI03FLMB,RI000,VELPT
GI03FLMB-RI000-00-VELPTB400,internal_timestamp,internal_timestamp,,,ENG,seconds since 1900-01-01,GI03FLMB,RI000,VELPT
GI03FLMB-RI000-00-VELPTB400,preferred_timestamp,preferred_timestamp,,,ENG,1,GI03FLMB,RI000,VELPT
GI03FLMB-RI000-00-VELPTB400,velpt_ab_eastward_velocity,velpt_ab_eastward_velocity,-3,3,L1,m s-1,GI03FLMB,RI000,VELPT
GI03FLMB-RI000-00-VELPTB400,velpt_ab_northward_velocity,velpt_ab_northward_velocity,-3,3,L1,m s-1,GI03FLMB,RI000,VELPT
GI03FLMB-RI000-00-VELPTB400,velpt_ab_upward_velocity,velpt_ab_upward_velocity,-1,1,L1,m s-1,GI03FLMB,RI000,VELPT
GI03FLMB-RI000-00-VELPTB400,number_of_beam_sequences,number_of_beam_sequences,,,,counts,GI03FLMB,RI000,VELPT
GI03FLMB-RI000-00-VELPTB400,number_of_beams_in_diagnostics_mode,number_of_beams_in_diagnostics_mode,,,,counts,GI03FLMB,RI000,VELPT
GI03FLMB-RI000-00-VELPTB400,reserved_bit_easyq,reserved_bit_easyq,,,,1,GI03FLMB,RI000,VELPT
GI03FLMB-RI000-00-VELPTB400,battery_voltage_dv,battery_voltage_dv,,,AUX,dV,GI03FLMB,RI000,VELPT
GI03FLMB-RI000-00-VELPTB400,sound_speed_dms,sound_speed_dms,,,AUX,dm s-1,GI03FLMB,RI000,VELPT
GI03FLMB-RI000-00-VELPTB400,heading_decidegree,heading_decidegree,,,AUX,deci-degrees,GI03FLMB,RI000,VELPT
GI03FLMB-RI000-00-VELPTB400,roll_decidegree,roll_decidegree,,,AUX,deci-degrees,GI03FLMB,RI000,VELPT
GI03FLMB-RI000-00-VELPTB400,pitch_decidegree,pitch_decidegree,,,AUX,deci-degrees,GI03FLMB,RI000,VELPT
GI03FLMB-RI000-00-VELPTB400,temperature_centidegree,temperature_centidegree,,,AUX,cdeg_C,GI03FLMB,RI000,VELPT
GI03FLMB-RI000-00-VELPTB400,pressure_mbar,pressure_mbar,,,AUX,0.001 dbar,GI03FLMB,RI000,VELPT
GI03FLMB-RI000-00-VELPTB400,error_code,error_code,,,,1,GI03FLMB,RI000,VELPT
GI03FLMB-RI000-00-VELPTB400,analog1,analog1,,,,1,GI03FLMB,RI000,VELPT
GI03FLMB-RI000-00-VELPTB400,status,status,,,,1,GI03FLMB,RI000,VELPT
GI03FLMB-RI000-00-VELPTB400,velocity_beam1,velocity_beam1,,,L0,mm s-1,GI03FLMB,RI000,VELPT
GI03FLMB-RI000-00-VELPTB400,velocity_beam2,velocity_beam2,,,L0,mm s-1,GI03FLMB,RI000,VELPT
GI03FLMB-RI000-00-VELPTB400,velocity_beam3,velocity_beam3,,,L0,mm s-1,GI03FLMB,RI000,VELPT
GI03FLMB-RI000-00-VELPTB400,amplitude_beam1,amplitude_beam1,,,AUX,counts,GI03FLMB,RI000,VELPT
GI03FLMB-RI000-00-VELPTB400,amplitude_beam2,amplitude_beam2,,,AUX,counts,GI03FLMB,RI000,VELPT
GI03FLMB-RI000-00-VELPTB400,amplitude_beam3,amplitude_beam3,,,AUX,counts,GI03FLMB,RI000,VELPT
GI03FLMB-RI000-00-VELPTB400,records_to_follow,records_to_follow,,,,1,GI03FLMB,RI000,VELPT
GI03FLMB-RI000-00-VELPTB400,cell_number_diagnostics,cell_number_diagnostics,,,,1,GI03FLMB,RI000,VELPT
GI03FLMB-RI000-00-VELPTB400,noise_amplitude_beam1,noise_amplitude_beam1,,,,counts,GI03FLMB,RI000,VELPT
GI03FLMB-RI000-00-VELPTB400,noise_amplitude_beam2,noise_amplitude_beam2,,,,counts,GI03FLMB,RI000,VELPT
GI03FLMB-RI000-00-VELPTB400,noise_amplitude_beam3,noise_amplitude_beam3,,,,counts,GI03FLMB,RI000,VELPT
GI03FLMB-RI000-00-VELPTB400,noise_amplitude_beam4,noise_amplitude_beam4,,,,counts,GI03FLMB,RI000,VELPT
GI03FLMB-RI000-00-VELPTB400,processing_magnitude_beam1,processing_magnitude_beam1,,,,1,GI03FLMB,RI000,VELPT
GI03FLMB-RI000-00-VELPTB400,processing_magnitude_beam2,processing_magnitude_beam2,,,,1,GI03FLMB,RI000,VELPT
GI03FLMB-RI000-00-VELPTB400,processing_magnitude_beam3,processing_magnitude_beam3,,,,1,GI03FLMB,RI000,VELPT
GI03FLMB-RI000-00-VELPTB400,processing_magnitude_beam4,processing_magnitude_beam4,,,,1,GI03FLMB,RI000,VELPT
GI03FLMB-RI000-00-VELPTB400,distance_beam1,distance_beam1,,,,1,GI03FLMB,RI000,VELPT
GI03FLMB-RI000-00-VELPTB400,distance_beam2,distance_beam2,,,,1,GI03FLMB,RI000,VELPT
GI03FLMB-RI000-00-VELPTB400,distance_beam3,distance_beam3,,,,1,GI03FLMB,RI000,VELPT
GI03FLMB-RI000-00-VELPTB400,distance_beam4,distance_beam4,,,,1,GI03FLMB,RI000,VELPT
GI03FLMB-RI000-00-VELPTB400,instrmt_type_serial_number,instrmt_type_serial_number,,,,1,GI03FLMB,RI000,VELPT
GI03FLMB-RI000-00-VELPTB400,pic_version,pic_version,,,,1,GI03FLMB,RI000,VELPT
GI03FLMB-RI000-00-VELPTB400,hardware_revision,hardware_revision,,,,1,GI03FLMB,RI000,VELPT
GI03FLMB-RI000-00-VELPTB400,recorder_size,recorder_size,,,,bytes,GI03FLMB,RI000,VELPT
GI03FLMB-RI000-00-VELPTB400,velocity_range,velocity_range,,,,1,GI03FLMB,RI000,VELPT
GI03FLMB-RI000-00-VELPTB400,pressure_sensor,pressure_sensor,,,,1,GI03FLMB,RI000,VELPT
GI03FLMB-RI000-00-VELPTB400,magnetometer_sensor,magnetometer_sensor,,,,1,GI03FLMB,RI000,VELPT
GI03FLMB-RI000-00-VELPTB400,tilt_sensor,tilt_sensor,,,,1,GI03FLMB,RI000,VELPT
GI03FLMB-RI000-00-VELPTB400,tilt_sensor_mounting,tilt_sensor_mounting,,,,1,GI03FLMB,RI000,VELPT
GI03FLMB-RI000-00-VELPTB400,head_frequency,head_frequency,,,,kHz,GI03FLMB,RI000,VELPT
GI03FLMB-RI000-00-VELPTB400,head_type,head_type,,,,1,GI03FLMB,RI000,VELPT
GI03FLMB-RI000-00-VELPTB400,head_serial_number,head_serial_number,,,,1,GI03FLMB,RI000,VELPT
GI03FLMB-RI000-00-VELPTB400,number_beams,number_beams,,,,1,GI03FLMB,RI000,VELPT
GI03FLMB-RI000-00-VELPTB400,transmit_pulse_length,transmit_pulse_length,,,,counts,GI03FLMB,RI000,VELPT
GI03FLMB-RI000-00-VELPTB400,blanking_distance,blanking_distance,,,,counts,GI03FLMB,RI000,VELPT
GI03FLMB-RI000-00-VELPTB400,receive_length,receive_length,,,,counts,GI03FLMB,RI000,VELPT
GI03FLMB-RI000-00-VELPTB400,time_between_pings,time_between_pings,,,,counts,GI03FLMB,RI000,VELPT
GI03FLMB-RI000-00-VELPTB400,time_between_bursts,time_between_bursts,,,,counts,GI03FLMB,RI000,VELPT
GI03FLMB-RI000-00-VELPTB400,average_interval,average_interval,,,,s,GI03FLMB,RI000,VELPT
GI03FLMB-RI000-00-VELPTB400,compass_update_rate,compass_update_rate,,,,Hz,GI03FLMB,RI000,VELPT
GI03FLMB-RI000-00-VELPTB400,coordinate_system,coordinate_system,,,,1,GI03FLMB,RI000,VELPT
GI03FLMB-RI000-00-VELPTB400,number_cells,number_cells,,,,1,GI03FLMB,RI000,VELPT
GI03FLMB-RI000-00-VELPTB400,measurement_interval,measurement_interval,,,,s,GI03FLMB,RI000,VELPT
GI03FLMB-RI000-00-VELPTB400,deployment_name,deployment_name,,,,1,GI03FLMB,RI000,VELPT
GI03FLMB-RI000-00-VELPTB400,diagnostics_interval,diagnostics_interval,,,,s,GI03FLMB,RI000,VELPT
GI03FLMB-RI000-00-VELPTB400,use_specified_sound_speed,use_specified_sound_speed,,,,1,GI03FLMB,RI000,VELPT
GI03FLMB-RI000-00-VELPTB400,diagnostics_mode_enable,diagnostics_mode_enable,,,,1,GI03FLMB,RI000,VELPT
GI03FLMB-RI000-00-VELPTB400,analog_output_enable,analog_output_enable,,,,1,GI03FLMB,RI000,VELPT
GI03FLMB-RI000-00-VELPTB400,output_format_nortek,output_format_nortek,,,,1,GI03FLMB,RI000,VELPT
GI03FLMB-RI000-00-VELPTB400,scaling,scaling,,,,1,GI03FLMB,RI000,VELPT
GI03FLMB-RI000-00-VELPTB400,serial_output_enable,serial_output_enable,,,,1,GI03FLMB,RI000,VELPT
GI03FLMB-RI000-00-VELPTB400,stage_enable,stage_enable,,,,1,GI03FLMB,RI000,VELPT
GI03FLMB-RI000-00-VELPTB400,analog_power_output,analog_power_output,,,,1,GI03FLMB,RI000,VELPT
GI03FLMB-RI000-00-VELPTB400,sound_speed_adjust_factor,sound_speed_adjust_factor,,,,m s-1,GI03FLMB,RI000,VELPT
GI03FLMB-RI000-00-VELPTB400,number_diagnostics_samples,number_diagnostics_samples,,,,1,GI03FLMB,RI000,VELPT
GI03FLMB-RI000-00-VELPTB400,number_pings_diagnostic,number_pings_diagnostic,,,,1,GI03FLMB,RI000,VELPT
GI03FLMB-RI000-00-VELPTB400,software_version,software_version,,,,1,GI03FLMB,RI000,VELPT
GI03FLMB-RI000-00-VELPTB400,correlation_threshold,correlation_threshold,,,,1,GI03FLMB,RI000,VELPT
GI03FLMB-RI000-00-VELPTB400,time,time,,,ENG,seconds since 1900-01-01,GI03FLMB,RI000,VELPT
GI03FLMB-RI000-00-VELPTB400,ingestion_timestamp,ingestion_timestamp,,,ENG,seconds since 1900-01-01,GI03FLMB,RI000,VELPT
GI03FLMB-RI000-00-VELPTB400,date_time_string,date_time_string,,,,1,GI03FLMB,RI000,VELPT
GI03FLMB-RI000-00-VELPTB700,driver_timestamp,driver_timestamp,,,ENG,seconds since 1900-01-01,GI03FLMB,RI000,VELPT
GI03FLMB-RI000-00-VELPTB700,firmware_version,firmware_version,,,,1,GI03FLMB,RI000,VELPT
GI03FLMB-RI000-00-VELPTB700,eastward_velocity,eastward_velocity,-3,3,L1,m s-1,GI03FLMB,RI000,VELPT
GI03FLMB-RI000-00-VELPTB700,northward_velocity,northward_velocity,-3,3,L1,m s-1,GI03FLMB,RI000,VELPT
GI03FLMB-RI000-00-VELPTB700,upward_velocity,upward_velocity,-1,1,L1,m s-1,GI03FLMB,RI000,VELPT
GI03FLMB-RI000-00-VELPTB700,internal_timestamp,internal_timestamp,,,ENG,seconds since 1900-01-01,GI03FLMB,RI000,VELPT
GI03FLMB-RI000-00-VELPTB700,preferred_timestamp,preferred_timestamp,,,ENG,1,GI03FLMB,RI000,VELPT
GI03FLMB-RI000-00-VELPTB700,velpt_ab_eastward_velocity,velpt_ab_eastward_velocity,-3,3,L1,m s-1,GI03FLMB,RI000,VELPT
GI03FLMB-RI000-00-VELPTB700,velpt_ab_northward_velocity,velpt_ab_northward_velocity,-3,3,L1,m s-1,GI03FLMB,RI000,VELPT
GI03FLMB-RI000-00-VELPTB700,velpt_ab_upward_velocity,velpt_ab_upward_velocity,-1,1,L1,m s-1,GI03FLMB,RI000,VELPT
GI03FLMB-RI000-00-VELPTB700,number_of_beam_sequences,number_of_beam_sequences,,,,counts,GI03FLMB,RI000,VELPT
GI03FLMB-RI000-00-VELPTB700,number_of_beams_in_diagnostics_mode,number_of_beams_in_diagnostics_mode,,,,counts,GI03FLMB,RI000,VELPT
GI03FLMB-RI000-00-VELPTB700,reserved_bit_easyq,reserved_bit_easyq,,,,1,GI03FLMB,RI000,VELPT
GI03FLMB-RI000-00-VELPTB700,battery_voltage_dv,battery_voltage_dv,,,AUX,dV,GI03FLMB,RI000,VELPT
GI03FLMB-RI000-00-VELPTB700,sound_speed_dms,sound_speed_dms,,,AUX,dm s-1,GI03FLMB,RI000,VELPT
GI03FLMB-RI000-00-VELPTB700,heading_decidegree,heading_decidegree,,,AUX,deci-degrees,GI03FLMB,RI000,VELPT
GI03FLMB-RI000-00-VELPTB700,roll_decidegree,roll_decidegree,,,AUX,deci-degrees,GI03FLMB,RI000,VELPT
GI03FLMB-RI000-00-VELPTB700,pitch_decidegree,pitch_decidegree,,,AUX,deci-degrees,GI03FLMB,RI000,VELPT
GI03FLMB-RI000-00-VELPTB700,temperature_centidegree,temperature_centidegree,,,AUX,cdeg_C,GI03FLMB,RI000,VELPT
GI03FLMB-RI000-00-VELPTB700,pressure_mbar,pressure_mbar,,,AUX,0.001 dbar,GI03FLMB,RI000,VELPT
GI03FLMB-RI000-00-VELPTB700,error_code,error_code,,,,1,GI03FLMB,RI000,VELPT
GI03FLMB-RI000-00-VELPTB700,analog1,analog1,,,,1,GI03FLMB,RI000,VELPT
GI03FLMB-RI000-00-VELPTB700,status,status,,,,1,GI03FLMB,RI000,VELPT
GI03FLMB-RI000-00-VELPTB700,velocity_beam1,velocity_beam1,,,L0,mm s-1,GI03FLMB,RI000,VELPT
GI03FLMB-RI000-00-VELPTB700,velocity_beam2,velocity_beam2,,,L0,mm s-1,GI03FLMB,RI000,VELPT
GI03FLMB-RI000-00-VELPTB700,velocity_beam3,velocity_beam3,,,L0,mm s-1,GI03FLMB,RI000,VELPT
GI03FLMB-RI000-00-VELPTB700,amplitude_beam1,amplitude_beam1,,,AUX,counts,GI03FLMB,RI000,VELPT
GI03FLMB-RI000-00-VELPTB700,amplitude_beam2,amplitude_beam2,,,AUX,counts,GI03FLMB,RI000,VELPT
GI03FLMB-RI000-00-VELPTB700,amplitude_beam3,amplitude_beam3,,,AUX,counts,GI03FLMB,RI000,VELPT
GI03FLMB-RI000-00-VELPTB700,records_to_follow,records_to_follow,,,,1,GI03FLMB,RI000,VELPT
GI03FLMB-RI000-00-VELPTB700,cell_number_diagnostics,cell_number_diagnostics,,,,1,GI03FLMB,RI000,VELPT
GI03FLMB-RI000-00-VELPTB700,noise_amplitude_beam1,noise_amplitude_beam1,,,,counts,GI03FLMB,RI000,VELPT
GI03FLMB-RI000-00-VELPTB700,noise_amplitude_beam2,noise_amplitude_beam2,,,,counts,GI03FLMB,RI000,VELPT
GI03FLMB-RI000-00-VELPTB700,noise_amplitude_beam3,noise_amplitude_beam3,,,,counts,GI03FLMB,RI000,VELPT
GI03FLMB-RI000-00-VELPTB700,noise_amplitude_beam4,noise_amplitude_beam4,,,,counts,GI03FLMB,RI000,VELPT
GI03FLMB-RI000-00-VELPTB700,processing_magnitude_beam1,processing_magnitude_beam1,,,,1,GI03FLMB,RI000,VELPT
GI03FLMB-RI000-00-VELPTB700,processing_magnitude_beam2,processing_magnitude_beam2,,,,1,GI03FLMB,RI000,VELPT
GI03FLMB-RI000-00-VELPTB700,processing_magnitude_beam3,processing_magnitude_beam3,,,,1,GI03FLMB,RI000,VELPT
GI03FLMB-RI000-00-VELPTB700,processing_magnitude_beam4,processing_magnitude_beam4,,,,1,GI03FLMB,RI000,VELPT
GI03FLMB-RI000-00-VELPTB700,distance_beam1,distance_beam1,,,,1,GI03FLMB,RI000,VELPT
GI03FLMB-RI000-00-VELPTB700,distance_beam2,distance_beam2,,,,1,GI03FLMB,RI000,VELPT
GI03FLMB-RI000-00-VELPTB700,distance_beam3,distance_beam3,,,,1,GI03FLMB,RI000,VELPT
GI03FLMB-RI000-00-VELPTB700,distance_beam4,distance_beam4,,,,1,GI03FLMB,RI000,VELPT
GI03FLMB-RI000-00-VELPTB700,instrmt_type_serial_number,instrmt_type_serial_number,,,,1,GI03FLMB,RI000,VELPT
GI03FLMB-RI000-00-VELPTB700,pic_version,pic_version,,,,1,GI03FLMB,RI000,VELPT
GI03FLMB-RI000-00-VELPTB700,hardware_revision,hardware_revision,,,,1,GI03FLMB,RI000,VELPT
GI03FLMB-RI000-00-VELPTB700,recorder_size,recorder_size,,,,bytes,GI03FLMB,RI000,VELPT
GI03FLMB-RI000-00-VELPTB700,velocity_range,velocity_range,,,,1,GI03FLMB,RI000,VELPT
GI03FLMB-RI000-00-VELPTB700,pressure_sensor,pressure_sensor,,,,1,GI03FLMB,RI000,VELPT
GI03FLMB-RI000-00-VELPTB700,magnetometer_sensor,magnetometer_sensor,,,,1,GI03FLMB,RI000,VELPT
GI03FLMB-RI000-00-VELPTB700,tilt_sensor,tilt_sensor,,,,1,GI03FLMB,RI000,VELPT
GI03FLMB-RI000-00-VELPTB700,tilt_sensor_mounting,tilt_sensor_mounting,,,,1,GI03FLMB,RI000,VELPT
GI03FLMB-RI000-00-VELPTB700,head_frequency,head_frequency,,,,kHz,GI03FLMB,RI000,VELPT
GI03FLMB-RI000-00-VELPTB700,head_type,head_type,,,,1,GI03FLMB,RI000,VELPT
GI03FLMB-RI000-00-VELPTB700,head_serial_number,head_serial_number,,,,1,GI03FLMB,RI000,VELPT
GI03FLMB-RI000-00-VELPTB700,number_beams,number_beams,,,,1,GI03FLMB,RI000,VELPT
GI03FLMB-RI000-00-VELPTB700,transmit_pulse_length,transmit_pulse_length,,,,counts,GI03FLMB,RI000,VELPT
GI03FLMB-RI000-00-VELPTB700,blanking_distance,blanking_distance,,,,counts,GI03FLMB,RI000,VELPT
GI03FLMB-RI000-00-VELPTB700,receive_length,receive_length,,,,counts,GI03FLMB,RI000,VELPT
GI03FLMB-RI000-00-VELPTB700,time_between_pings,time_between_pings,,,,counts,GI03FLMB,RI000,VELPT
GI03FLMB-RI000-00-VELPTB700,time_between_bursts,time_between_bursts,,,,counts,GI03FLMB,RI000,VELPT
GI03FLMB-RI000-00-VELPTB700,average_interval,average_interval,,,,s,GI03FLMB,RI000,VELPT
GI03FLMB-RI000-00-VELPTB700,compass_update_rate,compass_update_rate,,,,Hz,GI03FLMB,RI000,VELPT
GI03FLMB-RI000-00-VELPTB700,coordinate_system,coordinate_system,,,,1,GI03FLMB,RI000,VELPT
GI03FLMB-RI000-00-VELPTB700,number_cells,number_cells,,,,1,GI03FLMB,RI000,VELPT
GI03FLMB-RI000-00-VELPTB700,measurement_interval,measurement_interval,,,,s,GI03FLMB,RI000,VELPT
GI03FLMB-RI000-00-VELPTB700,deployment_name,deployment_name,,,,1,GI03FLMB,RI000,VELPT
GI03FLMB-RI000-00-VELPTB700,diagnostics_interval,diagnostics_interval,,,,s,GI03FLMB,RI000,VELPT
GI03FLMB-RI000-00-VELPTB700,use_specified_sound_speed,use_specified_sound_speed,,,,1,GI03FLMB,RI000,VELPT
GI03FLMB-RI000-00-VELPTB700,diagnostics_mode_enable,diagnostics_mode_enable,,,,1,GI03FLMB,RI000,VELPT
GI03FLMB-RI000-00-VELPTB700,analog_output_enable,analog_output_enable,,,,1,GI03FLMB,RI000,VELPT
GI03FLMB-RI000-00-VELPTB700,output_format_nortek,output_format_nortek,,,,1,GI03FLMB,RI000,VELPT
GI03FLMB-RI000-00-VELPTB700,scaling,scaling,,,,1,GI03FLMB,RI000,VELPT
GI03FLMB-RI000-00-VELPTB700,serial_output_enable,serial_output_enable,,,,1,GI03FLMB,RI000,VELPT
GI03FLMB-RI000-00-VELPTB700,stage_enable,stage_enable,,,,1,GI03FLMB,RI000,VELPT
GI03FLMB-RI000-00-VELPTB700,analog_power_output,analog_power_output,,,,1,GI03FLMB,RI000,VELPT
GI03FLMB-RI000-00-VELPTB700,sound_speed_adjust_factor,sound_speed_adjust_factor,,,,m s-1,GI03FLMB,RI000,VELPT
GI03FLMB-RI000-00-VELPTB700,number_diagnostics_samples,number_diagnostics_samples,,,,1,GI03FLMB,RI000,VELPT
GI03FLMB-RI000-00-VELPTB700,number_pings_diagnostic,number_pings_diagnostic,,,,1,GI03FLMB,RI000,VELPT
GI03FLMB-RI000-00-VELPTB700,software_version,software_version,,,,1,GI03FLMB,RI000,VELPT
GI03FLMB-RI000-00-VELPTB700,correlation_threshold,correlation_threshold,,,,1,GI03FLMB,RI000,VELPT
GI03FLMB-RI000-00-VELPTB700,time,time,,,ENG,seconds since 1900-01-01,GI03FLMB,RI000,VELPT
GI03FLMB-RI000-00-VELPTB700,ingestion_timestamp,ingestion_timestamp,,,ENG,seconds since 1900-01-01,GI03FLMB,RI000,VELPT
GI03FLMB-RI000-00-VELPTB700,date_time_string,date_time_string,,,,1,GI03FLMB,RI000,VELPT
GI03FLMB-RIM01-02-ADCPSL007,driver_timestamp,driver_timestamp,,,ENG,seconds since 1900-01-01,GI03FLMB,RIM01,ADCPS
GI03FLMB-RIM01-02-ADCPSL007,ensemble_start_time_2,ensemble_start_time_2,,,,seconds since 1900-01-01,GI03FLMB,RIM01,ADCPS
GI03FLMB-RIM01-02-ADCPSL007,real_time_clock_2,real_time_clock_2,,,,1,GI03FLMB,RIM01,ADCPS
GI03FLMB-RIM01-02-ADCPSL007,internal_timestamp,internal_timestamp,,,ENG,seconds since 1900-01-01,GI03FLMB,RIM01,ADCPS
GI03FLMB-RIM01-02-ADCPSL007,ensemble_number,ensemble_number,,,,1,GI03FLMB,RIM01,ADCPS
GI03FLMB-RIM01-02-ADCPSL007,unit_id,unit_id,,,,1,GI03FLMB,RIM01,ADCPS
GI03FLMB-RIM01-02-ADCPSL007,preferred_timestamp,preferred_timestamp,,,ENG,1,GI03FLMB,RIM01,ADCPS
GI03FLMB-RIM01-02-ADCPSL007,adcps_jln_year,adcps_jln_year,,,,year,GI03FLMB,RIM01,ADCPS
GI03FLMB-RIM01-02-ADCPSL007,adcps_jln_month,adcps_jln_month,,,,month,GI03FLMB,RIM01,ADCPS
GI03FLMB-RIM01-02-ADCPSL007,adcps_jln_day,adcps_jln_day,,,,day,GI03FLMB,RIM01,ADCPS
GI03FLMB-RIM01-02-ADCPSL007,adcps_jln_hour,adcps_jln_hour,,,,hour,GI03FLMB,RIM01,ADCPS
GI03FLMB-RIM01-02-ADCPSL007,adcps_jln_minute,adcps_jln_minute,,,,minute,GI03FLMB,RIM01,ADCPS
GI03FLMB-RIM01-02-ADCPSL007,adcps_jln_second,adcps_jln_second,,,,sec,GI03FLMB,RIM01,ADCPS
GI03FLMB-RIM01-02-ADCPSL007,adcps_jln_hsec,adcps_jln_hsec,,,,csec,GI03FLMB,RIM01,ADCPS
GI03FLMB-RIM01-02-ADCPSL007,adcps_jln_heading,adcps_jln_heading,,,,cdegree,GI03FLMB,RIM01,ADCPS
GI03FLMB-RIM01-02-ADCPSL007,adcps_jln_pitch,adcps_jln_pitch,,,,cdegree,GI03FLMB,RIM01,ADCPS
GI03FLMB-RIM01-02-ADCPSL007,adcps_jln_roll,adcps_jln_roll,,,,cdegree,GI03FLMB,RIM01,ADCPS
GI03FLMB-RIM01-02-ADCPSL007,adcps_jln_temp,adcps_jln_temp,,,,cdeg_C,GI03FLMB,RIM01,ADCPS
GI03FLMB-RIM01-02-ADCPSL007,adcps_jln_pressure,adcps_jln_pressure,,,,daPa,GI03FLMB,RIM01,ADCPS
GI03FLMB-RIM01-02-ADCPSL007,adcps_jln_startbin,adcps_jln_startbin,,,,1,GI03FLMB,RIM01,ADCPS
GI03FLMB-RIM01-02-ADCPSL007,adcps_jln_bins,adcps_jln_bins,,,,1,GI03FLMB,RIM01,ADCPS
GI03FLMB-RIM01-02-ADCPSL007,sensor_available_speed,sensor_available_speed,,,,1,GI03FLMB,RIM01,ADCPS
GI03FLMB-RIM01-02-ADCPSL007,sysconfig_beam_angle,sysconfig_beam_angle,,,,1,GI03FLMB,RIM01,ADCPS
GI03FLMB-RIM01-02-ADCPSL007,sysconfig_beam_config,sysconfig_beam_config,,,,1,GI03FLMB,RIM01,ADCPS
GI03FLMB-RIM01-02-ADCPSL007,sio_controller_timestamp,sio_controller_timestamp,,,ENG,seconds since 1970-01-01,GI03FLMB,RIM01,ADCPS
GI03FLMB-RIM01-02-ADCPSL007,adcps_jln_upward_seawater_velocity2,adcps_jln_upward_seawater_velocity2,-1,1,L1,m s-1,GI03FLMB,RIM01,ADCPS
GI03FLMB-RIM01-02-ADCPSL007,adcps_jln_error_velocity2,adcps_jln_error_velocity2,-1,1,L1,m s-1,GI03FLMB,RIM01,ADCPS
GI03FLMB-RIM01-02-ADCPSL007,adcps_jln_echo_intensity_beam1,adcps_jln_echo_intensity_beam1,0,255,L1,dB,GI03FLMB,RIM01,ADCPS
GI03FLMB-RIM01-02-ADCPSL007,adcps_jln_echo_intensity_beam2,adcps_jln_echo_intensity_beam2,0,255,L1,dB,GI03FLMB,RIM01,ADCPS
GI03FLMB-RIM01-02-ADCPSL007,adcps_jln_echo_intensity_beam3,adcps_jln_echo_intensity_beam3,0,255,L1,dB,GI03FLMB,RIM01,ADCPS
GI03FLMB-RIM01-02-ADCPSL007,adcps_jln_echo_intensity_beam4,adcps_jln_echo_intensity_beam4,0,255,L1,dB,GI03FLMB,RIM01,ADCPS
GI03FLMB-RIM01-02-ADCPSL007,serial_number,serial_number,,,ENG,1,GI03FLMB,RIM01,ADCPS
GI03FLMB-RIM01-02-ADCPSL007,adcps_jln_eastward_earth_seawater_velocity,adcps_jln_eastward_earth_seawater_velocity,-3,3,L1,m s-1,GI03FLMB,RIM01,ADCPS
GI03FLMB-RIM01-02-ADCPSL007,adcps_jln_northward_earth_seawater_velocity,adcps_jln_northward_earth_seawater_velocity,-3,3,L1,m s-1,GI03FLMB,RIM01,ADCPS
GI03FLMB-RIM01-02-ADCPSL007,adcps_jln_recovered_eastward_seawater_velocity,adcps_jln_recovered_eastward_seawater_velocity,-3,3,L1,m s-1,GI03FLMB,RIM01,ADCPS
GI03FLMB-RIM01-02-ADCPSL007,adcps_jln_recovered_northward_seawater_velocity,adcps_jln_recovered_northward_seawater_velocity,-3,3,L1,m s-1,GI03FLMB,RIM01,ADCPS
GI03FLMB-RIM01-02-ADCPSL007,firmware_version,firmware_version,,,,1,GI03FLMB,RIM01,ADCPS
GI03FLMB-RIM01-02-ADCPSL007,firmware_revision,firmware_revision,,,,1,GI03FLMB,RIM01,ADCPS
GI03FLMB-RIM01-02-ADCPSL007,sysconfig_frequency,sysconfig_frequency,,,,kHz,GI03FLMB,RIM01,ADCPS
GI03FLMB-RIM01-02-ADCPSL007,sysconfig_beam_pattern,sysconfig_beam_pattern,,,,1,GI03FLMB,RIM01,ADCPS
GI03FLMB-RIM01-02-ADCPSL007,sysconfig_sensor_config,sysconfig_sensor_config,,,,1,GI03FLMB,RIM01,ADCPS
GI03FLMB-RIM01-02-ADCPSL007,sysconfig_head_attached,sysconfig_head_attached,,,,1,GI03FLMB,RIM01,ADCPS
GI03FLMB-RIM01-02-ADCPSL007,sysconfig_vertical_orientation,sysconfig_vertical_orientation,,,,1,GI03FLMB,RIM01,ADCPS
GI03FLMB-RIM01-02-ADCPSL007,data_flag,data_flag,,,,1,GI03FLMB,RIM01,ADCPS
GI03FLMB-RIM01-02-ADCPSL007,lag_length,lag_length,,,,s,GI03FLMB,RIM01,ADCPS
GI03FLMB-RIM01-02-ADCPSL007,num_beams,num_beams,,,,1,GI03FLMB,RIM01,ADCPS
GI03FLMB-RIM01-02-ADCPSL007,num_cells,num_cells,,,,1,GI03FLMB,RIM01,ADCPS
GI03FLMB-RIM01-02-ADCPSL007,pings_per_ensemble,pings_per_ensemble,,,,1,GI03FLMB,RIM01,ADCPS
GI03FLMB-RIM01-02-ADCPSL007,cell_length,cell_length,,,,cm,GI03FLMB,RIM01,ADCPS
GI03FLMB-RIM01-02-ADCPSL007,blank_after_transmit,blank_after_transmit,,,,cm,GI03FLMB,RIM01,ADCPS
GI03FLMB-RIM01-02-ADCPSL007,signal_processing_mode,signal_processing_mode,,,,1,GI03FLMB,RIM01,ADCPS
GI03FLMB-RIM01-02-ADCPSL007,low_corr_threshold,low_corr_threshold,,,,counts,GI03FLMB,RIM01,ADCPS
GI03FLMB-RIM01-02-ADCPSL007,num_code_repetitions,num_code_repetitions,,,,counts,GI03FLMB,RIM01,ADCPS
GI03FLMB-RIM01-02-ADCPSL007,percent_good_min,percent_good_min,,,,percent,GI03FLMB,RIM01,ADCPS
GI03FLMB-RIM01-02-ADCPSL007,error_vel_threshold,error_vel_threshold,,,,mm s-1,GI03FLMB,RIM01,ADCPS
GI03FLMB-RIM01-02-ADCPSL007,time_per_ping_minutes,time_per_ping_minutes,,,,min,GI03FLMB,RIM01,ADCPS
GI03FLMB-RIM01-02-ADCPSL007,time_per_ping_seconds,time_per_ping_seconds,,,,s,GI03FLMB,RIM01,ADCPS
GI03FLMB-RIM01-02-ADCPSL007,coord_transform_type,coord_transform_type,,,,1,GI03FLMB,RIM01,ADCPS
GI03FLMB-RIM01-02-ADCPSL007,coord_transform_tilts,coord_transform_tilts,,,,1,GI03FLMB,RIM01,ADCPS
GI03FLMB-RIM01-02-ADCPSL007,coord_transform_beams,coord_transform_beams,,,,1,GI03FLMB,RIM01,ADCPS
GI03FLMB-RIM01-02-ADCPSL007,coord_transform_mapping,coord_transform_mapping,,,,1,GI03FLMB,RIM01,ADCPS
GI03FLMB-RIM01-02-ADCPSL007,heading_alignment,heading_alignment,,,,cdegrees,GI03FLMB,RIM01,ADCPS
GI03FLMB-RIM01-02-ADCPSL007,heading_bias,heading_bias,,,,cdegrees,GI03FLMB,RIM01,ADCPS
GI03FLMB-RIM01-02-ADCPSL007,sensor_source_speed,sensor_source_speed,,,,1,GI03FLMB,RIM01,ADCPS
GI03FLMB-RIM01-02-ADCPSL007,sensor_source_depth,sensor_source_depth,,,,1,GI03FLMB,RIM01,ADCPS
GI03FLMB-RIM01-02-ADCPSL007,sensor_source_heading,sensor_source_heading,,,,1,GI03FLMB,RIM01,ADCPS
GI03FLMB-RIM01-02-ADCPSL007,sensor_source_pitch,sensor_source_pitch,,,,1,GI03FLMB,RIM01,ADCPS
GI03FLMB-RIM01-02-ADCPSL007,sensor_source_roll,sensor_source_roll,,,,1,GI03FLMB,RIM01,ADCPS
GI03FLMB-RIM01-02-ADCPSL007,sensor_source_conductivity,sensor_source_conductivity,,,,1,GI03FLMB,RIM01,ADCPS
GI03FLMB-RIM01-02-ADCPSL007,sensor_source_temperature,sensor_source_temperature,,,,1,GI03FLMB,RIM01,ADCPS
GI03FLMB-RIM01-02-ADCPSL007,sensor_available_depth,sensor_available_depth,,,,1,GI03FLMB,RIM01,ADCPS
GI03FLMB-RIM01-02-ADCPSL007,sensor_available_heading,sensor_available_heading,,,,1,GI03FLMB,RIM01,ADCPS
GI03FLMB-RIM01-02-ADCPSL007,sensor_available_pitch,sensor_available_pitch,,,,1,GI03FLMB,RIM01,ADCPS
GI03FLMB-RIM01-02-ADCPSL007,sensor_available_roll,sensor_available_roll,,,,1,GI03FLMB,RIM01,ADCPS
GI03FLMB-RIM01-02-ADCPSL007,sensor_available_conductivity,sensor_available_conductivity,,,,1,GI03FLMB,RIM01,ADCPS
GI03FLMB-RIM01-02-ADCPSL007,sensor_available_temperature,sensor_available_temperature,,,,1,GI03FLMB,RIM01,ADCPS
GI03FLMB-RIM01-02-ADCPSL007,bin_1_distance,bin_1_distance,,,,cm,GI03FLMB,RIM01,ADCPS
GI03FLMB-RIM01-02-ADCPSL007,transmit_pulse_length,transmit_pulse_length,,,,cm,GI03FLMB,RIM01,ADCPS
GI03FLMB-RIM01-02-ADCPSL007,reference_layer_start,reference_layer_start,,,,1,GI03FLMB,RIM01,ADCPS
GI03FLMB-RIM01-02-ADCPSL007,reference_layer_stop,reference_layer_stop,,,,1,GI03FLMB,RIM01,ADCPS
GI03FLMB-RIM01-02-ADCPSL007,false_target_threshold,false_target_threshold,,,,counts,GI03FLMB,RIM01,ADCPS
GI03FLMB-RIM01-02-ADCPSL007,low_latency_trigger,low_latency_trigger,,,,1,GI03FLMB,RIM01,ADCPS
GI03FLMB-RIM01-02-ADCPSL007,transmit_lag_distance,transmit_lag_distance,,,,cm,GI03FLMB,RIM01,ADCPS
GI03FLMB-RIM01-02-ADCPSL007,cpu_board_serial_number,cpu_board_serial_number,,,,1,GI03FLMB,RIM01,ADCPS
GI03FLMB-RIM01-02-ADCPSL007,system_bandwidth,system_bandwidth,,,,1,GI03FLMB,RIM01,ADCPS
GI03FLMB-RIM01-02-ADCPSL007,system_power,system_power,,,,1,GI03FLMB,RIM01,ADCPS
GI03FLMB-RIM01-02-ADCPSL007,beam_angle,beam_angle,,,,degrees,GI03FLMB,RIM01,ADCPS
GI03FLMB-RIM01-02-ADCPSL007,ensemble_number,ensemble_number,,,,1,GI03FLMB,RIM01,ADCPS
GI03FLMB-RIM01-02-ADCPSL007,ensemble_number_increment,ensemble_number_increment,,,,1,GI03FLMB,RIM01,ADCPS
GI03FLMB-RIM01-02-ADCPSL007,bit_result_demod_1,bit_result_demod_1,,,,1,GI03FLMB,RIM01,ADCPS
GI03FLMB-RIM01-02-ADCPSL007,bit_result_demod_0,bit_result_demod_0,,,,1,GI03FLMB,RIM01,ADCPS
GI03FLMB-RIM01-02-ADCPSL007,bit_result_timing,bit_result_timing,,,,1,GI03FLMB,RIM01,ADCPS
GI03FLMB-RIM01-02-ADCPSL007,speed_of_sound,speed_of_sound,,,,m s-1,GI03FLMB,RIM01,ADCPS
GI03FLMB-RIM01-02-ADCPSL007,transducer_depth,transducer_depth,,,,dm,GI03FLMB,RIM01,ADCPS
GI03FLMB-RIM01-02-ADCPSL007,heading,heading,,,,cdegrees,GI03FLMB,RIM01,ADCPS
GI03FLMB-RIM01-02-ADCPSL007,pitch,pitch,,,,cdegrees,GI03FLMB,RIM01,ADCPS
GI03FLMB-RIM01-02-ADCPSL007,roll,roll,,,,cdegrees,GI03FLMB,RIM01,ADCPS
GI03FLMB-RIM01-02-ADCPSL007,salinity,salinity,,,,1,GI03FLMB,RIM01,ADCPS
GI03FLMB-RIM01-02-ADCPSL007,temperature,temperature,,,,cdeg_C,GI03FLMB,RIM01,ADCPS
GI03FLMB-RIM01-02-ADCPSL007,mpt_minutes,mpt_minutes,,,,min,GI03FLMB,RIM01,ADCPS
GI03FLMB-RIM01-02-ADCPSL007,mpt_seconds,mpt_seconds,,,,s,GI03FLMB,RIM01,ADCPS
GI03FLMB-RIM01-02-ADCPSL007,heading_stdev,heading_stdev,,,,degrees,GI03FLMB,RIM01,ADCPS
GI03FLMB-RIM01-02-ADCPSL007,pitch_stdev,pitch_stdev,,,,ddegrees,GI03FLMB,RIM01,ADCPS
GI03FLMB-RIM01-02-ADCPSL007,roll_stdev,roll_stdev,,,,ddegrees,GI03FLMB,RIM01,ADCPS
GI03FLMB-RIM01-02-ADCPSL007,adc_transmit_current,adc_transmit_current,,,,counts,GI03FLMB,RIM01,ADCPS
GI03FLMB-RIM01-02-ADCPSL007,adc_transmit_voltage,adc_transmit_voltage,,,,counts,GI03FLMB,RIM01,ADCPS
GI03FLMB-RIM01-02-ADCPSL007,adc_ambient_temp,adc_ambient_temp,,,,counts,GI03FLMB,RIM01,ADCPS
GI03FLMB-RIM01-02-ADCPSL007,adc_pressure_plus,adc_pressure_plus,,,,counts,GI03FLMB,RIM01,ADCPS
GI03FLMB-RIM01-02-ADCPSL007,adc_pressure_minus,adc_pressure_minus,,,,counts,GI03FLMB,RIM01,ADCPS
GI03FLMB-RIM01-02-ADCPSL007,adc_attitude_temp,adc_attitude_temp,,,,counts,GI03FLMB,RIM01,ADCPS
GI03FLMB-RIM01-02-ADCPSL007,adc_attitude,adc_attitude,,,,counts,GI03FLMB,RIM01,ADCPS
GI03FLMB-RIM01-02-ADCPSL007,adc_contamination_sensor,adc_contamination_sensor,,,,counts,GI03FLMB,RIM01,ADCPS
GI03FLMB-RIM01-02-ADCPSL007,bus_error_exception,bus_error_exception,,,,1,GI03FLMB,RIM01,ADCPS
GI03FLMB-RIM01-02-ADCPSL007,address_error_exception,address_error_exception,,,,1,GI03FLMB,RIM01,ADCPS
GI03FLMB-RIM01-02-ADCPSL007,illegal_instruction_exception,illegal_instruction_exception,,,,1,GI03FLMB,RIM01,ADCPS
GI03FLMB-RIM01-02-ADCPSL007,zero_divide_instruction,zero_divide_instruction,,,,1,GI03FLMB,RIM01,ADCPS
GI03FLMB-RIM01-02-ADCPSL007,emulator_exception,emulator_exception,,,,1,GI03FLMB,RIM01,ADCPS
GI03FLMB-RIM01-02-ADCPSL007,unassigned_exception,unassigned_exception,,,,1,GI03FLMB,RIM01,ADCPS
GI03FLMB-RIM01-02-ADCPSL007,watchdog_restart_occurred,watchdog_restart_occurred,,,,1,GI03FLMB,RIM01,ADCPS
GI03FLMB-RIM01-02-ADCPSL007,battery_saver_power,battery_saver_power,,,,1,GI03FLMB,RIM01,ADCPS
GI03FLMB-RIM01-02-ADCPSL007,pinging,pinging,,,,1,GI03FLMB,RIM01,ADCPS
GI03FLMB-RIM01-02-ADCPSL007,cold_wakeup_occurred,cold_wakeup_occurred,,,,1,GI03FLMB,RIM01,ADCPS
GI03FLMB-RIM01-02-ADCPSL007,time,time,,,ENG,seconds since 1900-01-01,GI03FLMB,RIM01,ADCPS
GI03FLMB-RIM01-02-ADCPSL007,unknown_wakeup_occurred,unknown_wakeup_occurred,,,,1,GI03FLMB,RIM01,ADCPS
GI03FLMB-RIM01-02-ADCPSL007,clock_read_error,clock_read_error,,,,1,GI03FLMB,RIM01,ADCPS
GI03FLMB-RIM01-02-ADCPSL007,unexpected_alarm,unexpected_alarm,,,,1,GI03FLMB,RIM01,ADCPS
GI03FLMB-RIM01-02-ADCPSL007,clock_jump_forward,clock_jump_forward,,,,1,GI03FLMB,RIM01,ADCPS
GI03FLMB-RIM01-02-ADCPSL007,clock_jump_backward,clock_jump_backward,,,,1,GI03FLMB,RIM01,ADCPS
GI03FLMB-RIM01-02-ADCPSL007,power_fail,power_fail,,,,1,GI03FLMB,RIM01,ADCPS
GI03FLMB-RIM01-02-ADCPSL007,spurious_dsp_interrupt,spurious_dsp_interrupt,,,,1,GI03FLMB,RIM01,ADCPS
GI03FLMB-RIM01-02-ADCPSL007,spurious_uart_interrupt,spurious_uart_interrupt,,,,1,GI03FLMB,RIM01,ADCPS
GI03FLMB-RIM01-02-ADCPSL007,spurious_clock_interrupt,spurious_clock_interrupt,,,,1,GI03FLMB,RIM01,ADCPS
GI03FLMB-RIM01-02-ADCPSL007,level_7_interrupt,level_7_interrupt,,,,1,GI03FLMB,RIM01,ADCPS
GI03FLMB-RIM01-02-ADCPSL007,pressure,pressure,,,,daPa,GI03FLMB,RIM01,ADCPS
GI03FLMB-RIM01-02-ADCPSL007,pressure_variance,pressure_variance,,,,daPa,GI03FLMB,RIM01,ADCPS
GI03FLMB-RIM01-02-ADCPSL007,water_velocity_east,water_velocity_east,,,L0,mm s-1,GI03FLMB,RIM01,ADCPS
GI03FLMB-RIM01-02-ADCPSL007,water_velocity_north,water_velocity_north,,,L0,mm s-1,GI03FLMB,RIM01,ADCPS
GI03FLMB-RIM01-02-ADCPSL007,water_velocity_up,water_velocity_up,,,L0,mm s-1,GI03FLMB,RIM01,ADCPS
GI03FLMB-RIM01-02-ADCPSL007,error_velocity,error_velocity,,,L0,mm s-1,GI03FLMB,RIM01,ADCPS
GI03FLMB-RIM01-02-ADCPSL007,correlation_magnitude_beam1,correlation_magnitude_beam1,,,,1,GI03FLMB,RIM01,ADCPS
GI03FLMB-RIM01-02-ADCPSL007,correlation_magnitude_beam2,correlation_magnitude_beam2,,,,1,GI03FLMB,RIM01,ADCPS
GI03FLMB-RIM01-02-ADCPSL007,correlation_magnitude_beam3,correlation_magnitude_beam3,,,,1,GI03FLMB,RIM01,ADCPS
GI03FLMB-RIM01-02-ADCPSL007,correlation_magnitude_beam4,correlation_magnitude_beam4,,,,1,GI03FLMB,RIM01,ADCPS
GI03FLMB-RIM01-02-ADCPSL007,echo_intensity_beam1,echo_intensity_beam1,,,L0,counts,GI03FLMB,RIM01,ADCPS
GI03FLMB-RIM01-02-ADCPSL007,echo_intensity_beam2,echo_intensity_beam2,,,L0,counts,GI03FLMB,RIM01,ADCPS
GI03FLMB-RIM01-02-ADCPSL007,echo_intensity_beam3,echo_intensity_beam3,,,L0,counts,GI03FLMB,RIM01,ADCPS
GI03FLMB-RIM01-02-ADCPSL007,echo_intensity_beam4,echo_intensity_beam4,,,L0,counts,GI03FLMB,RIM01,ADCPS
GI03FLMB-RIM01-02-ADCPSL007,percent_good_3beam,percent_good_3beam,,,,percent,GI03FLMB,RIM01,ADCPS
GI03FLMB-RIM01-02-ADCPSL007,percent_transforms_reject,percent_transforms_reject,,,,percent,GI03FLMB,RIM01,ADCPS
GI03FLMB-RIM01-02-ADCPSL007,percent_bad_beams,percent_bad_beams,,,,percent,GI03FLMB,RIM01,ADCPS
GI03FLMB-RIM01-02-ADCPSL007,percent_good_4beam,percent_good_4beam,,,,percent,GI03FLMB,RIM01,ADCPS
GI03FLMB-RIM01-02-ADCPSL007,ensemble_start_time,ensemble_start_time,,,,seconds since 1900-01-01,GI03FLMB,RIM01,ADCPS
GI03FLMB-RIM01-02-ADCPSL007,velocity_po_error_flag,velocity_po_error_flag,,,,1,GI03FLMB,RIM01,ADCPS
GI03FLMB-RIM01-02-ADCPSL007,velocity_po_up_flag,velocity_po_up_flag,,,,1,GI03FLMB,RIM01,ADCPS
GI03FLMB-RIM01-02-ADCPSL007,velocity_po_north_flag,velocity_po_north_flag,,,,1,GI03FLMB,RIM01,ADCPS
GI03FLMB-RIM01-02-ADCPSL007,velocity_po_east_flag,velocity_po_east_flag,,,,1,GI03FLMB,RIM01,ADCPS
GI03FLMB-RIM01-02-ADCPSL007,subsampling_parameter,subsampling_parameter,,,,1,GI03FLMB,RIM01,ADCPS
GI03FLMB-RIM01-02-ADCPSL007,ingestion_timestamp,ingestion_timestamp,,,ENG,seconds since 1900-01-01,GI03FLMB,RIM01,ADCPS
GI03FLMB-RIM01-02-ADCPSL007,real_time_clock,real_time_clock,,,,1,GI03FLMB,RIM01,ADCPS
GI03FLMB-RIM01-02-ADCPSL007,upward_earth_seawater_velocity,upward_earth_seawater_velocity,-1,1,L1,m s-1,GI03FLMB,RIM01,ADCPS
GI03FLMB-RIM01-02-ADCPSL007,earth_error_velocity,earth_error_velocity,-1,1,L1,m s-1,GI03FLMB,RIM01,ADCPS
GI03FLMB-RIM01-02-ADCPSL007,bin_depths,bin_depths,,,,m,GI03FLMB,RIM01,ADCPS
GI03FLMB-RIM01-02-CTDMOG060,driver_timestamp,driver_timestamp,,,ENG,seconds since 1900-01-01,GI03FLMB,RIM01,CTDMO
GI03FLMB-RIM01-02-CTDMOG060,internal_timestamp,internal_timestamp,,,ENG,seconds since 1900-01-01,GI03FLMB,RIM01,CTDMO
GI03FLMB-RIM01-02-CTDMOG060,inductive_id,inductive_id,,,ENG,1,GI03FLMB,RIM01,CTDMO
GI03FLMB-RIM01-02-CTDMOG060,preferred_timestamp,preferred_timestamp,,,ENG,1,GI03FLMB,RIM01,CTDMO
GI03FLMB-RIM01-02-CTDMOG060,temperature,temperature,,,L0,counts,GI03FLMB,RIM01,CTDMO
GI03FLMB-RIM01-02-CTDMOG060,conductivity,conductivity,,,L0,counts,GI03FLMB,RIM01,CTDMO
GI03FLMB-RIM01-02-CTDMOG060,pressure,pressure,,,L0,counts,GI03FLMB,RIM01,CTDMO
GI03FLMB-RIM01-02-CTDMOG060,pressure_temp,pressure_temp,,,L0,counts,GI03FLMB,RIM01,CTDMO
GI03FLMB-RIM01-02-CTDMOG060,ctd_time,ctd_time,,,ENG,seconds since 2000-01-01,GI03FLMB,RIM01,CTDMO
GI03FLMB-RIM01-02-CTDMOG060,sio_controller_timestamp,sio_controller_timestamp,,,ENG,seconds since 1970-01-01,GI03FLMB,RIM01,CTDMO
GI03FLMB-RIM01-02-CTDMOG060,ctd_time_offset,ctd_time_offset,,,,s,GI03FLMB,RIM01,CTDMO
GI03FLMB-RIM01-02-CTDMOG060,ctdmo_seawater_pressure,ctdmo_seawater_pressure,0,6000,L1,dbar,GI03FLMB,RIM01,CTDMO
GI03FLMB-RIM01-02-CTDMOG060,ctdmo_seawater_temperature,ctdmo_seawater_temperature,-2,40,L1,deg_C,GI03FLMB,RIM01,CTDMO
GI03FLMB-RIM01-02-CTDMOG060,ctdmo_seawater_conductivity,ctdmo_seawater_conductivity,0,6,L1,S m-1,GI03FLMB,RIM01,CTDMO
GI03FLMB-RIM01-02-CTDMOG060,ctdmo_practical_salinity,ctdmo_practical_salinity,0,42,L2,(unitless),GI03FLMB,RIM01,CTDMO
GI03FLMB-RIM01-02-CTDMOG060,ctdmo_seawater_density,ctdmo_seawater_density,1000,1100,L2,kg m-3,GI03FLMB,RIM01,CTDMO
GI03FLMB-RIM01-02-CTDMOG060,serial_number,serial_number,,,ENG,1,GI03FLMB,RIM01,CTDMO
GI03FLMB-RIM01-02-CTDMOG060,time,time,,,ENG,seconds since 1900-01-01,GI03FLMB,RIM01,CTDMO
GI03FLMB-RIM01-02-CTDMOG060,ingestion_timestamp,ingestion_timestamp,,,ENG,seconds since 1900-01-01,GI03FLMB,RIM01,CTDMO
GI03FLMB-RIM01-02-CTDMOG061,driver_timestamp,driver_timestamp,,,ENG,seconds since 1900-01-01,GI03FLMB,RIM01,CTDMO
GI03FLMB-RIM01-02-CTDMOG061,internal_timestamp,internal_timestamp,,,ENG,seconds since 1900-01-01,GI03FLMB,RIM01,CTDMO
GI03FLMB-RIM01-02-CTDMOG061,inductive_id,inductive_id,,,ENG,1,GI03FLMB,RIM01,CTDMO
GI03FLMB-RIM01-02-CTDMOG061,preferred_timestamp,preferred_timestamp,,,ENG,1,GI03FLMB,RIM01,CTDMO
GI03FLMB-RIM01-02-CTDMOG061,temperature,temperature,,,L0,counts,GI03FLMB,RIM01,CTDMO
GI03FLMB-RIM01-02-CTDMOG061,conductivity,conductivity,,,L0,counts,GI03FLMB,RIM01,CTDMO
GI03FLMB-RIM01-02-CTDMOG061,pressure,pressure,,,L0,counts,GI03FLMB,RIM01,CTDMO
GI03FLMB-RIM01-02-CTDMOG061,pressure_temp,pressure_temp,,,L0,counts,GI03FLMB,RIM01,CTDMO
GI03FLMB-RIM01-02-CTDMOG061,ctd_time,ctd_time,,,ENG,seconds since 2000-01-01,GI03FLMB,RIM01,CTDMO
GI03FLMB-RIM01-02-CTDMOG061,sio_controller_timestamp,sio_controller_timestamp,,,ENG,seconds since 1970-01-01,GI03FLMB,RIM01,CTDMO
GI03FLMB-RIM01-02-CTDMOG061,ctd_time_offset,ctd_time_offset,,,,s,GI03FLMB,RIM01,CTDMO
GI03FLMB-RIM01-02-CTDMOG061,ctdmo_seawater_pressure,ctdmo_seawater_pressure,0,6000,L1,dbar,GI03FLMB,RIM01,CTDMO
GI03FLMB-RIM01-02-CTDMOG061,ctdmo_seawater_temperature,ctdmo_seawater_temperature,-2,40,L1,deg_C,GI03FLMB,RIM01,CTDMO
GI03FLMB-RIM01-02-CTDMOG061,ctdmo_seawater_conductivity,ctdmo_seawater_conductivity,0,6,L1,S m-1,GI03FLMB,RIM01,CTDMO
GI03FLMB-RIM01-02-CTDMOG061,ctdmo_practical_salinity,ctdmo_practical_salinity,0,42,L2,(unitless),GI03FLMB,RIM01,CTDMO
GI03FLMB-RIM01-02-CTDMOG061,ctdmo_seawater_density,ctdmo_seawater_density,1000,1100,L2,kg m-3,GI03FLMB,RIM01,CTDMO
GI03FLMB-RIM01-02-CTDMOG061,serial_number,serial_number,,,ENG,1,GI03FLMB,RIM01,CTDMO
GI03FLMB-RIM01-02-CTDMOG061,time,time,,,ENG,seconds since 1900-01-01,GI03FLMB,RIM01,CTDMO
GI03FLMB-RIM01-02-CTDMOG061,ingestion_timestamp,ingestion_timestamp,,,ENG,seconds since 1900-01-01,GI03FLMB,RIM01,CTDMO
GI03FLMB-RIM01-02-CTDMOG062,driver_timestamp,driver_timestamp,,,ENG,seconds since 1900-01-01,GI03FLMB,RIM01,CTDMO
GI03FLMB-RIM01-02-CTDMOG062,internal_timestamp,internal_timestamp,,,ENG,seconds since 1900-01-01,GI03FLMB,RIM01,CTDMO
GI03FLMB-RIM01-02-CTDMOG062,inductive_id,inductive_id,,,ENG,1,GI03FLMB,RIM01,CTDMO
GI03FLMB-RIM01-02-CTDMOG062,preferred_timestamp,preferred_timestamp,,,ENG,1,GI03FLMB,RIM01,CTDMO
GI03FLMB-RIM01-02-CTDMOG062,temperature,temperature,,,L0,counts,GI03FLMB,RIM01,CTDMO
GI03FLMB-RIM01-02-CTDMOG062,conductivity,conductivity,,,L0,counts,GI03FLMB,RIM01,CTDMO
GI03FLMB-RIM01-02-CTDMOG062,pressure,pressure,,,L0,counts,GI03FLMB,RIM01,CTDMO
GI03FLMB-RIM01-02-CTDMOG062,pressure_temp,pressure_temp,,,L0,counts,GI03FLMB,RIM01,CTDMO
GI03FLMB-RIM01-02-CTDMOG062,ctd_time,ctd_time,,,ENG,seconds since 2000-01-01,GI03FLMB,RIM01,CTDMO
GI03FLMB-RIM01-02-CTDMOG062,sio_controller_timestamp,sio_controller_timestamp,,,ENG,seconds since 1970-01-01,GI03FLMB,RIM01,CTDMO
GI03FLMB-RIM01-02-CTDMOG062,ctd_time_offset,ctd_time_offset,,,,s,GI03FLMB,RIM01,CTDMO
GI03FLMB-RIM01-02-CTDMOG062,ctdmo_seawater_pressure,ctdmo_seawater_pressure,0,6000,L1,dbar,GI03FLMB,RIM01,CTDMO
GI03FLMB-RIM01-02-CTDMOG062,ctdmo_seawater_temperature,ctdmo_seawater_temperature,-2,40,L1,deg_C,GI03FLMB,RIM01,CTDMO
GI03FLMB-RIM01-02-CTDMOG062,ctdmo_seawater_conductivity,ctdmo_seawater_conductivity,0,6,L1,S m-1,GI03FLMB,RIM01,CTDMO
GI03FLMB-RIM01-02-CTDMOG062,ctdmo_practical_salinity,ctdmo_practical_salinity,0,42,L2,(unitless),GI03FLMB,RIM01,CTDMO
GI03FLMB-RIM01-02-CTDMOG062,ctdmo_seawater_density,ctdmo_seawater_density,1000,1100,L2,kg m-3,GI03FLMB,RIM01,CTDMO
GI03FLMB-RIM01-02-CTDMOG062,serial_number,serial_number,,,ENG,1,GI03FLMB,RIM01,CTDMO
GI03FLMB-RIM01-02-CTDMOG062,time,time,,,ENG,seconds since 1900-01-01,GI03FLMB,RIM01,CTDMO
GI03FLMB-RIM01-02-CTDMOG062,ingestion_timestamp,ingestion_timestamp,,,ENG,seconds since 1900-01-01,GI03FLMB,RIM01,CTDMO
GI03FLMB-RIM01-02-CTDMOG063,driver_timestamp,driver_timestamp,,,ENG,seconds since 1900-01-01,GI03FLMB,RIM01,CTDMO
GI03FLMB-RIM01-02-CTDMOG063,internal_timestamp,internal_timestamp,,,ENG,seconds since 1900-01-01,GI03FLMB,RIM01,CTDMO
GI03FLMB-RIM01-02-CTDMOG063,inductive_id,inductive_id,,,ENG,1,GI03FLMB,RIM01,CTDMO
GI03FLMB-RIM01-02-CTDMOG063,preferred_timestamp,preferred_timestamp,,,ENG,1,GI03FLMB,RIM01,CTDMO
GI03FLMB-RIM01-02-CTDMOG063,temperature,temperature,,,L0,counts,GI03FLMB,RIM01,CTDMO
GI03FLMB-RIM01-02-CTDMOG063,conductivity,conductivity,,,L0,counts,GI03FLMB,RIM01,CTDMO
GI03FLMB-RIM01-02-CTDMOG063,pressure,pressure,,,L0,counts,GI03FLMB,RIM01,CTDMO
GI03FLMB-RIM01-02-CTDMOG063,pressure_temp,pressure_temp,,,L0,counts,GI03FLMB,RIM01,CTDMO
GI03FLMB-RIM01-02-CTDMOG063,ctd_time,ctd_time,,,ENG,seconds since 2000-01-01,GI03FLMB,RIM01,CTDMO
GI03FLMB-RIM01-02-CTDMOG063,sio_controller_timestamp,sio_controller_timestamp,,,ENG,seconds since 1970-01-01,GI03FLMB,RIM01,CTDMO
GI03FLMB-RIM01-02-CTDMOG063,ctd_time_offset,ctd_time_offset,,,,s,GI03FLMB,RIM01,CTDMO
GI03FLMB-RIM01-02-CTDMOG063,ctdmo_seawater_pressure,ctdmo_seawater_pressure,0,6000,L1,dbar,GI03FLMB,RIM01,CTDMO
GI03FLMB-RIM01-02-CTDMOG063,ctdmo_seawater_temperature,ctdmo_seawater_temperature,-2,40,L1,deg_C,GI03FLMB,RIM01,CTDMO
GI03FLMB-RIM01-02-CTDMOG063,ctdmo_seawater_conductivity,ctdmo_seawater_conductivity,0,6,L1,S m-1,GI03FLMB,RIM01,CTDMO
GI03FLMB-RIM01-02-CTDMOG063,ctdmo_practical_salinity,ctdmo_practical_salinity,0,42,L2,(unitless),GI03FLMB,RIM01,CTDMO
GI03FLMB-RIM01-02-CTDMOG063,ctdmo_seawater_density,ctdmo_seawater_density,1000,1100,L2,kg m-3,GI03FLMB,RIM01,CTDMO
GI03FLMB-RIM01-02-CTDMOG063,serial_number,serial_number,,,ENG,1,GI03FLMB,RIM01,CTDMO
GI03FLMB-RIM01-02-CTDMOG063,time,time,,,ENG,seconds since 1900-01-01,GI03FLMB,RIM01,CTDMO
GI03FLMB-RIM01-02-CTDMOG063,ingestion_timestamp,ingestion_timestamp,,,ENG,seconds since 1900-01-01,GI03FLMB,RIM01,CTDMO
GI03FLMB-RIM01-02-CTDMOG064,driver_timestamp,driver_timestamp,,,ENG,seconds since 1900-01-01,GI03FLMB,RIM01,CTDMO
GI03FLMB-RIM01-02-CTDMOG064,internal_timestamp,internal_timestamp,,,ENG,seconds since 1900-01-01,GI03FLMB,RIM01,CTDMO
GI03FLMB-RIM01-02-CTDMOG064,inductive_id,inductive_id,,,ENG,1,GI03FLMB,RIM01,CTDMO
GI03FLMB-RIM01-02-CTDMOG064,preferred_timestamp,preferred_timestamp,,,ENG,1,GI03FLMB,RIM01,CTDMO
GI03FLMB-RIM01-02-CTDMOG064,temperature,temperature,,,L0,counts,GI03FLMB,RIM01,CTDMO
GI03FLMB-RIM01-02-CTDMOG064,conductivity,conductivity,,,L0,counts,GI03FLMB,RIM01,CTDMO
GI03FLMB-RIM01-02-CTDMOG064,pressure,pressure,,,L0,counts,GI03FLMB,RIM01,CTDMO
GI03FLMB-RIM01-02-CTDMOG064,pressure_temp,pressure_temp,,,L0,counts,GI03FLMB,RIM01,CTDMO
GI03FLMB-RIM01-02-CTDMOG064,ctd_time,ctd_time,,,ENG,seconds since 2000-01-01,GI03FLMB,RIM01,CTDMO
GI03FLMB-RIM01-02-CTDMOG064,sio_controller_timestamp,sio_controller_timestamp,,,ENG,seconds since 1970-01-01,GI03FLMB,RIM01,CTDMO
GI03FLMB-RIM01-02-CTDMOG064,ctd_time_offset,ctd_time_offset,,,,s,GI03FLMB,RIM01,CTDMO
GI03FLMB-RIM01-02-CTDMOG064,ctdmo_seawater_pressure,ctdmo_seawater_pressure,0,6000,L1,dbar,GI03FLMB,RIM01,CTDMO
GI03FLMB-RIM01-02-CTDMOG064,ctdmo_seawater_temperature,ctdmo_seawater_temperature,-2,40,L1,deg_C,GI03FLMB,RIM01,CTDMO
GI03FLMB-RIM01-02-CTDMOG064,ctdmo_seawater_conductivity,ctdmo_seawater_conductivity,0,6,L1,S m-1,GI03FLMB,RIM01,CTDMO
GI03FLMB-RIM01-02-CTDMOG064,ctdmo_practical_salinity,ctdmo_practical_salinity,0,42,L2,(unitless),GI03FLMB,RIM01,CTDMO
GI03FLMB-RIM01-02-CTDMOG064,ctdmo_seawater_density,ctdmo_seawater_density,1000,1100,L2,kg m-3,GI03FLMB,RIM01,CTDMO
GI03FLMB-RIM01-02-CTDMOG064,serial_number,serial_number,,,ENG,1,GI03FLMB,RIM01,CTDMO
GI03FLMB-RIM01-02-CTDMOG064,time,time,,,ENG,seconds since 1900-01-01,GI03FLMB,RIM01,CTDMO
GI03FLMB-RIM01-02-CTDMOG064,ingestion_timestamp,ingestion_timestamp,,,ENG,seconds since 1900-01-01,GI03FLMB,RIM01,CTDMO
GI03FLMB-RIM01-02-CTDMOG065,driver_timestamp,driver_timestamp,,,ENG,seconds since 1900-01-01,GI03FLMB,RIM01,CTDMO
GI03FLMB-RIM01-02-CTDMOG065,internal_timestamp,internal_timestamp,,,ENG,seconds since 1900-01-01,GI03FLMB,RIM01,CTDMO
GI03FLMB-RIM01-02-CTDMOG065,inductive_id,inductive_id,,,ENG,1,GI03FLMB,RIM01,CTDMO
GI03FLMB-RIM01-02-CTDMOG065,preferred_timestamp,preferred_timestamp,,,ENG,1,GI03FLMB,RIM01,CTDMO
GI03FLMB-RIM01-02-CTDMOG065,temperature,temperature,,,L0,counts,GI03FLMB,RIM01,CTDMO
GI03FLMB-RIM01-02-CTDMOG065,conductivity,conductivity,,,L0,counts,GI03FLMB,RIM01,CTDMO
GI03FLMB-RIM01-02-CTDMOG065,pressure,pressure,,,L0,counts,GI03FLMB,RIM01,CTDMO
GI03FLMB-RIM01-02-CTDMOG065,pressure_temp,pressure_temp,,,L0,counts,GI03FLMB,RIM01,CTDMO
GI03FLMB-RIM01-02-CTDMOG065,ctd_time,ctd_time,,,ENG,seconds since 2000-01-01,GI03FLMB,RIM01,CTDMO
GI03FLMB-RIM01-02-CTDMOG065,sio_controller_timestamp,sio_controller_timestamp,,,ENG,seconds since 1970-01-01,GI03FLMB,RIM01,CTDMO
GI03FLMB-RIM01-02-CTDMOG065,ctd_time_offset,ctd_time_offset,,,,s,GI03FLMB,RIM01,CTDMO
GI03FLMB-RIM01-02-CTDMOG065,ctdmo_seawater_pressure,ctdmo_seawater_pressure,0,6000,L1,dbar,GI03FLMB,RIM01,CTDMO
GI03FLMB-RIM01-02-CTDMOG065,ctdmo_seawater_temperature,ctdmo_seawater_temperature,-2,40,L1,deg_C,GI03FLMB,RIM01,CTDMO
GI03FLMB-RIM01-02-CTDMOG065,ctdmo_seawater_conductivity,ctdmo_seawater_conductivity,0,6,L1,S m-1,GI03FLMB,RIM01,CTDMO
GI03FLMB-RIM01-02-CTDMOG065,ctdmo_practical_salinity,ctdmo_practical_salinity,0,42,L2,(unitless),GI03FLMB,RIM01,CTDMO
GI03FLMB-RIM01-02-CTDMOG065,ctdmo_seawater_density,ctdmo_seawater_density,1000,1100,L2,kg m-3,GI03FLMB,RIM01,CTDMO
GI03FLMB-RIM01-02-CTDMOG065,serial_number,serial_number,,,ENG,1,GI03FLMB,RIM01,CTDMO
GI03FLMB-RIM01-02-CTDMOG065,time,time,,,ENG,seconds since 1900-01-01,GI03FLMB,RIM01,CTDMO
GI03FLMB-RIM01-02-CTDMOG065,ingestion_timestamp,ingestion_timestamp,,,ENG,seconds since 1900-01-01,GI03FLMB,RIM01,CTDMO
GI03FLMB-RIM01-02-CTDMOG066,driver_timestamp,driver_timestamp,,,ENG,seconds since 1900-01-01,GI03FLMB,RIM01,CTDMO
GI03FLMB-RIM01-02-CTDMOG066,internal_timestamp,internal_timestamp,,,ENG,seconds since 1900-01-01,GI03FLMB,RIM01,CTDMO
GI03FLMB-RIM01-02-CTDMOG066,inductive_id,inductive_id,,,ENG,1,GI03FLMB,RIM01,CTDMO
GI03FLMB-RIM01-02-CTDMOG066,preferred_timestamp,preferred_timestamp,,,ENG,1,GI03FLMB,RIM01,CTDMO
GI03FLMB-RIM01-02-CTDMOG066,temperature,temperature,,,L0,counts,GI03FLMB,RIM01,CTDMO
GI03FLMB-RIM01-02-CTDMOG066,conductivity,conductivity,,,L0,counts,GI03FLMB,RIM01,CTDMO
GI03FLMB-RIM01-02-CTDMOG066,pressure,pressure,,,L0,counts,GI03FLMB,RIM01,CTDMO
GI03FLMB-RIM01-02-CTDMOG066,pressure_temp,pressure_temp,,,L0,counts,GI03FLMB,RIM01,CTDMO
GI03FLMB-RIM01-02-CTDMOG066,ctd_time,ctd_time,,,ENG,seconds since 2000-01-01,GI03FLMB,RIM01,CTDMO
GI03FLMB-RIM01-02-CTDMOG066,sio_controller_timestamp,sio_controller_timestamp,,,ENG,seconds since 1970-01-01,GI03FLMB,RIM01,CTDMO
GI03FLMB-RIM01-02-CTDMOG066,ctd_time_offset,ctd_time_offset,,,,s,GI03FLMB,RIM01,CTDMO
GI03FLMB-RIM01-02-CTDMOG066,ctdmo_seawater_pressure,ctdmo_seawater_pressure,0,6000,L1,dbar,GI03FLMB,RIM01,CTDMO
GI03FLMB-RIM01-02-CTDMOG066,ctdmo_seawater_temperature,ctdmo_seawater_temperature,-2,40,L1,deg_C,GI03FLMB,RIM01,CTDMO
GI03FLMB-RIM01-02-CTDMOG066,ctdmo_seawater_conductivity,ctdmo_seawater_conductivity,0,6,L1,S m-1,GI03FLMB,RIM01,CTDMO
GI03FLMB-RIM01-02-CTDMOG066,ctdmo_practical_salinity,ctdmo_practical_salinity,0,42,L2,(unitless),GI03FLMB,RIM01,CTDMO
GI03FLMB-RIM01-02-CTDMOG066,ctdmo_seawater_density,ctdmo_seawater_density,1000,1100,L2,kg m-3,GI03FLMB,RIM01,CTDMO
GI03FLMB-RIM01-02-CTDMOG066,serial_number,serial_number,,,ENG,1,GI03FLMB,RIM01,CTDMO
GI03FLMB-RIM01-02-CTDMOG066,time,time,,,ENG,seconds since 1900-01-01,GI03FLMB,RIM01,CTDMO
GI03FLMB-RIM01-02-CTDMOG066,ingestion_timestamp,ingestion_timestamp,,,ENG,seconds since 1900-01-01,GI03FLMB,RIM01,CTDMO
GI03FLMB-RIM01-02-CTDMOG067,driver_timestamp,driver_timestamp,,,ENG,seconds since 1900-01-01,GI03FLMB,RIM01,CTDMO
GI03FLMB-RIM01-02-CTDMOG067,internal_timestamp,internal_timestamp,,,ENG,seconds since 1900-01-01,GI03FLMB,RIM01,CTDMO
GI03FLMB-RIM01-02-CTDMOG067,inductive_id,inductive_id,,,ENG,1,GI03FLMB,RIM01,CTDMO
GI03FLMB-RIM01-02-CTDMOG067,preferred_timestamp,preferred_timestamp,,,ENG,1,GI03FLMB,RIM01,CTDMO
GI03FLMB-RIM01-02-CTDMOG067,temperature,temperature,,,L0,counts,GI03FLMB,RIM01,CTDMO
GI03FLMB-RIM01-02-CTDMOG067,conductivity,conductivity,,,L0,counts,GI03FLMB,RIM01,CTDMO
GI03FLMB-RIM01-02-CTDMOG067,pressure,pressure,,,L0,counts,GI03FLMB,RIM01,CTDMO
GI03FLMB-RIM01-02-CTDMOG067,pressure_temp,pressure_temp,,,L0,counts,GI03FLMB,RIM01,CTDMO
GI03FLMB-RIM01-02-CTDMOG067,ctd_time,ctd_time,,,ENG,seconds since 2000-01-01,GI03FLMB,RIM01,CTDMO
GI03FLMB-RIM01-02-CTDMOG067,sio_controller_timestamp,sio_controller_timestamp,,,ENG,seconds since 1970-01-01,GI03FLMB,RIM01,CTDMO
GI03FLMB-RIM01-02-CTDMOG067,ctd_time_offset,ctd_time_offset,,,,s,GI03FLMB,RIM01,CTDMO
GI03FLMB-RIM01-02-CTDMOG067,ctdmo_seawater_pressure,ctdmo_seawater_pressure,0,6000,L1,dbar,GI03FLMB,RIM01,CTDMO
GI03FLMB-RIM01-02-CTDMOG067,ctdmo_seawater_temperature,ctdmo_seawater_temperature,-2,40,L1,deg_C,GI03FLMB,RIM01,CTDMO
GI03FLMB-RIM01-02-CTDMOG067,ctdmo_seawater_conductivity,ctdmo_seawater_conductivity,0,6,L1,S m-1,GI03FLMB,RIM01,CTDMO
GI03FLMB-RIM01-02-CTDMOG067,ctdmo_practical_salinity,ctdmo_practical_salinity,0,42,L2,(unitless),GI03FLMB,RIM01,CTDMO
GI03FLMB-RIM01-02-CTDMOG067,ctdmo_seawater_density,ctdmo_seawater_density,1000,1100,L2,kg m-3,GI03FLMB,RIM01,CTDMO
GI03FLMB-RIM01-02-CTDMOG067,serial_number,serial_number,,,ENG,1,GI03FLMB,RIM01,CTDMO
GI03FLMB-RIM01-02-CTDMOG067,time,time,,,ENG,seconds since 1900-01-01,GI03FLMB,RIM01,CTDMO
GI03FLMB-RIM01-02-CTDMOG067,ingestion_timestamp,ingestion_timestamp,,,ENG,seconds since 1900-01-01,GI03FLMB,RIM01,CTDMO
GI03FLMB-RIM01-02-CTDMOG068,driver_timestamp,driver_timestamp,,,ENG,seconds since 1900-01-01,GI03FLMB,RIM01,CTDMO
GI03FLMB-RIM01-02-CTDMOG068,internal_timestamp,internal_timestamp,,,ENG,seconds since 1900-01-01,GI03FLMB,RIM01,CTDMO
GI03FLMB-RIM01-02-CTDMOG068,inductive_id,inductive_id,,,ENG,1,GI03FLMB,RIM01,CTDMO
GI03FLMB-RIM01-02-CTDMOG068,preferred_timestamp,preferred_timestamp,,,ENG,1,GI03FLMB,RIM01,CTDMO
GI03FLMB-RIM01-02-CTDMOG068,temperature,temperature,,,L0,counts,GI03FLMB,RIM01,CTDMO
GI03FLMB-RIM01-02-CTDMOG068,conductivity,conductivity,,,L0,counts,GI03FLMB,RIM01,CTDMO
GI03FLMB-RIM01-02-CTDMOG068,pressure,pressure,,,L0,counts,GI03FLMB,RIM01,CTDMO
GI03FLMB-RIM01-02-CTDMOG068,pressure_temp,pressure_temp,,,L0,counts,GI03FLMB,RIM01,CTDMO
GI03FLMB-RIM01-02-CTDMOG068,ctd_time,ctd_time,,,ENG,seconds since 2000-01-01,GI03FLMB,RIM01,CTDMO
GI03FLMB-RIM01-02-CTDMOG068,sio_controller_timestamp,sio_controller_timestamp,,,ENG,seconds since 1970-01-01,GI03FLMB,RIM01,CTDMO
GI03FLMB-RIM01-02-CTDMOG068,ctd_time_offset,ctd_time_offset,,,,s,GI03FLMB,RIM01,CTDMO
GI03FLMB-RIM01-02-CTDMOG068,ctdmo_seawater_pressure,ctdmo_seawater_pressure,0,6000,L1,dbar,GI03FLMB,RIM01,CTDMO
GI03FLMB-RIM01-02-CTDMOG068,ctdmo_seawater_temperature,ctdmo_seawater_temperature,-2,40,L1,deg_C,GI03FLMB,RIM01,CTDMO
GI03FLMB-RIM01-02-CTDMOG068,ctdmo_seawater_conductivity,ctdmo_seawater_conductivity,0,6,L1,S m-1,GI03FLMB,RIM01,CTDMO
GI03FLMB-RIM01-02-CTDMOG068,ctdmo_practical_salinity,ctdmo_practical_salinity,0,42,L2,(unitless),GI03FLMB,RIM01,CTDMO
GI03FLMB-RIM01-02-CTDMOG068,ctdmo_seawater_density,ctdmo_seawater_density,1000,1100,L2,kg m-3,GI03FLMB,RIM01,CTDMO
GI03FLMB-RIM01-02-CTDMOG068,serial_number,serial_number,,,ENG,1,GI03FLMB,RIM01,CTDMO
GI03FLMB-RIM01-02-CTDMOG068,time,time,,,ENG,seconds since 1900-01-01,GI03FLMB,RIM01,CTDMO
GI03FLMB-RIM01-02-CTDMOG068,ingestion_timestamp,ingestion_timestamp,,,ENG,seconds since 1900-01-01,GI03FLMB,RIM01,CTDMO
GI03FLMB-RIM01-02-CTDMOH069,driver_timestamp,driver_timestamp,,,ENG,seconds since 1900-01-01,GI03FLMB,RIM01,CTDMO
GI03FLMB-RIM01-02-CTDMOH069,internal_timestamp,internal_timestamp,,,ENG,seconds since 1900-01-01,GI03FLMB,RIM01,CTDMO
GI03FLMB-RIM01-02-CTDMOH069,inductive_id,inductive_id,,,ENG,1,GI03FLMB,RIM01,CTDMO
GI03FLMB-RIM01-02-CTDMOH069,preferred_timestamp,preferred_timestamp,,,ENG,1,GI03FLMB,RIM01,CTDMO
GI03FLMB-RIM01-02-CTDMOH069,temperature,temperature,,,L0,counts,GI03FLMB,RIM01,CTDMO
GI03FLMB-RIM01-02-CTDMOH069,conductivity,conductivity,,,L0,counts,GI03FLMB,RIM01,CTDMO
GI03FLMB-RIM01-02-CTDMOH069,pressure,pressure,,,L0,counts,GI03FLMB,RIM01,CTDMO
GI03FLMB-RIM01-02-CTDMOH069,pressure_temp,pressure_temp,,,L0,counts,GI03FLMB,RIM01,CTDMO
GI03FLMB-RIM01-02-CTDMOH069,ctd_time,ctd_time,,,ENG,seconds since 2000-01-01,GI03FLMB,RIM01,CTDMO
GI03FLMB-RIM01-02-CTDMOH069,sio_controller_timestamp,sio_controller_timestamp,,,ENG,seconds since 1970-01-01,GI03FLMB,RIM01,CTDMO
GI03FLMB-RIM01-02-CTDMOH069,ctd_time_offset,ctd_time_offset,,,,s,GI03FLMB,RIM01,CTDMO
GI03FLMB-RIM01-02-CTDMOH069,ctdmo_seawater_pressure,ctdmo_seawater_pressure,0,6000,L1,dbar,GI03FLMB,RIM01,CTDMO
GI03FLMB-RIM01-02-CTDMOH069,ctdmo_seawater_temperature,ctdmo_seawater_temperature,-2,40,L1,deg_C,GI03FLMB,RIM01,CTDMO
GI03FLMB-RIM01-02-CTDMOH069,ctdmo_seawater_conductivity,ctdmo_seawater_conductivity,0,6,L1,S m-1,GI03FLMB,RIM01,CTDMO
GI03FLMB-RIM01-02-CTDMOH069,ctdmo_practical_salinity,ctdmo_practical_salinity,0,42,L2,(unitless),GI03FLMB,RIM01,CTDMO
GI03FLMB-RIM01-02-CTDMOH069,ctdmo_seawater_density,ctdmo_seawater_density,1000,1100,L2,kg m-3,GI03FLMB,RIM01,CTDMO
GI03FLMB-RIM01-02-CTDMOH069,serial_number,serial_number,,,ENG,1,GI03FLMB,RIM01,CTDMO
GI03FLMB-RIM01-02-CTDMOH069,time,time,,,ENG,seconds since 1900-01-01,GI03FLMB,RIM01,CTDMO
GI03FLMB-RIM01-02-CTDMOH069,ingestion_timestamp,ingestion_timestamp,,,ENG,seconds since 1900-01-01,GI03FLMB,RIM01,CTDMO
GI03FLMB-RIM01-02-CTDMOH070,driver_timestamp,driver_timestamp,,,ENG,seconds since 1900-01-01,GI03FLMB,RIM01,CTDMO
GI03FLMB-RIM01-02-CTDMOH070,internal_timestamp,internal_timestamp,,,ENG,seconds since 1900-01-01,GI03FLMB,RIM01,CTDMO
GI03FLMB-RIM01-02-CTDMOH070,inductive_id,inductive_id,,,ENG,1,GI03FLMB,RIM01,CTDMO
GI03FLMB-RIM01-02-CTDMOH070,preferred_timestamp,preferred_timestamp,,,ENG,1,GI03FLMB,RIM01,CTDMO
GI03FLMB-RIM01-02-CTDMOH070,temperature,temperature,,,L0,counts,GI03FLMB,RIM01,CTDMO
GI03FLMB-RIM01-02-CTDMOH070,conductivity,conductivity,,,L0,counts,GI03FLMB,RIM01,CTDMO
GI03FLMB-RIM01-02-CTDMOH070,pressure,pressure,,,L0,counts,GI03FLMB,RIM01,CTDMO
GI03FLMB-RIM01-02-CTDMOH070,pressure_temp,pressure_temp,,,L0,counts,GI03FLMB,RIM01,CTDMO
GI03FLMB-RIM01-02-CTDMOH070,ctd_time,ctd_time,,,ENG,seconds since 2000-01-01,GI03FLMB,RIM01,CTDMO
GI03FLMB-RIM01-02-CTDMOH070,sio_controller_timestamp,sio_controller_timestamp,,,ENG,seconds since 1970-01-01,GI03FLMB,RIM01,CTDMO
GI03FLMB-RIM01-02-CTDMOH070,ctd_time_offset,ctd_time_offset,,,,s,GI03FLMB,RIM01,CTDMO
GI03FLMB-RIM01-02-CTDMOH070,ctdmo_seawater_pressure,ctdmo_seawater_pressure,0,6000,L1,dbar,GI03FLMB,RIM01,CTDMO
GI03FLMB-RIM01-02-CTDMOH070,ctdmo_seawater_temperature,ctdmo_seawater_temperature,-2,40,L1,deg_C,GI03FLMB,RIM01,CTDMO
GI03FLMB-RIM01-02-CTDMOH070,ctdmo_seawater_conductivity,ctdmo_seawater_conductivity,0,6,L1,S m-1,GI03FLMB,RIM01,CTDMO
GI03FLMB-RIM01-02-CTDMOH070,ctdmo_practical_salinity,ctdmo_practical_salinity,0,42,L2,(unitless),GI03FLMB,RIM01,CTDMO
GI03FLMB-RIM01-02-CTDMOH070,ctdmo_seawater_density,ctdmo_seawater_density,1000,1100,L2,kg m-3,GI03FLMB,RIM01,CTDMO
GI03FLMB-RIM01-02-CTDMOH070,serial_number,serial_number,,,ENG,1,GI03FLMB,RIM01,CTDMO
GI03FLMB-RIM01-02-CTDMOH070,time,time,,,ENG,seconds since 1900-01-01,GI03FLMB,RIM01,CTDMO
GI03FLMB-RIM01-02-CTDMOH070,ingestion_timestamp,ingestion_timestamp,,,ENG,seconds since 1900-01-01,GI03FLMB,RIM01,CTDMO
GI03FLMB-RIM01-02-CTDMOH071,driver_timestamp,driver_timestamp,,,ENG,seconds since 1900-01-01,GI03FLMB,RIM01,CTDMO
GI03FLMB-RIM01-02-CTDMOH071,internal_timestamp,internal_timestamp,,,ENG,seconds since 1900-01-01,GI03FLMB,RIM01,CTDMO
GI03FLMB-RIM01-02-CTDMOH071,inductive_id,inductive_id,,,ENG,1,GI03FLMB,RIM01,CTDMO
GI03FLMB-RIM01-02-CTDMOH071,preferred_timestamp,preferred_timestamp,,,ENG,1,GI03FLMB,RIM01,CTDMO
GI03FLMB-RIM01-02-CTDMOH071,temperature,temperature,,,L0,counts,GI03FLMB,RIM01,CTDMO
GI03FLMB-RIM01-02-CTDMOH071,conductivity,conductivity,,,L0,counts,GI03FLMB,RIM01,CTDMO
GI03FLMB-RIM01-02-CTDMOH071,pressure,pressure,,,L0,counts,GI03FLMB,RIM01,CTDMO
GI03FLMB-RIM01-02-CTDMOH071,pressure_temp,pressure_temp,,,L0,counts,GI03FLMB,RIM01,CTDMO
GI03FLMB-RIM01-02-CTDMOH071,ctd_time,ctd_time,,,ENG,seconds since 2000-01-01,GI03FLMB,RIM01,CTDMO
GI03FLMB-RIM01-02-CTDMOH071,sio_controller_timestamp,sio_controller_timestamp,,,ENG,seconds since 1970-01-01,GI03FLMB,RIM01,CTDMO
GI03FLMB-RIM01-02-CTDMOH071,ctd_time_offset,ctd_time_offset,,,,s,GI03FLMB,RIM01,CTDMO
GI03FLMB-RIM01-02-CTDMOH071,ctdmo_seawater_pressure,ctdmo_seawater_pressure,0,6000,L1,dbar,GI03FLMB,RIM01,CTDMO
GI03FLMB-RIM01-02-CTDMOH071,ctdmo_seawater_temperature,ctdmo_seawater_temperature,-2,40,L1,deg_C,GI03FLMB,RIM01,CTDMO
GI03FLMB-RIM01-02-CTDMOH071,ctdmo_seawater_conductivity,ctdmo_seawater_conductivity,0,6,L1,S m-1,GI03FLMB,RIM01,CTDMO
GI03FLMB-RIM01-02-CTDMOH071,ctdmo_practical_salinity,ctdmo_practical_salinity,0,42,L2,(unitless),GI03FLMB,RIM01,CTDMO
GI03FLMB-RIM01-02-CTDMOH071,ctdmo_seawater_density,ctdmo_seawater_density,1000,1100,L2,kg m-3,GI03FLMB,RIM01,CTDMO
GI03FLMB-RIM01-02-CTDMOH071,serial_number,serial_number,,,ENG,1,GI03FLMB,RIM01,CTDMO
GI03FLMB-RIM01-02-CTDMOH071,time,time,,,ENG,seconds since 1900-01-01,GI03FLMB,RIM01,CTDMO
GI03FLMB-RIM01-02-CTDMOH071,ingestion_timestamp,ingestion_timestamp,,,ENG,seconds since 1900-01-01,GI03FLMB,RIM01,CTDMO
GI03FLMB-RIS01-03-DOSTAD000,product_number,product_number,,,,1,GI03FLMB,RIS01,DOSTA
GI03FLMB-RIS01-03-DOSTAD000,driver_timestamp,driver_timestamp,,,ENG,seconds since 1900-01-01,GI03FLMB,RIS01,DOSTA
GI03FLMB-RIS01-03-DOSTAD000,internal_timestamp,internal_timestamp,,,ENG,seconds since 1900-01-01,GI03FLMB,RIS01,DOSTA
GI03FLMB-RIS01-03-DOSTAD000,preferred_timestamp,preferred_timestamp,,,ENG,1,GI03FLMB,RIS01,DOSTA
GI03FLMB-RIS01-03-DOSTAD000,sio_controller_timestamp,sio_controller_timestamp,,,ENG,seconds since 1970-01-01,GI03FLMB,RIS01,DOSTA
GI03FLMB-RIS01-03-DOSTAD000,dosta_abcdjm_cspp_tc_oxygen,dosta_abcdjm_cspp_tc_oxygen,0,400,L1,umol L-1,GI03FLMB,RIS01,DOSTA
GI03FLMB-RIS01-03-DOSTAD000,serial_number,serial_number,,,ENG,1,GI03FLMB,RIS01,DOSTA
GI03FLMB-RIS01-03-DOSTAD000,dosta_abcdjm_sio_abs_oxygen,dosta_abcdjm_sio_abs_oxygen,0,400,L2,umol kg-1,GI03FLMB,RIS01,DOSTA
GI03FLMB-RIS01-03-DOSTAD000,time,time,,,ENG,seconds since 1900-01-01,GI03FLMB,RIS01,DOSTA
GI03FLMB-RIS01-03-DOSTAD000,ingestion_timestamp,ingestion_timestamp,,,ENG,seconds since 1900-01-01,GI03FLMB,RIS01,DOSTA
GI03FLMB-RIS01-03-DOSTAD000,estimated_oxygen_concentration,estimated_oxygen_concentration,0,400,L1,umol L-1,GI03FLMB,RIS01,DOSTA
GI03FLMB-RIS01-03-DOSTAD000,estimated_oxygen_saturation,estimated_oxygen_saturation,0,110,L1,percent,GI03FLMB,RIS01,DOSTA
GI03FLMB-RIS01-03-DOSTAD000,optode_temperature,optode_temperature,-2,40,,deg_C,GI03FLMB,RIS01,DOSTA
GI03FLMB-RIS01-03-DOSTAD000,calibrated_phase,calibrated_phase,,,L0,degrees,GI03FLMB,RIS01,DOSTA
GI03FLMB-RIS01-03-DOSTAD000,temp_compensated_phase,temp_compensated_phase,,,,degrees,GI03FLMB,RIS01,DOSTA
GI03FLMB-RIS01-03-DOSTAD000,blue_phase,blue_phase,,,,degrees,GI03FLMB,RIS01,DOSTA
GI03FLMB-RIS01-03-DOSTAD000,red_phase,red_phase,,,,degrees,GI03FLMB,RIS01,DOSTA
GI03FLMB-RIS01-03-DOSTAD000,blue_amplitude,blue_amplitude,,,,mV,GI03FLMB,RIS01,DOSTA
GI03FLMB-RIS01-03-DOSTAD000,red_amplitude,red_amplitude,,,,mV,GI03FLMB,RIS01,DOSTA
GI03FLMB-RIS01-03-DOSTAD000,raw_temperature,raw_temperature,,,,mV,GI03FLMB,RIS01,DOSTA
GI03FLMB-RIS01-04-PHSENF000,driver_timestamp,driver_timestamp,,,ENG,seconds since 1900-01-01,GI03FLMB,RIS01,PHSEN
GI03FLMB-RIS01-04-PHSENF000,external_device2_fault,external_device2_fault,,,,1,GI03FLMB,RIS01,PHSEN
GI03FLMB-RIS01-04-PHSENF000,external_device3_fault,external_device3_fault,,,,1,GI03FLMB,RIS01,PHSEN
GI03FLMB-RIS01-04-PHSENF000,num_data_records,num_data_records,,,,1,GI03FLMB,RIS01,PHSEN
GI03FLMB-RIS01-04-PHSENF000,num_error_records,num_error_records,,,,1,GI03FLMB,RIS01,PHSEN
GI03FLMB-RIS01-04-PHSENF000,num_bytes_stored,num_bytes_stored,,,,bytes,GI03FLMB,RIS01,PHSEN
GI03FLMB-RIS01-04-PHSENF000,internal_timestamp,internal_timestamp,,,ENG,seconds since 1900-01-01,GI03FLMB,RIS01,PHSEN
GI03FLMB-RIS01-04-PHSENF000,preferred_timestamp,preferred_timestamp,,,ENG,1,GI03FLMB,RIS01,PHSEN
GI03FLMB-RIS01-04-PHSENF000,sio_controller_timestamp,sio_controller_timestamp,,,ENG,seconds since 1970-01-01,GI03FLMB,RIS01,PHSEN
GI03FLMB-RIS01-04-PHSENF000,passed_checksum,passed_checksum,,,ENG,1,GI03FLMB,RIS01,PHSEN
GI03FLMB-RIS01-04-PHSENF000,phsen_abcdef_ph_seawater,phsen_abcdef_ph_seawater,7.3,8.5,L1,(unitless),GI03FLMB,RIS01,PHSEN
GI03FLMB-RIS01-04-PHSENF000,battery_low_blank,battery_low_blank,,,,1,GI03FLMB,RIS01,PHSEN
GI03FLMB-RIS01-04-PHSENF000,unique_id,unique_id,,,,1,GI03FLMB,RIS01,PHSEN
GI03FLMB-RIS01-04-PHSENF000,record_type,record_type,,,,1,GI03FLMB,RIS01,PHSEN
GI03FLMB-RIS01-04-PHSENF000,record_time,record_time,,,,seconds since 1904-01-01,GI03FLMB,RIS01,PHSEN
GI03FLMB-RIS01-04-PHSENF000,light_measurements,light_measurements,,,,counts,GI03FLMB,RIS01,PHSEN
GI03FLMB-RIS01-04-PHSENF000,voltage_battery,voltage_battery,,,,counts,GI03FLMB,RIS01,PHSEN
GI03FLMB-RIS01-04-PHSENF000,clock_active,clock_active,,,,1,GI03FLMB,RIS01,PHSEN
GI03FLMB-RIS01-04-PHSENF000,recording_active,recording_active,,,,1,GI03FLMB,RIS01,PHSEN
GI03FLMB-RIS01-04-PHSENF000,record_end_on_time,record_end_on_time,,,,1,GI03FLMB,RIS01,PHSEN
GI03FLMB-RIS01-04-PHSENF000,record_memory_full,record_memory_full,,,,1,GI03FLMB,RIS01,PHSEN
GI03FLMB-RIS01-04-PHSENF000,phsen_abcdef_signal_intensity_434,phsen_abcdef_signal_intensity_434,,,L0,counts,GI03FLMB,RIS01,PHSEN
GI03FLMB-RIS01-04-PHSENF000,phsen_abcdef_signal_intensity_578,phsen_abcdef_signal_intensity_578,,,L0,counts,GI03FLMB,RIS01,PHSEN
GI03FLMB-RIS01-04-PHSENF000,record_end_on_error,record_end_on_error,,,,1,GI03FLMB,RIS01,PHSEN
GI03FLMB-RIS01-04-PHSENF000,data_download_ok,data_download_ok,,,,1,GI03FLMB,RIS01,PHSEN
GI03FLMB-RIS01-04-PHSENF000,flash_memory_open,flash_memory_open,,,,1,GI03FLMB,RIS01,PHSEN
GI03FLMB-RIS01-04-PHSENF000,battery_low_prestart,battery_low_prestart,,,,1,GI03FLMB,RIS01,PHSEN
GI03FLMB-RIS01-04-PHSENF000,battery_low_measurement,battery_low_measurement,,,,1,GI03FLMB,RIS01,PHSEN
GI03FLMB-RIS01-04-PHSENF000,battery_low_external,battery_low_external,,,,1,GI03FLMB,RIS01,PHSEN
GI03FLMB-RIS01-04-PHSENF000,external_device1_fault,external_device1_fault,,,,1,GI03FLMB,RIS01,PHSEN
GI03FLMB-RIS01-04-PHSENF000,flash_erased,flash_erased,,,,1,GI03FLMB,RIS01,PHSEN
GI03FLMB-RIS01-04-PHSENF000,power_on_invalid,power_on_invalid,,,,1,GI03FLMB,RIS01,PHSEN
GI03FLMB-RIS01-04-PHSENF000,time,time,,,ENG,seconds since 1900-01-01,GI03FLMB,RIS01,PHSEN
GI03FLMB-RIS01-04-PHSENF000,ingestion_timestamp,ingestion_timestamp,,,ENG,seconds since 1900-01-01,GI03FLMB,RIS01,PHSEN
GI03FLMB-RIS01-04-PHSENF000,thermistor_start,thermistor_start,,,,counts,GI03FLMB,RIS01,PHSEN
GI03FLMB-RIS01-04-PHSENF000,reference_light_measurements,reference_light_measurements,,,,counts,GI03FLMB,RIS01,PHSEN
GI03FLMB-RIS01-04-PHSENF000,thermistor_end,thermistor_end,,,,counts,GI03FLMB,RIS01,PHSEN
GI03FLMB-RIS01-04-PHSENF000,phsen_thermistor_temperature,phsen_thermistor_temperature,,,L0,V,GI03FLMB,RIS01,PHSEN
GI03FLMB-RIS01-05-FLORTD000,driver_timestamp,driver_timestamp,,,ENG,seconds since 1900-01-01,GI03FLMB,RIS01,FLORT
GI03FLMB-RIS01-05-FLORTD000,date_string,date_string,,,ENG,1,GI03FLMB,RIS01,FLORT
GI03FLMB-RIS01-05-FLORTD000,time_string,time_string,,,ENG,1,GI03FLMB,RIS01,FLORT
GI03FLMB-RIS01-05-FLORTD000,measurement_wavelength_beta,measurement_wavelength_beta,,,,nm,GI03FLMB,RIS01,FLORT
GI03FLMB-RIS01-05-FLORTD000,raw_signal_beta,raw_signal_beta,,,L0,counts,GI03FLMB,RIS01,FLORT
GI03FLMB-RIS01-05-FLORTD000,measurement_wavelength_chl,measurement_wavelength_chl,,,,nm,GI03FLMB,RIS01,FLORT
GI03FLMB-RIS01-05-FLORTD000,raw_signal_chl,raw_signal_chl,,,L0,counts,GI03FLMB,RIS01,FLORT
GI03FLMB-RIS01-05-FLORTD000,measurement_wavelength_cdom,measurement_wavelength_cdom,,,,nm,GI03FLMB,RIS01,FLORT
GI03FLMB-RIS01-05-FLORTD000,raw_signal_cdom,raw_signal_cdom,,,L0,counts,GI03FLMB,RIS01,FLORT
GI03FLMB-RIS01-05-FLORTD000,raw_internal_temp,raw_internal_temp,,,,counts,GI03FLMB,RIS01,FLORT
GI03FLMB-RIS01-05-FLORTD000,internal_timestamp,internal_timestamp,,,ENG,seconds since 1900-01-01,GI03FLMB,RIS01,FLORT
GI03FLMB-RIS01-05-FLORTD000,preferred_timestamp,preferred_timestamp,,,ENG,1,GI03FLMB,RIS01,FLORT
GI03FLMB-RIS01-05-FLORTD000,flort_k_total_volume_scattering_coefficient,flort_k_total_volume_scattering_coefficient,,,L1,m-1 sr-1,GI03FLMB,RIS01,FLORT
GI03FLMB-RIS01-05-FLORTD000,fluorometric_chlorophyll_a,fluorometric_chlorophyll_a,0,50,L1,ug L-1,GI03FLMB,RIS01,FLORT
GI03FLMB-RIS01-05-FLORTD000,fluorometric_cdom,fluorometric_cdom,0,375,L1,ppb,GI03FLMB,RIS01,FLORT
GI03FLMB-RIS01-05-FLORTD000,sio_controller_timestamp,sio_controller_timestamp,,,ENG,seconds since 1970-01-01,GI03FLMB,RIS01,FLORT
GI03FLMB-RIS01-05-FLORTD000,flort_dj_bback_total,flort_dj_bback_total,0.0003,1,L2,m-1,GI03FLMB,RIS01,FLORT
GI03FLMB-RIS01-05-FLORTD000,flort_dj_scat_seawater,flort_dj_scat_seawater,,,AUX,m-1,GI03FLMB,RIS01,FLORT
GI03FLMB-RIS01-05-FLORTD000,time,time,,,ENG,seconds since 1900-01-01,GI03FLMB,RIS01,FLORT
GI03FLMB-RIS01-05-FLORTD000,ingestion_timestamp,ingestion_timestamp,,,ENG,seconds since 1900-01-01,GI03FLMB,RIS01,FLORT
GI05MOAS-GL001-01-FLORDM000,driver_timestamp,driver_timestamp,,,ENG,seconds since 1900-01-01,GI05MOAS,GL001,FLORD
GI05MOAS-GL001-01-FLORDM000,internal_timestamp,internal_timestamp,,,ENG,seconds since 1900-01-01,GI05MOAS,GL001,FLORD
GI05MOAS-GL001-01-FLORDM000,m_present_secs_into_mission,m_present_secs_into_mission,,,ENG,s,GI05MOAS,GL001,FLORD
GI05MOAS-GL001-01-FLORDM000,m_present_time,m_present_time,,,AUX,seconds since 1970-01-01,GI05MOAS,GL001,FLORD
GI05MOAS-GL001-01-FLORDM000,sci_m_present_secs_into_mission,sci_m_present_secs_into_mission,,,,s,GI05MOAS,GL001,FLORD
GI05MOAS-GL001-01-FLORDM000,sci_m_present_time,sci_m_present_time,,,,seconds since 1970-01-01,GI05MOAS,GL001,FLORD
GI05MOAS-GL001-01-FLORDM000,sci_flbb_bb_units,sci_flbb_bb_units,,,L1,m-1 sr-1,GI05MOAS,GL001,FLORD
GI05MOAS-GL001-01-FLORDM000,sci_flbb_chlor_units,sci_flbb_chlor_units,0,50,L1,ug L-1,GI05MOAS,GL001,FLORD
GI05MOAS-GL001-01-FLORDM000,preferred_timestamp,preferred_timestamp,,,ENG,1,GI05MOAS,GL001,FLORD
GI05MOAS-GL001-01-FLORDM000,sci_flbb_timestamp,sci_flbb_timestamp,,,,seconds since 1970-01-01,GI05MOAS,GL001,FLORD
GI05MOAS-GL001-01-FLORDM000,sci_flbb_bb_ref,sci_flbb_bb_ref,,,,nm,GI05MOAS,GL001,FLORD
GI05MOAS-GL001-01-FLORDM000,sci_flbb_bb_sig,sci_flbb_bb_sig,,,L0,counts,GI05MOAS,GL001,FLORD
GI05MOAS-GL001-01-FLORDM000,sci_flbb_chlor_ref,sci_flbb_chlor_ref,,,,nm,GI05MOAS,GL001,FLORD
GI05MOAS-GL001-01-FLORDM000,sci_flbb_chlor_sig,sci_flbb_chlor_sig,,,L0,counts,GI05MOAS,GL001,FLORD
GI05MOAS-GL001-01-FLORDM000,sci_flbb_therm,sci_flbb_therm,,,,1,GI05MOAS,GL001,FLORD
GI05MOAS-GL001-01-FLORDM000,flord_m_bback_total,flord_m_bback_total,0.0003,1,L2,m-1,GI05MOAS,GL001,FLORD
GI05MOAS-GL001-01-FLORDM000,flord_m_scat_seawater,flord_m_scat_seawater,,,AUX,m-1,GI05MOAS,GL001,FLORD
GI05MOAS-GL001-01-FLORDM000,time,time,,,ENG,seconds since 1900-01-01,GI05MOAS,GL001,FLORD
GI05MOAS-GL001-01-FLORDM000,ingestion_timestamp,ingestion_timestamp,,,ENG,seconds since 1900-01-01,GI05MOAS,GL001,FLORD
GI05MOAS-GL001-02-DOSTAM000,driver_timestamp,driver_timestamp,,,ENG,seconds since 1900-01-01,GI05MOAS,GL001,DOSTA
GI05MOAS-GL001-02-DOSTAM000,internal_timestamp,internal_timestamp,,,ENG,seconds since 1900-01-01,GI05MOAS,GL001,DOSTA
GI05MOAS-GL001-02-DOSTAM000,m_present_secs_into_mission,m_present_secs_into_mission,,,ENG,s,GI05MOAS,GL001,DOSTA
GI05MOAS-GL001-02-DOSTAM000,m_present_time,m_present_time,,,AUX,seconds since 1970-01-01,GI05MOAS,GL001,DOSTA
GI05MOAS-GL001-02-DOSTAM000,sci_m_present_secs_into_mission,sci_m_present_secs_into_mission,,,,s,GI05MOAS,GL001,DOSTA
GI05MOAS-GL001-02-DOSTAM000,sci_m_present_time,sci_m_present_time,,,,seconds since 1970-01-01,GI05MOAS,GL001,DOSTA
GI05MOAS-GL001-02-DOSTAM000,sci_oxy4_c1amp,sci_oxy4_c1amp,,,,mV,GI05MOAS,GL001,DOSTA
GI05MOAS-GL001-02-DOSTAM000,sci_oxy4_c1rph,sci_oxy4_c1rph,,,,degrees,GI05MOAS,GL001,DOSTA
GI05MOAS-GL001-02-DOSTAM000,sci_oxy4_c2amp,sci_oxy4_c2amp,,,,mV,GI05MOAS,GL001,DOSTA
GI05MOAS-GL001-02-DOSTAM000,sci_oxy4_c2rph,sci_oxy4_c2rph,,,,degrees,GI05MOAS,GL001,DOSTA
GI05MOAS-GL001-02-DOSTAM000,sci_oxy4_calphase,sci_oxy4_calphase,,,L0,degrees,GI05MOAS,GL001,DOSTA
GI05MOAS-GL001-02-DOSTAM000,sci_oxy4_oxygen,sci_oxy4_oxygen,0,400,L1,umol L-1,GI05MOAS,GL001,DOSTA
GI05MOAS-GL001-02-DOSTAM000,sci_oxy4_rawtemp,sci_oxy4_rawtemp,,,,mV,GI05MOAS,GL001,DOSTA
GI05MOAS-GL001-02-DOSTAM000,sci_oxy4_saturation,sci_oxy4_saturation,,,,percent,GI05MOAS,GL001,DOSTA
GI05MOAS-GL001-02-DOSTAM000,sci_oxy4_tcphase,sci_oxy4_tcphase,,,,degrees,GI05MOAS,GL001,DOSTA
GI05MOAS-GL001-02-DOSTAM000,sci_oxy4_temp,sci_oxy4_temp,,,,deg_C,GI05MOAS,GL001,DOSTA
GI05MOAS-GL001-02-DOSTAM000,sci_oxy4_timestamp,sci_oxy4_timestamp,,,,1,GI05MOAS,GL001,DOSTA
GI05MOAS-GL001-02-DOSTAM000,sci_water_cond,sci_water_cond,0,6,L1,S m-1,GI05MOAS,GL001,DOSTA
GI05MOAS-GL001-02-DOSTAM000,sci_water_pressure,sci_water_pressure,0,6000,L1,dbar,GI05MOAS,GL001,DOSTA
GI05MOAS-GL001-02-DOSTAM000,sci_water_temp,sci_water_temp,-2,40,L1,deg_C,GI05MOAS,GL001,DOSTA
GI05MOAS-GL001-02-DOSTAM000,preferred_timestamp,preferred_timestamp,,,ENG,1,GI05MOAS,GL001,DOSTA
GI05MOAS-GL001-02-DOSTAM000,sci_abs_oxygen,sci_abs_oxygen,0,400,L2,umol kg-1,GI05MOAS,GL001,DOSTA
GI05MOAS-GL001-02-DOSTAM000,time,time,,,ENG,seconds since 1900-01-01,GI05MOAS,GL001,DOSTA
GI05MOAS-GL001-02-DOSTAM000,ingestion_timestamp,ingestion_timestamp,,,ENG,seconds since 1900-01-01,GI05MOAS,GL001,DOSTA
GI05MOAS-GL001-04-CTDGVM000,driver_timestamp,driver_timestamp,,,ENG,seconds since 1900-01-01,GI05MOAS,GL001,CTDGV
GI05MOAS-GL001-04-CTDGVM000,internal_timestamp,internal_timestamp,,,ENG,seconds since 1900-01-01,GI05MOAS,GL001,CTDGV
GI05MOAS-GL001-04-CTDGVM000,m_present_secs_into_mission,m_present_secs_into_mission,,,ENG,s,GI05MOAS,GL001,CTDGV
GI05MOAS-GL001-04-CTDGVM000,m_present_time,m_present_time,,,AUX,seconds since 1970-01-01,GI05MOAS,GL001,CTDGV
GI05MOAS-GL001-04-CTDGVM000,sci_ctd41cp_timestamp,sci_ctd41cp_timestamp,,,,seconds since 1970-01-01,GI05MOAS,GL001,CTDGV
GI05MOAS-GL001-04-CTDGVM000,sci_m_present_secs_into_mission,sci_m_present_secs_into_mission,,,,s,GI05MOAS,GL001,CTDGV
GI05MOAS-GL001-04-CTDGVM000,sci_m_present_time,sci_m_present_time,,,,seconds since 1970-01-01,GI05MOAS,GL001,CTDGV
GI05MOAS-GL001-04-CTDGVM000,sci_water_cond,sci_water_cond,0,6,L1,S m-1,GI05MOAS,GL001,CTDGV
GI05MOAS-GL001-04-CTDGVM000,sci_water_pressure,sci_water_pressure,0,6000,L1,dbar,GI05MOAS,GL001,CTDGV
GI05MOAS-GL001-04-CTDGVM000,sci_water_temp,sci_water_temp,-2,40,L1,deg_C,GI05MOAS,GL001,CTDGV
GI05MOAS-GL001-04-CTDGVM000,sci_water_pracsal,sci_water_pracsal,0,42,L2,1,GI05MOAS,GL001,CTDGV
GI05MOAS-GL001-04-CTDGVM000,preferred_timestamp,preferred_timestamp,,,ENG,1,GI05MOAS,GL001,CTDGV
GI05MOAS-GL001-04-CTDGVM000,sci_seawater_density,sci_seawater_density,1000,1100,L2,kg m-3,GI05MOAS,GL001,CTDGV
GI05MOAS-GL001-04-CTDGVM000,time,time,,,ENG,seconds since 1900-01-01,GI05MOAS,GL001,CTDGV
GI05MOAS-GL001-04-CTDGVM000,ingestion_timestamp,ingestion_timestamp,,,ENG,seconds since 1900-01-01,GI05MOAS,GL001,CTDGV
GI05MOAS-GL002-01-FLORDM000,driver_timestamp,driver_timestamp,,,ENG,seconds since 1900-01-01,GI05MOAS,GL002,FLORD
GI05MOAS-GL002-01-FLORDM000,internal_timestamp,internal_timestamp,,,ENG,seconds since 1900-01-01,GI05MOAS,GL002,FLORD
GI05MOAS-GL002-01-FLORDM000,m_present_secs_into_mission,m_present_secs_into_mission,,,ENG,s,GI05MOAS,GL002,FLORD
GI05MOAS-GL002-01-FLORDM000,m_present_time,m_present_time,,,AUX,seconds since 1970-01-01,GI05MOAS,GL002,FLORD
GI05MOAS-GL002-01-FLORDM000,sci_m_present_secs_into_mission,sci_m_present_secs_into_mission,,,,s,GI05MOAS,GL002,FLORD
GI05MOAS-GL002-01-FLORDM000,sci_m_present_time,sci_m_present_time,,,,seconds since 1970-01-01,GI05MOAS,GL002,FLORD
GI05MOAS-GL002-01-FLORDM000,sci_flbb_bb_units,sci_flbb_bb_units,,,L1,m-1 sr-1,GI05MOAS,GL002,FLORD
GI05MOAS-GL002-01-FLORDM000,sci_flbb_chlor_units,sci_flbb_chlor_units,0,50,L1,ug L-1,GI05MOAS,GL002,FLORD
GI05MOAS-GL002-01-FLORDM000,preferred_timestamp,preferred_timestamp,,,ENG,1,GI05MOAS,GL002,FLORD
GI05MOAS-GL002-01-FLORDM000,sci_flbb_timestamp,sci_flbb_timestamp,,,,seconds since 1970-01-01,GI05MOAS,GL002,FLORD
GI05MOAS-GL002-01-FLORDM000,sci_flbb_bb_ref,sci_flbb_bb_ref,,,,nm,GI05MOAS,GL002,FLORD
GI05MOAS-GL002-01-FLORDM000,sci_flbb_bb_sig,sci_flbb_bb_sig,,,L0,counts,GI05MOAS,GL002,FLORD
GI05MOAS-GL002-01-FLORDM000,sci_flbb_chlor_ref,sci_flbb_chlor_ref,,,,nm,GI05MOAS,GL002,FLORD
GI05MOAS-GL002-01-FLORDM000,sci_flbb_chlor_sig,sci_flbb_chlor_sig,,,L0,counts,GI05MOAS,GL002,FLORD
GI05MOAS-GL002-01-FLORDM000,sci_flbb_therm,sci_flbb_therm,,,,1,GI05MOAS,GL002,FLORD
GI05MOAS-GL002-01-FLORDM000,flord_m_bback_total,flord_m_bback_total,0.0003,1,L2,m-1,GI05MOAS,GL002,FLORD
GI05MOAS-GL002-01-FLORDM000,flord_m_scat_seawater,flord_m_scat_seawater,,,AUX,m-1,GI05MOAS,GL002,FLORD
GI05MOAS-GL002-01-FLORDM000,time,time,,,ENG,seconds since 1900-01-01,GI05MOAS,GL002,FLORD
GI05MOAS-GL002-01-FLORDM000,ingestion_timestamp,ingestion_timestamp,,,ENG,seconds since 1900-01-01,GI05MOAS,GL002,FLORD
GI05MOAS-GL002-02-DOSTAM000,driver_timestamp,driver_timestamp,,,ENG,seconds since 1900-01-01,GI05MOAS,GL002,DOSTA
GI05MOAS-GL002-02-DOSTAM000,internal_timestamp,internal_timestamp,,,ENG,seconds since 1900-01-01,GI05MOAS,GL002,DOSTA
GI05MOAS-GL002-02-DOSTAM000,m_present_secs_into_mission,m_present_secs_into_mission,,,ENG,s,GI05MOAS,GL002,DOSTA
GI05MOAS-GL002-02-DOSTAM000,m_present_time,m_present_time,,,AUX,seconds since 1970-01-01,GI05MOAS,GL002,DOSTA
GI05MOAS-GL002-02-DOSTAM000,sci_m_present_secs_into_mission,sci_m_present_secs_into_mission,,,,s,GI05MOAS,GL002,DOSTA
GI05MOAS-GL002-02-DOSTAM000,sci_m_present_time,sci_m_present_time,,,,seconds since 1970-01-01,GI05MOAS,GL002,DOSTA
GI05MOAS-GL002-02-DOSTAM000,sci_oxy4_c1amp,sci_oxy4_c1amp,,,,mV,GI05MOAS,GL002,DOSTA
GI05MOAS-GL002-02-DOSTAM000,sci_oxy4_c1rph,sci_oxy4_c1rph,,,,degrees,GI05MOAS,GL002,DOSTA
GI05MOAS-GL002-02-DOSTAM000,sci_oxy4_c2amp,sci_oxy4_c2amp,,,,mV,GI05MOAS,GL002,DOSTA
GI05MOAS-GL002-02-DOSTAM000,sci_oxy4_c2rph,sci_oxy4_c2rph,,,,degrees,GI05MOAS,GL002,DOSTA
GI05MOAS-GL002-02-DOSTAM000,sci_oxy4_calphase,sci_oxy4_calphase,,,L0,degrees,GI05MOAS,GL002,DOSTA
GI05MOAS-GL002-02-DOSTAM000,sci_oxy4_oxygen,sci_oxy4_oxygen,0,400,L1,umol L-1,GI05MOAS,GL002,DOSTA
GI05MOAS-GL002-02-DOSTAM000,sci_oxy4_rawtemp,sci_oxy4_rawtemp,,,,mV,GI05MOAS,GL002,DOSTA
GI05MOAS-GL002-02-DOSTAM000,sci_oxy4_saturation,sci_oxy4_saturation,,,,percent,GI05MOAS,GL002,DOSTA
GI05MOAS-GL002-02-DOSTAM000,sci_oxy4_tcphase,sci_oxy4_tcphase,,,,degrees,GI05MOAS,GL002,DOSTA
GI05MOAS-GL002-02-DOSTAM000,sci_oxy4_temp,sci_oxy4_temp,,,,deg_C,GI05MOAS,GL002,DOSTA
GI05MOAS-GL002-02-DOSTAM000,sci_oxy4_timestamp,sci_oxy4_timestamp,,,,1,GI05MOAS,GL002,DOSTA
GI05MOAS-GL002-02-DOSTAM000,sci_water_cond,sci_water_cond,0,6,L1,S m-1,GI05MOAS,GL002,DOSTA
GI05MOAS-GL002-02-DOSTAM000,sci_water_pressure,sci_water_pressure,0,6000,L1,dbar,GI05MOAS,GL002,DOSTA
GI05MOAS-GL002-02-DOSTAM000,sci_water_temp,sci_water_temp,-2,40,L1,deg_C,GI05MOAS,GL002,DOSTA
GI05MOAS-GL002-02-DOSTAM000,preferred_timestamp,preferred_timestamp,,,ENG,1,GI05MOAS,GL002,DOSTA
GI05MOAS-GL002-02-DOSTAM000,sci_abs_oxygen,sci_abs_oxygen,0,400,L2,umol kg-1,GI05MOAS,GL002,DOSTA
GI05MOAS-GL002-02-DOSTAM000,time,time,,,ENG,seconds since 1900-01-01,GI05MOAS,GL002,DOSTA
GI05MOAS-GL002-02-DOSTAM000,ingestion_timestamp,ingestion_timestamp,,,ENG,seconds since 1900-01-01,GI05MOAS,GL002,DOSTA
GI05MOAS-GL002-04-CTDGVM000,driver_timestamp,driver_timestamp,,,ENG,seconds since 1900-01-01,GI05MOAS,GL002,CTDGV
GI05MOAS-GL002-04-CTDGVM000,internal_timestamp,internal_timestamp,,,ENG,seconds since 1900-01-01,GI05MOAS,GL002,CTDGV
GI05MOAS-GL002-04-CTDGVM000,m_present_secs_into_mission,m_present_secs_into_mission,,,ENG,s,GI05MOAS,GL002,CTDGV
GI05MOAS-GL002-04-CTDGVM000,m_present_time,m_present_time,,,AUX,seconds since 1970-01-01,GI05MOAS,GL002,CTDGV
GI05MOAS-GL002-04-CTDGVM000,sci_ctd41cp_timestamp,sci_ctd41cp_timestamp,,,,seconds since 1970-01-01,GI05MOAS,GL002,CTDGV
GI05MOAS-GL002-04-CTDGVM000,sci_m_present_secs_into_mission,sci_m_present_secs_into_mission,,,,s,GI05MOAS,GL002,CTDGV
GI05MOAS-GL002-04-CTDGVM000,sci_m_present_time,sci_m_present_time,,,,seconds since 1970-01-01,GI05MOAS,GL002,CTDGV
GI05MOAS-GL002-04-CTDGVM000,sci_water_cond,sci_water_cond,0,6,L1,S m-1,GI05MOAS,GL002,CTDGV
GI05MOAS-GL002-04-CTDGVM000,sci_water_pressure,sci_water_pressure,0,6000,L1,dbar,GI05MOAS,GL002,CTDGV
GI05MOAS-GL002-04-CTDGVM000,sci_water_temp,sci_water_temp,-2,40,L1,deg_C,GI05MOAS,GL002,CTDGV
GI05MOAS-GL002-04-CTDGVM000,sci_water_pracsal,sci_water_pracsal,0,42,L2,1,GI05MOAS,GL002,CTDGV
GI05MOAS-GL002-04-CTDGVM000,preferred_timestamp,preferred_timestamp,,,ENG,1,GI05MOAS,GL002,CTDGV
GI05MOAS-GL002-04-CTDGVM000,sci_seawater_density,sci_seawater_density,1000,1100,L2,kg m-3,GI05MOAS,GL002,CTDGV
GI05MOAS-GL002-04-CTDGVM000,time,time,,,ENG,seconds since 1900-01-01,GI05MOAS,GL002,CTDGV
GI05MOAS-GL002-04-CTDGVM000,ingestion_timestamp,ingestion_timestamp,,,ENG,seconds since 1900-01-01,GI05MOAS,GL002,CTDGV
GI05MOAS-GL003-01-FLORDM000,driver_timestamp,driver_timestamp,,,ENG,seconds since 1900-01-01,GI05MOAS,GL003,FLORD
GI05MOAS-GL003-01-FLORDM000,internal_timestamp,internal_timestamp,,,ENG,seconds since 1900-01-01,GI05MOAS,GL003,FLORD
GI05MOAS-GL003-01-FLORDM000,m_present_secs_into_mission,m_present_secs_into_mission,,,ENG,s,GI05MOAS,GL003,FLORD
GI05MOAS-GL003-01-FLORDM000,m_present_time,m_present_time,,,AUX,seconds since 1970-01-01,GI05MOAS,GL003,FLORD
GI05MOAS-GL003-01-FLORDM000,sci_m_present_secs_into_mission,sci_m_present_secs_into_mission,,,,s,GI05MOAS,GL003,FLORD
GI05MOAS-GL003-01-FLORDM000,sci_m_present_time,sci_m_present_time,,,,seconds since 1970-01-01,GI05MOAS,GL003,FLORD
GI05MOAS-GL003-01-FLORDM000,sci_flbb_bb_units,sci_flbb_bb_units,,,L1,m-1 sr-1,GI05MOAS,GL003,FLORD
GI05MOAS-GL003-01-FLORDM000,sci_flbb_chlor_units,sci_flbb_chlor_units,0,50,L1,ug L-1,GI05MOAS,GL003,FLORD
GI05MOAS-GL003-01-FLORDM000,preferred_timestamp,preferred_timestamp,,,ENG,1,GI05MOAS,GL003,FLORD
GI05MOAS-GL003-01-FLORDM000,sci_flbb_timestamp,sci_flbb_timestamp,,,,seconds since 1970-01-01,GI05MOAS,GL003,FLORD
GI05MOAS-GL003-01-FLORDM000,sci_flbb_bb_ref,sci_flbb_bb_ref,,,,nm,GI05MOAS,GL003,FLORD
GI05MOAS-GL003-01-FLORDM000,sci_flbb_bb_sig,sci_flbb_bb_sig,,,L0,counts,GI05MOAS,GL003,FLORD
GI05MOAS-GL003-01-FLORDM000,sci_flbb_chlor_ref,sci_flbb_chlor_ref,,,,nm,GI05MOAS,GL003,FLORD
GI05MOAS-GL003-01-FLORDM000,sci_flbb_chlor_sig,sci_flbb_chlor_sig,,,L0,counts,GI05MOAS,GL003,FLORD
GI05MOAS-GL003-01-FLORDM000,sci_flbb_therm,sci_flbb_therm,,,,1,GI05MOAS,GL003,FLORD
GI05MOAS-GL003-01-FLORDM000,flord_m_bback_total,flord_m_bback_total,0.0003,1,L2,m-1,GI05MOAS,GL003,FLORD
GI05MOAS-GL003-01-FLORDM000,flord_m_scat_seawater,flord_m_scat_seawater,,,AUX,m-1,GI05MOAS,GL003,FLORD
GI05MOAS-GL003-01-FLORDM000,time,time,,,ENG,seconds since 1900-01-01,GI05MOAS,GL003,FLORD
GI05MOAS-GL003-01-FLORDM000,ingestion_timestamp,ingestion_timestamp,,,ENG,seconds since 1900-01-01,GI05MOAS,GL003,FLORD
GI05MOAS-GL003-02-DOSTAM000,driver_timestamp,driver_timestamp,,,ENG,seconds since 1900-01-01,GI05MOAS,GL003,DOSTA
GI05MOAS-GL003-02-DOSTAM000,internal_timestamp,internal_timestamp,,,ENG,seconds since 1900-01-01,GI05MOAS,GL003,DOSTA
GI05MOAS-GL003-02-DOSTAM000,m_present_secs_into_mission,m_present_secs_into_mission,,,ENG,s,GI05MOAS,GL003,DOSTA
GI05MOAS-GL003-02-DOSTAM000,m_present_time,m_present_time,,,AUX,seconds since 1970-01-01,GI05MOAS,GL003,DOSTA
GI05MOAS-GL003-02-DOSTAM000,sci_m_present_secs_into_mission,sci_m_present_secs_into_mission,,,,s,GI05MOAS,GL003,DOSTA
GI05MOAS-GL003-02-DOSTAM000,sci_m_present_time,sci_m_present_time,,,,seconds since 1970-01-01,GI05MOAS,GL003,DOSTA
GI05MOAS-GL003-02-DOSTAM000,sci_oxy4_c1amp,sci_oxy4_c1amp,,,,mV,GI05MOAS,GL003,DOSTA
GI05MOAS-GL003-02-DOSTAM000,sci_oxy4_c1rph,sci_oxy4_c1rph,,,,degrees,GI05MOAS,GL003,DOSTA
GI05MOAS-GL003-02-DOSTAM000,sci_oxy4_c2amp,sci_oxy4_c2amp,,,,mV,GI05MOAS,GL003,DOSTA
GI05MOAS-GL003-02-DOSTAM000,sci_oxy4_c2rph,sci_oxy4_c2rph,,,,degrees,GI05MOAS,GL003,DOSTA
GI05MOAS-GL003-02-DOSTAM000,sci_oxy4_calphase,sci_oxy4_calphase,,,L0,degrees,GI05MOAS,GL003,DOSTA
GI05MOAS-GL003-02-DOSTAM000,sci_oxy4_oxygen,sci_oxy4_oxygen,0,400,L1,umol L-1,GI05MOAS,GL003,DOSTA
GI05MOAS-GL003-02-DOSTAM000,sci_oxy4_rawtemp,sci_oxy4_rawtemp,,,,mV,GI05MOAS,GL003,DOSTA
GI05MOAS-GL003-02-DOSTAM000,sci_oxy4_saturation,sci_oxy4_saturation,,,,percent,GI05MOAS,GL003,DOSTA
GI05MOAS-GL003-02-DOSTAM000,sci_oxy4_tcphase,sci_oxy4_tcphase,,,,degrees,GI05MOAS,GL003,DOSTA
GI05MOAS-GL003-02-DOSTAM000,sci_oxy4_temp,sci_oxy4_temp,,,,deg_C,GI05MOAS,GL003,DOSTA
GI05MOAS-GL003-02-DOSTAM000,sci_oxy4_timestamp,sci_oxy4_timestamp,,,,1,GI05MOAS,GL003,DOSTA
GI05MOAS-GL003-02-DOSTAM000,sci_water_cond,sci_water_cond,0,6,L1,S m-1,GI05MOAS,GL003,DOSTA
GI05MOAS-GL003-02-DOSTAM000,sci_water_pressure,sci_water_pressure,0,6000,L1,dbar,GI05MOAS,GL003,DOSTA
GI05MOAS-GL003-02-DOSTAM000,sci_water_temp,sci_water_temp,-2,40,L1,deg_C,GI05MOAS,GL003,DOSTA
GI05MOAS-GL003-02-DOSTAM000,preferred_timestamp,preferred_timestamp,,,ENG,1,GI05MOAS,GL003,DOSTA
GI05MOAS-GL003-02-DOSTAM000,sci_abs_oxygen,sci_abs_oxygen,0,400,L2,umol kg-1,GI05MOAS,GL003,DOSTA
GI05MOAS-GL003-02-DOSTAM000,time,time,,,ENG,seconds since 1900-01-01,GI05MOAS,GL003,DOSTA
GI05MOAS-GL003-02-DOSTAM000,ingestion_timestamp,ingestion_timestamp,,,ENG,seconds since 1900-01-01,GI05MOAS,GL003,DOSTA
GI05MOAS-GL003-04-CTDGVM000,driver_timestamp,driver_timestamp,,,ENG,seconds since 1900-01-01,GI05MOAS,GL003,CTDGV
GI05MOAS-GL003-04-CTDGVM000,internal_timestamp,internal_timestamp,,,ENG,seconds since 1900-01-01,GI05MOAS,GL003,CTDGV
GI05MOAS-GL003-04-CTDGVM000,m_present_secs_into_mission,m_present_secs_into_mission,,,ENG,s,GI05MOAS,GL003,CTDGV
GI05MOAS-GL003-04-CTDGVM000,m_present_time,m_present_time,,,AUX,seconds since 1970-01-01,GI05MOAS,GL003,CTDGV
GI05MOAS-GL003-04-CTDGVM000,sci_ctd41cp_timestamp,sci_ctd41cp_timestamp,,,,seconds since 1970-01-01,GI05MOAS,GL003,CTDGV
GI05MOAS-GL003-04-CTDGVM000,sci_m_present_secs_into_mission,sci_m_present_secs_into_mission,,,,s,GI05MOAS,GL003,CTDGV
GI05MOAS-GL003-04-CTDGVM000,sci_m_present_time,sci_m_present_time,,,,seconds since 1970-01-01,GI05MOAS,GL003,CTDGV
GI05MOAS-GL003-04-CTDGVM000,sci_water_cond,sci_water_cond,0,6,L1,S m-1,GI05MOAS,GL003,CTDGV
GI05MOAS-GL003-04-CTDGVM000,sci_water_pressure,sci_water_pressure,0,6000,L1,dbar,GI05MOAS,GL003,CTDGV
GI05MOAS-GL003-04-CTDGVM000,sci_water_temp,sci_water_temp,-2,40,L1,deg_C,GI05MOAS,GL003,CTDGV
GI05MOAS-GL003-04-CTDGVM000,sci_water_pracsal,sci_water_pracsal,0,42,L2,1,GI05MOAS,GL003,CTDGV
GI05MOAS-GL003-04-CTDGVM000,preferred_timestamp,preferred_timestamp,,,ENG,1,GI05MOAS,GL003,CTDGV
GI05MOAS-GL003-04-CTDGVM000,sci_seawater_density,sci_seawater_density,1000,1100,L2,kg m-3,GI05MOAS,GL003,CTDGV
GI05MOAS-GL003-04-CTDGVM000,time,time,,,ENG,seconds since 1900-01-01,GI05MOAS,GL003,CTDGV
GI05MOAS-GL003-04-CTDGVM000,ingestion_timestamp,ingestion_timestamp,,,ENG,seconds since 1900-01-01,GI05MOAS,GL003,CTDGV
GI05MOAS-GL004-01-FLORDM000,driver_timestamp,driver_timestamp,,,ENG,seconds since 1900-01-01,GI05MOAS,GL004,FLORD
GI05MOAS-GL004-01-FLORDM000,internal_timestamp,internal_timestamp,,,ENG,seconds since 1900-01-01,GI05MOAS,GL004,FLORD
GI05MOAS-GL004-01-FLORDM000,m_present_secs_into_mission,m_present_secs_into_mission,,,ENG,s,GI05MOAS,GL004,FLORD
GI05MOAS-GL004-01-FLORDM000,m_present_time,m_present_time,,,AUX,seconds since 1970-01-01,GI05MOAS,GL004,FLORD
GI05MOAS-GL004-01-FLORDM000,sci_m_present_secs_into_mission,sci_m_present_secs_into_mission,,,,s,GI05MOAS,GL004,FLORD
GI05MOAS-GL004-01-FLORDM000,sci_m_present_time,sci_m_present_time,,,,seconds since 1970-01-01,GI05MOAS,GL004,FLORD
GI05MOAS-GL004-01-FLORDM000,sci_flbb_bb_units,sci_flbb_bb_units,,,L1,m-1 sr-1,GI05MOAS,GL004,FLORD
GI05MOAS-GL004-01-FLORDM000,sci_flbb_chlor_units,sci_flbb_chlor_units,0,50,L1,ug L-1,GI05MOAS,GL004,FLORD
GI05MOAS-GL004-01-FLORDM000,preferred_timestamp,preferred_timestamp,,,ENG,1,GI05MOAS,GL004,FLORD
GI05MOAS-GL004-01-FLORDM000,sci_flbb_timestamp,sci_flbb_timestamp,,,,seconds since 1970-01-01,GI05MOAS,GL004,FLORD
GI05MOAS-GL004-01-FLORDM000,sci_flbb_bb_ref,sci_flbb_bb_ref,,,,nm,GI05MOAS,GL004,FLORD
GI05MOAS-GL004-01-FLORDM000,sci_flbb_bb_sig,sci_flbb_bb_sig,,,L0,counts,GI05MOAS,GL004,FLORD
GI05MOAS-GL004-01-FLORDM000,sci_flbb_chlor_ref,sci_flbb_chlor_ref,,,,nm,GI05MOAS,GL004,FLORD
GI05MOAS-GL004-01-FLORDM000,sci_flbb_chlor_sig,sci_flbb_chlor_sig,,,L0,counts,GI05MOAS,GL004,FLORD
GI05MOAS-GL004-01-FLORDM000,sci_flbb_therm,sci_flbb_therm,,,,1,GI05MOAS,GL004,FLORD
GI05MOAS-GL004-01-FLORDM000,flord_m_bback_total,flord_m_bback_total,0.0003,1,L2,m-1,GI05MOAS,GL004,FLORD
GI05MOAS-GL004-01-FLORDM000,flord_m_scat_seawater,flord_m_scat_seawater,,,AUX,m-1,GI05MOAS,GL004,FLORD
GI05MOAS-GL004-01-FLORDM000,time,time,,,ENG,seconds since 1900-01-01,GI05MOAS,GL004,FLORD
GI05MOAS-GL004-01-FLORDM000,ingestion_timestamp,ingestion_timestamp,,,ENG,seconds since 1900-01-01,GI05MOAS,GL004,FLORD
GI05MOAS-GL004-02-DOSTAM000,driver_timestamp,driver_timestamp,,,ENG,seconds since 1900-01-01,GI05MOAS,GL004,DOSTA
GI05MOAS-GL004-02-DOSTAM000,internal_timestamp,internal_timestamp,,,ENG,seconds since 1900-01-01,GI05MOAS,GL004,DOSTA
GI05MOAS-GL004-02-DOSTAM000,m_present_secs_into_mission,m_present_secs_into_mission,,,ENG,s,GI05MOAS,GL004,DOSTA
GI05MOAS-GL004-02-DOSTAM000,m_present_time,m_present_time,,,AUX,seconds since 1970-01-01,GI05MOAS,GL004,DOSTA
GI05MOAS-GL004-02-DOSTAM000,sci_m_present_secs_into_mission,sci_m_present_secs_into_mission,,,,s,GI05MOAS,GL004,DOSTA
GI05MOAS-GL004-02-DOSTAM000,sci_m_present_time,sci_m_present_time,,,,seconds since 1970-01-01,GI05MOAS,GL004,DOSTA
GI05MOAS-GL004-02-DOSTAM000,sci_oxy4_c1amp,sci_oxy4_c1amp,,,,mV,GI05MOAS,GL004,DOSTA
GI05MOAS-GL004-02-DOSTAM000,sci_oxy4_c1rph,sci_oxy4_c1rph,,,,degrees,GI05MOAS,GL004,DOSTA
GI05MOAS-GL004-02-DOSTAM000,sci_oxy4_c2amp,sci_oxy4_c2amp,,,,mV,GI05MOAS,GL004,DOSTA
GI05MOAS-GL004-02-DOSTAM000,sci_oxy4_c2rph,sci_oxy4_c2rph,,,,degrees,GI05MOAS,GL004,DOSTA
GI05MOAS-GL004-02-DOSTAM000,sci_oxy4_calphase,sci_oxy4_calphase,,,L0,degrees,GI05MOAS,GL004,DOSTA
GI05MOAS-GL004-02-DOSTAM000,sci_oxy4_oxygen,sci_oxy4_oxygen,0,400,L1,umol L-1,GI05MOAS,GL004,DOSTA
GI05MOAS-GL004-02-DOSTAM000,sci_oxy4_rawtemp,sci_oxy4_rawtemp,,,,mV,GI05MOAS,GL004,DOSTA
GI05MOAS-GL004-02-DOSTAM000,sci_oxy4_saturation,sci_oxy4_saturation,,,,percent,GI05MOAS,GL004,DOSTA
GI05MOAS-GL004-02-DOSTAM000,sci_oxy4_tcphase,sci_oxy4_tcphase,,,,degrees,GI05MOAS,GL004,DOSTA
GI05MOAS-GL004-02-DOSTAM000,sci_oxy4_temp,sci_oxy4_temp,,,,deg_C,GI05MOAS,GL004,DOSTA
GI05MOAS-GL004-02-DOSTAM000,sci_oxy4_timestamp,sci_oxy4_timestamp,,,,1,GI05MOAS,GL004,DOSTA
GI05MOAS-GL004-02-DOSTAM000,sci_water_cond,sci_water_cond,0,6,L1,S m-1,GI05MOAS,GL004,DOSTA
GI05MOAS-GL004-02-DOSTAM000,sci_water_pressure,sci_water_pressure,0,6000,L1,dbar,GI05MOAS,GL004,DOSTA
GI05MOAS-GL004-02-DOSTAM000,sci_water_temp,sci_water_temp,-2,40,L1,deg_C,GI05MOAS,GL004,DOSTA
GI05MOAS-GL004-02-DOSTAM000,preferred_timestamp,preferred_timestamp,,,ENG,1,GI05MOAS,GL004,DOSTA
GI05MOAS-GL004-02-DOSTAM000,sci_abs_oxygen,sci_abs_oxygen,0,400,L2,umol kg-1,GI05MOAS,GL004,DOSTA
GI05MOAS-GL004-02-DOSTAM000,time,time,,,ENG,seconds since 1900-01-01,GI05MOAS,GL004,DOSTA
GI05MOAS-GL004-02-DOSTAM000,ingestion_timestamp,ingestion_timestamp,,,ENG,seconds since 1900-01-01,GI05MOAS,GL004,DOSTA
GI05MOAS-GL004-04-CTDGVM000,driver_timestamp,driver_timestamp,,,ENG,seconds since 1900-01-01,GI05MOAS,GL004,CTDGV
GI05MOAS-GL004-04-CTDGVM000,internal_timestamp,internal_timestamp,,,ENG,seconds since 1900-01-01,GI05MOAS,GL004,CTDGV
GI05MOAS-GL004-04-CTDGVM000,m_present_secs_into_mission,m_present_secs_into_mission,,,ENG,s,GI05MOAS,GL004,CTDGV
GI05MOAS-GL004-04-CTDGVM000,m_present_time,m_present_time,,,AUX,seconds since 1970-01-01,GI05MOAS,GL004,CTDGV
GI05MOAS-GL004-04-CTDGVM000,sci_ctd41cp_timestamp,sci_ctd41cp_timestamp,,,,seconds since 1970-01-01,GI05MOAS,GL004,CTDGV
GI05MOAS-GL004-04-CTDGVM000,sci_m_present_secs_into_mission,sci_m_present_secs_into_mission,,,,s,GI05MOAS,GL004,CTDGV
GI05MOAS-GL004-04-CTDGVM000,sci_m_present_time,sci_m_present_time,,,,seconds since 1970-01-01,GI05MOAS,GL004,CTDGV
GI05MOAS-GL004-04-CTDGVM000,sci_water_cond,sci_water_cond,0,6,L1,S m-1,GI05MOAS,GL004,CTDGV
GI05MOAS-GL004-04-CTDGVM000,sci_water_pressure,sci_water_pressure,0,6000,L1,dbar,GI05MOAS,GL004,CTDGV
GI05MOAS-GL004-04-CTDGVM000,sci_water_temp,sci_water_temp,-2,40,L1,deg_C,GI05MOAS,GL004,CTDGV
GI05MOAS-GL004-04-CTDGVM000,sci_water_pracsal,sci_water_pracsal,0,42,L2,1,GI05MOAS,GL004,CTDGV
GI05MOAS-GL004-04-CTDGVM000,preferred_timestamp,preferred_timestamp,,,ENG,1,GI05MOAS,GL004,CTDGV
GI05MOAS-GL004-04-CTDGVM000,sci_seawater_density,sci_seawater_density,1000,1100,L2,kg m-3,GI05MOAS,GL004,CTDGV
GI05MOAS-GL004-04-CTDGVM000,time,time,,,ENG,seconds since 1900-01-01,GI05MOAS,GL004,CTDGV
GI05MOAS-GL004-04-CTDGVM000,ingestion_timestamp,ingestion_timestamp,,,ENG,seconds since 1900-01-01,GI05MOAS,GL004,CTDGV
GI05MOAS-GL005-01-FLORDM000,driver_timestamp,driver_timestamp,,,ENG,seconds since 1900-01-01,GI05MOAS,GL005,FLORD
GI05MOAS-GL005-01-FLORDM000,internal_timestamp,internal_timestamp,,,ENG,seconds since 1900-01-01,GI05MOAS,GL005,FLORD
GI05MOAS-GL005-01-FLORDM000,m_present_secs_into_mission,m_present_secs_into_mission,,,ENG,s,GI05MOAS,GL005,FLORD
GI05MOAS-GL005-01-FLORDM000,m_present_time,m_present_time,,,AUX,seconds since 1970-01-01,GI05MOAS,GL005,FLORD
GI05MOAS-GL005-01-FLORDM000,sci_m_present_secs_into_mission,sci_m_present_secs_into_mission,,,,s,GI05MOAS,GL005,FLORD
GI05MOAS-GL005-01-FLORDM000,sci_m_present_time,sci_m_present_time,,,,seconds since 1970-01-01,GI05MOAS,GL005,FLORD
GI05MOAS-GL005-01-FLORDM000,sci_flbb_bb_units,sci_flbb_bb_units,,,L1,m-1 sr-1,GI05MOAS,GL005,FLORD
GI05MOAS-GL005-01-FLORDM000,sci_flbb_chlor_units,sci_flbb_chlor_units,0,50,L1,ug L-1,GI05MOAS,GL005,FLORD
GI05MOAS-GL005-01-FLORDM000,preferred_timestamp,preferred_timestamp,,,ENG,1,GI05MOAS,GL005,FLORD
GI05MOAS-GL005-01-FLORDM000,sci_flbb_timestamp,sci_flbb_timestamp,,,,seconds since 1970-01-01,GI05MOAS,GL005,FLORD
GI05MOAS-GL005-01-FLORDM000,sci_flbb_bb_ref,sci_flbb_bb_ref,,,,nm,GI05MOAS,GL005,FLORD
GI05MOAS-GL005-01-FLORDM000,sci_flbb_bb_sig,sci_flbb_bb_sig,,,L0,counts,GI05MOAS,GL005,FLORD
GI05MOAS-GL005-01-FLORDM000,sci_flbb_chlor_ref,sci_flbb_chlor_ref,,,,nm,GI05MOAS,GL005,FLORD
GI05MOAS-GL005-01-FLORDM000,sci_flbb_chlor_sig,sci_flbb_chlor_sig,,,L0,counts,GI05MOAS,GL005,FLORD
GI05MOAS-GL005-01-FLORDM000,sci_flbb_therm,sci_flbb_therm,,,,1,GI05MOAS,GL005,FLORD
GI05MOAS-GL005-01-FLORDM000,flord_m_bback_total,flord_m_bback_total,0.0003,1,L2,m-1,GI05MOAS,GL005,FLORD
GI05MOAS-GL005-01-FLORDM000,flord_m_scat_seawater,flord_m_scat_seawater,,,AUX,m-1,GI05MOAS,GL005,FLORD
GI05MOAS-GL005-01-FLORDM000,time,time,,,ENG,seconds since 1900-01-01,GI05MOAS,GL005,FLORD
GI05MOAS-GL005-01-FLORDM000,ingestion_timestamp,ingestion_timestamp,,,ENG,seconds since 1900-01-01,GI05MOAS,GL005,FLORD
GI05MOAS-GL005-02-DOSTAM000,driver_timestamp,driver_timestamp,,,ENG,seconds since 1900-01-01,GI05MOAS,GL005,DOSTA
GI05MOAS-GL005-02-DOSTAM000,internal_timestamp,internal_timestamp,,,ENG,seconds since 1900-01-01,GI05MOAS,GL005,DOSTA
GI05MOAS-GL005-02-DOSTAM000,m_present_secs_into_mission,m_present_secs_into_mission,,,ENG,s,GI05MOAS,GL005,DOSTA
GI05MOAS-GL005-02-DOSTAM000,m_present_time,m_present_time,,,AUX,seconds since 1970-01-01,GI05MOAS,GL005,DOSTA
GI05MOAS-GL005-02-DOSTAM000,sci_m_present_secs_into_mission,sci_m_present_secs_into_mission,,,,s,GI05MOAS,GL005,DOSTA
GI05MOAS-GL005-02-DOSTAM000,sci_m_present_time,sci_m_present_time,,,,seconds since 1970-01-01,GI05MOAS,GL005,DOSTA
GI05MOAS-GL005-02-DOSTAM000,sci_oxy4_c1amp,sci_oxy4_c1amp,,,,mV,GI05MOAS,GL005,DOSTA
GI05MOAS-GL005-02-DOSTAM000,sci_oxy4_c1rph,sci_oxy4_c1rph,,,,degrees,GI05MOAS,GL005,DOSTA
GI05MOAS-GL005-02-DOSTAM000,sci_oxy4_c2amp,sci_oxy4_c2amp,,,,mV,GI05MOAS,GL005,DOSTA
GI05MOAS-GL005-02-DOSTAM000,sci_oxy4_c2rph,sci_oxy4_c2rph,,,,degrees,GI05MOAS,GL005,DOSTA
GI05MOAS-GL005-02-DOSTAM000,sci_oxy4_calphase,sci_oxy4_calphase,,,L0,degrees,GI05MOAS,GL005,DOSTA
GI05MOAS-GL005-02-DOSTAM000,sci_oxy4_oxygen,sci_oxy4_oxygen,0,400,L1,umol L-1,GI05MOAS,GL005,DOSTA
GI05MOAS-GL005-02-DOSTAM000,sci_oxy4_rawtemp,sci_oxy4_rawtemp,,,,mV,GI05MOAS,GL005,DOSTA
GI05MOAS-GL005-02-DOSTAM000,sci_oxy4_saturation,sci_oxy4_saturation,,,,percent,GI05MOAS,GL005,DOSTA
GI05MOAS-GL005-02-DOSTAM000,sci_oxy4_tcphase,sci_oxy4_tcphase,,,,degrees,GI05MOAS,GL005,DOSTA
GI05MOAS-GL005-02-DOSTAM000,sci_oxy4_temp,sci_oxy4_temp,,,,deg_C,GI05MOAS,GL005,DOSTA
GI05MOAS-GL005-02-DOSTAM000,sci_oxy4_timestamp,sci_oxy4_timestamp,,,,1,GI05MOAS,GL005,DOSTA
GI05MOAS-GL005-02-DOSTAM000,sci_water_cond,sci_water_cond,0,6,L1,S m-1,GI05MOAS,GL005,DOSTA
GI05MOAS-GL005-02-DOSTAM000,sci_water_pressure,sci_water_pressure,0,6000,L1,dbar,GI05MOAS,GL005,DOSTA
GI05MOAS-GL005-02-DOSTAM000,sci_water_temp,sci_water_temp,-2,40,L1,deg_C,GI05MOAS,GL005,DOSTA
GI05MOAS-GL005-02-DOSTAM000,preferred_timestamp,preferred_timestamp,,,ENG,1,GI05MOAS,GL005,DOSTA
GI05MOAS-GL005-02-DOSTAM000,sci_abs_oxygen,sci_abs_oxygen,0,400,L2,umol kg-1,GI05MOAS,GL005,DOSTA
GI05MOAS-GL005-02-DOSTAM000,time,time,,,ENG,seconds since 1900-01-01,GI05MOAS,GL005,DOSTA
GI05MOAS-GL005-02-DOSTAM000,ingestion_timestamp,ingestion_timestamp,,,ENG,seconds since 1900-01-01,GI05MOAS,GL005,DOSTA
GI05MOAS-GL005-04-CTDGVM000,driver_timestamp,driver_timestamp,,,ENG,seconds since 1900-01-01,GI05MOAS,GL005,CTDGV
GI05MOAS-GL005-04-CTDGVM000,internal_timestamp,internal_timestamp,,,ENG,seconds since 1900-01-01,GI05MOAS,GL005,CTDGV
GI05MOAS-GL005-04-CTDGVM000,m_present_secs_into_mission,m_present_secs_into_mission,,,ENG,s,GI05MOAS,GL005,CTDGV
GI05MOAS-GL005-04-CTDGVM000,m_present_time,m_present_time,,,AUX,seconds since 1970-01-01,GI05MOAS,GL005,CTDGV
GI05MOAS-GL005-04-CTDGVM000,sci_ctd41cp_timestamp,sci_ctd41cp_timestamp,,,,seconds since 1970-01-01,GI05MOAS,GL005,CTDGV
GI05MOAS-GL005-04-CTDGVM000,sci_m_present_secs_into_mission,sci_m_present_secs_into_mission,,,,s,GI05MOAS,GL005,CTDGV
GI05MOAS-GL005-04-CTDGVM000,sci_m_present_time,sci_m_present_time,,,,seconds since 1970-01-01,GI05MOAS,GL005,CTDGV
GI05MOAS-GL005-04-CTDGVM000,sci_water_cond,sci_water_cond,0,6,L1,S m-1,GI05MOAS,GL005,CTDGV
GI05MOAS-GL005-04-CTDGVM000,sci_water_pressure,sci_water_pressure,0,6000,L1,dbar,GI05MOAS,GL005,CTDGV
GI05MOAS-GL005-04-CTDGVM000,sci_water_temp,sci_water_temp,-2,40,L1,deg_C,GI05MOAS,GL005,CTDGV
GI05MOAS-GL005-04-CTDGVM000,sci_water_pracsal,sci_water_pracsal,0,42,L2,1,GI05MOAS,GL005,CTDGV
GI05MOAS-GL005-04-CTDGVM000,preferred_timestamp,preferred_timestamp,,,ENG,1,GI05MOAS,GL005,CTDGV
GI05MOAS-GL005-04-CTDGVM000,sci_seawater_density,sci_seawater_density,1000,1100,L2,kg m-3,GI05MOAS,GL005,CTDGV
GI05MOAS-GL005-04-CTDGVM000,time,time,,,ENG,seconds since 1900-01-01,GI05MOAS,GL005,CTDGV
GI05MOAS-GL005-04-CTDGVM000,ingestion_timestamp,ingestion_timestamp,,,ENG,seconds since 1900-01-01,GI05MOAS,GL005,CTDGV
GI05MOAS-GL006-01-FLORDM000,driver_timestamp,driver_timestamp,,,ENG,seconds since 1900-01-01,GI05MOAS,GL006,FLORD
GI05MOAS-GL006-01-FLORDM000,internal_timestamp,internal_timestamp,,,ENG,seconds since 1900-01-01,GI05MOAS,GL006,FLORD
GI05MOAS-GL006-01-FLORDM000,m_present_secs_into_mission,m_present_secs_into_mission,,,ENG,s,GI05MOAS,GL006,FLORD
GI05MOAS-GL006-01-FLORDM000,m_present_time,m_present_time,,,AUX,seconds since 1970-01-01,GI05MOAS,GL006,FLORD
GI05MOAS-GL006-01-FLORDM000,sci_m_present_secs_into_mission,sci_m_present_secs_into_mission,,,,s,GI05MOAS,GL006,FLORD
GI05MOAS-GL006-01-FLORDM000,sci_m_present_time,sci_m_present_time,,,,seconds since 1970-01-01,GI05MOAS,GL006,FLORD
GI05MOAS-GL006-01-FLORDM000,sci_flbb_bb_units,sci_flbb_bb_units,,,L1,m-1 sr-1,GI05MOAS,GL006,FLORD
GI05MOAS-GL006-01-FLORDM000,sci_flbb_chlor_units,sci_flbb_chlor_units,0,50,L1,ug L-1,GI05MOAS,GL006,FLORD
GI05MOAS-GL006-01-FLORDM000,preferred_timestamp,preferred_timestamp,,,ENG,1,GI05MOAS,GL006,FLORD
GI05MOAS-GL006-01-FLORDM000,sci_flbb_timestamp,sci_flbb_timestamp,,,,seconds since 1970-01-01,GI05MOAS,GL006,FLORD
GI05MOAS-GL006-01-FLORDM000,sci_flbb_bb_ref,sci_flbb_bb_ref,,,,nm,GI05MOAS,GL006,FLORD
GI05MOAS-GL006-01-FLORDM000,sci_flbb_bb_sig,sci_flbb_bb_sig,,,L0,counts,GI05MOAS,GL006,FLORD
GI05MOAS-GL006-01-FLORDM000,sci_flbb_chlor_ref,sci_flbb_chlor_ref,,,,nm,GI05MOAS,GL006,FLORD
GI05MOAS-GL006-01-FLORDM000,sci_flbb_chlor_sig,sci_flbb_chlor_sig,,,L0,counts,GI05MOAS,GL006,FLORD
GI05MOAS-GL006-01-FLORDM000,sci_flbb_therm,sci_flbb_therm,,,,1,GI05MOAS,GL006,FLORD
GI05MOAS-GL006-01-FLORDM000,flord_m_bback_total,flord_m_bback_total,0.0003,1,L2,m-1,GI05MOAS,GL006,FLORD
GI05MOAS-GL006-01-FLORDM000,flord_m_scat_seawater,flord_m_scat_seawater,,,AUX,m-1,GI05MOAS,GL006,FLORD
GI05MOAS-GL006-01-FLORDM000,time,time,,,ENG,seconds since 1900-01-01,GI05MOAS,GL006,FLORD
GI05MOAS-GL006-01-FLORDM000,ingestion_timestamp,ingestion_timestamp,,,ENG,seconds since 1900-01-01,GI05MOAS,GL006,FLORD
GI05MOAS-GL006-02-DOSTAM000,driver_timestamp,driver_timestamp,,,ENG,seconds since 1900-01-01,GI05MOAS,GL006,DOSTA
GI05MOAS-GL006-02-DOSTAM000,internal_timestamp,internal_timestamp,,,ENG,seconds since 1900-01-01,GI05MOAS,GL006,DOSTA
GI05MOAS-GL006-02-DOSTAM000,m_present_secs_into_mission,m_present_secs_into_mission,,,ENG,s,GI05MOAS,GL006,DOSTA
GI05MOAS-GL006-02-DOSTAM000,m_present_time,m_present_time,,,AUX,seconds since 1970-01-01,GI05MOAS,GL006,DOSTA
GI05MOAS-GL006-02-DOSTAM000,sci_m_present_secs_into_mission,sci_m_present_secs_into_mission,,,,s,GI05MOAS,GL006,DOSTA
GI05MOAS-GL006-02-DOSTAM000,sci_m_present_time,sci_m_present_time,,,,seconds since 1970-01-01,GI05MOAS,GL006,DOSTA
GI05MOAS-GL006-02-DOSTAM000,sci_oxy4_c1amp,sci_oxy4_c1amp,,,,mV,GI05MOAS,GL006,DOSTA
GI05MOAS-GL006-02-DOSTAM000,sci_oxy4_c1rph,sci_oxy4_c1rph,,,,degrees,GI05MOAS,GL006,DOSTA
GI05MOAS-GL006-02-DOSTAM000,sci_oxy4_c2amp,sci_oxy4_c2amp,,,,mV,GI05MOAS,GL006,DOSTA
GI05MOAS-GL006-02-DOSTAM000,sci_oxy4_c2rph,sci_oxy4_c2rph,,,,degrees,GI05MOAS,GL006,DOSTA
GI05MOAS-GL006-02-DOSTAM000,sci_oxy4_calphase,sci_oxy4_calphase,,,L0,degrees,GI05MOAS,GL006,DOSTA
GI05MOAS-GL006-02-DOSTAM000,sci_oxy4_oxygen,sci_oxy4_oxygen,0,400,L1,umol L-1,GI05MOAS,GL006,DOSTA
GI05MOAS-GL006-02-DOSTAM000,sci_oxy4_rawtemp,sci_oxy4_rawtemp,,,,mV,GI05MOAS,GL006,DOSTA
GI05MOAS-GL006-02-DOSTAM000,sci_oxy4_saturation,sci_oxy4_saturation,,,,percent,GI05MOAS,GL006,DOSTA
GI05MOAS-GL006-02-DOSTAM000,sci_oxy4_tcphase,sci_oxy4_tcphase,,,,degrees,GI05MOAS,GL006,DOSTA
GI05MOAS-GL006-02-DOSTAM000,sci_oxy4_temp,sci_oxy4_temp,,,,deg_C,GI05MOAS,GL006,DOSTA
GI05MOAS-GL006-02-DOSTAM000,sci_oxy4_timestamp,sci_oxy4_timestamp,,,,1,GI05MOAS,GL006,DOSTA
GI05MOAS-GL006-02-DOSTAM000,sci_water_cond,sci_water_cond,0,6,L1,S m-1,GI05MOAS,GL006,DOSTA
GI05MOAS-GL006-02-DOSTAM000,sci_water_pressure,sci_water_pressure,0,6000,L1,dbar,GI05MOAS,GL006,DOSTA
GI05MOAS-GL006-02-DOSTAM000,sci_water_temp,sci_water_temp,-2,40,L1,deg_C,GI05MOAS,GL006,DOSTA
GI05MOAS-GL006-02-DOSTAM000,preferred_timestamp,preferred_timestamp,,,ENG,1,GI05MOAS,GL006,DOSTA
GI05MOAS-GL006-02-DOSTAM000,sci_abs_oxygen,sci_abs_oxygen,0,400,L2,umol kg-1,GI05MOAS,GL006,DOSTA
GI05MOAS-GL006-02-DOSTAM000,time,time,,,ENG,seconds since 1900-01-01,GI05MOAS,GL006,DOSTA
GI05MOAS-GL006-02-DOSTAM000,ingestion_timestamp,ingestion_timestamp,,,ENG,seconds since 1900-01-01,GI05MOAS,GL006,DOSTA
GI05MOAS-GL006-04-CTDGVM000,driver_timestamp,driver_timestamp,,,ENG,seconds since 1900-01-01,GI05MOAS,GL006,CTDGV
GI05MOAS-GL006-04-CTDGVM000,internal_timestamp,internal_timestamp,,,ENG,seconds since 1900-01-01,GI05MOAS,GL006,CTDGV
GI05MOAS-GL006-04-CTDGVM000,m_present_secs_into_mission,m_present_secs_into_mission,,,ENG,s,GI05MOAS,GL006,CTDGV
GI05MOAS-GL006-04-CTDGVM000,m_present_time,m_present_time,,,AUX,seconds since 1970-01-01,GI05MOAS,GL006,CTDGV
GI05MOAS-GL006-04-CTDGVM000,sci_ctd41cp_timestamp,sci_ctd41cp_timestamp,,,,seconds since 1970-01-01,GI05MOAS,GL006,CTDGV
GI05MOAS-GL006-04-CTDGVM000,sci_m_present_secs_into_mission,sci_m_present_secs_into_mission,,,,s,GI05MOAS,GL006,CTDGV
GI05MOAS-GL006-04-CTDGVM000,sci_m_present_time,sci_m_present_time,,,,seconds since 1970-01-01,GI05MOAS,GL006,CTDGV
GI05MOAS-GL006-04-CTDGVM000,sci_water_cond,sci_water_cond,0,6,L1,S m-1,GI05MOAS,GL006,CTDGV
GI05MOAS-GL006-04-CTDGVM000,sci_water_pressure,sci_water_pressure,0,6000,L1,dbar,GI05MOAS,GL006,CTDGV
GI05MOAS-GL006-04-CTDGVM000,sci_water_temp,sci_water_temp,-2,40,L1,deg_C,GI05MOAS,GL006,CTDGV
GI05MOAS-GL006-04-CTDGVM000,sci_water_pracsal,sci_water_pracsal,0,42,L2,1,GI05MOAS,GL006,CTDGV
GI05MOAS-GL006-04-CTDGVM000,preferred_timestamp,preferred_timestamp,,,ENG,1,GI05MOAS,GL006,CTDGV
GI05MOAS-GL006-04-CTDGVM000,sci_seawater_density,sci_seawater_density,1000,1100,L2,kg m-3,GI05MOAS,GL006,CTDGV
GI05MOAS-GL006-04-CTDGVM000,time,time,,,ENG,seconds since 1900-01-01,GI05MOAS,GL006,CTDGV
GI05MOAS-GL006-04-CTDGVM000,ingestion_timestamp,ingestion_timestamp,,,ENG,seconds since 1900-01-01,GI05MOAS,GL006,CTDGV
GI05MOAS-PG001-01-CTDGVM000,driver_timestamp,driver_timestamp,,,ENG,seconds since 1900-01-01,GI05MOAS,PG001,CTDGV
GI05MOAS-PG001-01-CTDGVM000,internal_timestamp,internal_timestamp,,,ENG,seconds since 1900-01-01,GI05MOAS,PG001,CTDGV
GI05MOAS-PG001-01-CTDGVM000,m_present_secs_into_mission,m_present_secs_into_mission,,,ENG,s,GI05MOAS,PG001,CTDGV
GI05MOAS-PG001-01-CTDGVM000,m_present_time,m_present_time,,,AUX,seconds since 1970-01-01,GI05MOAS,PG001,CTDGV
GI05MOAS-PG001-01-CTDGVM000,sci_ctd41cp_timestamp,sci_ctd41cp_timestamp,,,,seconds since 1970-01-01,GI05MOAS,PG001,CTDGV
GI05MOAS-PG001-01-CTDGVM000,sci_m_present_secs_into_mission,sci_m_present_secs_into_mission,,,,s,GI05MOAS,PG001,CTDGV
GI05MOAS-PG001-01-CTDGVM000,sci_m_present_time,sci_m_present_time,,,,seconds since 1970-01-01,GI05MOAS,PG001,CTDGV
GI05MOAS-PG001-01-CTDGVM000,sci_water_cond,sci_water_cond,0,6,L1,S m-1,GI05MOAS,PG001,CTDGV
GI05MOAS-PG001-01-CTDGVM000,sci_water_pressure,sci_water_pressure,0,6000,L1,dbar,GI05MOAS,PG001,CTDGV
GI05MOAS-PG001-01-CTDGVM000,sci_water_temp,sci_water_temp,-2,40,L1,deg_C,GI05MOAS,PG001,CTDGV
GI05MOAS-PG001-01-CTDGVM000,sci_water_pracsal,sci_water_pracsal,0,42,L2,1,GI05MOAS,PG001,CTDGV
GI05MOAS-PG001-01-CTDGVM000,preferred_timestamp,preferred_timestamp,,,ENG,1,GI05MOAS,PG001,CTDGV
GI05MOAS-PG001-01-CTDGVM000,sci_seawater_density,sci_seawater_density,1000,1100,L2,kg m-3,GI05MOAS,PG001,CTDGV
GI05MOAS-PG001-01-CTDGVM000,time,time,,,ENG,seconds since 1900-01-01,GI05MOAS,PG001,CTDGV
GI05MOAS-PG001-01-CTDGVM000,ingestion_timestamp,ingestion_timestamp,,,ENG,seconds since 1900-01-01,GI05MOAS,PG001,CTDGV
GI05MOAS-PG001-02-DOSTAM000,driver_timestamp,driver_timestamp,,,ENG,seconds since 1900-01-01,GI05MOAS,PG001,DOSTA
GI05MOAS-PG001-02-DOSTAM000,internal_timestamp,internal_timestamp,,,ENG,seconds since 1900-01-01,GI05MOAS,PG001,DOSTA
GI05MOAS-PG001-02-DOSTAM000,m_present_secs_into_mission,m_present_secs_into_mission,,,ENG,s,GI05MOAS,PG001,DOSTA
GI05MOAS-PG001-02-DOSTAM000,m_present_time,m_present_time,,,AUX,seconds since 1970-01-01,GI05MOAS,PG001,DOSTA
GI05MOAS-PG001-02-DOSTAM000,sci_m_present_secs_into_mission,sci_m_present_secs_into_mission,,,,s,GI05MOAS,PG001,DOSTA
GI05MOAS-PG001-02-DOSTAM000,sci_m_present_time,sci_m_present_time,,,,seconds since 1970-01-01,GI05MOAS,PG001,DOSTA
GI05MOAS-PG001-02-DOSTAM000,sci_oxy4_c1amp,sci_oxy4_c1amp,,,,mV,GI05MOAS,PG001,DOSTA
GI05MOAS-PG001-02-DOSTAM000,sci_oxy4_c1rph,sci_oxy4_c1rph,,,,degrees,GI05MOAS,PG001,DOSTA
GI05MOAS-PG001-02-DOSTAM000,sci_oxy4_c2amp,sci_oxy4_c2amp,,,,mV,GI05MOAS,PG001,DOSTA
GI05MOAS-PG001-02-DOSTAM000,sci_oxy4_c2rph,sci_oxy4_c2rph,,,,degrees,GI05MOAS,PG001,DOSTA
GI05MOAS-PG001-02-DOSTAM000,sci_oxy4_calphase,sci_oxy4_calphase,,,L0,degrees,GI05MOAS,PG001,DOSTA
GI05MOAS-PG001-02-DOSTAM000,sci_oxy4_oxygen,sci_oxy4_oxygen,0,400,L1,umol L-1,GI05MOAS,PG001,DOSTA
GI05MOAS-PG001-02-DOSTAM000,sci_oxy4_rawtemp,sci_oxy4_rawtemp,,,,mV,GI05MOAS,PG001,DOSTA
GI05MOAS-PG001-02-DOSTAM000,sci_oxy4_saturation,sci_oxy4_saturation,,,,percent,GI05MOAS,PG001,DOSTA
GI05MOAS-PG001-02-DOSTAM000,sci_oxy4_tcphase,sci_oxy4_tcphase,,,,degrees,GI05MOAS,PG001,DOSTA
GI05MOAS-PG001-02-DOSTAM000,sci_oxy4_temp,sci_oxy4_temp,,,,deg_C,GI05MOAS,PG001,DOSTA
GI05MOAS-PG001-02-DOSTAM000,sci_oxy4_timestamp,sci_oxy4_timestamp,,,,1,GI05MOAS,PG001,DOSTA
GI05MOAS-PG001-02-DOSTAM000,sci_water_cond,sci_water_cond,0,6,L1,S m-1,GI05MOAS,PG001,DOSTA
GI05MOAS-PG001-02-DOSTAM000,sci_water_pressure,sci_water_pressure,0,6000,L1,dbar,GI05MOAS,PG001,DOSTA
GI05MOAS-PG001-02-DOSTAM000,sci_water_temp,sci_water_temp,-2,40,L1,deg_C,GI05MOAS,PG001,DOSTA
GI05MOAS-PG001-02-DOSTAM000,preferred_timestamp,preferred_timestamp,,,ENG,1,GI05MOAS,PG001,DOSTA
GI05MOAS-PG001-02-DOSTAM000,sci_abs_oxygen,sci_abs_oxygen,0,400,L2,umol kg-1,GI05MOAS,PG001,DOSTA
GI05MOAS-PG001-02-DOSTAM000,time,time,,,ENG,seconds since 1900-01-01,GI05MOAS,PG001,DOSTA
GI05MOAS-PG001-02-DOSTAM000,ingestion_timestamp,ingestion_timestamp,,,ENG,seconds since 1900-01-01,GI05MOAS,PG001,DOSTA
GI05MOAS-PG001-03-FLORTM000,driver_timestamp,driver_timestamp,,,ENG,seconds since 1900-01-01,GI05MOAS,PG001,FLORT
GI05MOAS-PG001-03-FLORTM000,internal_timestamp,internal_timestamp,,,ENG,seconds since 1900-01-01,GI05MOAS,PG001,FLORT
GI05MOAS-PG001-03-FLORTM000,m_present_secs_into_mission,m_present_secs_into_mission,,,ENG,s,GI05MOAS,PG001,FLORT
GI05MOAS-PG001-03-FLORTM000,m_present_time,m_present_time,,,AUX,seconds since 1970-01-01,GI05MOAS,PG001,FLORT
GI05MOAS-PG001-03-FLORTM000,sci_flbbcd_bb_ref,sci_flbbcd_bb_ref,,,,nm,GI05MOAS,PG001,FLORT
GI05MOAS-PG001-03-FLORTM000,sci_flbbcd_bb_sig,sci_flbbcd_bb_sig,,,,counts,GI05MOAS,PG001,FLORT
GI05MOAS-PG001-03-FLORTM000,sci_flbbcd_bb_units,sci_flbbcd_bb_units,,,L1,m-1 sr-1,GI05MOAS,PG001,FLORT
GI05MOAS-PG001-03-FLORTM000,sci_flbbcd_cdom_ref,sci_flbbcd_cdom_ref,,,,nm,GI05MOAS,PG001,FLORT
GI05MOAS-PG001-03-FLORTM000,sci_flbbcd_cdom_sig,sci_flbbcd_cdom_sig,,,,counts,GI05MOAS,PG001,FLORT
GI05MOAS-PG001-03-FLORTM000,sci_flbbcd_cdom_units,sci_flbbcd_cdom_units,0,375,L1,ppb,GI05MOAS,PG001,FLORT
GI05MOAS-PG001-03-FLORTM000,sci_flbbcd_chlor_ref,sci_flbbcd_chlor_ref,,,,nm,GI05MOAS,PG001,FLORT
GI05MOAS-PG001-03-FLORTM000,sci_flbbcd_chlor_sig,sci_flbbcd_chlor_sig,,,,counts,GI05MOAS,PG001,FLORT
GI05MOAS-PG001-03-FLORTM000,sci_flbbcd_chlor_units,sci_flbbcd_chlor_units,0,50,L1,ug L-1,GI05MOAS,PG001,FLORT
GI05MOAS-PG001-03-FLORTM000,sci_flbbcd_therm,sci_flbbcd_therm,,,ENG,1,GI05MOAS,PG001,FLORT
GI05MOAS-PG001-03-FLORTM000,sci_flbbcd_timestamp,sci_flbbcd_timestamp,,,ENG,seconds since 1970-01-01,GI05MOAS,PG001,FLORT
GI05MOAS-PG001-03-FLORTM000,sci_m_present_secs_into_mission,sci_m_present_secs_into_mission,,,,s,GI05MOAS,PG001,FLORT
GI05MOAS-PG001-03-FLORTM000,sci_m_present_time,sci_m_present_time,,,,seconds since 1970-01-01,GI05MOAS,PG001,FLORT
GI05MOAS-PG001-03-FLORTM000,preferred_timestamp,preferred_timestamp,,,ENG,1,GI05MOAS,PG001,FLORT
GI05MOAS-PG001-03-FLORTM000,flort_m_bback_total,flort_m_bback_total,0.0003,1,L2,m-1,GI05MOAS,PG001,FLORT
GI05MOAS-PG001-03-FLORTM000,flort_m_scat_seawater,flort_m_scat_seawater,,,AUX,m-1,GI05MOAS,PG001,FLORT
GI05MOAS-PG001-03-FLORTM000,time,time,,,ENG,seconds since 1900-01-01,GI05MOAS,PG001,FLORT
GI05MOAS-PG001-03-FLORTM000,ingestion_timestamp,ingestion_timestamp,,,ENG,seconds since 1900-01-01,GI05MOAS,PG001,FLORT
GI05MOAS-PG001-04-FLORTO000,driver_timestamp,driver_timestamp,,,ENG,seconds since 1900-01-01,GI05MOAS,PG001,FLORT
GI05MOAS-PG001-04-FLORTO000,internal_timestamp,internal_timestamp,,,ENG,seconds since 1900-01-01,GI05MOAS,PG001,FLORT
GI05MOAS-PG001-04-FLORTO000,m_present_secs_into_mission,m_present_secs_into_mission,,,ENG,s,GI05MOAS,PG001,FLORT
GI05MOAS-PG001-04-FLORTO000,m_present_time,m_present_time,,,AUX,seconds since 1970-01-01,GI05MOAS,PG001,FLORT
GI05MOAS-PG001-04-FLORTO000,sci_flbbcd_bb_ref,sci_flbbcd_bb_ref,,,,nm,GI05MOAS,PG001,FLORT
GI05MOAS-PG001-04-FLORTO000,sci_flbbcd_bb_sig,sci_flbbcd_bb_sig,,,,counts,GI05MOAS,PG001,FLORT
GI05MOAS-PG001-04-FLORTO000,sci_flbbcd_bb_units,sci_flbbcd_bb_units,,,L1,m-1 sr-1,GI05MOAS,PG001,FLORT
GI05MOAS-PG001-04-FLORTO000,sci_flbbcd_cdom_ref,sci_flbbcd_cdom_ref,,,,nm,GI05MOAS,PG001,FLORT
GI05MOAS-PG001-04-FLORTO000,sci_flbbcd_cdom_sig,sci_flbbcd_cdom_sig,,,,counts,GI05MOAS,PG001,FLORT
GI05MOAS-PG001-04-FLORTO000,sci_flbbcd_cdom_units,sci_flbbcd_cdom_units,0,375,L1,ppb,GI05MOAS,PG001,FLORT
GI05MOAS-PG001-04-FLORTO000,sci_flbbcd_chlor_ref,sci_flbbcd_chlor_ref,,,,nm,GI05MOAS,PG001,FLORT
GI05MOAS-PG001-04-FLORTO000,sci_flbbcd_chlor_sig,sci_flbbcd_chlor_sig,,,,counts,GI05MOAS,PG001,FLORT
GI05MOAS-PG001-04-FLORTO000,sci_flbbcd_chlor_units,sci_flbbcd_chlor_units,0,50,L1,ug L-1,GI05MOAS,PG001,FLORT
GI05MOAS-PG001-04-FLORTO000,sci_flbbcd_therm,sci_flbbcd_therm,,,ENG,1,GI05MOAS,PG001,FLORT
GI05MOAS-PG001-04-FLORTO000,sci_flbbcd_timestamp,sci_flbbcd_timestamp,,,ENG,seconds since 1970-01-01,GI05MOAS,PG001,FLORT
GI05MOAS-PG001-04-FLORTO000,sci_m_present_secs_into_mission,sci_m_present_secs_into_mission,,,,s,GI05MOAS,PG001,FLORT
GI05MOAS-PG001-04-FLORTO000,sci_m_present_time,sci_m_present_time,,,,seconds since 1970-01-01,GI05MOAS,PG001,FLORT
GI05MOAS-PG001-04-FLORTO000,preferred_timestamp,preferred_timestamp,,,ENG,1,GI05MOAS,PG001,FLORT
GI05MOAS-PG001-04-FLORTO000,flort_m_bback_total,flort_m_bback_total,0.0003,1,L2,m-1,GI05MOAS,PG001,FLORT
GI05MOAS-PG001-04-FLORTO000,flort_m_scat_seawater,flort_m_scat_seawater,,,AUX,m-1,GI05MOAS,PG001,FLORT
GI05MOAS-PG001-04-FLORTO000,time,time,,,ENG,seconds since 1900-01-01,GI05MOAS,PG001,FLORT
GI05MOAS-PG001-04-FLORTO000,ingestion_timestamp,ingestion_timestamp,,,ENG,seconds since 1900-01-01,GI05MOAS,PG001,FLORT
GI05MOAS-PG001-05-NUTNRM000,driver_timestamp,driver_timestamp,,,ENG,seconds since 1900-01-01,GI05MOAS,PG001,NUTNR
GI05MOAS-PG001-05-NUTNRM000,internal_timestamp,internal_timestamp,,,ENG,seconds since 1900-01-01,GI05MOAS,PG001,NUTNR
GI05MOAS-PG001-05-NUTNRM000,m_present_secs_into_mission,m_present_secs_into_mission,,,ENG,s,GI05MOAS,PG001,NUTNR
GI05MOAS-PG001-05-NUTNRM000,m_present_time,m_present_time,,,AUX,seconds since 1970-01-01,GI05MOAS,PG001,NUTNR
GI05MOAS-PG001-05-NUTNRM000,sci_m_present_secs_into_mission,sci_m_present_secs_into_mission,,,,s,GI05MOAS,PG001,NUTNR
GI05MOAS-PG001-05-NUTNRM000,sci_m_present_time,sci_m_present_time,,,,seconds since 1970-01-01,GI05MOAS,PG001,NUTNR
GI05MOAS-PG001-05-NUTNRM000,preferred_timestamp,preferred_timestamp,,,ENG,1,GI05MOAS,PG001,NUTNR
GI05MOAS-PG001-05-NUTNRM000,nutnr_nitrogen_in_nitrate,nutnr_nitrogen_in_nitrate,,,,mg/L,GI05MOAS,PG001,NUTNR
GI05MOAS-PG001-05-NUTNRM000,nutnr_absorbance_at_254_nm,nutnr_absorbance_at_254_nm,,,,1,GI05MOAS,PG001,NUTNR
GI05MOAS-PG001-05-NUTNRM000,nutnr_absorbance_at_350_nm,nutnr_absorbance_at_350_nm,,,,1,GI05MOAS,PG001,NUTNR
GI05MOAS-PG001-05-NUTNRM000,nutnr_bromide_trace,nutnr_bromide_trace,,,,mg/L,GI05MOAS,PG001,NUTNR
GI05MOAS-PG001-05-NUTNRM000,nutnr_spectrum_average,nutnr_spectrum_average,,,,1,GI05MOAS,PG001,NUTNR
GI05MOAS-PG001-05-NUTNRM000,nutnr_dark_value_used_for_fit,nutnr_dark_value_used_for_fit,,,AUX,1,GI05MOAS,PG001,NUTNR
GI05MOAS-PG001-05-NUTNRM000,nutnr_integration_time_factor,nutnr_integration_time_factor,,,,1,GI05MOAS,PG001,NUTNR
GI05MOAS-PG001-05-NUTNRM000,nutnr_fit_rmse,nutnr_fit_rmse,,,AUX,1,GI05MOAS,PG001,NUTNR
GI05MOAS-PG001-05-NUTNRM000,year,year,,,,year,GI05MOAS,PG001,NUTNR
GI05MOAS-PG001-05-NUTNRM000,day_of_year,day_of_year,,,,1,GI05MOAS,PG001,NUTNR
GI05MOAS-PG001-05-NUTNRM000,ctd_time_uint32,ctd_time_uint32,,,,seconds since 1970-01-01,GI05MOAS,PG001,NUTNR
GI05MOAS-PG001-05-NUTNRM000,ctd_psu,ctd_psu,,,AUX,(unitless),GI05MOAS,PG001,NUTNR
GI05MOAS-PG001-05-NUTNRM000,ctd_temp,ctd_temp,,,AUX,deg_C,GI05MOAS,PG001,NUTNR
GI05MOAS-PG001-05-NUTNRM000,ctd_dbar,ctd_dbar,,,AUX,dbar,GI05MOAS,PG001,NUTNR
GI05MOAS-PG001-05-NUTNRM000,frame_type,frame_type,,,,1,GI05MOAS,PG001,NUTNR
GI05MOAS-PG001-05-NUTNRM000,serial_number,serial_number,,,ENG,1,GI05MOAS,PG001,NUTNR
GI05MOAS-PG001-05-NUTNRM000,time_of_sample,time_of_sample,,,AUX,h,GI05MOAS,PG001,NUTNR
GI05MOAS-PG001-05-NUTNRM000,nitrate_concentration,nitrate_concentration,0,40,L1,umol L-1,GI05MOAS,PG001,NUTNR
GI05MOAS-PG001-05-NUTNRM000,temp_spectrometer,temp_spectrometer,,,AUX,deg_C,GI05MOAS,PG001,NUTNR
GI05MOAS-PG001-05-NUTNRM000,temp_lamp,temp_lamp,,,AUX,deg_C,GI05MOAS,PG001,NUTNR
GI05MOAS-PG001-05-NUTNRM000,humidity,humidity,,,AUX,%,GI05MOAS,PG001,NUTNR
GI05MOAS-PG001-05-NUTNRM000,spectral_channels,spectral_channels,,,L0,counts,GI05MOAS,PG001,NUTNR
GI05MOAS-PG001-05-NUTNRM000,sci_suna_timestamp,sci_suna_timestamp,,,,seconds since 1970-01-01,GI05MOAS,PG001,NUTNR
GI05MOAS-PG001-05-NUTNRM000,sci_suna_record_offset,sci_suna_record_offset,,,,B,GI05MOAS,PG001,NUTNR
GI05MOAS-PG001-05-NUTNRM000,sci_suna_nitrate_um,sci_suna_nitrate_um,0,40,L1,umol L-1,GI05MOAS,PG001,NUTNR
GI05MOAS-PG001-05-NUTNRM000,sci_suna_nitrate_mg,sci_suna_nitrate_mg,,,L1,mg L-1,GI05MOAS,PG001,NUTNR
GI05MOAS-PG001-05-NUTNRM000,nutnr_m_temp_sal_corrected_nitrate,nutnr_m_temp_sal_corrected_nitrate,0,40,L2,umol L-1,GI05MOAS,PG001,NUTNR
GI05MOAS-PG001-05-NUTNRM000,dark_frame_spectral_channels,dark_frame_spectral_channels,,,AUX,counts,GI05MOAS,PG001,NUTNR
GI05MOAS-PG001-05-NUTNRM000,time,time,,,ENG,seconds since 1900-01-01,GI05MOAS,PG001,NUTNR
GI05MOAS-PG001-05-NUTNRM000,ingestion_timestamp,ingestion_timestamp,,,ENG,seconds since 1900-01-01,GI05MOAS,PG001,NUTNR
GI05MOAS-PG001-06-PARADM000,driver_timestamp,driver_timestamp,,,ENG,seconds since 1900-01-01,GI05MOAS,PG001,PARAD
GI05MOAS-PG001-06-PARADM000,internal_timestamp,internal_timestamp,,,ENG,seconds since 1900-01-01,GI05MOAS,PG001,PARAD
GI05MOAS-PG001-06-PARADM000,m_present_secs_into_mission,m_present_secs_into_mission,,,ENG,s,GI05MOAS,PG001,PARAD
GI05MOAS-PG001-06-PARADM000,m_present_time,m_present_time,,,AUX,seconds since 1970-01-01,GI05MOAS,PG001,PARAD
GI05MOAS-PG001-06-PARADM000,sci_bsipar_par,sci_bsipar_par,0,2500,L1,umol photons m-2 s-1,GI05MOAS,PG001,PARAD
GI05MOAS-PG001-06-PARADM000,sci_bsipar_sensor_volts,sci_bsipar_sensor_volts,,,L0,V,GI05MOAS,PG001,PARAD
GI05MOAS-PG001-06-PARADM000,sci_bsipar_supply_volts,sci_bsipar_supply_volts,,,,V,GI05MOAS,PG001,PARAD
GI05MOAS-PG001-06-PARADM000,sci_bsipar_temp,sci_bsipar_temp,,,,deg_C,GI05MOAS,PG001,PARAD
GI05MOAS-PG001-06-PARADM000,sci_m_present_secs_into_mission,sci_m_present_secs_into_mission,,,,s,GI05MOAS,PG001,PARAD
GI05MOAS-PG001-06-PARADM000,sci_m_present_time,sci_m_present_time,,,,seconds since 1970-01-01,GI05MOAS,PG001,PARAD
GI05MOAS-PG001-06-PARADM000,preferred_timestamp,preferred_timestamp,,,ENG,1,GI05MOAS,PG001,PARAD
GI05MOAS-PG001-06-PARADM000,time,time,,,ENG,seconds since 1900-01-01,GI05MOAS,PG001,PARAD
GI05MOAS-PG001-06-PARADM000,ingestion_timestamp,ingestion_timestamp,,,ENG,seconds since 1900-01-01,GI05MOAS,PG001,PARAD
GI05MOAS-PG002-01-CTDGVM000,driver_timestamp,driver_timestamp,,,ENG,seconds since 1900-01-01,GI05MOAS,PG002,CTDGV
GI05MOAS-PG002-01-CTDGVM000,internal_timestamp,internal_timestamp,,,ENG,seconds since 1900-01-01,GI05MOAS,PG002,CTDGV
GI05MOAS-PG002-01-CTDGVM000,m_present_secs_into_mission,m_present_secs_into_mission,,,ENG,s,GI05MOAS,PG002,CTDGV
GI05MOAS-PG002-01-CTDGVM000,m_present_time,m_present_time,,,AUX,seconds since 1970-01-01,GI05MOAS,PG002,CTDGV
GI05MOAS-PG002-01-CTDGVM000,sci_ctd41cp_timestamp,sci_ctd41cp_timestamp,,,,seconds since 1970-01-01,GI05MOAS,PG002,CTDGV
GI05MOAS-PG002-01-CTDGVM000,sci_m_present_secs_into_mission,sci_m_present_secs_into_mission,,,,s,GI05MOAS,PG002,CTDGV
GI05MOAS-PG002-01-CTDGVM000,sci_m_present_time,sci_m_present_time,,,,seconds since 1970-01-01,GI05MOAS,PG002,CTDGV
GI05MOAS-PG002-01-CTDGVM000,sci_water_cond,sci_water_cond,0,6,L1,S m-1,GI05MOAS,PG002,CTDGV
GI05MOAS-PG002-01-CTDGVM000,sci_water_pressure,sci_water_pressure,0,6000,L1,dbar,GI05MOAS,PG002,CTDGV
GI05MOAS-PG002-01-CTDGVM000,sci_water_temp,sci_water_temp,-2,40,L1,deg_C,GI05MOAS,PG002,CTDGV
GI05MOAS-PG002-01-CTDGVM000,sci_water_pracsal,sci_water_pracsal,0,42,L2,1,GI05MOAS,PG002,CTDGV
GI05MOAS-PG002-01-CTDGVM000,preferred_timestamp,preferred_timestamp,,,ENG,1,GI05MOAS,PG002,CTDGV
GI05MOAS-PG002-01-CTDGVM000,sci_seawater_density,sci_seawater_density,1000,1100,L2,kg m-3,GI05MOAS,PG002,CTDGV
GI05MOAS-PG002-01-CTDGVM000,time,time,,,ENG,seconds since 1900-01-01,GI05MOAS,PG002,CTDGV
GI05MOAS-PG002-01-CTDGVM000,ingestion_timestamp,ingestion_timestamp,,,ENG,seconds since 1900-01-01,GI05MOAS,PG002,CTDGV
GI05MOAS-PG002-02-DOSTAM000,driver_timestamp,driver_timestamp,,,ENG,seconds since 1900-01-01,GI05MOAS,PG002,DOSTA
GI05MOAS-PG002-02-DOSTAM000,internal_timestamp,internal_timestamp,,,ENG,seconds since 1900-01-01,GI05MOAS,PG002,DOSTA
GI05MOAS-PG002-02-DOSTAM000,m_present_secs_into_mission,m_present_secs_into_mission,,,ENG,s,GI05MOAS,PG002,DOSTA
GI05MOAS-PG002-02-DOSTAM000,m_present_time,m_present_time,,,AUX,seconds since 1970-01-01,GI05MOAS,PG002,DOSTA
GI05MOAS-PG002-02-DOSTAM000,sci_m_present_secs_into_mission,sci_m_present_secs_into_mission,,,,s,GI05MOAS,PG002,DOSTA
GI05MOAS-PG002-02-DOSTAM000,sci_m_present_time,sci_m_present_time,,,,seconds since 1970-01-01,GI05MOAS,PG002,DOSTA
GI05MOAS-PG002-02-DOSTAM000,sci_oxy4_c1amp,sci_oxy4_c1amp,,,,mV,GI05MOAS,PG002,DOSTA
GI05MOAS-PG002-02-DOSTAM000,sci_oxy4_c1rph,sci_oxy4_c1rph,,,,degrees,GI05MOAS,PG002,DOSTA
GI05MOAS-PG002-02-DOSTAM000,sci_oxy4_c2amp,sci_oxy4_c2amp,,,,mV,GI05MOAS,PG002,DOSTA
GI05MOAS-PG002-02-DOSTAM000,sci_oxy4_c2rph,sci_oxy4_c2rph,,,,degrees,GI05MOAS,PG002,DOSTA
GI05MOAS-PG002-02-DOSTAM000,sci_oxy4_calphase,sci_oxy4_calphase,,,L0,degrees,GI05MOAS,PG002,DOSTA
GI05MOAS-PG002-02-DOSTAM000,sci_oxy4_oxygen,sci_oxy4_oxygen,0,400,L1,umol L-1,GI05MOAS,PG002,DOSTA
GI05MOAS-PG002-02-DOSTAM000,sci_oxy4_rawtemp,sci_oxy4_rawtemp,,,,mV,GI05MOAS,PG002,DOSTA
GI05MOAS-PG002-02-DOSTAM000,sci_oxy4_saturation,sci_oxy4_saturation,,,,percent,GI05MOAS,PG002,DOSTA
GI05MOAS-PG002-02-DOSTAM000,sci_oxy4_tcphase,sci_oxy4_tcphase,,,,degrees,GI05MOAS,PG002,DOSTA
GI05MOAS-PG002-02-DOSTAM000,sci_oxy4_temp,sci_oxy4_temp,,,,deg_C,GI05MOAS,PG002,DOSTA
GI05MOAS-PG002-02-DOSTAM000,sci_oxy4_timestamp,sci_oxy4_timestamp,,,,1,GI05MOAS,PG002,DOSTA
GI05MOAS-PG002-02-DOSTAM000,sci_water_cond,sci_water_cond,0,6,L1,S m-1,GI05MOAS,PG002,DOSTA
GI05MOAS-PG002-02-DOSTAM000,sci_water_pressure,sci_water_pressure,0,6000,L1,dbar,GI05MOAS,PG002,DOSTA
GI05MOAS-PG002-02-DOSTAM000,sci_water_temp,sci_water_temp,-2,40,L1,deg_C,GI05MOAS,PG002,DOSTA
GI05MOAS-PG002-02-DOSTAM000,preferred_timestamp,preferred_timestamp,,,ENG,1,GI05MOAS,PG002,DOSTA
GI05MOAS-PG002-02-DOSTAM000,sci_abs_oxygen,sci_abs_oxygen,0,400,L2,umol kg-1,GI05MOAS,PG002,DOSTA
GI05MOAS-PG002-02-DOSTAM000,time,time,,,ENG,seconds since 1900-01-01,GI05MOAS,PG002,DOSTA
GI05MOAS-PG002-02-DOSTAM000,ingestion_timestamp,ingestion_timestamp,,,ENG,seconds since 1900-01-01,GI05MOAS,PG002,DOSTA
GI05MOAS-PG002-03-FLORTM000,driver_timestamp,driver_timestamp,,,ENG,seconds since 1900-01-01,GI05MOAS,PG002,FLORT
GI05MOAS-PG002-03-FLORTM000,internal_timestamp,internal_timestamp,,,ENG,seconds since 1900-01-01,GI05MOAS,PG002,FLORT
GI05MOAS-PG002-03-FLORTM000,m_present_secs_into_mission,m_present_secs_into_mission,,,ENG,s,GI05MOAS,PG002,FLORT
GI05MOAS-PG002-03-FLORTM000,m_present_time,m_present_time,,,AUX,seconds since 1970-01-01,GI05MOAS,PG002,FLORT
GI05MOAS-PG002-03-FLORTM000,sci_flbbcd_bb_ref,sci_flbbcd_bb_ref,,,,nm,GI05MOAS,PG002,FLORT
GI05MOAS-PG002-03-FLORTM000,sci_flbbcd_bb_sig,sci_flbbcd_bb_sig,,,,counts,GI05MOAS,PG002,FLORT
GI05MOAS-PG002-03-FLORTM000,sci_flbbcd_bb_units,sci_flbbcd_bb_units,,,L1,m-1 sr-1,GI05MOAS,PG002,FLORT
GI05MOAS-PG002-03-FLORTM000,sci_flbbcd_cdom_ref,sci_flbbcd_cdom_ref,,,,nm,GI05MOAS,PG002,FLORT
GI05MOAS-PG002-03-FLORTM000,sci_flbbcd_cdom_sig,sci_flbbcd_cdom_sig,,,,counts,GI05MOAS,PG002,FLORT
GI05MOAS-PG002-03-FLORTM000,sci_flbbcd_cdom_units,sci_flbbcd_cdom_units,0,375,L1,ppb,GI05MOAS,PG002,FLORT
GI05MOAS-PG002-03-FLORTM000,sci_flbbcd_chlor_ref,sci_flbbcd_chlor_ref,,,,nm,GI05MOAS,PG002,FLORT
GI05MOAS-PG002-03-FLORTM000,sci_flbbcd_chlor_sig,sci_flbbcd_chlor_sig,,,,counts,GI05MOAS,PG002,FLORT
GI05MOAS-PG002-03-FLORTM000,sci_flbbcd_chlor_units,sci_flbbcd_chlor_units,0,50,L1,ug L-1,GI05MOAS,PG002,FLORT
GI05MOAS-PG002-03-FLORTM000,sci_flbbcd_therm,sci_flbbcd_therm,,,ENG,1,GI05MOAS,PG002,FLORT
GI05MOAS-PG002-03-FLORTM000,sci_flbbcd_timestamp,sci_flbbcd_timestamp,,,ENG,seconds since 1970-01-01,GI05MOAS,PG002,FLORT
GI05MOAS-PG002-03-FLORTM000,sci_m_present_secs_into_mission,sci_m_present_secs_into_mission,,,,s,GI05MOAS,PG002,FLORT
GI05MOAS-PG002-03-FLORTM000,sci_m_present_time,sci_m_present_time,,,,seconds since 1970-01-01,GI05MOAS,PG002,FLORT
GI05MOAS-PG002-03-FLORTM000,preferred_timestamp,preferred_timestamp,,,ENG,1,GI05MOAS,PG002,FLORT
GI05MOAS-PG002-03-FLORTM000,flort_m_bback_total,flort_m_bback_total,0.0003,1,L2,m-1,GI05MOAS,PG002,FLORT
GI05MOAS-PG002-03-FLORTM000,flort_m_scat_seawater,flort_m_scat_seawater,,,AUX,m-1,GI05MOAS,PG002,FLORT
GI05MOAS-PG002-03-FLORTM000,time,time,,,ENG,seconds since 1900-01-01,GI05MOAS,PG002,FLORT
GI05MOAS-PG002-03-FLORTM000,ingestion_timestamp,ingestion_timestamp,,,ENG,seconds since 1900-01-01,GI05MOAS,PG002,FLORT
GI05MOAS-PG002-04-FLORTO000,driver_timestamp,driver_timestamp,,,ENG,seconds since 1900-01-01,GI05MOAS,PG002,FLORT
GI05MOAS-PG002-04-FLORTO000,internal_timestamp,internal_timestamp,,,ENG,seconds since 1900-01-01,GI05MOAS,PG002,FLORT
GI05MOAS-PG002-04-FLORTO000,m_present_secs_into_mission,m_present_secs_into_mission,,,ENG,s,GI05MOAS,PG002,FLORT
GI05MOAS-PG002-04-FLORTO000,m_present_time,m_present_time,,,AUX,seconds since 1970-01-01,GI05MOAS,PG002,FLORT
GI05MOAS-PG002-04-FLORTO000,sci_flbbcd_bb_ref,sci_flbbcd_bb_ref,,,,nm,GI05MOAS,PG002,FLORT
GI05MOAS-PG002-04-FLORTO000,sci_flbbcd_bb_sig,sci_flbbcd_bb_sig,,,,counts,GI05MOAS,PG002,FLORT
GI05MOAS-PG002-04-FLORTO000,sci_flbbcd_bb_units,sci_flbbcd_bb_units,,,L1,m-1 sr-1,GI05MOAS,PG002,FLORT
GI05MOAS-PG002-04-FLORTO000,sci_flbbcd_cdom_ref,sci_flbbcd_cdom_ref,,,,nm,GI05MOAS,PG002,FLORT
GI05MOAS-PG002-04-FLORTO000,sci_flbbcd_cdom_sig,sci_flbbcd_cdom_sig,,,,counts,GI05MOAS,PG002,FLORT
GI05MOAS-PG002-04-FLORTO000,sci_flbbcd_cdom_units,sci_flbbcd_cdom_units,0,375,L1,ppb,GI05MOAS,PG002,FLORT
GI05MOAS-PG002-04-FLORTO000,sci_flbbcd_chlor_ref,sci_flbbcd_chlor_ref,,,,nm,GI05MOAS,PG002,FLORT
GI05MOAS-PG002-04-FLORTO000,sci_flbbcd_chlor_sig,sci_flbbcd_chlor_sig,,,,counts,GI05MOAS,PG002,FLORT
GI05MOAS-PG002-04-FLORTO000,sci_flbbcd_chlor_units,sci_flbbcd_chlor_units,0,50,L1,ug L-1,GI05MOAS,PG002,FLORT
GI05MOAS-PG002-04-FLORTO000,sci_flbbcd_therm,sci_flbbcd_therm,,,ENG,1,GI05MOAS,PG002,FLORT
GI05MOAS-PG002-04-FLORTO000,sci_flbbcd_timestamp,sci_flbbcd_timestamp,,,ENG,seconds since 1970-01-01,GI05MOAS,PG002,FLORT
GI05MOAS-PG002-04-FLORTO000,sci_m_present_secs_into_mission,sci_m_present_secs_into_mission,,,,s,GI05MOAS,PG002,FLORT
GI05MOAS-PG002-04-FLORTO000,sci_m_present_time,sci_m_present_time,,,,seconds since 1970-01-01,GI05MOAS,PG002,FLORT
GI05MOAS-PG002-04-FLORTO000,preferred_timestamp,preferred_timestamp,,,ENG,1,GI05MOAS,PG002,FLORT
GI05MOAS-PG002-04-FLORTO000,flort_m_bback_total,flort_m_bback_total,0.0003,1,L2,m-1,GI05MOAS,PG002,FLORT
GI05MOAS-PG002-04-FLORTO000,flort_m_scat_seawater,flort_m_scat_seawater,,,AUX,m-1,GI05MOAS,PG002,FLORT
GI05MOAS-PG002-04-FLORTO000,time,time,,,ENG,seconds since 1900-01-01,GI05MOAS,PG002,FLORT
GI05MOAS-PG002-04-FLORTO000,ingestion_timestamp,ingestion_timestamp,,,ENG,seconds since 1900-01-01,GI05MOAS,PG002,FLORT
GI05MOAS-PG002-05-NUTNRM000,driver_timestamp,driver_timestamp,,,ENG,seconds since 1900-01-01,GI05MOAS,PG002,NUTNR
GI05MOAS-PG002-05-NUTNRM000,internal_timestamp,internal_timestamp,,,ENG,seconds since 1900-01-01,GI05MOAS,PG002,NUTNR
GI05MOAS-PG002-05-NUTNRM000,m_present_secs_into_mission,m_present_secs_into_mission,,,ENG,s,GI05MOAS,PG002,NUTNR
GI05MOAS-PG002-05-NUTNRM000,m_present_time,m_present_time,,,AUX,seconds since 1970-01-01,GI05MOAS,PG002,NUTNR
GI05MOAS-PG002-05-NUTNRM000,sci_m_present_secs_into_mission,sci_m_present_secs_into_mission,,,,s,GI05MOAS,PG002,NUTNR
GI05MOAS-PG002-05-NUTNRM000,sci_m_present_time,sci_m_present_time,,,,seconds since 1970-01-01,GI05MOAS,PG002,NUTNR
GI05MOAS-PG002-05-NUTNRM000,preferred_timestamp,preferred_timestamp,,,ENG,1,GI05MOAS,PG002,NUTNR
GI05MOAS-PG002-05-NUTNRM000,nutnr_nitrogen_in_nitrate,nutnr_nitrogen_in_nitrate,,,,mg/L,GI05MOAS,PG002,NUTNR
GI05MOAS-PG002-05-NUTNRM000,nutnr_absorbance_at_254_nm,nutnr_absorbance_at_254_nm,,,,1,GI05MOAS,PG002,NUTNR
GI05MOAS-PG002-05-NUTNRM000,nutnr_absorbance_at_350_nm,nutnr_absorbance_at_350_nm,,,,1,GI05MOAS,PG002,NUTNR
GI05MOAS-PG002-05-NUTNRM000,nutnr_bromide_trace,nutnr_bromide_trace,,,,mg/L,GI05MOAS,PG002,NUTNR
GI05MOAS-PG002-05-NUTNRM000,nutnr_spectrum_average,nutnr_spectrum_average,,,,1,GI05MOAS,PG002,NUTNR
GI05MOAS-PG002-05-NUTNRM000,nutnr_dark_value_used_for_fit,nutnr_dark_value_used_for_fit,,,AUX,1,GI05MOAS,PG002,NUTNR
GI05MOAS-PG002-05-NUTNRM000,nutnr_integration_time_factor,nutnr_integration_time_factor,,,,1,GI05MOAS,PG002,NUTNR
GI05MOAS-PG002-05-NUTNRM000,nutnr_fit_rmse,nutnr_fit_rmse,,,AUX,1,GI05MOAS,PG002,NUTNR
GI05MOAS-PG002-05-NUTNRM000,year,year,,,,year,GI05MOAS,PG002,NUTNR
GI05MOAS-PG002-05-NUTNRM000,day_of_year,day_of_year,,,,1,GI05MOAS,PG002,NUTNR
GI05MOAS-PG002-05-NUTNRM000,ctd_time_uint32,ctd_time_uint32,,,,seconds since 1970-01-01,GI05MOAS,PG002,NUTNR
GI05MOAS-PG002-05-NUTNRM000,ctd_psu,ctd_psu,,,AUX,(unitless),GI05MOAS,PG002,NUTNR
GI05MOAS-PG002-05-NUTNRM000,ctd_temp,ctd_temp,,,AUX,deg_C,GI05MOAS,PG002,NUTNR
GI05MOAS-PG002-05-NUTNRM000,ctd_dbar,ctd_dbar,,,AUX,dbar,GI05MOAS,PG002,NUTNR
GI05MOAS-PG002-05-NUTNRM000,frame_type,frame_type,,,,1,GI05MOAS,PG002,NUTNR
GI05MOAS-PG002-05-NUTNRM000,serial_number,serial_number,,,ENG,1,GI05MOAS,PG002,NUTNR
GI05MOAS-PG002-05-NUTNRM000,time_of_sample,time_of_sample,,,AUX,h,GI05MOAS,PG002,NUTNR
GI05MOAS-PG002-05-NUTNRM000,nitrate_concentration,nitrate_concentration,0,40,L1,umol L-1,GI05MOAS,PG002,NUTNR
GI05MOAS-PG002-05-NUTNRM000,temp_spectrometer,temp_spectrometer,,,AUX,deg_C,GI05MOAS,PG002,NUTNR
GI05MOAS-PG002-05-NUTNRM000,temp_lamp,temp_lamp,,,AUX,deg_C,GI05MOAS,PG002,NUTNR
GI05MOAS-PG002-05-NUTNRM000,humidity,humidity,,,AUX,%,GI05MOAS,PG002,NUTNR
GI05MOAS-PG002-05-NUTNRM000,spectral_channels,spectral_channels,,,L0,counts,GI05MOAS,PG002,NUTNR
GI05MOAS-PG002-05-NUTNRM000,sci_suna_timestamp,sci_suna_timestamp,,,,seconds since 1970-01-01,GI05MOAS,PG002,NUTNR
GI05MOAS-PG002-05-NUTNRM000,sci_suna_record_offset,sci_suna_record_offset,,,,B,GI05MOAS,PG002,NUTNR
GI05MOAS-PG002-05-NUTNRM000,sci_suna_nitrate_um,sci_suna_nitrate_um,0,40,L1,umol L-1,GI05MOAS,PG002,NUTNR
GI05MOAS-PG002-05-NUTNRM000,sci_suna_nitrate_mg,sci_suna_nitrate_mg,,,L1,mg L-1,GI05MOAS,PG002,NUTNR
GI05MOAS-PG002-05-NUTNRM000,nutnr_m_temp_sal_corrected_nitrate,nutnr_m_temp_sal_corrected_nitrate,0,40,L2,umol L-1,GI05MOAS,PG002,NUTNR
GI05MOAS-PG002-05-NUTNRM000,dark_frame_spectral_channels,dark_frame_spectral_channels,,,AUX,counts,GI05MOAS,PG002,NUTNR
GI05MOAS-PG002-05-NUTNRM000,time,time,,,ENG,seconds since 1900-01-01,GI05MOAS,PG002,NUTNR
GI05MOAS-PG002-05-NUTNRM000,ingestion_timestamp,ingestion_timestamp,,,ENG,seconds since 1900-01-01,GI05MOAS,PG002,NUTNR
GI05MOAS-PG002-06-PARADM000,driver_timestamp,driver_timestamp,,,ENG,seconds since 1900-01-01,GI05MOAS,PG002,PARAD
GI05MOAS-PG002-06-PARADM000,internal_timestamp,internal_timestamp,,,ENG,seconds since 1900-01-01,GI05MOAS,PG002,PARAD
GI05MOAS-PG002-06-PARADM000,m_present_secs_into_mission,m_present_secs_into_mission,,,ENG,s,GI05MOAS,PG002,PARAD
GI05MOAS-PG002-06-PARADM000,m_present_time,m_present_time,,,AUX,seconds since 1970-01-01,GI05MOAS,PG002,PARAD
GI05MOAS-PG002-06-PARADM000,sci_bsipar_par,sci_bsipar_par,0,2500,L1,umol photons m-2 s-1,GI05MOAS,PG002,PARAD
GI05MOAS-PG002-06-PARADM000,sci_bsipar_sensor_volts,sci_bsipar_sensor_volts,,,L0,V,GI05MOAS,PG002,PARAD
GI05MOAS-PG002-06-PARADM000,sci_bsipar_supply_volts,sci_bsipar_supply_volts,,,,V,GI05MOAS,PG002,PARAD
GI05MOAS-PG002-06-PARADM000,sci_bsipar_temp,sci_bsipar_temp,,,,deg_C,GI05MOAS,PG002,PARAD
GI05MOAS-PG002-06-PARADM000,sci_m_present_secs_into_mission,sci_m_present_secs_into_mission,,,,s,GI05MOAS,PG002,PARAD
GI05MOAS-PG002-06-PARADM000,sci_m_present_time,sci_m_present_time,,,,seconds since 1970-01-01,GI05MOAS,PG002,PARAD
GI05MOAS-PG002-06-PARADM000,preferred_timestamp,preferred_timestamp,,,ENG,1,GI05MOAS,PG002,PARAD
GI05MOAS-PG002-06-PARADM000,time,time,,,ENG,seconds since 1900-01-01,GI05MOAS,PG002,PARAD
GI05MOAS-PG002-06-PARADM000,ingestion_timestamp,ingestion_timestamp,,,ENG,seconds since 1900-01-01,GI05MOAS,PG002,PARAD
GP02HYPM-MPM01-02-ZPLSGA009,Still in development,Still in development,,,L1,(echogram),GP02HYPM,MPM01,ZPLSG
GP02HYPM-MPM01-02-ZPLSGA010,Still in development,Still in development,,,L1,(echogram),GP02HYPM,MPM01,ZPLSG
GP02HYPM-RIM01-02-CTDMOG039,driver_timestamp,driver_timestamp,,,ENG,seconds since 1900-01-01,GP02HYPM,RIM01,CTDMO
GP02HYPM-RIM01-02-CTDMOG039,internal_timestamp,internal_timestamp,,,ENG,seconds since 1900-01-01,GP02HYPM,RIM01,CTDMO
GP02HYPM-RIM01-02-CTDMOG039,inductive_id,inductive_id,,,ENG,1,GP02HYPM,RIM01,CTDMO
GP02HYPM-RIM01-02-CTDMOG039,preferred_timestamp,preferred_timestamp,,,ENG,1,GP02HYPM,RIM01,CTDMO
GP02HYPM-RIM01-02-CTDMOG039,temperature,temperature,,,L0,counts,GP02HYPM,RIM01,CTDMO
GP02HYPM-RIM01-02-CTDMOG039,conductivity,conductivity,,,L0,counts,GP02HYPM,RIM01,CTDMO
GP02HYPM-RIM01-02-CTDMOG039,pressure,pressure,,,L0,counts,GP02HYPM,RIM01,CTDMO
GP02HYPM-RIM01-02-CTDMOG039,pressure_temp,pressure_temp,,,L0,counts,GP02HYPM,RIM01,CTDMO
GP02HYPM-RIM01-02-CTDMOG039,ctd_time,ctd_time,,,ENG,seconds since 2000-01-01,GP02HYPM,RIM01,CTDMO
GP02HYPM-RIM01-02-CTDMOG039,sio_controller_timestamp,sio_controller_timestamp,,,ENG,seconds since 1970-01-01,GP02HYPM,RIM01,CTDMO
GP02HYPM-RIM01-02-CTDMOG039,ctd_time_offset,ctd_time_offset,,,,s,GP02HYPM,RIM01,CTDMO
GP02HYPM-RIM01-02-CTDMOG039,ctdmo_seawater_pressure,ctdmo_seawater_pressure,0,6000,L1,dbar,GP02HYPM,RIM01,CTDMO
GP02HYPM-RIM01-02-CTDMOG039,ctdmo_seawater_temperature,ctdmo_seawater_temperature,-2,40,L1,deg_C,GP02HYPM,RIM01,CTDMO
GP02HYPM-RIM01-02-CTDMOG039,ctdmo_seawater_conductivity,ctdmo_seawater_conductivity,0,6,L1,S m-1,GP02HYPM,RIM01,CTDMO
GP02HYPM-RIM01-02-CTDMOG039,ctdmo_practical_salinity,ctdmo_practical_salinity,0,42,L2,(unitless),GP02HYPM,RIM01,CTDMO
GP02HYPM-RIM01-02-CTDMOG039,ctdmo_seawater_density,ctdmo_seawater_density,1000,1100,L2,kg m-3,GP02HYPM,RIM01,CTDMO
GP02HYPM-RIM01-02-CTDMOG039,serial_number,serial_number,,,ENG,1,GP02HYPM,RIM01,CTDMO
GP02HYPM-RIM01-02-CTDMOG039,time,time,,,ENG,seconds since 1900-01-01,GP02HYPM,RIM01,CTDMO
GP02HYPM-RIM01-02-CTDMOG039,ingestion_timestamp,ingestion_timestamp,,,ENG,seconds since 1900-01-01,GP02HYPM,RIM01,CTDMO
GP02HYPM-WFP02-01-FLORDL000,driver_timestamp,driver_timestamp,,,ENG,seconds since 1900-01-01,GP02HYPM,WFP02,FLORD
GP02HYPM-WFP02-01-FLORDL000,raw_signal_beta,raw_signal_beta,,,L0,counts,GP02HYPM,WFP02,FLORD
GP02HYPM-WFP02-01-FLORDL000,raw_signal_chl,raw_signal_chl,,,L0,counts,GP02HYPM,WFP02,FLORD
GP02HYPM-WFP02-01-FLORDL000,raw_internal_temp,raw_internal_temp,,,,counts,GP02HYPM,WFP02,FLORD
GP02HYPM-WFP02-01-FLORDL000,internal_timestamp,internal_timestamp,,,ENG,seconds since 1900-01-01,GP02HYPM,WFP02,FLORD
GP02HYPM-WFP02-01-FLORDL000,preferred_timestamp,preferred_timestamp,,,ENG,1,GP02HYPM,WFP02,FLORD
GP02HYPM-WFP02-01-FLORDL000,wfp_timestamp,wfp_timestamp,,,ENG,seconds since 1970-01-01,GP02HYPM,WFP02,FLORD
GP02HYPM-WFP02-01-FLORDL000,flort_k_total_volume_scattering_coefficient,flort_k_total_volume_scattering_coefficient,,,L1,m-1 sr-1,GP02HYPM,WFP02,FLORD
GP02HYPM-WFP02-01-FLORDL000,fluorometric_chlorophyll_a,fluorometric_chlorophyll_a,0,50,L1,ug L-1,GP02HYPM,WFP02,FLORD
GP02HYPM-WFP02-01-FLORDL000,flort_kn_bback_total,flort_kn_bback_total,0.0003,1,L2,m-1,GP02HYPM,WFP02,FLORD
GP02HYPM-WFP02-01-FLORDL000,scat_seawater,scat_seawater,,,AUX,m-1,GP02HYPM,WFP02,FLORD
GP02HYPM-WFP02-01-FLORDL000,time,time,,,ENG,seconds since 1900-01-01,GP02HYPM,WFP02,FLORD
GP02HYPM-WFP02-01-FLORDL000,ingestion_timestamp,ingestion_timestamp,,,ENG,seconds since 1900-01-01,GP02HYPM,WFP02,FLORD
GP02HYPM-WFP02-03-DOSTAL000,driver_timestamp,driver_timestamp,,,ENG,seconds since 1900-01-01,GP02HYPM,WFP02,DOSTA
GP02HYPM-WFP02-03-DOSTAL000,internal_timestamp,internal_timestamp,,,ENG,seconds since 1900-01-01,GP02HYPM,WFP02,DOSTA
GP02HYPM-WFP02-03-DOSTAL000,preferred_timestamp,preferred_timestamp,,,ENG,1,GP02HYPM,WFP02,DOSTA
GP02HYPM-WFP02-03-DOSTAL000,wfp_timestamp,wfp_timestamp,,,ENG,seconds since 1970-01-01,GP02HYPM,WFP02,DOSTA
GP02HYPM-WFP02-03-DOSTAL000,dosta_ln_wfp_abs_oxygen,dosta_ln_wfp_abs_oxygen,0,400,L2,umol kg-1,GP02HYPM,WFP02,DOSTA
GP02HYPM-WFP02-03-DOSTAL000,time,time,,,ENG,seconds since 1900-01-01,GP02HYPM,WFP02,DOSTA
GP02HYPM-WFP02-03-DOSTAL000,ingestion_timestamp,ingestion_timestamp,,,ENG,seconds since 1900-01-01,GP02HYPM,WFP02,DOSTA
GP02HYPM-WFP02-03-DOSTAL000,estimated_oxygen_concentration,estimated_oxygen_concentration,0,400,L1,umol L-1,GP02HYPM,WFP02,DOSTA
GP02HYPM-WFP02-03-DOSTAL000,estimated_oxygen_saturation,estimated_oxygen_saturation,0,110,L1,percent,GP02HYPM,WFP02,DOSTA
GP02HYPM-WFP02-03-DOSTAL000,optode_temperature,optode_temperature,-2,40,,deg_C,GP02HYPM,WFP02,DOSTA
GP02HYPM-WFP02-04-CTDPFL000,driver_timestamp,driver_timestamp,,,ENG,seconds since 1900-01-01,GP02HYPM,WFP02,CTDPF
GP02HYPM-WFP02-04-CTDPFL000,internal_timestamp,internal_timestamp,,,ENG,seconds since 1900-01-01,GP02HYPM,WFP02,CTDPF
GP02HYPM-WFP02-04-CTDPFL000,wfp_time_on,wfp_time_on,,,,seconds since 1970-01-01,GP02HYPM,WFP02,CTDPF
GP02HYPM-WFP02-04-CTDPFL000,wfp_time_off,wfp_time_off,,,,seconds since 1970-01-01,GP02HYPM,WFP02,CTDPF
GP02HYPM-WFP02-04-CTDPFL000,wfp_number_samples,wfp_number_samples,,,,counts,GP02HYPM,WFP02,CTDPF
GP02HYPM-WFP02-04-CTDPFL000,preferred_timestamp,preferred_timestamp,,,ENG,1,GP02HYPM,WFP02,CTDPF
GP02HYPM-WFP02-04-CTDPFL000,temperature,temperature,,,L0,counts,GP02HYPM,WFP02,CTDPF
GP02HYPM-WFP02-04-CTDPFL000,conductivity,conductivity,,,L0,counts,GP02HYPM,WFP02,CTDPF
GP02HYPM-WFP02-04-CTDPFL000,pressure,pressure,,,L0,counts,GP02HYPM,WFP02,CTDPF
GP02HYPM-WFP02-04-CTDPFL000,ctdpf_ckl_seawater_pressure,ctdpf_ckl_seawater_pressure,0,6000,L1,dbar,GP02HYPM,WFP02,CTDPF
GP02HYPM-WFP02-04-CTDPFL000,ctdpf_ckl_seawater_temperature,ctdpf_ckl_seawater_temperature,-2,40,L1,deg_C,GP02HYPM,WFP02,CTDPF
GP02HYPM-WFP02-04-CTDPFL000,ctdpf_ckl_seawater_conductivity,ctdpf_ckl_seawater_conductivity,0,6,L1,S m-1,GP02HYPM,WFP02,CTDPF
GP02HYPM-WFP02-04-CTDPFL000,ctdpf_ckl_sci_water_pracsal,ctdpf_ckl_sci_water_pracsal,0,42,L2,1,GP02HYPM,WFP02,CTDPF
GP02HYPM-WFP02-04-CTDPFL000,ctdpf_ckl_seawater_density,ctdpf_ckl_seawater_density,1000,1100,L2,kg m-3,GP02HYPM,WFP02,CTDPF
GP02HYPM-WFP02-04-CTDPFL000,wfp_decimation_factor,wfp_decimation_factor,,,,1,GP02HYPM,WFP02,CTDPF
GP02HYPM-WFP02-04-CTDPFL000,time,time,,,ENG,seconds since 1900-01-01,GP02HYPM,WFP02,CTDPF
GP02HYPM-WFP02-04-CTDPFL000,ingestion_timestamp,ingestion_timestamp,,,ENG,seconds since 1900-01-01,GP02HYPM,WFP02,CTDPF
GP02HYPM-WFP02-05-VEL3DL000,driver_timestamp,driver_timestamp,,,ENG,seconds since 1900-01-01,GP02HYPM,WFP02,VEL3D
GP02HYPM-WFP02-05-VEL3DL000,internal_timestamp,internal_timestamp,,,ENG,seconds since 1900-01-01,GP02HYPM,WFP02,VEL3D
GP02HYPM-WFP02-05-VEL3DL000,preferred_timestamp,preferred_timestamp,,,ENG,1,GP02HYPM,WFP02,VEL3D
GP02HYPM-WFP02-05-VEL3DL000,vel3d_l_date_time_array,vel3d_l_date_time_array,,,AUX,1,GP02HYPM,WFP02,VEL3D
GP02HYPM-WFP02-05-VEL3DL000,vel3d_l_heading,vel3d_l_heading,,,AUX,degrees,GP02HYPM,WFP02,VEL3D
GP02HYPM-WFP02-05-VEL3DL000,vel3d_l_tx,vel3d_l_tx,,,AUX,degrees,GP02HYPM,WFP02,VEL3D
GP02HYPM-WFP02-05-VEL3DL000,vel3d_l_ty,vel3d_l_ty,,,AUX,degrees,GP02HYPM,WFP02,VEL3D
GP02HYPM-WFP02-05-VEL3DL000,vel3d_l_hx,vel3d_l_hx,,,AUX,1,GP02HYPM,WFP02,VEL3D
GP02HYPM-WFP02-05-VEL3DL000,vel3d_l_hy,vel3d_l_hy,,,AUX,1,GP02HYPM,WFP02,VEL3D
GP02HYPM-WFP02-05-VEL3DL000,vel3d_l_hz,vel3d_l_hz,,,AUX,1,GP02HYPM,WFP02,VEL3D
GP02HYPM-WFP02-05-VEL3DL000,vel3d_l_vp1,vel3d_l_vp1,,,,cm s-1,GP02HYPM,WFP02,VEL3D
GP02HYPM-WFP02-05-VEL3DL000,vel3d_l_vp2,vel3d_l_vp2,,,,cm s-1,GP02HYPM,WFP02,VEL3D
GP02HYPM-WFP02-05-VEL3DL000,vel3d_l_vp3,vel3d_l_vp3,,,,cm s-1,GP02HYPM,WFP02,VEL3D
GP02HYPM-WFP02-05-VEL3DL000,vel3d_l_vp4,vel3d_l_vp4,,,,cm s-1,GP02HYPM,WFP02,VEL3D
GP02HYPM-WFP02-05-VEL3DL000,vel3d_l_number_of_records,vel3d_l_number_of_records,,,,counts,GP02HYPM,WFP02,VEL3D
GP02HYPM-WFP02-05-VEL3DL000,vel3d_l_time_on,vel3d_l_time_on,,,,seconds since 1970-01-01,GP02HYPM,WFP02,VEL3D
GP02HYPM-WFP02-05-VEL3DL000,vel3d_l_time_off,vel3d_l_time_off,,,,seconds since 1970-01-01,GP02HYPM,WFP02,VEL3D
GP02HYPM-WFP02-05-VEL3DL000,vel3d_l_decimation_factor,vel3d_l_decimation_factor,,,,1,GP02HYPM,WFP02,VEL3D
GP02HYPM-WFP02-05-VEL3DL000,vel3d_l_controller_timestamp,vel3d_l_controller_timestamp,,,,seconds since 1970-01-01,GP02HYPM,WFP02,VEL3D
GP02HYPM-WFP02-05-VEL3DL000,serial_number,serial_number,,,ENG,1,GP02HYPM,WFP02,VEL3D
GP02HYPM-WFP02-05-VEL3DL000,vel3d_l_eastward_velocity,vel3d_l_eastward_velocity,-3,3,L1,m s-1,GP02HYPM,WFP02,VEL3D
GP02HYPM-WFP02-05-VEL3DL000,vel3d_l_northward_velocity,vel3d_l_northward_velocity,-3,3,L1,m s-1,GP02HYPM,WFP02,VEL3D
GP02HYPM-WFP02-05-VEL3DL000,vel3d_l_upward_velocity_ascending,vel3d_l_upward_velocity_ascending,-1,1,L1,m s-1,GP02HYPM,WFP02,VEL3D
GP02HYPM-WFP02-05-VEL3DL000,vel3d_l_upward_velocity_descending,vel3d_l_upward_velocity_descending,-1,1,L1,m s-1,GP02HYPM,WFP02,VEL3D
GP02HYPM-WFP02-05-VEL3DL000,time,time,,,ENG,seconds since 1900-01-01,GP02HYPM,WFP02,VEL3D
GP02HYPM-WFP02-05-VEL3DL000,ingestion_timestamp,ingestion_timestamp,,,ENG,seconds since 1900-01-01,GP02HYPM,WFP02,VEL3D
GP02HYPM-WFP03-01-FLORDL000,driver_timestamp,driver_timestamp,,,ENG,seconds since 1900-01-01,GP02HYPM,WFP03,FLORD
GP02HYPM-WFP03-01-FLORDL000,raw_signal_beta,raw_signal_beta,,,L0,counts,GP02HYPM,WFP03,FLORD
GP02HYPM-WFP03-01-FLORDL000,raw_signal_chl,raw_signal_chl,,,L0,counts,GP02HYPM,WFP03,FLORD
GP02HYPM-WFP03-01-FLORDL000,raw_internal_temp,raw_internal_temp,,,,counts,GP02HYPM,WFP03,FLORD
GP02HYPM-WFP03-01-FLORDL000,internal_timestamp,internal_timestamp,,,ENG,seconds since 1900-01-01,GP02HYPM,WFP03,FLORD
GP02HYPM-WFP03-01-FLORDL000,preferred_timestamp,preferred_timestamp,,,ENG,1,GP02HYPM,WFP03,FLORD
GP02HYPM-WFP03-01-FLORDL000,wfp_timestamp,wfp_timestamp,,,ENG,seconds since 1970-01-01,GP02HYPM,WFP03,FLORD
GP02HYPM-WFP03-01-FLORDL000,flort_k_total_volume_scattering_coefficient,flort_k_total_volume_scattering_coefficient,,,L1,m-1 sr-1,GP02HYPM,WFP03,FLORD
GP02HYPM-WFP03-01-FLORDL000,fluorometric_chlorophyll_a,fluorometric_chlorophyll_a,0,50,L1,ug L-1,GP02HYPM,WFP03,FLORD
GP02HYPM-WFP03-01-FLORDL000,flort_kn_bback_total,flort_kn_bback_total,0.0003,1,L2,m-1,GP02HYPM,WFP03,FLORD
GP02HYPM-WFP03-01-FLORDL000,scat_seawater,scat_seawater,,,AUX,m-1,GP02HYPM,WFP03,FLORD
GP02HYPM-WFP03-01-FLORDL000,time,time,,,ENG,seconds since 1900-01-01,GP02HYPM,WFP03,FLORD
GP02HYPM-WFP03-01-FLORDL000,ingestion_timestamp,ingestion_timestamp,,,ENG,seconds since 1900-01-01,GP02HYPM,WFP03,FLORD
GP02HYPM-WFP03-03-DOSTAL000,driver_timestamp,driver_timestamp,,,ENG,seconds since 1900-01-01,GP02HYPM,WFP03,DOSTA
GP02HYPM-WFP03-03-DOSTAL000,internal_timestamp,internal_timestamp,,,ENG,seconds since 1900-01-01,GP02HYPM,WFP03,DOSTA
GP02HYPM-WFP03-03-DOSTAL000,preferred_timestamp,preferred_timestamp,,,ENG,1,GP02HYPM,WFP03,DOSTA
GP02HYPM-WFP03-03-DOSTAL000,wfp_timestamp,wfp_timestamp,,,ENG,seconds since 1970-01-01,GP02HYPM,WFP03,DOSTA
GP02HYPM-WFP03-03-DOSTAL000,dosta_ln_wfp_abs_oxygen,dosta_ln_wfp_abs_oxygen,0,400,L2,umol kg-1,GP02HYPM,WFP03,DOSTA
GP02HYPM-WFP03-03-DOSTAL000,time,time,,,ENG,seconds since 1900-01-01,GP02HYPM,WFP03,DOSTA
GP02HYPM-WFP03-03-DOSTAL000,ingestion_timestamp,ingestion_timestamp,,,ENG,seconds since 1900-01-01,GP02HYPM,WFP03,DOSTA
GP02HYPM-WFP03-03-DOSTAL000,estimated_oxygen_concentration,estimated_oxygen_concentration,0,400,L1,umol L-1,GP02HYPM,WFP03,DOSTA
GP02HYPM-WFP03-03-DOSTAL000,estimated_oxygen_saturation,estimated_oxygen_saturation,0,110,L1,percent,GP02HYPM,WFP03,DOSTA
GP02HYPM-WFP03-03-DOSTAL000,optode_temperature,optode_temperature,-2,40,,deg_C,GP02HYPM,WFP03,DOSTA
GP02HYPM-WFP03-04-CTDPFL000,driver_timestamp,driver_timestamp,,,ENG,seconds since 1900-01-01,GP02HYPM,WFP03,CTDPF
GP02HYPM-WFP03-04-CTDPFL000,internal_timestamp,internal_timestamp,,,ENG,seconds since 1900-01-01,GP02HYPM,WFP03,CTDPF
GP02HYPM-WFP03-04-CTDPFL000,wfp_time_on,wfp_time_on,,,,seconds since 1970-01-01,GP02HYPM,WFP03,CTDPF
GP02HYPM-WFP03-04-CTDPFL000,wfp_time_off,wfp_time_off,,,,seconds since 1970-01-01,GP02HYPM,WFP03,CTDPF
GP02HYPM-WFP03-04-CTDPFL000,wfp_number_samples,wfp_number_samples,,,,counts,GP02HYPM,WFP03,CTDPF
GP02HYPM-WFP03-04-CTDPFL000,preferred_timestamp,preferred_timestamp,,,ENG,1,GP02HYPM,WFP03,CTDPF
GP02HYPM-WFP03-04-CTDPFL000,temperature,temperature,,,L0,counts,GP02HYPM,WFP03,CTDPF
GP02HYPM-WFP03-04-CTDPFL000,conductivity,conductivity,,,L0,counts,GP02HYPM,WFP03,CTDPF
GP02HYPM-WFP03-04-CTDPFL000,pressure,pressure,,,L0,counts,GP02HYPM,WFP03,CTDPF
GP02HYPM-WFP03-04-CTDPFL000,ctdpf_ckl_seawater_pressure,ctdpf_ckl_seawater_pressure,0,6000,L1,dbar,GP02HYPM,WFP03,CTDPF
GP02HYPM-WFP03-04-CTDPFL000,ctdpf_ckl_seawater_temperature,ctdpf_ckl_seawater_temperature,-2,40,L1,deg_C,GP02HYPM,WFP03,CTDPF
GP02HYPM-WFP03-04-CTDPFL000,ctdpf_ckl_seawater_conductivity,ctdpf_ckl_seawater_conductivity,0,6,L1,S m-1,GP02HYPM,WFP03,CTDPF
GP02HYPM-WFP03-04-CTDPFL000,ctdpf_ckl_sci_water_pracsal,ctdpf_ckl_sci_water_pracsal,0,42,L2,1,GP02HYPM,WFP03,CTDPF
GP02HYPM-WFP03-04-CTDPFL000,ctdpf_ckl_seawater_density,ctdpf_ckl_seawater_density,1000,1100,L2,kg m-3,GP02HYPM,WFP03,CTDPF
GP02HYPM-WFP03-04-CTDPFL000,wfp_decimation_factor,wfp_decimation_factor,,,,1,GP02HYPM,WFP03,CTDPF
GP02HYPM-WFP03-04-CTDPFL000,time,time,,,ENG,seconds since 1900-01-01,GP02HYPM,WFP03,CTDPF
GP02HYPM-WFP03-04-CTDPFL000,ingestion_timestamp,ingestion_timestamp,,,ENG,seconds since 1900-01-01,GP02HYPM,WFP03,CTDPF
GP02HYPM-WFP03-05-VEL3DL000,driver_timestamp,driver_timestamp,,,ENG,seconds since 1900-01-01,GP02HYPM,WFP03,VEL3D
GP02HYPM-WFP03-05-VEL3DL000,internal_timestamp,internal_timestamp,,,ENG,seconds since 1900-01-01,GP02HYPM,WFP03,VEL3D
GP02HYPM-WFP03-05-VEL3DL000,preferred_timestamp,preferred_timestamp,,,ENG,1,GP02HYPM,WFP03,VEL3D
GP02HYPM-WFP03-05-VEL3DL000,vel3d_l_date_time_array,vel3d_l_date_time_array,,,AUX,1,GP02HYPM,WFP03,VEL3D
GP02HYPM-WFP03-05-VEL3DL000,vel3d_l_heading,vel3d_l_heading,,,AUX,degrees,GP02HYPM,WFP03,VEL3D
GP02HYPM-WFP03-05-VEL3DL000,vel3d_l_tx,vel3d_l_tx,,,AUX,degrees,GP02HYPM,WFP03,VEL3D
GP02HYPM-WFP03-05-VEL3DL000,vel3d_l_ty,vel3d_l_ty,,,AUX,degrees,GP02HYPM,WFP03,VEL3D
GP02HYPM-WFP03-05-VEL3DL000,vel3d_l_hx,vel3d_l_hx,,,AUX,1,GP02HYPM,WFP03,VEL3D
GP02HYPM-WFP03-05-VEL3DL000,vel3d_l_hy,vel3d_l_hy,,,AUX,1,GP02HYPM,WFP03,VEL3D
GP02HYPM-WFP03-05-VEL3DL000,vel3d_l_hz,vel3d_l_hz,,,AUX,1,GP02HYPM,WFP03,VEL3D
GP02HYPM-WFP03-05-VEL3DL000,vel3d_l_vp1,vel3d_l_vp1,,,,cm s-1,GP02HYPM,WFP03,VEL3D
GP02HYPM-WFP03-05-VEL3DL000,vel3d_l_vp2,vel3d_l_vp2,,,,cm s-1,GP02HYPM,WFP03,VEL3D
GP02HYPM-WFP03-05-VEL3DL000,vel3d_l_vp3,vel3d_l_vp3,,,,cm s-1,GP02HYPM,WFP03,VEL3D
GP02HYPM-WFP03-05-VEL3DL000,vel3d_l_vp4,vel3d_l_vp4,,,,cm s-1,GP02HYPM,WFP03,VEL3D
GP02HYPM-WFP03-05-VEL3DL000,vel3d_l_number_of_records,vel3d_l_number_of_records,,,,counts,GP02HYPM,WFP03,VEL3D
GP02HYPM-WFP03-05-VEL3DL000,vel3d_l_time_on,vel3d_l_time_on,,,,seconds since 1970-01-01,GP02HYPM,WFP03,VEL3D
GP02HYPM-WFP03-05-VEL3DL000,vel3d_l_time_off,vel3d_l_time_off,,,,seconds since 1970-01-01,GP02HYPM,WFP03,VEL3D
GP02HYPM-WFP03-05-VEL3DL000,vel3d_l_decimation_factor,vel3d_l_decimation_factor,,,,1,GP02HYPM,WFP03,VEL3D
GP02HYPM-WFP03-05-VEL3DL000,vel3d_l_controller_timestamp,vel3d_l_controller_timestamp,,,,seconds since 1970-01-01,GP02HYPM,WFP03,VEL3D
GP02HYPM-WFP03-05-VEL3DL000,serial_number,serial_number,,,ENG,1,GP02HYPM,WFP03,VEL3D
GP02HYPM-WFP03-05-VEL3DL000,vel3d_l_eastward_velocity,vel3d_l_eastward_velocity,-3,3,L1,m s-1,GP02HYPM,WFP03,VEL3D
GP02HYPM-WFP03-05-VEL3DL000,vel3d_l_northward_velocity,vel3d_l_northward_velocity,-3,3,L1,m s-1,GP02HYPM,WFP03,VEL3D
GP02HYPM-WFP03-05-VEL3DL000,vel3d_l_upward_velocity_ascending,vel3d_l_upward_velocity_ascending,-1,1,L1,m s-1,GP02HYPM,WFP03,VEL3D
GP02HYPM-WFP03-05-VEL3DL000,vel3d_l_upward_velocity_descending,vel3d_l_upward_velocity_descending,-1,1,L1,m s-1,GP02HYPM,WFP03,VEL3D
GP02HYPM-WFP03-05-VEL3DL000,time,time,,,ENG,seconds since 1900-01-01,GP02HYPM,WFP03,VEL3D
GP02HYPM-WFP03-05-VEL3DL000,ingestion_timestamp,ingestion_timestamp,,,ENG,seconds since 1900-01-01,GP02HYPM,WFP03,VEL3D
GP03FLMA-RIM01-02-ADCPSL003,driver_timestamp,driver_timestamp,,,ENG,seconds since 1900-01-01,GP03FLMA,RIM01,ADCPS
GP03FLMA-RIM01-02-ADCPSL003,ensemble_start_time_2,ensemble_start_time_2,,,,seconds since 1900-01-01,GP03FLMA,RIM01,ADCPS
GP03FLMA-RIM01-02-ADCPSL003,real_time_clock_2,real_time_clock_2,,,,1,GP03FLMA,RIM01,ADCPS
GP03FLMA-RIM01-02-ADCPSL003,internal_timestamp,internal_timestamp,,,ENG,seconds since 1900-01-01,GP03FLMA,RIM01,ADCPS
GP03FLMA-RIM01-02-ADCPSL003,ensemble_number,ensemble_number,,,,1,GP03FLMA,RIM01,ADCPS
GP03FLMA-RIM01-02-ADCPSL003,unit_id,unit_id,,,,1,GP03FLMA,RIM01,ADCPS
GP03FLMA-RIM01-02-ADCPSL003,preferred_timestamp,preferred_timestamp,,,ENG,1,GP03FLMA,RIM01,ADCPS
GP03FLMA-RIM01-02-ADCPSL003,adcps_jln_year,adcps_jln_year,,,,year,GP03FLMA,RIM01,ADCPS
GP03FLMA-RIM01-02-ADCPSL003,adcps_jln_month,adcps_jln_month,,,,month,GP03FLMA,RIM01,ADCPS
GP03FLMA-RIM01-02-ADCPSL003,adcps_jln_day,adcps_jln_day,,,,day,GP03FLMA,RIM01,ADCPS
GP03FLMA-RIM01-02-ADCPSL003,adcps_jln_hour,adcps_jln_hour,,,,hour,GP03FLMA,RIM01,ADCPS
GP03FLMA-RIM01-02-ADCPSL003,adcps_jln_minute,adcps_jln_minute,,,,minute,GP03FLMA,RIM01,ADCPS
GP03FLMA-RIM01-02-ADCPSL003,adcps_jln_second,adcps_jln_second,,,,sec,GP03FLMA,RIM01,ADCPS
GP03FLMA-RIM01-02-ADCPSL003,adcps_jln_hsec,adcps_jln_hsec,,,,csec,GP03FLMA,RIM01,ADCPS
GP03FLMA-RIM01-02-ADCPSL003,adcps_jln_heading,adcps_jln_heading,,,,cdegree,GP03FLMA,RIM01,ADCPS
GP03FLMA-RIM01-02-ADCPSL003,adcps_jln_pitch,adcps_jln_pitch,,,,cdegree,GP03FLMA,RIM01,ADCPS
GP03FLMA-RIM01-02-ADCPSL003,adcps_jln_roll,adcps_jln_roll,,,,cdegree,GP03FLMA,RIM01,ADCPS
GP03FLMA-RIM01-02-ADCPSL003,adcps_jln_temp,adcps_jln_temp,,,,cdeg_C,GP03FLMA,RIM01,ADCPS
GP03FLMA-RIM01-02-ADCPSL003,adcps_jln_pressure,adcps_jln_pressure,,,,daPa,GP03FLMA,RIM01,ADCPS
GP03FLMA-RIM01-02-ADCPSL003,adcps_jln_startbin,adcps_jln_startbin,,,,1,GP03FLMA,RIM01,ADCPS
GP03FLMA-RIM01-02-ADCPSL003,adcps_jln_bins,adcps_jln_bins,,,,1,GP03FLMA,RIM01,ADCPS
GP03FLMA-RIM01-02-ADCPSL003,sensor_available_speed,sensor_available_speed,,,,1,GP03FLMA,RIM01,ADCPS
GP03FLMA-RIM01-02-ADCPSL003,sysconfig_beam_angle,sysconfig_beam_angle,,,,1,GP03FLMA,RIM01,ADCPS
GP03FLMA-RIM01-02-ADCPSL003,sysconfig_beam_config,sysconfig_beam_config,,,,1,GP03FLMA,RIM01,ADCPS
GP03FLMA-RIM01-02-ADCPSL003,sio_controller_timestamp,sio_controller_timestamp,,,ENG,seconds since 1970-01-01,GP03FLMA,RIM01,ADCPS
GP03FLMA-RIM01-02-ADCPSL003,adcps_jln_upward_seawater_velocity2,adcps_jln_upward_seawater_velocity2,-1,1,L1,m s-1,GP03FLMA,RIM01,ADCPS
GP03FLMA-RIM01-02-ADCPSL003,adcps_jln_error_velocity2,adcps_jln_error_velocity2,-1,1,L1,m s-1,GP03FLMA,RIM01,ADCPS
GP03FLMA-RIM01-02-ADCPSL003,adcps_jln_echo_intensity_beam1,adcps_jln_echo_intensity_beam1,0,255,L1,dB,GP03FLMA,RIM01,ADCPS
GP03FLMA-RIM01-02-ADCPSL003,adcps_jln_echo_intensity_beam2,adcps_jln_echo_intensity_beam2,0,255,L1,dB,GP03FLMA,RIM01,ADCPS
GP03FLMA-RIM01-02-ADCPSL003,adcps_jln_echo_intensity_beam3,adcps_jln_echo_intensity_beam3,0,255,L1,dB,GP03FLMA,RIM01,ADCPS
GP03FLMA-RIM01-02-ADCPSL003,adcps_jln_echo_intensity_beam4,adcps_jln_echo_intensity_beam4,0,255,L1,dB,GP03FLMA,RIM01,ADCPS
GP03FLMA-RIM01-02-ADCPSL003,serial_number,serial_number,,,ENG,1,GP03FLMA,RIM01,ADCPS
GP03FLMA-RIM01-02-ADCPSL003,adcps_jln_eastward_earth_seawater_velocity,adcps_jln_eastward_earth_seawater_velocity,-3,3,L1,m s-1,GP03FLMA,RIM01,ADCPS
GP03FLMA-RIM01-02-ADCPSL003,adcps_jln_northward_earth_seawater_velocity,adcps_jln_northward_earth_seawater_velocity,-3,3,L1,m s-1,GP03FLMA,RIM01,ADCPS
GP03FLMA-RIM01-02-ADCPSL003,adcps_jln_recovered_eastward_seawater_velocity,adcps_jln_recovered_eastward_seawater_velocity,-3,3,L1,m s-1,GP03FLMA,RIM01,ADCPS
GP03FLMA-RIM01-02-ADCPSL003,adcps_jln_recovered_northward_seawater_velocity,adcps_jln_recovered_northward_seawater_velocity,-3,3,L1,m s-1,GP03FLMA,RIM01,ADCPS
GP03FLMA-RIM01-02-ADCPSL003,firmware_version,firmware_version,,,,1,GP03FLMA,RIM01,ADCPS
GP03FLMA-RIM01-02-ADCPSL003,firmware_revision,firmware_revision,,,,1,GP03FLMA,RIM01,ADCPS
GP03FLMA-RIM01-02-ADCPSL003,sysconfig_frequency,sysconfig_frequency,,,,kHz,GP03FLMA,RIM01,ADCPS
GP03FLMA-RIM01-02-ADCPSL003,sysconfig_beam_pattern,sysconfig_beam_pattern,,,,1,GP03FLMA,RIM01,ADCPS
GP03FLMA-RIM01-02-ADCPSL003,sysconfig_sensor_config,sysconfig_sensor_config,,,,1,GP03FLMA,RIM01,ADCPS
GP03FLMA-RIM01-02-ADCPSL003,sysconfig_head_attached,sysconfig_head_attached,,,,1,GP03FLMA,RIM01,ADCPS
GP03FLMA-RIM01-02-ADCPSL003,sysconfig_vertical_orientation,sysconfig_vertical_orientation,,,,1,GP03FLMA,RIM01,ADCPS
GP03FLMA-RIM01-02-ADCPSL003,data_flag,data_flag,,,,1,GP03FLMA,RIM01,ADCPS
GP03FLMA-RIM01-02-ADCPSL003,lag_length,lag_length,,,,s,GP03FLMA,RIM01,ADCPS
GP03FLMA-RIM01-02-ADCPSL003,num_beams,num_beams,,,,1,GP03FLMA,RIM01,ADCPS
GP03FLMA-RIM01-02-ADCPSL003,num_cells,num_cells,,,,1,GP03FLMA,RIM01,ADCPS
GP03FLMA-RIM01-02-ADCPSL003,pings_per_ensemble,pings_per_ensemble,,,,1,GP03FLMA,RIM01,ADCPS
GP03FLMA-RIM01-02-ADCPSL003,cell_length,cell_length,,,,cm,GP03FLMA,RIM01,ADCPS
GP03FLMA-RIM01-02-ADCPSL003,blank_after_transmit,blank_after_transmit,,,,cm,GP03FLMA,RIM01,ADCPS
GP03FLMA-RIM01-02-ADCPSL003,signal_processing_mode,signal_processing_mode,,,,1,GP03FLMA,RIM01,ADCPS
GP03FLMA-RIM01-02-ADCPSL003,low_corr_threshold,low_corr_threshold,,,,counts,GP03FLMA,RIM01,ADCPS
GP03FLMA-RIM01-02-ADCPSL003,num_code_repetitions,num_code_repetitions,,,,counts,GP03FLMA,RIM01,ADCPS
GP03FLMA-RIM01-02-ADCPSL003,percent_good_min,percent_good_min,,,,percent,GP03FLMA,RIM01,ADCPS
GP03FLMA-RIM01-02-ADCPSL003,error_vel_threshold,error_vel_threshold,,,,mm s-1,GP03FLMA,RIM01,ADCPS
GP03FLMA-RIM01-02-ADCPSL003,time_per_ping_minutes,time_per_ping_minutes,,,,min,GP03FLMA,RIM01,ADCPS
GP03FLMA-RIM01-02-ADCPSL003,time_per_ping_seconds,time_per_ping_seconds,,,,s,GP03FLMA,RIM01,ADCPS
GP03FLMA-RIM01-02-ADCPSL003,coord_transform_type,coord_transform_type,,,,1,GP03FLMA,RIM01,ADCPS
GP03FLMA-RIM01-02-ADCPSL003,coord_transform_tilts,coord_transform_tilts,,,,1,GP03FLMA,RIM01,ADCPS
GP03FLMA-RIM01-02-ADCPSL003,coord_transform_beams,coord_transform_beams,,,,1,GP03FLMA,RIM01,ADCPS
GP03FLMA-RIM01-02-ADCPSL003,coord_transform_mapping,coord_transform_mapping,,,,1,GP03FLMA,RIM01,ADCPS
GP03FLMA-RIM01-02-ADCPSL003,heading_alignment,heading_alignment,,,,cdegrees,GP03FLMA,RIM01,ADCPS
GP03FLMA-RIM01-02-ADCPSL003,heading_bias,heading_bias,,,,cdegrees,GP03FLMA,RIM01,ADCPS
GP03FLMA-RIM01-02-ADCPSL003,sensor_source_speed,sensor_source_speed,,,,1,GP03FLMA,RIM01,ADCPS
GP03FLMA-RIM01-02-ADCPSL003,sensor_source_depth,sensor_source_depth,,,,1,GP03FLMA,RIM01,ADCPS
GP03FLMA-RIM01-02-ADCPSL003,sensor_source_heading,sensor_source_heading,,,,1,GP03FLMA,RIM01,ADCPS
GP03FLMA-RIM01-02-ADCPSL003,sensor_source_pitch,sensor_source_pitch,,,,1,GP03FLMA,RIM01,ADCPS
GP03FLMA-RIM01-02-ADCPSL003,sensor_source_roll,sensor_source_roll,,,,1,GP03FLMA,RIM01,ADCPS
GP03FLMA-RIM01-02-ADCPSL003,sensor_source_conductivity,sensor_source_conductivity,,,,1,GP03FLMA,RIM01,ADCPS
GP03FLMA-RIM01-02-ADCPSL003,sensor_source_temperature,sensor_source_temperature,,,,1,GP03FLMA,RIM01,ADCPS
GP03FLMA-RIM01-02-ADCPSL003,sensor_available_depth,sensor_available_depth,,,,1,GP03FLMA,RIM01,ADCPS
GP03FLMA-RIM01-02-ADCPSL003,sensor_available_heading,sensor_available_heading,,,,1,GP03FLMA,RIM01,ADCPS
GP03FLMA-RIM01-02-ADCPSL003,sensor_available_pitch,sensor_available_pitch,,,,1,GP03FLMA,RIM01,ADCPS
GP03FLMA-RIM01-02-ADCPSL003,sensor_available_roll,sensor_available_roll,,,,1,GP03FLMA,RIM01,ADCPS
GP03FLMA-RIM01-02-ADCPSL003,sensor_available_conductivity,sensor_available_conductivity,,,,1,GP03FLMA,RIM01,ADCPS
GP03FLMA-RIM01-02-ADCPSL003,sensor_available_temperature,sensor_available_temperature,,,,1,GP03FLMA,RIM01,ADCPS
GP03FLMA-RIM01-02-ADCPSL003,bin_1_distance,bin_1_distance,,,,cm,GP03FLMA,RIM01,ADCPS
GP03FLMA-RIM01-02-ADCPSL003,transmit_pulse_length,transmit_pulse_length,,,,cm,GP03FLMA,RIM01,ADCPS
GP03FLMA-RIM01-02-ADCPSL003,reference_layer_start,reference_layer_start,,,,1,GP03FLMA,RIM01,ADCPS
GP03FLMA-RIM01-02-ADCPSL003,reference_layer_stop,reference_layer_stop,,,,1,GP03FLMA,RIM01,ADCPS
GP03FLMA-RIM01-02-ADCPSL003,false_target_threshold,false_target_threshold,,,,counts,GP03FLMA,RIM01,ADCPS
GP03FLMA-RIM01-02-ADCPSL003,low_latency_trigger,low_latency_trigger,,,,1,GP03FLMA,RIM01,ADCPS
GP03FLMA-RIM01-02-ADCPSL003,transmit_lag_distance,transmit_lag_distance,,,,cm,GP03FLMA,RIM01,ADCPS
GP03FLMA-RIM01-02-ADCPSL003,cpu_board_serial_number,cpu_board_serial_number,,,,1,GP03FLMA,RIM01,ADCPS
GP03FLMA-RIM01-02-ADCPSL003,system_bandwidth,system_bandwidth,,,,1,GP03FLMA,RIM01,ADCPS
GP03FLMA-RIM01-02-ADCPSL003,system_power,system_power,,,,1,GP03FLMA,RIM01,ADCPS
GP03FLMA-RIM01-02-ADCPSL003,beam_angle,beam_angle,,,,degrees,GP03FLMA,RIM01,ADCPS
GP03FLMA-RIM01-02-ADCPSL003,ensemble_number,ensemble_number,,,,1,GP03FLMA,RIM01,ADCPS
GP03FLMA-RIM01-02-ADCPSL003,ensemble_number_increment,ensemble_number_increment,,,,1,GP03FLMA,RIM01,ADCPS
GP03FLMA-RIM01-02-ADCPSL003,bit_result_demod_1,bit_result_demod_1,,,,1,GP03FLMA,RIM01,ADCPS
GP03FLMA-RIM01-02-ADCPSL003,bit_result_demod_0,bit_result_demod_0,,,,1,GP03FLMA,RIM01,ADCPS
GP03FLMA-RIM01-02-ADCPSL003,bit_result_timing,bit_result_timing,,,,1,GP03FLMA,RIM01,ADCPS
GP03FLMA-RIM01-02-ADCPSL003,speed_of_sound,speed_of_sound,,,,m s-1,GP03FLMA,RIM01,ADCPS
GP03FLMA-RIM01-02-ADCPSL003,transducer_depth,transducer_depth,,,,dm,GP03FLMA,RIM01,ADCPS
GP03FLMA-RIM01-02-ADCPSL003,heading,heading,,,,cdegrees,GP03FLMA,RIM01,ADCPS
GP03FLMA-RIM01-02-ADCPSL003,pitch,pitch,,,,cdegrees,GP03FLMA,RIM01,ADCPS
GP03FLMA-RIM01-02-ADCPSL003,roll,roll,,,,cdegrees,GP03FLMA,RIM01,ADCPS
GP03FLMA-RIM01-02-ADCPSL003,salinity,salinity,,,,1,GP03FLMA,RIM01,ADCPS
GP03FLMA-RIM01-02-ADCPSL003,temperature,temperature,,,,cdeg_C,GP03FLMA,RIM01,ADCPS
GP03FLMA-RIM01-02-ADCPSL003,mpt_minutes,mpt_minutes,,,,min,GP03FLMA,RIM01,ADCPS
GP03FLMA-RIM01-02-ADCPSL003,mpt_seconds,mpt_seconds,,,,s,GP03FLMA,RIM01,ADCPS
GP03FLMA-RIM01-02-ADCPSL003,heading_stdev,heading_stdev,,,,degrees,GP03FLMA,RIM01,ADCPS
GP03FLMA-RIM01-02-ADCPSL003,pitch_stdev,pitch_stdev,,,,ddegrees,GP03FLMA,RIM01,ADCPS
GP03FLMA-RIM01-02-ADCPSL003,roll_stdev,roll_stdev,,,,ddegrees,GP03FLMA,RIM01,ADCPS
GP03FLMA-RIM01-02-ADCPSL003,adc_transmit_current,adc_transmit_current,,,,counts,GP03FLMA,RIM01,ADCPS
GP03FLMA-RIM01-02-ADCPSL003,adc_transmit_voltage,adc_transmit_voltage,,,,counts,GP03FLMA,RIM01,ADCPS
GP03FLMA-RIM01-02-ADCPSL003,adc_ambient_temp,adc_ambient_temp,,,,counts,GP03FLMA,RIM01,ADCPS
GP03FLMA-RIM01-02-ADCPSL003,adc_pressure_plus,adc_pressure_plus,,,,counts,GP03FLMA,RIM01,ADCPS
GP03FLMA-RIM01-02-ADCPSL003,adc_pressure_minus,adc_pressure_minus,,,,counts,GP03FLMA,RIM01,ADCPS
GP03FLMA-RIM01-02-ADCPSL003,adc_attitude_temp,adc_attitude_temp,,,,counts,GP03FLMA,RIM01,ADCPS
GP03FLMA-RIM01-02-ADCPSL003,adc_attitude,adc_attitude,,,,counts,GP03FLMA,RIM01,ADCPS
GP03FLMA-RIM01-02-ADCPSL003,adc_contamination_sensor,adc_contamination_sensor,,,,counts,GP03FLMA,RIM01,ADCPS
GP03FLMA-RIM01-02-ADCPSL003,bus_error_exception,bus_error_exception,,,,1,GP03FLMA,RIM01,ADCPS
GP03FLMA-RIM01-02-ADCPSL003,address_error_exception,address_error_exception,,,,1,GP03FLMA,RIM01,ADCPS
GP03FLMA-RIM01-02-ADCPSL003,illegal_instruction_exception,illegal_instruction_exception,,,,1,GP03FLMA,RIM01,ADCPS
GP03FLMA-RIM01-02-ADCPSL003,zero_divide_instruction,zero_divide_instruction,,,,1,GP03FLMA,RIM01,ADCPS
GP03FLMA-RIM01-02-ADCPSL003,emulator_exception,emulator_exception,,,,1,GP03FLMA,RIM01,ADCPS
GP03FLMA-RIM01-02-ADCPSL003,unassigned_exception,unassigned_exception,,,,1,GP03FLMA,RIM01,ADCPS
GP03FLMA-RIM01-02-ADCPSL003,watchdog_restart_occurred,watchdog_restart_occurred,,,,1,GP03FLMA,RIM01,ADCPS
GP03FLMA-RIM01-02-ADCPSL003,battery_saver_power,battery_saver_power,,,,1,GP03FLMA,RIM01,ADCPS
GP03FLMA-RIM01-02-ADCPSL003,pinging,pinging,,,,1,GP03FLMA,RIM01,ADCPS
GP03FLMA-RIM01-02-ADCPSL003,cold_wakeup_occurred,cold_wakeup_occurred,,,,1,GP03FLMA,RIM01,ADCPS
GP03FLMA-RIM01-02-ADCPSL003,time,time,,,ENG,seconds since 1900-01-01,GP03FLMA,RIM01,ADCPS
GP03FLMA-RIM01-02-ADCPSL003,unknown_wakeup_occurred,unknown_wakeup_occurred,,,,1,GP03FLMA,RIM01,ADCPS
GP03FLMA-RIM01-02-ADCPSL003,clock_read_error,clock_read_error,,,,1,GP03FLMA,RIM01,ADCPS
GP03FLMA-RIM01-02-ADCPSL003,unexpected_alarm,unexpected_alarm,,,,1,GP03FLMA,RIM01,ADCPS
GP03FLMA-RIM01-02-ADCPSL003,clock_jump_forward,clock_jump_forward,,,,1,GP03FLMA,RIM01,ADCPS
GP03FLMA-RIM01-02-ADCPSL003,clock_jump_backward,clock_jump_backward,,,,1,GP03FLMA,RIM01,ADCPS
GP03FLMA-RIM01-02-ADCPSL003,power_fail,power_fail,,,,1,GP03FLMA,RIM01,ADCPS
GP03FLMA-RIM01-02-ADCPSL003,spurious_dsp_interrupt,spurious_dsp_interrupt,,,,1,GP03FLMA,RIM01,ADCPS
GP03FLMA-RIM01-02-ADCPSL003,spurious_uart_interrupt,spurious_uart_interrupt,,,,1,GP03FLMA,RIM01,ADCPS
GP03FLMA-RIM01-02-ADCPSL003,spurious_clock_interrupt,spurious_clock_interrupt,,,,1,GP03FLMA,RIM01,ADCPS
GP03FLMA-RIM01-02-ADCPSL003,level_7_interrupt,level_7_interrupt,,,,1,GP03FLMA,RIM01,ADCPS
GP03FLMA-RIM01-02-ADCPSL003,pressure,pressure,,,,daPa,GP03FLMA,RIM01,ADCPS
GP03FLMA-RIM01-02-ADCPSL003,pressure_variance,pressure_variance,,,,daPa,GP03FLMA,RIM01,ADCPS
GP03FLMA-RIM01-02-ADCPSL003,water_velocity_east,water_velocity_east,,,L0,mm s-1,GP03FLMA,RIM01,ADCPS
GP03FLMA-RIM01-02-ADCPSL003,water_velocity_north,water_velocity_north,,,L0,mm s-1,GP03FLMA,RIM01,ADCPS
GP03FLMA-RIM01-02-ADCPSL003,water_velocity_up,water_velocity_up,,,L0,mm s-1,GP03FLMA,RIM01,ADCPS
GP03FLMA-RIM01-02-ADCPSL003,error_velocity,error_velocity,,,L0,mm s-1,GP03FLMA,RIM01,ADCPS
GP03FLMA-RIM01-02-ADCPSL003,correlation_magnitude_beam1,correlation_magnitude_beam1,,,,1,GP03FLMA,RIM01,ADCPS
GP03FLMA-RIM01-02-ADCPSL003,correlation_magnitude_beam2,correlation_magnitude_beam2,,,,1,GP03FLMA,RIM01,ADCPS
GP03FLMA-RIM01-02-ADCPSL003,correlation_magnitude_beam3,correlation_magnitude_beam3,,,,1,GP03FLMA,RIM01,ADCPS
GP03FLMA-RIM01-02-ADCPSL003,correlation_magnitude_beam4,correlation_magnitude_beam4,,,,1,GP03FLMA,RIM01,ADCPS
GP03FLMA-RIM01-02-ADCPSL003,echo_intensity_beam1,echo_intensity_beam1,,,L0,counts,GP03FLMA,RIM01,ADCPS
GP03FLMA-RIM01-02-ADCPSL003,echo_intensity_beam2,echo_intensity_beam2,,,L0,counts,GP03FLMA,RIM01,ADCPS
GP03FLMA-RIM01-02-ADCPSL003,echo_intensity_beam3,echo_intensity_beam3,,,L0,counts,GP03FLMA,RIM01,ADCPS
GP03FLMA-RIM01-02-ADCPSL003,echo_intensity_beam4,echo_intensity_beam4,,,L0,counts,GP03FLMA,RIM01,ADCPS
GP03FLMA-RIM01-02-ADCPSL003,percent_good_3beam,percent_good_3beam,,,,percent,GP03FLMA,RIM01,ADCPS
GP03FLMA-RIM01-02-ADCPSL003,percent_transforms_reject,percent_transforms_reject,,,,percent,GP03FLMA,RIM01,ADCPS
GP03FLMA-RIM01-02-ADCPSL003,percent_bad_beams,percent_bad_beams,,,,percent,GP03FLMA,RIM01,ADCPS
GP03FLMA-RIM01-02-ADCPSL003,percent_good_4beam,percent_good_4beam,,,,percent,GP03FLMA,RIM01,ADCPS
GP03FLMA-RIM01-02-ADCPSL003,ensemble_start_time,ensemble_start_time,,,,seconds since 1900-01-01,GP03FLMA,RIM01,ADCPS
GP03FLMA-RIM01-02-ADCPSL003,velocity_po_error_flag,velocity_po_error_flag,,,,1,GP03FLMA,RIM01,ADCPS
GP03FLMA-RIM01-02-ADCPSL003,velocity_po_up_flag,velocity_po_up_flag,,,,1,GP03FLMA,RIM01,ADCPS
GP03FLMA-RIM01-02-ADCPSL003,velocity_po_north_flag,velocity_po_north_flag,,,,1,GP03FLMA,RIM01,ADCPS
GP03FLMA-RIM01-02-ADCPSL003,velocity_po_east_flag,velocity_po_east_flag,,,,1,GP03FLMA,RIM01,ADCPS
GP03FLMA-RIM01-02-ADCPSL003,subsampling_parameter,subsampling_parameter,,,,1,GP03FLMA,RIM01,ADCPS
GP03FLMA-RIM01-02-ADCPSL003,ingestion_timestamp,ingestion_timestamp,,,ENG,seconds since 1900-01-01,GP03FLMA,RIM01,ADCPS
GP03FLMA-RIM01-02-ADCPSL003,real_time_clock,real_time_clock,,,,1,GP03FLMA,RIM01,ADCPS
GP03FLMA-RIM01-02-ADCPSL003,upward_earth_seawater_velocity,upward_earth_seawater_velocity,-1,1,L1,m s-1,GP03FLMA,RIM01,ADCPS
GP03FLMA-RIM01-02-ADCPSL003,earth_error_velocity,earth_error_velocity,-1,1,L1,m s-1,GP03FLMA,RIM01,ADCPS
GP03FLMA-RIM01-02-ADCPSL003,bin_depths,bin_depths,,,,m,GP03FLMA,RIM01,ADCPS
GP03FLMA-RIM01-02-CTDMOG040,driver_timestamp,driver_timestamp,,,ENG,seconds since 1900-01-01,GP03FLMA,RIM01,CTDMO
GP03FLMA-RIM01-02-CTDMOG040,internal_timestamp,internal_timestamp,,,ENG,seconds since 1900-01-01,GP03FLMA,RIM01,CTDMO
GP03FLMA-RIM01-02-CTDMOG040,inductive_id,inductive_id,,,ENG,1,GP03FLMA,RIM01,CTDMO
GP03FLMA-RIM01-02-CTDMOG040,preferred_timestamp,preferred_timestamp,,,ENG,1,GP03FLMA,RIM01,CTDMO
GP03FLMA-RIM01-02-CTDMOG040,temperature,temperature,,,L0,counts,GP03FLMA,RIM01,CTDMO
GP03FLMA-RIM01-02-CTDMOG040,conductivity,conductivity,,,L0,counts,GP03FLMA,RIM01,CTDMO
GP03FLMA-RIM01-02-CTDMOG040,pressure,pressure,,,L0,counts,GP03FLMA,RIM01,CTDMO
GP03FLMA-RIM01-02-CTDMOG040,pressure_temp,pressure_temp,,,L0,counts,GP03FLMA,RIM01,CTDMO
GP03FLMA-RIM01-02-CTDMOG040,ctd_time,ctd_time,,,ENG,seconds since 2000-01-01,GP03FLMA,RIM01,CTDMO
GP03FLMA-RIM01-02-CTDMOG040,sio_controller_timestamp,sio_controller_timestamp,,,ENG,seconds since 1970-01-01,GP03FLMA,RIM01,CTDMO
GP03FLMA-RIM01-02-CTDMOG040,ctd_time_offset,ctd_time_offset,,,,s,GP03FLMA,RIM01,CTDMO
GP03FLMA-RIM01-02-CTDMOG040,ctdmo_seawater_pressure,ctdmo_seawater_pressure,0,6000,L1,dbar,GP03FLMA,RIM01,CTDMO
GP03FLMA-RIM01-02-CTDMOG040,ctdmo_seawater_temperature,ctdmo_seawater_temperature,-2,40,L1,deg_C,GP03FLMA,RIM01,CTDMO
GP03FLMA-RIM01-02-CTDMOG040,ctdmo_seawater_conductivity,ctdmo_seawater_conductivity,0,6,L1,S m-1,GP03FLMA,RIM01,CTDMO
GP03FLMA-RIM01-02-CTDMOG040,ctdmo_practical_salinity,ctdmo_practical_salinity,0,42,L2,(unitless),GP03FLMA,RIM01,CTDMO
GP03FLMA-RIM01-02-CTDMOG040,ctdmo_seawater_density,ctdmo_seawater_density,1000,1100,L2,kg m-3,GP03FLMA,RIM01,CTDMO
GP03FLMA-RIM01-02-CTDMOG040,serial_number,serial_number,,,ENG,1,GP03FLMA,RIM01,CTDMO
GP03FLMA-RIM01-02-CTDMOG040,time,time,,,ENG,seconds since 1900-01-01,GP03FLMA,RIM01,CTDMO
GP03FLMA-RIM01-02-CTDMOG040,ingestion_timestamp,ingestion_timestamp,,,ENG,seconds since 1900-01-01,GP03FLMA,RIM01,CTDMO
GP03FLMA-RIM01-02-CTDMOG041,driver_timestamp,driver_timestamp,,,ENG,seconds since 1900-01-01,GP03FLMA,RIM01,CTDMO
GP03FLMA-RIM01-02-CTDMOG041,internal_timestamp,internal_timestamp,,,ENG,seconds since 1900-01-01,GP03FLMA,RIM01,CTDMO
GP03FLMA-RIM01-02-CTDMOG041,inductive_id,inductive_id,,,ENG,1,GP03FLMA,RIM01,CTDMO
GP03FLMA-RIM01-02-CTDMOG041,preferred_timestamp,preferred_timestamp,,,ENG,1,GP03FLMA,RIM01,CTDMO
GP03FLMA-RIM01-02-CTDMOG041,temperature,temperature,,,L0,counts,GP03FLMA,RIM01,CTDMO
GP03FLMA-RIM01-02-CTDMOG041,conductivity,conductivity,,,L0,counts,GP03FLMA,RIM01,CTDMO
GP03FLMA-RIM01-02-CTDMOG041,pressure,pressure,,,L0,counts,GP03FLMA,RIM01,CTDMO
GP03FLMA-RIM01-02-CTDMOG041,pressure_temp,pressure_temp,,,L0,counts,GP03FLMA,RIM01,CTDMO
GP03FLMA-RIM01-02-CTDMOG041,ctd_time,ctd_time,,,ENG,seconds since 2000-01-01,GP03FLMA,RIM01,CTDMO
GP03FLMA-RIM01-02-CTDMOG041,sio_controller_timestamp,sio_controller_timestamp,,,ENG,seconds since 1970-01-01,GP03FLMA,RIM01,CTDMO
GP03FLMA-RIM01-02-CTDMOG041,ctd_time_offset,ctd_time_offset,,,,s,GP03FLMA,RIM01,CTDMO
GP03FLMA-RIM01-02-CTDMOG041,ctdmo_seawater_pressure,ctdmo_seawater_pressure,0,6000,L1,dbar,GP03FLMA,RIM01,CTDMO
GP03FLMA-RIM01-02-CTDMOG041,ctdmo_seawater_temperature,ctdmo_seawater_temperature,-2,40,L1,deg_C,GP03FLMA,RIM01,CTDMO
GP03FLMA-RIM01-02-CTDMOG041,ctdmo_seawater_conductivity,ctdmo_seawater_conductivity,0,6,L1,S m-1,GP03FLMA,RIM01,CTDMO
GP03FLMA-RIM01-02-CTDMOG041,ctdmo_practical_salinity,ctdmo_practical_salinity,0,42,L2,(unitless),GP03FLMA,RIM01,CTDMO
GP03FLMA-RIM01-02-CTDMOG041,ctdmo_seawater_density,ctdmo_seawater_density,1000,1100,L2,kg m-3,GP03FLMA,RIM01,CTDMO
GP03FLMA-RIM01-02-CTDMOG041,serial_number,serial_number,,,ENG,1,GP03FLMA,RIM01,CTDMO
GP03FLMA-RIM01-02-CTDMOG041,time,time,,,ENG,seconds since 1900-01-01,GP03FLMA,RIM01,CTDMO
GP03FLMA-RIM01-02-CTDMOG041,ingestion_timestamp,ingestion_timestamp,,,ENG,seconds since 1900-01-01,GP03FLMA,RIM01,CTDMO
GP03FLMA-RIM01-02-CTDMOG042,driver_timestamp,driver_timestamp,,,ENG,seconds since 1900-01-01,GP03FLMA,RIM01,CTDMO
GP03FLMA-RIM01-02-CTDMOG042,internal_timestamp,internal_timestamp,,,ENG,seconds since 1900-01-01,GP03FLMA,RIM01,CTDMO
GP03FLMA-RIM01-02-CTDMOG042,inductive_id,inductive_id,,,ENG,1,GP03FLMA,RIM01,CTDMO
GP03FLMA-RIM01-02-CTDMOG042,preferred_timestamp,preferred_timestamp,,,ENG,1,GP03FLMA,RIM01,CTDMO
GP03FLMA-RIM01-02-CTDMOG042,temperature,temperature,,,L0,counts,GP03FLMA,RIM01,CTDMO
GP03FLMA-RIM01-02-CTDMOG042,conductivity,conductivity,,,L0,counts,GP03FLMA,RIM01,CTDMO
GP03FLMA-RIM01-02-CTDMOG042,pressure,pressure,,,L0,counts,GP03FLMA,RIM01,CTDMO
GP03FLMA-RIM01-02-CTDMOG042,pressure_temp,pressure_temp,,,L0,counts,GP03FLMA,RIM01,CTDMO
GP03FLMA-RIM01-02-CTDMOG042,ctd_time,ctd_time,,,ENG,seconds since 2000-01-01,GP03FLMA,RIM01,CTDMO
GP03FLMA-RIM01-02-CTDMOG042,sio_controller_timestamp,sio_controller_timestamp,,,ENG,seconds since 1970-01-01,GP03FLMA,RIM01,CTDMO
GP03FLMA-RIM01-02-CTDMOG042,ctd_time_offset,ctd_time_offset,,,,s,GP03FLMA,RIM01,CTDMO
GP03FLMA-RIM01-02-CTDMOG042,ctdmo_seawater_pressure,ctdmo_seawater_pressure,0,6000,L1,dbar,GP03FLMA,RIM01,CTDMO
GP03FLMA-RIM01-02-CTDMOG042,ctdmo_seawater_temperature,ctdmo_seawater_temperature,-2,40,L1,deg_C,GP03FLMA,RIM01,CTDMO
GP03FLMA-RIM01-02-CTDMOG042,ctdmo_seawater_conductivity,ctdmo_seawater_conductivity,0,6,L1,S m-1,GP03FLMA,RIM01,CTDMO
GP03FLMA-RIM01-02-CTDMOG042,ctdmo_practical_salinity,ctdmo_practical_salinity,0,42,L2,(unitless),GP03FLMA,RIM01,CTDMO
GP03FLMA-RIM01-02-CTDMOG042,ctdmo_seawater_density,ctdmo_seawater_density,1000,1100,L2,kg m-3,GP03FLMA,RIM01,CTDMO
GP03FLMA-RIM01-02-CTDMOG042,serial_number,serial_number,,,ENG,1,GP03FLMA,RIM01,CTDMO
GP03FLMA-RIM01-02-CTDMOG042,time,time,,,ENG,seconds since 1900-01-01,GP03FLMA,RIM01,CTDMO
GP03FLMA-RIM01-02-CTDMOG042,ingestion_timestamp,ingestion_timestamp,,,ENG,seconds since 1900-01-01,GP03FLMA,RIM01,CTDMO
GP03FLMA-RIM01-02-CTDMOG043,driver_timestamp,driver_timestamp,,,ENG,seconds since 1900-01-01,GP03FLMA,RIM01,CTDMO
GP03FLMA-RIM01-02-CTDMOG043,internal_timestamp,internal_timestamp,,,ENG,seconds since 1900-01-01,GP03FLMA,RIM01,CTDMO
GP03FLMA-RIM01-02-CTDMOG043,inductive_id,inductive_id,,,ENG,1,GP03FLMA,RIM01,CTDMO
GP03FLMA-RIM01-02-CTDMOG043,preferred_timestamp,preferred_timestamp,,,ENG,1,GP03FLMA,RIM01,CTDMO
GP03FLMA-RIM01-02-CTDMOG043,temperature,temperature,,,L0,counts,GP03FLMA,RIM01,CTDMO
GP03FLMA-RIM01-02-CTDMOG043,conductivity,conductivity,,,L0,counts,GP03FLMA,RIM01,CTDMO
GP03FLMA-RIM01-02-CTDMOG043,pressure,pressure,,,L0,counts,GP03FLMA,RIM01,CTDMO
GP03FLMA-RIM01-02-CTDMOG043,pressure_temp,pressure_temp,,,L0,counts,GP03FLMA,RIM01,CTDMO
GP03FLMA-RIM01-02-CTDMOG043,ctd_time,ctd_time,,,ENG,seconds since 2000-01-01,GP03FLMA,RIM01,CTDMO
GP03FLMA-RIM01-02-CTDMOG043,sio_controller_timestamp,sio_controller_timestamp,,,ENG,seconds since 1970-01-01,GP03FLMA,RIM01,CTDMO
GP03FLMA-RIM01-02-CTDMOG043,ctd_time_offset,ctd_time_offset,,,,s,GP03FLMA,RIM01,CTDMO
GP03FLMA-RIM01-02-CTDMOG043,ctdmo_seawater_pressure,ctdmo_seawater_pressure,0,6000,L1,dbar,GP03FLMA,RIM01,CTDMO
GP03FLMA-RIM01-02-CTDMOG043,ctdmo_seawater_temperature,ctdmo_seawater_temperature,-2,40,L1,deg_C,GP03FLMA,RIM01,CTDMO
GP03FLMA-RIM01-02-CTDMOG043,ctdmo_seawater_conductivity,ctdmo_seawater_conductivity,0,6,L1,S m-1,GP03FLMA,RIM01,CTDMO
GP03FLMA-RIM01-02-CTDMOG043,ctdmo_practical_salinity,ctdmo_practical_salinity,0,42,L2,(unitless),GP03FLMA,RIM01,CTDMO
GP03FLMA-RIM01-02-CTDMOG043,ctdmo_seawater_density,ctdmo_seawater_density,1000,1100,L2,kg m-3,GP03FLMA,RIM01,CTDMO
GP03FLMA-RIM01-02-CTDMOG043,serial_number,serial_number,,,ENG,1,GP03FLMA,RIM01,CTDMO
GP03FLMA-RIM01-02-CTDMOG043,time,time,,,ENG,seconds since 1900-01-01,GP03FLMA,RIM01,CTDMO
GP03FLMA-RIM01-02-CTDMOG043,ingestion_timestamp,ingestion_timestamp,,,ENG,seconds since 1900-01-01,GP03FLMA,RIM01,CTDMO
GP03FLMA-RIM01-02-CTDMOG044,driver_timestamp,driver_timestamp,,,ENG,seconds since 1900-01-01,GP03FLMA,RIM01,CTDMO
GP03FLMA-RIM01-02-CTDMOG044,internal_timestamp,internal_timestamp,,,ENG,seconds since 1900-01-01,GP03FLMA,RIM01,CTDMO
GP03FLMA-RIM01-02-CTDMOG044,inductive_id,inductive_id,,,ENG,1,GP03FLMA,RIM01,CTDMO
GP03FLMA-RIM01-02-CTDMOG044,preferred_timestamp,preferred_timestamp,,,ENG,1,GP03FLMA,RIM01,CTDMO
GP03FLMA-RIM01-02-CTDMOG044,temperature,temperature,,,L0,counts,GP03FLMA,RIM01,CTDMO
GP03FLMA-RIM01-02-CTDMOG044,conductivity,conductivity,,,L0,counts,GP03FLMA,RIM01,CTDMO
GP03FLMA-RIM01-02-CTDMOG044,pressure,pressure,,,L0,counts,GP03FLMA,RIM01,CTDMO
GP03FLMA-RIM01-02-CTDMOG044,pressure_temp,pressure_temp,,,L0,counts,GP03FLMA,RIM01,CTDMO
GP03FLMA-RIM01-02-CTDMOG044,ctd_time,ctd_time,,,ENG,seconds since 2000-01-01,GP03FLMA,RIM01,CTDMO
GP03FLMA-RIM01-02-CTDMOG044,sio_controller_timestamp,sio_controller_timestamp,,,ENG,seconds since 1970-01-01,GP03FLMA,RIM01,CTDMO
GP03FLMA-RIM01-02-CTDMOG044,ctd_time_offset,ctd_time_offset,,,,s,GP03FLMA,RIM01,CTDMO
GP03FLMA-RIM01-02-CTDMOG044,ctdmo_seawater_pressure,ctdmo_seawater_pressure,0,6000,L1,dbar,GP03FLMA,RIM01,CTDMO
GP03FLMA-RIM01-02-CTDMOG044,ctdmo_seawater_temperature,ctdmo_seawater_temperature,-2,40,L1,deg_C,GP03FLMA,RIM01,CTDMO
GP03FLMA-RIM01-02-CTDMOG044,ctdmo_seawater_conductivity,ctdmo_seawater_conductivity,0,6,L1,S m-1,GP03FLMA,RIM01,CTDMO
GP03FLMA-RIM01-02-CTDMOG044,ctdmo_practical_salinity,ctdmo_practical_salinity,0,42,L2,(unitless),GP03FLMA,RIM01,CTDMO
GP03FLMA-RIM01-02-CTDMOG044,ctdmo_seawater_density,ctdmo_seawater_density,1000,1100,L2,kg m-3,GP03FLMA,RIM01,CTDMO
GP03FLMA-RIM01-02-CTDMOG044,serial_number,serial_number,,,ENG,1,GP03FLMA,RIM01,CTDMO
GP03FLMA-RIM01-02-CTDMOG044,time,time,,,ENG,seconds since 1900-01-01,GP03FLMA,RIM01,CTDMO
GP03FLMA-RIM01-02-CTDMOG044,ingestion_timestamp,ingestion_timestamp,,,ENG,seconds since 1900-01-01,GP03FLMA,RIM01,CTDMO
GP03FLMA-RIM01-02-CTDMOG045,driver_timestamp,driver_timestamp,,,ENG,seconds since 1900-01-01,GP03FLMA,RIM01,CTDMO
GP03FLMA-RIM01-02-CTDMOG045,internal_timestamp,internal_timestamp,,,ENG,seconds since 1900-01-01,GP03FLMA,RIM01,CTDMO
GP03FLMA-RIM01-02-CTDMOG045,inductive_id,inductive_id,,,ENG,1,GP03FLMA,RIM01,CTDMO
GP03FLMA-RIM01-02-CTDMOG045,preferred_timestamp,preferred_timestamp,,,ENG,1,GP03FLMA,RIM01,CTDMO
GP03FLMA-RIM01-02-CTDMOG045,temperature,temperature,,,L0,counts,GP03FLMA,RIM01,CTDMO
GP03FLMA-RIM01-02-CTDMOG045,conductivity,conductivity,,,L0,counts,GP03FLMA,RIM01,CTDMO
GP03FLMA-RIM01-02-CTDMOG045,pressure,pressure,,,L0,counts,GP03FLMA,RIM01,CTDMO
GP03FLMA-RIM01-02-CTDMOG045,pressure_temp,pressure_temp,,,L0,counts,GP03FLMA,RIM01,CTDMO
GP03FLMA-RIM01-02-CTDMOG045,ctd_time,ctd_time,,,ENG,seconds since 2000-01-01,GP03FLMA,RIM01,CTDMO
GP03FLMA-RIM01-02-CTDMOG045,sio_controller_timestamp,sio_controller_timestamp,,,ENG,seconds since 1970-01-01,GP03FLMA,RIM01,CTDMO
GP03FLMA-RIM01-02-CTDMOG045,ctd_time_offset,ctd_time_offset,,,,s,GP03FLMA,RIM01,CTDMO
GP03FLMA-RIM01-02-CTDMOG045,ctdmo_seawater_pressure,ctdmo_seawater_pressure,0,6000,L1,dbar,GP03FLMA,RIM01,CTDMO
GP03FLMA-RIM01-02-CTDMOG045,ctdmo_seawater_temperature,ctdmo_seawater_temperature,-2,40,L1,deg_C,GP03FLMA,RIM01,CTDMO
GP03FLMA-RIM01-02-CTDMOG045,ctdmo_seawater_conductivity,ctdmo_seawater_conductivity,0,6,L1,S m-1,GP03FLMA,RIM01,CTDMO
GP03FLMA-RIM01-02-CTDMOG045,ctdmo_practical_salinity,ctdmo_practical_salinity,0,42,L2,(unitless),GP03FLMA,RIM01,CTDMO
GP03FLMA-RIM01-02-CTDMOG045,ctdmo_seawater_density,ctdmo_seawater_density,1000,1100,L2,kg m-3,GP03FLMA,RIM01,CTDMO
GP03FLMA-RIM01-02-CTDMOG045,serial_number,serial_number,,,ENG,1,GP03FLMA,RIM01,CTDMO
GP03FLMA-RIM01-02-CTDMOG045,time,time,,,ENG,seconds since 1900-01-01,GP03FLMA,RIM01,CTDMO
GP03FLMA-RIM01-02-CTDMOG045,ingestion_timestamp,ingestion_timestamp,,,ENG,seconds since 1900-01-01,GP03FLMA,RIM01,CTDMO
GP03FLMA-RIM01-02-CTDMOG046,driver_timestamp,driver_timestamp,,,ENG,seconds since 1900-01-01,GP03FLMA,RIM01,CTDMO
GP03FLMA-RIM01-02-CTDMOG046,internal_timestamp,internal_timestamp,,,ENG,seconds since 1900-01-01,GP03FLMA,RIM01,CTDMO
GP03FLMA-RIM01-02-CTDMOG046,inductive_id,inductive_id,,,ENG,1,GP03FLMA,RIM01,CTDMO
GP03FLMA-RIM01-02-CTDMOG046,preferred_timestamp,preferred_timestamp,,,ENG,1,GP03FLMA,RIM01,CTDMO
GP03FLMA-RIM01-02-CTDMOG046,temperature,temperature,,,L0,counts,GP03FLMA,RIM01,CTDMO
GP03FLMA-RIM01-02-CTDMOG046,conductivity,conductivity,,,L0,counts,GP03FLMA,RIM01,CTDMO
GP03FLMA-RIM01-02-CTDMOG046,pressure,pressure,,,L0,counts,GP03FLMA,RIM01,CTDMO
GP03FLMA-RIM01-02-CTDMOG046,pressure_temp,pressure_temp,,,L0,counts,GP03FLMA,RIM01,CTDMO
GP03FLMA-RIM01-02-CTDMOG046,ctd_time,ctd_time,,,ENG,seconds since 2000-01-01,GP03FLMA,RIM01,CTDMO
GP03FLMA-RIM01-02-CTDMOG046,sio_controller_timestamp,sio_controller_timestamp,,,ENG,seconds since 1970-01-01,GP03FLMA,RIM01,CTDMO
GP03FLMA-RIM01-02-CTDMOG046,ctd_time_offset,ctd_time_offset,,,,s,GP03FLMA,RIM01,CTDMO
GP03FLMA-RIM01-02-CTDMOG046,ctdmo_seawater_pressure,ctdmo_seawater_pressure,0,6000,L1,dbar,GP03FLMA,RIM01,CTDMO
GP03FLMA-RIM01-02-CTDMOG046,ctdmo_seawater_temperature,ctdmo_seawater_temperature,-2,40,L1,deg_C,GP03FLMA,RIM01,CTDMO
GP03FLMA-RIM01-02-CTDMOG046,ctdmo_seawater_conductivity,ctdmo_seawater_conductivity,0,6,L1,S m-1,GP03FLMA,RIM01,CTDMO
GP03FLMA-RIM01-02-CTDMOG046,ctdmo_practical_salinity,ctdmo_practical_salinity,0,42,L2,(unitless),GP03FLMA,RIM01,CTDMO
GP03FLMA-RIM01-02-CTDMOG046,ctdmo_seawater_density,ctdmo_seawater_density,1000,1100,L2,kg m-3,GP03FLMA,RIM01,CTDMO
GP03FLMA-RIM01-02-CTDMOG046,serial_number,serial_number,,,ENG,1,GP03FLMA,RIM01,CTDMO
GP03FLMA-RIM01-02-CTDMOG046,time,time,,,ENG,seconds since 1900-01-01,GP03FLMA,RIM01,CTDMO
GP03FLMA-RIM01-02-CTDMOG046,ingestion_timestamp,ingestion_timestamp,,,ENG,seconds since 1900-01-01,GP03FLMA,RIM01,CTDMO
GP03FLMA-RIM01-02-CTDMOG047,driver_timestamp,driver_timestamp,,,ENG,seconds since 1900-01-01,GP03FLMA,RIM01,CTDMO
GP03FLMA-RIM01-02-CTDMOG047,internal_timestamp,internal_timestamp,,,ENG,seconds since 1900-01-01,GP03FLMA,RIM01,CTDMO
GP03FLMA-RIM01-02-CTDMOG047,inductive_id,inductive_id,,,ENG,1,GP03FLMA,RIM01,CTDMO
GP03FLMA-RIM01-02-CTDMOG047,preferred_timestamp,preferred_timestamp,,,ENG,1,GP03FLMA,RIM01,CTDMO
GP03FLMA-RIM01-02-CTDMOG047,temperature,temperature,,,L0,counts,GP03FLMA,RIM01,CTDMO
GP03FLMA-RIM01-02-CTDMOG047,conductivity,conductivity,,,L0,counts,GP03FLMA,RIM01,CTDMO
GP03FLMA-RIM01-02-CTDMOG047,pressure,pressure,,,L0,counts,GP03FLMA,RIM01,CTDMO
GP03FLMA-RIM01-02-CTDMOG047,pressure_temp,pressure_temp,,,L0,counts,GP03FLMA,RIM01,CTDMO
GP03FLMA-RIM01-02-CTDMOG047,ctd_time,ctd_time,,,ENG,seconds since 2000-01-01,GP03FLMA,RIM01,CTDMO
GP03FLMA-RIM01-02-CTDMOG047,sio_controller_timestamp,sio_controller_timestamp,,,ENG,seconds since 1970-01-01,GP03FLMA,RIM01,CTDMO
GP03FLMA-RIM01-02-CTDMOG047,ctd_time_offset,ctd_time_offset,,,,s,GP03FLMA,RIM01,CTDMO
GP03FLMA-RIM01-02-CTDMOG047,ctdmo_seawater_pressure,ctdmo_seawater_pressure,0,6000,L1,dbar,GP03FLMA,RIM01,CTDMO
GP03FLMA-RIM01-02-CTDMOG047,ctdmo_seawater_temperature,ctdmo_seawater_temperature,-2,40,L1,deg_C,GP03FLMA,RIM01,CTDMO
GP03FLMA-RIM01-02-CTDMOG047,ctdmo_seawater_conductivity,ctdmo_seawater_conductivity,0,6,L1,S m-1,GP03FLMA,RIM01,CTDMO
GP03FLMA-RIM01-02-CTDMOG047,ctdmo_practical_salinity,ctdmo_practical_salinity,0,42,L2,(unitless),GP03FLMA,RIM01,CTDMO
GP03FLMA-RIM01-02-CTDMOG047,ctdmo_seawater_density,ctdmo_seawater_density,1000,1100,L2,kg m-3,GP03FLMA,RIM01,CTDMO
GP03FLMA-RIM01-02-CTDMOG047,serial_number,serial_number,,,ENG,1,GP03FLMA,RIM01,CTDMO
GP03FLMA-RIM01-02-CTDMOG047,time,time,,,ENG,seconds since 1900-01-01,GP03FLMA,RIM01,CTDMO
GP03FLMA-RIM01-02-CTDMOG047,ingestion_timestamp,ingestion_timestamp,,,ENG,seconds since 1900-01-01,GP03FLMA,RIM01,CTDMO
GP03FLMA-RIM01-02-CTDMOG048,driver_timestamp,driver_timestamp,,,ENG,seconds since 1900-01-01,GP03FLMA,RIM01,CTDMO
GP03FLMA-RIM01-02-CTDMOG048,internal_timestamp,internal_timestamp,,,ENG,seconds since 1900-01-01,GP03FLMA,RIM01,CTDMO
GP03FLMA-RIM01-02-CTDMOG048,inductive_id,inductive_id,,,ENG,1,GP03FLMA,RIM01,CTDMO
GP03FLMA-RIM01-02-CTDMOG048,preferred_timestamp,preferred_timestamp,,,ENG,1,GP03FLMA,RIM01,CTDMO
GP03FLMA-RIM01-02-CTDMOG048,temperature,temperature,,,L0,counts,GP03FLMA,RIM01,CTDMO
GP03FLMA-RIM01-02-CTDMOG048,conductivity,conductivity,,,L0,counts,GP03FLMA,RIM01,CTDMO
GP03FLMA-RIM01-02-CTDMOG048,pressure,pressure,,,L0,counts,GP03FLMA,RIM01,CTDMO
GP03FLMA-RIM01-02-CTDMOG048,pressure_temp,pressure_temp,,,L0,counts,GP03FLMA,RIM01,CTDMO
GP03FLMA-RIM01-02-CTDMOG048,ctd_time,ctd_time,,,ENG,seconds since 2000-01-01,GP03FLMA,RIM01,CTDMO
GP03FLMA-RIM01-02-CTDMOG048,sio_controller_timestamp,sio_controller_timestamp,,,ENG,seconds since 1970-01-01,GP03FLMA,RIM01,CTDMO
GP03FLMA-RIM01-02-CTDMOG048,ctd_time_offset,ctd_time_offset,,,,s,GP03FLMA,RIM01,CTDMO
GP03FLMA-RIM01-02-CTDMOG048,ctdmo_seawater_pressure,ctdmo_seawater_pressure,0,6000,L1,dbar,GP03FLMA,RIM01,CTDMO
GP03FLMA-RIM01-02-CTDMOG048,ctdmo_seawater_temperature,ctdmo_seawater_temperature,-2,40,L1,deg_C,GP03FLMA,RIM01,CTDMO
GP03FLMA-RIM01-02-CTDMOG048,ctdmo_seawater_conductivity,ctdmo_seawater_conductivity,0,6,L1,S m-1,GP03FLMA,RIM01,CTDMO
GP03FLMA-RIM01-02-CTDMOG048,ctdmo_practical_salinity,ctdmo_practical_salinity,0,42,L2,(unitless),GP03FLMA,RIM01,CTDMO
GP03FLMA-RIM01-02-CTDMOG048,ctdmo_seawater_density,ctdmo_seawater_density,1000,1100,L2,kg m-3,GP03FLMA,RIM01,CTDMO
GP03FLMA-RIM01-02-CTDMOG048,serial_number,serial_number,,,ENG,1,GP03FLMA,RIM01,CTDMO
GP03FLMA-RIM01-02-CTDMOG048,time,time,,,ENG,seconds since 1900-01-01,GP03FLMA,RIM01,CTDMO
GP03FLMA-RIM01-02-CTDMOG048,ingestion_timestamp,ingestion_timestamp,,,ENG,seconds since 1900-01-01,GP03FLMA,RIM01,CTDMO
GP03FLMA-RIM01-02-CTDMOH049,driver_timestamp,driver_timestamp,,,ENG,seconds since 1900-01-01,GP03FLMA,RIM01,CTDMO
GP03FLMA-RIM01-02-CTDMOH049,internal_timestamp,internal_timestamp,,,ENG,seconds since 1900-01-01,GP03FLMA,RIM01,CTDMO
GP03FLMA-RIM01-02-CTDMOH049,inductive_id,inductive_id,,,ENG,1,GP03FLMA,RIM01,CTDMO
GP03FLMA-RIM01-02-CTDMOH049,preferred_timestamp,preferred_timestamp,,,ENG,1,GP03FLMA,RIM01,CTDMO
GP03FLMA-RIM01-02-CTDMOH049,temperature,temperature,,,L0,counts,GP03FLMA,RIM01,CTDMO
GP03FLMA-RIM01-02-CTDMOH049,conductivity,conductivity,,,L0,counts,GP03FLMA,RIM01,CTDMO
GP03FLMA-RIM01-02-CTDMOH049,pressure,pressure,,,L0,counts,GP03FLMA,RIM01,CTDMO
GP03FLMA-RIM01-02-CTDMOH049,pressure_temp,pressure_temp,,,L0,counts,GP03FLMA,RIM01,CTDMO
GP03FLMA-RIM01-02-CTDMOH049,ctd_time,ctd_time,,,ENG,seconds since 2000-01-01,GP03FLMA,RIM01,CTDMO
GP03FLMA-RIM01-02-CTDMOH049,sio_controller_timestamp,sio_controller_timestamp,,,ENG,seconds since 1970-01-01,GP03FLMA,RIM01,CTDMO
GP03FLMA-RIM01-02-CTDMOH049,ctd_time_offset,ctd_time_offset,,,,s,GP03FLMA,RIM01,CTDMO
GP03FLMA-RIM01-02-CTDMOH049,ctdmo_seawater_pressure,ctdmo_seawater_pressure,0,6000,L1,dbar,GP03FLMA,RIM01,CTDMO
GP03FLMA-RIM01-02-CTDMOH049,ctdmo_seawater_temperature,ctdmo_seawater_temperature,-2,40,L1,deg_C,GP03FLMA,RIM01,CTDMO
GP03FLMA-RIM01-02-CTDMOH049,ctdmo_seawater_conductivity,ctdmo_seawater_conductivity,0,6,L1,S m-1,GP03FLMA,RIM01,CTDMO
GP03FLMA-RIM01-02-CTDMOH049,ctdmo_practical_salinity,ctdmo_practical_salinity,0,42,L2,(unitless),GP03FLMA,RIM01,CTDMO
GP03FLMA-RIM01-02-CTDMOH049,ctdmo_seawater_density,ctdmo_seawater_density,1000,1100,L2,kg m-3,GP03FLMA,RIM01,CTDMO
GP03FLMA-RIM01-02-CTDMOH049,serial_number,serial_number,,,ENG,1,GP03FLMA,RIM01,CTDMO
GP03FLMA-RIM01-02-CTDMOH049,time,time,,,ENG,seconds since 1900-01-01,GP03FLMA,RIM01,CTDMO
GP03FLMA-RIM01-02-CTDMOH049,ingestion_timestamp,ingestion_timestamp,,,ENG,seconds since 1900-01-01,GP03FLMA,RIM01,CTDMO
GP03FLMA-RIM01-02-CTDMOH050,driver_timestamp,driver_timestamp,,,ENG,seconds since 1900-01-01,GP03FLMA,RIM01,CTDMO
GP03FLMA-RIM01-02-CTDMOH050,internal_timestamp,internal_timestamp,,,ENG,seconds since 1900-01-01,GP03FLMA,RIM01,CTDMO
GP03FLMA-RIM01-02-CTDMOH050,inductive_id,inductive_id,,,ENG,1,GP03FLMA,RIM01,CTDMO
GP03FLMA-RIM01-02-CTDMOH050,preferred_timestamp,preferred_timestamp,,,ENG,1,GP03FLMA,RIM01,CTDMO
GP03FLMA-RIM01-02-CTDMOH050,temperature,temperature,,,L0,counts,GP03FLMA,RIM01,CTDMO
GP03FLMA-RIM01-02-CTDMOH050,conductivity,conductivity,,,L0,counts,GP03FLMA,RIM01,CTDMO
GP03FLMA-RIM01-02-CTDMOH050,pressure,pressure,,,L0,counts,GP03FLMA,RIM01,CTDMO
GP03FLMA-RIM01-02-CTDMOH050,pressure_temp,pressure_temp,,,L0,counts,GP03FLMA,RIM01,CTDMO
GP03FLMA-RIM01-02-CTDMOH050,ctd_time,ctd_time,,,ENG,seconds since 2000-01-01,GP03FLMA,RIM01,CTDMO
GP03FLMA-RIM01-02-CTDMOH050,sio_controller_timestamp,sio_controller_timestamp,,,ENG,seconds since 1970-01-01,GP03FLMA,RIM01,CTDMO
GP03FLMA-RIM01-02-CTDMOH050,ctd_time_offset,ctd_time_offset,,,,s,GP03FLMA,RIM01,CTDMO
GP03FLMA-RIM01-02-CTDMOH050,ctdmo_seawater_pressure,ctdmo_seawater_pressure,0,6000,L1,dbar,GP03FLMA,RIM01,CTDMO
GP03FLMA-RIM01-02-CTDMOH050,ctdmo_seawater_temperature,ctdmo_seawater_temperature,-2,40,L1,deg_C,GP03FLMA,RIM01,CTDMO
GP03FLMA-RIM01-02-CTDMOH050,ctdmo_seawater_conductivity,ctdmo_seawater_conductivity,0,6,L1,S m-1,GP03FLMA,RIM01,CTDMO
GP03FLMA-RIM01-02-CTDMOH050,ctdmo_practical_salinity,ctdmo_practical_salinity,0,42,L2,(unitless),GP03FLMA,RIM01,CTDMO
GP03FLMA-RIM01-02-CTDMOH050,ctdmo_seawater_density,ctdmo_seawater_density,1000,1100,L2,kg m-3,GP03FLMA,RIM01,CTDMO
GP03FLMA-RIM01-02-CTDMOH050,serial_number,serial_number,,,ENG,1,GP03FLMA,RIM01,CTDMO
GP03FLMA-RIM01-02-CTDMOH050,time,time,,,ENG,seconds since 1900-01-01,GP03FLMA,RIM01,CTDMO
GP03FLMA-RIM01-02-CTDMOH050,ingestion_timestamp,ingestion_timestamp,,,ENG,seconds since 1900-01-01,GP03FLMA,RIM01,CTDMO
GP03FLMA-RIM01-02-CTDMOH051,driver_timestamp,driver_timestamp,,,ENG,seconds since 1900-01-01,GP03FLMA,RIM01,CTDMO
GP03FLMA-RIM01-02-CTDMOH051,internal_timestamp,internal_timestamp,,,ENG,seconds since 1900-01-01,GP03FLMA,RIM01,CTDMO
GP03FLMA-RIM01-02-CTDMOH051,inductive_id,inductive_id,,,ENG,1,GP03FLMA,RIM01,CTDMO
GP03FLMA-RIM01-02-CTDMOH051,preferred_timestamp,preferred_timestamp,,,ENG,1,GP03FLMA,RIM01,CTDMO
GP03FLMA-RIM01-02-CTDMOH051,temperature,temperature,,,L0,counts,GP03FLMA,RIM01,CTDMO
GP03FLMA-RIM01-02-CTDMOH051,conductivity,conductivity,,,L0,counts,GP03FLMA,RIM01,CTDMO
GP03FLMA-RIM01-02-CTDMOH051,pressure,pressure,,,L0,counts,GP03FLMA,RIM01,CTDMO
GP03FLMA-RIM01-02-CTDMOH051,pressure_temp,pressure_temp,,,L0,counts,GP03FLMA,RIM01,CTDMO
GP03FLMA-RIM01-02-CTDMOH051,ctd_time,ctd_time,,,ENG,seconds since 2000-01-01,GP03FLMA,RIM01,CTDMO
GP03FLMA-RIM01-02-CTDMOH051,sio_controller_timestamp,sio_controller_timestamp,,,ENG,seconds since 1970-01-01,GP03FLMA,RIM01,CTDMO
GP03FLMA-RIM01-02-CTDMOH051,ctd_time_offset,ctd_time_offset,,,,s,GP03FLMA,RIM01,CTDMO
GP03FLMA-RIM01-02-CTDMOH051,ctdmo_seawater_pressure,ctdmo_seawater_pressure,0,6000,L1,dbar,GP03FLMA,RIM01,CTDMO
GP03FLMA-RIM01-02-CTDMOH051,ctdmo_seawater_temperature,ctdmo_seawater_temperature,-2,40,L1,deg_C,GP03FLMA,RIM01,CTDMO
GP03FLMA-RIM01-02-CTDMOH051,ctdmo_seawater_conductivity,ctdmo_seawater_conductivity,0,6,L1,S m-1,GP03FLMA,RIM01,CTDMO
GP03FLMA-RIM01-02-CTDMOH051,ctdmo_practical_salinity,ctdmo_practical_salinity,0,42,L2,(unitless),GP03FLMA,RIM01,CTDMO
GP03FLMA-RIM01-02-CTDMOH051,ctdmo_seawater_density,ctdmo_seawater_density,1000,1100,L2,kg m-3,GP03FLMA,RIM01,CTDMO
GP03FLMA-RIM01-02-CTDMOH051,serial_number,serial_number,,,ENG,1,GP03FLMA,RIM01,CTDMO
GP03FLMA-RIM01-02-CTDMOH051,time,time,,,ENG,seconds since 1900-01-01,GP03FLMA,RIM01,CTDMO
GP03FLMA-RIM01-02-CTDMOH051,ingestion_timestamp,ingestion_timestamp,,,ENG,seconds since 1900-01-01,GP03FLMA,RIM01,CTDMO
GP03FLMA-RIS01-03-DOSTAD000,product_number,product_number,,,,1,GP03FLMA,RIS01,DOSTA
GP03FLMA-RIS01-03-DOSTAD000,driver_timestamp,driver_timestamp,,,ENG,seconds since 1900-01-01,GP03FLMA,RIS01,DOSTA
GP03FLMA-RIS01-03-DOSTAD000,internal_timestamp,internal_timestamp,,,ENG,seconds since 1900-01-01,GP03FLMA,RIS01,DOSTA
GP03FLMA-RIS01-03-DOSTAD000,preferred_timestamp,preferred_timestamp,,,ENG,1,GP03FLMA,RIS01,DOSTA
GP03FLMA-RIS01-03-DOSTAD000,sio_controller_timestamp,sio_controller_timestamp,,,ENG,seconds since 1970-01-01,GP03FLMA,RIS01,DOSTA
GP03FLMA-RIS01-03-DOSTAD000,dosta_abcdjm_cspp_tc_oxygen,dosta_abcdjm_cspp_tc_oxygen,0,400,L1,umol L-1,GP03FLMA,RIS01,DOSTA
GP03FLMA-RIS01-03-DOSTAD000,serial_number,serial_number,,,ENG,1,GP03FLMA,RIS01,DOSTA
GP03FLMA-RIS01-03-DOSTAD000,dosta_abcdjm_sio_abs_oxygen,dosta_abcdjm_sio_abs_oxygen,0,400,L2,umol kg-1,GP03FLMA,RIS01,DOSTA
GP03FLMA-RIS01-03-DOSTAD000,time,time,,,ENG,seconds since 1900-01-01,GP03FLMA,RIS01,DOSTA
GP03FLMA-RIS01-03-DOSTAD000,ingestion_timestamp,ingestion_timestamp,,,ENG,seconds since 1900-01-01,GP03FLMA,RIS01,DOSTA
GP03FLMA-RIS01-03-DOSTAD000,estimated_oxygen_concentration,estimated_oxygen_concentration,0,400,L1,umol L-1,GP03FLMA,RIS01,DOSTA
GP03FLMA-RIS01-03-DOSTAD000,estimated_oxygen_saturation,estimated_oxygen_saturation,0,110,L1,percent,GP03FLMA,RIS01,DOSTA
GP03FLMA-RIS01-03-DOSTAD000,optode_temperature,optode_temperature,-2,40,,deg_C,GP03FLMA,RIS01,DOSTA
GP03FLMA-RIS01-03-DOSTAD000,calibrated_phase,calibrated_phase,,,L0,degrees,GP03FLMA,RIS01,DOSTA
GP03FLMA-RIS01-03-DOSTAD000,temp_compensated_phase,temp_compensated_phase,,,,degrees,GP03FLMA,RIS01,DOSTA
GP03FLMA-RIS01-03-DOSTAD000,blue_phase,blue_phase,,,,degrees,GP03FLMA,RIS01,DOSTA
GP03FLMA-RIS01-03-DOSTAD000,red_phase,red_phase,,,,degrees,GP03FLMA,RIS01,DOSTA
GP03FLMA-RIS01-03-DOSTAD000,blue_amplitude,blue_amplitude,,,,mV,GP03FLMA,RIS01,DOSTA
GP03FLMA-RIS01-03-DOSTAD000,red_amplitude,red_amplitude,,,,mV,GP03FLMA,RIS01,DOSTA
GP03FLMA-RIS01-03-DOSTAD000,raw_temperature,raw_temperature,,,,mV,GP03FLMA,RIS01,DOSTA
GP03FLMA-RIS01-04-PHSENF000,driver_timestamp,driver_timestamp,,,ENG,seconds since 1900-01-01,GP03FLMA,RIS01,PHSEN
GP03FLMA-RIS01-04-PHSENF000,external_device2_fault,external_device2_fault,,,,1,GP03FLMA,RIS01,PHSEN
GP03FLMA-RIS01-04-PHSENF000,external_device3_fault,external_device3_fault,,,,1,GP03FLMA,RIS01,PHSEN
GP03FLMA-RIS01-04-PHSENF000,num_data_records,num_data_records,,,,1,GP03FLMA,RIS01,PHSEN
GP03FLMA-RIS01-04-PHSENF000,num_error_records,num_error_records,,,,1,GP03FLMA,RIS01,PHSEN
GP03FLMA-RIS01-04-PHSENF000,num_bytes_stored,num_bytes_stored,,,,bytes,GP03FLMA,RIS01,PHSEN
GP03FLMA-RIS01-04-PHSENF000,internal_timestamp,internal_timestamp,,,ENG,seconds since 1900-01-01,GP03FLMA,RIS01,PHSEN
GP03FLMA-RIS01-04-PHSENF000,preferred_timestamp,preferred_timestamp,,,ENG,1,GP03FLMA,RIS01,PHSEN
GP03FLMA-RIS01-04-PHSENF000,sio_controller_timestamp,sio_controller_timestamp,,,ENG,seconds since 1970-01-01,GP03FLMA,RIS01,PHSEN
GP03FLMA-RIS01-04-PHSENF000,passed_checksum,passed_checksum,,,ENG,1,GP03FLMA,RIS01,PHSEN
GP03FLMA-RIS01-04-PHSENF000,phsen_abcdef_ph_seawater,phsen_abcdef_ph_seawater,7.3,8.5,L1,(unitless),GP03FLMA,RIS01,PHSEN
GP03FLMA-RIS01-04-PHSENF000,battery_low_blank,battery_low_blank,,,,1,GP03FLMA,RIS01,PHSEN
GP03FLMA-RIS01-04-PHSENF000,unique_id,unique_id,,,,1,GP03FLMA,RIS01,PHSEN
GP03FLMA-RIS01-04-PHSENF000,record_type,record_type,,,,1,GP03FLMA,RIS01,PHSEN
GP03FLMA-RIS01-04-PHSENF000,record_time,record_time,,,,seconds since 1904-01-01,GP03FLMA,RIS01,PHSEN
GP03FLMA-RIS01-04-PHSENF000,light_measurements,light_measurements,,,,counts,GP03FLMA,RIS01,PHSEN
GP03FLMA-RIS01-04-PHSENF000,voltage_battery,voltage_battery,,,,counts,GP03FLMA,RIS01,PHSEN
GP03FLMA-RIS01-04-PHSENF000,clock_active,clock_active,,,,1,GP03FLMA,RIS01,PHSEN
GP03FLMA-RIS01-04-PHSENF000,recording_active,recording_active,,,,1,GP03FLMA,RIS01,PHSEN
GP03FLMA-RIS01-04-PHSENF000,record_end_on_time,record_end_on_time,,,,1,GP03FLMA,RIS01,PHSEN
GP03FLMA-RIS01-04-PHSENF000,record_memory_full,record_memory_full,,,,1,GP03FLMA,RIS01,PHSEN
GP03FLMA-RIS01-04-PHSENF000,phsen_abcdef_signal_intensity_434,phsen_abcdef_signal_intensity_434,,,L0,counts,GP03FLMA,RIS01,PHSEN
GP03FLMA-RIS01-04-PHSENF000,phsen_abcdef_signal_intensity_578,phsen_abcdef_signal_intensity_578,,,L0,counts,GP03FLMA,RIS01,PHSEN
GP03FLMA-RIS01-04-PHSENF000,record_end_on_error,record_end_on_error,,,,1,GP03FLMA,RIS01,PHSEN
GP03FLMA-RIS01-04-PHSENF000,data_download_ok,data_download_ok,,,,1,GP03FLMA,RIS01,PHSEN
GP03FLMA-RIS01-04-PHSENF000,flash_memory_open,flash_memory_open,,,,1,GP03FLMA,RIS01,PHSEN
GP03FLMA-RIS01-04-PHSENF000,battery_low_prestart,battery_low_prestart,,,,1,GP03FLMA,RIS01,PHSEN
GP03FLMA-RIS01-04-PHSENF000,battery_low_measurement,battery_low_measurement,,,,1,GP03FLMA,RIS01,PHSEN
GP03FLMA-RIS01-04-PHSENF000,battery_low_external,battery_low_external,,,,1,GP03FLMA,RIS01,PHSEN
GP03FLMA-RIS01-04-PHSENF000,external_device1_fault,external_device1_fault,,,,1,GP03FLMA,RIS01,PHSEN
GP03FLMA-RIS01-04-PHSENF000,flash_erased,flash_erased,,,,1,GP03FLMA,RIS01,PHSEN
GP03FLMA-RIS01-04-PHSENF000,power_on_invalid,power_on_invalid,,,,1,GP03FLMA,RIS01,PHSEN
GP03FLMA-RIS01-04-PHSENF000,time,time,,,ENG,seconds since 1900-01-01,GP03FLMA,RIS01,PHSEN
GP03FLMA-RIS01-04-PHSENF000,ingestion_timestamp,ingestion_timestamp,,,ENG,seconds since 1900-01-01,GP03FLMA,RIS01,PHSEN
GP03FLMA-RIS01-04-PHSENF000,thermistor_start,thermistor_start,,,,counts,GP03FLMA,RIS01,PHSEN
GP03FLMA-RIS01-04-PHSENF000,reference_light_measurements,reference_light_measurements,,,,counts,GP03FLMA,RIS01,PHSEN
GP03FLMA-RIS01-04-PHSENF000,thermistor_end,thermistor_end,,,,counts,GP03FLMA,RIS01,PHSEN
GP03FLMA-RIS01-04-PHSENF000,phsen_thermistor_temperature,phsen_thermistor_temperature,,,L0,V,GP03FLMA,RIS01,PHSEN
GP03FLMA-RIS01-05-FLORTD000,driver_timestamp,driver_timestamp,,,ENG,seconds since 1900-01-01,GP03FLMA,RIS01,FLORT
GP03FLMA-RIS01-05-FLORTD000,date_string,date_string,,,ENG,1,GP03FLMA,RIS01,FLORT
GP03FLMA-RIS01-05-FLORTD000,time_string,time_string,,,ENG,1,GP03FLMA,RIS01,FLORT
GP03FLMA-RIS01-05-FLORTD000,measurement_wavelength_beta,measurement_wavelength_beta,,,,nm,GP03FLMA,RIS01,FLORT
GP03FLMA-RIS01-05-FLORTD000,raw_signal_beta,raw_signal_beta,,,L0,counts,GP03FLMA,RIS01,FLORT
GP03FLMA-RIS01-05-FLORTD000,measurement_wavelength_chl,measurement_wavelength_chl,,,,nm,GP03FLMA,RIS01,FLORT
GP03FLMA-RIS01-05-FLORTD000,raw_signal_chl,raw_signal_chl,,,L0,counts,GP03FLMA,RIS01,FLORT
GP03FLMA-RIS01-05-FLORTD000,measurement_wavelength_cdom,measurement_wavelength_cdom,,,,nm,GP03FLMA,RIS01,FLORT
GP03FLMA-RIS01-05-FLORTD000,raw_signal_cdom,raw_signal_cdom,,,L0,counts,GP03FLMA,RIS01,FLORT
GP03FLMA-RIS01-05-FLORTD000,raw_internal_temp,raw_internal_temp,,,,counts,GP03FLMA,RIS01,FLORT
GP03FLMA-RIS01-05-FLORTD000,internal_timestamp,internal_timestamp,,,ENG,seconds since 1900-01-01,GP03FLMA,RIS01,FLORT
GP03FLMA-RIS01-05-FLORTD000,preferred_timestamp,preferred_timestamp,,,ENG,1,GP03FLMA,RIS01,FLORT
GP03FLMA-RIS01-05-FLORTD000,flort_k_total_volume_scattering_coefficient,flort_k_total_volume_scattering_coefficient,,,L1,m-1 sr-1,GP03FLMA,RIS01,FLORT
GP03FLMA-RIS01-05-FLORTD000,fluorometric_chlorophyll_a,fluorometric_chlorophyll_a,0,50,L1,ug L-1,GP03FLMA,RIS01,FLORT
GP03FLMA-RIS01-05-FLORTD000,fluorometric_cdom,fluorometric_cdom,0,375,L1,ppb,GP03FLMA,RIS01,FLORT
GP03FLMA-RIS01-05-FLORTD000,sio_controller_timestamp,sio_controller_timestamp,,,ENG,seconds since 1970-01-01,GP03FLMA,RIS01,FLORT
GP03FLMA-RIS01-05-FLORTD000,flort_dj_bback_total,flort_dj_bback_total,0.0003,1,L2,m-1,GP03FLMA,RIS01,FLORT
GP03FLMA-RIS01-05-FLORTD000,flort_dj_scat_seawater,flort_dj_scat_seawater,,,AUX,m-1,GP03FLMA,RIS01,FLORT
GP03FLMA-RIS01-05-FLORTD000,time,time,,,ENG,seconds since 1900-01-01,GP03FLMA,RIS01,FLORT
GP03FLMA-RIS01-05-FLORTD000,ingestion_timestamp,ingestion_timestamp,,,ENG,seconds since 1900-01-01,GP03FLMA,RIS01,FLORT
GP03FLMB-RIM01-02-ADCPSL007,driver_timestamp,driver_timestamp,,,ENG,seconds since 1900-01-01,GP03FLMB,RIM01,ADCPS
GP03FLMB-RIM01-02-ADCPSL007,ensemble_start_time_2,ensemble_start_time_2,,,,seconds since 1900-01-01,GP03FLMB,RIM01,ADCPS
GP03FLMB-RIM01-02-ADCPSL007,real_time_clock_2,real_time_clock_2,,,,1,GP03FLMB,RIM01,ADCPS
GP03FLMB-RIM01-02-ADCPSL007,internal_timestamp,internal_timestamp,,,ENG,seconds since 1900-01-01,GP03FLMB,RIM01,ADCPS
GP03FLMB-RIM01-02-ADCPSL007,ensemble_number,ensemble_number,,,,1,GP03FLMB,RIM01,ADCPS
GP03FLMB-RIM01-02-ADCPSL007,unit_id,unit_id,,,,1,GP03FLMB,RIM01,ADCPS
GP03FLMB-RIM01-02-ADCPSL007,preferred_timestamp,preferred_timestamp,,,ENG,1,GP03FLMB,RIM01,ADCPS
GP03FLMB-RIM01-02-ADCPSL007,adcps_jln_year,adcps_jln_year,,,,year,GP03FLMB,RIM01,ADCPS
GP03FLMB-RIM01-02-ADCPSL007,adcps_jln_month,adcps_jln_month,,,,month,GP03FLMB,RIM01,ADCPS
GP03FLMB-RIM01-02-ADCPSL007,adcps_jln_day,adcps_jln_day,,,,day,GP03FLMB,RIM01,ADCPS
GP03FLMB-RIM01-02-ADCPSL007,adcps_jln_hour,adcps_jln_hour,,,,hour,GP03FLMB,RIM01,ADCPS
GP03FLMB-RIM01-02-ADCPSL007,adcps_jln_minute,adcps_jln_minute,,,,minute,GP03FLMB,RIM01,ADCPS
GP03FLMB-RIM01-02-ADCPSL007,adcps_jln_second,adcps_jln_second,,,,sec,GP03FLMB,RIM01,ADCPS
GP03FLMB-RIM01-02-ADCPSL007,adcps_jln_hsec,adcps_jln_hsec,,,,csec,GP03FLMB,RIM01,ADCPS
GP03FLMB-RIM01-02-ADCPSL007,adcps_jln_heading,adcps_jln_heading,,,,cdegree,GP03FLMB,RIM01,ADCPS
GP03FLMB-RIM01-02-ADCPSL007,adcps_jln_pitch,adcps_jln_pitch,,,,cdegree,GP03FLMB,RIM01,ADCPS
GP03FLMB-RIM01-02-ADCPSL007,adcps_jln_roll,adcps_jln_roll,,,,cdegree,GP03FLMB,RIM01,ADCPS
GP03FLMB-RIM01-02-ADCPSL007,adcps_jln_temp,adcps_jln_temp,,,,cdeg_C,GP03FLMB,RIM01,ADCPS
GP03FLMB-RIM01-02-ADCPSL007,adcps_jln_pressure,adcps_jln_pressure,,,,daPa,GP03FLMB,RIM01,ADCPS
GP03FLMB-RIM01-02-ADCPSL007,adcps_jln_startbin,adcps_jln_startbin,,,,1,GP03FLMB,RIM01,ADCPS
GP03FLMB-RIM01-02-ADCPSL007,adcps_jln_bins,adcps_jln_bins,,,,1,GP03FLMB,RIM01,ADCPS
GP03FLMB-RIM01-02-ADCPSL007,sensor_available_speed,sensor_available_speed,,,,1,GP03FLMB,RIM01,ADCPS
GP03FLMB-RIM01-02-ADCPSL007,sysconfig_beam_angle,sysconfig_beam_angle,,,,1,GP03FLMB,RIM01,ADCPS
GP03FLMB-RIM01-02-ADCPSL007,sysconfig_beam_config,sysconfig_beam_config,,,,1,GP03FLMB,RIM01,ADCPS
GP03FLMB-RIM01-02-ADCPSL007,sio_controller_timestamp,sio_controller_timestamp,,,ENG,seconds since 1970-01-01,GP03FLMB,RIM01,ADCPS
GP03FLMB-RIM01-02-ADCPSL007,adcps_jln_upward_seawater_velocity2,adcps_jln_upward_seawater_velocity2,-1,1,L1,m s-1,GP03FLMB,RIM01,ADCPS
GP03FLMB-RIM01-02-ADCPSL007,adcps_jln_error_velocity2,adcps_jln_error_velocity2,-1,1,L1,m s-1,GP03FLMB,RIM01,ADCPS
GP03FLMB-RIM01-02-ADCPSL007,adcps_jln_echo_intensity_beam1,adcps_jln_echo_intensity_beam1,0,255,L1,dB,GP03FLMB,RIM01,ADCPS
GP03FLMB-RIM01-02-ADCPSL007,adcps_jln_echo_intensity_beam2,adcps_jln_echo_intensity_beam2,0,255,L1,dB,GP03FLMB,RIM01,ADCPS
GP03FLMB-RIM01-02-ADCPSL007,adcps_jln_echo_intensity_beam3,adcps_jln_echo_intensity_beam3,0,255,L1,dB,GP03FLMB,RIM01,ADCPS
GP03FLMB-RIM01-02-ADCPSL007,adcps_jln_echo_intensity_beam4,adcps_jln_echo_intensity_beam4,0,255,L1,dB,GP03FLMB,RIM01,ADCPS
GP03FLMB-RIM01-02-ADCPSL007,serial_number,serial_number,,,ENG,1,GP03FLMB,RIM01,ADCPS
GP03FLMB-RIM01-02-ADCPSL007,adcps_jln_eastward_earth_seawater_velocity,adcps_jln_eastward_earth_seawater_velocity,-3,3,L1,m s-1,GP03FLMB,RIM01,ADCPS
GP03FLMB-RIM01-02-ADCPSL007,adcps_jln_northward_earth_seawater_velocity,adcps_jln_northward_earth_seawater_velocity,-3,3,L1,m s-1,GP03FLMB,RIM01,ADCPS
GP03FLMB-RIM01-02-ADCPSL007,adcps_jln_recovered_eastward_seawater_velocity,adcps_jln_recovered_eastward_seawater_velocity,-3,3,L1,m s-1,GP03FLMB,RIM01,ADCPS
GP03FLMB-RIM01-02-ADCPSL007,adcps_jln_recovered_northward_seawater_velocity,adcps_jln_recovered_northward_seawater_velocity,-3,3,L1,m s-1,GP03FLMB,RIM01,ADCPS
GP03FLMB-RIM01-02-ADCPSL007,firmware_version,firmware_version,,,,1,GP03FLMB,RIM01,ADCPS
GP03FLMB-RIM01-02-ADCPSL007,firmware_revision,firmware_revision,,,,1,GP03FLMB,RIM01,ADCPS
GP03FLMB-RIM01-02-ADCPSL007,sysconfig_frequency,sysconfig_frequency,,,,kHz,GP03FLMB,RIM01,ADCPS
GP03FLMB-RIM01-02-ADCPSL007,sysconfig_beam_pattern,sysconfig_beam_pattern,,,,1,GP03FLMB,RIM01,ADCPS
GP03FLMB-RIM01-02-ADCPSL007,sysconfig_sensor_config,sysconfig_sensor_config,,,,1,GP03FLMB,RIM01,ADCPS
GP03FLMB-RIM01-02-ADCPSL007,sysconfig_head_attached,sysconfig_head_attached,,,,1,GP03FLMB,RIM01,ADCPS
GP03FLMB-RIM01-02-ADCPSL007,sysconfig_vertical_orientation,sysconfig_vertical_orientation,,,,1,GP03FLMB,RIM01,ADCPS
GP03FLMB-RIM01-02-ADCPSL007,data_flag,data_flag,,,,1,GP03FLMB,RIM01,ADCPS
GP03FLMB-RIM01-02-ADCPSL007,lag_length,lag_length,,,,s,GP03FLMB,RIM01,ADCPS
GP03FLMB-RIM01-02-ADCPSL007,num_beams,num_beams,,,,1,GP03FLMB,RIM01,ADCPS
GP03FLMB-RIM01-02-ADCPSL007,num_cells,num_cells,,,,1,GP03FLMB,RIM01,ADCPS
GP03FLMB-RIM01-02-ADCPSL007,pings_per_ensemble,pings_per_ensemble,,,,1,GP03FLMB,RIM01,ADCPS
GP03FLMB-RIM01-02-ADCPSL007,cell_length,cell_length,,,,cm,GP03FLMB,RIM01,ADCPS
GP03FLMB-RIM01-02-ADCPSL007,blank_after_transmit,blank_after_transmit,,,,cm,GP03FLMB,RIM01,ADCPS
GP03FLMB-RIM01-02-ADCPSL007,signal_processing_mode,signal_processing_mode,,,,1,GP03FLMB,RIM01,ADCPS
GP03FLMB-RIM01-02-ADCPSL007,low_corr_threshold,low_corr_threshold,,,,counts,GP03FLMB,RIM01,ADCPS
GP03FLMB-RIM01-02-ADCPSL007,num_code_repetitions,num_code_repetitions,,,,counts,GP03FLMB,RIM01,ADCPS
GP03FLMB-RIM01-02-ADCPSL007,percent_good_min,percent_good_min,,,,percent,GP03FLMB,RIM01,ADCPS
GP03FLMB-RIM01-02-ADCPSL007,error_vel_threshold,error_vel_threshold,,,,mm s-1,GP03FLMB,RIM01,ADCPS
GP03FLMB-RIM01-02-ADCPSL007,time_per_ping_minutes,time_per_ping_minutes,,,,min,GP03FLMB,RIM01,ADCPS
GP03FLMB-RIM01-02-ADCPSL007,time_per_ping_seconds,time_per_ping_seconds,,,,s,GP03FLMB,RIM01,ADCPS
GP03FLMB-RIM01-02-ADCPSL007,coord_transform_type,coord_transform_type,,,,1,GP03FLMB,RIM01,ADCPS
GP03FLMB-RIM01-02-ADCPSL007,coord_transform_tilts,coord_transform_tilts,,,,1,GP03FLMB,RIM01,ADCPS
GP03FLMB-RIM01-02-ADCPSL007,coord_transform_beams,coord_transform_beams,,,,1,GP03FLMB,RIM01,ADCPS
GP03FLMB-RIM01-02-ADCPSL007,coord_transform_mapping,coord_transform_mapping,,,,1,GP03FLMB,RIM01,ADCPS
GP03FLMB-RIM01-02-ADCPSL007,heading_alignment,heading_alignment,,,,cdegrees,GP03FLMB,RIM01,ADCPS
GP03FLMB-RIM01-02-ADCPSL007,heading_bias,heading_bias,,,,cdegrees,GP03FLMB,RIM01,ADCPS
GP03FLMB-RIM01-02-ADCPSL007,sensor_source_speed,sensor_source_speed,,,,1,GP03FLMB,RIM01,ADCPS
GP03FLMB-RIM01-02-ADCPSL007,sensor_source_depth,sensor_source_depth,,,,1,GP03FLMB,RIM01,ADCPS
GP03FLMB-RIM01-02-ADCPSL007,sensor_source_heading,sensor_source_heading,,,,1,GP03FLMB,RIM01,ADCPS
GP03FLMB-RIM01-02-ADCPSL007,sensor_source_pitch,sensor_source_pitch,,,,1,GP03FLMB,RIM01,ADCPS
GP03FLMB-RIM01-02-ADCPSL007,sensor_source_roll,sensor_source_roll,,,,1,GP03FLMB,RIM01,ADCPS
GP03FLMB-RIM01-02-ADCPSL007,sensor_source_conductivity,sensor_source_conductivity,,,,1,GP03FLMB,RIM01,ADCPS
GP03FLMB-RIM01-02-ADCPSL007,sensor_source_temperature,sensor_source_temperature,,,,1,GP03FLMB,RIM01,ADCPS
GP03FLMB-RIM01-02-ADCPSL007,sensor_available_depth,sensor_available_depth,,,,1,GP03FLMB,RIM01,ADCPS
GP03FLMB-RIM01-02-ADCPSL007,sensor_available_heading,sensor_available_heading,,,,1,GP03FLMB,RIM01,ADCPS
GP03FLMB-RIM01-02-ADCPSL007,sensor_available_pitch,sensor_available_pitch,,,,1,GP03FLMB,RIM01,ADCPS
GP03FLMB-RIM01-02-ADCPSL007,sensor_available_roll,sensor_available_roll,,,,1,GP03FLMB,RIM01,ADCPS
GP03FLMB-RIM01-02-ADCPSL007,sensor_available_conductivity,sensor_available_conductivity,,,,1,GP03FLMB,RIM01,ADCPS
GP03FLMB-RIM01-02-ADCPSL007,sensor_available_temperature,sensor_available_temperature,,,,1,GP03FLMB,RIM01,ADCPS
GP03FLMB-RIM01-02-ADCPSL007,bin_1_distance,bin_1_distance,,,,cm,GP03FLMB,RIM01,ADCPS
GP03FLMB-RIM01-02-ADCPSL007,transmit_pulse_length,transmit_pulse_length,,,,cm,GP03FLMB,RIM01,ADCPS
GP03FLMB-RIM01-02-ADCPSL007,reference_layer_start,reference_layer_start,,,,1,GP03FLMB,RIM01,ADCPS
GP03FLMB-RIM01-02-ADCPSL007,reference_layer_stop,reference_layer_stop,,,,1,GP03FLMB,RIM01,ADCPS
GP03FLMB-RIM01-02-ADCPSL007,false_target_threshold,false_target_threshold,,,,counts,GP03FLMB,RIM01,ADCPS
GP03FLMB-RIM01-02-ADCPSL007,low_latency_trigger,low_latency_trigger,,,,1,GP03FLMB,RIM01,ADCPS
GP03FLMB-RIM01-02-ADCPSL007,transmit_lag_distance,transmit_lag_distance,,,,cm,GP03FLMB,RIM01,ADCPS
GP03FLMB-RIM01-02-ADCPSL007,cpu_board_serial_number,cpu_board_serial_number,,,,1,GP03FLMB,RIM01,ADCPS
GP03FLMB-RIM01-02-ADCPSL007,system_bandwidth,system_bandwidth,,,,1,GP03FLMB,RIM01,ADCPS
GP03FLMB-RIM01-02-ADCPSL007,system_power,system_power,,,,1,GP03FLMB,RIM01,ADCPS
GP03FLMB-RIM01-02-ADCPSL007,beam_angle,beam_angle,,,,degrees,GP03FLMB,RIM01,ADCPS
GP03FLMB-RIM01-02-ADCPSL007,ensemble_number,ensemble_number,,,,1,GP03FLMB,RIM01,ADCPS
GP03FLMB-RIM01-02-ADCPSL007,ensemble_number_increment,ensemble_number_increment,,,,1,GP03FLMB,RIM01,ADCPS
GP03FLMB-RIM01-02-ADCPSL007,bit_result_demod_1,bit_result_demod_1,,,,1,GP03FLMB,RIM01,ADCPS
GP03FLMB-RIM01-02-ADCPSL007,bit_result_demod_0,bit_result_demod_0,,,,1,GP03FLMB,RIM01,ADCPS
GP03FLMB-RIM01-02-ADCPSL007,bit_result_timing,bit_result_timing,,,,1,GP03FLMB,RIM01,ADCPS
GP03FLMB-RIM01-02-ADCPSL007,speed_of_sound,speed_of_sound,,,,m s-1,GP03FLMB,RIM01,ADCPS
GP03FLMB-RIM01-02-ADCPSL007,transducer_depth,transducer_depth,,,,dm,GP03FLMB,RIM01,ADCPS
GP03FLMB-RIM01-02-ADCPSL007,heading,heading,,,,cdegrees,GP03FLMB,RIM01,ADCPS
GP03FLMB-RIM01-02-ADCPSL007,pitch,pitch,,,,cdegrees,GP03FLMB,RIM01,ADCPS
GP03FLMB-RIM01-02-ADCPSL007,roll,roll,,,,cdegrees,GP03FLMB,RIM01,ADCPS
GP03FLMB-RIM01-02-ADCPSL007,salinity,salinity,,,,1,GP03FLMB,RIM01,ADCPS
GP03FLMB-RIM01-02-ADCPSL007,temperature,temperature,,,,cdeg_C,GP03FLMB,RIM01,ADCPS
GP03FLMB-RIM01-02-ADCPSL007,mpt_minutes,mpt_minutes,,,,min,GP03FLMB,RIM01,ADCPS
GP03FLMB-RIM01-02-ADCPSL007,mpt_seconds,mpt_seconds,,,,s,GP03FLMB,RIM01,ADCPS
GP03FLMB-RIM01-02-ADCPSL007,heading_stdev,heading_stdev,,,,degrees,GP03FLMB,RIM01,ADCPS
GP03FLMB-RIM01-02-ADCPSL007,pitch_stdev,pitch_stdev,,,,ddegrees,GP03FLMB,RIM01,ADCPS
GP03FLMB-RIM01-02-ADCPSL007,roll_stdev,roll_stdev,,,,ddegrees,GP03FLMB,RIM01,ADCPS
GP03FLMB-RIM01-02-ADCPSL007,adc_transmit_current,adc_transmit_current,,,,counts,GP03FLMB,RIM01,ADCPS
GP03FLMB-RIM01-02-ADCPSL007,adc_transmit_voltage,adc_transmit_voltage,,,,counts,GP03FLMB,RIM01,ADCPS
GP03FLMB-RIM01-02-ADCPSL007,adc_ambient_temp,adc_ambient_temp,,,,counts,GP03FLMB,RIM01,ADCPS
GP03FLMB-RIM01-02-ADCPSL007,adc_pressure_plus,adc_pressure_plus,,,,counts,GP03FLMB,RIM01,ADCPS
GP03FLMB-RIM01-02-ADCPSL007,adc_pressure_minus,adc_pressure_minus,,,,counts,GP03FLMB,RIM01,ADCPS
GP03FLMB-RIM01-02-ADCPSL007,adc_attitude_temp,adc_attitude_temp,,,,counts,GP03FLMB,RIM01,ADCPS
GP03FLMB-RIM01-02-ADCPSL007,adc_attitude,adc_attitude,,,,counts,GP03FLMB,RIM01,ADCPS
GP03FLMB-RIM01-02-ADCPSL007,adc_contamination_sensor,adc_contamination_sensor,,,,counts,GP03FLMB,RIM01,ADCPS
GP03FLMB-RIM01-02-ADCPSL007,bus_error_exception,bus_error_exception,,,,1,GP03FLMB,RIM01,ADCPS
GP03FLMB-RIM01-02-ADCPSL007,address_error_exception,address_error_exception,,,,1,GP03FLMB,RIM01,ADCPS
GP03FLMB-RIM01-02-ADCPSL007,illegal_instruction_exception,illegal_instruction_exception,,,,1,GP03FLMB,RIM01,ADCPS
GP03FLMB-RIM01-02-ADCPSL007,zero_divide_instruction,zero_divide_instruction,,,,1,GP03FLMB,RIM01,ADCPS
GP03FLMB-RIM01-02-ADCPSL007,emulator_exception,emulator_exception,,,,1,GP03FLMB,RIM01,ADCPS
GP03FLMB-RIM01-02-ADCPSL007,unassigned_exception,unassigned_exception,,,,1,GP03FLMB,RIM01,ADCPS
GP03FLMB-RIM01-02-ADCPSL007,watchdog_restart_occurred,watchdog_restart_occurred,,,,1,GP03FLMB,RIM01,ADCPS
GP03FLMB-RIM01-02-ADCPSL007,battery_saver_power,battery_saver_power,,,,1,GP03FLMB,RIM01,ADCPS
GP03FLMB-RIM01-02-ADCPSL007,pinging,pinging,,,,1,GP03FLMB,RIM01,ADCPS
GP03FLMB-RIM01-02-ADCPSL007,cold_wakeup_occurred,cold_wakeup_occurred,,,,1,GP03FLMB,RIM01,ADCPS
GP03FLMB-RIM01-02-ADCPSL007,time,time,,,ENG,seconds since 1900-01-01,GP03FLMB,RIM01,ADCPS
GP03FLMB-RIM01-02-ADCPSL007,unknown_wakeup_occurred,unknown_wakeup_occurred,,,,1,GP03FLMB,RIM01,ADCPS
GP03FLMB-RIM01-02-ADCPSL007,clock_read_error,clock_read_error,,,,1,GP03FLMB,RIM01,ADCPS
GP03FLMB-RIM01-02-ADCPSL007,unexpected_alarm,unexpected_alarm,,,,1,GP03FLMB,RIM01,ADCPS
GP03FLMB-RIM01-02-ADCPSL007,clock_jump_forward,clock_jump_forward,,,,1,GP03FLMB,RIM01,ADCPS
GP03FLMB-RIM01-02-ADCPSL007,clock_jump_backward,clock_jump_backward,,,,1,GP03FLMB,RIM01,ADCPS
GP03FLMB-RIM01-02-ADCPSL007,power_fail,power_fail,,,,1,GP03FLMB,RIM01,ADCPS
GP03FLMB-RIM01-02-ADCPSL007,spurious_dsp_interrupt,spurious_dsp_interrupt,,,,1,GP03FLMB,RIM01,ADCPS
GP03FLMB-RIM01-02-ADCPSL007,spurious_uart_interrupt,spurious_uart_interrupt,,,,1,GP03FLMB,RIM01,ADCPS
GP03FLMB-RIM01-02-ADCPSL007,spurious_clock_interrupt,spurious_clock_interrupt,,,,1,GP03FLMB,RIM01,ADCPS
GP03FLMB-RIM01-02-ADCPSL007,level_7_interrupt,level_7_interrupt,,,,1,GP03FLMB,RIM01,ADCPS
GP03FLMB-RIM01-02-ADCPSL007,pressure,pressure,,,,daPa,GP03FLMB,RIM01,ADCPS
GP03FLMB-RIM01-02-ADCPSL007,pressure_variance,pressure_variance,,,,daPa,GP03FLMB,RIM01,ADCPS
GP03FLMB-RIM01-02-ADCPSL007,water_velocity_east,water_velocity_east,,,L0,mm s-1,GP03FLMB,RIM01,ADCPS
GP03FLMB-RIM01-02-ADCPSL007,water_velocity_north,water_velocity_north,,,L0,mm s-1,GP03FLMB,RIM01,ADCPS
GP03FLMB-RIM01-02-ADCPSL007,water_velocity_up,water_velocity_up,,,L0,mm s-1,GP03FLMB,RIM01,ADCPS
GP03FLMB-RIM01-02-ADCPSL007,error_velocity,error_velocity,,,L0,mm s-1,GP03FLMB,RIM01,ADCPS
GP03FLMB-RIM01-02-ADCPSL007,correlation_magnitude_beam1,correlation_magnitude_beam1,,,,1,GP03FLMB,RIM01,ADCPS
GP03FLMB-RIM01-02-ADCPSL007,correlation_magnitude_beam2,correlation_magnitude_beam2,,,,1,GP03FLMB,RIM01,ADCPS
GP03FLMB-RIM01-02-ADCPSL007,correlation_magnitude_beam3,correlation_magnitude_beam3,,,,1,GP03FLMB,RIM01,ADCPS
GP03FLMB-RIM01-02-ADCPSL007,correlation_magnitude_beam4,correlation_magnitude_beam4,,,,1,GP03FLMB,RIM01,ADCPS
GP03FLMB-RIM01-02-ADCPSL007,echo_intensity_beam1,echo_intensity_beam1,,,L0,counts,GP03FLMB,RIM01,ADCPS
GP03FLMB-RIM01-02-ADCPSL007,echo_intensity_beam2,echo_intensity_beam2,,,L0,counts,GP03FLMB,RIM01,ADCPS
GP03FLMB-RIM01-02-ADCPSL007,echo_intensity_beam3,echo_intensity_beam3,,,L0,counts,GP03FLMB,RIM01,ADCPS
GP03FLMB-RIM01-02-ADCPSL007,echo_intensity_beam4,echo_intensity_beam4,,,L0,counts,GP03FLMB,RIM01,ADCPS
GP03FLMB-RIM01-02-ADCPSL007,percent_good_3beam,percent_good_3beam,,,,percent,GP03FLMB,RIM01,ADCPS
GP03FLMB-RIM01-02-ADCPSL007,percent_transforms_reject,percent_transforms_reject,,,,percent,GP03FLMB,RIM01,ADCPS
GP03FLMB-RIM01-02-ADCPSL007,percent_bad_beams,percent_bad_beams,,,,percent,GP03FLMB,RIM01,ADCPS
GP03FLMB-RIM01-02-ADCPSL007,percent_good_4beam,percent_good_4beam,,,,percent,GP03FLMB,RIM01,ADCPS
GP03FLMB-RIM01-02-ADCPSL007,ensemble_start_time,ensemble_start_time,,,,seconds since 1900-01-01,GP03FLMB,RIM01,ADCPS
GP03FLMB-RIM01-02-ADCPSL007,velocity_po_error_flag,velocity_po_error_flag,,,,1,GP03FLMB,RIM01,ADCPS
GP03FLMB-RIM01-02-ADCPSL007,velocity_po_up_flag,velocity_po_up_flag,,,,1,GP03FLMB,RIM01,ADCPS
GP03FLMB-RIM01-02-ADCPSL007,velocity_po_north_flag,velocity_po_north_flag,,,,1,GP03FLMB,RIM01,ADCPS
GP03FLMB-RIM01-02-ADCPSL007,velocity_po_east_flag,velocity_po_east_flag,,,,1,GP03FLMB,RIM01,ADCPS
GP03FLMB-RIM01-02-ADCPSL007,subsampling_parameter,subsampling_parameter,,,,1,GP03FLMB,RIM01,ADCPS
GP03FLMB-RIM01-02-ADCPSL007,ingestion_timestamp,ingestion_timestamp,,,ENG,seconds since 1900-01-01,GP03FLMB,RIM01,ADCPS
GP03FLMB-RIM01-02-ADCPSL007,real_time_clock,real_time_clock,,,,1,GP03FLMB,RIM01,ADCPS
GP03FLMB-RIM01-02-ADCPSL007,upward_earth_seawater_velocity,upward_earth_seawater_velocity,-1,1,L1,m s-1,GP03FLMB,RIM01,ADCPS
GP03FLMB-RIM01-02-ADCPSL007,earth_error_velocity,earth_error_velocity,-1,1,L1,m s-1,GP03FLMB,RIM01,ADCPS
GP03FLMB-RIM01-02-ADCPSL007,bin_depths,bin_depths,,,,m,GP03FLMB,RIM01,ADCPS
GP03FLMB-RIM01-02-CTDMOG060,driver_timestamp,driver_timestamp,,,ENG,seconds since 1900-01-01,GP03FLMB,RIM01,CTDMO
GP03FLMB-RIM01-02-CTDMOG060,internal_timestamp,internal_timestamp,,,ENG,seconds since 1900-01-01,GP03FLMB,RIM01,CTDMO
GP03FLMB-RIM01-02-CTDMOG060,inductive_id,inductive_id,,,ENG,1,GP03FLMB,RIM01,CTDMO
GP03FLMB-RIM01-02-CTDMOG060,preferred_timestamp,preferred_timestamp,,,ENG,1,GP03FLMB,RIM01,CTDMO
GP03FLMB-RIM01-02-CTDMOG060,temperature,temperature,,,L0,counts,GP03FLMB,RIM01,CTDMO
GP03FLMB-RIM01-02-CTDMOG060,conductivity,conductivity,,,L0,counts,GP03FLMB,RIM01,CTDMO
GP03FLMB-RIM01-02-CTDMOG060,pressure,pressure,,,L0,counts,GP03FLMB,RIM01,CTDMO
GP03FLMB-RIM01-02-CTDMOG060,pressure_temp,pressure_temp,,,L0,counts,GP03FLMB,RIM01,CTDMO
GP03FLMB-RIM01-02-CTDMOG060,ctd_time,ctd_time,,,ENG,seconds since 2000-01-01,GP03FLMB,RIM01,CTDMO
GP03FLMB-RIM01-02-CTDMOG060,sio_controller_timestamp,sio_controller_timestamp,,,ENG,seconds since 1970-01-01,GP03FLMB,RIM01,CTDMO
GP03FLMB-RIM01-02-CTDMOG060,ctd_time_offset,ctd_time_offset,,,,s,GP03FLMB,RIM01,CTDMO
GP03FLMB-RIM01-02-CTDMOG060,ctdmo_seawater_pressure,ctdmo_seawater_pressure,0,6000,L1,dbar,GP03FLMB,RIM01,CTDMO
GP03FLMB-RIM01-02-CTDMOG060,ctdmo_seawater_temperature,ctdmo_seawater_temperature,-2,40,L1,deg_C,GP03FLMB,RIM01,CTDMO
GP03FLMB-RIM01-02-CTDMOG060,ctdmo_seawater_conductivity,ctdmo_seawater_conductivity,0,6,L1,S m-1,GP03FLMB,RIM01,CTDMO
GP03FLMB-RIM01-02-CTDMOG060,ctdmo_practical_salinity,ctdmo_practical_salinity,0,42,L2,(unitless),GP03FLMB,RIM01,CTDMO
GP03FLMB-RIM01-02-CTDMOG060,ctdmo_seawater_density,ctdmo_seawater_density,1000,1100,L2,kg m-3,GP03FLMB,RIM01,CTDMO
GP03FLMB-RIM01-02-CTDMOG060,serial_number,serial_number,,,ENG,1,GP03FLMB,RIM01,CTDMO
GP03FLMB-RIM01-02-CTDMOG060,time,time,,,ENG,seconds since 1900-01-01,GP03FLMB,RIM01,CTDMO
GP03FLMB-RIM01-02-CTDMOG060,ingestion_timestamp,ingestion_timestamp,,,ENG,seconds since 1900-01-01,GP03FLMB,RIM01,CTDMO
GP03FLMB-RIM01-02-CTDMOG061,driver_timestamp,driver_timestamp,,,ENG,seconds since 1900-01-01,GP03FLMB,RIM01,CTDMO
GP03FLMB-RIM01-02-CTDMOG061,internal_timestamp,internal_timestamp,,,ENG,seconds since 1900-01-01,GP03FLMB,RIM01,CTDMO
GP03FLMB-RIM01-02-CTDMOG061,inductive_id,inductive_id,,,ENG,1,GP03FLMB,RIM01,CTDMO
GP03FLMB-RIM01-02-CTDMOG061,preferred_timestamp,preferred_timestamp,,,ENG,1,GP03FLMB,RIM01,CTDMO
GP03FLMB-RIM01-02-CTDMOG061,temperature,temperature,,,L0,counts,GP03FLMB,RIM01,CTDMO
GP03FLMB-RIM01-02-CTDMOG061,conductivity,conductivity,,,L0,counts,GP03FLMB,RIM01,CTDMO
GP03FLMB-RIM01-02-CTDMOG061,pressure,pressure,,,L0,counts,GP03FLMB,RIM01,CTDMO
GP03FLMB-RIM01-02-CTDMOG061,pressure_temp,pressure_temp,,,L0,counts,GP03FLMB,RIM01,CTDMO
GP03FLMB-RIM01-02-CTDMOG061,ctd_time,ctd_time,,,ENG,seconds since 2000-01-01,GP03FLMB,RIM01,CTDMO
GP03FLMB-RIM01-02-CTDMOG061,sio_controller_timestamp,sio_controller_timestamp,,,ENG,seconds since 1970-01-01,GP03FLMB,RIM01,CTDMO
GP03FLMB-RIM01-02-CTDMOG061,ctd_time_offset,ctd_time_offset,,,,s,GP03FLMB,RIM01,CTDMO
GP03FLMB-RIM01-02-CTDMOG061,ctdmo_seawater_pressure,ctdmo_seawater_pressure,0,6000,L1,dbar,GP03FLMB,RIM01,CTDMO
GP03FLMB-RIM01-02-CTDMOG061,ctdmo_seawater_temperature,ctdmo_seawater_temperature,-2,40,L1,deg_C,GP03FLMB,RIM01,CTDMO
GP03FLMB-RIM01-02-CTDMOG061,ctdmo_seawater_conductivity,ctdmo_seawater_conductivity,0,6,L1,S m-1,GP03FLMB,RIM01,CTDMO
GP03FLMB-RIM01-02-CTDMOG061,ctdmo_practical_salinity,ctdmo_practical_salinity,0,42,L2,(unitless),GP03FLMB,RIM01,CTDMO
GP03FLMB-RIM01-02-CTDMOG061,ctdmo_seawater_density,ctdmo_seawater_density,1000,1100,L2,kg m-3,GP03FLMB,RIM01,CTDMO
GP03FLMB-RIM01-02-CTDMOG061,serial_number,serial_number,,,ENG,1,GP03FLMB,RIM01,CTDMO
GP03FLMB-RIM01-02-CTDMOG061,time,time,,,ENG,seconds since 1900-01-01,GP03FLMB,RIM01,CTDMO
GP03FLMB-RIM01-02-CTDMOG061,ingestion_timestamp,ingestion_timestamp,,,ENG,seconds since 1900-01-01,GP03FLMB,RIM01,CTDMO
GP03FLMB-RIM01-02-CTDMOG062,driver_timestamp,driver_timestamp,,,ENG,seconds since 1900-01-01,GP03FLMB,RIM01,CTDMO
GP03FLMB-RIM01-02-CTDMOG062,internal_timestamp,internal_timestamp,,,ENG,seconds since 1900-01-01,GP03FLMB,RIM01,CTDMO
GP03FLMB-RIM01-02-CTDMOG062,inductive_id,inductive_id,,,ENG,1,GP03FLMB,RIM01,CTDMO
GP03FLMB-RIM01-02-CTDMOG062,preferred_timestamp,preferred_timestamp,,,ENG,1,GP03FLMB,RIM01,CTDMO
GP03FLMB-RIM01-02-CTDMOG062,temperature,temperature,,,L0,counts,GP03FLMB,RIM01,CTDMO
GP03FLMB-RIM01-02-CTDMOG062,conductivity,conductivity,,,L0,counts,GP03FLMB,RIM01,CTDMO
GP03FLMB-RIM01-02-CTDMOG062,pressure,pressure,,,L0,counts,GP03FLMB,RIM01,CTDMO
GP03FLMB-RIM01-02-CTDMOG062,pressure_temp,pressure_temp,,,L0,counts,GP03FLMB,RIM01,CTDMO
GP03FLMB-RIM01-02-CTDMOG062,ctd_time,ctd_time,,,ENG,seconds since 2000-01-01,GP03FLMB,RIM01,CTDMO
GP03FLMB-RIM01-02-CTDMOG062,sio_controller_timestamp,sio_controller_timestamp,,,ENG,seconds since 1970-01-01,GP03FLMB,RIM01,CTDMO
GP03FLMB-RIM01-02-CTDMOG062,ctd_time_offset,ctd_time_offset,,,,s,GP03FLMB,RIM01,CTDMO
GP03FLMB-RIM01-02-CTDMOG062,ctdmo_seawater_pressure,ctdmo_seawater_pressure,0,6000,L1,dbar,GP03FLMB,RIM01,CTDMO
GP03FLMB-RIM01-02-CTDMOG062,ctdmo_seawater_temperature,ctdmo_seawater_temperature,-2,40,L1,deg_C,GP03FLMB,RIM01,CTDMO
GP03FLMB-RIM01-02-CTDMOG062,ctdmo_seawater_conductivity,ctdmo_seawater_conductivity,0,6,L1,S m-1,GP03FLMB,RIM01,CTDMO
GP03FLMB-RIM01-02-CTDMOG062,ctdmo_practical_salinity,ctdmo_practical_salinity,0,42,L2,(unitless),GP03FLMB,RIM01,CTDMO
GP03FLMB-RIM01-02-CTDMOG062,ctdmo_seawater_density,ctdmo_seawater_density,1000,1100,L2,kg m-3,GP03FLMB,RIM01,CTDMO
GP03FLMB-RIM01-02-CTDMOG062,serial_number,serial_number,,,ENG,1,GP03FLMB,RIM01,CTDMO
GP03FLMB-RIM01-02-CTDMOG062,time,time,,,ENG,seconds since 1900-01-01,GP03FLMB,RIM01,CTDMO
GP03FLMB-RIM01-02-CTDMOG062,ingestion_timestamp,ingestion_timestamp,,,ENG,seconds since 1900-01-01,GP03FLMB,RIM01,CTDMO
GP03FLMB-RIM01-02-CTDMOG063,driver_timestamp,driver_timestamp,,,ENG,seconds since 1900-01-01,GP03FLMB,RIM01,CTDMO
GP03FLMB-RIM01-02-CTDMOG063,internal_timestamp,internal_timestamp,,,ENG,seconds since 1900-01-01,GP03FLMB,RIM01,CTDMO
GP03FLMB-RIM01-02-CTDMOG063,inductive_id,inductive_id,,,ENG,1,GP03FLMB,RIM01,CTDMO
GP03FLMB-RIM01-02-CTDMOG063,preferred_timestamp,preferred_timestamp,,,ENG,1,GP03FLMB,RIM01,CTDMO
GP03FLMB-RIM01-02-CTDMOG063,temperature,temperature,,,L0,counts,GP03FLMB,RIM01,CTDMO
GP03FLMB-RIM01-02-CTDMOG063,conductivity,conductivity,,,L0,counts,GP03FLMB,RIM01,CTDMO
GP03FLMB-RIM01-02-CTDMOG063,pressure,pressure,,,L0,counts,GP03FLMB,RIM01,CTDMO
GP03FLMB-RIM01-02-CTDMOG063,pressure_temp,pressure_temp,,,L0,counts,GP03FLMB,RIM01,CTDMO
GP03FLMB-RIM01-02-CTDMOG063,ctd_time,ctd_time,,,ENG,seconds since 2000-01-01,GP03FLMB,RIM01,CTDMO
GP03FLMB-RIM01-02-CTDMOG063,sio_controller_timestamp,sio_controller_timestamp,,,ENG,seconds since 1970-01-01,GP03FLMB,RIM01,CTDMO
GP03FLMB-RIM01-02-CTDMOG063,ctd_time_offset,ctd_time_offset,,,,s,GP03FLMB,RIM01,CTDMO
GP03FLMB-RIM01-02-CTDMOG063,ctdmo_seawater_pressure,ctdmo_seawater_pressure,0,6000,L1,dbar,GP03FLMB,RIM01,CTDMO
GP03FLMB-RIM01-02-CTDMOG063,ctdmo_seawater_temperature,ctdmo_seawater_temperature,-2,40,L1,deg_C,GP03FLMB,RIM01,CTDMO
GP03FLMB-RIM01-02-CTDMOG063,ctdmo_seawater_conductivity,ctdmo_seawater_conductivity,0,6,L1,S m-1,GP03FLMB,RIM01,CTDMO
GP03FLMB-RIM01-02-CTDMOG063,ctdmo_practical_salinity,ctdmo_practical_salinity,0,42,L2,(unitless),GP03FLMB,RIM01,CTDMO
GP03FLMB-RIM01-02-CTDMOG063,ctdmo_seawater_density,ctdmo_seawater_density,1000,1100,L2,kg m-3,GP03FLMB,RIM01,CTDMO
GP03FLMB-RIM01-02-CTDMOG063,serial_number,serial_number,,,ENG,1,GP03FLMB,RIM01,CTDMO
GP03FLMB-RIM01-02-CTDMOG063,time,time,,,ENG,seconds since 1900-01-01,GP03FLMB,RIM01,CTDMO
GP03FLMB-RIM01-02-CTDMOG063,ingestion_timestamp,ingestion_timestamp,,,ENG,seconds since 1900-01-01,GP03FLMB,RIM01,CTDMO
GP03FLMB-RIM01-02-CTDMOG064,driver_timestamp,driver_timestamp,,,ENG,seconds since 1900-01-01,GP03FLMB,RIM01,CTDMO
GP03FLMB-RIM01-02-CTDMOG064,internal_timestamp,internal_timestamp,,,ENG,seconds since 1900-01-01,GP03FLMB,RIM01,CTDMO
GP03FLMB-RIM01-02-CTDMOG064,inductive_id,inductive_id,,,ENG,1,GP03FLMB,RIM01,CTDMO
GP03FLMB-RIM01-02-CTDMOG064,preferred_timestamp,preferred_timestamp,,,ENG,1,GP03FLMB,RIM01,CTDMO
GP03FLMB-RIM01-02-CTDMOG064,temperature,temperature,,,L0,counts,GP03FLMB,RIM01,CTDMO
GP03FLMB-RIM01-02-CTDMOG064,conductivity,conductivity,,,L0,counts,GP03FLMB,RIM01,CTDMO
GP03FLMB-RIM01-02-CTDMOG064,pressure,pressure,,,L0,counts,GP03FLMB,RIM01,CTDMO
GP03FLMB-RIM01-02-CTDMOG064,pressure_temp,pressure_temp,,,L0,counts,GP03FLMB,RIM01,CTDMO
GP03FLMB-RIM01-02-CTDMOG064,ctd_time,ctd_time,,,ENG,seconds since 2000-01-01,GP03FLMB,RIM01,CTDMO
GP03FLMB-RIM01-02-CTDMOG064,sio_controller_timestamp,sio_controller_timestamp,,,ENG,seconds since 1970-01-01,GP03FLMB,RIM01,CTDMO
GP03FLMB-RIM01-02-CTDMOG064,ctd_time_offset,ctd_time_offset,,,,s,GP03FLMB,RIM01,CTDMO
GP03FLMB-RIM01-02-CTDMOG064,ctdmo_seawater_pressure,ctdmo_seawater_pressure,0,6000,L1,dbar,GP03FLMB,RIM01,CTDMO
GP03FLMB-RIM01-02-CTDMOG064,ctdmo_seawater_temperature,ctdmo_seawater_temperature,-2,40,L1,deg_C,GP03FLMB,RIM01,CTDMO
GP03FLMB-RIM01-02-CTDMOG064,ctdmo_seawater_conductivity,ctdmo_seawater_conductivity,0,6,L1,S m-1,GP03FLMB,RIM01,CTDMO
GP03FLMB-RIM01-02-CTDMOG064,ctdmo_practical_salinity,ctdmo_practical_salinity,0,42,L2,(unitless),GP03FLMB,RIM01,CTDMO
GP03FLMB-RIM01-02-CTDMOG064,ctdmo_seawater_density,ctdmo_seawater_density,1000,1100,L2,kg m-3,GP03FLMB,RIM01,CTDMO
GP03FLMB-RIM01-02-CTDMOG064,serial_number,serial_number,,,ENG,1,GP03FLMB,RIM01,CTDMO
GP03FLMB-RIM01-02-CTDMOG064,time,time,,,ENG,seconds since 1900-01-01,GP03FLMB,RIM01,CTDMO
GP03FLMB-RIM01-02-CTDMOG064,ingestion_timestamp,ingestion_timestamp,,,ENG,seconds since 1900-01-01,GP03FLMB,RIM01,CTDMO
GP03FLMB-RIM01-02-CTDMOG065,driver_timestamp,driver_timestamp,,,ENG,seconds since 1900-01-01,GP03FLMB,RIM01,CTDMO
GP03FLMB-RIM01-02-CTDMOG065,internal_timestamp,internal_timestamp,,,ENG,seconds since 1900-01-01,GP03FLMB,RIM01,CTDMO
GP03FLMB-RIM01-02-CTDMOG065,inductive_id,inductive_id,,,ENG,1,GP03FLMB,RIM01,CTDMO
GP03FLMB-RIM01-02-CTDMOG065,preferred_timestamp,preferred_timestamp,,,ENG,1,GP03FLMB,RIM01,CTDMO
GP03FLMB-RIM01-02-CTDMOG065,temperature,temperature,,,L0,counts,GP03FLMB,RIM01,CTDMO
GP03FLMB-RIM01-02-CTDMOG065,conductivity,conductivity,,,L0,counts,GP03FLMB,RIM01,CTDMO
GP03FLMB-RIM01-02-CTDMOG065,pressure,pressure,,,L0,counts,GP03FLMB,RIM01,CTDMO
GP03FLMB-RIM01-02-CTDMOG065,pressure_temp,pressure_temp,,,L0,counts,GP03FLMB,RIM01,CTDMO
GP03FLMB-RIM01-02-CTDMOG065,ctd_time,ctd_time,,,ENG,seconds since 2000-01-01,GP03FLMB,RIM01,CTDMO
GP03FLMB-RIM01-02-CTDMOG065,sio_controller_timestamp,sio_controller_timestamp,,,ENG,seconds since 1970-01-01,GP03FLMB,RIM01,CTDMO
GP03FLMB-RIM01-02-CTDMOG065,ctd_time_offset,ctd_time_offset,,,,s,GP03FLMB,RIM01,CTDMO
GP03FLMB-RIM01-02-CTDMOG065,ctdmo_seawater_pressure,ctdmo_seawater_pressure,0,6000,L1,dbar,GP03FLMB,RIM01,CTDMO
GP03FLMB-RIM01-02-CTDMOG065,ctdmo_seawater_temperature,ctdmo_seawater_temperature,-2,40,L1,deg_C,GP03FLMB,RIM01,CTDMO
GP03FLMB-RIM01-02-CTDMOG065,ctdmo_seawater_conductivity,ctdmo_seawater_conductivity,0,6,L1,S m-1,GP03FLMB,RIM01,CTDMO
GP03FLMB-RIM01-02-CTDMOG065,ctdmo_practical_salinity,ctdmo_practical_salinity,0,42,L2,(unitless),GP03FLMB,RIM01,CTDMO
GP03FLMB-RIM01-02-CTDMOG065,ctdmo_seawater_density,ctdmo_seawater_density,1000,1100,L2,kg m-3,GP03FLMB,RIM01,CTDMO
GP03FLMB-RIM01-02-CTDMOG065,serial_number,serial_number,,,ENG,1,GP03FLMB,RIM01,CTDMO
GP03FLMB-RIM01-02-CTDMOG065,time,time,,,ENG,seconds since 1900-01-01,GP03FLMB,RIM01,CTDMO
GP03FLMB-RIM01-02-CTDMOG065,ingestion_timestamp,ingestion_timestamp,,,ENG,seconds since 1900-01-01,GP03FLMB,RIM01,CTDMO
GP03FLMB-RIM01-02-CTDMOG066,driver_timestamp,driver_timestamp,,,ENG,seconds since 1900-01-01,GP03FLMB,RIM01,CTDMO
GP03FLMB-RIM01-02-CTDMOG066,internal_timestamp,internal_timestamp,,,ENG,seconds since 1900-01-01,GP03FLMB,RIM01,CTDMO
GP03FLMB-RIM01-02-CTDMOG066,inductive_id,inductive_id,,,ENG,1,GP03FLMB,RIM01,CTDMO
GP03FLMB-RIM01-02-CTDMOG066,preferred_timestamp,preferred_timestamp,,,ENG,1,GP03FLMB,RIM01,CTDMO
GP03FLMB-RIM01-02-CTDMOG066,temperature,temperature,,,L0,counts,GP03FLMB,RIM01,CTDMO
GP03FLMB-RIM01-02-CTDMOG066,conductivity,conductivity,,,L0,counts,GP03FLMB,RIM01,CTDMO
GP03FLMB-RIM01-02-CTDMOG066,pressure,pressure,,,L0,counts,GP03FLMB,RIM01,CTDMO
GP03FLMB-RIM01-02-CTDMOG066,pressure_temp,pressure_temp,,,L0,counts,GP03FLMB,RIM01,CTDMO
GP03FLMB-RIM01-02-CTDMOG066,ctd_time,ctd_time,,,ENG,seconds since 2000-01-01,GP03FLMB,RIM01,CTDMO
GP03FLMB-RIM01-02-CTDMOG066,sio_controller_timestamp,sio_controller_timestamp,,,ENG,seconds since 1970-01-01,GP03FLMB,RIM01,CTDMO
GP03FLMB-RIM01-02-CTDMOG066,ctd_time_offset,ctd_time_offset,,,,s,GP03FLMB,RIM01,CTDMO
GP03FLMB-RIM01-02-CTDMOG066,ctdmo_seawater_pressure,ctdmo_seawater_pressure,0,6000,L1,dbar,GP03FLMB,RIM01,CTDMO
GP03FLMB-RIM01-02-CTDMOG066,ctdmo_seawater_temperature,ctdmo_seawater_temperature,-2,40,L1,deg_C,GP03FLMB,RIM01,CTDMO
GP03FLMB-RIM01-02-CTDMOG066,ctdmo_seawater_conductivity,ctdmo_seawater_conductivity,0,6,L1,S m-1,GP03FLMB,RIM01,CTDMO
GP03FLMB-RIM01-02-CTDMOG066,ctdmo_practical_salinity,ctdmo_practical_salinity,0,42,L2,(unitless),GP03FLMB,RIM01,CTDMO
GP03FLMB-RIM01-02-CTDMOG066,ctdmo_seawater_density,ctdmo_seawater_density,1000,1100,L2,kg m-3,GP03FLMB,RIM01,CTDMO
GP03FLMB-RIM01-02-CTDMOG066,serial_number,serial_number,,,ENG,1,GP03FLMB,RIM01,CTDMO
GP03FLMB-RIM01-02-CTDMOG066,time,time,,,ENG,seconds since 1900-01-01,GP03FLMB,RIM01,CTDMO
GP03FLMB-RIM01-02-CTDMOG066,ingestion_timestamp,ingestion_timestamp,,,ENG,seconds since 1900-01-01,GP03FLMB,RIM01,CTDMO
GP03FLMB-RIM01-02-CTDMOG067,driver_timestamp,driver_timestamp,,,ENG,seconds since 1900-01-01,GP03FLMB,RIM01,CTDMO
GP03FLMB-RIM01-02-CTDMOG067,internal_timestamp,internal_timestamp,,,ENG,seconds since 1900-01-01,GP03FLMB,RIM01,CTDMO
GP03FLMB-RIM01-02-CTDMOG067,inductive_id,inductive_id,,,ENG,1,GP03FLMB,RIM01,CTDMO
GP03FLMB-RIM01-02-CTDMOG067,preferred_timestamp,preferred_timestamp,,,ENG,1,GP03FLMB,RIM01,CTDMO
GP03FLMB-RIM01-02-CTDMOG067,temperature,temperature,,,L0,counts,GP03FLMB,RIM01,CTDMO
GP03FLMB-RIM01-02-CTDMOG067,conductivity,conductivity,,,L0,counts,GP03FLMB,RIM01,CTDMO
GP03FLMB-RIM01-02-CTDMOG067,pressure,pressure,,,L0,counts,GP03FLMB,RIM01,CTDMO
GP03FLMB-RIM01-02-CTDMOG067,pressure_temp,pressure_temp,,,L0,counts,GP03FLMB,RIM01,CTDMO
GP03FLMB-RIM01-02-CTDMOG067,ctd_time,ctd_time,,,ENG,seconds since 2000-01-01,GP03FLMB,RIM01,CTDMO
GP03FLMB-RIM01-02-CTDMOG067,sio_controller_timestamp,sio_controller_timestamp,,,ENG,seconds since 1970-01-01,GP03FLMB,RIM01,CTDMO
GP03FLMB-RIM01-02-CTDMOG067,ctd_time_offset,ctd_time_offset,,,,s,GP03FLMB,RIM01,CTDMO
GP03FLMB-RIM01-02-CTDMOG067,ctdmo_seawater_pressure,ctdmo_seawater_pressure,0,6000,L1,dbar,GP03FLMB,RIM01,CTDMO
GP03FLMB-RIM01-02-CTDMOG067,ctdmo_seawater_temperature,ctdmo_seawater_temperature,-2,40,L1,deg_C,GP03FLMB,RIM01,CTDMO
GP03FLMB-RIM01-02-CTDMOG067,ctdmo_seawater_conductivity,ctdmo_seawater_conductivity,0,6,L1,S m-1,GP03FLMB,RIM01,CTDMO
GP03FLMB-RIM01-02-CTDMOG067,ctdmo_practical_salinity,ctdmo_practical_salinity,0,42,L2,(unitless),GP03FLMB,RIM01,CTDMO
GP03FLMB-RIM01-02-CTDMOG067,ctdmo_seawater_density,ctdmo_seawater_density,1000,1100,L2,kg m-3,GP03FLMB,RIM01,CTDMO
GP03FLMB-RIM01-02-CTDMOG067,serial_number,serial_number,,,ENG,1,GP03FLMB,RIM01,CTDMO
GP03FLMB-RIM01-02-CTDMOG067,time,time,,,ENG,seconds since 1900-01-01,GP03FLMB,RIM01,CTDMO
GP03FLMB-RIM01-02-CTDMOG067,ingestion_timestamp,ingestion_timestamp,,,ENG,seconds since 1900-01-01,GP03FLMB,RIM01,CTDMO
GP03FLMB-RIM01-02-CTDMOG068,driver_timestamp,driver_timestamp,,,ENG,seconds since 1900-01-01,GP03FLMB,RIM01,CTDMO
GP03FLMB-RIM01-02-CTDMOG068,internal_timestamp,internal_timestamp,,,ENG,seconds since 1900-01-01,GP03FLMB,RIM01,CTDMO
GP03FLMB-RIM01-02-CTDMOG068,inductive_id,inductive_id,,,ENG,1,GP03FLMB,RIM01,CTDMO
GP03FLMB-RIM01-02-CTDMOG068,preferred_timestamp,preferred_timestamp,,,ENG,1,GP03FLMB,RIM01,CTDMO
GP03FLMB-RIM01-02-CTDMOG068,temperature,temperature,,,L0,counts,GP03FLMB,RIM01,CTDMO
GP03FLMB-RIM01-02-CTDMOG068,conductivity,conductivity,,,L0,counts,GP03FLMB,RIM01,CTDMO
GP03FLMB-RIM01-02-CTDMOG068,pressure,pressure,,,L0,counts,GP03FLMB,RIM01,CTDMO
GP03FLMB-RIM01-02-CTDMOG068,pressure_temp,pressure_temp,,,L0,counts,GP03FLMB,RIM01,CTDMO
GP03FLMB-RIM01-02-CTDMOG068,ctd_time,ctd_time,,,ENG,seconds since 2000-01-01,GP03FLMB,RIM01,CTDMO
GP03FLMB-RIM01-02-CTDMOG068,sio_controller_timestamp,sio_controller_timestamp,,,ENG,seconds since 1970-01-01,GP03FLMB,RIM01,CTDMO
GP03FLMB-RIM01-02-CTDMOG068,ctd_time_offset,ctd_time_offset,,,,s,GP03FLMB,RIM01,CTDMO
GP03FLMB-RIM01-02-CTDMOG068,ctdmo_seawater_pressure,ctdmo_seawater_pressure,0,6000,L1,dbar,GP03FLMB,RIM01,CTDMO
GP03FLMB-RIM01-02-CTDMOG068,ctdmo_seawater_temperature,ctdmo_seawater_temperature,-2,40,L1,deg_C,GP03FLMB,RIM01,CTDMO
GP03FLMB-RIM01-02-CTDMOG068,ctdmo_seawater_conductivity,ctdmo_seawater_conductivity,0,6,L1,S m-1,GP03FLMB,RIM01,CTDMO
GP03FLMB-RIM01-02-CTDMOG068,ctdmo_practical_salinity,ctdmo_practical_salinity,0,42,L2,(unitless),GP03FLMB,RIM01,CTDMO
GP03FLMB-RIM01-02-CTDMOG068,ctdmo_seawater_density,ctdmo_seawater_density,1000,1100,L2,kg m-3,GP03FLMB,RIM01,CTDMO
GP03FLMB-RIM01-02-CTDMOG068,serial_number,serial_number,,,ENG,1,GP03FLMB,RIM01,CTDMO
GP03FLMB-RIM01-02-CTDMOG068,time,time,,,ENG,seconds since 1900-01-01,GP03FLMB,RIM01,CTDMO
GP03FLMB-RIM01-02-CTDMOG068,ingestion_timestamp,ingestion_timestamp,,,ENG,seconds since 1900-01-01,GP03FLMB,RIM01,CTDMO
GP03FLMB-RIM01-02-CTDMOH069,driver_timestamp,driver_timestamp,,,ENG,seconds since 1900-01-01,GP03FLMB,RIM01,CTDMO
GP03FLMB-RIM01-02-CTDMOH069,internal_timestamp,internal_timestamp,,,ENG,seconds since 1900-01-01,GP03FLMB,RIM01,CTDMO
GP03FLMB-RIM01-02-CTDMOH069,inductive_id,inductive_id,,,ENG,1,GP03FLMB,RIM01,CTDMO
GP03FLMB-RIM01-02-CTDMOH069,preferred_timestamp,preferred_timestamp,,,ENG,1,GP03FLMB,RIM01,CTDMO
GP03FLMB-RIM01-02-CTDMOH069,temperature,temperature,,,L0,counts,GP03FLMB,RIM01,CTDMO
GP03FLMB-RIM01-02-CTDMOH069,conductivity,conductivity,,,L0,counts,GP03FLMB,RIM01,CTDMO
GP03FLMB-RIM01-02-CTDMOH069,pressure,pressure,,,L0,counts,GP03FLMB,RIM01,CTDMO
GP03FLMB-RIM01-02-CTDMOH069,pressure_temp,pressure_temp,,,L0,counts,GP03FLMB,RIM01,CTDMO
GP03FLMB-RIM01-02-CTDMOH069,ctd_time,ctd_time,,,ENG,seconds since 2000-01-01,GP03FLMB,RIM01,CTDMO
GP03FLMB-RIM01-02-CTDMOH069,sio_controller_timestamp,sio_controller_timestamp,,,ENG,seconds since 1970-01-01,GP03FLMB,RIM01,CTDMO
GP03FLMB-RIM01-02-CTDMOH069,ctd_time_offset,ctd_time_offset,,,,s,GP03FLMB,RIM01,CTDMO
GP03FLMB-RIM01-02-CTDMOH069,ctdmo_seawater_pressure,ctdmo_seawater_pressure,0,6000,L1,dbar,GP03FLMB,RIM01,CTDMO
GP03FLMB-RIM01-02-CTDMOH069,ctdmo_seawater_temperature,ctdmo_seawater_temperature,-2,40,L1,deg_C,GP03FLMB,RIM01,CTDMO
GP03FLMB-RIM01-02-CTDMOH069,ctdmo_seawater_conductivity,ctdmo_seawater_conductivity,0,6,L1,S m-1,GP03FLMB,RIM01,CTDMO
GP03FLMB-RIM01-02-CTDMOH069,ctdmo_practical_salinity,ctdmo_practical_salinity,0,42,L2,(unitless),GP03FLMB,RIM01,CTDMO
GP03FLMB-RIM01-02-CTDMOH069,ctdmo_seawater_density,ctdmo_seawater_density,1000,1100,L2,kg m-3,GP03FLMB,RIM01,CTDMO
GP03FLMB-RIM01-02-CTDMOH069,serial_number,serial_number,,,ENG,1,GP03FLMB,RIM01,CTDMO
GP03FLMB-RIM01-02-CTDMOH069,time,time,,,ENG,seconds since 1900-01-01,GP03FLMB,RIM01,CTDMO
GP03FLMB-RIM01-02-CTDMOH069,ingestion_timestamp,ingestion_timestamp,,,ENG,seconds since 1900-01-01,GP03FLMB,RIM01,CTDMO
GP03FLMB-RIM01-02-CTDMOH070,driver_timestamp,driver_timestamp,,,ENG,seconds since 1900-01-01,GP03FLMB,RIM01,CTDMO
GP03FLMB-RIM01-02-CTDMOH070,internal_timestamp,internal_timestamp,,,ENG,seconds since 1900-01-01,GP03FLMB,RIM01,CTDMO
GP03FLMB-RIM01-02-CTDMOH070,inductive_id,inductive_id,,,ENG,1,GP03FLMB,RIM01,CTDMO
GP03FLMB-RIM01-02-CTDMOH070,preferred_timestamp,preferred_timestamp,,,ENG,1,GP03FLMB,RIM01,CTDMO
GP03FLMB-RIM01-02-CTDMOH070,temperature,temperature,,,L0,counts,GP03FLMB,RIM01,CTDMO
GP03FLMB-RIM01-02-CTDMOH070,conductivity,conductivity,,,L0,counts,GP03FLMB,RIM01,CTDMO
GP03FLMB-RIM01-02-CTDMOH070,pressure,pressure,,,L0,counts,GP03FLMB,RIM01,CTDMO
GP03FLMB-RIM01-02-CTDMOH070,pressure_temp,pressure_temp,,,L0,counts,GP03FLMB,RIM01,CTDMO
GP03FLMB-RIM01-02-CTDMOH070,ctd_time,ctd_time,,,ENG,seconds since 2000-01-01,GP03FLMB,RIM01,CTDMO
GP03FLMB-RIM01-02-CTDMOH070,sio_controller_timestamp,sio_controller_timestamp,,,ENG,seconds since 1970-01-01,GP03FLMB,RIM01,CTDMO
GP03FLMB-RIM01-02-CTDMOH070,ctd_time_offset,ctd_time_offset,,,,s,GP03FLMB,RIM01,CTDMO
GP03FLMB-RIM01-02-CTDMOH070,ctdmo_seawater_pressure,ctdmo_seawater_pressure,0,6000,L1,dbar,GP03FLMB,RIM01,CTDMO
GP03FLMB-RIM01-02-CTDMOH070,ctdmo_seawater_temperature,ctdmo_seawater_temperature,-2,40,L1,deg_C,GP03FLMB,RIM01,CTDMO
GP03FLMB-RIM01-02-CTDMOH070,ctdmo_seawater_conductivity,ctdmo_seawater_conductivity,0,6,L1,S m-1,GP03FLMB,RIM01,CTDMO
GP03FLMB-RIM01-02-CTDMOH070,ctdmo_practical_salinity,ctdmo_practical_salinity,0,42,L2,(unitless),GP03FLMB,RIM01,CTDMO
GP03FLMB-RIM01-02-CTDMOH070,ctdmo_seawater_density,ctdmo_seawater_density,1000,1100,L2,kg m-3,GP03FLMB,RIM01,CTDMO
GP03FLMB-RIM01-02-CTDMOH070,serial_number,serial_number,,,ENG,1,GP03FLMB,RIM01,CTDMO
GP03FLMB-RIM01-02-CTDMOH070,time,time,,,ENG,seconds since 1900-01-01,GP03FLMB,RIM01,CTDMO
GP03FLMB-RIM01-02-CTDMOH070,ingestion_timestamp,ingestion_timestamp,,,ENG,seconds since 1900-01-01,GP03FLMB,RIM01,CTDMO
GP03FLMB-RIM01-02-CTDMOH071,driver_timestamp,driver_timestamp,,,ENG,seconds since 1900-01-01,GP03FLMB,RIM01,CTDMO
GP03FLMB-RIM01-02-CTDMOH071,internal_timestamp,internal_timestamp,,,ENG,seconds since 1900-01-01,GP03FLMB,RIM01,CTDMO
GP03FLMB-RIM01-02-CTDMOH071,inductive_id,inductive_id,,,ENG,1,GP03FLMB,RIM01,CTDMO
GP03FLMB-RIM01-02-CTDMOH071,preferred_timestamp,preferred_timestamp,,,ENG,1,GP03FLMB,RIM01,CTDMO
GP03FLMB-RIM01-02-CTDMOH071,temperature,temperature,,,L0,counts,GP03FLMB,RIM01,CTDMO
GP03FLMB-RIM01-02-CTDMOH071,conductivity,conductivity,,,L0,counts,GP03FLMB,RIM01,CTDMO
GP03FLMB-RIM01-02-CTDMOH071,pressure,pressure,,,L0,counts,GP03FLMB,RIM01,CTDMO
GP03FLMB-RIM01-02-CTDMOH071,pressure_temp,pressure_temp,,,L0,counts,GP03FLMB,RIM01,CTDMO
GP03FLMB-RIM01-02-CTDMOH071,ctd_time,ctd_time,,,ENG,seconds since 2000-01-01,GP03FLMB,RIM01,CTDMO
GP03FLMB-RIM01-02-CTDMOH071,sio_controller_timestamp,sio_controller_timestamp,,,ENG,seconds since 1970-01-01,GP03FLMB,RIM01,CTDMO
GP03FLMB-RIM01-02-CTDMOH071,ctd_time_offset,ctd_time_offset,,,,s,GP03FLMB,RIM01,CTDMO
GP03FLMB-RIM01-02-CTDMOH071,ctdmo_seawater_pressure,ctdmo_seawater_pressure,0,6000,L1,dbar,GP03FLMB,RIM01,CTDMO
GP03FLMB-RIM01-02-CTDMOH071,ctdmo_seawater_temperature,ctdmo_seawater_temperature,-2,40,L1,deg_C,GP03FLMB,RIM01,CTDMO
GP03FLMB-RIM01-02-CTDMOH071,ctdmo_seawater_conductivity,ctdmo_seawater_conductivity,0,6,L1,S m-1,GP03FLMB,RIM01,CTDMO
GP03FLMB-RIM01-02-CTDMOH071,ctdmo_practical_salinity,ctdmo_practical_salinity,0,42,L2,(unitless),GP03FLMB,RIM01,CTDMO
GP03FLMB-RIM01-02-CTDMOH071,ctdmo_seawater_density,ctdmo_seawater_density,1000,1100,L2,kg m-3,GP03FLMB,RIM01,CTDMO
GP03FLMB-RIM01-02-CTDMOH071,serial_number,serial_number,,,ENG,1,GP03FLMB,RIM01,CTDMO
GP03FLMB-RIM01-02-CTDMOH071,time,time,,,ENG,seconds since 1900-01-01,GP03FLMB,RIM01,CTDMO
GP03FLMB-RIM01-02-CTDMOH071,ingestion_timestamp,ingestion_timestamp,,,ENG,seconds since 1900-01-01,GP03FLMB,RIM01,CTDMO
GP03FLMB-RIS01-03-DOSTAD000,product_number,product_number,,,,1,GP03FLMB,RIS01,DOSTA
GP03FLMB-RIS01-03-DOSTAD000,driver_timestamp,driver_timestamp,,,ENG,seconds since 1900-01-01,GP03FLMB,RIS01,DOSTA
GP03FLMB-RIS01-03-DOSTAD000,internal_timestamp,internal_timestamp,,,ENG,seconds since 1900-01-01,GP03FLMB,RIS01,DOSTA
GP03FLMB-RIS01-03-DOSTAD000,preferred_timestamp,preferred_timestamp,,,ENG,1,GP03FLMB,RIS01,DOSTA
GP03FLMB-RIS01-03-DOSTAD000,sio_controller_timestamp,sio_controller_timestamp,,,ENG,seconds since 1970-01-01,GP03FLMB,RIS01,DOSTA
GP03FLMB-RIS01-03-DOSTAD000,dosta_abcdjm_cspp_tc_oxygen,dosta_abcdjm_cspp_tc_oxygen,0,400,L1,umol L-1,GP03FLMB,RIS01,DOSTA
GP03FLMB-RIS01-03-DOSTAD000,serial_number,serial_number,,,ENG,1,GP03FLMB,RIS01,DOSTA
GP03FLMB-RIS01-03-DOSTAD000,dosta_abcdjm_sio_abs_oxygen,dosta_abcdjm_sio_abs_oxygen,0,400,L2,umol kg-1,GP03FLMB,RIS01,DOSTA
GP03FLMB-RIS01-03-DOSTAD000,time,time,,,ENG,seconds since 1900-01-01,GP03FLMB,RIS01,DOSTA
GP03FLMB-RIS01-03-DOSTAD000,ingestion_timestamp,ingestion_timestamp,,,ENG,seconds since 1900-01-01,GP03FLMB,RIS01,DOSTA
GP03FLMB-RIS01-03-DOSTAD000,estimated_oxygen_concentration,estimated_oxygen_concentration,0,400,L1,umol L-1,GP03FLMB,RIS01,DOSTA
GP03FLMB-RIS01-03-DOSTAD000,estimated_oxygen_saturation,estimated_oxygen_saturation,0,110,L1,percent,GP03FLMB,RIS01,DOSTA
GP03FLMB-RIS01-03-DOSTAD000,optode_temperature,optode_temperature,-2,40,,deg_C,GP03FLMB,RIS01,DOSTA
GP03FLMB-RIS01-03-DOSTAD000,calibrated_phase,calibrated_phase,,,L0,degrees,GP03FLMB,RIS01,DOSTA
GP03FLMB-RIS01-03-DOSTAD000,temp_compensated_phase,temp_compensated_phase,,,,degrees,GP03FLMB,RIS01,DOSTA
GP03FLMB-RIS01-03-DOSTAD000,blue_phase,blue_phase,,,,degrees,GP03FLMB,RIS01,DOSTA
GP03FLMB-RIS01-03-DOSTAD000,red_phase,red_phase,,,,degrees,GP03FLMB,RIS01,DOSTA
GP03FLMB-RIS01-03-DOSTAD000,blue_amplitude,blue_amplitude,,,,mV,GP03FLMB,RIS01,DOSTA
GP03FLMB-RIS01-03-DOSTAD000,red_amplitude,red_amplitude,,,,mV,GP03FLMB,RIS01,DOSTA
GP03FLMB-RIS01-03-DOSTAD000,raw_temperature,raw_temperature,,,,mV,GP03FLMB,RIS01,DOSTA
GP03FLMB-RIS01-04-PHSENF000,driver_timestamp,driver_timestamp,,,ENG,seconds since 1900-01-01,GP03FLMB,RIS01,PHSEN
GP03FLMB-RIS01-04-PHSENF000,external_device2_fault,external_device2_fault,,,,1,GP03FLMB,RIS01,PHSEN
GP03FLMB-RIS01-04-PHSENF000,external_device3_fault,external_device3_fault,,,,1,GP03FLMB,RIS01,PHSEN
GP03FLMB-RIS01-04-PHSENF000,num_data_records,num_data_records,,,,1,GP03FLMB,RIS01,PHSEN
GP03FLMB-RIS01-04-PHSENF000,num_error_records,num_error_records,,,,1,GP03FLMB,RIS01,PHSEN
GP03FLMB-RIS01-04-PHSENF000,num_bytes_stored,num_bytes_stored,,,,bytes,GP03FLMB,RIS01,PHSEN
GP03FLMB-RIS01-04-PHSENF000,internal_timestamp,internal_timestamp,,,ENG,seconds since 1900-01-01,GP03FLMB,RIS01,PHSEN
GP03FLMB-RIS01-04-PHSENF000,preferred_timestamp,preferred_timestamp,,,ENG,1,GP03FLMB,RIS01,PHSEN
GP03FLMB-RIS01-04-PHSENF000,sio_controller_timestamp,sio_controller_timestamp,,,ENG,seconds since 1970-01-01,GP03FLMB,RIS01,PHSEN
GP03FLMB-RIS01-04-PHSENF000,passed_checksum,passed_checksum,,,ENG,1,GP03FLMB,RIS01,PHSEN
GP03FLMB-RIS01-04-PHSENF000,phsen_abcdef_ph_seawater,phsen_abcdef_ph_seawater,7.3,8.5,L1,(unitless),GP03FLMB,RIS01,PHSEN
GP03FLMB-RIS01-04-PHSENF000,battery_low_blank,battery_low_blank,,,,1,GP03FLMB,RIS01,PHSEN
GP03FLMB-RIS01-04-PHSENF000,unique_id,unique_id,,,,1,GP03FLMB,RIS01,PHSEN
GP03FLMB-RIS01-04-PHSENF000,record_type,record_type,,,,1,GP03FLMB,RIS01,PHSEN
GP03FLMB-RIS01-04-PHSENF000,record_time,record_time,,,,seconds since 1904-01-01,GP03FLMB,RIS01,PHSEN
GP03FLMB-RIS01-04-PHSENF000,light_measurements,light_measurements,,,,counts,GP03FLMB,RIS01,PHSEN
GP03FLMB-RIS01-04-PHSENF000,voltage_battery,voltage_battery,,,,counts,GP03FLMB,RIS01,PHSEN
GP03FLMB-RIS01-04-PHSENF000,clock_active,clock_active,,,,1,GP03FLMB,RIS01,PHSEN
GP03FLMB-RIS01-04-PHSENF000,recording_active,recording_active,,,,1,GP03FLMB,RIS01,PHSEN
GP03FLMB-RIS01-04-PHSENF000,record_end_on_time,record_end_on_time,,,,1,GP03FLMB,RIS01,PHSEN
GP03FLMB-RIS01-04-PHSENF000,record_memory_full,record_memory_full,,,,1,GP03FLMB,RIS01,PHSEN
GP03FLMB-RIS01-04-PHSENF000,phsen_abcdef_signal_intensity_434,phsen_abcdef_signal_intensity_434,,,L0,counts,GP03FLMB,RIS01,PHSEN
GP03FLMB-RIS01-04-PHSENF000,phsen_abcdef_signal_intensity_578,phsen_abcdef_signal_intensity_578,,,L0,counts,GP03FLMB,RIS01,PHSEN
GP03FLMB-RIS01-04-PHSENF000,record_end_on_error,record_end_on_error,,,,1,GP03FLMB,RIS01,PHSEN
GP03FLMB-RIS01-04-PHSENF000,data_download_ok,data_download_ok,,,,1,GP03FLMB,RIS01,PHSEN
GP03FLMB-RIS01-04-PHSENF000,flash_memory_open,flash_memory_open,,,,1,GP03FLMB,RIS01,PHSEN
GP03FLMB-RIS01-04-PHSENF000,battery_low_prestart,battery_low_prestart,,,,1,GP03FLMB,RIS01,PHSEN
GP03FLMB-RIS01-04-PHSENF000,battery_low_measurement,battery_low_measurement,,,,1,GP03FLMB,RIS01,PHSEN
GP03FLMB-RIS01-04-PHSENF000,battery_low_external,battery_low_external,,,,1,GP03FLMB,RIS01,PHSEN
GP03FLMB-RIS01-04-PHSENF000,external_device1_fault,external_device1_fault,,,,1,GP03FLMB,RIS01,PHSEN
GP03FLMB-RIS01-04-PHSENF000,flash_erased,flash_erased,,,,1,GP03FLMB,RIS01,PHSEN
GP03FLMB-RIS01-04-PHSENF000,power_on_invalid,power_on_invalid,,,,1,GP03FLMB,RIS01,PHSEN
GP03FLMB-RIS01-04-PHSENF000,time,time,,,ENG,seconds since 1900-01-01,GP03FLMB,RIS01,PHSEN
GP03FLMB-RIS01-04-PHSENF000,ingestion_timestamp,ingestion_timestamp,,,ENG,seconds since 1900-01-01,GP03FLMB,RIS01,PHSEN
GP03FLMB-RIS01-04-PHSENF000,thermistor_start,thermistor_start,,,,counts,GP03FLMB,RIS01,PHSEN
GP03FLMB-RIS01-04-PHSENF000,reference_light_measurements,reference_light_measurements,,,,counts,GP03FLMB,RIS01,PHSEN
GP03FLMB-RIS01-04-PHSENF000,thermistor_end,thermistor_end,,,,counts,GP03FLMB,RIS01,PHSEN
GP03FLMB-RIS01-04-PHSENF000,phsen_thermistor_temperature,phsen_thermistor_temperature,,,L0,V,GP03FLMB,RIS01,PHSEN
GP03FLMB-RIS01-05-FLORTD000,driver_timestamp,driver_timestamp,,,ENG,seconds since 1900-01-01,GP03FLMB,RIS01,FLORT
GP03FLMB-RIS01-05-FLORTD000,date_string,date_string,,,ENG,1,GP03FLMB,RIS01,FLORT
GP03FLMB-RIS01-05-FLORTD000,time_string,time_string,,,ENG,1,GP03FLMB,RIS01,FLORT
GP03FLMB-RIS01-05-FLORTD000,measurement_wavelength_beta,measurement_wavelength_beta,,,,nm,GP03FLMB,RIS01,FLORT
GP03FLMB-RIS01-05-FLORTD000,raw_signal_beta,raw_signal_beta,,,L0,counts,GP03FLMB,RIS01,FLORT
GP03FLMB-RIS01-05-FLORTD000,measurement_wavelength_chl,measurement_wavelength_chl,,,,nm,GP03FLMB,RIS01,FLORT
GP03FLMB-RIS01-05-FLORTD000,raw_signal_chl,raw_signal_chl,,,L0,counts,GP03FLMB,RIS01,FLORT
GP03FLMB-RIS01-05-FLORTD000,measurement_wavelength_cdom,measurement_wavelength_cdom,,,,nm,GP03FLMB,RIS01,FLORT
GP03FLMB-RIS01-05-FLORTD000,raw_signal_cdom,raw_signal_cdom,,,L0,counts,GP03FLMB,RIS01,FLORT
GP03FLMB-RIS01-05-FLORTD000,raw_internal_temp,raw_internal_temp,,,,counts,GP03FLMB,RIS01,FLORT
GP03FLMB-RIS01-05-FLORTD000,internal_timestamp,internal_timestamp,,,ENG,seconds since 1900-01-01,GP03FLMB,RIS01,FLORT
GP03FLMB-RIS01-05-FLORTD000,preferred_timestamp,preferred_timestamp,,,ENG,1,GP03FLMB,RIS01,FLORT
GP03FLMB-RIS01-05-FLORTD000,flort_k_total_volume_scattering_coefficient,flort_k_total_volume_scattering_coefficient,,,L1,m-1 sr-1,GP03FLMB,RIS01,FLORT
GP03FLMB-RIS01-05-FLORTD000,fluorometric_chlorophyll_a,fluorometric_chlorophyll_a,0,50,L1,ug L-1,GP03FLMB,RIS01,FLORT
GP03FLMB-RIS01-05-FLORTD000,fluorometric_cdom,fluorometric_cdom,0,375,L1,ppb,GP03FLMB,RIS01,FLORT
GP03FLMB-RIS01-05-FLORTD000,sio_controller_timestamp,sio_controller_timestamp,,,ENG,seconds since 1970-01-01,GP03FLMB,RIS01,FLORT
GP03FLMB-RIS01-05-FLORTD000,flort_dj_bback_total,flort_dj_bback_total,0.0003,1,L2,m-1,GP03FLMB,RIS01,FLORT
GP03FLMB-RIS01-05-FLORTD000,flort_dj_scat_seawater,flort_dj_scat_seawater,,,AUX,m-1,GP03FLMB,RIS01,FLORT
GP03FLMB-RIS01-05-FLORTD000,time,time,,,ENG,seconds since 1900-01-01,GP03FLMB,RIS01,FLORT
GP03FLMB-RIS01-05-FLORTD000,ingestion_timestamp,ingestion_timestamp,,,ENG,seconds since 1900-01-01,GP03FLMB,RIS01,FLORT
GP05MOAS-GL001-01-FLORDM000,driver_timestamp,driver_timestamp,,,ENG,seconds since 1900-01-01,GP05MOAS,GL001,FLORD
GP05MOAS-GL001-01-FLORDM000,internal_timestamp,internal_timestamp,,,ENG,seconds since 1900-01-01,GP05MOAS,GL001,FLORD
GP05MOAS-GL001-01-FLORDM000,m_present_secs_into_mission,m_present_secs_into_mission,,,ENG,s,GP05MOAS,GL001,FLORD
GP05MOAS-GL001-01-FLORDM000,m_present_time,m_present_time,,,AUX,seconds since 1970-01-01,GP05MOAS,GL001,FLORD
GP05MOAS-GL001-01-FLORDM000,sci_m_present_secs_into_mission,sci_m_present_secs_into_mission,,,,s,GP05MOAS,GL001,FLORD
GP05MOAS-GL001-01-FLORDM000,sci_m_present_time,sci_m_present_time,,,,seconds since 1970-01-01,GP05MOAS,GL001,FLORD
GP05MOAS-GL001-01-FLORDM000,sci_flbb_bb_units,sci_flbb_bb_units,,,L1,m-1 sr-1,GP05MOAS,GL001,FLORD
GP05MOAS-GL001-01-FLORDM000,sci_flbb_chlor_units,sci_flbb_chlor_units,0,50,L1,ug L-1,GP05MOAS,GL001,FLORD
GP05MOAS-GL001-01-FLORDM000,preferred_timestamp,preferred_timestamp,,,ENG,1,GP05MOAS,GL001,FLORD
GP05MOAS-GL001-01-FLORDM000,sci_flbb_timestamp,sci_flbb_timestamp,,,,seconds since 1970-01-01,GP05MOAS,GL001,FLORD
GP05MOAS-GL001-01-FLORDM000,sci_flbb_bb_ref,sci_flbb_bb_ref,,,,nm,GP05MOAS,GL001,FLORD
GP05MOAS-GL001-01-FLORDM000,sci_flbb_bb_sig,sci_flbb_bb_sig,,,L0,counts,GP05MOAS,GL001,FLORD
GP05MOAS-GL001-01-FLORDM000,sci_flbb_chlor_ref,sci_flbb_chlor_ref,,,,nm,GP05MOAS,GL001,FLORD
GP05MOAS-GL001-01-FLORDM000,sci_flbb_chlor_sig,sci_flbb_chlor_sig,,,L0,counts,GP05MOAS,GL001,FLORD
GP05MOAS-GL001-01-FLORDM000,sci_flbb_therm,sci_flbb_therm,,,,1,GP05MOAS,GL001,FLORD
GP05MOAS-GL001-01-FLORDM000,flord_m_bback_total,flord_m_bback_total,0.0003,1,L2,m-1,GP05MOAS,GL001,FLORD
GP05MOAS-GL001-01-FLORDM000,flord_m_scat_seawater,flord_m_scat_seawater,,,AUX,m-1,GP05MOAS,GL001,FLORD
GP05MOAS-GL001-01-FLORDM000,time,time,,,ENG,seconds since 1900-01-01,GP05MOAS,GL001,FLORD
GP05MOAS-GL001-01-FLORDM000,ingestion_timestamp,ingestion_timestamp,,,ENG,seconds since 1900-01-01,GP05MOAS,GL001,FLORD
GP05MOAS-GL001-02-DOSTAM000,driver_timestamp,driver_timestamp,,,ENG,seconds since 1900-01-01,GP05MOAS,GL001,DOSTA
GP05MOAS-GL001-02-DOSTAM000,internal_timestamp,internal_timestamp,,,ENG,seconds since 1900-01-01,GP05MOAS,GL001,DOSTA
GP05MOAS-GL001-02-DOSTAM000,m_present_secs_into_mission,m_present_secs_into_mission,,,ENG,s,GP05MOAS,GL001,DOSTA
GP05MOAS-GL001-02-DOSTAM000,m_present_time,m_present_time,,,AUX,seconds since 1970-01-01,GP05MOAS,GL001,DOSTA
GP05MOAS-GL001-02-DOSTAM000,sci_m_present_secs_into_mission,sci_m_present_secs_into_mission,,,,s,GP05MOAS,GL001,DOSTA
GP05MOAS-GL001-02-DOSTAM000,sci_m_present_time,sci_m_present_time,,,,seconds since 1970-01-01,GP05MOAS,GL001,DOSTA
GP05MOAS-GL001-02-DOSTAM000,sci_oxy4_c1amp,sci_oxy4_c1amp,,,,mV,GP05MOAS,GL001,DOSTA
GP05MOAS-GL001-02-DOSTAM000,sci_oxy4_c1rph,sci_oxy4_c1rph,,,,degrees,GP05MOAS,GL001,DOSTA
GP05MOAS-GL001-02-DOSTAM000,sci_oxy4_c2amp,sci_oxy4_c2amp,,,,mV,GP05MOAS,GL001,DOSTA
GP05MOAS-GL001-02-DOSTAM000,sci_oxy4_c2rph,sci_oxy4_c2rph,,,,degrees,GP05MOAS,GL001,DOSTA
GP05MOAS-GL001-02-DOSTAM000,sci_oxy4_calphase,sci_oxy4_calphase,,,L0,degrees,GP05MOAS,GL001,DOSTA
GP05MOAS-GL001-02-DOSTAM000,sci_oxy4_oxygen,sci_oxy4_oxygen,0,400,L1,umol L-1,GP05MOAS,GL001,DOSTA
GP05MOAS-GL001-02-DOSTAM000,sci_oxy4_rawtemp,sci_oxy4_rawtemp,,,,mV,GP05MOAS,GL001,DOSTA
GP05MOAS-GL001-02-DOSTAM000,sci_oxy4_saturation,sci_oxy4_saturation,,,,percent,GP05MOAS,GL001,DOSTA
GP05MOAS-GL001-02-DOSTAM000,sci_oxy4_tcphase,sci_oxy4_tcphase,,,,degrees,GP05MOAS,GL001,DOSTA
GP05MOAS-GL001-02-DOSTAM000,sci_oxy4_temp,sci_oxy4_temp,,,,deg_C,GP05MOAS,GL001,DOSTA
GP05MOAS-GL001-02-DOSTAM000,sci_oxy4_timestamp,sci_oxy4_timestamp,,,,1,GP05MOAS,GL001,DOSTA
GP05MOAS-GL001-02-DOSTAM000,sci_water_cond,sci_water_cond,0,6,L1,S m-1,GP05MOAS,GL001,DOSTA
GP05MOAS-GL001-02-DOSTAM000,sci_water_pressure,sci_water_pressure,0,6000,L1,dbar,GP05MOAS,GL001,DOSTA
GP05MOAS-GL001-02-DOSTAM000,sci_water_temp,sci_water_temp,-2,40,L1,deg_C,GP05MOAS,GL001,DOSTA
GP05MOAS-GL001-02-DOSTAM000,preferred_timestamp,preferred_timestamp,,,ENG,1,GP05MOAS,GL001,DOSTA
GP05MOAS-GL001-02-DOSTAM000,sci_abs_oxygen,sci_abs_oxygen,0,400,L2,umol kg-1,GP05MOAS,GL001,DOSTA
GP05MOAS-GL001-02-DOSTAM000,time,time,,,ENG,seconds since 1900-01-01,GP05MOAS,GL001,DOSTA
GP05MOAS-GL001-02-DOSTAM000,ingestion_timestamp,ingestion_timestamp,,,ENG,seconds since 1900-01-01,GP05MOAS,GL001,DOSTA
GP05MOAS-GL001-04-CTDGVM000,driver_timestamp,driver_timestamp,,,ENG,seconds since 1900-01-01,GP05MOAS,GL001,CTDGV
GP05MOAS-GL001-04-CTDGVM000,internal_timestamp,internal_timestamp,,,ENG,seconds since 1900-01-01,GP05MOAS,GL001,CTDGV
GP05MOAS-GL001-04-CTDGVM000,m_present_secs_into_mission,m_present_secs_into_mission,,,ENG,s,GP05MOAS,GL001,CTDGV
GP05MOAS-GL001-04-CTDGVM000,m_present_time,m_present_time,,,AUX,seconds since 1970-01-01,GP05MOAS,GL001,CTDGV
GP05MOAS-GL001-04-CTDGVM000,sci_ctd41cp_timestamp,sci_ctd41cp_timestamp,,,,seconds since 1970-01-01,GP05MOAS,GL001,CTDGV
GP05MOAS-GL001-04-CTDGVM000,sci_m_present_secs_into_mission,sci_m_present_secs_into_mission,,,,s,GP05MOAS,GL001,CTDGV
GP05MOAS-GL001-04-CTDGVM000,sci_m_present_time,sci_m_present_time,,,,seconds since 1970-01-01,GP05MOAS,GL001,CTDGV
GP05MOAS-GL001-04-CTDGVM000,sci_water_cond,sci_water_cond,0,6,L1,S m-1,GP05MOAS,GL001,CTDGV
GP05MOAS-GL001-04-CTDGVM000,sci_water_pressure,sci_water_pressure,0,6000,L1,dbar,GP05MOAS,GL001,CTDGV
GP05MOAS-GL001-04-CTDGVM000,sci_water_temp,sci_water_temp,-2,40,L1,deg_C,GP05MOAS,GL001,CTDGV
GP05MOAS-GL001-04-CTDGVM000,sci_water_pracsal,sci_water_pracsal,0,42,L2,1,GP05MOAS,GL001,CTDGV
GP05MOAS-GL001-04-CTDGVM000,preferred_timestamp,preferred_timestamp,,,ENG,1,GP05MOAS,GL001,CTDGV
GP05MOAS-GL001-04-CTDGVM000,sci_seawater_density,sci_seawater_density,1000,1100,L2,kg m-3,GP05MOAS,GL001,CTDGV
GP05MOAS-GL001-04-CTDGVM000,time,time,,,ENG,seconds since 1900-01-01,GP05MOAS,GL001,CTDGV
GP05MOAS-GL001-04-CTDGVM000,ingestion_timestamp,ingestion_timestamp,,,ENG,seconds since 1900-01-01,GP05MOAS,GL001,CTDGV
GP05MOAS-GL002-01-FLORDM000,driver_timestamp,driver_timestamp,,,ENG,seconds since 1900-01-01,GP05MOAS,GL002,FLORD
GP05MOAS-GL002-01-FLORDM000,internal_timestamp,internal_timestamp,,,ENG,seconds since 1900-01-01,GP05MOAS,GL002,FLORD
GP05MOAS-GL002-01-FLORDM000,m_present_secs_into_mission,m_present_secs_into_mission,,,ENG,s,GP05MOAS,GL002,FLORD
GP05MOAS-GL002-01-FLORDM000,m_present_time,m_present_time,,,AUX,seconds since 1970-01-01,GP05MOAS,GL002,FLORD
GP05MOAS-GL002-01-FLORDM000,sci_m_present_secs_into_mission,sci_m_present_secs_into_mission,,,,s,GP05MOAS,GL002,FLORD
GP05MOAS-GL002-01-FLORDM000,sci_m_present_time,sci_m_present_time,,,,seconds since 1970-01-01,GP05MOAS,GL002,FLORD
GP05MOAS-GL002-01-FLORDM000,sci_flbb_bb_units,sci_flbb_bb_units,,,L1,m-1 sr-1,GP05MOAS,GL002,FLORD
GP05MOAS-GL002-01-FLORDM000,sci_flbb_chlor_units,sci_flbb_chlor_units,0,50,L1,ug L-1,GP05MOAS,GL002,FLORD
GP05MOAS-GL002-01-FLORDM000,preferred_timestamp,preferred_timestamp,,,ENG,1,GP05MOAS,GL002,FLORD
GP05MOAS-GL002-01-FLORDM000,sci_flbb_timestamp,sci_flbb_timestamp,,,,seconds since 1970-01-01,GP05MOAS,GL002,FLORD
GP05MOAS-GL002-01-FLORDM000,sci_flbb_bb_ref,sci_flbb_bb_ref,,,,nm,GP05MOAS,GL002,FLORD
GP05MOAS-GL002-01-FLORDM000,sci_flbb_bb_sig,sci_flbb_bb_sig,,,L0,counts,GP05MOAS,GL002,FLORD
GP05MOAS-GL002-01-FLORDM000,sci_flbb_chlor_ref,sci_flbb_chlor_ref,,,,nm,GP05MOAS,GL002,FLORD
GP05MOAS-GL002-01-FLORDM000,sci_flbb_chlor_sig,sci_flbb_chlor_sig,,,L0,counts,GP05MOAS,GL002,FLORD
GP05MOAS-GL002-01-FLORDM000,sci_flbb_therm,sci_flbb_therm,,,,1,GP05MOAS,GL002,FLORD
GP05MOAS-GL002-01-FLORDM000,flord_m_bback_total,flord_m_bback_total,0.0003,1,L2,m-1,GP05MOAS,GL002,FLORD
GP05MOAS-GL002-01-FLORDM000,flord_m_scat_seawater,flord_m_scat_seawater,,,AUX,m-1,GP05MOAS,GL002,FLORD
GP05MOAS-GL002-01-FLORDM000,time,time,,,ENG,seconds since 1900-01-01,GP05MOAS,GL002,FLORD
GP05MOAS-GL002-01-FLORDM000,ingestion_timestamp,ingestion_timestamp,,,ENG,seconds since 1900-01-01,GP05MOAS,GL002,FLORD
GP05MOAS-GL002-02-DOSTAM000,driver_timestamp,driver_timestamp,,,ENG,seconds since 1900-01-01,GP05MOAS,GL002,DOSTA
GP05MOAS-GL002-02-DOSTAM000,internal_timestamp,internal_timestamp,,,ENG,seconds since 1900-01-01,GP05MOAS,GL002,DOSTA
GP05MOAS-GL002-02-DOSTAM000,m_present_secs_into_mission,m_present_secs_into_mission,,,ENG,s,GP05MOAS,GL002,DOSTA
GP05MOAS-GL002-02-DOSTAM000,m_present_time,m_present_time,,,AUX,seconds since 1970-01-01,GP05MOAS,GL002,DOSTA
GP05MOAS-GL002-02-DOSTAM000,sci_m_present_secs_into_mission,sci_m_present_secs_into_mission,,,,s,GP05MOAS,GL002,DOSTA
GP05MOAS-GL002-02-DOSTAM000,sci_m_present_time,sci_m_present_time,,,,seconds since 1970-01-01,GP05MOAS,GL002,DOSTA
GP05MOAS-GL002-02-DOSTAM000,sci_oxy4_c1amp,sci_oxy4_c1amp,,,,mV,GP05MOAS,GL002,DOSTA
GP05MOAS-GL002-02-DOSTAM000,sci_oxy4_c1rph,sci_oxy4_c1rph,,,,degrees,GP05MOAS,GL002,DOSTA
GP05MOAS-GL002-02-DOSTAM000,sci_oxy4_c2amp,sci_oxy4_c2amp,,,,mV,GP05MOAS,GL002,DOSTA
GP05MOAS-GL002-02-DOSTAM000,sci_oxy4_c2rph,sci_oxy4_c2rph,,,,degrees,GP05MOAS,GL002,DOSTA
GP05MOAS-GL002-02-DOSTAM000,sci_oxy4_calphase,sci_oxy4_calphase,,,L0,degrees,GP05MOAS,GL002,DOSTA
GP05MOAS-GL002-02-DOSTAM000,sci_oxy4_oxygen,sci_oxy4_oxygen,0,400,L1,umol L-1,GP05MOAS,GL002,DOSTA
GP05MOAS-GL002-02-DOSTAM000,sci_oxy4_rawtemp,sci_oxy4_rawtemp,,,,mV,GP05MOAS,GL002,DOSTA
GP05MOAS-GL002-02-DOSTAM000,sci_oxy4_saturation,sci_oxy4_saturation,,,,percent,GP05MOAS,GL002,DOSTA
GP05MOAS-GL002-02-DOSTAM000,sci_oxy4_tcphase,sci_oxy4_tcphase,,,,degrees,GP05MOAS,GL002,DOSTA
GP05MOAS-GL002-02-DOSTAM000,sci_oxy4_temp,sci_oxy4_temp,,,,deg_C,GP05MOAS,GL002,DOSTA
GP05MOAS-GL002-02-DOSTAM000,sci_oxy4_timestamp,sci_oxy4_timestamp,,,,1,GP05MOAS,GL002,DOSTA
GP05MOAS-GL002-02-DOSTAM000,sci_water_cond,sci_water_cond,0,6,L1,S m-1,GP05MOAS,GL002,DOSTA
GP05MOAS-GL002-02-DOSTAM000,sci_water_pressure,sci_water_pressure,0,6000,L1,dbar,GP05MOAS,GL002,DOSTA
GP05MOAS-GL002-02-DOSTAM000,sci_water_temp,sci_water_temp,-2,40,L1,deg_C,GP05MOAS,GL002,DOSTA
GP05MOAS-GL002-02-DOSTAM000,preferred_timestamp,preferred_timestamp,,,ENG,1,GP05MOAS,GL002,DOSTA
GP05MOAS-GL002-02-DOSTAM000,sci_abs_oxygen,sci_abs_oxygen,0,400,L2,umol kg-1,GP05MOAS,GL002,DOSTA
GP05MOAS-GL002-02-DOSTAM000,time,time,,,ENG,seconds since 1900-01-01,GP05MOAS,GL002,DOSTA
GP05MOAS-GL002-02-DOSTAM000,ingestion_timestamp,ingestion_timestamp,,,ENG,seconds since 1900-01-01,GP05MOAS,GL002,DOSTA
GP05MOAS-GL002-04-CTDGVM000,driver_timestamp,driver_timestamp,,,ENG,seconds since 1900-01-01,GP05MOAS,GL002,CTDGV
GP05MOAS-GL002-04-CTDGVM000,internal_timestamp,internal_timestamp,,,ENG,seconds since 1900-01-01,GP05MOAS,GL002,CTDGV
GP05MOAS-GL002-04-CTDGVM000,m_present_secs_into_mission,m_present_secs_into_mission,,,ENG,s,GP05MOAS,GL002,CTDGV
GP05MOAS-GL002-04-CTDGVM000,m_present_time,m_present_time,,,AUX,seconds since 1970-01-01,GP05MOAS,GL002,CTDGV
GP05MOAS-GL002-04-CTDGVM000,sci_ctd41cp_timestamp,sci_ctd41cp_timestamp,,,,seconds since 1970-01-01,GP05MOAS,GL002,CTDGV
GP05MOAS-GL002-04-CTDGVM000,sci_m_present_secs_into_mission,sci_m_present_secs_into_mission,,,,s,GP05MOAS,GL002,CTDGV
GP05MOAS-GL002-04-CTDGVM000,sci_m_present_time,sci_m_present_time,,,,seconds since 1970-01-01,GP05MOAS,GL002,CTDGV
GP05MOAS-GL002-04-CTDGVM000,sci_water_cond,sci_water_cond,0,6,L1,S m-1,GP05MOAS,GL002,CTDGV
GP05MOAS-GL002-04-CTDGVM000,sci_water_pressure,sci_water_pressure,0,6000,L1,dbar,GP05MOAS,GL002,CTDGV
GP05MOAS-GL002-04-CTDGVM000,sci_water_temp,sci_water_temp,-2,40,L1,deg_C,GP05MOAS,GL002,CTDGV
GP05MOAS-GL002-04-CTDGVM000,sci_water_pracsal,sci_water_pracsal,0,42,L2,1,GP05MOAS,GL002,CTDGV
GP05MOAS-GL002-04-CTDGVM000,preferred_timestamp,preferred_timestamp,,,ENG,1,GP05MOAS,GL002,CTDGV
GP05MOAS-GL002-04-CTDGVM000,sci_seawater_density,sci_seawater_density,1000,1100,L2,kg m-3,GP05MOAS,GL002,CTDGV
GP05MOAS-GL002-04-CTDGVM000,time,time,,,ENG,seconds since 1900-01-01,GP05MOAS,GL002,CTDGV
GP05MOAS-GL002-04-CTDGVM000,ingestion_timestamp,ingestion_timestamp,,,ENG,seconds since 1900-01-01,GP05MOAS,GL002,CTDGV
GP05MOAS-GL003-01-FLORDM000,driver_timestamp,driver_timestamp,,,ENG,seconds since 1900-01-01,GP05MOAS,GL003,FLORD
GP05MOAS-GL003-01-FLORDM000,internal_timestamp,internal_timestamp,,,ENG,seconds since 1900-01-01,GP05MOAS,GL003,FLORD
GP05MOAS-GL003-01-FLORDM000,m_present_secs_into_mission,m_present_secs_into_mission,,,ENG,s,GP05MOAS,GL003,FLORD
GP05MOAS-GL003-01-FLORDM000,m_present_time,m_present_time,,,AUX,seconds since 1970-01-01,GP05MOAS,GL003,FLORD
GP05MOAS-GL003-01-FLORDM000,sci_m_present_secs_into_mission,sci_m_present_secs_into_mission,,,,s,GP05MOAS,GL003,FLORD
GP05MOAS-GL003-01-FLORDM000,sci_m_present_time,sci_m_present_time,,,,seconds since 1970-01-01,GP05MOAS,GL003,FLORD
GP05MOAS-GL003-01-FLORDM000,sci_flbb_bb_units,sci_flbb_bb_units,,,L1,m-1 sr-1,GP05MOAS,GL003,FLORD
GP05MOAS-GL003-01-FLORDM000,sci_flbb_chlor_units,sci_flbb_chlor_units,0,50,L1,ug L-1,GP05MOAS,GL003,FLORD
GP05MOAS-GL003-01-FLORDM000,preferred_timestamp,preferred_timestamp,,,ENG,1,GP05MOAS,GL003,FLORD
GP05MOAS-GL003-01-FLORDM000,sci_flbb_timestamp,sci_flbb_timestamp,,,,seconds since 1970-01-01,GP05MOAS,GL003,FLORD
GP05MOAS-GL003-01-FLORDM000,sci_flbb_bb_ref,sci_flbb_bb_ref,,,,nm,GP05MOAS,GL003,FLORD
GP05MOAS-GL003-01-FLORDM000,sci_flbb_bb_sig,sci_flbb_bb_sig,,,L0,counts,GP05MOAS,GL003,FLORD
GP05MOAS-GL003-01-FLORDM000,sci_flbb_chlor_ref,sci_flbb_chlor_ref,,,,nm,GP05MOAS,GL003,FLORD
GP05MOAS-GL003-01-FLORDM000,sci_flbb_chlor_sig,sci_flbb_chlor_sig,,,L0,counts,GP05MOAS,GL003,FLORD
GP05MOAS-GL003-01-FLORDM000,sci_flbb_therm,sci_flbb_therm,,,,1,GP05MOAS,GL003,FLORD
GP05MOAS-GL003-01-FLORDM000,flord_m_bback_total,flord_m_bback_total,0.0003,1,L2,m-1,GP05MOAS,GL003,FLORD
GP05MOAS-GL003-01-FLORDM000,flord_m_scat_seawater,flord_m_scat_seawater,,,AUX,m-1,GP05MOAS,GL003,FLORD
GP05MOAS-GL003-01-FLORDM000,time,time,,,ENG,seconds since 1900-01-01,GP05MOAS,GL003,FLORD
GP05MOAS-GL003-01-FLORDM000,ingestion_timestamp,ingestion_timestamp,,,ENG,seconds since 1900-01-01,GP05MOAS,GL003,FLORD
GP05MOAS-GL003-02-DOSTAM000,driver_timestamp,driver_timestamp,,,ENG,seconds since 1900-01-01,GP05MOAS,GL003,DOSTA
GP05MOAS-GL003-02-DOSTAM000,internal_timestamp,internal_timestamp,,,ENG,seconds since 1900-01-01,GP05MOAS,GL003,DOSTA
GP05MOAS-GL003-02-DOSTAM000,m_present_secs_into_mission,m_present_secs_into_mission,,,ENG,s,GP05MOAS,GL003,DOSTA
GP05MOAS-GL003-02-DOSTAM000,m_present_time,m_present_time,,,AUX,seconds since 1970-01-01,GP05MOAS,GL003,DOSTA
GP05MOAS-GL003-02-DOSTAM000,sci_m_present_secs_into_mission,sci_m_present_secs_into_mission,,,,s,GP05MOAS,GL003,DOSTA
GP05MOAS-GL003-02-DOSTAM000,sci_m_present_time,sci_m_present_time,,,,seconds since 1970-01-01,GP05MOAS,GL003,DOSTA
GP05MOAS-GL003-02-DOSTAM000,sci_oxy4_c1amp,sci_oxy4_c1amp,,,,mV,GP05MOAS,GL003,DOSTA
GP05MOAS-GL003-02-DOSTAM000,sci_oxy4_c1rph,sci_oxy4_c1rph,,,,degrees,GP05MOAS,GL003,DOSTA
GP05MOAS-GL003-02-DOSTAM000,sci_oxy4_c2amp,sci_oxy4_c2amp,,,,mV,GP05MOAS,GL003,DOSTA
GP05MOAS-GL003-02-DOSTAM000,sci_oxy4_c2rph,sci_oxy4_c2rph,,,,degrees,GP05MOAS,GL003,DOSTA
GP05MOAS-GL003-02-DOSTAM000,sci_oxy4_calphase,sci_oxy4_calphase,,,L0,degrees,GP05MOAS,GL003,DOSTA
GP05MOAS-GL003-02-DOSTAM000,sci_oxy4_oxygen,sci_oxy4_oxygen,0,400,L1,umol L-1,GP05MOAS,GL003,DOSTA
GP05MOAS-GL003-02-DOSTAM000,sci_oxy4_rawtemp,sci_oxy4_rawtemp,,,,mV,GP05MOAS,GL003,DOSTA
GP05MOAS-GL003-02-DOSTAM000,sci_oxy4_saturation,sci_oxy4_saturation,,,,percent,GP05MOAS,GL003,DOSTA
GP05MOAS-GL003-02-DOSTAM000,sci_oxy4_tcphase,sci_oxy4_tcphase,,,,degrees,GP05MOAS,GL003,DOSTA
GP05MOAS-GL003-02-DOSTAM000,sci_oxy4_temp,sci_oxy4_temp,,,,deg_C,GP05MOAS,GL003,DOSTA
GP05MOAS-GL003-02-DOSTAM000,sci_oxy4_timestamp,sci_oxy4_timestamp,,,,1,GP05MOAS,GL003,DOSTA
GP05MOAS-GL003-02-DOSTAM000,sci_water_cond,sci_water_cond,0,6,L1,S m-1,GP05MOAS,GL003,DOSTA
GP05MOAS-GL003-02-DOSTAM000,sci_water_pressure,sci_water_pressure,0,6000,L1,dbar,GP05MOAS,GL003,DOSTA
GP05MOAS-GL003-02-DOSTAM000,sci_water_temp,sci_water_temp,-2,40,L1,deg_C,GP05MOAS,GL003,DOSTA
GP05MOAS-GL003-02-DOSTAM000,preferred_timestamp,preferred_timestamp,,,ENG,1,GP05MOAS,GL003,DOSTA
GP05MOAS-GL003-02-DOSTAM000,sci_abs_oxygen,sci_abs_oxygen,0,400,L2,umol kg-1,GP05MOAS,GL003,DOSTA
GP05MOAS-GL003-02-DOSTAM000,time,time,,,ENG,seconds since 1900-01-01,GP05MOAS,GL003,DOSTA
GP05MOAS-GL003-02-DOSTAM000,ingestion_timestamp,ingestion_timestamp,,,ENG,seconds since 1900-01-01,GP05MOAS,GL003,DOSTA
GP05MOAS-GL003-04-CTDGVM000,driver_timestamp,driver_timestamp,,,ENG,seconds since 1900-01-01,GP05MOAS,GL003,CTDGV
GP05MOAS-GL003-04-CTDGVM000,internal_timestamp,internal_timestamp,,,ENG,seconds since 1900-01-01,GP05MOAS,GL003,CTDGV
GP05MOAS-GL003-04-CTDGVM000,m_present_secs_into_mission,m_present_secs_into_mission,,,ENG,s,GP05MOAS,GL003,CTDGV
GP05MOAS-GL003-04-CTDGVM000,m_present_time,m_present_time,,,AUX,seconds since 1970-01-01,GP05MOAS,GL003,CTDGV
GP05MOAS-GL003-04-CTDGVM000,sci_ctd41cp_timestamp,sci_ctd41cp_timestamp,,,,seconds since 1970-01-01,GP05MOAS,GL003,CTDGV
GP05MOAS-GL003-04-CTDGVM000,sci_m_present_secs_into_mission,sci_m_present_secs_into_mission,,,,s,GP05MOAS,GL003,CTDGV
GP05MOAS-GL003-04-CTDGVM000,sci_m_present_time,sci_m_present_time,,,,seconds since 1970-01-01,GP05MOAS,GL003,CTDGV
GP05MOAS-GL003-04-CTDGVM000,sci_water_cond,sci_water_cond,0,6,L1,S m-1,GP05MOAS,GL003,CTDGV
GP05MOAS-GL003-04-CTDGVM000,sci_water_pressure,sci_water_pressure,0,6000,L1,dbar,GP05MOAS,GL003,CTDGV
GP05MOAS-GL003-04-CTDGVM000,sci_water_temp,sci_water_temp,-2,40,L1,deg_C,GP05MOAS,GL003,CTDGV
GP05MOAS-GL003-04-CTDGVM000,sci_water_pracsal,sci_water_pracsal,0,42,L2,1,GP05MOAS,GL003,CTDGV
GP05MOAS-GL003-04-CTDGVM000,preferred_timestamp,preferred_timestamp,,,ENG,1,GP05MOAS,GL003,CTDGV
GP05MOAS-GL003-04-CTDGVM000,sci_seawater_density,sci_seawater_density,1000,1100,L2,kg m-3,GP05MOAS,GL003,CTDGV
GP05MOAS-GL003-04-CTDGVM000,time,time,,,ENG,seconds since 1900-01-01,GP05MOAS,GL003,CTDGV
GP05MOAS-GL003-04-CTDGVM000,ingestion_timestamp,ingestion_timestamp,,,ENG,seconds since 1900-01-01,GP05MOAS,GL003,CTDGV
GP05MOAS-GL004-01-FLORDM000,driver_timestamp,driver_timestamp,,,ENG,seconds since 1900-01-01,GP05MOAS,GL004,FLORD
GP05MOAS-GL004-01-FLORDM000,internal_timestamp,internal_timestamp,,,ENG,seconds since 1900-01-01,GP05MOAS,GL004,FLORD
GP05MOAS-GL004-01-FLORDM000,m_present_secs_into_mission,m_present_secs_into_mission,,,ENG,s,GP05MOAS,GL004,FLORD
GP05MOAS-GL004-01-FLORDM000,m_present_time,m_present_time,,,AUX,seconds since 1970-01-01,GP05MOAS,GL004,FLORD
GP05MOAS-GL004-01-FLORDM000,sci_m_present_secs_into_mission,sci_m_present_secs_into_mission,,,,s,GP05MOAS,GL004,FLORD
GP05MOAS-GL004-01-FLORDM000,sci_m_present_time,sci_m_present_time,,,,seconds since 1970-01-01,GP05MOAS,GL004,FLORD
GP05MOAS-GL004-01-FLORDM000,sci_flbb_bb_units,sci_flbb_bb_units,,,L1,m-1 sr-1,GP05MOAS,GL004,FLORD
GP05MOAS-GL004-01-FLORDM000,sci_flbb_chlor_units,sci_flbb_chlor_units,0,50,L1,ug L-1,GP05MOAS,GL004,FLORD
GP05MOAS-GL004-01-FLORDM000,preferred_timestamp,preferred_timestamp,,,ENG,1,GP05MOAS,GL004,FLORD
GP05MOAS-GL004-01-FLORDM000,sci_flbb_timestamp,sci_flbb_timestamp,,,,seconds since 1970-01-01,GP05MOAS,GL004,FLORD
GP05MOAS-GL004-01-FLORDM000,sci_flbb_bb_ref,sci_flbb_bb_ref,,,,nm,GP05MOAS,GL004,FLORD
GP05MOAS-GL004-01-FLORDM000,sci_flbb_bb_sig,sci_flbb_bb_sig,,,L0,counts,GP05MOAS,GL004,FLORD
GP05MOAS-GL004-01-FLORDM000,sci_flbb_chlor_ref,sci_flbb_chlor_ref,,,,nm,GP05MOAS,GL004,FLORD
GP05MOAS-GL004-01-FLORDM000,sci_flbb_chlor_sig,sci_flbb_chlor_sig,,,L0,counts,GP05MOAS,GL004,FLORD
GP05MOAS-GL004-01-FLORDM000,sci_flbb_therm,sci_flbb_therm,,,,1,GP05MOAS,GL004,FLORD
GP05MOAS-GL004-01-FLORDM000,flord_m_bback_total,flord_m_bback_total,0.0003,1,L2,m-1,GP05MOAS,GL004,FLORD
GP05MOAS-GL004-01-FLORDM000,flord_m_scat_seawater,flord_m_scat_seawater,,,AUX,m-1,GP05MOAS,GL004,FLORD
GP05MOAS-GL004-01-FLORDM000,time,time,,,ENG,seconds since 1900-01-01,GP05MOAS,GL004,FLORD
GP05MOAS-GL004-01-FLORDM000,ingestion_timestamp,ingestion_timestamp,,,ENG,seconds since 1900-01-01,GP05MOAS,GL004,FLORD
GP05MOAS-GL004-02-DOSTAM000,driver_timestamp,driver_timestamp,,,ENG,seconds since 1900-01-01,GP05MOAS,GL004,DOSTA
GP05MOAS-GL004-02-DOSTAM000,internal_timestamp,internal_timestamp,,,ENG,seconds since 1900-01-01,GP05MOAS,GL004,DOSTA
GP05MOAS-GL004-02-DOSTAM000,m_present_secs_into_mission,m_present_secs_into_mission,,,ENG,s,GP05MOAS,GL004,DOSTA
GP05MOAS-GL004-02-DOSTAM000,m_present_time,m_present_time,,,AUX,seconds since 1970-01-01,GP05MOAS,GL004,DOSTA
GP05MOAS-GL004-02-DOSTAM000,sci_m_present_secs_into_mission,sci_m_present_secs_into_mission,,,,s,GP05MOAS,GL004,DOSTA
GP05MOAS-GL004-02-DOSTAM000,sci_m_present_time,sci_m_present_time,,,,seconds since 1970-01-01,GP05MOAS,GL004,DOSTA
GP05MOAS-GL004-02-DOSTAM000,sci_oxy4_c1amp,sci_oxy4_c1amp,,,,mV,GP05MOAS,GL004,DOSTA
GP05MOAS-GL004-02-DOSTAM000,sci_oxy4_c1rph,sci_oxy4_c1rph,,,,degrees,GP05MOAS,GL004,DOSTA
GP05MOAS-GL004-02-DOSTAM000,sci_oxy4_c2amp,sci_oxy4_c2amp,,,,mV,GP05MOAS,GL004,DOSTA
GP05MOAS-GL004-02-DOSTAM000,sci_oxy4_c2rph,sci_oxy4_c2rph,,,,degrees,GP05MOAS,GL004,DOSTA
GP05MOAS-GL004-02-DOSTAM000,sci_oxy4_calphase,sci_oxy4_calphase,,,L0,degrees,GP05MOAS,GL004,DOSTA
GP05MOAS-GL004-02-DOSTAM000,sci_oxy4_oxygen,sci_oxy4_oxygen,0,400,L1,umol L-1,GP05MOAS,GL004,DOSTA
GP05MOAS-GL004-02-DOSTAM000,sci_oxy4_rawtemp,sci_oxy4_rawtemp,,,,mV,GP05MOAS,GL004,DOSTA
GP05MOAS-GL004-02-DOSTAM000,sci_oxy4_saturation,sci_oxy4_saturation,,,,percent,GP05MOAS,GL004,DOSTA
GP05MOAS-GL004-02-DOSTAM000,sci_oxy4_tcphase,sci_oxy4_tcphase,,,,degrees,GP05MOAS,GL004,DOSTA
GP05MOAS-GL004-02-DOSTAM000,sci_oxy4_temp,sci_oxy4_temp,,,,deg_C,GP05MOAS,GL004,DOSTA
GP05MOAS-GL004-02-DOSTAM000,sci_oxy4_timestamp,sci_oxy4_timestamp,,,,1,GP05MOAS,GL004,DOSTA
GP05MOAS-GL004-02-DOSTAM000,sci_water_cond,sci_water_cond,0,6,L1,S m-1,GP05MOAS,GL004,DOSTA
GP05MOAS-GL004-02-DOSTAM000,sci_water_pressure,sci_water_pressure,0,6000,L1,dbar,GP05MOAS,GL004,DOSTA
GP05MOAS-GL004-02-DOSTAM000,sci_water_temp,sci_water_temp,-2,40,L1,deg_C,GP05MOAS,GL004,DOSTA
GP05MOAS-GL004-02-DOSTAM000,preferred_timestamp,preferred_timestamp,,,ENG,1,GP05MOAS,GL004,DOSTA
GP05MOAS-GL004-02-DOSTAM000,sci_abs_oxygen,sci_abs_oxygen,0,400,L2,umol kg-1,GP05MOAS,GL004,DOSTA
GP05MOAS-GL004-02-DOSTAM000,time,time,,,ENG,seconds since 1900-01-01,GP05MOAS,GL004,DOSTA
GP05MOAS-GL004-02-DOSTAM000,ingestion_timestamp,ingestion_timestamp,,,ENG,seconds since 1900-01-01,GP05MOAS,GL004,DOSTA
GP05MOAS-GL004-04-CTDGVM000,driver_timestamp,driver_timestamp,,,ENG,seconds since 1900-01-01,GP05MOAS,GL004,CTDGV
GP05MOAS-GL004-04-CTDGVM000,internal_timestamp,internal_timestamp,,,ENG,seconds since 1900-01-01,GP05MOAS,GL004,CTDGV
GP05MOAS-GL004-04-CTDGVM000,m_present_secs_into_mission,m_present_secs_into_mission,,,ENG,s,GP05MOAS,GL004,CTDGV
GP05MOAS-GL004-04-CTDGVM000,m_present_time,m_present_time,,,AUX,seconds since 1970-01-01,GP05MOAS,GL004,CTDGV
GP05MOAS-GL004-04-CTDGVM000,sci_ctd41cp_timestamp,sci_ctd41cp_timestamp,,,,seconds since 1970-01-01,GP05MOAS,GL004,CTDGV
GP05MOAS-GL004-04-CTDGVM000,sci_m_present_secs_into_mission,sci_m_present_secs_into_mission,,,,s,GP05MOAS,GL004,CTDGV
GP05MOAS-GL004-04-CTDGVM000,sci_m_present_time,sci_m_present_time,,,,seconds since 1970-01-01,GP05MOAS,GL004,CTDGV
GP05MOAS-GL004-04-CTDGVM000,sci_water_cond,sci_water_cond,0,6,L1,S m-1,GP05MOAS,GL004,CTDGV
GP05MOAS-GL004-04-CTDGVM000,sci_water_pressure,sci_water_pressure,0,6000,L1,dbar,GP05MOAS,GL004,CTDGV
GP05MOAS-GL004-04-CTDGVM000,sci_water_temp,sci_water_temp,-2,40,L1,deg_C,GP05MOAS,GL004,CTDGV
GP05MOAS-GL004-04-CTDGVM000,sci_water_pracsal,sci_water_pracsal,0,42,L2,1,GP05MOAS,GL004,CTDGV
GP05MOAS-GL004-04-CTDGVM000,preferred_timestamp,preferred_timestamp,,,ENG,1,GP05MOAS,GL004,CTDGV
GP05MOAS-GL004-04-CTDGVM000,sci_seawater_density,sci_seawater_density,1000,1100,L2,kg m-3,GP05MOAS,GL004,CTDGV
GP05MOAS-GL004-04-CTDGVM000,time,time,,,ENG,seconds since 1900-01-01,GP05MOAS,GL004,CTDGV
GP05MOAS-GL004-04-CTDGVM000,ingestion_timestamp,ingestion_timestamp,,,ENG,seconds since 1900-01-01,GP05MOAS,GL004,CTDGV
GP05MOAS-GL005-01-FLORDM000,driver_timestamp,driver_timestamp,,,ENG,seconds since 1900-01-01,GP05MOAS,GL005,FLORD
GP05MOAS-GL005-01-FLORDM000,internal_timestamp,internal_timestamp,,,ENG,seconds since 1900-01-01,GP05MOAS,GL005,FLORD
GP05MOAS-GL005-01-FLORDM000,m_present_secs_into_mission,m_present_secs_into_mission,,,ENG,s,GP05MOAS,GL005,FLORD
GP05MOAS-GL005-01-FLORDM000,m_present_time,m_present_time,,,AUX,seconds since 1970-01-01,GP05MOAS,GL005,FLORD
GP05MOAS-GL005-01-FLORDM000,sci_m_present_secs_into_mission,sci_m_present_secs_into_mission,,,,s,GP05MOAS,GL005,FLORD
GP05MOAS-GL005-01-FLORDM000,sci_m_present_time,sci_m_present_time,,,,seconds since 1970-01-01,GP05MOAS,GL005,FLORD
GP05MOAS-GL005-01-FLORDM000,sci_flbb_bb_units,sci_flbb_bb_units,,,L1,m-1 sr-1,GP05MOAS,GL005,FLORD
GP05MOAS-GL005-01-FLORDM000,sci_flbb_chlor_units,sci_flbb_chlor_units,0,50,L1,ug L-1,GP05MOAS,GL005,FLORD
GP05MOAS-GL005-01-FLORDM000,preferred_timestamp,preferred_timestamp,,,ENG,1,GP05MOAS,GL005,FLORD
GP05MOAS-GL005-01-FLORDM000,sci_flbb_timestamp,sci_flbb_timestamp,,,,seconds since 1970-01-01,GP05MOAS,GL005,FLORD
GP05MOAS-GL005-01-FLORDM000,sci_flbb_bb_ref,sci_flbb_bb_ref,,,,nm,GP05MOAS,GL005,FLORD
GP05MOAS-GL005-01-FLORDM000,sci_flbb_bb_sig,sci_flbb_bb_sig,,,L0,counts,GP05MOAS,GL005,FLORD
GP05MOAS-GL005-01-FLORDM000,sci_flbb_chlor_ref,sci_flbb_chlor_ref,,,,nm,GP05MOAS,GL005,FLORD
GP05MOAS-GL005-01-FLORDM000,sci_flbb_chlor_sig,sci_flbb_chlor_sig,,,L0,counts,GP05MOAS,GL005,FLORD
GP05MOAS-GL005-01-FLORDM000,sci_flbb_therm,sci_flbb_therm,,,,1,GP05MOAS,GL005,FLORD
GP05MOAS-GL005-01-FLORDM000,flord_m_bback_total,flord_m_bback_total,0.0003,1,L2,m-1,GP05MOAS,GL005,FLORD
GP05MOAS-GL005-01-FLORDM000,flord_m_scat_seawater,flord_m_scat_seawater,,,AUX,m-1,GP05MOAS,GL005,FLORD
GP05MOAS-GL005-01-FLORDM000,time,time,,,ENG,seconds since 1900-01-01,GP05MOAS,GL005,FLORD
GP05MOAS-GL005-01-FLORDM000,ingestion_timestamp,ingestion_timestamp,,,ENG,seconds since 1900-01-01,GP05MOAS,GL005,FLORD
GP05MOAS-GL005-02-DOSTAM000,driver_timestamp,driver_timestamp,,,ENG,seconds since 1900-01-01,GP05MOAS,GL005,DOSTA
GP05MOAS-GL005-02-DOSTAM000,internal_timestamp,internal_timestamp,,,ENG,seconds since 1900-01-01,GP05MOAS,GL005,DOSTA
GP05MOAS-GL005-02-DOSTAM000,m_present_secs_into_mission,m_present_secs_into_mission,,,ENG,s,GP05MOAS,GL005,DOSTA
GP05MOAS-GL005-02-DOSTAM000,m_present_time,m_present_time,,,AUX,seconds since 1970-01-01,GP05MOAS,GL005,DOSTA
GP05MOAS-GL005-02-DOSTAM000,sci_m_present_secs_into_mission,sci_m_present_secs_into_mission,,,,s,GP05MOAS,GL005,DOSTA
GP05MOAS-GL005-02-DOSTAM000,sci_m_present_time,sci_m_present_time,,,,seconds since 1970-01-01,GP05MOAS,GL005,DOSTA
GP05MOAS-GL005-02-DOSTAM000,sci_oxy4_c1amp,sci_oxy4_c1amp,,,,mV,GP05MOAS,GL005,DOSTA
GP05MOAS-GL005-02-DOSTAM000,sci_oxy4_c1rph,sci_oxy4_c1rph,,,,degrees,GP05MOAS,GL005,DOSTA
GP05MOAS-GL005-02-DOSTAM000,sci_oxy4_c2amp,sci_oxy4_c2amp,,,,mV,GP05MOAS,GL005,DOSTA
GP05MOAS-GL005-02-DOSTAM000,sci_oxy4_c2rph,sci_oxy4_c2rph,,,,degrees,GP05MOAS,GL005,DOSTA
GP05MOAS-GL005-02-DOSTAM000,sci_oxy4_calphase,sci_oxy4_calphase,,,L0,degrees,GP05MOAS,GL005,DOSTA
GP05MOAS-GL005-02-DOSTAM000,sci_oxy4_oxygen,sci_oxy4_oxygen,0,400,L1,umol L-1,GP05MOAS,GL005,DOSTA
GP05MOAS-GL005-02-DOSTAM000,sci_oxy4_rawtemp,sci_oxy4_rawtemp,,,,mV,GP05MOAS,GL005,DOSTA
GP05MOAS-GL005-02-DOSTAM000,sci_oxy4_saturation,sci_oxy4_saturation,,,,percent,GP05MOAS,GL005,DOSTA
GP05MOAS-GL005-02-DOSTAM000,sci_oxy4_tcphase,sci_oxy4_tcphase,,,,degrees,GP05MOAS,GL005,DOSTA
GP05MOAS-GL005-02-DOSTAM000,sci_oxy4_temp,sci_oxy4_temp,,,,deg_C,GP05MOAS,GL005,DOSTA
GP05MOAS-GL005-02-DOSTAM000,sci_oxy4_timestamp,sci_oxy4_timestamp,,,,1,GP05MOAS,GL005,DOSTA
GP05MOAS-GL005-02-DOSTAM000,sci_water_cond,sci_water_cond,0,6,L1,S m-1,GP05MOAS,GL005,DOSTA
GP05MOAS-GL005-02-DOSTAM000,sci_water_pressure,sci_water_pressure,0,6000,L1,dbar,GP05MOAS,GL005,DOSTA
GP05MOAS-GL005-02-DOSTAM000,sci_water_temp,sci_water_temp,-2,40,L1,deg_C,GP05MOAS,GL005,DOSTA
GP05MOAS-GL005-02-DOSTAM000,preferred_timestamp,preferred_timestamp,,,ENG,1,GP05MOAS,GL005,DOSTA
GP05MOAS-GL005-02-DOSTAM000,sci_abs_oxygen,sci_abs_oxygen,0,400,L2,umol kg-1,GP05MOAS,GL005,DOSTA
GP05MOAS-GL005-02-DOSTAM000,time,time,,,ENG,seconds since 1900-01-01,GP05MOAS,GL005,DOSTA
GP05MOAS-GL005-02-DOSTAM000,ingestion_timestamp,ingestion_timestamp,,,ENG,seconds since 1900-01-01,GP05MOAS,GL005,DOSTA
GP05MOAS-GL005-04-CTDGVM000,driver_timestamp,driver_timestamp,,,ENG,seconds since 1900-01-01,GP05MOAS,GL005,CTDGV
GP05MOAS-GL005-04-CTDGVM000,internal_timestamp,internal_timestamp,,,ENG,seconds since 1900-01-01,GP05MOAS,GL005,CTDGV
GP05MOAS-GL005-04-CTDGVM000,m_present_secs_into_mission,m_present_secs_into_mission,,,ENG,s,GP05MOAS,GL005,CTDGV
GP05MOAS-GL005-04-CTDGVM000,m_present_time,m_present_time,,,AUX,seconds since 1970-01-01,GP05MOAS,GL005,CTDGV
GP05MOAS-GL005-04-CTDGVM000,sci_ctd41cp_timestamp,sci_ctd41cp_timestamp,,,,seconds since 1970-01-01,GP05MOAS,GL005,CTDGV
GP05MOAS-GL005-04-CTDGVM000,sci_m_present_secs_into_mission,sci_m_present_secs_into_mission,,,,s,GP05MOAS,GL005,CTDGV
GP05MOAS-GL005-04-CTDGVM000,sci_m_present_time,sci_m_present_time,,,,seconds since 1970-01-01,GP05MOAS,GL005,CTDGV
GP05MOAS-GL005-04-CTDGVM000,sci_water_cond,sci_water_cond,0,6,L1,S m-1,GP05MOAS,GL005,CTDGV
GP05MOAS-GL005-04-CTDGVM000,sci_water_pressure,sci_water_pressure,0,6000,L1,dbar,GP05MOAS,GL005,CTDGV
GP05MOAS-GL005-04-CTDGVM000,sci_water_temp,sci_water_temp,-2,40,L1,deg_C,GP05MOAS,GL005,CTDGV
GP05MOAS-GL005-04-CTDGVM000,sci_water_pracsal,sci_water_pracsal,0,42,L2,1,GP05MOAS,GL005,CTDGV
GP05MOAS-GL005-04-CTDGVM000,preferred_timestamp,preferred_timestamp,,,ENG,1,GP05MOAS,GL005,CTDGV
GP05MOAS-GL005-04-CTDGVM000,sci_seawater_density,sci_seawater_density,1000,1100,L2,kg m-3,GP05MOAS,GL005,CTDGV
GP05MOAS-GL005-04-CTDGVM000,time,time,,,ENG,seconds since 1900-01-01,GP05MOAS,GL005,CTDGV
GP05MOAS-GL005-04-CTDGVM000,ingestion_timestamp,ingestion_timestamp,,,ENG,seconds since 1900-01-01,GP05MOAS,GL005,CTDGV
GP05MOAS-GL006-01-FLORDM000,driver_timestamp,driver_timestamp,,,ENG,seconds since 1900-01-01,GP05MOAS,GL006,FLORD
GP05MOAS-GL006-01-FLORDM000,internal_timestamp,internal_timestamp,,,ENG,seconds since 1900-01-01,GP05MOAS,GL006,FLORD
GP05MOAS-GL006-01-FLORDM000,m_present_secs_into_mission,m_present_secs_into_mission,,,ENG,s,GP05MOAS,GL006,FLORD
GP05MOAS-GL006-01-FLORDM000,m_present_time,m_present_time,,,AUX,seconds since 1970-01-01,GP05MOAS,GL006,FLORD
GP05MOAS-GL006-01-FLORDM000,sci_m_present_secs_into_mission,sci_m_present_secs_into_mission,,,,s,GP05MOAS,GL006,FLORD
GP05MOAS-GL006-01-FLORDM000,sci_m_present_time,sci_m_present_time,,,,seconds since 1970-01-01,GP05MOAS,GL006,FLORD
GP05MOAS-GL006-01-FLORDM000,sci_flbb_bb_units,sci_flbb_bb_units,,,L1,m-1 sr-1,GP05MOAS,GL006,FLORD
GP05MOAS-GL006-01-FLORDM000,sci_flbb_chlor_units,sci_flbb_chlor_units,0,50,L1,ug L-1,GP05MOAS,GL006,FLORD
GP05MOAS-GL006-01-FLORDM000,preferred_timestamp,preferred_timestamp,,,ENG,1,GP05MOAS,GL006,FLORD
GP05MOAS-GL006-01-FLORDM000,sci_flbb_timestamp,sci_flbb_timestamp,,,,seconds since 1970-01-01,GP05MOAS,GL006,FLORD
GP05MOAS-GL006-01-FLORDM000,sci_flbb_bb_ref,sci_flbb_bb_ref,,,,nm,GP05MOAS,GL006,FLORD
GP05MOAS-GL006-01-FLORDM000,sci_flbb_bb_sig,sci_flbb_bb_sig,,,L0,counts,GP05MOAS,GL006,FLORD
GP05MOAS-GL006-01-FLORDM000,sci_flbb_chlor_ref,sci_flbb_chlor_ref,,,,nm,GP05MOAS,GL006,FLORD
GP05MOAS-GL006-01-FLORDM000,sci_flbb_chlor_sig,sci_flbb_chlor_sig,,,L0,counts,GP05MOAS,GL006,FLORD
GP05MOAS-GL006-01-FLORDM000,sci_flbb_therm,sci_flbb_therm,,,,1,GP05MOAS,GL006,FLORD
GP05MOAS-GL006-01-FLORDM000,flord_m_bback_total,flord_m_bback_total,0.0003,1,L2,m-1,GP05MOAS,GL006,FLORD
GP05MOAS-GL006-01-FLORDM000,flord_m_scat_seawater,flord_m_scat_seawater,,,AUX,m-1,GP05MOAS,GL006,FLORD
GP05MOAS-GL006-01-FLORDM000,time,time,,,ENG,seconds since 1900-01-01,GP05MOAS,GL006,FLORD
GP05MOAS-GL006-01-FLORDM000,ingestion_timestamp,ingestion_timestamp,,,ENG,seconds since 1900-01-01,GP05MOAS,GL006,FLORD
GP05MOAS-GL006-02-DOSTAM000,driver_timestamp,driver_timestamp,,,ENG,seconds since 1900-01-01,GP05MOAS,GL006,DOSTA
GP05MOAS-GL006-02-DOSTAM000,internal_timestamp,internal_timestamp,,,ENG,seconds since 1900-01-01,GP05MOAS,GL006,DOSTA
GP05MOAS-GL006-02-DOSTAM000,m_present_secs_into_mission,m_present_secs_into_mission,,,ENG,s,GP05MOAS,GL006,DOSTA
GP05MOAS-GL006-02-DOSTAM000,m_present_time,m_present_time,,,AUX,seconds since 1970-01-01,GP05MOAS,GL006,DOSTA
GP05MOAS-GL006-02-DOSTAM000,sci_m_present_secs_into_mission,sci_m_present_secs_into_mission,,,,s,GP05MOAS,GL006,DOSTA
GP05MOAS-GL006-02-DOSTAM000,sci_m_present_time,sci_m_present_time,,,,seconds since 1970-01-01,GP05MOAS,GL006,DOSTA
GP05MOAS-GL006-02-DOSTAM000,sci_oxy4_c1amp,sci_oxy4_c1amp,,,,mV,GP05MOAS,GL006,DOSTA
GP05MOAS-GL006-02-DOSTAM000,sci_oxy4_c1rph,sci_oxy4_c1rph,,,,degrees,GP05MOAS,GL006,DOSTA
GP05MOAS-GL006-02-DOSTAM000,sci_oxy4_c2amp,sci_oxy4_c2amp,,,,mV,GP05MOAS,GL006,DOSTA
GP05MOAS-GL006-02-DOSTAM000,sci_oxy4_c2rph,sci_oxy4_c2rph,,,,degrees,GP05MOAS,GL006,DOSTA
GP05MOAS-GL006-02-DOSTAM000,sci_oxy4_calphase,sci_oxy4_calphase,,,L0,degrees,GP05MOAS,GL006,DOSTA
GP05MOAS-GL006-02-DOSTAM000,sci_oxy4_oxygen,sci_oxy4_oxygen,0,400,L1,umol L-1,GP05MOAS,GL006,DOSTA
GP05MOAS-GL006-02-DOSTAM000,sci_oxy4_rawtemp,sci_oxy4_rawtemp,,,,mV,GP05MOAS,GL006,DOSTA
GP05MOAS-GL006-02-DOSTAM000,sci_oxy4_saturation,sci_oxy4_saturation,,,,percent,GP05MOAS,GL006,DOSTA
GP05MOAS-GL006-02-DOSTAM000,sci_oxy4_tcphase,sci_oxy4_tcphase,,,,degrees,GP05MOAS,GL006,DOSTA
GP05MOAS-GL006-02-DOSTAM000,sci_oxy4_temp,sci_oxy4_temp,,,,deg_C,GP05MOAS,GL006,DOSTA
GP05MOAS-GL006-02-DOSTAM000,sci_oxy4_timestamp,sci_oxy4_timestamp,,,,1,GP05MOAS,GL006,DOSTA
GP05MOAS-GL006-02-DOSTAM000,sci_water_cond,sci_water_cond,0,6,L1,S m-1,GP05MOAS,GL006,DOSTA
GP05MOAS-GL006-02-DOSTAM000,sci_water_pressure,sci_water_pressure,0,6000,L1,dbar,GP05MOAS,GL006,DOSTA
GP05MOAS-GL006-02-DOSTAM000,sci_water_temp,sci_water_temp,-2,40,L1,deg_C,GP05MOAS,GL006,DOSTA
GP05MOAS-GL006-02-DOSTAM000,preferred_timestamp,preferred_timestamp,,,ENG,1,GP05MOAS,GL006,DOSTA
GP05MOAS-GL006-02-DOSTAM000,sci_abs_oxygen,sci_abs_oxygen,0,400,L2,umol kg-1,GP05MOAS,GL006,DOSTA
GP05MOAS-GL006-02-DOSTAM000,time,time,,,ENG,seconds since 1900-01-01,GP05MOAS,GL006,DOSTA
GP05MOAS-GL006-02-DOSTAM000,ingestion_timestamp,ingestion_timestamp,,,ENG,seconds since 1900-01-01,GP05MOAS,GL006,DOSTA
GP05MOAS-GL006-04-CTDGVM000,driver_timestamp,driver_timestamp,,,ENG,seconds since 1900-01-01,GP05MOAS,GL006,CTDGV
GP05MOAS-GL006-04-CTDGVM000,internal_timestamp,internal_timestamp,,,ENG,seconds since 1900-01-01,GP05MOAS,GL006,CTDGV
GP05MOAS-GL006-04-CTDGVM000,m_present_secs_into_mission,m_present_secs_into_mission,,,ENG,s,GP05MOAS,GL006,CTDGV
GP05MOAS-GL006-04-CTDGVM000,m_present_time,m_present_time,,,AUX,seconds since 1970-01-01,GP05MOAS,GL006,CTDGV
GP05MOAS-GL006-04-CTDGVM000,sci_ctd41cp_timestamp,sci_ctd41cp_timestamp,,,,seconds since 1970-01-01,GP05MOAS,GL006,CTDGV
GP05MOAS-GL006-04-CTDGVM000,sci_m_present_secs_into_mission,sci_m_present_secs_into_mission,,,,s,GP05MOAS,GL006,CTDGV
GP05MOAS-GL006-04-CTDGVM000,sci_m_present_time,sci_m_present_time,,,,seconds since 1970-01-01,GP05MOAS,GL006,CTDGV
GP05MOAS-GL006-04-CTDGVM000,sci_water_cond,sci_water_cond,0,6,L1,S m-1,GP05MOAS,GL006,CTDGV
GP05MOAS-GL006-04-CTDGVM000,sci_water_pressure,sci_water_pressure,0,6000,L1,dbar,GP05MOAS,GL006,CTDGV
GP05MOAS-GL006-04-CTDGVM000,sci_water_temp,sci_water_temp,-2,40,L1,deg_C,GP05MOAS,GL006,CTDGV
GP05MOAS-GL006-04-CTDGVM000,sci_water_pracsal,sci_water_pracsal,0,42,L2,1,GP05MOAS,GL006,CTDGV
GP05MOAS-GL006-04-CTDGVM000,preferred_timestamp,preferred_timestamp,,,ENG,1,GP05MOAS,GL006,CTDGV
GP05MOAS-GL006-04-CTDGVM000,sci_seawater_density,sci_seawater_density,1000,1100,L2,kg m-3,GP05MOAS,GL006,CTDGV
GP05MOAS-GL006-04-CTDGVM000,time,time,,,ENG,seconds since 1900-01-01,GP05MOAS,GL006,CTDGV
GP05MOAS-GL006-04-CTDGVM000,ingestion_timestamp,ingestion_timestamp,,,ENG,seconds since 1900-01-01,GP05MOAS,GL006,CTDGV
GP05MOAS-PG001-##-NUTNRM000,driver_timestamp,driver_timestamp,,,ENG,seconds since 1900-01-01,GP05MOAS,PG001,NUTNR
GP05MOAS-PG001-##-NUTNRM000,internal_timestamp,internal_timestamp,,,ENG,seconds since 1900-01-01,GP05MOAS,PG001,NUTNR
GP05MOAS-PG001-##-NUTNRM000,m_present_secs_into_mission,m_present_secs_into_mission,,,ENG,s,GP05MOAS,PG001,NUTNR
GP05MOAS-PG001-##-NUTNRM000,m_present_time,m_present_time,,,AUX,seconds since 1970-01-01,GP05MOAS,PG001,NUTNR
GP05MOAS-PG001-##-NUTNRM000,sci_m_present_secs_into_mission,sci_m_present_secs_into_mission,,,,s,GP05MOAS,PG001,NUTNR
GP05MOAS-PG001-##-NUTNRM000,sci_m_present_time,sci_m_present_time,,,,seconds since 1970-01-01,GP05MOAS,PG001,NUTNR
GP05MOAS-PG001-##-NUTNRM000,preferred_timestamp,preferred_timestamp,,,ENG,1,GP05MOAS,PG001,NUTNR
GP05MOAS-PG001-##-NUTNRM000,nutnr_nitrogen_in_nitrate,nutnr_nitrogen_in_nitrate,,,,mg/L,GP05MOAS,PG001,NUTNR
GP05MOAS-PG001-##-NUTNRM000,nutnr_absorbance_at_254_nm,nutnr_absorbance_at_254_nm,,,,1,GP05MOAS,PG001,NUTNR
GP05MOAS-PG001-##-NUTNRM000,nutnr_absorbance_at_350_nm,nutnr_absorbance_at_350_nm,,,,1,GP05MOAS,PG001,NUTNR
GP05MOAS-PG001-##-NUTNRM000,nutnr_bromide_trace,nutnr_bromide_trace,,,,mg/L,GP05MOAS,PG001,NUTNR
GP05MOAS-PG001-##-NUTNRM000,nutnr_spectrum_average,nutnr_spectrum_average,,,,1,GP05MOAS,PG001,NUTNR
GP05MOAS-PG001-##-NUTNRM000,nutnr_dark_value_used_for_fit,nutnr_dark_value_used_for_fit,,,AUX,1,GP05MOAS,PG001,NUTNR
GP05MOAS-PG001-##-NUTNRM000,nutnr_integration_time_factor,nutnr_integration_time_factor,,,,1,GP05MOAS,PG001,NUTNR
GP05MOAS-PG001-##-NUTNRM000,nutnr_fit_rmse,nutnr_fit_rmse,,,AUX,1,GP05MOAS,PG001,NUTNR
GP05MOAS-PG001-##-NUTNRM000,year,year,,,,year,GP05MOAS,PG001,NUTNR
GP05MOAS-PG001-##-NUTNRM000,day_of_year,day_of_year,,,,1,GP05MOAS,PG001,NUTNR
GP05MOAS-PG001-##-NUTNRM000,ctd_time_uint32,ctd_time_uint32,,,,seconds since 1970-01-01,GP05MOAS,PG001,NUTNR
GP05MOAS-PG001-##-NUTNRM000,ctd_psu,ctd_psu,,,AUX,(unitless),GP05MOAS,PG001,NUTNR
GP05MOAS-PG001-##-NUTNRM000,ctd_temp,ctd_temp,,,AUX,deg_C,GP05MOAS,PG001,NUTNR
GP05MOAS-PG001-##-NUTNRM000,ctd_dbar,ctd_dbar,,,AUX,dbar,GP05MOAS,PG001,NUTNR
GP05MOAS-PG001-##-NUTNRM000,frame_type,frame_type,,,,1,GP05MOAS,PG001,NUTNR
GP05MOAS-PG001-##-NUTNRM000,serial_number,serial_number,,,ENG,1,GP05MOAS,PG001,NUTNR
GP05MOAS-PG001-##-NUTNRM000,time_of_sample,time_of_sample,,,AUX,h,GP05MOAS,PG001,NUTNR
GP05MOAS-PG001-##-NUTNRM000,nitrate_concentration,nitrate_concentration,0,40,L1,umol L-1,GP05MOAS,PG001,NUTNR
GP05MOAS-PG001-##-NUTNRM000,temp_spectrometer,temp_spectrometer,,,AUX,deg_C,GP05MOAS,PG001,NUTNR
GP05MOAS-PG001-##-NUTNRM000,temp_lamp,temp_lamp,,,AUX,deg_C,GP05MOAS,PG001,NUTNR
GP05MOAS-PG001-##-NUTNRM000,humidity,humidity,,,AUX,%,GP05MOAS,PG001,NUTNR
GP05MOAS-PG001-##-NUTNRM000,spectral_channels,spectral_channels,,,L0,counts,GP05MOAS,PG001,NUTNR
GP05MOAS-PG001-##-NUTNRM000,sci_suna_timestamp,sci_suna_timestamp,,,,seconds since 1970-01-01,GP05MOAS,PG001,NUTNR
GP05MOAS-PG001-##-NUTNRM000,sci_suna_record_offset,sci_suna_record_offset,,,,B,GP05MOAS,PG001,NUTNR
GP05MOAS-PG001-##-NUTNRM000,sci_suna_nitrate_um,sci_suna_nitrate_um,0,40,L1,umol L-1,GP05MOAS,PG001,NUTNR
GP05MOAS-PG001-##-NUTNRM000,sci_suna_nitrate_mg,sci_suna_nitrate_mg,,,L1,mg L-1,GP05MOAS,PG001,NUTNR
GP05MOAS-PG001-##-NUTNRM000,nutnr_m_temp_sal_corrected_nitrate,nutnr_m_temp_sal_corrected_nitrate,0,40,L2,umol L-1,GP05MOAS,PG001,NUTNR
GP05MOAS-PG001-##-NUTNRM000,dark_frame_spectral_channels,dark_frame_spectral_channels,,,AUX,counts,GP05MOAS,PG001,NUTNR
GP05MOAS-PG001-##-NUTNRM000,time,time,,,ENG,seconds since 1900-01-01,GP05MOAS,PG001,NUTNR
GP05MOAS-PG001-##-NUTNRM000,ingestion_timestamp,ingestion_timestamp,,,ENG,seconds since 1900-01-01,GP05MOAS,PG001,NUTNR
GP05MOAS-PG001-01-CTDGVM000,driver_timestamp,driver_timestamp,,,ENG,seconds since 1900-01-01,GP05MOAS,PG001,CTDGV
GP05MOAS-PG001-01-CTDGVM000,internal_timestamp,internal_timestamp,,,ENG,seconds since 1900-01-01,GP05MOAS,PG001,CTDGV
GP05MOAS-PG001-01-CTDGVM000,m_present_secs_into_mission,m_present_secs_into_mission,,,ENG,s,GP05MOAS,PG001,CTDGV
GP05MOAS-PG001-01-CTDGVM000,m_present_time,m_present_time,,,AUX,seconds since 1970-01-01,GP05MOAS,PG001,CTDGV
GP05MOAS-PG001-01-CTDGVM000,sci_ctd41cp_timestamp,sci_ctd41cp_timestamp,,,,seconds since 1970-01-01,GP05MOAS,PG001,CTDGV
GP05MOAS-PG001-01-CTDGVM000,sci_m_present_secs_into_mission,sci_m_present_secs_into_mission,,,,s,GP05MOAS,PG001,CTDGV
GP05MOAS-PG001-01-CTDGVM000,sci_m_present_time,sci_m_present_time,,,,seconds since 1970-01-01,GP05MOAS,PG001,CTDGV
GP05MOAS-PG001-01-CTDGVM000,sci_water_cond,sci_water_cond,0,6,L1,S m-1,GP05MOAS,PG001,CTDGV
GP05MOAS-PG001-01-CTDGVM000,sci_water_pressure,sci_water_pressure,0,6000,L1,dbar,GP05MOAS,PG001,CTDGV
GP05MOAS-PG001-01-CTDGVM000,sci_water_temp,sci_water_temp,-2,40,L1,deg_C,GP05MOAS,PG001,CTDGV
GP05MOAS-PG001-01-CTDGVM000,sci_water_pracsal,sci_water_pracsal,0,42,L2,1,GP05MOAS,PG001,CTDGV
GP05MOAS-PG001-01-CTDGVM000,preferred_timestamp,preferred_timestamp,,,ENG,1,GP05MOAS,PG001,CTDGV
GP05MOAS-PG001-01-CTDGVM000,sci_seawater_density,sci_seawater_density,1000,1100,L2,kg m-3,GP05MOAS,PG001,CTDGV
GP05MOAS-PG001-01-CTDGVM000,time,time,,,ENG,seconds since 1900-01-01,GP05MOAS,PG001,CTDGV
GP05MOAS-PG001-01-CTDGVM000,ingestion_timestamp,ingestion_timestamp,,,ENG,seconds since 1900-01-01,GP05MOAS,PG001,CTDGV
GP05MOAS-PG001-02-DOSTAM000,driver_timestamp,driver_timestamp,,,ENG,seconds since 1900-01-01,GP05MOAS,PG001,DOSTA
GP05MOAS-PG001-02-DOSTAM000,internal_timestamp,internal_timestamp,,,ENG,seconds since 1900-01-01,GP05MOAS,PG001,DOSTA
GP05MOAS-PG001-02-DOSTAM000,m_present_secs_into_mission,m_present_secs_into_mission,,,ENG,s,GP05MOAS,PG001,DOSTA
GP05MOAS-PG001-02-DOSTAM000,m_present_time,m_present_time,,,AUX,seconds since 1970-01-01,GP05MOAS,PG001,DOSTA
GP05MOAS-PG001-02-DOSTAM000,sci_m_present_secs_into_mission,sci_m_present_secs_into_mission,,,,s,GP05MOAS,PG001,DOSTA
GP05MOAS-PG001-02-DOSTAM000,sci_m_present_time,sci_m_present_time,,,,seconds since 1970-01-01,GP05MOAS,PG001,DOSTA
GP05MOAS-PG001-02-DOSTAM000,sci_oxy4_c1amp,sci_oxy4_c1amp,,,,mV,GP05MOAS,PG001,DOSTA
GP05MOAS-PG001-02-DOSTAM000,sci_oxy4_c1rph,sci_oxy4_c1rph,,,,degrees,GP05MOAS,PG001,DOSTA
GP05MOAS-PG001-02-DOSTAM000,sci_oxy4_c2amp,sci_oxy4_c2amp,,,,mV,GP05MOAS,PG001,DOSTA
GP05MOAS-PG001-02-DOSTAM000,sci_oxy4_c2rph,sci_oxy4_c2rph,,,,degrees,GP05MOAS,PG001,DOSTA
GP05MOAS-PG001-02-DOSTAM000,sci_oxy4_calphase,sci_oxy4_calphase,,,L0,degrees,GP05MOAS,PG001,DOSTA
GP05MOAS-PG001-02-DOSTAM000,sci_oxy4_oxygen,sci_oxy4_oxygen,0,400,L1,umol L-1,GP05MOAS,PG001,DOSTA
GP05MOAS-PG001-02-DOSTAM000,sci_oxy4_rawtemp,sci_oxy4_rawtemp,,,,mV,GP05MOAS,PG001,DOSTA
GP05MOAS-PG001-02-DOSTAM000,sci_oxy4_saturation,sci_oxy4_saturation,,,,percent,GP05MOAS,PG001,DOSTA
GP05MOAS-PG001-02-DOSTAM000,sci_oxy4_tcphase,sci_oxy4_tcphase,,,,degrees,GP05MOAS,PG001,DOSTA
GP05MOAS-PG001-02-DOSTAM000,sci_oxy4_temp,sci_oxy4_temp,,,,deg_C,GP05MOAS,PG001,DOSTA
GP05MOAS-PG001-02-DOSTAM000,sci_oxy4_timestamp,sci_oxy4_timestamp,,,,1,GP05MOAS,PG001,DOSTA
GP05MOAS-PG001-02-DOSTAM000,sci_water_cond,sci_water_cond,0,6,L1,S m-1,GP05MOAS,PG001,DOSTA
GP05MOAS-PG001-02-DOSTAM000,sci_water_pressure,sci_water_pressure,0,6000,L1,dbar,GP05MOAS,PG001,DOSTA
GP05MOAS-PG001-02-DOSTAM000,sci_water_temp,sci_water_temp,-2,40,L1,deg_C,GP05MOAS,PG001,DOSTA
GP05MOAS-PG001-02-DOSTAM000,preferred_timestamp,preferred_timestamp,,,ENG,1,GP05MOAS,PG001,DOSTA
GP05MOAS-PG001-02-DOSTAM000,sci_abs_oxygen,sci_abs_oxygen,0,400,L2,umol kg-1,GP05MOAS,PG001,DOSTA
GP05MOAS-PG001-02-DOSTAM000,time,time,,,ENG,seconds since 1900-01-01,GP05MOAS,PG001,DOSTA
GP05MOAS-PG001-02-DOSTAM000,ingestion_timestamp,ingestion_timestamp,,,ENG,seconds since 1900-01-01,GP05MOAS,PG001,DOSTA
GP05MOAS-PG001-03-FLORTM000,driver_timestamp,driver_timestamp,,,ENG,seconds since 1900-01-01,GP05MOAS,PG001,FLORT
GP05MOAS-PG001-03-FLORTM000,internal_timestamp,internal_timestamp,,,ENG,seconds since 1900-01-01,GP05MOAS,PG001,FLORT
GP05MOAS-PG001-03-FLORTM000,m_present_secs_into_mission,m_present_secs_into_mission,,,ENG,s,GP05MOAS,PG001,FLORT
GP05MOAS-PG001-03-FLORTM000,m_present_time,m_present_time,,,AUX,seconds since 1970-01-01,GP05MOAS,PG001,FLORT
GP05MOAS-PG001-03-FLORTM000,sci_flbbcd_bb_ref,sci_flbbcd_bb_ref,,,,nm,GP05MOAS,PG001,FLORT
GP05MOAS-PG001-03-FLORTM000,sci_flbbcd_bb_sig,sci_flbbcd_bb_sig,,,,counts,GP05MOAS,PG001,FLORT
GP05MOAS-PG001-03-FLORTM000,sci_flbbcd_bb_units,sci_flbbcd_bb_units,,,L1,m-1 sr-1,GP05MOAS,PG001,FLORT
GP05MOAS-PG001-03-FLORTM000,sci_flbbcd_cdom_ref,sci_flbbcd_cdom_ref,,,,nm,GP05MOAS,PG001,FLORT
GP05MOAS-PG001-03-FLORTM000,sci_flbbcd_cdom_sig,sci_flbbcd_cdom_sig,,,,counts,GP05MOAS,PG001,FLORT
GP05MOAS-PG001-03-FLORTM000,sci_flbbcd_cdom_units,sci_flbbcd_cdom_units,0,375,L1,ppb,GP05MOAS,PG001,FLORT
GP05MOAS-PG001-03-FLORTM000,sci_flbbcd_chlor_ref,sci_flbbcd_chlor_ref,,,,nm,GP05MOAS,PG001,FLORT
GP05MOAS-PG001-03-FLORTM000,sci_flbbcd_chlor_sig,sci_flbbcd_chlor_sig,,,,counts,GP05MOAS,PG001,FLORT
GP05MOAS-PG001-03-FLORTM000,sci_flbbcd_chlor_units,sci_flbbcd_chlor_units,0,50,L1,ug L-1,GP05MOAS,PG001,FLORT
GP05MOAS-PG001-03-FLORTM000,sci_flbbcd_therm,sci_flbbcd_therm,,,ENG,1,GP05MOAS,PG001,FLORT
GP05MOAS-PG001-03-FLORTM000,sci_flbbcd_timestamp,sci_flbbcd_timestamp,,,ENG,seconds since 1970-01-01,GP05MOAS,PG001,FLORT
GP05MOAS-PG001-03-FLORTM000,sci_m_present_secs_into_mission,sci_m_present_secs_into_mission,,,,s,GP05MOAS,PG001,FLORT
GP05MOAS-PG001-03-FLORTM000,sci_m_present_time,sci_m_present_time,,,,seconds since 1970-01-01,GP05MOAS,PG001,FLORT
GP05MOAS-PG001-03-FLORTM000,preferred_timestamp,preferred_timestamp,,,ENG,1,GP05MOAS,PG001,FLORT
GP05MOAS-PG001-03-FLORTM000,flort_m_bback_total,flort_m_bback_total,0.0003,1,L2,m-1,GP05MOAS,PG001,FLORT
GP05MOAS-PG001-03-FLORTM000,flort_m_scat_seawater,flort_m_scat_seawater,,,AUX,m-1,GP05MOAS,PG001,FLORT
GP05MOAS-PG001-03-FLORTM000,time,time,,,ENG,seconds since 1900-01-01,GP05MOAS,PG001,FLORT
GP05MOAS-PG001-03-FLORTM000,ingestion_timestamp,ingestion_timestamp,,,ENG,seconds since 1900-01-01,GP05MOAS,PG001,FLORT
GP05MOAS-PG001-04-FLORTO000,driver_timestamp,driver_timestamp,,,ENG,seconds since 1900-01-01,GP05MOAS,PG001,FLORT
GP05MOAS-PG001-04-FLORTO000,internal_timestamp,internal_timestamp,,,ENG,seconds since 1900-01-01,GP05MOAS,PG001,FLORT
GP05MOAS-PG001-04-FLORTO000,m_present_secs_into_mission,m_present_secs_into_mission,,,ENG,s,GP05MOAS,PG001,FLORT
GP05MOAS-PG001-04-FLORTO000,m_present_time,m_present_time,,,AUX,seconds since 1970-01-01,GP05MOAS,PG001,FLORT
GP05MOAS-PG001-04-FLORTO000,sci_flbbcd_bb_ref,sci_flbbcd_bb_ref,,,,nm,GP05MOAS,PG001,FLORT
GP05MOAS-PG001-04-FLORTO000,sci_flbbcd_bb_sig,sci_flbbcd_bb_sig,,,,counts,GP05MOAS,PG001,FLORT
GP05MOAS-PG001-04-FLORTO000,sci_flbbcd_bb_units,sci_flbbcd_bb_units,,,L1,m-1 sr-1,GP05MOAS,PG001,FLORT
GP05MOAS-PG001-04-FLORTO000,sci_flbbcd_cdom_ref,sci_flbbcd_cdom_ref,,,,nm,GP05MOAS,PG001,FLORT
GP05MOAS-PG001-04-FLORTO000,sci_flbbcd_cdom_sig,sci_flbbcd_cdom_sig,,,,counts,GP05MOAS,PG001,FLORT
GP05MOAS-PG001-04-FLORTO000,sci_flbbcd_cdom_units,sci_flbbcd_cdom_units,0,375,L1,ppb,GP05MOAS,PG001,FLORT
GP05MOAS-PG001-04-FLORTO000,sci_flbbcd_chlor_ref,sci_flbbcd_chlor_ref,,,,nm,GP05MOAS,PG001,FLORT
GP05MOAS-PG001-04-FLORTO000,sci_flbbcd_chlor_sig,sci_flbbcd_chlor_sig,,,,counts,GP05MOAS,PG001,FLORT
GP05MOAS-PG001-04-FLORTO000,sci_flbbcd_chlor_units,sci_flbbcd_chlor_units,0,50,L1,ug L-1,GP05MOAS,PG001,FLORT
GP05MOAS-PG001-04-FLORTO000,sci_flbbcd_therm,sci_flbbcd_therm,,,ENG,1,GP05MOAS,PG001,FLORT
GP05MOAS-PG001-04-FLORTO000,sci_flbbcd_timestamp,sci_flbbcd_timestamp,,,ENG,seconds since 1970-01-01,GP05MOAS,PG001,FLORT
GP05MOAS-PG001-04-FLORTO000,sci_m_present_secs_into_mission,sci_m_present_secs_into_mission,,,,s,GP05MOAS,PG001,FLORT
GP05MOAS-PG001-04-FLORTO000,sci_m_present_time,sci_m_present_time,,,,seconds since 1970-01-01,GP05MOAS,PG001,FLORT
GP05MOAS-PG001-04-FLORTO000,preferred_timestamp,preferred_timestamp,,,ENG,1,GP05MOAS,PG001,FLORT
GP05MOAS-PG001-04-FLORTO000,flort_m_bback_total,flort_m_bback_total,0.0003,1,L2,m-1,GP05MOAS,PG001,FLORT
GP05MOAS-PG001-04-FLORTO000,flort_m_scat_seawater,flort_m_scat_seawater,,,AUX,m-1,GP05MOAS,PG001,FLORT
GP05MOAS-PG001-04-FLORTO000,time,time,,,ENG,seconds since 1900-01-01,GP05MOAS,PG001,FLORT
GP05MOAS-PG001-04-FLORTO000,ingestion_timestamp,ingestion_timestamp,,,ENG,seconds since 1900-01-01,GP05MOAS,PG001,FLORT
GP05MOAS-PG001-06-PARADM000,driver_timestamp,driver_timestamp,,,ENG,seconds since 1900-01-01,GP05MOAS,PG001,PARAD
GP05MOAS-PG001-06-PARADM000,internal_timestamp,internal_timestamp,,,ENG,seconds since 1900-01-01,GP05MOAS,PG001,PARAD
GP05MOAS-PG001-06-PARADM000,m_present_secs_into_mission,m_present_secs_into_mission,,,ENG,s,GP05MOAS,PG001,PARAD
GP05MOAS-PG001-06-PARADM000,m_present_time,m_present_time,,,AUX,seconds since 1970-01-01,GP05MOAS,PG001,PARAD
GP05MOAS-PG001-06-PARADM000,sci_bsipar_par,sci_bsipar_par,0,2500,L1,umol photons m-2 s-1,GP05MOAS,PG001,PARAD
GP05MOAS-PG001-06-PARADM000,sci_bsipar_sensor_volts,sci_bsipar_sensor_volts,,,L0,V,GP05MOAS,PG001,PARAD
GP05MOAS-PG001-06-PARADM000,sci_bsipar_supply_volts,sci_bsipar_supply_volts,,,,V,GP05MOAS,PG001,PARAD
GP05MOAS-PG001-06-PARADM000,sci_bsipar_temp,sci_bsipar_temp,,,,deg_C,GP05MOAS,PG001,PARAD
GP05MOAS-PG001-06-PARADM000,sci_m_present_secs_into_mission,sci_m_present_secs_into_mission,,,,s,GP05MOAS,PG001,PARAD
GP05MOAS-PG001-06-PARADM000,sci_m_present_time,sci_m_present_time,,,,seconds since 1970-01-01,GP05MOAS,PG001,PARAD
GP05MOAS-PG001-06-PARADM000,preferred_timestamp,preferred_timestamp,,,ENG,1,GP05MOAS,PG001,PARAD
GP05MOAS-PG001-06-PARADM000,time,time,,,ENG,seconds since 1900-01-01,GP05MOAS,PG001,PARAD
GP05MOAS-PG001-06-PARADM000,ingestion_timestamp,ingestion_timestamp,,,ENG,seconds since 1900-01-01,GP05MOAS,PG001,PARAD
GP05MOAS-PG002-##-FLORTM000,driver_timestamp,driver_timestamp,,,ENG,seconds since 1900-01-01,GP05MOAS,PG002,FLORT
GP05MOAS-PG002-##-FLORTM000,internal_timestamp,internal_timestamp,,,ENG,seconds since 1900-01-01,GP05MOAS,PG002,FLORT
GP05MOAS-PG002-##-FLORTM000,m_present_secs_into_mission,m_present_secs_into_mission,,,ENG,s,GP05MOAS,PG002,FLORT
GP05MOAS-PG002-##-FLORTM000,m_present_time,m_present_time,,,AUX,seconds since 1970-01-01,GP05MOAS,PG002,FLORT
GP05MOAS-PG002-##-FLORTM000,sci_flbbcd_bb_ref,sci_flbbcd_bb_ref,,,,nm,GP05MOAS,PG002,FLORT
GP05MOAS-PG002-##-FLORTM000,sci_flbbcd_bb_sig,sci_flbbcd_bb_sig,,,,counts,GP05MOAS,PG002,FLORT
GP05MOAS-PG002-##-FLORTM000,sci_flbbcd_bb_units,sci_flbbcd_bb_units,,,L1,m-1 sr-1,GP05MOAS,PG002,FLORT
GP05MOAS-PG002-##-FLORTM000,sci_flbbcd_cdom_ref,sci_flbbcd_cdom_ref,,,,nm,GP05MOAS,PG002,FLORT
GP05MOAS-PG002-##-FLORTM000,sci_flbbcd_cdom_sig,sci_flbbcd_cdom_sig,,,,counts,GP05MOAS,PG002,FLORT
GP05MOAS-PG002-##-FLORTM000,sci_flbbcd_cdom_units,sci_flbbcd_cdom_units,0,375,L1,ppb,GP05MOAS,PG002,FLORT
GP05MOAS-PG002-##-FLORTM000,sci_flbbcd_chlor_ref,sci_flbbcd_chlor_ref,,,,nm,GP05MOAS,PG002,FLORT
GP05MOAS-PG002-##-FLORTM000,sci_flbbcd_chlor_sig,sci_flbbcd_chlor_sig,,,,counts,GP05MOAS,PG002,FLORT
GP05MOAS-PG002-##-FLORTM000,sci_flbbcd_chlor_units,sci_flbbcd_chlor_units,0,50,L1,ug L-1,GP05MOAS,PG002,FLORT
GP05MOAS-PG002-##-FLORTM000,sci_flbbcd_therm,sci_flbbcd_therm,,,ENG,1,GP05MOAS,PG002,FLORT
GP05MOAS-PG002-##-FLORTM000,sci_flbbcd_timestamp,sci_flbbcd_timestamp,,,ENG,seconds since 1970-01-01,GP05MOAS,PG002,FLORT
GP05MOAS-PG002-##-FLORTM000,sci_m_present_secs_into_mission,sci_m_present_secs_into_mission,,,,s,GP05MOAS,PG002,FLORT
GP05MOAS-PG002-##-FLORTM000,sci_m_present_time,sci_m_present_time,,,,seconds since 1970-01-01,GP05MOAS,PG002,FLORT
GP05MOAS-PG002-##-FLORTM000,preferred_timestamp,preferred_timestamp,,,ENG,1,GP05MOAS,PG002,FLORT
GP05MOAS-PG002-##-FLORTM000,flort_m_bback_total,flort_m_bback_total,0.0003,1,L2,m-1,GP05MOAS,PG002,FLORT
GP05MOAS-PG002-##-FLORTM000,flort_m_scat_seawater,flort_m_scat_seawater,,,AUX,m-1,GP05MOAS,PG002,FLORT
GP05MOAS-PG002-##-FLORTM000,time,time,,,ENG,seconds since 1900-01-01,GP05MOAS,PG002,FLORT
GP05MOAS-PG002-##-FLORTM000,ingestion_timestamp,ingestion_timestamp,,,ENG,seconds since 1900-01-01,GP05MOAS,PG002,FLORT
GP05MOAS-PG002-##-FLORTO000,driver_timestamp,driver_timestamp,,,ENG,seconds since 1900-01-01,GP05MOAS,PG002,FLORT
GP05MOAS-PG002-##-FLORTO000,internal_timestamp,internal_timestamp,,,ENG,seconds since 1900-01-01,GP05MOAS,PG002,FLORT
GP05MOAS-PG002-##-FLORTO000,m_present_secs_into_mission,m_present_secs_into_mission,,,ENG,s,GP05MOAS,PG002,FLORT
GP05MOAS-PG002-##-FLORTO000,m_present_time,m_present_time,,,AUX,seconds since 1970-01-01,GP05MOAS,PG002,FLORT
GP05MOAS-PG002-##-FLORTO000,sci_flbbcd_bb_ref,sci_flbbcd_bb_ref,,,,nm,GP05MOAS,PG002,FLORT
GP05MOAS-PG002-##-FLORTO000,sci_flbbcd_bb_sig,sci_flbbcd_bb_sig,,,,counts,GP05MOAS,PG002,FLORT
GP05MOAS-PG002-##-FLORTO000,sci_flbbcd_bb_units,sci_flbbcd_bb_units,,,L1,m-1 sr-1,GP05MOAS,PG002,FLORT
GP05MOAS-PG002-##-FLORTO000,sci_flbbcd_cdom_ref,sci_flbbcd_cdom_ref,,,,nm,GP05MOAS,PG002,FLORT
GP05MOAS-PG002-##-FLORTO000,sci_flbbcd_cdom_sig,sci_flbbcd_cdom_sig,,,,counts,GP05MOAS,PG002,FLORT
GP05MOAS-PG002-##-FLORTO000,sci_flbbcd_cdom_units,sci_flbbcd_cdom_units,0,375,L1,ppb,GP05MOAS,PG002,FLORT
GP05MOAS-PG002-##-FLORTO000,sci_flbbcd_chlor_ref,sci_flbbcd_chlor_ref,,,,nm,GP05MOAS,PG002,FLORT
GP05MOAS-PG002-##-FLORTO000,sci_flbbcd_chlor_sig,sci_flbbcd_chlor_sig,,,,counts,GP05MOAS,PG002,FLORT
GP05MOAS-PG002-##-FLORTO000,sci_flbbcd_chlor_units,sci_flbbcd_chlor_units,0,50,L1,ug L-1,GP05MOAS,PG002,FLORT
GP05MOAS-PG002-##-FLORTO000,sci_flbbcd_therm,sci_flbbcd_therm,,,ENG,1,GP05MOAS,PG002,FLORT
GP05MOAS-PG002-##-FLORTO000,sci_flbbcd_timestamp,sci_flbbcd_timestamp,,,ENG,seconds since 1970-01-01,GP05MOAS,PG002,FLORT
GP05MOAS-PG002-##-FLORTO000,sci_m_present_secs_into_mission,sci_m_present_secs_into_mission,,,,s,GP05MOAS,PG002,FLORT
GP05MOAS-PG002-##-FLORTO000,sci_m_present_time,sci_m_present_time,,,,seconds since 1970-01-01,GP05MOAS,PG002,FLORT
GP05MOAS-PG002-##-FLORTO000,preferred_timestamp,preferred_timestamp,,,ENG,1,GP05MOAS,PG002,FLORT
GP05MOAS-PG002-##-FLORTO000,flort_m_bback_total,flort_m_bback_total,0.0003,1,L2,m-1,GP05MOAS,PG002,FLORT
GP05MOAS-PG002-##-FLORTO000,flort_m_scat_seawater,flort_m_scat_seawater,,,AUX,m-1,GP05MOAS,PG002,FLORT
GP05MOAS-PG002-##-FLORTO000,time,time,,,ENG,seconds since 1900-01-01,GP05MOAS,PG002,FLORT
GP05MOAS-PG002-##-FLORTO000,ingestion_timestamp,ingestion_timestamp,,,ENG,seconds since 1900-01-01,GP05MOAS,PG002,FLORT
GP05MOAS-PG002-##-PARADM000,driver_timestamp,driver_timestamp,,,ENG,seconds since 1900-01-01,GP05MOAS,PG002,PARAD
GP05MOAS-PG002-##-PARADM000,internal_timestamp,internal_timestamp,,,ENG,seconds since 1900-01-01,GP05MOAS,PG002,PARAD
GP05MOAS-PG002-##-PARADM000,m_present_secs_into_mission,m_present_secs_into_mission,,,ENG,s,GP05MOAS,PG002,PARAD
GP05MOAS-PG002-##-PARADM000,m_present_time,m_present_time,,,AUX,seconds since 1970-01-01,GP05MOAS,PG002,PARAD
GP05MOAS-PG002-##-PARADM000,sci_bsipar_par,sci_bsipar_par,0,2500,L1,umol photons m-2 s-1,GP05MOAS,PG002,PARAD
GP05MOAS-PG002-##-PARADM000,sci_bsipar_sensor_volts,sci_bsipar_sensor_volts,,,L0,V,GP05MOAS,PG002,PARAD
GP05MOAS-PG002-##-PARADM000,sci_bsipar_supply_volts,sci_bsipar_supply_volts,,,,V,GP05MOAS,PG002,PARAD
GP05MOAS-PG002-##-PARADM000,sci_bsipar_temp,sci_bsipar_temp,,,,deg_C,GP05MOAS,PG002,PARAD
GP05MOAS-PG002-##-PARADM000,sci_m_present_secs_into_mission,sci_m_present_secs_into_mission,,,,s,GP05MOAS,PG002,PARAD
GP05MOAS-PG002-##-PARADM000,sci_m_present_time,sci_m_present_time,,,,seconds since 1970-01-01,GP05MOAS,PG002,PARAD
GP05MOAS-PG002-##-PARADM000,preferred_timestamp,preferred_timestamp,,,ENG,1,GP05MOAS,PG002,PARAD
GP05MOAS-PG002-##-PARADM000,time,time,,,ENG,seconds since 1900-01-01,GP05MOAS,PG002,PARAD
GP05MOAS-PG002-##-PARADM000,ingestion_timestamp,ingestion_timestamp,,,ENG,seconds since 1900-01-01,GP05MOAS,PG002,PARAD
GP05MOAS-PG002-01-CTDGVM000,driver_timestamp,driver_timestamp,,,ENG,seconds since 1900-01-01,GP05MOAS,PG002,CTDGV
GP05MOAS-PG002-01-CTDGVM000,internal_timestamp,internal_timestamp,,,ENG,seconds since 1900-01-01,GP05MOAS,PG002,CTDGV
GP05MOAS-PG002-01-CTDGVM000,m_present_secs_into_mission,m_present_secs_into_mission,,,ENG,s,GP05MOAS,PG002,CTDGV
GP05MOAS-PG002-01-CTDGVM000,m_present_time,m_present_time,,,AUX,seconds since 1970-01-01,GP05MOAS,PG002,CTDGV
GP05MOAS-PG002-01-CTDGVM000,sci_ctd41cp_timestamp,sci_ctd41cp_timestamp,,,,seconds since 1970-01-01,GP05MOAS,PG002,CTDGV
GP05MOAS-PG002-01-CTDGVM000,sci_m_present_secs_into_mission,sci_m_present_secs_into_mission,,,,s,GP05MOAS,PG002,CTDGV
GP05MOAS-PG002-01-CTDGVM000,sci_m_present_time,sci_m_present_time,,,,seconds since 1970-01-01,GP05MOAS,PG002,CTDGV
GP05MOAS-PG002-01-CTDGVM000,sci_water_cond,sci_water_cond,0,6,L1,S m-1,GP05MOAS,PG002,CTDGV
GP05MOAS-PG002-01-CTDGVM000,sci_water_pressure,sci_water_pressure,0,6000,L1,dbar,GP05MOAS,PG002,CTDGV
GP05MOAS-PG002-01-CTDGVM000,sci_water_temp,sci_water_temp,-2,40,L1,deg_C,GP05MOAS,PG002,CTDGV
GP05MOAS-PG002-01-CTDGVM000,sci_water_pracsal,sci_water_pracsal,0,42,L2,1,GP05MOAS,PG002,CTDGV
GP05MOAS-PG002-01-CTDGVM000,preferred_timestamp,preferred_timestamp,,,ENG,1,GP05MOAS,PG002,CTDGV
GP05MOAS-PG002-01-CTDGVM000,sci_seawater_density,sci_seawater_density,1000,1100,L2,kg m-3,GP05MOAS,PG002,CTDGV
GP05MOAS-PG002-01-CTDGVM000,time,time,,,ENG,seconds since 1900-01-01,GP05MOAS,PG002,CTDGV
GP05MOAS-PG002-01-CTDGVM000,ingestion_timestamp,ingestion_timestamp,,,ENG,seconds since 1900-01-01,GP05MOAS,PG002,CTDGV
GP05MOAS-PG002-02-DOSTAM000,driver_timestamp,driver_timestamp,,,ENG,seconds since 1900-01-01,GP05MOAS,PG002,DOSTA
GP05MOAS-PG002-02-DOSTAM000,internal_timestamp,internal_timestamp,,,ENG,seconds since 1900-01-01,GP05MOAS,PG002,DOSTA
GP05MOAS-PG002-02-DOSTAM000,m_present_secs_into_mission,m_present_secs_into_mission,,,ENG,s,GP05MOAS,PG002,DOSTA
GP05MOAS-PG002-02-DOSTAM000,m_present_time,m_present_time,,,AUX,seconds since 1970-01-01,GP05MOAS,PG002,DOSTA
GP05MOAS-PG002-02-DOSTAM000,sci_m_present_secs_into_mission,sci_m_present_secs_into_mission,,,,s,GP05MOAS,PG002,DOSTA
GP05MOAS-PG002-02-DOSTAM000,sci_m_present_time,sci_m_present_time,,,,seconds since 1970-01-01,GP05MOAS,PG002,DOSTA
GP05MOAS-PG002-02-DOSTAM000,sci_oxy4_c1amp,sci_oxy4_c1amp,,,,mV,GP05MOAS,PG002,DOSTA
GP05MOAS-PG002-02-DOSTAM000,sci_oxy4_c1rph,sci_oxy4_c1rph,,,,degrees,GP05MOAS,PG002,DOSTA
GP05MOAS-PG002-02-DOSTAM000,sci_oxy4_c2amp,sci_oxy4_c2amp,,,,mV,GP05MOAS,PG002,DOSTA
GP05MOAS-PG002-02-DOSTAM000,sci_oxy4_c2rph,sci_oxy4_c2rph,,,,degrees,GP05MOAS,PG002,DOSTA
GP05MOAS-PG002-02-DOSTAM000,sci_oxy4_calphase,sci_oxy4_calphase,,,L0,degrees,GP05MOAS,PG002,DOSTA
GP05MOAS-PG002-02-DOSTAM000,sci_oxy4_oxygen,sci_oxy4_oxygen,0,400,L1,umol L-1,GP05MOAS,PG002,DOSTA
GP05MOAS-PG002-02-DOSTAM000,sci_oxy4_rawtemp,sci_oxy4_rawtemp,,,,mV,GP05MOAS,PG002,DOSTA
GP05MOAS-PG002-02-DOSTAM000,sci_oxy4_saturation,sci_oxy4_saturation,,,,percent,GP05MOAS,PG002,DOSTA
GP05MOAS-PG002-02-DOSTAM000,sci_oxy4_tcphase,sci_oxy4_tcphase,,,,degrees,GP05MOAS,PG002,DOSTA
GP05MOAS-PG002-02-DOSTAM000,sci_oxy4_temp,sci_oxy4_temp,,,,deg_C,GP05MOAS,PG002,DOSTA
GP05MOAS-PG002-02-DOSTAM000,sci_oxy4_timestamp,sci_oxy4_timestamp,,,,1,GP05MOAS,PG002,DOSTA
GP05MOAS-PG002-02-DOSTAM000,sci_water_cond,sci_water_cond,0,6,L1,S m-1,GP05MOAS,PG002,DOSTA
GP05MOAS-PG002-02-DOSTAM000,sci_water_pressure,sci_water_pressure,0,6000,L1,dbar,GP05MOAS,PG002,DOSTA
GP05MOAS-PG002-02-DOSTAM000,sci_water_temp,sci_water_temp,-2,40,L1,deg_C,GP05MOAS,PG002,DOSTA
GP05MOAS-PG002-02-DOSTAM000,preferred_timestamp,preferred_timestamp,,,ENG,1,GP05MOAS,PG002,DOSTA
GP05MOAS-PG002-02-DOSTAM000,sci_abs_oxygen,sci_abs_oxygen,0,400,L2,umol kg-1,GP05MOAS,PG002,DOSTA
GP05MOAS-PG002-02-DOSTAM000,time,time,,,ENG,seconds since 1900-01-01,GP05MOAS,PG002,DOSTA
GP05MOAS-PG002-02-DOSTAM000,ingestion_timestamp,ingestion_timestamp,,,ENG,seconds since 1900-01-01,GP05MOAS,PG002,DOSTA
GP05MOAS-PG002-05-NUTNRM000,driver_timestamp,driver_timestamp,,,ENG,seconds since 1900-01-01,GP05MOAS,PG002,NUTNR
GP05MOAS-PG002-05-NUTNRM000,internal_timestamp,internal_timestamp,,,ENG,seconds since 1900-01-01,GP05MOAS,PG002,NUTNR
GP05MOAS-PG002-05-NUTNRM000,m_present_secs_into_mission,m_present_secs_into_mission,,,ENG,s,GP05MOAS,PG002,NUTNR
GP05MOAS-PG002-05-NUTNRM000,m_present_time,m_present_time,,,AUX,seconds since 1970-01-01,GP05MOAS,PG002,NUTNR
GP05MOAS-PG002-05-NUTNRM000,sci_m_present_secs_into_mission,sci_m_present_secs_into_mission,,,,s,GP05MOAS,PG002,NUTNR
GP05MOAS-PG002-05-NUTNRM000,sci_m_present_time,sci_m_present_time,,,,seconds since 1970-01-01,GP05MOAS,PG002,NUTNR
GP05MOAS-PG002-05-NUTNRM000,preferred_timestamp,preferred_timestamp,,,ENG,1,GP05MOAS,PG002,NUTNR
GP05MOAS-PG002-05-NUTNRM000,nutnr_nitrogen_in_nitrate,nutnr_nitrogen_in_nitrate,,,,mg/L,GP05MOAS,PG002,NUTNR
GP05MOAS-PG002-05-NUTNRM000,nutnr_absorbance_at_254_nm,nutnr_absorbance_at_254_nm,,,,1,GP05MOAS,PG002,NUTNR
GP05MOAS-PG002-05-NUTNRM000,nutnr_absorbance_at_350_nm,nutnr_absorbance_at_350_nm,,,,1,GP05MOAS,PG002,NUTNR
GP05MOAS-PG002-05-NUTNRM000,nutnr_bromide_trace,nutnr_bromide_trace,,,,mg/L,GP05MOAS,PG002,NUTNR
GP05MOAS-PG002-05-NUTNRM000,nutnr_spectrum_average,nutnr_spectrum_average,,,,1,GP05MOAS,PG002,NUTNR
GP05MOAS-PG002-05-NUTNRM000,nutnr_dark_value_used_for_fit,nutnr_dark_value_used_for_fit,,,AUX,1,GP05MOAS,PG002,NUTNR
GP05MOAS-PG002-05-NUTNRM000,nutnr_integration_time_factor,nutnr_integration_time_factor,,,,1,GP05MOAS,PG002,NUTNR
GP05MOAS-PG002-05-NUTNRM000,nutnr_fit_rmse,nutnr_fit_rmse,,,AUX,1,GP05MOAS,PG002,NUTNR
GP05MOAS-PG002-05-NUTNRM000,year,year,,,,year,GP05MOAS,PG002,NUTNR
GP05MOAS-PG002-05-NUTNRM000,day_of_year,day_of_year,,,,1,GP05MOAS,PG002,NUTNR
GP05MOAS-PG002-05-NUTNRM000,ctd_time_uint32,ctd_time_uint32,,,,seconds since 1970-01-01,GP05MOAS,PG002,NUTNR
GP05MOAS-PG002-05-NUTNRM000,ctd_psu,ctd_psu,,,AUX,(unitless),GP05MOAS,PG002,NUTNR
GP05MOAS-PG002-05-NUTNRM000,ctd_temp,ctd_temp,,,AUX,deg_C,GP05MOAS,PG002,NUTNR
GP05MOAS-PG002-05-NUTNRM000,ctd_dbar,ctd_dbar,,,AUX,dbar,GP05MOAS,PG002,NUTNR
GP05MOAS-PG002-05-NUTNRM000,frame_type,frame_type,,,,1,GP05MOAS,PG002,NUTNR
GP05MOAS-PG002-05-NUTNRM000,serial_number,serial_number,,,ENG,1,GP05MOAS,PG002,NUTNR
GP05MOAS-PG002-05-NUTNRM000,time_of_sample,time_of_sample,,,AUX,h,GP05MOAS,PG002,NUTNR
GP05MOAS-PG002-05-NUTNRM000,nitrate_concentration,nitrate_concentration,0,40,L1,umol L-1,GP05MOAS,PG002,NUTNR
GP05MOAS-PG002-05-NUTNRM000,temp_spectrometer,temp_spectrometer,,,AUX,deg_C,GP05MOAS,PG002,NUTNR
GP05MOAS-PG002-05-NUTNRM000,temp_lamp,temp_lamp,,,AUX,deg_C,GP05MOAS,PG002,NUTNR
GP05MOAS-PG002-05-NUTNRM000,humidity,humidity,,,AUX,%,GP05MOAS,PG002,NUTNR
GP05MOAS-PG002-05-NUTNRM000,spectral_channels,spectral_channels,,,L0,counts,GP05MOAS,PG002,NUTNR
GP05MOAS-PG002-05-NUTNRM000,sci_suna_timestamp,sci_suna_timestamp,,,,seconds since 1970-01-01,GP05MOAS,PG002,NUTNR
GP05MOAS-PG002-05-NUTNRM000,sci_suna_record_offset,sci_suna_record_offset,,,,B,GP05MOAS,PG002,NUTNR
GP05MOAS-PG002-05-NUTNRM000,sci_suna_nitrate_um,sci_suna_nitrate_um,0,40,L1,umol L-1,GP05MOAS,PG002,NUTNR
GP05MOAS-PG002-05-NUTNRM000,sci_suna_nitrate_mg,sci_suna_nitrate_mg,,,L1,mg L-1,GP05MOAS,PG002,NUTNR
GP05MOAS-PG002-05-NUTNRM000,nutnr_m_temp_sal_corrected_nitrate,nutnr_m_temp_sal_corrected_nitrate,0,40,L2,umol L-1,GP05MOAS,PG002,NUTNR
GP05MOAS-PG002-05-NUTNRM000,dark_frame_spectral_channels,dark_frame_spectral_channels,,,AUX,counts,GP05MOAS,PG002,NUTNR
GP05MOAS-PG002-05-NUTNRM000,time,time,,,ENG,seconds since 1900-01-01,GP05MOAS,PG002,NUTNR
GP05MOAS-PG002-05-NUTNRM000,ingestion_timestamp,ingestion_timestamp,,,ENG,seconds since 1900-01-01,GP05MOAS,PG002,NUTNR
GS01SUMO-RID16-01-OPTAAD000,driver_timestamp,driver_timestamp,,,ENG,seconds since 1900-01-01,GS01SUMO,RID16,OPTAA
GS01SUMO-RID16-01-OPTAAD000,internal_timestamp,internal_timestamp,,,ENG,seconds since 1900-01-01,GS01SUMO,RID16,OPTAA
GS01SUMO-RID16-01-OPTAAD000,preferred_timestamp,preferred_timestamp,,,ENG,1,GS01SUMO,RID16,OPTAA
GS01SUMO-RID16-01-OPTAAD000,start_date,start_date,,,,1,GS01SUMO,RID16,OPTAA
GS01SUMO-RID16-01-OPTAAD000,serial_number,serial_number,,,ENG,1,GS01SUMO,RID16,OPTAA
GS01SUMO-RID16-01-OPTAAD000,optaa_dj_dcl_beam_attenuation,optaa_dj_dcl_beam_attenuation,0,100,L2,m-1,GS01SUMO,RID16,OPTAA
GS01SUMO-RID16-01-OPTAAD000,optaa_dj_dcl_optical_absorption,optaa_dj_dcl_optical_absorption,0,100,L2,m-1,GS01SUMO,RID16,OPTAA
GS01SUMO-RID16-01-OPTAAD000,packet_type,packet_type,,,,1,GS01SUMO,RID16,OPTAA
GS01SUMO-RID16-01-OPTAAD000,meter_type,meter_type,,,,1,GS01SUMO,RID16,OPTAA
GS01SUMO-RID16-01-OPTAAD000,a_reference_dark_counts,a_reference_dark_counts,,,,counts,GS01SUMO,RID16,OPTAA
GS01SUMO-RID16-01-OPTAAD000,pressure_counts,pressure_counts,,,,counts,GS01SUMO,RID16,OPTAA
GS01SUMO-RID16-01-OPTAAD000,a_signal_dark_counts,a_signal_dark_counts,,,,counts,GS01SUMO,RID16,OPTAA
GS01SUMO-RID16-01-OPTAAD000,external_temp_raw,external_temp_raw,,,,counts,GS01SUMO,RID16,OPTAA
GS01SUMO-RID16-01-OPTAAD000,internal_temp_raw,internal_temp_raw,,,L0,counts,GS01SUMO,RID16,OPTAA
GS01SUMO-RID16-01-OPTAAD000,c_reference_dark_counts,c_reference_dark_counts,,,,counts,GS01SUMO,RID16,OPTAA
GS01SUMO-RID16-01-OPTAAD000,c_signal_dark_counts,c_signal_dark_counts,,,,counts,GS01SUMO,RID16,OPTAA
GS01SUMO-RID16-01-OPTAAD000,elapsed_run_time,elapsed_run_time,,,,ms,GS01SUMO,RID16,OPTAA
GS01SUMO-RID16-01-OPTAAD000,num_wavelengths,num_wavelengths,,,,1,GS01SUMO,RID16,OPTAA
GS01SUMO-RID16-01-OPTAAD000,c_reference_counts,c_reference_counts,,,L0,counts,GS01SUMO,RID16,OPTAA
GS01SUMO-RID16-01-OPTAAD000,a_reference_counts,a_reference_counts,,,L0,counts,GS01SUMO,RID16,OPTAA
GS01SUMO-RID16-01-OPTAAD000,c_signal_counts,c_signal_counts,,,L0,counts,GS01SUMO,RID16,OPTAA
GS01SUMO-RID16-01-OPTAAD000,a_signal_counts,a_signal_counts,,,L0,counts,GS01SUMO,RID16,OPTAA
GS01SUMO-RID16-01-OPTAAD000,time,time,,,ENG,seconds since 1900-01-01,GS01SUMO,RID16,OPTAA
GS01SUMO-RID16-01-OPTAAD000,ingestion_timestamp,ingestion_timestamp,,,ENG,seconds since 1900-01-01,GS01SUMO,RID16,OPTAA
GS01SUMO-RID16-02-FLORTD000,driver_timestamp,driver_timestamp,,,ENG,seconds since 1900-01-01,GS01SUMO,RID16,FLORT
GS01SUMO-RID16-02-FLORTD000,date_string,date_string,,,ENG,1,GS01SUMO,RID16,FLORT
GS01SUMO-RID16-02-FLORTD000,time_string,time_string,,,ENG,1,GS01SUMO,RID16,FLORT
GS01SUMO-RID16-02-FLORTD000,measurement_wavelength_beta,measurement_wavelength_beta,,,,nm,GS01SUMO,RID16,FLORT
GS01SUMO-RID16-02-FLORTD000,raw_signal_beta,raw_signal_beta,,,L0,counts,GS01SUMO,RID16,FLORT
GS01SUMO-RID16-02-FLORTD000,measurement_wavelength_chl,measurement_wavelength_chl,,,,nm,GS01SUMO,RID16,FLORT
GS01SUMO-RID16-02-FLORTD000,raw_signal_chl,raw_signal_chl,,,L0,counts,GS01SUMO,RID16,FLORT
GS01SUMO-RID16-02-FLORTD000,measurement_wavelength_cdom,measurement_wavelength_cdom,,,,nm,GS01SUMO,RID16,FLORT
GS01SUMO-RID16-02-FLORTD000,raw_signal_cdom,raw_signal_cdom,,,L0,counts,GS01SUMO,RID16,FLORT
GS01SUMO-RID16-02-FLORTD000,raw_internal_temp,raw_internal_temp,,,,counts,GS01SUMO,RID16,FLORT
GS01SUMO-RID16-02-FLORTD000,internal_timestamp,internal_timestamp,,,ENG,seconds since 1900-01-01,GS01SUMO,RID16,FLORT
GS01SUMO-RID16-02-FLORTD000,preferred_timestamp,preferred_timestamp,,,ENG,1,GS01SUMO,RID16,FLORT
GS01SUMO-RID16-02-FLORTD000,flort_k_total_volume_scattering_coefficient,flort_k_total_volume_scattering_coefficient,,,L1,m-1 sr-1,GS01SUMO,RID16,FLORT
GS01SUMO-RID16-02-FLORTD000,fluorometric_chlorophyll_a,fluorometric_chlorophyll_a,0,50,L1,ug L-1,GS01SUMO,RID16,FLORT
GS01SUMO-RID16-02-FLORTD000,fluorometric_cdom,fluorometric_cdom,0,375,L1,ppb,GS01SUMO,RID16,FLORT
GS01SUMO-RID16-02-FLORTD000,dcl_controller_timestamp,dcl_controller_timestamp,,,ENG,1,GS01SUMO,RID16,FLORT
GS01SUMO-RID16-02-FLORTD000,flort_dj_dcl_bback_total,flort_dj_dcl_bback_total,0.0003,1,L2,m-1,GS01SUMO,RID16,FLORT
GS01SUMO-RID16-02-FLORTD000,flort_d_dcl_ctdbp_scat_seawater,flort_d_dcl_ctdbp_scat_seawater,,,AUX,m-1,GS01SUMO,RID16,FLORT
GS01SUMO-RID16-02-FLORTD000,time,time,,,ENG,seconds since 1900-01-01,GS01SUMO,RID16,FLORT
GS01SUMO-RID16-02-FLORTD000,ingestion_timestamp,ingestion_timestamp,,,ENG,seconds since 1900-01-01,GS01SUMO,RID16,FLORT
GS01SUMO-RID16-03-CTDBPF000,conductivity,conductivity,0,6,L1,S m-1,GS01SUMO,RID16,CTDBP
GS01SUMO-RID16-03-CTDBPF000,driver_timestamp,driver_timestamp,,,ENG,seconds since 1900-01-01,GS01SUMO,RID16,CTDBP
GS01SUMO-RID16-03-CTDBPF000,internal_timestamp,internal_timestamp,,,ENG,seconds since 1900-01-01,GS01SUMO,RID16,CTDBP
GS01SUMO-RID16-03-CTDBPF000,preferred_timestamp,preferred_timestamp,,,ENG,1,GS01SUMO,RID16,CTDBP
GS01SUMO-RID16-03-CTDBPF000,temperature,temperature,,,L0,counts,GS01SUMO,RID16,CTDBP
GS01SUMO-RID16-03-CTDBPF000,conductivity,conductivity,,,L0,counts,GS01SUMO,RID16,CTDBP
GS01SUMO-RID16-03-CTDBPF000,pressure,pressure,,,L0,counts,GS01SUMO,RID16,CTDBP
GS01SUMO-RID16-03-CTDBPF000,pressure_temp,pressure_temp,,,L0,counts,GS01SUMO,RID16,CTDBP
GS01SUMO-RID16-03-CTDBPF000,ctd_time,ctd_time,,,ENG,seconds since 2000-01-01,GS01SUMO,RID16,CTDBP
GS01SUMO-RID16-03-CTDBPF000,pressure,pressure,0,6000,L1,dbar,GS01SUMO,RID16,CTDBP
GS01SUMO-RID16-03-CTDBPF000,dcl_controller_timestamp,dcl_controller_timestamp,,,ENG,1,GS01SUMO,RID16,CTDBP
GS01SUMO-RID16-03-CTDBPF000,ctdbp_seawater_temperature,ctdbp_seawater_temperature,-2,40,L1,deg_C,GS01SUMO,RID16,CTDBP
GS01SUMO-RID16-03-CTDBPF000,ctdbp_seawater_pressure,ctdbp_seawater_pressure,0,6000,L1,dbar,GS01SUMO,RID16,CTDBP
GS01SUMO-RID16-03-CTDBPF000,ctdbp_seawater_conductivity,ctdbp_seawater_conductivity,0,6,L1,S m-1,GS01SUMO,RID16,CTDBP
GS01SUMO-RID16-03-CTDBPF000,ctdbp_practical_salinity,ctdbp_practical_salinity,0,42,L2,1,GS01SUMO,RID16,CTDBP
GS01SUMO-RID16-03-CTDBPF000,ctdbp_seawater_density,ctdbp_seawater_density,1000,1100,L2,kg m-3,GS01SUMO,RID16,CTDBP
GS01SUMO-RID16-03-CTDBPF000,ctdbp_cdef_dcl_ce_density,ctdbp_cdef_dcl_ce_density,1000,1100,L2,kg m-3,GS01SUMO,RID16,CTDBP
GS01SUMO-RID16-03-CTDBPF000,temp,temp,-2,40,L1,deg_C,GS01SUMO,RID16,CTDBP
GS01SUMO-RID16-03-CTDBPF000,time,time,,,ENG,seconds since 1900-01-01,GS01SUMO,RID16,CTDBP
GS01SUMO-RID16-03-CTDBPF000,ingestion_timestamp,ingestion_timestamp,,,ENG,seconds since 1900-01-01,GS01SUMO,RID16,CTDBP
GS01SUMO-RID16-03-CTDBPF000,salinity,salinity,0,42,L2,(unitless),GS01SUMO,RID16,CTDBP
GS01SUMO-RID16-03-CTDBPF000,date_time_string,date_time_string,,,,1,GS01SUMO,RID16,CTDBP
GS01SUMO-RID16-04-VELPTA000,driver_timestamp,driver_timestamp,,,ENG,seconds since 1900-01-01,GS01SUMO,RID16,VELPT
GS01SUMO-RID16-04-VELPTA000,firmware_version,firmware_version,,,,1,GS01SUMO,RID16,VELPT
GS01SUMO-RID16-04-VELPTA000,eastward_velocity,eastward_velocity,-3,3,L1,m s-1,GS01SUMO,RID16,VELPT
GS01SUMO-RID16-04-VELPTA000,northward_velocity,northward_velocity,-3,3,L1,m s-1,GS01SUMO,RID16,VELPT
GS01SUMO-RID16-04-VELPTA000,upward_velocity,upward_velocity,-1,1,L1,m s-1,GS01SUMO,RID16,VELPT
GS01SUMO-RID16-04-VELPTA000,internal_timestamp,internal_timestamp,,,ENG,seconds since 1900-01-01,GS01SUMO,RID16,VELPT
GS01SUMO-RID16-04-VELPTA000,preferred_timestamp,preferred_timestamp,,,ENG,1,GS01SUMO,RID16,VELPT
GS01SUMO-RID16-04-VELPTA000,velpt_ab_eastward_velocity,velpt_ab_eastward_velocity,-3,3,L1,m s-1,GS01SUMO,RID16,VELPT
GS01SUMO-RID16-04-VELPTA000,velpt_ab_northward_velocity,velpt_ab_northward_velocity,-3,3,L1,m s-1,GS01SUMO,RID16,VELPT
GS01SUMO-RID16-04-VELPTA000,velpt_ab_upward_velocity,velpt_ab_upward_velocity,-1,1,L1,m s-1,GS01SUMO,RID16,VELPT
GS01SUMO-RID16-04-VELPTA000,number_of_beam_sequences,number_of_beam_sequences,,,,counts,GS01SUMO,RID16,VELPT
GS01SUMO-RID16-04-VELPTA000,number_of_beams_in_diagnostics_mode,number_of_beams_in_diagnostics_mode,,,,counts,GS01SUMO,RID16,VELPT
GS01SUMO-RID16-04-VELPTA000,reserved_bit_easyq,reserved_bit_easyq,,,,1,GS01SUMO,RID16,VELPT
GS01SUMO-RID16-04-VELPTA000,battery_voltage_dv,battery_voltage_dv,,,AUX,dV,GS01SUMO,RID16,VELPT
GS01SUMO-RID16-04-VELPTA000,sound_speed_dms,sound_speed_dms,,,AUX,dm s-1,GS01SUMO,RID16,VELPT
GS01SUMO-RID16-04-VELPTA000,heading_decidegree,heading_decidegree,,,AUX,deci-degrees,GS01SUMO,RID16,VELPT
GS01SUMO-RID16-04-VELPTA000,roll_decidegree,roll_decidegree,,,AUX,deci-degrees,GS01SUMO,RID16,VELPT
GS01SUMO-RID16-04-VELPTA000,pitch_decidegree,pitch_decidegree,,,AUX,deci-degrees,GS01SUMO,RID16,VELPT
GS01SUMO-RID16-04-VELPTA000,temperature_centidegree,temperature_centidegree,,,AUX,cdeg_C,GS01SUMO,RID16,VELPT
GS01SUMO-RID16-04-VELPTA000,pressure_mbar,pressure_mbar,,,AUX,0.001 dbar,GS01SUMO,RID16,VELPT
GS01SUMO-RID16-04-VELPTA000,error_code,error_code,,,,1,GS01SUMO,RID16,VELPT
GS01SUMO-RID16-04-VELPTA000,analog1,analog1,,,,1,GS01SUMO,RID16,VELPT
GS01SUMO-RID16-04-VELPTA000,status,status,,,,1,GS01SUMO,RID16,VELPT
GS01SUMO-RID16-04-VELPTA000,velocity_beam1,velocity_beam1,,,L0,mm s-1,GS01SUMO,RID16,VELPT
GS01SUMO-RID16-04-VELPTA000,velocity_beam2,velocity_beam2,,,L0,mm s-1,GS01SUMO,RID16,VELPT
GS01SUMO-RID16-04-VELPTA000,velocity_beam3,velocity_beam3,,,L0,mm s-1,GS01SUMO,RID16,VELPT
GS01SUMO-RID16-04-VELPTA000,amplitude_beam1,amplitude_beam1,,,AUX,counts,GS01SUMO,RID16,VELPT
GS01SUMO-RID16-04-VELPTA000,amplitude_beam2,amplitude_beam2,,,AUX,counts,GS01SUMO,RID16,VELPT
GS01SUMO-RID16-04-VELPTA000,amplitude_beam3,amplitude_beam3,,,AUX,counts,GS01SUMO,RID16,VELPT
GS01SUMO-RID16-04-VELPTA000,records_to_follow,records_to_follow,,,,1,GS01SUMO,RID16,VELPT
GS01SUMO-RID16-04-VELPTA000,cell_number_diagnostics,cell_number_diagnostics,,,,1,GS01SUMO,RID16,VELPT
GS01SUMO-RID16-04-VELPTA000,noise_amplitude_beam1,noise_amplitude_beam1,,,,counts,GS01SUMO,RID16,VELPT
GS01SUMO-RID16-04-VELPTA000,noise_amplitude_beam2,noise_amplitude_beam2,,,,counts,GS01SUMO,RID16,VELPT
GS01SUMO-RID16-04-VELPTA000,noise_amplitude_beam3,noise_amplitude_beam3,,,,counts,GS01SUMO,RID16,VELPT
GS01SUMO-RID16-04-VELPTA000,noise_amplitude_beam4,noise_amplitude_beam4,,,,counts,GS01SUMO,RID16,VELPT
GS01SUMO-RID16-04-VELPTA000,processing_magnitude_beam1,processing_magnitude_beam1,,,,1,GS01SUMO,RID16,VELPT
GS01SUMO-RID16-04-VELPTA000,processing_magnitude_beam2,processing_magnitude_beam2,,,,1,GS01SUMO,RID16,VELPT
GS01SUMO-RID16-04-VELPTA000,processing_magnitude_beam3,processing_magnitude_beam3,,,,1,GS01SUMO,RID16,VELPT
GS01SUMO-RID16-04-VELPTA000,processing_magnitude_beam4,processing_magnitude_beam4,,,,1,GS01SUMO,RID16,VELPT
GS01SUMO-RID16-04-VELPTA000,distance_beam1,distance_beam1,,,,1,GS01SUMO,RID16,VELPT
GS01SUMO-RID16-04-VELPTA000,distance_beam2,distance_beam2,,,,1,GS01SUMO,RID16,VELPT
GS01SUMO-RID16-04-VELPTA000,distance_beam3,distance_beam3,,,,1,GS01SUMO,RID16,VELPT
GS01SUMO-RID16-04-VELPTA000,distance_beam4,distance_beam4,,,,1,GS01SUMO,RID16,VELPT
GS01SUMO-RID16-04-VELPTA000,instrmt_type_serial_number,instrmt_type_serial_number,,,,1,GS01SUMO,RID16,VELPT
GS01SUMO-RID16-04-VELPTA000,pic_version,pic_version,,,,1,GS01SUMO,RID16,VELPT
GS01SUMO-RID16-04-VELPTA000,hardware_revision,hardware_revision,,,,1,GS01SUMO,RID16,VELPT
GS01SUMO-RID16-04-VELPTA000,recorder_size,recorder_size,,,,bytes,GS01SUMO,RID16,VELPT
GS01SUMO-RID16-04-VELPTA000,velocity_range,velocity_range,,,,1,GS01SUMO,RID16,VELPT
GS01SUMO-RID16-04-VELPTA000,pressure_sensor,pressure_sensor,,,,1,GS01SUMO,RID16,VELPT
GS01SUMO-RID16-04-VELPTA000,magnetometer_sensor,magnetometer_sensor,,,,1,GS01SUMO,RID16,VELPT
GS01SUMO-RID16-04-VELPTA000,tilt_sensor,tilt_sensor,,,,1,GS01SUMO,RID16,VELPT
GS01SUMO-RID16-04-VELPTA000,tilt_sensor_mounting,tilt_sensor_mounting,,,,1,GS01SUMO,RID16,VELPT
GS01SUMO-RID16-04-VELPTA000,head_frequency,head_frequency,,,,kHz,GS01SUMO,RID16,VELPT
GS01SUMO-RID16-04-VELPTA000,head_type,head_type,,,,1,GS01SUMO,RID16,VELPT
GS01SUMO-RID16-04-VELPTA000,head_serial_number,head_serial_number,,,,1,GS01SUMO,RID16,VELPT
GS01SUMO-RID16-04-VELPTA000,number_beams,number_beams,,,,1,GS01SUMO,RID16,VELPT
GS01SUMO-RID16-04-VELPTA000,transmit_pulse_length,transmit_pulse_length,,,,counts,GS01SUMO,RID16,VELPT
GS01SUMO-RID16-04-VELPTA000,blanking_distance,blanking_distance,,,,counts,GS01SUMO,RID16,VELPT
GS01SUMO-RID16-04-VELPTA000,receive_length,receive_length,,,,counts,GS01SUMO,RID16,VELPT
GS01SUMO-RID16-04-VELPTA000,time_between_pings,time_between_pings,,,,counts,GS01SUMO,RID16,VELPT
GS01SUMO-RID16-04-VELPTA000,time_between_bursts,time_between_bursts,,,,counts,GS01SUMO,RID16,VELPT
GS01SUMO-RID16-04-VELPTA000,average_interval,average_interval,,,,s,GS01SUMO,RID16,VELPT
GS01SUMO-RID16-04-VELPTA000,compass_update_rate,compass_update_rate,,,,Hz,GS01SUMO,RID16,VELPT
GS01SUMO-RID16-04-VELPTA000,coordinate_system,coordinate_system,,,,1,GS01SUMO,RID16,VELPT
GS01SUMO-RID16-04-VELPTA000,number_cells,number_cells,,,,1,GS01SUMO,RID16,VELPT
GS01SUMO-RID16-04-VELPTA000,measurement_interval,measurement_interval,,,,s,GS01SUMO,RID16,VELPT
GS01SUMO-RID16-04-VELPTA000,deployment_name,deployment_name,,,,1,GS01SUMO,RID16,VELPT
GS01SUMO-RID16-04-VELPTA000,diagnostics_interval,diagnostics_interval,,,,s,GS01SUMO,RID16,VELPT
GS01SUMO-RID16-04-VELPTA000,use_specified_sound_speed,use_specified_sound_speed,,,,1,GS01SUMO,RID16,VELPT
GS01SUMO-RID16-04-VELPTA000,diagnostics_mode_enable,diagnostics_mode_enable,,,,1,GS01SUMO,RID16,VELPT
GS01SUMO-RID16-04-VELPTA000,analog_output_enable,analog_output_enable,,,,1,GS01SUMO,RID16,VELPT
GS01SUMO-RID16-04-VELPTA000,output_format_nortek,output_format_nortek,,,,1,GS01SUMO,RID16,VELPT
GS01SUMO-RID16-04-VELPTA000,scaling,scaling,,,,1,GS01SUMO,RID16,VELPT
GS01SUMO-RID16-04-VELPTA000,serial_output_enable,serial_output_enable,,,,1,GS01SUMO,RID16,VELPT
GS01SUMO-RID16-04-VELPTA000,stage_enable,stage_enable,,,,1,GS01SUMO,RID16,VELPT
GS01SUMO-RID16-04-VELPTA000,analog_power_output,analog_power_output,,,,1,GS01SUMO,RID16,VELPT
GS01SUMO-RID16-04-VELPTA000,sound_speed_adjust_factor,sound_speed_adjust_factor,,,,m s-1,GS01SUMO,RID16,VELPT
GS01SUMO-RID16-04-VELPTA000,number_diagnostics_samples,number_diagnostics_samples,,,,1,GS01SUMO,RID16,VELPT
GS01SUMO-RID16-04-VELPTA000,number_pings_diagnostic,number_pings_diagnostic,,,,1,GS01SUMO,RID16,VELPT
GS01SUMO-RID16-04-VELPTA000,software_version,software_version,,,,1,GS01SUMO,RID16,VELPT
GS01SUMO-RID16-04-VELPTA000,correlation_threshold,correlation_threshold,,,,1,GS01SUMO,RID16,VELPT
GS01SUMO-RID16-04-VELPTA000,time,time,,,ENG,seconds since 1900-01-01,GS01SUMO,RID16,VELPT
GS01SUMO-RID16-04-VELPTA000,ingestion_timestamp,ingestion_timestamp,,,ENG,seconds since 1900-01-01,GS01SUMO,RID16,VELPT
GS01SUMO-RID16-04-VELPTA000,date_time_string,date_time_string,,,,1,GS01SUMO,RID16,VELPT
GS01SUMO-RID16-05-PCO2WB000,driver_timestamp,driver_timestamp,,,ENG,seconds since 1900-01-01,GS01SUMO,RID16,PCO2W
GS01SUMO-RID16-05-PCO2WB000,external_device2_fault,external_device2_fault,,,,1,GS01SUMO,RID16,PCO2W
GS01SUMO-RID16-05-PCO2WB000,external_device3_fault,external_device3_fault,,,,1,GS01SUMO,RID16,PCO2W
GS01SUMO-RID16-05-PCO2WB000,num_data_records,num_data_records,,,,1,GS01SUMO,RID16,PCO2W
GS01SUMO-RID16-05-PCO2WB000,num_error_records,num_error_records,,,,1,GS01SUMO,RID16,PCO2W
GS01SUMO-RID16-05-PCO2WB000,num_bytes_stored,num_bytes_stored,,,,bytes,GS01SUMO,RID16,PCO2W
GS01SUMO-RID16-05-PCO2WB000,internal_timestamp,internal_timestamp,,,ENG,seconds since 1900-01-01,GS01SUMO,RID16,PCO2W
GS01SUMO-RID16-05-PCO2WB000,preferred_timestamp,preferred_timestamp,,,ENG,1,GS01SUMO,RID16,PCO2W
GS01SUMO-RID16-05-PCO2WB000,passed_checksum,passed_checksum,,,ENG,1,GS01SUMO,RID16,PCO2W
GS01SUMO-RID16-05-PCO2WB000,dcl_controller_timestamp,dcl_controller_timestamp,,,ENG,1,GS01SUMO,RID16,PCO2W
GS01SUMO-RID16-05-PCO2WB000,blank_light_measurements,blank_light_measurements,,,,counts,GS01SUMO,RID16,PCO2W
GS01SUMO-RID16-05-PCO2WB000,battery_low_blank,battery_low_blank,,,,1,GS01SUMO,RID16,PCO2W
GS01SUMO-RID16-05-PCO2WB000,unique_id,unique_id,,,,1,GS01SUMO,RID16,PCO2W
GS01SUMO-RID16-05-PCO2WB000,record_type,record_type,,,,1,GS01SUMO,RID16,PCO2W
GS01SUMO-RID16-05-PCO2WB000,record_time,record_time,,,,seconds since 1904-01-01,GS01SUMO,RID16,PCO2W
GS01SUMO-RID16-05-PCO2WB000,light_measurements,light_measurements,,,,counts,GS01SUMO,RID16,PCO2W
GS01SUMO-RID16-05-PCO2WB000,voltage_battery,voltage_battery,,,,counts,GS01SUMO,RID16,PCO2W
GS01SUMO-RID16-05-PCO2WB000,thermistor_raw,thermistor_raw,,,L0,V,GS01SUMO,RID16,PCO2W
GS01SUMO-RID16-05-PCO2WB000,clock_active,clock_active,,,,1,GS01SUMO,RID16,PCO2W
GS01SUMO-RID16-05-PCO2WB000,recording_active,recording_active,,,,1,GS01SUMO,RID16,PCO2W
GS01SUMO-RID16-05-PCO2WB000,record_end_on_time,record_end_on_time,,,,1,GS01SUMO,RID16,PCO2W
GS01SUMO-RID16-05-PCO2WB000,record_memory_full,record_memory_full,,,,1,GS01SUMO,RID16,PCO2W
GS01SUMO-RID16-05-PCO2WB000,record_end_on_error,record_end_on_error,,,,1,GS01SUMO,RID16,PCO2W
GS01SUMO-RID16-05-PCO2WB000,data_download_ok,data_download_ok,,,,1,GS01SUMO,RID16,PCO2W
GS01SUMO-RID16-05-PCO2WB000,flash_memory_open,flash_memory_open,,,,1,GS01SUMO,RID16,PCO2W
GS01SUMO-RID16-05-PCO2WB000,battery_low_prestart,battery_low_prestart,,,,1,GS01SUMO,RID16,PCO2W
GS01SUMO-RID16-05-PCO2WB000,battery_low_measurement,battery_low_measurement,,,,1,GS01SUMO,RID16,PCO2W
GS01SUMO-RID16-05-PCO2WB000,battery_low_external,battery_low_external,,,,1,GS01SUMO,RID16,PCO2W
GS01SUMO-RID16-05-PCO2WB000,external_device1_fault,external_device1_fault,,,,1,GS01SUMO,RID16,PCO2W
GS01SUMO-RID16-05-PCO2WB000,flash_erased,flash_erased,,,,1,GS01SUMO,RID16,PCO2W
GS01SUMO-RID16-05-PCO2WB000,power_on_invalid,power_on_invalid,,,,1,GS01SUMO,RID16,PCO2W
GS01SUMO-RID16-05-PCO2WB000,time,time,,,ENG,seconds since 1900-01-01,GS01SUMO,RID16,PCO2W
GS01SUMO-RID16-05-PCO2WB000,ingestion_timestamp,ingestion_timestamp,,,ENG,seconds since 1900-01-01,GS01SUMO,RID16,PCO2W
GS01SUMO-RID16-05-PCO2WB000,absorbance_ratio_434,absorbance_ratio_434,0,100000,L0,counts,GS01SUMO,RID16,PCO2W
GS01SUMO-RID16-05-PCO2WB000,absorbance_ratio_620,absorbance_ratio_620,0,100000,L0,counts,GS01SUMO,RID16,PCO2W
GS01SUMO-RID16-05-PCO2WB000,absorbance_blank_434,absorbance_blank_434,,,L0,1,GS01SUMO,RID16,PCO2W
GS01SUMO-RID16-05-PCO2WB000,absorbance_blank_620,absorbance_blank_620,,,L0,1,GS01SUMO,RID16,PCO2W
GS01SUMO-RID16-05-PCO2WB000,pco2w_thermistor_temperature,pco2w_thermistor_temperature,-2,40,,deg_C,GS01SUMO,RID16,PCO2W
GS01SUMO-RID16-05-PCO2WB000,pco2_seawater,pco2_seawater,100,600,L1,uatm,GS01SUMO,RID16,PCO2W
GS01SUMO-RID16-06-DOSTAD000,product_number,product_number,,,,1,GS01SUMO,RID16,DOSTA
GS01SUMO-RID16-06-DOSTAD000,driver_timestamp,driver_timestamp,,,ENG,seconds since 1900-01-01,GS01SUMO,RID16,DOSTA
GS01SUMO-RID16-06-DOSTAD000,internal_timestamp,internal_timestamp,,,ENG,seconds since 1900-01-01,GS01SUMO,RID16,DOSTA
GS01SUMO-RID16-06-DOSTAD000,preferred_timestamp,preferred_timestamp,,,ENG,1,GS01SUMO,RID16,DOSTA
GS01SUMO-RID16-06-DOSTAD000,dcl_controller_timestamp,dcl_controller_timestamp,,,ENG,1,GS01SUMO,RID16,DOSTA
GS01SUMO-RID16-06-DOSTAD000,dosta_abcdjm_cspp_tc_oxygen,dosta_abcdjm_cspp_tc_oxygen,0,400,L1,umol L-1,GS01SUMO,RID16,DOSTA
GS01SUMO-RID16-06-DOSTAD000,serial_number,serial_number,,,ENG,1,GS01SUMO,RID16,DOSTA
GS01SUMO-RID16-06-DOSTAD000,dosta_abcdjm_dcl_abs_oxygen,dosta_abcdjm_dcl_abs_oxygen,0,400,L2,umol kg-1,GS01SUMO,RID16,DOSTA
GS01SUMO-RID16-06-DOSTAD000,dosta_abcdjm_dcl_metbk_abs_oxygen,dosta_abcdjm_dcl_metbk_abs_oxygen,0,400,L2,umol kg-1,GS01SUMO,RID16,DOSTA
GS01SUMO-RID16-06-DOSTAD000,dosta_abcdjm_dcl_ctdbp_abs_oxygen,dosta_abcdjm_dcl_ctdbp_abs_oxygen,0,400,L2,umol kg-1,GS01SUMO,RID16,DOSTA
GS01SUMO-RID16-06-DOSTAD000,time,time,,,ENG,seconds since 1900-01-01,GS01SUMO,RID16,DOSTA
GS01SUMO-RID16-06-DOSTAD000,ingestion_timestamp,ingestion_timestamp,,,ENG,seconds since 1900-01-01,GS01SUMO,RID16,DOSTA
GS01SUMO-RID16-06-DOSTAD000,estimated_oxygen_concentration,estimated_oxygen_concentration,0,400,L1,umol L-1,GS01SUMO,RID16,DOSTA
GS01SUMO-RID16-06-DOSTAD000,estimated_oxygen_saturation,estimated_oxygen_saturation,0,110,L1,percent,GS01SUMO,RID16,DOSTA
GS01SUMO-RID16-06-DOSTAD000,optode_temperature,optode_temperature,-2,40,,deg_C,GS01SUMO,RID16,DOSTA
GS01SUMO-RID16-06-DOSTAD000,calibrated_phase,calibrated_phase,,,L0,degrees,GS01SUMO,RID16,DOSTA
GS01SUMO-RID16-06-DOSTAD000,temp_compensated_phase,temp_compensated_phase,,,,degrees,GS01SUMO,RID16,DOSTA
GS01SUMO-RID16-06-DOSTAD000,blue_phase,blue_phase,,,,degrees,GS01SUMO,RID16,DOSTA
GS01SUMO-RID16-06-DOSTAD000,red_phase,red_phase,,,,degrees,GS01SUMO,RID16,DOSTA
GS01SUMO-RID16-06-DOSTAD000,blue_amplitude,blue_amplitude,,,,mV,GS01SUMO,RID16,DOSTA
GS01SUMO-RID16-06-DOSTAD000,red_amplitude,red_amplitude,,,,mV,GS01SUMO,RID16,DOSTA
GS01SUMO-RID16-06-DOSTAD000,raw_temperature,raw_temperature,,,,mV,GS01SUMO,RID16,DOSTA
GS01SUMO-RID16-07-NUTNRB000,driver_timestamp,driver_timestamp,,,ENG,seconds since 1900-01-01,GS01SUMO,RID16,NUTNR
GS01SUMO-RID16-07-NUTNRB000,firmware_version,firmware_version,,,,1,GS01SUMO,RID16,NUTNR
GS01SUMO-RID16-07-NUTNRB000,internal_timestamp,internal_timestamp,,,ENG,seconds since 1900-01-01,GS01SUMO,RID16,NUTNR
GS01SUMO-RID16-07-NUTNRB000,preferred_timestamp,preferred_timestamp,,,ENG,1,GS01SUMO,RID16,NUTNR
GS01SUMO-RID16-07-NUTNRB000,dcl_controller_timestamp,dcl_controller_timestamp,,,ENG,1,GS01SUMO,RID16,NUTNR
GS01SUMO-RID16-07-NUTNRB000,startup_time_string,startup_time_string,,,,1,GS01SUMO,RID16,NUTNR
GS01SUMO-RID16-07-NUTNRB000,nutnr_b_temp_sal_corrected_nitrate,nutnr_b_temp_sal_corrected_nitrate,0,40,L2,umol L-1,GS01SUMO,RID16,NUTNR
GS01SUMO-RID16-07-NUTNRB000,firmware_date,firmware_date,,,,1,GS01SUMO,RID16,NUTNR
GS01SUMO-RID16-07-NUTNRB000,frame_header,frame_header,,,,1,GS01SUMO,RID16,NUTNR
GS01SUMO-RID16-07-NUTNRB000,frame_type,frame_type,,,,1,GS01SUMO,RID16,NUTNR
GS01SUMO-RID16-07-NUTNRB000,serial_number,serial_number,,,ENG,1,GS01SUMO,RID16,NUTNR
GS01SUMO-RID16-07-NUTNRB000,date_of_sample,date_of_sample,,,AUX,1,GS01SUMO,RID16,NUTNR
GS01SUMO-RID16-07-NUTNRB000,time_of_sample,time_of_sample,,,AUX,h,GS01SUMO,RID16,NUTNR
GS01SUMO-RID16-07-NUTNRB000,nitrate_concentration,nitrate_concentration,0,40,L1,umol L-1,GS01SUMO,RID16,NUTNR
GS01SUMO-RID16-07-NUTNRB000,aux_fitting_1,aux_fitting_1,,,AUX,1,GS01SUMO,RID16,NUTNR
GS01SUMO-RID16-07-NUTNRB000,aux_fitting_2,aux_fitting_2,,,AUX,1,GS01SUMO,RID16,NUTNR
GS01SUMO-RID16-07-NUTNRB000,aux_fitting_3,aux_fitting_3,,,AUX,1,GS01SUMO,RID16,NUTNR
GS01SUMO-RID16-07-NUTNRB000,rms_error,rms_error,,,AUX,umol L-1,GS01SUMO,RID16,NUTNR
GS01SUMO-RID16-07-NUTNRB000,temp_interior,temp_interior,,,AUX,deg_C,GS01SUMO,RID16,NUTNR
GS01SUMO-RID16-07-NUTNRB000,temp_spectrometer,temp_spectrometer,,,AUX,deg_C,GS01SUMO,RID16,NUTNR
GS01SUMO-RID16-07-NUTNRB000,temp_lamp,temp_lamp,,,AUX,deg_C,GS01SUMO,RID16,NUTNR
GS01SUMO-RID16-07-NUTNRB000,humidity,humidity,,,AUX,%,GS01SUMO,RID16,NUTNR
GS01SUMO-RID16-07-NUTNRB000,voltage_lamp,voltage_lamp,,,AUX,V,GS01SUMO,RID16,NUTNR
GS01SUMO-RID16-07-NUTNRB000,voltage_analog,voltage_analog,,,AUX,V,GS01SUMO,RID16,NUTNR
GS01SUMO-RID16-07-NUTNRB000,voltage_main,voltage_main,,,AUX,V,GS01SUMO,RID16,NUTNR
GS01SUMO-RID16-07-NUTNRB000,ref_channel_average,ref_channel_average,,,,counts,GS01SUMO,RID16,NUTNR
GS01SUMO-RID16-07-NUTNRB000,ref_channel_variance,ref_channel_variance,,,,1,GS01SUMO,RID16,NUTNR
GS01SUMO-RID16-07-NUTNRB000,sea_water_dark,sea_water_dark,,,AUX,counts,GS01SUMO,RID16,NUTNR
GS01SUMO-RID16-07-NUTNRB000,spec_channel_average,spec_channel_average,,,,counts,GS01SUMO,RID16,NUTNR
GS01SUMO-RID16-07-NUTNRB000,spectral_channels,spectral_channels,,,L0,counts,GS01SUMO,RID16,NUTNR
GS01SUMO-RID16-07-NUTNRB000,startup_time,startup_time,,,,seconds since 1970-01-01,GS01SUMO,RID16,NUTNR
GS01SUMO-RID16-07-NUTNRB000,lamp_time,lamp_time,,,AUX,s,GS01SUMO,RID16,NUTNR
GS01SUMO-RID16-07-NUTNRB000,spec_on_time,spec_on_time,,,,seconds since 1970-01-01,GS01SUMO,RID16,NUTNR
GS01SUMO-RID16-07-NUTNRB000,spec_powered_time,spec_powered_time,,,,seconds since 1970-01-01,GS01SUMO,RID16,NUTNR
GS01SUMO-RID16-07-NUTNRB000,lamp_on_time,lamp_on_time,,,,seconds since 1970-01-01,GS01SUMO,RID16,NUTNR
GS01SUMO-RID16-07-NUTNRB000,lamp_powered_time,lamp_powered_time,,,,seconds since 1970-01-01,GS01SUMO,RID16,NUTNR
GS01SUMO-RID16-07-NUTNRB000,data_log_file,data_log_file,,,,1,GS01SUMO,RID16,NUTNR
GS01SUMO-RID16-07-NUTNRB000,time,time,,,ENG,seconds since 1900-01-01,GS01SUMO,RID16,NUTNR
GS01SUMO-RID16-07-NUTNRB000,ingestion_timestamp,ingestion_timestamp,,,ENG,seconds since 1900-01-01,GS01SUMO,RID16,NUTNR
GS01SUMO-RID16-07-NUTNRB000,Not in Preload,Not in Preload,,,,,GS01SUMO,RID16,NUTNR
GS01SUMO-RID16-08-SPKIRB000,instrument_id,instrument_id,,,ENG,1,GS01SUMO,RID16,SPKIR
GS01SUMO-RID16-08-SPKIRB000,timer,timer,,,ENG,s,GS01SUMO,RID16,SPKIR
GS01SUMO-RID16-08-SPKIRB000,sample_delay,sample_delay,,,ENG,ms,GS01SUMO,RID16,SPKIR
GS01SUMO-RID16-08-SPKIRB000,driver_timestamp,driver_timestamp,,,ENG,seconds since 1900-01-01,GS01SUMO,RID16,SPKIR
GS01SUMO-RID16-08-SPKIRB000,vin_sense,vin_sense,,,ENG,counts,GS01SUMO,RID16,SPKIR
GS01SUMO-RID16-08-SPKIRB000,va_sense,va_sense,,,ENG,counts,GS01SUMO,RID16,SPKIR
GS01SUMO-RID16-08-SPKIRB000,internal_temperature,internal_temperature,,,AUX,counts,GS01SUMO,RID16,SPKIR
GS01SUMO-RID16-08-SPKIRB000,frame_counter,frame_counter,,,ENG,counts,GS01SUMO,RID16,SPKIR
GS01SUMO-RID16-08-SPKIRB000,internal_timestamp,internal_timestamp,,,ENG,seconds since 1900-01-01,GS01SUMO,RID16,SPKIR
GS01SUMO-RID16-08-SPKIRB000,preferred_timestamp,preferred_timestamp,,,ENG,1,GS01SUMO,RID16,SPKIR
GS01SUMO-RID16-08-SPKIRB000,passed_checksum,passed_checksum,,,ENG,1,GS01SUMO,RID16,SPKIR
GS01SUMO-RID16-08-SPKIRB000,channel_array,channel_array,,,L0,counts,GS01SUMO,RID16,SPKIR
GS01SUMO-RID16-08-SPKIRB000,dcl_controller_timestamp,dcl_controller_timestamp,,,ENG,1,GS01SUMO,RID16,SPKIR
GS01SUMO-RID16-08-SPKIRB000,spkir_abj_cspp_downwelling_vector,spkir_abj_cspp_downwelling_vector,0,300,L1,uW cm-2 nm-1,GS01SUMO,RID16,SPKIR
GS01SUMO-RID16-08-SPKIRB000,serial_number,serial_number,,,ENG,1,GS01SUMO,RID16,SPKIR
GS01SUMO-RID16-08-SPKIRB000,time,time,,,ENG,seconds since 1900-01-01,GS01SUMO,RID16,SPKIR
GS01SUMO-RID16-08-SPKIRB000,ingestion_timestamp,ingestion_timestamp,,,ENG,seconds since 1900-01-01,GS01SUMO,RID16,SPKIR
GS01SUMO-RII11-02-ADCPSN010,driver_timestamp,driver_timestamp,,,ENG,seconds since 1900-01-01,GS01SUMO,RII11,ADCPS
GS01SUMO-RII11-02-ADCPSN010,ensemble_start_time_2,ensemble_start_time_2,,,,seconds since 1900-01-01,GS01SUMO,RII11,ADCPS
GS01SUMO-RII11-02-ADCPSN010,real_time_clock_2,real_time_clock_2,,,,1,GS01SUMO,RII11,ADCPS
GS01SUMO-RII11-02-ADCPSN010,internal_timestamp,internal_timestamp,,,ENG,seconds since 1900-01-01,GS01SUMO,RII11,ADCPS
GS01SUMO-RII11-02-ADCPSN010,preferred_timestamp,preferred_timestamp,,,ENG,1,GS01SUMO,RII11,ADCPS
GS01SUMO-RII11-02-ADCPSN010,adcps_jln_record,adcps_jln_record,,,,1,GS01SUMO,RII11,ADCPS
GS01SUMO-RII11-02-ADCPSN010,adcps_jln_number,adcps_jln_number,,,,1,GS01SUMO,RII11,ADCPS
GS01SUMO-RII11-02-ADCPSN010,adcps_jln_unit_id,adcps_jln_unit_id,,,,1,GS01SUMO,RII11,ADCPS
GS01SUMO-RII11-02-ADCPSN010,adcps_jln_fw_vers,adcps_jln_fw_vers,,,,1,GS01SUMO,RII11,ADCPS
GS01SUMO-RII11-02-ADCPSN010,adcps_jln_fw_rev,adcps_jln_fw_rev,,,,1,GS01SUMO,RII11,ADCPS
GS01SUMO-RII11-02-ADCPSN010,adcps_jln_year,adcps_jln_year,,,,year,GS01SUMO,RII11,ADCPS
GS01SUMO-RII11-02-ADCPSN010,adcps_jln_month,adcps_jln_month,,,,month,GS01SUMO,RII11,ADCPS
GS01SUMO-RII11-02-ADCPSN010,adcps_jln_day,adcps_jln_day,,,,day,GS01SUMO,RII11,ADCPS
GS01SUMO-RII11-02-ADCPSN010,adcps_jln_hour,adcps_jln_hour,,,,hour,GS01SUMO,RII11,ADCPS
GS01SUMO-RII11-02-ADCPSN010,adcps_jln_minute,adcps_jln_minute,,,,minute,GS01SUMO,RII11,ADCPS
GS01SUMO-RII11-02-ADCPSN010,adcps_jln_second,adcps_jln_second,,,,sec,GS01SUMO,RII11,ADCPS
GS01SUMO-RII11-02-ADCPSN010,adcps_jln_hsec,adcps_jln_hsec,,,,csec,GS01SUMO,RII11,ADCPS
GS01SUMO-RII11-02-ADCPSN010,adcps_jln_heading,adcps_jln_heading,,,,cdegree,GS01SUMO,RII11,ADCPS
GS01SUMO-RII11-02-ADCPSN010,adcps_jln_pitch,adcps_jln_pitch,,,,cdegree,GS01SUMO,RII11,ADCPS
GS01SUMO-RII11-02-ADCPSN010,adcps_jln_roll,adcps_jln_roll,,,,cdegree,GS01SUMO,RII11,ADCPS
GS01SUMO-RII11-02-ADCPSN010,adcps_jln_temp,adcps_jln_temp,,,,cdeg_C,GS01SUMO,RII11,ADCPS
GS01SUMO-RII11-02-ADCPSN010,adcps_jln_pressure,adcps_jln_pressure,,,,daPa,GS01SUMO,RII11,ADCPS
GS01SUMO-RII11-02-ADCPSN010,adcps_jln_startbin,adcps_jln_startbin,,,,1,GS01SUMO,RII11,ADCPS
GS01SUMO-RII11-02-ADCPSN010,adcps_jln_bins,adcps_jln_bins,,,,1,GS01SUMO,RII11,ADCPS
GS01SUMO-RII11-02-ADCPSN010,adcps_jln_timestamp,adcps_jln_timestamp,,,,1,GS01SUMO,RII11,ADCPS
GS01SUMO-RII11-02-ADCPSN010,adcps_jln_id,adcps_jln_id,,,,1,GS01SUMO,RII11,ADCPS
GS01SUMO-RII11-02-ADCPSN010,adcps_jln_volts,adcps_jln_volts,,,,V,GS01SUMO,RII11,ADCPS
GS01SUMO-RII11-02-ADCPSN010,adcps_jln_records,adcps_jln_records,,,,1,GS01SUMO,RII11,ADCPS
GS01SUMO-RII11-02-ADCPSN010,adcps_jln_length,adcps_jln_length,,,,1,GS01SUMO,RII11,ADCPS
GS01SUMO-RII11-02-ADCPSN010,adcps_jln_events,adcps_jln_events,,,,1,GS01SUMO,RII11,ADCPS
GS01SUMO-RII11-02-ADCPSN010,adcps_jln_samples_written,adcps_jln_samples_written,,,,1,GS01SUMO,RII11,ADCPS
GS01SUMO-RII11-02-ADCPSN010,sensor_available_speed,sensor_available_speed,,,,1,GS01SUMO,RII11,ADCPS
GS01SUMO-RII11-02-ADCPSN010,sysconfig_beam_angle,sysconfig_beam_angle,,,,1,GS01SUMO,RII11,ADCPS
GS01SUMO-RII11-02-ADCPSN010,sysconfig_beam_config,sysconfig_beam_config,,,,1,GS01SUMO,RII11,ADCPS
GS01SUMO-RII11-02-ADCPSN010,adcps_jln_upward_seawater_velocity2,adcps_jln_upward_seawater_velocity2,-1,1,L1,m s-1,GS01SUMO,RII11,ADCPS
GS01SUMO-RII11-02-ADCPSN010,adcps_jln_error_velocity2,adcps_jln_error_velocity2,-1,1,L1,m s-1,GS01SUMO,RII11,ADCPS
GS01SUMO-RII11-02-ADCPSN010,adcps_jln_eastward_seawater_velocity2,adcps_jln_eastward_seawater_velocity2,-3,3,L1,m s-1,GS01SUMO,RII11,ADCPS
GS01SUMO-RII11-02-ADCPSN010,adcps_jln_northward_seawater_velocity2,adcps_jln_northward_seawater_velocity2,-3,3,L1,m s-1,GS01SUMO,RII11,ADCPS
GS01SUMO-RII11-02-ADCPSN010,adcps_jln_echo_intensity_beam1,adcps_jln_echo_intensity_beam1,0,255,L1,dB,GS01SUMO,RII11,ADCPS
GS01SUMO-RII11-02-ADCPSN010,adcps_jln_echo_intensity_beam2,adcps_jln_echo_intensity_beam2,0,255,L1,dB,GS01SUMO,RII11,ADCPS
GS01SUMO-RII11-02-ADCPSN010,adcps_jln_echo_intensity_beam3,adcps_jln_echo_intensity_beam3,0,255,L1,dB,GS01SUMO,RII11,ADCPS
GS01SUMO-RII11-02-ADCPSN010,adcps_jln_echo_intensity_beam4,adcps_jln_echo_intensity_beam4,0,255,L1,dB,GS01SUMO,RII11,ADCPS
GS01SUMO-RII11-02-ADCPSN010,serial_number,serial_number,,,ENG,1,GS01SUMO,RII11,ADCPS
GS01SUMO-RII11-02-ADCPSN010,adcps_jln_recovered_eastward_seawater_velocity,adcps_jln_recovered_eastward_seawater_velocity,-3,3,L1,m s-1,GS01SUMO,RII11,ADCPS
GS01SUMO-RII11-02-ADCPSN010,adcps_jln_recovered_northward_seawater_velocity,adcps_jln_recovered_northward_seawater_velocity,-3,3,L1,m s-1,GS01SUMO,RII11,ADCPS
GS01SUMO-RII11-02-ADCPSN010,firmware_version,firmware_version,,,,1,GS01SUMO,RII11,ADCPS
GS01SUMO-RII11-02-ADCPSN010,firmware_revision,firmware_revision,,,,1,GS01SUMO,RII11,ADCPS
GS01SUMO-RII11-02-ADCPSN010,sysconfig_frequency,sysconfig_frequency,,,,kHz,GS01SUMO,RII11,ADCPS
GS01SUMO-RII11-02-ADCPSN010,sysconfig_beam_pattern,sysconfig_beam_pattern,,,,1,GS01SUMO,RII11,ADCPS
GS01SUMO-RII11-02-ADCPSN010,sysconfig_sensor_config,sysconfig_sensor_config,,,,1,GS01SUMO,RII11,ADCPS
GS01SUMO-RII11-02-ADCPSN010,sysconfig_head_attached,sysconfig_head_attached,,,,1,GS01SUMO,RII11,ADCPS
GS01SUMO-RII11-02-ADCPSN010,sysconfig_vertical_orientation,sysconfig_vertical_orientation,,,,1,GS01SUMO,RII11,ADCPS
GS01SUMO-RII11-02-ADCPSN010,data_flag,data_flag,,,,1,GS01SUMO,RII11,ADCPS
GS01SUMO-RII11-02-ADCPSN010,lag_length,lag_length,,,,s,GS01SUMO,RII11,ADCPS
GS01SUMO-RII11-02-ADCPSN010,num_beams,num_beams,,,,1,GS01SUMO,RII11,ADCPS
GS01SUMO-RII11-02-ADCPSN010,num_cells,num_cells,,,,1,GS01SUMO,RII11,ADCPS
GS01SUMO-RII11-02-ADCPSN010,pings_per_ensemble,pings_per_ensemble,,,,1,GS01SUMO,RII11,ADCPS
GS01SUMO-RII11-02-ADCPSN010,cell_length,cell_length,,,,cm,GS01SUMO,RII11,ADCPS
GS01SUMO-RII11-02-ADCPSN010,blank_after_transmit,blank_after_transmit,,,,cm,GS01SUMO,RII11,ADCPS
GS01SUMO-RII11-02-ADCPSN010,signal_processing_mode,signal_processing_mode,,,,1,GS01SUMO,RII11,ADCPS
GS01SUMO-RII11-02-ADCPSN010,low_corr_threshold,low_corr_threshold,,,,counts,GS01SUMO,RII11,ADCPS
GS01SUMO-RII11-02-ADCPSN010,num_code_repetitions,num_code_repetitions,,,,counts,GS01SUMO,RII11,ADCPS
GS01SUMO-RII11-02-ADCPSN010,percent_good_min,percent_good_min,,,,percent,GS01SUMO,RII11,ADCPS
GS01SUMO-RII11-02-ADCPSN010,error_vel_threshold,error_vel_threshold,,,,mm s-1,GS01SUMO,RII11,ADCPS
GS01SUMO-RII11-02-ADCPSN010,time_per_ping_minutes,time_per_ping_minutes,,,,min,GS01SUMO,RII11,ADCPS
GS01SUMO-RII11-02-ADCPSN010,time_per_ping_seconds,time_per_ping_seconds,,,,s,GS01SUMO,RII11,ADCPS
GS01SUMO-RII11-02-ADCPSN010,coord_transform_type,coord_transform_type,,,,1,GS01SUMO,RII11,ADCPS
GS01SUMO-RII11-02-ADCPSN010,coord_transform_tilts,coord_transform_tilts,,,,1,GS01SUMO,RII11,ADCPS
GS01SUMO-RII11-02-ADCPSN010,coord_transform_beams,coord_transform_beams,,,,1,GS01SUMO,RII11,ADCPS
GS01SUMO-RII11-02-ADCPSN010,coord_transform_mapping,coord_transform_mapping,,,,1,GS01SUMO,RII11,ADCPS
GS01SUMO-RII11-02-ADCPSN010,heading_alignment,heading_alignment,,,,cdegrees,GS01SUMO,RII11,ADCPS
GS01SUMO-RII11-02-ADCPSN010,heading_bias,heading_bias,,,,cdegrees,GS01SUMO,RII11,ADCPS
GS01SUMO-RII11-02-ADCPSN010,sensor_source_speed,sensor_source_speed,,,,1,GS01SUMO,RII11,ADCPS
GS01SUMO-RII11-02-ADCPSN010,sensor_source_depth,sensor_source_depth,,,,1,GS01SUMO,RII11,ADCPS
GS01SUMO-RII11-02-ADCPSN010,sensor_source_heading,sensor_source_heading,,,,1,GS01SUMO,RII11,ADCPS
GS01SUMO-RII11-02-ADCPSN010,sensor_source_pitch,sensor_source_pitch,,,,1,GS01SUMO,RII11,ADCPS
GS01SUMO-RII11-02-ADCPSN010,sensor_source_roll,sensor_source_roll,,,,1,GS01SUMO,RII11,ADCPS
GS01SUMO-RII11-02-ADCPSN010,sensor_source_conductivity,sensor_source_conductivity,,,,1,GS01SUMO,RII11,ADCPS
GS01SUMO-RII11-02-ADCPSN010,sensor_source_temperature,sensor_source_temperature,,,,1,GS01SUMO,RII11,ADCPS
GS01SUMO-RII11-02-ADCPSN010,sensor_available_depth,sensor_available_depth,,,,1,GS01SUMO,RII11,ADCPS
GS01SUMO-RII11-02-ADCPSN010,sensor_available_heading,sensor_available_heading,,,,1,GS01SUMO,RII11,ADCPS
GS01SUMO-RII11-02-ADCPSN010,sensor_available_pitch,sensor_available_pitch,,,,1,GS01SUMO,RII11,ADCPS
GS01SUMO-RII11-02-ADCPSN010,sensor_available_roll,sensor_available_roll,,,,1,GS01SUMO,RII11,ADCPS
GS01SUMO-RII11-02-ADCPSN010,sensor_available_conductivity,sensor_available_conductivity,,,,1,GS01SUMO,RII11,ADCPS
GS01SUMO-RII11-02-ADCPSN010,sensor_available_temperature,sensor_available_temperature,,,,1,GS01SUMO,RII11,ADCPS
GS01SUMO-RII11-02-ADCPSN010,bin_1_distance,bin_1_distance,,,,cm,GS01SUMO,RII11,ADCPS
GS01SUMO-RII11-02-ADCPSN010,transmit_pulse_length,transmit_pulse_length,,,,cm,GS01SUMO,RII11,ADCPS
GS01SUMO-RII11-02-ADCPSN010,reference_layer_start,reference_layer_start,,,,1,GS01SUMO,RII11,ADCPS
GS01SUMO-RII11-02-ADCPSN010,reference_layer_stop,reference_layer_stop,,,,1,GS01SUMO,RII11,ADCPS
GS01SUMO-RII11-02-ADCPSN010,false_target_threshold,false_target_threshold,,,,counts,GS01SUMO,RII11,ADCPS
GS01SUMO-RII11-02-ADCPSN010,low_latency_trigger,low_latency_trigger,,,,1,GS01SUMO,RII11,ADCPS
GS01SUMO-RII11-02-ADCPSN010,transmit_lag_distance,transmit_lag_distance,,,,cm,GS01SUMO,RII11,ADCPS
GS01SUMO-RII11-02-ADCPSN010,cpu_board_serial_number,cpu_board_serial_number,,,,1,GS01SUMO,RII11,ADCPS
GS01SUMO-RII11-02-ADCPSN010,system_bandwidth,system_bandwidth,,,,1,GS01SUMO,RII11,ADCPS
GS01SUMO-RII11-02-ADCPSN010,system_power,system_power,,,,1,GS01SUMO,RII11,ADCPS
GS01SUMO-RII11-02-ADCPSN010,beam_angle,beam_angle,,,,degrees,GS01SUMO,RII11,ADCPS
GS01SUMO-RII11-02-ADCPSN010,ensemble_number,ensemble_number,,,,1,GS01SUMO,RII11,ADCPS
GS01SUMO-RII11-02-ADCPSN010,ensemble_number_increment,ensemble_number_increment,,,,1,GS01SUMO,RII11,ADCPS
GS01SUMO-RII11-02-ADCPSN010,bit_result_demod_1,bit_result_demod_1,,,,1,GS01SUMO,RII11,ADCPS
GS01SUMO-RII11-02-ADCPSN010,bit_result_demod_0,bit_result_demod_0,,,,1,GS01SUMO,RII11,ADCPS
GS01SUMO-RII11-02-ADCPSN010,bit_result_timing,bit_result_timing,,,,1,GS01SUMO,RII11,ADCPS
GS01SUMO-RII11-02-ADCPSN010,speed_of_sound,speed_of_sound,,,,m s-1,GS01SUMO,RII11,ADCPS
GS01SUMO-RII11-02-ADCPSN010,transducer_depth,transducer_depth,,,,dm,GS01SUMO,RII11,ADCPS
GS01SUMO-RII11-02-ADCPSN010,heading,heading,,,,cdegrees,GS01SUMO,RII11,ADCPS
GS01SUMO-RII11-02-ADCPSN010,pitch,pitch,,,,cdegrees,GS01SUMO,RII11,ADCPS
GS01SUMO-RII11-02-ADCPSN010,roll,roll,,,,cdegrees,GS01SUMO,RII11,ADCPS
GS01SUMO-RII11-02-ADCPSN010,salinity,salinity,,,,1,GS01SUMO,RII11,ADCPS
GS01SUMO-RII11-02-ADCPSN010,temperature,temperature,,,,cdeg_C,GS01SUMO,RII11,ADCPS
GS01SUMO-RII11-02-ADCPSN010,mpt_minutes,mpt_minutes,,,,min,GS01SUMO,RII11,ADCPS
GS01SUMO-RII11-02-ADCPSN010,mpt_seconds,mpt_seconds,,,,s,GS01SUMO,RII11,ADCPS
GS01SUMO-RII11-02-ADCPSN010,heading_stdev,heading_stdev,,,,degrees,GS01SUMO,RII11,ADCPS
GS01SUMO-RII11-02-ADCPSN010,pitch_stdev,pitch_stdev,,,,ddegrees,GS01SUMO,RII11,ADCPS
GS01SUMO-RII11-02-ADCPSN010,roll_stdev,roll_stdev,,,,ddegrees,GS01SUMO,RII11,ADCPS
GS01SUMO-RII11-02-ADCPSN010,adc_transmit_current,adc_transmit_current,,,,counts,GS01SUMO,RII11,ADCPS
GS01SUMO-RII11-02-ADCPSN010,adc_transmit_voltage,adc_transmit_voltage,,,,counts,GS01SUMO,RII11,ADCPS
GS01SUMO-RII11-02-ADCPSN010,adc_ambient_temp,adc_ambient_temp,,,,counts,GS01SUMO,RII11,ADCPS
GS01SUMO-RII11-02-ADCPSN010,adc_pressure_plus,adc_pressure_plus,,,,counts,GS01SUMO,RII11,ADCPS
GS01SUMO-RII11-02-ADCPSN010,adc_pressure_minus,adc_pressure_minus,,,,counts,GS01SUMO,RII11,ADCPS
GS01SUMO-RII11-02-ADCPSN010,adc_attitude_temp,adc_attitude_temp,,,,counts,GS01SUMO,RII11,ADCPS
GS01SUMO-RII11-02-ADCPSN010,adc_attitude,adc_attitude,,,,counts,GS01SUMO,RII11,ADCPS
GS01SUMO-RII11-02-ADCPSN010,adc_contamination_sensor,adc_contamination_sensor,,,,counts,GS01SUMO,RII11,ADCPS
GS01SUMO-RII11-02-ADCPSN010,bus_error_exception,bus_error_exception,,,,1,GS01SUMO,RII11,ADCPS
GS01SUMO-RII11-02-ADCPSN010,address_error_exception,address_error_exception,,,,1,GS01SUMO,RII11,ADCPS
GS01SUMO-RII11-02-ADCPSN010,illegal_instruction_exception,illegal_instruction_exception,,,,1,GS01SUMO,RII11,ADCPS
GS01SUMO-RII11-02-ADCPSN010,zero_divide_instruction,zero_divide_instruction,,,,1,GS01SUMO,RII11,ADCPS
GS01SUMO-RII11-02-ADCPSN010,emulator_exception,emulator_exception,,,,1,GS01SUMO,RII11,ADCPS
GS01SUMO-RII11-02-ADCPSN010,unassigned_exception,unassigned_exception,,,,1,GS01SUMO,RII11,ADCPS
GS01SUMO-RII11-02-ADCPSN010,watchdog_restart_occurred,watchdog_restart_occurred,,,,1,GS01SUMO,RII11,ADCPS
GS01SUMO-RII11-02-ADCPSN010,battery_saver_power,battery_saver_power,,,,1,GS01SUMO,RII11,ADCPS
GS01SUMO-RII11-02-ADCPSN010,pinging,pinging,,,,1,GS01SUMO,RII11,ADCPS
GS01SUMO-RII11-02-ADCPSN010,cold_wakeup_occurred,cold_wakeup_occurred,,,,1,GS01SUMO,RII11,ADCPS
GS01SUMO-RII11-02-ADCPSN010,time,time,,,ENG,seconds since 1900-01-01,GS01SUMO,RII11,ADCPS
GS01SUMO-RII11-02-ADCPSN010,unknown_wakeup_occurred,unknown_wakeup_occurred,,,,1,GS01SUMO,RII11,ADCPS
GS01SUMO-RII11-02-ADCPSN010,clock_read_error,clock_read_error,,,,1,GS01SUMO,RII11,ADCPS
GS01SUMO-RII11-02-ADCPSN010,unexpected_alarm,unexpected_alarm,,,,1,GS01SUMO,RII11,ADCPS
GS01SUMO-RII11-02-ADCPSN010,clock_jump_forward,clock_jump_forward,,,,1,GS01SUMO,RII11,ADCPS
GS01SUMO-RII11-02-ADCPSN010,clock_jump_backward,clock_jump_backward,,,,1,GS01SUMO,RII11,ADCPS
GS01SUMO-RII11-02-ADCPSN010,power_fail,power_fail,,,,1,GS01SUMO,RII11,ADCPS
GS01SUMO-RII11-02-ADCPSN010,spurious_dsp_interrupt,spurious_dsp_interrupt,,,,1,GS01SUMO,RII11,ADCPS
GS01SUMO-RII11-02-ADCPSN010,spurious_uart_interrupt,spurious_uart_interrupt,,,,1,GS01SUMO,RII11,ADCPS
GS01SUMO-RII11-02-ADCPSN010,spurious_clock_interrupt,spurious_clock_interrupt,,,,1,GS01SUMO,RII11,ADCPS
GS01SUMO-RII11-02-ADCPSN010,level_7_interrupt,level_7_interrupt,,,,1,GS01SUMO,RII11,ADCPS
GS01SUMO-RII11-02-ADCPSN010,pressure,pressure,,,,daPa,GS01SUMO,RII11,ADCPS
GS01SUMO-RII11-02-ADCPSN010,pressure_variance,pressure_variance,,,,daPa,GS01SUMO,RII11,ADCPS
GS01SUMO-RII11-02-ADCPSN010,water_velocity_east,water_velocity_east,,,L0,mm s-1,GS01SUMO,RII11,ADCPS
GS01SUMO-RII11-02-ADCPSN010,water_velocity_north,water_velocity_north,,,L0,mm s-1,GS01SUMO,RII11,ADCPS
GS01SUMO-RII11-02-ADCPSN010,water_velocity_up,water_velocity_up,,,L0,mm s-1,GS01SUMO,RII11,ADCPS
GS01SUMO-RII11-02-ADCPSN010,error_velocity,error_velocity,,,L0,mm s-1,GS01SUMO,RII11,ADCPS
GS01SUMO-RII11-02-ADCPSN010,correlation_magnitude_beam1,correlation_magnitude_beam1,,,,1,GS01SUMO,RII11,ADCPS
GS01SUMO-RII11-02-ADCPSN010,correlation_magnitude_beam2,correlation_magnitude_beam2,,,,1,GS01SUMO,RII11,ADCPS
GS01SUMO-RII11-02-ADCPSN010,correlation_magnitude_beam3,correlation_magnitude_beam3,,,,1,GS01SUMO,RII11,ADCPS
GS01SUMO-RII11-02-ADCPSN010,correlation_magnitude_beam4,correlation_magnitude_beam4,,,,1,GS01SUMO,RII11,ADCPS
GS01SUMO-RII11-02-ADCPSN010,echo_intensity_beam1,echo_intensity_beam1,,,L0,counts,GS01SUMO,RII11,ADCPS
GS01SUMO-RII11-02-ADCPSN010,echo_intensity_beam2,echo_intensity_beam2,,,L0,counts,GS01SUMO,RII11,ADCPS
GS01SUMO-RII11-02-ADCPSN010,echo_intensity_beam3,echo_intensity_beam3,,,L0,counts,GS01SUMO,RII11,ADCPS
GS01SUMO-RII11-02-ADCPSN010,echo_intensity_beam4,echo_intensity_beam4,,,L0,counts,GS01SUMO,RII11,ADCPS
GS01SUMO-RII11-02-ADCPSN010,percent_good_3beam,percent_good_3beam,,,,percent,GS01SUMO,RII11,ADCPS
GS01SUMO-RII11-02-ADCPSN010,percent_transforms_reject,percent_transforms_reject,,,,percent,GS01SUMO,RII11,ADCPS
GS01SUMO-RII11-02-ADCPSN010,percent_bad_beams,percent_bad_beams,,,,percent,GS01SUMO,RII11,ADCPS
GS01SUMO-RII11-02-ADCPSN010,percent_good_4beam,percent_good_4beam,,,,percent,GS01SUMO,RII11,ADCPS
GS01SUMO-RII11-02-ADCPSN010,ensemble_start_time,ensemble_start_time,,,,seconds since 1900-01-01,GS01SUMO,RII11,ADCPS
GS01SUMO-RII11-02-ADCPSN010,ingestion_timestamp,ingestion_timestamp,,,ENG,seconds since 1900-01-01,GS01SUMO,RII11,ADCPS
GS01SUMO-RII11-02-ADCPSN010,real_time_clock,real_time_clock,,,,1,GS01SUMO,RII11,ADCPS
GS01SUMO-RII11-02-ADCPSN010,bin_depths,bin_depths,,,,m,GS01SUMO,RII11,ADCPS
GS01SUMO-RII11-02-CTDBPP031,conductivity,conductivity,0,6,L1,S m-1,GS01SUMO,RII11,CTDBP
GS01SUMO-RII11-02-CTDBPP031,driver_timestamp,driver_timestamp,,,ENG,seconds since 1900-01-01,GS01SUMO,RII11,CTDBP
GS01SUMO-RII11-02-CTDBPP031,internal_timestamp,internal_timestamp,,,ENG,seconds since 1900-01-01,GS01SUMO,RII11,CTDBP
GS01SUMO-RII11-02-CTDBPP031,preferred_timestamp,preferred_timestamp,,,ENG,1,GS01SUMO,RII11,CTDBP
GS01SUMO-RII11-02-CTDBPP031,pressure,pressure,0,6000,L1,dbar,GS01SUMO,RII11,CTDBP
GS01SUMO-RII11-02-CTDBPP031,ctdbp_cdef_dcl_ce_density,ctdbp_cdef_dcl_ce_density,1000,1100,L2,kg m-3,GS01SUMO,RII11,CTDBP
GS01SUMO-RII11-02-CTDBPP031,serial_number,serial_number,,,ENG,1,GS01SUMO,RII11,CTDBP
GS01SUMO-RII11-02-CTDBPP031,temp,temp,-2,40,L1,deg_C,GS01SUMO,RII11,CTDBP
GS01SUMO-RII11-02-CTDBPP031,time,time,,,ENG,seconds since 1900-01-01,GS01SUMO,RII11,CTDBP
GS01SUMO-RII11-02-CTDBPP031,ingestion_timestamp,ingestion_timestamp,,,ENG,seconds since 1900-01-01,GS01SUMO,RII11,CTDBP
GS01SUMO-RII11-02-CTDBPP031,salinity,salinity,0,42,L2,(unitless),GS01SUMO,RII11,CTDBP
GS01SUMO-RII11-02-CTDBPP031,date_time_string,date_time_string,,,,1,GS01SUMO,RII11,CTDBP
GS01SUMO-RII11-02-CTDBPP032,conductivity,conductivity,0,6,L1,S m-1,GS01SUMO,RII11,CTDBP
GS01SUMO-RII11-02-CTDBPP032,driver_timestamp,driver_timestamp,,,ENG,seconds since 1900-01-01,GS01SUMO,RII11,CTDBP
GS01SUMO-RII11-02-CTDBPP032,internal_timestamp,internal_timestamp,,,ENG,seconds since 1900-01-01,GS01SUMO,RII11,CTDBP
GS01SUMO-RII11-02-CTDBPP032,preferred_timestamp,preferred_timestamp,,,ENG,1,GS01SUMO,RII11,CTDBP
GS01SUMO-RII11-02-CTDBPP032,pressure,pressure,0,6000,L1,dbar,GS01SUMO,RII11,CTDBP
GS01SUMO-RII11-02-CTDBPP032,ctdbp_cdef_dcl_ce_density,ctdbp_cdef_dcl_ce_density,1000,1100,L2,kg m-3,GS01SUMO,RII11,CTDBP
GS01SUMO-RII11-02-CTDBPP032,serial_number,serial_number,,,ENG,1,GS01SUMO,RII11,CTDBP
GS01SUMO-RII11-02-CTDBPP032,temp,temp,-2,40,L1,deg_C,GS01SUMO,RII11,CTDBP
GS01SUMO-RII11-02-CTDBPP032,time,time,,,ENG,seconds since 1900-01-01,GS01SUMO,RII11,CTDBP
GS01SUMO-RII11-02-CTDBPP032,ingestion_timestamp,ingestion_timestamp,,,ENG,seconds since 1900-01-01,GS01SUMO,RII11,CTDBP
GS01SUMO-RII11-02-CTDBPP032,salinity,salinity,0,42,L2,(unitless),GS01SUMO,RII11,CTDBP
GS01SUMO-RII11-02-CTDBPP032,date_time_string,date_time_string,,,,1,GS01SUMO,RII11,CTDBP
GS01SUMO-RII11-02-CTDBPP033,conductivity,conductivity,0,6,L1,S m-1,GS01SUMO,RII11,CTDBP
GS01SUMO-RII11-02-CTDBPP033,driver_timestamp,driver_timestamp,,,ENG,seconds since 1900-01-01,GS01SUMO,RII11,CTDBP
GS01SUMO-RII11-02-CTDBPP033,internal_timestamp,internal_timestamp,,,ENG,seconds since 1900-01-01,GS01SUMO,RII11,CTDBP
GS01SUMO-RII11-02-CTDBPP033,preferred_timestamp,preferred_timestamp,,,ENG,1,GS01SUMO,RII11,CTDBP
GS01SUMO-RII11-02-CTDBPP033,pressure,pressure,0,6000,L1,dbar,GS01SUMO,RII11,CTDBP
GS01SUMO-RII11-02-CTDBPP033,ctdbp_cdef_dcl_ce_density,ctdbp_cdef_dcl_ce_density,1000,1100,L2,kg m-3,GS01SUMO,RII11,CTDBP
GS01SUMO-RII11-02-CTDBPP033,serial_number,serial_number,,,ENG,1,GS01SUMO,RII11,CTDBP
GS01SUMO-RII11-02-CTDBPP033,temp,temp,-2,40,L1,deg_C,GS01SUMO,RII11,CTDBP
GS01SUMO-RII11-02-CTDBPP033,time,time,,,ENG,seconds since 1900-01-01,GS01SUMO,RII11,CTDBP
GS01SUMO-RII11-02-CTDBPP033,ingestion_timestamp,ingestion_timestamp,,,ENG,seconds since 1900-01-01,GS01SUMO,RII11,CTDBP
GS01SUMO-RII11-02-CTDBPP033,salinity,salinity,0,42,L2,(unitless),GS01SUMO,RII11,CTDBP
GS01SUMO-RII11-02-CTDBPP033,date_time_string,date_time_string,,,,1,GS01SUMO,RII11,CTDBP
GS01SUMO-RII11-02-CTDMOQ011,driver_timestamp,driver_timestamp,,,ENG,seconds since 1900-01-01,GS01SUMO,RII11,CTDMO
GS01SUMO-RII11-02-CTDMOQ011,internal_timestamp,internal_timestamp,,,ENG,seconds since 1900-01-01,GS01SUMO,RII11,CTDMO
GS01SUMO-RII11-02-CTDMOQ011,battery_voltage_main,battery_voltage_main,,,,V,GS01SUMO,RII11,CTDMO
GS01SUMO-RII11-02-CTDMOQ011,battery_voltage_lithium,battery_voltage_lithium,,,,V,GS01SUMO,RII11,CTDMO
GS01SUMO-RII11-02-CTDMOQ011,inductive_id,inductive_id,,,ENG,1,GS01SUMO,RII11,CTDMO
GS01SUMO-RII11-02-CTDMOQ011,preferred_timestamp,preferred_timestamp,,,ENG,1,GS01SUMO,RII11,CTDMO
GS01SUMO-RII11-02-CTDMOQ011,temperature,temperature,,,L0,counts,GS01SUMO,RII11,CTDMO
GS01SUMO-RII11-02-CTDMOQ011,conductivity,conductivity,,,L0,counts,GS01SUMO,RII11,CTDMO
GS01SUMO-RII11-02-CTDMOQ011,pressure,pressure,,,L0,counts,GS01SUMO,RII11,CTDMO
GS01SUMO-RII11-02-CTDMOQ011,pressure_temp,pressure_temp,,,L0,counts,GS01SUMO,RII11,CTDMO
GS01SUMO-RII11-02-CTDMOQ011,ctd_time,ctd_time,,,ENG,seconds since 2000-01-01,GS01SUMO,RII11,CTDMO
GS01SUMO-RII11-02-CTDMOQ011,num_samples,num_samples,,,,counts,GS01SUMO,RII11,CTDMO
GS01SUMO-RII11-02-CTDMOQ011,mem_free,mem_free,,,,bytes,GS01SUMO,RII11,CTDMO
GS01SUMO-RII11-02-CTDMOQ011,sample_interval,sample_interval,,,,s,GS01SUMO,RII11,CTDMO
GS01SUMO-RII11-02-CTDMOQ011,sio_controller_timestamp,sio_controller_timestamp,,,ENG,seconds since 1970-01-01,GS01SUMO,RII11,CTDMO
GS01SUMO-RII11-02-CTDMOQ011,ctd_time_offset,ctd_time_offset,,,,s,GS01SUMO,RII11,CTDMO
GS01SUMO-RII11-02-CTDMOQ011,pressure_range,pressure_range,,,,psia,GS01SUMO,RII11,CTDMO
GS01SUMO-RII11-02-CTDMOQ011,ctdmo_seawater_pressure,ctdmo_seawater_pressure,0,6000,L1,dbar,GS01SUMO,RII11,CTDMO
GS01SUMO-RII11-02-CTDMOQ011,ctdmo_seawater_temperature,ctdmo_seawater_temperature,-2,40,L1,deg_C,GS01SUMO,RII11,CTDMO
GS01SUMO-RII11-02-CTDMOQ011,ctdmo_seawater_conductivity,ctdmo_seawater_conductivity,0,6,L1,S m-1,GS01SUMO,RII11,CTDMO
GS01SUMO-RII11-02-CTDMOQ011,ctdmo_practical_salinity,ctdmo_practical_salinity,0,42,L2,(unitless),GS01SUMO,RII11,CTDMO
GS01SUMO-RII11-02-CTDMOQ011,ctdmo_seawater_density,ctdmo_seawater_density,1000,1100,L2,kg m-3,GS01SUMO,RII11,CTDMO
GS01SUMO-RII11-02-CTDMOQ011,serial_number,serial_number,,,ENG,1,GS01SUMO,RII11,CTDMO
GS01SUMO-RII11-02-CTDMOQ011,time,time,,,ENG,seconds since 1900-01-01,GS01SUMO,RII11,CTDMO
GS01SUMO-RII11-02-CTDMOQ011,sample_number,sample_number,,,,count,GS01SUMO,RII11,CTDMO
GS01SUMO-RII11-02-CTDMOQ011,ingestion_timestamp,ingestion_timestamp,,,ENG,seconds since 1900-01-01,GS01SUMO,RII11,CTDMO
GS01SUMO-RII11-02-CTDMOQ011,date_time_string,date_time_string,,,,1,GS01SUMO,RII11,CTDMO
GS01SUMO-RII11-02-CTDMOQ012,driver_timestamp,driver_timestamp,,,ENG,seconds since 1900-01-01,GS01SUMO,RII11,CTDMO
GS01SUMO-RII11-02-CTDMOQ012,internal_timestamp,internal_timestamp,,,ENG,seconds since 1900-01-01,GS01SUMO,RII11,CTDMO
GS01SUMO-RII11-02-CTDMOQ012,battery_voltage_main,battery_voltage_main,,,,V,GS01SUMO,RII11,CTDMO
GS01SUMO-RII11-02-CTDMOQ012,battery_voltage_lithium,battery_voltage_lithium,,,,V,GS01SUMO,RII11,CTDMO
GS01SUMO-RII11-02-CTDMOQ012,inductive_id,inductive_id,,,ENG,1,GS01SUMO,RII11,CTDMO
GS01SUMO-RII11-02-CTDMOQ012,preferred_timestamp,preferred_timestamp,,,ENG,1,GS01SUMO,RII11,CTDMO
GS01SUMO-RII11-02-CTDMOQ012,temperature,temperature,,,L0,counts,GS01SUMO,RII11,CTDMO
GS01SUMO-RII11-02-CTDMOQ012,conductivity,conductivity,,,L0,counts,GS01SUMO,RII11,CTDMO
GS01SUMO-RII11-02-CTDMOQ012,pressure,pressure,,,L0,counts,GS01SUMO,RII11,CTDMO
GS01SUMO-RII11-02-CTDMOQ012,pressure_temp,pressure_temp,,,L0,counts,GS01SUMO,RII11,CTDMO
GS01SUMO-RII11-02-CTDMOQ012,ctd_time,ctd_time,,,ENG,seconds since 2000-01-01,GS01SUMO,RII11,CTDMO
GS01SUMO-RII11-02-CTDMOQ012,num_samples,num_samples,,,,counts,GS01SUMO,RII11,CTDMO
GS01SUMO-RII11-02-CTDMOQ012,mem_free,mem_free,,,,bytes,GS01SUMO,RII11,CTDMO
GS01SUMO-RII11-02-CTDMOQ012,sample_interval,sample_interval,,,,s,GS01SUMO,RII11,CTDMO
GS01SUMO-RII11-02-CTDMOQ012,sio_controller_timestamp,sio_controller_timestamp,,,ENG,seconds since 1970-01-01,GS01SUMO,RII11,CTDMO
GS01SUMO-RII11-02-CTDMOQ012,ctd_time_offset,ctd_time_offset,,,,s,GS01SUMO,RII11,CTDMO
GS01SUMO-RII11-02-CTDMOQ012,pressure_range,pressure_range,,,,psia,GS01SUMO,RII11,CTDMO
GS01SUMO-RII11-02-CTDMOQ012,ctdmo_seawater_pressure,ctdmo_seawater_pressure,0,6000,L1,dbar,GS01SUMO,RII11,CTDMO
GS01SUMO-RII11-02-CTDMOQ012,ctdmo_seawater_temperature,ctdmo_seawater_temperature,-2,40,L1,deg_C,GS01SUMO,RII11,CTDMO
GS01SUMO-RII11-02-CTDMOQ012,ctdmo_seawater_conductivity,ctdmo_seawater_conductivity,0,6,L1,S m-1,GS01SUMO,RII11,CTDMO
GS01SUMO-RII11-02-CTDMOQ012,ctdmo_practical_salinity,ctdmo_practical_salinity,0,42,L2,(unitless),GS01SUMO,RII11,CTDMO
GS01SUMO-RII11-02-CTDMOQ012,ctdmo_seawater_density,ctdmo_seawater_density,1000,1100,L2,kg m-3,GS01SUMO,RII11,CTDMO
GS01SUMO-RII11-02-CTDMOQ012,serial_number,serial_number,,,ENG,1,GS01SUMO,RII11,CTDMO
GS01SUMO-RII11-02-CTDMOQ012,time,time,,,ENG,seconds since 1900-01-01,GS01SUMO,RII11,CTDMO
GS01SUMO-RII11-02-CTDMOQ012,sample_number,sample_number,,,,count,GS01SUMO,RII11,CTDMO
GS01SUMO-RII11-02-CTDMOQ012,ingestion_timestamp,ingestion_timestamp,,,ENG,seconds since 1900-01-01,GS01SUMO,RII11,CTDMO
GS01SUMO-RII11-02-CTDMOQ012,date_time_string,date_time_string,,,,1,GS01SUMO,RII11,CTDMO
GS01SUMO-RII11-02-CTDMOQ013,driver_timestamp,driver_timestamp,,,ENG,seconds since 1900-01-01,GS01SUMO,RII11,CTDMO
GS01SUMO-RII11-02-CTDMOQ013,internal_timestamp,internal_timestamp,,,ENG,seconds since 1900-01-01,GS01SUMO,RII11,CTDMO
GS01SUMO-RII11-02-CTDMOQ013,battery_voltage_main,battery_voltage_main,,,,V,GS01SUMO,RII11,CTDMO
GS01SUMO-RII11-02-CTDMOQ013,battery_voltage_lithium,battery_voltage_lithium,,,,V,GS01SUMO,RII11,CTDMO
GS01SUMO-RII11-02-CTDMOQ013,inductive_id,inductive_id,,,ENG,1,GS01SUMO,RII11,CTDMO
GS01SUMO-RII11-02-CTDMOQ013,preferred_timestamp,preferred_timestamp,,,ENG,1,GS01SUMO,RII11,CTDMO
GS01SUMO-RII11-02-CTDMOQ013,temperature,temperature,,,L0,counts,GS01SUMO,RII11,CTDMO
GS01SUMO-RII11-02-CTDMOQ013,conductivity,conductivity,,,L0,counts,GS01SUMO,RII11,CTDMO
GS01SUMO-RII11-02-CTDMOQ013,pressure,pressure,,,L0,counts,GS01SUMO,RII11,CTDMO
GS01SUMO-RII11-02-CTDMOQ013,pressure_temp,pressure_temp,,,L0,counts,GS01SUMO,RII11,CTDMO
GS01SUMO-RII11-02-CTDMOQ013,ctd_time,ctd_time,,,ENG,seconds since 2000-01-01,GS01SUMO,RII11,CTDMO
GS01SUMO-RII11-02-CTDMOQ013,num_samples,num_samples,,,,counts,GS01SUMO,RII11,CTDMO
GS01SUMO-RII11-02-CTDMOQ013,mem_free,mem_free,,,,bytes,GS01SUMO,RII11,CTDMO
GS01SUMO-RII11-02-CTDMOQ013,sample_interval,sample_interval,,,,s,GS01SUMO,RII11,CTDMO
GS01SUMO-RII11-02-CTDMOQ013,sio_controller_timestamp,sio_controller_timestamp,,,ENG,seconds since 1970-01-01,GS01SUMO,RII11,CTDMO
GS01SUMO-RII11-02-CTDMOQ013,ctd_time_offset,ctd_time_offset,,,,s,GS01SUMO,RII11,CTDMO
GS01SUMO-RII11-02-CTDMOQ013,pressure_range,pressure_range,,,,psia,GS01SUMO,RII11,CTDMO
GS01SUMO-RII11-02-CTDMOQ013,ctdmo_seawater_pressure,ctdmo_seawater_pressure,0,6000,L1,dbar,GS01SUMO,RII11,CTDMO
GS01SUMO-RII11-02-CTDMOQ013,ctdmo_seawater_temperature,ctdmo_seawater_temperature,-2,40,L1,deg_C,GS01SUMO,RII11,CTDMO
GS01SUMO-RII11-02-CTDMOQ013,ctdmo_seawater_conductivity,ctdmo_seawater_conductivity,0,6,L1,S m-1,GS01SUMO,RII11,CTDMO
GS01SUMO-RII11-02-CTDMOQ013,ctdmo_practical_salinity,ctdmo_practical_salinity,0,42,L2,(unitless),GS01SUMO,RII11,CTDMO
GS01SUMO-RII11-02-CTDMOQ013,ctdmo_seawater_density,ctdmo_seawater_density,1000,1100,L2,kg m-3,GS01SUMO,RII11,CTDMO
GS01SUMO-RII11-02-CTDMOQ013,serial_number,serial_number,,,ENG,1,GS01SUMO,RII11,CTDMO
GS01SUMO-RII11-02-CTDMOQ013,time,time,,,ENG,seconds since 1900-01-01,GS01SUMO,RII11,CTDMO
GS01SUMO-RII11-02-CTDMOQ013,sample_number,sample_number,,,,count,GS01SUMO,RII11,CTDMO
GS01SUMO-RII11-02-CTDMOQ013,ingestion_timestamp,ingestion_timestamp,,,ENG,seconds since 1900-01-01,GS01SUMO,RII11,CTDMO
GS01SUMO-RII11-02-CTDMOQ013,date_time_string,date_time_string,,,,1,GS01SUMO,RII11,CTDMO
GS01SUMO-RII11-02-CTDMOQ014,driver_timestamp,driver_timestamp,,,ENG,seconds since 1900-01-01,GS01SUMO,RII11,CTDMO
GS01SUMO-RII11-02-CTDMOQ014,internal_timestamp,internal_timestamp,,,ENG,seconds since 1900-01-01,GS01SUMO,RII11,CTDMO
GS01SUMO-RII11-02-CTDMOQ014,battery_voltage_main,battery_voltage_main,,,,V,GS01SUMO,RII11,CTDMO
GS01SUMO-RII11-02-CTDMOQ014,battery_voltage_lithium,battery_voltage_lithium,,,,V,GS01SUMO,RII11,CTDMO
GS01SUMO-RII11-02-CTDMOQ014,inductive_id,inductive_id,,,ENG,1,GS01SUMO,RII11,CTDMO
GS01SUMO-RII11-02-CTDMOQ014,preferred_timestamp,preferred_timestamp,,,ENG,1,GS01SUMO,RII11,CTDMO
GS01SUMO-RII11-02-CTDMOQ014,temperature,temperature,,,L0,counts,GS01SUMO,RII11,CTDMO
GS01SUMO-RII11-02-CTDMOQ014,conductivity,conductivity,,,L0,counts,GS01SUMO,RII11,CTDMO
GS01SUMO-RII11-02-CTDMOQ014,pressure,pressure,,,L0,counts,GS01SUMO,RII11,CTDMO
GS01SUMO-RII11-02-CTDMOQ014,pressure_temp,pressure_temp,,,L0,counts,GS01SUMO,RII11,CTDMO
GS01SUMO-RII11-02-CTDMOQ014,ctd_time,ctd_time,,,ENG,seconds since 2000-01-01,GS01SUMO,RII11,CTDMO
GS01SUMO-RII11-02-CTDMOQ014,num_samples,num_samples,,,,counts,GS01SUMO,RII11,CTDMO
GS01SUMO-RII11-02-CTDMOQ014,mem_free,mem_free,,,,bytes,GS01SUMO,RII11,CTDMO
GS01SUMO-RII11-02-CTDMOQ014,sample_interval,sample_interval,,,,s,GS01SUMO,RII11,CTDMO
GS01SUMO-RII11-02-CTDMOQ014,sio_controller_timestamp,sio_controller_timestamp,,,ENG,seconds since 1970-01-01,GS01SUMO,RII11,CTDMO
GS01SUMO-RII11-02-CTDMOQ014,ctd_time_offset,ctd_time_offset,,,,s,GS01SUMO,RII11,CTDMO
GS01SUMO-RII11-02-CTDMOQ014,pressure_range,pressure_range,,,,psia,GS01SUMO,RII11,CTDMO
GS01SUMO-RII11-02-CTDMOQ014,ctdmo_seawater_pressure,ctdmo_seawater_pressure,0,6000,L1,dbar,GS01SUMO,RII11,CTDMO
GS01SUMO-RII11-02-CTDMOQ014,ctdmo_seawater_temperature,ctdmo_seawater_temperature,-2,40,L1,deg_C,GS01SUMO,RII11,CTDMO
GS01SUMO-RII11-02-CTDMOQ014,ctdmo_seawater_conductivity,ctdmo_seawater_conductivity,0,6,L1,S m-1,GS01SUMO,RII11,CTDMO
GS01SUMO-RII11-02-CTDMOQ014,ctdmo_practical_salinity,ctdmo_practical_salinity,0,42,L2,(unitless),GS01SUMO,RII11,CTDMO
GS01SUMO-RII11-02-CTDMOQ014,ctdmo_seawater_density,ctdmo_seawater_density,1000,1100,L2,kg m-3,GS01SUMO,RII11,CTDMO
GS01SUMO-RII11-02-CTDMOQ014,serial_number,serial_number,,,ENG,1,GS01SUMO,RII11,CTDMO
GS01SUMO-RII11-02-CTDMOQ014,time,time,,,ENG,seconds since 1900-01-01,GS01SUMO,RII11,CTDMO
GS01SUMO-RII11-02-CTDMOQ014,sample_number,sample_number,,,,count,GS01SUMO,RII11,CTDMO
GS01SUMO-RII11-02-CTDMOQ014,ingestion_timestamp,ingestion_timestamp,,,ENG,seconds since 1900-01-01,GS01SUMO,RII11,CTDMO
GS01SUMO-RII11-02-CTDMOQ014,date_time_string,date_time_string,,,,1,GS01SUMO,RII11,CTDMO
GS01SUMO-RII11-02-CTDMOQ015,driver_timestamp,driver_timestamp,,,ENG,seconds since 1900-01-01,GS01SUMO,RII11,CTDMO
GS01SUMO-RII11-02-CTDMOQ015,internal_timestamp,internal_timestamp,,,ENG,seconds since 1900-01-01,GS01SUMO,RII11,CTDMO
GS01SUMO-RII11-02-CTDMOQ015,battery_voltage_main,battery_voltage_main,,,,V,GS01SUMO,RII11,CTDMO
GS01SUMO-RII11-02-CTDMOQ015,battery_voltage_lithium,battery_voltage_lithium,,,,V,GS01SUMO,RII11,CTDMO
GS01SUMO-RII11-02-CTDMOQ015,inductive_id,inductive_id,,,ENG,1,GS01SUMO,RII11,CTDMO
GS01SUMO-RII11-02-CTDMOQ015,preferred_timestamp,preferred_timestamp,,,ENG,1,GS01SUMO,RII11,CTDMO
GS01SUMO-RII11-02-CTDMOQ015,temperature,temperature,,,L0,counts,GS01SUMO,RII11,CTDMO
GS01SUMO-RII11-02-CTDMOQ015,conductivity,conductivity,,,L0,counts,GS01SUMO,RII11,CTDMO
GS01SUMO-RII11-02-CTDMOQ015,pressure,pressure,,,L0,counts,GS01SUMO,RII11,CTDMO
GS01SUMO-RII11-02-CTDMOQ015,pressure_temp,pressure_temp,,,L0,counts,GS01SUMO,RII11,CTDMO
GS01SUMO-RII11-02-CTDMOQ015,ctd_time,ctd_time,,,ENG,seconds since 2000-01-01,GS01SUMO,RII11,CTDMO
GS01SUMO-RII11-02-CTDMOQ015,num_samples,num_samples,,,,counts,GS01SUMO,RII11,CTDMO
GS01SUMO-RII11-02-CTDMOQ015,mem_free,mem_free,,,,bytes,GS01SUMO,RII11,CTDMO
GS01SUMO-RII11-02-CTDMOQ015,sample_interval,sample_interval,,,,s,GS01SUMO,RII11,CTDMO
GS01SUMO-RII11-02-CTDMOQ015,sio_controller_timestamp,sio_controller_timestamp,,,ENG,seconds since 1970-01-01,GS01SUMO,RII11,CTDMO
GS01SUMO-RII11-02-CTDMOQ015,ctd_time_offset,ctd_time_offset,,,,s,GS01SUMO,RII11,CTDMO
GS01SUMO-RII11-02-CTDMOQ015,pressure_range,pressure_range,,,,psia,GS01SUMO,RII11,CTDMO
GS01SUMO-RII11-02-CTDMOQ015,ctdmo_seawater_pressure,ctdmo_seawater_pressure,0,6000,L1,dbar,GS01SUMO,RII11,CTDMO
GS01SUMO-RII11-02-CTDMOQ015,ctdmo_seawater_temperature,ctdmo_seawater_temperature,-2,40,L1,deg_C,GS01SUMO,RII11,CTDMO
GS01SUMO-RII11-02-CTDMOQ015,ctdmo_seawater_conductivity,ctdmo_seawater_conductivity,0,6,L1,S m-1,GS01SUMO,RII11,CTDMO
GS01SUMO-RII11-02-CTDMOQ015,ctdmo_practical_salinity,ctdmo_practical_salinity,0,42,L2,(unitless),GS01SUMO,RII11,CTDMO
GS01SUMO-RII11-02-CTDMOQ015,ctdmo_seawater_density,ctdmo_seawater_density,1000,1100,L2,kg m-3,GS01SUMO,RII11,CTDMO
GS01SUMO-RII11-02-CTDMOQ015,serial_number,serial_number,,,ENG,1,GS01SUMO,RII11,CTDMO
GS01SUMO-RII11-02-CTDMOQ015,time,time,,,ENG,seconds since 1900-01-01,GS01SUMO,RII11,CTDMO
GS01SUMO-RII11-02-CTDMOQ015,sample_number,sample_number,,,,count,GS01SUMO,RII11,CTDMO
GS01SUMO-RII11-02-CTDMOQ015,ingestion_timestamp,ingestion_timestamp,,,ENG,seconds since 1900-01-01,GS01SUMO,RII11,CTDMO
GS01SUMO-RII11-02-CTDMOQ015,date_time_string,date_time_string,,,,1,GS01SUMO,RII11,CTDMO
GS01SUMO-RII11-02-CTDMOQ016,driver_timestamp,driver_timestamp,,,ENG,seconds since 1900-01-01,GS01SUMO,RII11,CTDMO
GS01SUMO-RII11-02-CTDMOQ016,internal_timestamp,internal_timestamp,,,ENG,seconds since 1900-01-01,GS01SUMO,RII11,CTDMO
GS01SUMO-RII11-02-CTDMOQ016,battery_voltage_main,battery_voltage_main,,,,V,GS01SUMO,RII11,CTDMO
GS01SUMO-RII11-02-CTDMOQ016,battery_voltage_lithium,battery_voltage_lithium,,,,V,GS01SUMO,RII11,CTDMO
GS01SUMO-RII11-02-CTDMOQ016,inductive_id,inductive_id,,,ENG,1,GS01SUMO,RII11,CTDMO
GS01SUMO-RII11-02-CTDMOQ016,preferred_timestamp,preferred_timestamp,,,ENG,1,GS01SUMO,RII11,CTDMO
GS01SUMO-RII11-02-CTDMOQ016,temperature,temperature,,,L0,counts,GS01SUMO,RII11,CTDMO
GS01SUMO-RII11-02-CTDMOQ016,conductivity,conductivity,,,L0,counts,GS01SUMO,RII11,CTDMO
GS01SUMO-RII11-02-CTDMOQ016,pressure,pressure,,,L0,counts,GS01SUMO,RII11,CTDMO
GS01SUMO-RII11-02-CTDMOQ016,pressure_temp,pressure_temp,,,L0,counts,GS01SUMO,RII11,CTDMO
GS01SUMO-RII11-02-CTDMOQ016,ctd_time,ctd_time,,,ENG,seconds since 2000-01-01,GS01SUMO,RII11,CTDMO
GS01SUMO-RII11-02-CTDMOQ016,num_samples,num_samples,,,,counts,GS01SUMO,RII11,CTDMO
GS01SUMO-RII11-02-CTDMOQ016,mem_free,mem_free,,,,bytes,GS01SUMO,RII11,CTDMO
GS01SUMO-RII11-02-CTDMOQ016,sample_interval,sample_interval,,,,s,GS01SUMO,RII11,CTDMO
GS01SUMO-RII11-02-CTDMOQ016,sio_controller_timestamp,sio_controller_timestamp,,,ENG,seconds since 1970-01-01,GS01SUMO,RII11,CTDMO
GS01SUMO-RII11-02-CTDMOQ016,ctd_time_offset,ctd_time_offset,,,,s,GS01SUMO,RII11,CTDMO
GS01SUMO-RII11-02-CTDMOQ016,pressure_range,pressure_range,,,,psia,GS01SUMO,RII11,CTDMO
GS01SUMO-RII11-02-CTDMOQ016,ctdmo_seawater_pressure,ctdmo_seawater_pressure,0,6000,L1,dbar,GS01SUMO,RII11,CTDMO
GS01SUMO-RII11-02-CTDMOQ016,ctdmo_seawater_temperature,ctdmo_seawater_temperature,-2,40,L1,deg_C,GS01SUMO,RII11,CTDMO
GS01SUMO-RII11-02-CTDMOQ016,ctdmo_seawater_conductivity,ctdmo_seawater_conductivity,0,6,L1,S m-1,GS01SUMO,RII11,CTDMO
GS01SUMO-RII11-02-CTDMOQ016,ctdmo_practical_salinity,ctdmo_practical_salinity,0,42,L2,(unitless),GS01SUMO,RII11,CTDMO
GS01SUMO-RII11-02-CTDMOQ016,ctdmo_seawater_density,ctdmo_seawater_density,1000,1100,L2,kg m-3,GS01SUMO,RII11,CTDMO
GS01SUMO-RII11-02-CTDMOQ016,serial_number,serial_number,,,ENG,1,GS01SUMO,RII11,CTDMO
GS01SUMO-RII11-02-CTDMOQ016,time,time,,,ENG,seconds since 1900-01-01,GS01SUMO,RII11,CTDMO
GS01SUMO-RII11-02-CTDMOQ016,sample_number,sample_number,,,,count,GS01SUMO,RII11,CTDMO
GS01SUMO-RII11-02-CTDMOQ016,ingestion_timestamp,ingestion_timestamp,,,ENG,seconds since 1900-01-01,GS01SUMO,RII11,CTDMO
GS01SUMO-RII11-02-CTDMOQ016,date_time_string,date_time_string,,,,1,GS01SUMO,RII11,CTDMO
GS01SUMO-RII11-02-CTDMOQ017,driver_timestamp,driver_timestamp,,,ENG,seconds since 1900-01-01,GS01SUMO,RII11,CTDMO
GS01SUMO-RII11-02-CTDMOQ017,internal_timestamp,internal_timestamp,,,ENG,seconds since 1900-01-01,GS01SUMO,RII11,CTDMO
GS01SUMO-RII11-02-CTDMOQ017,battery_voltage_main,battery_voltage_main,,,,V,GS01SUMO,RII11,CTDMO
GS01SUMO-RII11-02-CTDMOQ017,battery_voltage_lithium,battery_voltage_lithium,,,,V,GS01SUMO,RII11,CTDMO
GS01SUMO-RII11-02-CTDMOQ017,inductive_id,inductive_id,,,ENG,1,GS01SUMO,RII11,CTDMO
GS01SUMO-RII11-02-CTDMOQ017,preferred_timestamp,preferred_timestamp,,,ENG,1,GS01SUMO,RII11,CTDMO
GS01SUMO-RII11-02-CTDMOQ017,temperature,temperature,,,L0,counts,GS01SUMO,RII11,CTDMO
GS01SUMO-RII11-02-CTDMOQ017,conductivity,conductivity,,,L0,counts,GS01SUMO,RII11,CTDMO
GS01SUMO-RII11-02-CTDMOQ017,pressure,pressure,,,L0,counts,GS01SUMO,RII11,CTDMO
GS01SUMO-RII11-02-CTDMOQ017,pressure_temp,pressure_temp,,,L0,counts,GS01SUMO,RII11,CTDMO
GS01SUMO-RII11-02-CTDMOQ017,ctd_time,ctd_time,,,ENG,seconds since 2000-01-01,GS01SUMO,RII11,CTDMO
GS01SUMO-RII11-02-CTDMOQ017,num_samples,num_samples,,,,counts,GS01SUMO,RII11,CTDMO
GS01SUMO-RII11-02-CTDMOQ017,mem_free,mem_free,,,,bytes,GS01SUMO,RII11,CTDMO
GS01SUMO-RII11-02-CTDMOQ017,sample_interval,sample_interval,,,,s,GS01SUMO,RII11,CTDMO
GS01SUMO-RII11-02-CTDMOQ017,sio_controller_timestamp,sio_controller_timestamp,,,ENG,seconds since 1970-01-01,GS01SUMO,RII11,CTDMO
GS01SUMO-RII11-02-CTDMOQ017,ctd_time_offset,ctd_time_offset,,,,s,GS01SUMO,RII11,CTDMO
GS01SUMO-RII11-02-CTDMOQ017,pressure_range,pressure_range,,,,psia,GS01SUMO,RII11,CTDMO
GS01SUMO-RII11-02-CTDMOQ017,ctdmo_seawater_pressure,ctdmo_seawater_pressure,0,6000,L1,dbar,GS01SUMO,RII11,CTDMO
GS01SUMO-RII11-02-CTDMOQ017,ctdmo_seawater_temperature,ctdmo_seawater_temperature,-2,40,L1,deg_C,GS01SUMO,RII11,CTDMO
GS01SUMO-RII11-02-CTDMOQ017,ctdmo_seawater_conductivity,ctdmo_seawater_conductivity,0,6,L1,S m-1,GS01SUMO,RII11,CTDMO
GS01SUMO-RII11-02-CTDMOQ017,ctdmo_practical_salinity,ctdmo_practical_salinity,0,42,L2,(unitless),GS01SUMO,RII11,CTDMO
GS01SUMO-RII11-02-CTDMOQ017,ctdmo_seawater_density,ctdmo_seawater_density,1000,1100,L2,kg m-3,GS01SUMO,RII11,CTDMO
GS01SUMO-RII11-02-CTDMOQ017,serial_number,serial_number,,,ENG,1,GS01SUMO,RII11,CTDMO
GS01SUMO-RII11-02-CTDMOQ017,time,time,,,ENG,seconds since 1900-01-01,GS01SUMO,RII11,CTDMO
GS01SUMO-RII11-02-CTDMOQ017,sample_number,sample_number,,,,count,GS01SUMO,RII11,CTDMO
GS01SUMO-RII11-02-CTDMOQ017,ingestion_timestamp,ingestion_timestamp,,,ENG,seconds since 1900-01-01,GS01SUMO,RII11,CTDMO
GS01SUMO-RII11-02-CTDMOQ017,date_time_string,date_time_string,,,,1,GS01SUMO,RII11,CTDMO
GS01SUMO-RII11-02-CTDMOR018,driver_timestamp,driver_timestamp,,,ENG,seconds since 1900-01-01,GS01SUMO,RII11,CTDMO
GS01SUMO-RII11-02-CTDMOR018,internal_timestamp,internal_timestamp,,,ENG,seconds since 1900-01-01,GS01SUMO,RII11,CTDMO
GS01SUMO-RII11-02-CTDMOR018,battery_voltage_main,battery_voltage_main,,,,V,GS01SUMO,RII11,CTDMO
GS01SUMO-RII11-02-CTDMOR018,battery_voltage_lithium,battery_voltage_lithium,,,,V,GS01SUMO,RII11,CTDMO
GS01SUMO-RII11-02-CTDMOR018,inductive_id,inductive_id,,,ENG,1,GS01SUMO,RII11,CTDMO
GS01SUMO-RII11-02-CTDMOR018,preferred_timestamp,preferred_timestamp,,,ENG,1,GS01SUMO,RII11,CTDMO
GS01SUMO-RII11-02-CTDMOR018,temperature,temperature,,,L0,counts,GS01SUMO,RII11,CTDMO
GS01SUMO-RII11-02-CTDMOR018,conductivity,conductivity,,,L0,counts,GS01SUMO,RII11,CTDMO
GS01SUMO-RII11-02-CTDMOR018,pressure,pressure,,,L0,counts,GS01SUMO,RII11,CTDMO
GS01SUMO-RII11-02-CTDMOR018,pressure_temp,pressure_temp,,,L0,counts,GS01SUMO,RII11,CTDMO
GS01SUMO-RII11-02-CTDMOR018,ctd_time,ctd_time,,,ENG,seconds since 2000-01-01,GS01SUMO,RII11,CTDMO
GS01SUMO-RII11-02-CTDMOR018,num_samples,num_samples,,,,counts,GS01SUMO,RII11,CTDMO
GS01SUMO-RII11-02-CTDMOR018,mem_free,mem_free,,,,bytes,GS01SUMO,RII11,CTDMO
GS01SUMO-RII11-02-CTDMOR018,sample_interval,sample_interval,,,,s,GS01SUMO,RII11,CTDMO
GS01SUMO-RII11-02-CTDMOR018,sio_controller_timestamp,sio_controller_timestamp,,,ENG,seconds since 1970-01-01,GS01SUMO,RII11,CTDMO
GS01SUMO-RII11-02-CTDMOR018,ctd_time_offset,ctd_time_offset,,,,s,GS01SUMO,RII11,CTDMO
GS01SUMO-RII11-02-CTDMOR018,pressure_range,pressure_range,,,,psia,GS01SUMO,RII11,CTDMO
GS01SUMO-RII11-02-CTDMOR018,ctdmo_seawater_pressure,ctdmo_seawater_pressure,0,6000,L1,dbar,GS01SUMO,RII11,CTDMO
GS01SUMO-RII11-02-CTDMOR018,ctdmo_seawater_temperature,ctdmo_seawater_temperature,-2,40,L1,deg_C,GS01SUMO,RII11,CTDMO
GS01SUMO-RII11-02-CTDMOR018,ctdmo_seawater_conductivity,ctdmo_seawater_conductivity,0,6,L1,S m-1,GS01SUMO,RII11,CTDMO
GS01SUMO-RII11-02-CTDMOR018,ctdmo_practical_salinity,ctdmo_practical_salinity,0,42,L2,(unitless),GS01SUMO,RII11,CTDMO
GS01SUMO-RII11-02-CTDMOR018,ctdmo_seawater_density,ctdmo_seawater_density,1000,1100,L2,kg m-3,GS01SUMO,RII11,CTDMO
GS01SUMO-RII11-02-CTDMOR018,serial_number,serial_number,,,ENG,1,GS01SUMO,RII11,CTDMO
GS01SUMO-RII11-02-CTDMOR018,time,time,,,ENG,seconds since 1900-01-01,GS01SUMO,RII11,CTDMO
GS01SUMO-RII11-02-CTDMOR018,sample_number,sample_number,,,,count,GS01SUMO,RII11,CTDMO
GS01SUMO-RII11-02-CTDMOR018,ingestion_timestamp,ingestion_timestamp,,,ENG,seconds since 1900-01-01,GS01SUMO,RII11,CTDMO
GS01SUMO-RII11-02-CTDMOR018,date_time_string,date_time_string,,,,1,GS01SUMO,RII11,CTDMO
GS01SUMO-RII11-02-CTDMOR019,driver_timestamp,driver_timestamp,,,ENG,seconds since 1900-01-01,GS01SUMO,RII11,CTDMO
GS01SUMO-RII11-02-CTDMOR019,internal_timestamp,internal_timestamp,,,ENG,seconds since 1900-01-01,GS01SUMO,RII11,CTDMO
GS01SUMO-RII11-02-CTDMOR019,battery_voltage_main,battery_voltage_main,,,,V,GS01SUMO,RII11,CTDMO
GS01SUMO-RII11-02-CTDMOR019,battery_voltage_lithium,battery_voltage_lithium,,,,V,GS01SUMO,RII11,CTDMO
GS01SUMO-RII11-02-CTDMOR019,inductive_id,inductive_id,,,ENG,1,GS01SUMO,RII11,CTDMO
GS01SUMO-RII11-02-CTDMOR019,preferred_timestamp,preferred_timestamp,,,ENG,1,GS01SUMO,RII11,CTDMO
GS01SUMO-RII11-02-CTDMOR019,temperature,temperature,,,L0,counts,GS01SUMO,RII11,CTDMO
GS01SUMO-RII11-02-CTDMOR019,conductivity,conductivity,,,L0,counts,GS01SUMO,RII11,CTDMO
GS01SUMO-RII11-02-CTDMOR019,pressure,pressure,,,L0,counts,GS01SUMO,RII11,CTDMO
GS01SUMO-RII11-02-CTDMOR019,pressure_temp,pressure_temp,,,L0,counts,GS01SUMO,RII11,CTDMO
GS01SUMO-RII11-02-CTDMOR019,ctd_time,ctd_time,,,ENG,seconds since 2000-01-01,GS01SUMO,RII11,CTDMO
GS01SUMO-RII11-02-CTDMOR019,num_samples,num_samples,,,,counts,GS01SUMO,RII11,CTDMO
GS01SUMO-RII11-02-CTDMOR019,mem_free,mem_free,,,,bytes,GS01SUMO,RII11,CTDMO
GS01SUMO-RII11-02-CTDMOR019,sample_interval,sample_interval,,,,s,GS01SUMO,RII11,CTDMO
GS01SUMO-RII11-02-CTDMOR019,sio_controller_timestamp,sio_controller_timestamp,,,ENG,seconds since 1970-01-01,GS01SUMO,RII11,CTDMO
GS01SUMO-RII11-02-CTDMOR019,ctd_time_offset,ctd_time_offset,,,,s,GS01SUMO,RII11,CTDMO
GS01SUMO-RII11-02-CTDMOR019,pressure_range,pressure_range,,,,psia,GS01SUMO,RII11,CTDMO
GS01SUMO-RII11-02-CTDMOR019,ctdmo_seawater_pressure,ctdmo_seawater_pressure,0,6000,L1,dbar,GS01SUMO,RII11,CTDMO
GS01SUMO-RII11-02-CTDMOR019,ctdmo_seawater_temperature,ctdmo_seawater_temperature,-2,40,L1,deg_C,GS01SUMO,RII11,CTDMO
GS01SUMO-RII11-02-CTDMOR019,ctdmo_seawater_conductivity,ctdmo_seawater_conductivity,0,6,L1,S m-1,GS01SUMO,RII11,CTDMO
GS01SUMO-RII11-02-CTDMOR019,ctdmo_practical_salinity,ctdmo_practical_salinity,0,42,L2,(unitless),GS01SUMO,RII11,CTDMO
GS01SUMO-RII11-02-CTDMOR019,ctdmo_seawater_density,ctdmo_seawater_density,1000,1100,L2,kg m-3,GS01SUMO,RII11,CTDMO
GS01SUMO-RII11-02-CTDMOR019,serial_number,serial_number,,,ENG,1,GS01SUMO,RII11,CTDMO
GS01SUMO-RII11-02-CTDMOR019,time,time,,,ENG,seconds since 1900-01-01,GS01SUMO,RII11,CTDMO
GS01SUMO-RII11-02-CTDMOR019,sample_number,sample_number,,,,count,GS01SUMO,RII11,CTDMO
GS01SUMO-RII11-02-CTDMOR019,ingestion_timestamp,ingestion_timestamp,,,ENG,seconds since 1900-01-01,GS01SUMO,RII11,CTDMO
GS01SUMO-RII11-02-CTDMOR019,date_time_string,date_time_string,,,,1,GS01SUMO,RII11,CTDMO
GS01SUMO-RII11-02-CTDMOR020,driver_timestamp,driver_timestamp,,,ENG,seconds since 1900-01-01,GS01SUMO,RII11,CTDMO
GS01SUMO-RII11-02-CTDMOR020,internal_timestamp,internal_timestamp,,,ENG,seconds since 1900-01-01,GS01SUMO,RII11,CTDMO
GS01SUMO-RII11-02-CTDMOR020,battery_voltage_main,battery_voltage_main,,,,V,GS01SUMO,RII11,CTDMO
GS01SUMO-RII11-02-CTDMOR020,battery_voltage_lithium,battery_voltage_lithium,,,,V,GS01SUMO,RII11,CTDMO
GS01SUMO-RII11-02-CTDMOR020,inductive_id,inductive_id,,,ENG,1,GS01SUMO,RII11,CTDMO
GS01SUMO-RII11-02-CTDMOR020,preferred_timestamp,preferred_timestamp,,,ENG,1,GS01SUMO,RII11,CTDMO
GS01SUMO-RII11-02-CTDMOR020,temperature,temperature,,,L0,counts,GS01SUMO,RII11,CTDMO
GS01SUMO-RII11-02-CTDMOR020,conductivity,conductivity,,,L0,counts,GS01SUMO,RII11,CTDMO
GS01SUMO-RII11-02-CTDMOR020,pressure,pressure,,,L0,counts,GS01SUMO,RII11,CTDMO
GS01SUMO-RII11-02-CTDMOR020,pressure_temp,pressure_temp,,,L0,counts,GS01SUMO,RII11,CTDMO
GS01SUMO-RII11-02-CTDMOR020,ctd_time,ctd_time,,,ENG,seconds since 2000-01-01,GS01SUMO,RII11,CTDMO
GS01SUMO-RII11-02-CTDMOR020,num_samples,num_samples,,,,counts,GS01SUMO,RII11,CTDMO
GS01SUMO-RII11-02-CTDMOR020,mem_free,mem_free,,,,bytes,GS01SUMO,RII11,CTDMO
GS01SUMO-RII11-02-CTDMOR020,sample_interval,sample_interval,,,,s,GS01SUMO,RII11,CTDMO
GS01SUMO-RII11-02-CTDMOR020,sio_controller_timestamp,sio_controller_timestamp,,,ENG,seconds since 1970-01-01,GS01SUMO,RII11,CTDMO
GS01SUMO-RII11-02-CTDMOR020,ctd_time_offset,ctd_time_offset,,,,s,GS01SUMO,RII11,CTDMO
GS01SUMO-RII11-02-CTDMOR020,pressure_range,pressure_range,,,,psia,GS01SUMO,RII11,CTDMO
GS01SUMO-RII11-02-CTDMOR020,ctdmo_seawater_pressure,ctdmo_seawater_pressure,0,6000,L1,dbar,GS01SUMO,RII11,CTDMO
GS01SUMO-RII11-02-CTDMOR020,ctdmo_seawater_temperature,ctdmo_seawater_temperature,-2,40,L1,deg_C,GS01SUMO,RII11,CTDMO
GS01SUMO-RII11-02-CTDMOR020,ctdmo_seawater_conductivity,ctdmo_seawater_conductivity,0,6,L1,S m-1,GS01SUMO,RII11,CTDMO
GS01SUMO-RII11-02-CTDMOR020,ctdmo_practical_salinity,ctdmo_practical_salinity,0,42,L2,(unitless),GS01SUMO,RII11,CTDMO
GS01SUMO-RII11-02-CTDMOR020,ctdmo_seawater_density,ctdmo_seawater_density,1000,1100,L2,kg m-3,GS01SUMO,RII11,CTDMO
GS01SUMO-RII11-02-CTDMOR020,serial_number,serial_number,,,ENG,1,GS01SUMO,RII11,CTDMO
GS01SUMO-RII11-02-CTDMOR020,time,time,,,ENG,seconds since 1900-01-01,GS01SUMO,RII11,CTDMO
GS01SUMO-RII11-02-CTDMOR020,sample_number,sample_number,,,,count,GS01SUMO,RII11,CTDMO
GS01SUMO-RII11-02-CTDMOR020,ingestion_timestamp,ingestion_timestamp,,,ENG,seconds since 1900-01-01,GS01SUMO,RII11,CTDMO
GS01SUMO-RII11-02-CTDMOR020,date_time_string,date_time_string,,,,1,GS01SUMO,RII11,CTDMO
GS01SUMO-RII11-02-DOSTAD031,product_number,product_number,,,,1,GS01SUMO,RII11,DOSTA
GS01SUMO-RII11-02-DOSTAD031,driver_timestamp,driver_timestamp,,,ENG,seconds since 1900-01-01,GS01SUMO,RII11,DOSTA
GS01SUMO-RII11-02-DOSTAD031,internal_timestamp,internal_timestamp,,,ENG,seconds since 1900-01-01,GS01SUMO,RII11,DOSTA
GS01SUMO-RII11-02-DOSTAD031,preferred_timestamp,preferred_timestamp,,,ENG,1,GS01SUMO,RII11,DOSTA
GS01SUMO-RII11-02-DOSTAD031,dcl_controller_timestamp,dcl_controller_timestamp,,,ENG,1,GS01SUMO,RII11,DOSTA
GS01SUMO-RII11-02-DOSTAD031,dosta_abcdjm_cspp_tc_oxygen,dosta_abcdjm_cspp_tc_oxygen,0,400,L1,umol L-1,GS01SUMO,RII11,DOSTA
GS01SUMO-RII11-02-DOSTAD031,serial_number,serial_number,,,ENG,1,GS01SUMO,RII11,DOSTA
GS01SUMO-RII11-02-DOSTAD031,dosta_abcdjm_dcl_abs_oxygen,dosta_abcdjm_dcl_abs_oxygen,0,400,L2,umol kg-1,GS01SUMO,RII11,DOSTA
GS01SUMO-RII11-02-DOSTAD031,dosta_abcdjm_dcl_metbk_abs_oxygen,dosta_abcdjm_dcl_metbk_abs_oxygen,0,400,L2,umol kg-1,GS01SUMO,RII11,DOSTA
GS01SUMO-RII11-02-DOSTAD031,dosta_abcdjm_dcl_ctdbp_abs_oxygen,dosta_abcdjm_dcl_ctdbp_abs_oxygen,0,400,L2,umol kg-1,GS01SUMO,RII11,DOSTA
GS01SUMO-RII11-02-DOSTAD031,time,time,,,ENG,seconds since 1900-01-01,GS01SUMO,RII11,DOSTA
GS01SUMO-RII11-02-DOSTAD031,ingestion_timestamp,ingestion_timestamp,,,ENG,seconds since 1900-01-01,GS01SUMO,RII11,DOSTA
GS01SUMO-RII11-02-DOSTAD031,estimated_oxygen_concentration,estimated_oxygen_concentration,0,400,L1,umol L-1,GS01SUMO,RII11,DOSTA
GS01SUMO-RII11-02-DOSTAD031,estimated_oxygen_saturation,estimated_oxygen_saturation,0,110,L1,percent,GS01SUMO,RII11,DOSTA
GS01SUMO-RII11-02-DOSTAD031,optode_temperature,optode_temperature,-2,40,,deg_C,GS01SUMO,RII11,DOSTA
GS01SUMO-RII11-02-DOSTAD031,calibrated_phase,calibrated_phase,,,L0,degrees,GS01SUMO,RII11,DOSTA
GS01SUMO-RII11-02-DOSTAD031,temp_compensated_phase,temp_compensated_phase,,,,degrees,GS01SUMO,RII11,DOSTA
GS01SUMO-RII11-02-DOSTAD031,blue_phase,blue_phase,,,,degrees,GS01SUMO,RII11,DOSTA
GS01SUMO-RII11-02-DOSTAD031,red_phase,red_phase,,,,degrees,GS01SUMO,RII11,DOSTA
GS01SUMO-RII11-02-DOSTAD031,blue_amplitude,blue_amplitude,,,,mV,GS01SUMO,RII11,DOSTA
GS01SUMO-RII11-02-DOSTAD031,red_amplitude,red_amplitude,,,,mV,GS01SUMO,RII11,DOSTA
GS01SUMO-RII11-02-DOSTAD031,raw_temperature,raw_temperature,,,,mV,GS01SUMO,RII11,DOSTA
GS01SUMO-RII11-02-DOSTAD032,product_number,product_number,,,,1,GS01SUMO,RII11,DOSTA
GS01SUMO-RII11-02-DOSTAD032,driver_timestamp,driver_timestamp,,,ENG,seconds since 1900-01-01,GS01SUMO,RII11,DOSTA
GS01SUMO-RII11-02-DOSTAD032,internal_timestamp,internal_timestamp,,,ENG,seconds since 1900-01-01,GS01SUMO,RII11,DOSTA
GS01SUMO-RII11-02-DOSTAD032,preferred_timestamp,preferred_timestamp,,,ENG,1,GS01SUMO,RII11,DOSTA
GS01SUMO-RII11-02-DOSTAD032,dcl_controller_timestamp,dcl_controller_timestamp,,,ENG,1,GS01SUMO,RII11,DOSTA
GS01SUMO-RII11-02-DOSTAD032,dosta_abcdjm_cspp_tc_oxygen,dosta_abcdjm_cspp_tc_oxygen,0,400,L1,umol L-1,GS01SUMO,RII11,DOSTA
GS01SUMO-RII11-02-DOSTAD032,serial_number,serial_number,,,ENG,1,GS01SUMO,RII11,DOSTA
GS01SUMO-RII11-02-DOSTAD032,dosta_abcdjm_dcl_abs_oxygen,dosta_abcdjm_dcl_abs_oxygen,0,400,L2,umol kg-1,GS01SUMO,RII11,DOSTA
GS01SUMO-RII11-02-DOSTAD032,dosta_abcdjm_dcl_metbk_abs_oxygen,dosta_abcdjm_dcl_metbk_abs_oxygen,0,400,L2,umol kg-1,GS01SUMO,RII11,DOSTA
GS01SUMO-RII11-02-DOSTAD032,dosta_abcdjm_dcl_ctdbp_abs_oxygen,dosta_abcdjm_dcl_ctdbp_abs_oxygen,0,400,L2,umol kg-1,GS01SUMO,RII11,DOSTA
GS01SUMO-RII11-02-DOSTAD032,time,time,,,ENG,seconds since 1900-01-01,GS01SUMO,RII11,DOSTA
GS01SUMO-RII11-02-DOSTAD032,ingestion_timestamp,ingestion_timestamp,,,ENG,seconds since 1900-01-01,GS01SUMO,RII11,DOSTA
GS01SUMO-RII11-02-DOSTAD032,estimated_oxygen_concentration,estimated_oxygen_concentration,0,400,L1,umol L-1,GS01SUMO,RII11,DOSTA
GS01SUMO-RII11-02-DOSTAD032,estimated_oxygen_saturation,estimated_oxygen_saturation,0,110,L1,percent,GS01SUMO,RII11,DOSTA
GS01SUMO-RII11-02-DOSTAD032,optode_temperature,optode_temperature,-2,40,,deg_C,GS01SUMO,RII11,DOSTA
GS01SUMO-RII11-02-DOSTAD032,calibrated_phase,calibrated_phase,,,L0,degrees,GS01SUMO,RII11,DOSTA
GS01SUMO-RII11-02-DOSTAD032,temp_compensated_phase,temp_compensated_phase,,,,degrees,GS01SUMO,RII11,DOSTA
GS01SUMO-RII11-02-DOSTAD032,blue_phase,blue_phase,,,,degrees,GS01SUMO,RII11,DOSTA
GS01SUMO-RII11-02-DOSTAD032,red_phase,red_phase,,,,degrees,GS01SUMO,RII11,DOSTA
GS01SUMO-RII11-02-DOSTAD032,blue_amplitude,blue_amplitude,,,,mV,GS01SUMO,RII11,DOSTA
GS01SUMO-RII11-02-DOSTAD032,red_amplitude,red_amplitude,,,,mV,GS01SUMO,RII11,DOSTA
GS01SUMO-RII11-02-DOSTAD032,raw_temperature,raw_temperature,,,,mV,GS01SUMO,RII11,DOSTA
GS01SUMO-RII11-02-DOSTAD033,product_number,product_number,,,,1,GS01SUMO,RII11,DOSTA
GS01SUMO-RII11-02-DOSTAD033,driver_timestamp,driver_timestamp,,,ENG,seconds since 1900-01-01,GS01SUMO,RII11,DOSTA
GS01SUMO-RII11-02-DOSTAD033,internal_timestamp,internal_timestamp,,,ENG,seconds since 1900-01-01,GS01SUMO,RII11,DOSTA
GS01SUMO-RII11-02-DOSTAD033,preferred_timestamp,preferred_timestamp,,,ENG,1,GS01SUMO,RII11,DOSTA
GS01SUMO-RII11-02-DOSTAD033,dcl_controller_timestamp,dcl_controller_timestamp,,,ENG,1,GS01SUMO,RII11,DOSTA
GS01SUMO-RII11-02-DOSTAD033,dosta_abcdjm_cspp_tc_oxygen,dosta_abcdjm_cspp_tc_oxygen,0,400,L1,umol L-1,GS01SUMO,RII11,DOSTA
GS01SUMO-RII11-02-DOSTAD033,serial_number,serial_number,,,ENG,1,GS01SUMO,RII11,DOSTA
GS01SUMO-RII11-02-DOSTAD033,dosta_abcdjm_dcl_abs_oxygen,dosta_abcdjm_dcl_abs_oxygen,0,400,L2,umol kg-1,GS01SUMO,RII11,DOSTA
GS01SUMO-RII11-02-DOSTAD033,dosta_abcdjm_dcl_metbk_abs_oxygen,dosta_abcdjm_dcl_metbk_abs_oxygen,0,400,L2,umol kg-1,GS01SUMO,RII11,DOSTA
GS01SUMO-RII11-02-DOSTAD033,dosta_abcdjm_dcl_ctdbp_abs_oxygen,dosta_abcdjm_dcl_ctdbp_abs_oxygen,0,400,L2,umol kg-1,GS01SUMO,RII11,DOSTA
GS01SUMO-RII11-02-DOSTAD033,time,time,,,ENG,seconds since 1900-01-01,GS01SUMO,RII11,DOSTA
GS01SUMO-RII11-02-DOSTAD033,ingestion_timestamp,ingestion_timestamp,,,ENG,seconds since 1900-01-01,GS01SUMO,RII11,DOSTA
GS01SUMO-RII11-02-DOSTAD033,estimated_oxygen_concentration,estimated_oxygen_concentration,0,400,L1,umol L-1,GS01SUMO,RII11,DOSTA
GS01SUMO-RII11-02-DOSTAD033,estimated_oxygen_saturation,estimated_oxygen_saturation,0,110,L1,percent,GS01SUMO,RII11,DOSTA
GS01SUMO-RII11-02-DOSTAD033,optode_temperature,optode_temperature,-2,40,,deg_C,GS01SUMO,RII11,DOSTA
GS01SUMO-RII11-02-DOSTAD033,calibrated_phase,calibrated_phase,,,L0,degrees,GS01SUMO,RII11,DOSTA
GS01SUMO-RII11-02-DOSTAD033,temp_compensated_phase,temp_compensated_phase,,,,degrees,GS01SUMO,RII11,DOSTA
GS01SUMO-RII11-02-DOSTAD033,blue_phase,blue_phase,,,,degrees,GS01SUMO,RII11,DOSTA
GS01SUMO-RII11-02-DOSTAD033,red_phase,red_phase,,,,degrees,GS01SUMO,RII11,DOSTA
GS01SUMO-RII11-02-DOSTAD033,blue_amplitude,blue_amplitude,,,,mV,GS01SUMO,RII11,DOSTA
GS01SUMO-RII11-02-DOSTAD033,red_amplitude,red_amplitude,,,,mV,GS01SUMO,RII11,DOSTA
GS01SUMO-RII11-02-DOSTAD033,raw_temperature,raw_temperature,,,,mV,GS01SUMO,RII11,DOSTA
GS01SUMO-RII11-02-FLORDG031,Still in development,Still in development,,,AUX,m-1,GS01SUMO,RII11,FLORD
GS01SUMO-RII11-02-FLORDG031,Still in development,Still in development,,,L1,m-1 sr-1,GS01SUMO,RII11,FLORD
GS01SUMO-RII11-02-FLORDG031,Still in development,Still in development,,,L1,ug L-1,GS01SUMO,RII11,FLORD
GS01SUMO-RII11-02-FLORDG031,Still in development,Still in development,,,L2,m-1,GS01SUMO,RII11,FLORD
GS01SUMO-RII11-02-FLORDG032,Still in development,Still in development,,,AUX,m-1,GS01SUMO,RII11,FLORD
GS01SUMO-RII11-02-FLORDG032,Still in development,Still in development,,,L1,m-1 sr-1,GS01SUMO,RII11,FLORD
GS01SUMO-RII11-02-FLORDG032,Still in development,Still in development,,,L1,ug L-1,GS01SUMO,RII11,FLORD
GS01SUMO-RII11-02-FLORDG032,Still in development,Still in development,,,L2,m-1,GS01SUMO,RII11,FLORD
GS01SUMO-RII11-02-FLORDG033,Still in development,Still in development,,,AUX,m-1,GS01SUMO,RII11,FLORD
GS01SUMO-RII11-02-FLORDG033,Still in development,Still in development,,,L1,m-1 sr-1,GS01SUMO,RII11,FLORD
GS01SUMO-RII11-02-FLORDG033,Still in development,Still in development,,,L1,ug L-1,GS01SUMO,RII11,FLORD
GS01SUMO-RII11-02-FLORDG033,Still in development,Still in development,,,L2,m-1,GS01SUMO,RII11,FLORD
GS01SUMO-RII11-02-PCO2WC051,instrument_id,instrument_id,,,ENG,1,GS01SUMO,RII11,PCO2W
GS01SUMO-RII11-02-PCO2WC051,driver_timestamp,driver_timestamp,,,ENG,seconds since 1900-01-01,GS01SUMO,RII11,PCO2W
GS01SUMO-RII11-02-PCO2WC051,external_device2_fault,external_device2_fault,,,,1,GS01SUMO,RII11,PCO2W
GS01SUMO-RII11-02-PCO2WC051,external_device3_fault,external_device3_fault,,,,1,GS01SUMO,RII11,PCO2W
GS01SUMO-RII11-02-PCO2WC051,num_data_records,num_data_records,,,,1,GS01SUMO,RII11,PCO2W
GS01SUMO-RII11-02-PCO2WC051,num_error_records,num_error_records,,,,1,GS01SUMO,RII11,PCO2W
GS01SUMO-RII11-02-PCO2WC051,num_bytes_stored,num_bytes_stored,,,,bytes,GS01SUMO,RII11,PCO2W
GS01SUMO-RII11-02-PCO2WC051,internal_timestamp,internal_timestamp,,,ENG,seconds since 1900-01-01,GS01SUMO,RII11,PCO2W
GS01SUMO-RII11-02-PCO2WC051,preferred_timestamp,preferred_timestamp,,,ENG,1,GS01SUMO,RII11,PCO2W
GS01SUMO-RII11-02-PCO2WC051,num_samples,num_samples,,,,counts,GS01SUMO,RII11,PCO2W
GS01SUMO-RII11-02-PCO2WC051,passed_checksum,passed_checksum,,,ENG,1,GS01SUMO,RII11,PCO2W
GS01SUMO-RII11-02-PCO2WC051,num_events,num_events,,,,counts,GS01SUMO,RII11,PCO2W
GS01SUMO-RII11-02-PCO2WC051,voltage_flt32,voltage_flt32,,,,V,GS01SUMO,RII11,PCO2W
GS01SUMO-RII11-02-PCO2WC051,blank_light_measurements,blank_light_measurements,,,,counts,GS01SUMO,RII11,PCO2W
GS01SUMO-RII11-02-PCO2WC051,battery_low_blank,battery_low_blank,,,,1,GS01SUMO,RII11,PCO2W
GS01SUMO-RII11-02-PCO2WC051,file_time,file_time,,,,1,GS01SUMO,RII11,PCO2W
GS01SUMO-RII11-02-PCO2WC051,serial_number,serial_number,,,ENG,1,GS01SUMO,RII11,PCO2W
GS01SUMO-RII11-02-PCO2WC051,unique_id,unique_id,,,,1,GS01SUMO,RII11,PCO2W
GS01SUMO-RII11-02-PCO2WC051,record_type,record_type,,,,1,GS01SUMO,RII11,PCO2W
GS01SUMO-RII11-02-PCO2WC051,record_time,record_time,,,,seconds since 1904-01-01,GS01SUMO,RII11,PCO2W
GS01SUMO-RII11-02-PCO2WC051,light_measurements,light_measurements,,,,counts,GS01SUMO,RII11,PCO2W
GS01SUMO-RII11-02-PCO2WC051,voltage_battery,voltage_battery,,,,counts,GS01SUMO,RII11,PCO2W
GS01SUMO-RII11-02-PCO2WC051,thermistor_raw,thermistor_raw,,,L0,V,GS01SUMO,RII11,PCO2W
GS01SUMO-RII11-02-PCO2WC051,clock_active,clock_active,,,,1,GS01SUMO,RII11,PCO2W
GS01SUMO-RII11-02-PCO2WC051,recording_active,recording_active,,,,1,GS01SUMO,RII11,PCO2W
GS01SUMO-RII11-02-PCO2WC051,record_end_on_time,record_end_on_time,,,,1,GS01SUMO,RII11,PCO2W
GS01SUMO-RII11-02-PCO2WC051,record_memory_full,record_memory_full,,,,1,GS01SUMO,RII11,PCO2W
GS01SUMO-RII11-02-PCO2WC051,record_end_on_error,record_end_on_error,,,,1,GS01SUMO,RII11,PCO2W
GS01SUMO-RII11-02-PCO2WC051,data_download_ok,data_download_ok,,,,1,GS01SUMO,RII11,PCO2W
GS01SUMO-RII11-02-PCO2WC051,flash_memory_open,flash_memory_open,,,,1,GS01SUMO,RII11,PCO2W
GS01SUMO-RII11-02-PCO2WC051,battery_low_prestart,battery_low_prestart,,,,1,GS01SUMO,RII11,PCO2W
GS01SUMO-RII11-02-PCO2WC051,battery_low_measurement,battery_low_measurement,,,,1,GS01SUMO,RII11,PCO2W
GS01SUMO-RII11-02-PCO2WC051,battery_low_external,battery_low_external,,,,1,GS01SUMO,RII11,PCO2W
GS01SUMO-RII11-02-PCO2WC051,external_device1_fault,external_device1_fault,,,,1,GS01SUMO,RII11,PCO2W
GS01SUMO-RII11-02-PCO2WC051,flash_erased,flash_erased,,,,1,GS01SUMO,RII11,PCO2W
GS01SUMO-RII11-02-PCO2WC051,power_on_invalid,power_on_invalid,,,,1,GS01SUMO,RII11,PCO2W
GS01SUMO-RII11-02-PCO2WC051,record_length,record_length,,,,1,GS01SUMO,RII11,PCO2W
GS01SUMO-RII11-02-PCO2WC051,time,time,,,ENG,seconds since 1900-01-01,GS01SUMO,RII11,PCO2W
GS01SUMO-RII11-02-PCO2WC051,ingestion_timestamp,ingestion_timestamp,,,ENG,seconds since 1900-01-01,GS01SUMO,RII11,PCO2W
GS01SUMO-RII11-02-PCO2WC051,absorbance_ratio_434,absorbance_ratio_434,0,100000,L0,counts,GS01SUMO,RII11,PCO2W
GS01SUMO-RII11-02-PCO2WC051,absorbance_ratio_620,absorbance_ratio_620,0,100000,L0,counts,GS01SUMO,RII11,PCO2W
GS01SUMO-RII11-02-PCO2WC051,absorbance_blank_434,absorbance_blank_434,,,L0,1,GS01SUMO,RII11,PCO2W
GS01SUMO-RII11-02-PCO2WC051,absorbance_blank_620,absorbance_blank_620,,,L0,1,GS01SUMO,RII11,PCO2W
GS01SUMO-RII11-02-PCO2WC051,pco2w_thermistor_temperature,pco2w_thermistor_temperature,-2,40,,deg_C,GS01SUMO,RII11,PCO2W
GS01SUMO-RII11-02-PCO2WC051,pco2_seawater,pco2_seawater,100,600,L1,uatm,GS01SUMO,RII11,PCO2W
GS01SUMO-RII11-02-PCO2WC052,instrument_id,instrument_id,,,ENG,1,GS01SUMO,RII11,PCO2W
GS01SUMO-RII11-02-PCO2WC052,driver_timestamp,driver_timestamp,,,ENG,seconds since 1900-01-01,GS01SUMO,RII11,PCO2W
GS01SUMO-RII11-02-PCO2WC052,external_device2_fault,external_device2_fault,,,,1,GS01SUMO,RII11,PCO2W
GS01SUMO-RII11-02-PCO2WC052,external_device3_fault,external_device3_fault,,,,1,GS01SUMO,RII11,PCO2W
GS01SUMO-RII11-02-PCO2WC052,num_data_records,num_data_records,,,,1,GS01SUMO,RII11,PCO2W
GS01SUMO-RII11-02-PCO2WC052,num_error_records,num_error_records,,,,1,GS01SUMO,RII11,PCO2W
GS01SUMO-RII11-02-PCO2WC052,num_bytes_stored,num_bytes_stored,,,,bytes,GS01SUMO,RII11,PCO2W
GS01SUMO-RII11-02-PCO2WC052,internal_timestamp,internal_timestamp,,,ENG,seconds since 1900-01-01,GS01SUMO,RII11,PCO2W
GS01SUMO-RII11-02-PCO2WC052,preferred_timestamp,preferred_timestamp,,,ENG,1,GS01SUMO,RII11,PCO2W
GS01SUMO-RII11-02-PCO2WC052,num_samples,num_samples,,,,counts,GS01SUMO,RII11,PCO2W
GS01SUMO-RII11-02-PCO2WC052,passed_checksum,passed_checksum,,,ENG,1,GS01SUMO,RII11,PCO2W
GS01SUMO-RII11-02-PCO2WC052,num_events,num_events,,,,counts,GS01SUMO,RII11,PCO2W
GS01SUMO-RII11-02-PCO2WC052,voltage_flt32,voltage_flt32,,,,V,GS01SUMO,RII11,PCO2W
GS01SUMO-RII11-02-PCO2WC052,blank_light_measurements,blank_light_measurements,,,,counts,GS01SUMO,RII11,PCO2W
GS01SUMO-RII11-02-PCO2WC052,battery_low_blank,battery_low_blank,,,,1,GS01SUMO,RII11,PCO2W
GS01SUMO-RII11-02-PCO2WC052,file_time,file_time,,,,1,GS01SUMO,RII11,PCO2W
GS01SUMO-RII11-02-PCO2WC052,serial_number,serial_number,,,ENG,1,GS01SUMO,RII11,PCO2W
GS01SUMO-RII11-02-PCO2WC052,unique_id,unique_id,,,,1,GS01SUMO,RII11,PCO2W
GS01SUMO-RII11-02-PCO2WC052,record_type,record_type,,,,1,GS01SUMO,RII11,PCO2W
GS01SUMO-RII11-02-PCO2WC052,record_time,record_time,,,,seconds since 1904-01-01,GS01SUMO,RII11,PCO2W
GS01SUMO-RII11-02-PCO2WC052,light_measurements,light_measurements,,,,counts,GS01SUMO,RII11,PCO2W
GS01SUMO-RII11-02-PCO2WC052,voltage_battery,voltage_battery,,,,counts,GS01SUMO,RII11,PCO2W
GS01SUMO-RII11-02-PCO2WC052,thermistor_raw,thermistor_raw,,,L0,V,GS01SUMO,RII11,PCO2W
GS01SUMO-RII11-02-PCO2WC052,clock_active,clock_active,,,,1,GS01SUMO,RII11,PCO2W
GS01SUMO-RII11-02-PCO2WC052,recording_active,recording_active,,,,1,GS01SUMO,RII11,PCO2W
GS01SUMO-RII11-02-PCO2WC052,record_end_on_time,record_end_on_time,,,,1,GS01SUMO,RII11,PCO2W
GS01SUMO-RII11-02-PCO2WC052,record_memory_full,record_memory_full,,,,1,GS01SUMO,RII11,PCO2W
GS01SUMO-RII11-02-PCO2WC052,record_end_on_error,record_end_on_error,,,,1,GS01SUMO,RII11,PCO2W
GS01SUMO-RII11-02-PCO2WC052,data_download_ok,data_download_ok,,,,1,GS01SUMO,RII11,PCO2W
GS01SUMO-RII11-02-PCO2WC052,flash_memory_open,flash_memory_open,,,,1,GS01SUMO,RII11,PCO2W
GS01SUMO-RII11-02-PCO2WC052,battery_low_prestart,battery_low_prestart,,,,1,GS01SUMO,RII11,PCO2W
GS01SUMO-RII11-02-PCO2WC052,battery_low_measurement,battery_low_measurement,,,,1,GS01SUMO,RII11,PCO2W
GS01SUMO-RII11-02-PCO2WC052,battery_low_external,battery_low_external,,,,1,GS01SUMO,RII11,PCO2W
GS01SUMO-RII11-02-PCO2WC052,external_device1_fault,external_device1_fault,,,,1,GS01SUMO,RII11,PCO2W
GS01SUMO-RII11-02-PCO2WC052,flash_erased,flash_erased,,,,1,GS01SUMO,RII11,PCO2W
GS01SUMO-RII11-02-PCO2WC052,power_on_invalid,power_on_invalid,,,,1,GS01SUMO,RII11,PCO2W
GS01SUMO-RII11-02-PCO2WC052,record_length,record_length,,,,1,GS01SUMO,RII11,PCO2W
GS01SUMO-RII11-02-PCO2WC052,time,time,,,ENG,seconds since 1900-01-01,GS01SUMO,RII11,PCO2W
GS01SUMO-RII11-02-PCO2WC052,ingestion_timestamp,ingestion_timestamp,,,ENG,seconds since 1900-01-01,GS01SUMO,RII11,PCO2W
GS01SUMO-RII11-02-PCO2WC052,absorbance_ratio_434,absorbance_ratio_434,0,100000,L0,counts,GS01SUMO,RII11,PCO2W
GS01SUMO-RII11-02-PCO2WC052,absorbance_ratio_620,absorbance_ratio_620,0,100000,L0,counts,GS01SUMO,RII11,PCO2W
GS01SUMO-RII11-02-PCO2WC052,absorbance_blank_434,absorbance_blank_434,,,L0,1,GS01SUMO,RII11,PCO2W
GS01SUMO-RII11-02-PCO2WC052,absorbance_blank_620,absorbance_blank_620,,,L0,1,GS01SUMO,RII11,PCO2W
GS01SUMO-RII11-02-PCO2WC052,pco2w_thermistor_temperature,pco2w_thermistor_temperature,-2,40,,deg_C,GS01SUMO,RII11,PCO2W
GS01SUMO-RII11-02-PCO2WC052,pco2_seawater,pco2_seawater,100,600,L1,uatm,GS01SUMO,RII11,PCO2W
GS01SUMO-RII11-02-PCO2WC053,instrument_id,instrument_id,,,ENG,1,GS01SUMO,RII11,PCO2W
GS01SUMO-RII11-02-PCO2WC053,driver_timestamp,driver_timestamp,,,ENG,seconds since 1900-01-01,GS01SUMO,RII11,PCO2W
GS01SUMO-RII11-02-PCO2WC053,external_device2_fault,external_device2_fault,,,,1,GS01SUMO,RII11,PCO2W
GS01SUMO-RII11-02-PCO2WC053,external_device3_fault,external_device3_fault,,,,1,GS01SUMO,RII11,PCO2W
GS01SUMO-RII11-02-PCO2WC053,num_data_records,num_data_records,,,,1,GS01SUMO,RII11,PCO2W
GS01SUMO-RII11-02-PCO2WC053,num_error_records,num_error_records,,,,1,GS01SUMO,RII11,PCO2W
GS01SUMO-RII11-02-PCO2WC053,num_bytes_stored,num_bytes_stored,,,,bytes,GS01SUMO,RII11,PCO2W
GS01SUMO-RII11-02-PCO2WC053,internal_timestamp,internal_timestamp,,,ENG,seconds since 1900-01-01,GS01SUMO,RII11,PCO2W
GS01SUMO-RII11-02-PCO2WC053,preferred_timestamp,preferred_timestamp,,,ENG,1,GS01SUMO,RII11,PCO2W
GS01SUMO-RII11-02-PCO2WC053,num_samples,num_samples,,,,counts,GS01SUMO,RII11,PCO2W
GS01SUMO-RII11-02-PCO2WC053,passed_checksum,passed_checksum,,,ENG,1,GS01SUMO,RII11,PCO2W
GS01SUMO-RII11-02-PCO2WC053,num_events,num_events,,,,counts,GS01SUMO,RII11,PCO2W
GS01SUMO-RII11-02-PCO2WC053,voltage_flt32,voltage_flt32,,,,V,GS01SUMO,RII11,PCO2W
GS01SUMO-RII11-02-PCO2WC053,blank_light_measurements,blank_light_measurements,,,,counts,GS01SUMO,RII11,PCO2W
GS01SUMO-RII11-02-PCO2WC053,battery_low_blank,battery_low_blank,,,,1,GS01SUMO,RII11,PCO2W
GS01SUMO-RII11-02-PCO2WC053,file_time,file_time,,,,1,GS01SUMO,RII11,PCO2W
GS01SUMO-RII11-02-PCO2WC053,serial_number,serial_number,,,ENG,1,GS01SUMO,RII11,PCO2W
GS01SUMO-RII11-02-PCO2WC053,unique_id,unique_id,,,,1,GS01SUMO,RII11,PCO2W
GS01SUMO-RII11-02-PCO2WC053,record_type,record_type,,,,1,GS01SUMO,RII11,PCO2W
GS01SUMO-RII11-02-PCO2WC053,record_time,record_time,,,,seconds since 1904-01-01,GS01SUMO,RII11,PCO2W
GS01SUMO-RII11-02-PCO2WC053,light_measurements,light_measurements,,,,counts,GS01SUMO,RII11,PCO2W
GS01SUMO-RII11-02-PCO2WC053,voltage_battery,voltage_battery,,,,counts,GS01SUMO,RII11,PCO2W
GS01SUMO-RII11-02-PCO2WC053,thermistor_raw,thermistor_raw,,,L0,V,GS01SUMO,RII11,PCO2W
GS01SUMO-RII11-02-PCO2WC053,clock_active,clock_active,,,,1,GS01SUMO,RII11,PCO2W
GS01SUMO-RII11-02-PCO2WC053,recording_active,recording_active,,,,1,GS01SUMO,RII11,PCO2W
GS01SUMO-RII11-02-PCO2WC053,record_end_on_time,record_end_on_time,,,,1,GS01SUMO,RII11,PCO2W
GS01SUMO-RII11-02-PCO2WC053,record_memory_full,record_memory_full,,,,1,GS01SUMO,RII11,PCO2W
GS01SUMO-RII11-02-PCO2WC053,record_end_on_error,record_end_on_error,,,,1,GS01SUMO,RII11,PCO2W
GS01SUMO-RII11-02-PCO2WC053,data_download_ok,data_download_ok,,,,1,GS01SUMO,RII11,PCO2W
GS01SUMO-RII11-02-PCO2WC053,flash_memory_open,flash_memory_open,,,,1,GS01SUMO,RII11,PCO2W
GS01SUMO-RII11-02-PCO2WC053,battery_low_prestart,battery_low_prestart,,,,1,GS01SUMO,RII11,PCO2W
GS01SUMO-RII11-02-PCO2WC053,battery_low_measurement,battery_low_measurement,,,,1,GS01SUMO,RII11,PCO2W
GS01SUMO-RII11-02-PCO2WC053,battery_low_external,battery_low_external,,,,1,GS01SUMO,RII11,PCO2W
GS01SUMO-RII11-02-PCO2WC053,external_device1_fault,external_device1_fault,,,,1,GS01SUMO,RII11,PCO2W
GS01SUMO-RII11-02-PCO2WC053,flash_erased,flash_erased,,,,1,GS01SUMO,RII11,PCO2W
GS01SUMO-RII11-02-PCO2WC053,power_on_invalid,power_on_invalid,,,,1,GS01SUMO,RII11,PCO2W
GS01SUMO-RII11-02-PCO2WC053,record_length,record_length,,,,1,GS01SUMO,RII11,PCO2W
GS01SUMO-RII11-02-PCO2WC053,time,time,,,ENG,seconds since 1900-01-01,GS01SUMO,RII11,PCO2W
GS01SUMO-RII11-02-PCO2WC053,ingestion_timestamp,ingestion_timestamp,,,ENG,seconds since 1900-01-01,GS01SUMO,RII11,PCO2W
GS01SUMO-RII11-02-PCO2WC053,absorbance_ratio_434,absorbance_ratio_434,0,100000,L0,counts,GS01SUMO,RII11,PCO2W
GS01SUMO-RII11-02-PCO2WC053,absorbance_ratio_620,absorbance_ratio_620,0,100000,L0,counts,GS01SUMO,RII11,PCO2W
GS01SUMO-RII11-02-PCO2WC053,absorbance_blank_434,absorbance_blank_434,,,L0,1,GS01SUMO,RII11,PCO2W
GS01SUMO-RII11-02-PCO2WC053,absorbance_blank_620,absorbance_blank_620,,,L0,1,GS01SUMO,RII11,PCO2W
GS01SUMO-RII11-02-PCO2WC053,pco2w_thermistor_temperature,pco2w_thermistor_temperature,-2,40,,deg_C,GS01SUMO,RII11,PCO2W
GS01SUMO-RII11-02-PCO2WC053,pco2_seawater,pco2_seawater,100,600,L1,uatm,GS01SUMO,RII11,PCO2W
GS01SUMO-RII11-02-PHSENE041,instrument_id,instrument_id,,,ENG,1,GS01SUMO,RII11,PHSEN
GS01SUMO-RII11-02-PHSENE041,driver_timestamp,driver_timestamp,,,ENG,seconds since 1900-01-01,GS01SUMO,RII11,PHSEN
GS01SUMO-RII11-02-PHSENE041,external_device2_fault,external_device2_fault,,,,1,GS01SUMO,RII11,PHSEN
GS01SUMO-RII11-02-PHSENE041,external_device3_fault,external_device3_fault,,,,1,GS01SUMO,RII11,PHSEN
GS01SUMO-RII11-02-PHSENE041,num_data_records,num_data_records,,,,1,GS01SUMO,RII11,PHSEN
GS01SUMO-RII11-02-PHSENE041,num_error_records,num_error_records,,,,1,GS01SUMO,RII11,PHSEN
GS01SUMO-RII11-02-PHSENE041,num_bytes_stored,num_bytes_stored,,,,bytes,GS01SUMO,RII11,PHSEN
GS01SUMO-RII11-02-PHSENE041,internal_timestamp,internal_timestamp,,,ENG,seconds since 1900-01-01,GS01SUMO,RII11,PHSEN
GS01SUMO-RII11-02-PHSENE041,preferred_timestamp,preferred_timestamp,,,ENG,1,GS01SUMO,RII11,PHSEN
GS01SUMO-RII11-02-PHSENE041,num_samples,num_samples,,,,counts,GS01SUMO,RII11,PHSEN
GS01SUMO-RII11-02-PHSENE041,passed_checksum,passed_checksum,,,ENG,1,GS01SUMO,RII11,PHSEN
GS01SUMO-RII11-02-PHSENE041,num_events,num_events,,,,counts,GS01SUMO,RII11,PHSEN
GS01SUMO-RII11-02-PHSENE041,voltage_flt32,voltage_flt32,,,,V,GS01SUMO,RII11,PHSEN
GS01SUMO-RII11-02-PHSENE041,phsen_abcdef_ph_seawater,phsen_abcdef_ph_seawater,7.3,8.5,L1,(unitless),GS01SUMO,RII11,PHSEN
GS01SUMO-RII11-02-PHSENE041,battery_low_blank,battery_low_blank,,,,1,GS01SUMO,RII11,PHSEN
GS01SUMO-RII11-02-PHSENE041,file_time,file_time,,,,1,GS01SUMO,RII11,PHSEN
GS01SUMO-RII11-02-PHSENE041,serial_number,serial_number,,,ENG,1,GS01SUMO,RII11,PHSEN
GS01SUMO-RII11-02-PHSENE041,unique_id,unique_id,,,,1,GS01SUMO,RII11,PHSEN
GS01SUMO-RII11-02-PHSENE041,record_type,record_type,,,,1,GS01SUMO,RII11,PHSEN
GS01SUMO-RII11-02-PHSENE041,record_time,record_time,,,,seconds since 1904-01-01,GS01SUMO,RII11,PHSEN
GS01SUMO-RII11-02-PHSENE041,light_measurements,light_measurements,,,,counts,GS01SUMO,RII11,PHSEN
GS01SUMO-RII11-02-PHSENE041,voltage_battery,voltage_battery,,,,counts,GS01SUMO,RII11,PHSEN
GS01SUMO-RII11-02-PHSENE041,clock_active,clock_active,,,,1,GS01SUMO,RII11,PHSEN
GS01SUMO-RII11-02-PHSENE041,recording_active,recording_active,,,,1,GS01SUMO,RII11,PHSEN
GS01SUMO-RII11-02-PHSENE041,record_end_on_time,record_end_on_time,,,,1,GS01SUMO,RII11,PHSEN
GS01SUMO-RII11-02-PHSENE041,record_memory_full,record_memory_full,,,,1,GS01SUMO,RII11,PHSEN
GS01SUMO-RII11-02-PHSENE041,phsen_abcdef_signal_intensity_434,phsen_abcdef_signal_intensity_434,,,L0,counts,GS01SUMO,RII11,PHSEN
GS01SUMO-RII11-02-PHSENE041,phsen_abcdef_signal_intensity_578,phsen_abcdef_signal_intensity_578,,,L0,counts,GS01SUMO,RII11,PHSEN
GS01SUMO-RII11-02-PHSENE041,record_end_on_error,record_end_on_error,,,,1,GS01SUMO,RII11,PHSEN
GS01SUMO-RII11-02-PHSENE041,data_download_ok,data_download_ok,,,,1,GS01SUMO,RII11,PHSEN
GS01SUMO-RII11-02-PHSENE041,flash_memory_open,flash_memory_open,,,,1,GS01SUMO,RII11,PHSEN
GS01SUMO-RII11-02-PHSENE041,battery_low_prestart,battery_low_prestart,,,,1,GS01SUMO,RII11,PHSEN
GS01SUMO-RII11-02-PHSENE041,battery_low_measurement,battery_low_measurement,,,,1,GS01SUMO,RII11,PHSEN
GS01SUMO-RII11-02-PHSENE041,battery_low_external,battery_low_external,,,,1,GS01SUMO,RII11,PHSEN
GS01SUMO-RII11-02-PHSENE041,external_device1_fault,external_device1_fault,,,,1,GS01SUMO,RII11,PHSEN
GS01SUMO-RII11-02-PHSENE041,flash_erased,flash_erased,,,,1,GS01SUMO,RII11,PHSEN
GS01SUMO-RII11-02-PHSENE041,power_on_invalid,power_on_invalid,,,,1,GS01SUMO,RII11,PHSEN
GS01SUMO-RII11-02-PHSENE041,record_length,record_length,,,,1,GS01SUMO,RII11,PHSEN
GS01SUMO-RII11-02-PHSENE041,time,time,,,ENG,seconds since 1900-01-01,GS01SUMO,RII11,PHSEN
GS01SUMO-RII11-02-PHSENE041,ingestion_timestamp,ingestion_timestamp,,,ENG,seconds since 1900-01-01,GS01SUMO,RII11,PHSEN
GS01SUMO-RII11-02-PHSENE041,thermistor_start,thermistor_start,,,,counts,GS01SUMO,RII11,PHSEN
GS01SUMO-RII11-02-PHSENE041,reference_light_measurements,reference_light_measurements,,,,counts,GS01SUMO,RII11,PHSEN
GS01SUMO-RII11-02-PHSENE041,thermistor_end,thermistor_end,,,,counts,GS01SUMO,RII11,PHSEN
GS01SUMO-RII11-02-PHSENE041,phsen_thermistor_temperature,phsen_thermistor_temperature,,,L0,V,GS01SUMO,RII11,PHSEN
GS01SUMO-RII11-02-PHSENE042,instrument_id,instrument_id,,,ENG,1,GS01SUMO,RII11,PHSEN
GS01SUMO-RII11-02-PHSENE042,driver_timestamp,driver_timestamp,,,ENG,seconds since 1900-01-01,GS01SUMO,RII11,PHSEN
GS01SUMO-RII11-02-PHSENE042,external_device2_fault,external_device2_fault,,,,1,GS01SUMO,RII11,PHSEN
GS01SUMO-RII11-02-PHSENE042,external_device3_fault,external_device3_fault,,,,1,GS01SUMO,RII11,PHSEN
GS01SUMO-RII11-02-PHSENE042,num_data_records,num_data_records,,,,1,GS01SUMO,RII11,PHSEN
GS01SUMO-RII11-02-PHSENE042,num_error_records,num_error_records,,,,1,GS01SUMO,RII11,PHSEN
GS01SUMO-RII11-02-PHSENE042,num_bytes_stored,num_bytes_stored,,,,bytes,GS01SUMO,RII11,PHSEN
GS01SUMO-RII11-02-PHSENE042,internal_timestamp,internal_timestamp,,,ENG,seconds since 1900-01-01,GS01SUMO,RII11,PHSEN
GS01SUMO-RII11-02-PHSENE042,preferred_timestamp,preferred_timestamp,,,ENG,1,GS01SUMO,RII11,PHSEN
GS01SUMO-RII11-02-PHSENE042,num_samples,num_samples,,,,counts,GS01SUMO,RII11,PHSEN
GS01SUMO-RII11-02-PHSENE042,passed_checksum,passed_checksum,,,ENG,1,GS01SUMO,RII11,PHSEN
GS01SUMO-RII11-02-PHSENE042,num_events,num_events,,,,counts,GS01SUMO,RII11,PHSEN
GS01SUMO-RII11-02-PHSENE042,voltage_flt32,voltage_flt32,,,,V,GS01SUMO,RII11,PHSEN
GS01SUMO-RII11-02-PHSENE042,phsen_abcdef_ph_seawater,phsen_abcdef_ph_seawater,7.3,8.5,L1,(unitless),GS01SUMO,RII11,PHSEN
GS01SUMO-RII11-02-PHSENE042,battery_low_blank,battery_low_blank,,,,1,GS01SUMO,RII11,PHSEN
GS01SUMO-RII11-02-PHSENE042,file_time,file_time,,,,1,GS01SUMO,RII11,PHSEN
GS01SUMO-RII11-02-PHSENE042,serial_number,serial_number,,,ENG,1,GS01SUMO,RII11,PHSEN
GS01SUMO-RII11-02-PHSENE042,unique_id,unique_id,,,,1,GS01SUMO,RII11,PHSEN
GS01SUMO-RII11-02-PHSENE042,record_type,record_type,,,,1,GS01SUMO,RII11,PHSEN
GS01SUMO-RII11-02-PHSENE042,record_time,record_time,,,,seconds since 1904-01-01,GS01SUMO,RII11,PHSEN
GS01SUMO-RII11-02-PHSENE042,light_measurements,light_measurements,,,,counts,GS01SUMO,RII11,PHSEN
GS01SUMO-RII11-02-PHSENE042,voltage_battery,voltage_battery,,,,counts,GS01SUMO,RII11,PHSEN
GS01SUMO-RII11-02-PHSENE042,clock_active,clock_active,,,,1,GS01SUMO,RII11,PHSEN
GS01SUMO-RII11-02-PHSENE042,recording_active,recording_active,,,,1,GS01SUMO,RII11,PHSEN
GS01SUMO-RII11-02-PHSENE042,record_end_on_time,record_end_on_time,,,,1,GS01SUMO,RII11,PHSEN
GS01SUMO-RII11-02-PHSENE042,record_memory_full,record_memory_full,,,,1,GS01SUMO,RII11,PHSEN
GS01SUMO-RII11-02-PHSENE042,phsen_abcdef_signal_intensity_434,phsen_abcdef_signal_intensity_434,,,L0,counts,GS01SUMO,RII11,PHSEN
GS01SUMO-RII11-02-PHSENE042,phsen_abcdef_signal_intensity_578,phsen_abcdef_signal_intensity_578,,,L0,counts,GS01SUMO,RII11,PHSEN
GS01SUMO-RII11-02-PHSENE042,record_end_on_error,record_end_on_error,,,,1,GS01SUMO,RII11,PHSEN
GS01SUMO-RII11-02-PHSENE042,data_download_ok,data_download_ok,,,,1,GS01SUMO,RII11,PHSEN
GS01SUMO-RII11-02-PHSENE042,flash_memory_open,flash_memory_open,,,,1,GS01SUMO,RII11,PHSEN
GS01SUMO-RII11-02-PHSENE042,battery_low_prestart,battery_low_prestart,,,,1,GS01SUMO,RII11,PHSEN
GS01SUMO-RII11-02-PHSENE042,battery_low_measurement,battery_low_measurement,,,,1,GS01SUMO,RII11,PHSEN
GS01SUMO-RII11-02-PHSENE042,battery_low_external,battery_low_external,,,,1,GS01SUMO,RII11,PHSEN
GS01SUMO-RII11-02-PHSENE042,external_device1_fault,external_device1_fault,,,,1,GS01SUMO,RII11,PHSEN
GS01SUMO-RII11-02-PHSENE042,flash_erased,flash_erased,,,,1,GS01SUMO,RII11,PHSEN
GS01SUMO-RII11-02-PHSENE042,power_on_invalid,power_on_invalid,,,,1,GS01SUMO,RII11,PHSEN
GS01SUMO-RII11-02-PHSENE042,record_length,record_length,,,,1,GS01SUMO,RII11,PHSEN
GS01SUMO-RII11-02-PHSENE042,time,time,,,ENG,seconds since 1900-01-01,GS01SUMO,RII11,PHSEN
GS01SUMO-RII11-02-PHSENE042,ingestion_timestamp,ingestion_timestamp,,,ENG,seconds since 1900-01-01,GS01SUMO,RII11,PHSEN
GS01SUMO-RII11-02-PHSENE042,thermistor_start,thermistor_start,,,,counts,GS01SUMO,RII11,PHSEN
GS01SUMO-RII11-02-PHSENE042,reference_light_measurements,reference_light_measurements,,,,counts,GS01SUMO,RII11,PHSEN
GS01SUMO-RII11-02-PHSENE042,thermistor_end,thermistor_end,,,,counts,GS01SUMO,RII11,PHSEN
GS01SUMO-RII11-02-PHSENE042,phsen_thermistor_temperature,phsen_thermistor_temperature,,,L0,V,GS01SUMO,RII11,PHSEN
GS01SUMO-SBD11-01-MOPAK0000,driver_timestamp,driver_timestamp,,,ENG,seconds since 1900-01-01,GS01SUMO,SBD11,MOPAK
GS01SUMO-SBD11-01-MOPAK0000,internal_timestamp,internal_timestamp,,,ENG,seconds since 1900-01-01,GS01SUMO,SBD11,MOPAK
GS01SUMO-SBD11-01-MOPAK0000,mopak_accelx,mopak_accelx,,,ENG,g0,GS01SUMO,SBD11,MOPAK
GS01SUMO-SBD11-01-MOPAK0000,mopak_accely,mopak_accely,,,ENG,g0,GS01SUMO,SBD11,MOPAK
GS01SUMO-SBD11-01-MOPAK0000,mopak_accelz,mopak_accelz,,,ENG,g0,GS01SUMO,SBD11,MOPAK
GS01SUMO-SBD11-01-MOPAK0000,mopak_ang_ratex,mopak_ang_ratex,,,ENG,rad s-1,GS01SUMO,SBD11,MOPAK
GS01SUMO-SBD11-01-MOPAK0000,mopak_ang_ratey,mopak_ang_ratey,,,ENG,rad s-1,GS01SUMO,SBD11,MOPAK
GS01SUMO-SBD11-01-MOPAK0000,preferred_timestamp,preferred_timestamp,,,ENG,1,GS01SUMO,SBD11,MOPAK
GS01SUMO-SBD11-01-MOPAK0000,mopak_ang_ratez,mopak_ang_ratez,,,ENG,rad s-1,GS01SUMO,SBD11,MOPAK
GS01SUMO-SBD11-01-MOPAK0000,mopak_magx,mopak_magx,,,ENG,Gs,GS01SUMO,SBD11,MOPAK
GS01SUMO-SBD11-01-MOPAK0000,mopak_magy,mopak_magy,,,ENG,Gs,GS01SUMO,SBD11,MOPAK
GS01SUMO-SBD11-01-MOPAK0000,mopak_magz,mopak_magz,,,ENG,Gs,GS01SUMO,SBD11,MOPAK
GS01SUMO-SBD11-01-MOPAK0000,mopak_timer,mopak_timer,,,ENG,counts,GS01SUMO,SBD11,MOPAK
GS01SUMO-SBD11-01-MOPAK0000,mopak_roll,mopak_roll,,,ENG,degrees,GS01SUMO,SBD11,MOPAK
GS01SUMO-SBD11-01-MOPAK0000,mopak_pitch,mopak_pitch,,,ENG,degrees,GS01SUMO,SBD11,MOPAK
GS01SUMO-SBD11-01-MOPAK0000,mopak_yaw,mopak_yaw,,,ENG,degrees,GS01SUMO,SBD11,MOPAK
GS01SUMO-SBD11-01-MOPAK0000,time,time,,,ENG,seconds since 1900-01-01,GS01SUMO,SBD11,MOPAK
GS01SUMO-SBD11-01-MOPAK0000,ingestion_timestamp,ingestion_timestamp,,,ENG,seconds since 1900-01-01,GS01SUMO,SBD11,MOPAK
GS01SUMO-SBD11-03-HYDGN00,driver_timestamp,driver_timestamp,,,ENG,seconds since 1900-01-01,GS01SUMO,SBD11,HYDGN
GS01SUMO-SBD11-03-HYDGN00,internal_timestamp,internal_timestamp,,,ENG,seconds since 1900-01-01,GS01SUMO,SBD11,HYDGN
GS01SUMO-SBD11-03-HYDGN00,preferred_timestamp,preferred_timestamp,,,ENG,1,GS01SUMO,SBD11,HYDGN
GS01SUMO-SBD11-03-HYDGN00,dcl_controller_timestamp,dcl_controller_timestamp,,,ENG,1,GS01SUMO,SBD11,HYDGN
GS01SUMO-SBD11-03-HYDGN00,hyd_raw,hyd_raw,,,AUX,counts,GS01SUMO,SBD11,HYDGN
GS01SUMO-SBD11-03-HYDGN00,hyd_percent,hyd_percent,,,AUX,Percentage,GS01SUMO,SBD11,HYDGN
GS01SUMO-SBD11-03-HYDGN00,time,time,,,ENG,seconds since 1900-01-01,GS01SUMO,SBD11,HYDGN
GS01SUMO-SBD11-03-HYDGN00,ingestion_timestamp,ingestion_timestamp,,,ENG,seconds since 1900-01-01,GS01SUMO,SBD11,HYDGN
GS01SUMO-SBD11-04-DOSTAD000,product_number,product_number,,,,1,GS01SUMO,SBD11,DOSTA
GS01SUMO-SBD11-04-DOSTAD000,driver_timestamp,driver_timestamp,,,ENG,seconds since 1900-01-01,GS01SUMO,SBD11,DOSTA
GS01SUMO-SBD11-04-DOSTAD000,internal_timestamp,internal_timestamp,,,ENG,seconds since 1900-01-01,GS01SUMO,SBD11,DOSTA
GS01SUMO-SBD11-04-DOSTAD000,preferred_timestamp,preferred_timestamp,,,ENG,1,GS01SUMO,SBD11,DOSTA
GS01SUMO-SBD11-04-DOSTAD000,dcl_controller_timestamp,dcl_controller_timestamp,,,ENG,1,GS01SUMO,SBD11,DOSTA
GS01SUMO-SBD11-04-DOSTAD000,dosta_abcdjm_cspp_tc_oxygen,dosta_abcdjm_cspp_tc_oxygen,0,400,L1,umol L-1,GS01SUMO,SBD11,DOSTA
GS01SUMO-SBD11-04-DOSTAD000,serial_number,serial_number,,,ENG,1,GS01SUMO,SBD11,DOSTA
GS01SUMO-SBD11-04-DOSTAD000,dosta_abcdjm_dcl_abs_oxygen,dosta_abcdjm_dcl_abs_oxygen,0,400,L2,umol kg-1,GS01SUMO,SBD11,DOSTA
GS01SUMO-SBD11-04-DOSTAD000,dosta_abcdjm_dcl_metbk_abs_oxygen,dosta_abcdjm_dcl_metbk_abs_oxygen,0,400,L2,umol kg-1,GS01SUMO,SBD11,DOSTA
GS01SUMO-SBD11-04-DOSTAD000,dosta_abcdjm_dcl_ctdbp_abs_oxygen,dosta_abcdjm_dcl_ctdbp_abs_oxygen,0,400,L2,umol kg-1,GS01SUMO,SBD11,DOSTA
GS01SUMO-SBD11-04-DOSTAD000,time,time,,,ENG,seconds since 1900-01-01,GS01SUMO,SBD11,DOSTA
GS01SUMO-SBD11-04-DOSTAD000,ingestion_timestamp,ingestion_timestamp,,,ENG,seconds since 1900-01-01,GS01SUMO,SBD11,DOSTA
GS01SUMO-SBD11-04-DOSTAD000,estimated_oxygen_concentration,estimated_oxygen_concentration,0,400,L1,umol L-1,GS01SUMO,SBD11,DOSTA
GS01SUMO-SBD11-04-DOSTAD000,estimated_oxygen_saturation,estimated_oxygen_saturation,0,110,L1,percent,GS01SUMO,SBD11,DOSTA
GS01SUMO-SBD11-04-DOSTAD000,optode_temperature,optode_temperature,-2,40,,deg_C,GS01SUMO,SBD11,DOSTA
GS01SUMO-SBD11-04-DOSTAD000,calibrated_phase,calibrated_phase,,,L0,degrees,GS01SUMO,SBD11,DOSTA
GS01SUMO-SBD11-04-DOSTAD000,temp_compensated_phase,temp_compensated_phase,,,,degrees,GS01SUMO,SBD11,DOSTA
GS01SUMO-SBD11-04-DOSTAD000,blue_phase,blue_phase,,,,degrees,GS01SUMO,SBD11,DOSTA
GS01SUMO-SBD11-04-DOSTAD000,red_phase,red_phase,,,,degrees,GS01SUMO,SBD11,DOSTA
GS01SUMO-SBD11-04-DOSTAD000,blue_amplitude,blue_amplitude,,,,mV,GS01SUMO,SBD11,DOSTA
GS01SUMO-SBD11-04-DOSTAD000,red_amplitude,red_amplitude,,,,mV,GS01SUMO,SBD11,DOSTA
GS01SUMO-SBD11-04-DOSTAD000,raw_temperature,raw_temperature,,,,mV,GS01SUMO,SBD11,DOSTA
GS01SUMO-SBD11-05-SPKIRB000,instrument_id,instrument_id,,,ENG,1,GS01SUMO,SBD11,SPKIR
GS01SUMO-SBD11-05-SPKIRB000,timer,timer,,,ENG,s,GS01SUMO,SBD11,SPKIR
GS01SUMO-SBD11-05-SPKIRB000,sample_delay,sample_delay,,,ENG,ms,GS01SUMO,SBD11,SPKIR
GS01SUMO-SBD11-05-SPKIRB000,driver_timestamp,driver_timestamp,,,ENG,seconds since 1900-01-01,GS01SUMO,SBD11,SPKIR
GS01SUMO-SBD11-05-SPKIRB000,vin_sense,vin_sense,,,ENG,counts,GS01SUMO,SBD11,SPKIR
GS01SUMO-SBD11-05-SPKIRB000,va_sense,va_sense,,,ENG,counts,GS01SUMO,SBD11,SPKIR
GS01SUMO-SBD11-05-SPKIRB000,internal_temperature,internal_temperature,,,AUX,counts,GS01SUMO,SBD11,SPKIR
GS01SUMO-SBD11-05-SPKIRB000,frame_counter,frame_counter,,,ENG,counts,GS01SUMO,SBD11,SPKIR
GS01SUMO-SBD11-05-SPKIRB000,internal_timestamp,internal_timestamp,,,ENG,seconds since 1900-01-01,GS01SUMO,SBD11,SPKIR
GS01SUMO-SBD11-05-SPKIRB000,preferred_timestamp,preferred_timestamp,,,ENG,1,GS01SUMO,SBD11,SPKIR
GS01SUMO-SBD11-05-SPKIRB000,passed_checksum,passed_checksum,,,ENG,1,GS01SUMO,SBD11,SPKIR
GS01SUMO-SBD11-05-SPKIRB000,channel_array,channel_array,,,L0,counts,GS01SUMO,SBD11,SPKIR
GS01SUMO-SBD11-05-SPKIRB000,dcl_controller_timestamp,dcl_controller_timestamp,,,ENG,1,GS01SUMO,SBD11,SPKIR
GS01SUMO-SBD11-05-SPKIRB000,spkir_abj_cspp_downwelling_vector,spkir_abj_cspp_downwelling_vector,0,300,L1,uW cm-2 nm-1,GS01SUMO,SBD11,SPKIR
GS01SUMO-SBD11-05-SPKIRB000,serial_number,serial_number,,,ENG,1,GS01SUMO,SBD11,SPKIR
GS01SUMO-SBD11-05-SPKIRB000,time,time,,,ENG,seconds since 1900-01-01,GS01SUMO,SBD11,SPKIR
GS01SUMO-SBD11-05-SPKIRB000,ingestion_timestamp,ingestion_timestamp,,,ENG,seconds since 1900-01-01,GS01SUMO,SBD11,SPKIR
GS01SUMO-SBD11-06-METBKA000,port_timestamp,port_timestamp,,,ENG,seconds since 1900-01-01,GS01SUMO,SBD11,METBK
GS01SUMO-SBD11-06-METBKA000,barometric_pressure,barometric_pressure,,,L0,mbar,GS01SUMO,SBD11,METBK
GS01SUMO-SBD11-06-METBKA000,relative_humidity,relative_humidity,0,100,L1,%,GS01SUMO,SBD11,METBK
GS01SUMO-SBD11-06-METBKA000,air_temperature,air_temperature,-50,50,L1,deg_C,GS01SUMO,SBD11,METBK
GS01SUMO-SBD11-06-METBKA000,longwave_irradiance,longwave_irradiance,200,500,L1,W m-2,GS01SUMO,SBD11,METBK
GS01SUMO-SBD11-06-METBKA000,precipitation,precipitation,0,50,L1,mm,GS01SUMO,SBD11,METBK
GS01SUMO-SBD11-06-METBKA000,sea_surface_temperature,sea_surface_temperature,-2,40,L1,deg_C,GS01SUMO,SBD11,METBK
GS01SUMO-SBD11-06-METBKA000,sea_surface_conductivity,sea_surface_conductivity,0,6,L1,S m-1,GS01SUMO,SBD11,METBK
GS01SUMO-SBD11-06-METBKA000,shortwave_irradiance,shortwave_irradiance,0,1000,L1,W m-2,GS01SUMO,SBD11,METBK
GS01SUMO-SBD11-06-METBKA000,eastward_wind_velocity,eastward_wind_velocity,-10,10,L0,m s-1,GS01SUMO,SBD11,METBK
GS01SUMO-SBD11-06-METBKA000,northward_wind_velocity,northward_wind_velocity,-10,10,L0,m s-1,GS01SUMO,SBD11,METBK
GS01SUMO-SBD11-06-METBKA000,driver_timestamp,driver_timestamp,,,ENG,seconds since 1900-01-01,GS01SUMO,SBD11,METBK
GS01SUMO-SBD11-06-METBKA000,internal_timestamp,internal_timestamp,,,ENG,seconds since 1900-01-01,GS01SUMO,SBD11,METBK
GS01SUMO-SBD11-06-METBKA000,preferred_timestamp,preferred_timestamp,,,ENG,1,GS01SUMO,SBD11,METBK
GS01SUMO-SBD11-06-METBKA000,dcl_controller_timestamp,dcl_controller_timestamp,,,ENG,1,GS01SUMO,SBD11,METBK
GS01SUMO-SBD11-06-METBKA000,met_barpres,met_barpres,87000,108330,L1,Pa,GS01SUMO,SBD11,METBK
GS01SUMO-SBD11-06-METBKA000,met_windavg_mag_corr_east,met_windavg_mag_corr_east,-33,33,L1,m s-1,GS01SUMO,SBD11,METBK
GS01SUMO-SBD11-06-METBKA000,met_windavg_mag_corr_north,met_windavg_mag_corr_north,-33,33,L1,m s-1,GS01SUMO,SBD11,METBK
GS01SUMO-SBD11-06-METBKA000,met_current_direction,met_current_direction,0,360,L1,degrees,GS01SUMO,SBD11,METBK
GS01SUMO-SBD11-06-METBKA000,met_current_speed,met_current_speed,-3,3,L1,m s-1,GS01SUMO,SBD11,METBK
GS01SUMO-SBD11-06-METBKA000,met_relwind_direction,met_relwind_direction,0,360,L1,degrees,GS01SUMO,SBD11,METBK
GS01SUMO-SBD11-06-METBKA000,met_relwind_speed,met_relwind_speed,-33,33,L1,m s-1,GS01SUMO,SBD11,METBK
GS01SUMO-SBD11-06-METBKA000,met_timeflx,met_timeflx,,,L1,seconds since 01-01-1900,GS01SUMO,SBD11,METBK
GS01SUMO-SBD11-06-METBKA000,met_netsirr,met_netsirr,0,500,L1,W m-2,GS01SUMO,SBD11,METBK
GS01SUMO-SBD11-06-METBKA000,met_rainrte,met_rainrte,0,50,L2,mm hr-1,GS01SUMO,SBD11,METBK
GS01SUMO-SBD11-06-METBKA000,met_salsurf,met_salsurf,0,42,L2,1,GS01SUMO,SBD11,METBK
GS01SUMO-SBD11-06-METBKA000,met_spechum,met_spechum,0,47,L2,g kg-1,GS01SUMO,SBD11,METBK
GS01SUMO-SBD11-06-METBKA000,met_buoyfls,met_buoyfls,,,L2,W m-2,GS01SUMO,SBD11,METBK
GS01SUMO-SBD11-06-METBKA000,met_buoyflx,met_buoyflx,,,L2,W m-2,GS01SUMO,SBD11,METBK
GS01SUMO-SBD11-06-METBKA000,met_frshflx,met_frshflx,,,L2,mm hr-1,GS01SUMO,SBD11,METBK
GS01SUMO-SBD11-06-METBKA000,met_heatflx,met_heatflx,,,L2,W m-2,GS01SUMO,SBD11,METBK
GS01SUMO-SBD11-06-METBKA000,met_latnflx,met_latnflx,,,L2,W m-2,GS01SUMO,SBD11,METBK
GS01SUMO-SBD11-06-METBKA000,met_mommflx,met_mommflx,,,L2,N m-2,GS01SUMO,SBD11,METBK
GS01SUMO-SBD11-06-METBKA000,met_netlirr,met_netlirr,,,L2,W m-2,GS01SUMO,SBD11,METBK
GS01SUMO-SBD11-06-METBKA000,met_rainflx,met_rainflx,,,L2,W m-2,GS01SUMO,SBD11,METBK
GS01SUMO-SBD11-06-METBKA000,met_sensflx,met_sensflx,,,L2,W m-2,GS01SUMO,SBD11,METBK
GS01SUMO-SBD11-06-METBKA000,met_sphum2m,met_sphum2m,0,47,L2,g kg-1,GS01SUMO,SBD11,METBK
GS01SUMO-SBD11-06-METBKA000,met_stablty,met_stablty,,,L2,1,GS01SUMO,SBD11,METBK
GS01SUMO-SBD11-06-METBKA000,met_tempa2m,met_tempa2m,-50,50,L2,deg_C,GS01SUMO,SBD11,METBK
GS01SUMO-SBD11-06-METBKA000,met_tempskn,met_tempskn,-2,40,L2,degC,GS01SUMO,SBD11,METBK
GS01SUMO-SBD11-06-METBKA000,met_wind10m,met_wind10m,-33,33,L2,m s-1,GS01SUMO,SBD11,METBK
GS01SUMO-SBD11-06-METBKA000,time,time,,,ENG,seconds since 1900-01-01,GS01SUMO,SBD11,METBK
GS01SUMO-SBD11-06-METBKA000,ingestion_timestamp,ingestion_timestamp,,,ENG,seconds since 1900-01-01,GS01SUMO,SBD11,METBK
GS01SUMO-SBD11-08-NUTNRB000,driver_timestamp,driver_timestamp,,,ENG,seconds since 1900-01-01,GS01SUMO,SBD11,NUTNR
GS01SUMO-SBD11-08-NUTNRB000,firmware_version,firmware_version,,,,1,GS01SUMO,SBD11,NUTNR
GS01SUMO-SBD11-08-NUTNRB000,internal_timestamp,internal_timestamp,,,ENG,seconds since 1900-01-01,GS01SUMO,SBD11,NUTNR
GS01SUMO-SBD11-08-NUTNRB000,preferred_timestamp,preferred_timestamp,,,ENG,1,GS01SUMO,SBD11,NUTNR
GS01SUMO-SBD11-08-NUTNRB000,dcl_controller_timestamp,dcl_controller_timestamp,,,ENG,1,GS01SUMO,SBD11,NUTNR
GS01SUMO-SBD11-08-NUTNRB000,startup_time_string,startup_time_string,,,,1,GS01SUMO,SBD11,NUTNR
GS01SUMO-SBD11-08-NUTNRB000,nutnr_b_temp_sal_corrected_nitrate,nutnr_b_temp_sal_corrected_nitrate,0,40,L2,umol L-1,GS01SUMO,SBD11,NUTNR
GS01SUMO-SBD11-08-NUTNRB000,firmware_date,firmware_date,,,,1,GS01SUMO,SBD11,NUTNR
GS01SUMO-SBD11-08-NUTNRB000,frame_header,frame_header,,,,1,GS01SUMO,SBD11,NUTNR
GS01SUMO-SBD11-08-NUTNRB000,frame_type,frame_type,,,,1,GS01SUMO,SBD11,NUTNR
GS01SUMO-SBD11-08-NUTNRB000,serial_number,serial_number,,,ENG,1,GS01SUMO,SBD11,NUTNR
GS01SUMO-SBD11-08-NUTNRB000,date_of_sample,date_of_sample,,,AUX,1,GS01SUMO,SBD11,NUTNR
GS01SUMO-SBD11-08-NUTNRB000,time_of_sample,time_of_sample,,,AUX,h,GS01SUMO,SBD11,NUTNR
GS01SUMO-SBD11-08-NUTNRB000,nitrate_concentration,nitrate_concentration,0,40,L1,umol L-1,GS01SUMO,SBD11,NUTNR
GS01SUMO-SBD11-08-NUTNRB000,aux_fitting_1,aux_fitting_1,,,AUX,1,GS01SUMO,SBD11,NUTNR
GS01SUMO-SBD11-08-NUTNRB000,aux_fitting_2,aux_fitting_2,,,AUX,1,GS01SUMO,SBD11,NUTNR
GS01SUMO-SBD11-08-NUTNRB000,aux_fitting_3,aux_fitting_3,,,AUX,1,GS01SUMO,SBD11,NUTNR
GS01SUMO-SBD11-08-NUTNRB000,rms_error,rms_error,,,AUX,umol L-1,GS01SUMO,SBD11,NUTNR
GS01SUMO-SBD11-08-NUTNRB000,temp_interior,temp_interior,,,AUX,deg_C,GS01SUMO,SBD11,NUTNR
GS01SUMO-SBD11-08-NUTNRB000,temp_spectrometer,temp_spectrometer,,,AUX,deg_C,GS01SUMO,SBD11,NUTNR
GS01SUMO-SBD11-08-NUTNRB000,temp_lamp,temp_lamp,,,AUX,deg_C,GS01SUMO,SBD11,NUTNR
GS01SUMO-SBD11-08-NUTNRB000,humidity,humidity,,,AUX,%,GS01SUMO,SBD11,NUTNR
GS01SUMO-SBD11-08-NUTNRB000,voltage_lamp,voltage_lamp,,,AUX,V,GS01SUMO,SBD11,NUTNR
GS01SUMO-SBD11-08-NUTNRB000,voltage_analog,voltage_analog,,,AUX,V,GS01SUMO,SBD11,NUTNR
GS01SUMO-SBD11-08-NUTNRB000,voltage_main,voltage_main,,,AUX,V,GS01SUMO,SBD11,NUTNR
GS01SUMO-SBD11-08-NUTNRB000,ref_channel_average,ref_channel_average,,,,counts,GS01SUMO,SBD11,NUTNR
GS01SUMO-SBD11-08-NUTNRB000,ref_channel_variance,ref_channel_variance,,,,1,GS01SUMO,SBD11,NUTNR
GS01SUMO-SBD11-08-NUTNRB000,sea_water_dark,sea_water_dark,,,AUX,counts,GS01SUMO,SBD11,NUTNR
GS01SUMO-SBD11-08-NUTNRB000,spec_channel_average,spec_channel_average,,,,counts,GS01SUMO,SBD11,NUTNR
GS01SUMO-SBD11-08-NUTNRB000,spectral_channels,spectral_channels,,,L0,counts,GS01SUMO,SBD11,NUTNR
GS01SUMO-SBD11-08-NUTNRB000,startup_time,startup_time,,,,seconds since 1970-01-01,GS01SUMO,SBD11,NUTNR
GS01SUMO-SBD11-08-NUTNRB000,lamp_time,lamp_time,,,AUX,s,GS01SUMO,SBD11,NUTNR
GS01SUMO-SBD11-08-NUTNRB000,spec_on_time,spec_on_time,,,,seconds since 1970-01-01,GS01SUMO,SBD11,NUTNR
GS01SUMO-SBD11-08-NUTNRB000,spec_powered_time,spec_powered_time,,,,seconds since 1970-01-01,GS01SUMO,SBD11,NUTNR
GS01SUMO-SBD11-08-NUTNRB000,lamp_on_time,lamp_on_time,,,,seconds since 1970-01-01,GS01SUMO,SBD11,NUTNR
GS01SUMO-SBD11-08-NUTNRB000,lamp_powered_time,lamp_powered_time,,,,seconds since 1970-01-01,GS01SUMO,SBD11,NUTNR
GS01SUMO-SBD11-08-NUTNRB000,data_log_file,data_log_file,,,,1,GS01SUMO,SBD11,NUTNR
GS01SUMO-SBD11-08-NUTNRB000,time,time,,,ENG,seconds since 1900-01-01,GS01SUMO,SBD11,NUTNR
GS01SUMO-SBD11-08-NUTNRB000,ingestion_timestamp,ingestion_timestamp,,,ENG,seconds since 1900-01-01,GS01SUMO,SBD11,NUTNR
GS01SUMO-SBD11-08-NUTNRB000,Not in Preload,Not in Preload,,,,,GS01SUMO,SBD11,NUTNR
GS01SUMO-SBD12-01-OPTAAD000,driver_timestamp,driver_timestamp,,,ENG,seconds since 1900-01-01,GS01SUMO,SBD12,OPTAA
GS01SUMO-SBD12-01-OPTAAD000,internal_timestamp,internal_timestamp,,,ENG,seconds since 1900-01-01,GS01SUMO,SBD12,OPTAA
GS01SUMO-SBD12-01-OPTAAD000,preferred_timestamp,preferred_timestamp,,,ENG,1,GS01SUMO,SBD12,OPTAA
GS01SUMO-SBD12-01-OPTAAD000,start_date,start_date,,,,1,GS01SUMO,SBD12,OPTAA
GS01SUMO-SBD12-01-OPTAAD000,serial_number,serial_number,,,ENG,1,GS01SUMO,SBD12,OPTAA
GS01SUMO-SBD12-01-OPTAAD000,optaa_dj_dcl_beam_attenuation,optaa_dj_dcl_beam_attenuation,0,100,L2,m-1,GS01SUMO,SBD12,OPTAA
GS01SUMO-SBD12-01-OPTAAD000,optaa_dj_dcl_optical_absorption,optaa_dj_dcl_optical_absorption,0,100,L2,m-1,GS01SUMO,SBD12,OPTAA
GS01SUMO-SBD12-01-OPTAAD000,packet_type,packet_type,,,,1,GS01SUMO,SBD12,OPTAA
GS01SUMO-SBD12-01-OPTAAD000,meter_type,meter_type,,,,1,GS01SUMO,SBD12,OPTAA
GS01SUMO-SBD12-01-OPTAAD000,a_reference_dark_counts,a_reference_dark_counts,,,,counts,GS01SUMO,SBD12,OPTAA
GS01SUMO-SBD12-01-OPTAAD000,pressure_counts,pressure_counts,,,,counts,GS01SUMO,SBD12,OPTAA
GS01SUMO-SBD12-01-OPTAAD000,a_signal_dark_counts,a_signal_dark_counts,,,,counts,GS01SUMO,SBD12,OPTAA
GS01SUMO-SBD12-01-OPTAAD000,external_temp_raw,external_temp_raw,,,,counts,GS01SUMO,SBD12,OPTAA
GS01SUMO-SBD12-01-OPTAAD000,internal_temp_raw,internal_temp_raw,,,L0,counts,GS01SUMO,SBD12,OPTAA
GS01SUMO-SBD12-01-OPTAAD000,c_reference_dark_counts,c_reference_dark_counts,,,,counts,GS01SUMO,SBD12,OPTAA
GS01SUMO-SBD12-01-OPTAAD000,c_signal_dark_counts,c_signal_dark_counts,,,,counts,GS01SUMO,SBD12,OPTAA
GS01SUMO-SBD12-01-OPTAAD000,elapsed_run_time,elapsed_run_time,,,,ms,GS01SUMO,SBD12,OPTAA
GS01SUMO-SBD12-01-OPTAAD000,num_wavelengths,num_wavelengths,,,,1,GS01SUMO,SBD12,OPTAA
GS01SUMO-SBD12-01-OPTAAD000,c_reference_counts,c_reference_counts,,,L0,counts,GS01SUMO,SBD12,OPTAA
GS01SUMO-SBD12-01-OPTAAD000,a_reference_counts,a_reference_counts,,,L0,counts,GS01SUMO,SBD12,OPTAA
GS01SUMO-SBD12-01-OPTAAD000,c_signal_counts,c_signal_counts,,,L0,counts,GS01SUMO,SBD12,OPTAA
GS01SUMO-SBD12-01-OPTAAD000,a_signal_counts,a_signal_counts,,,L0,counts,GS01SUMO,SBD12,OPTAA
GS01SUMO-SBD12-01-OPTAAD000,time,time,,,ENG,seconds since 1900-01-01,GS01SUMO,SBD12,OPTAA
GS01SUMO-SBD12-01-OPTAAD000,ingestion_timestamp,ingestion_timestamp,,,ENG,seconds since 1900-01-01,GS01SUMO,SBD12,OPTAA
GS01SUMO-SBD12-02-FLORTD000,driver_timestamp,driver_timestamp,,,ENG,seconds since 1900-01-01,GS01SUMO,SBD12,FLORT
GS01SUMO-SBD12-02-FLORTD000,date_string,date_string,,,ENG,1,GS01SUMO,SBD12,FLORT
GS01SUMO-SBD12-02-FLORTD000,time_string,time_string,,,ENG,1,GS01SUMO,SBD12,FLORT
GS01SUMO-SBD12-02-FLORTD000,measurement_wavelength_beta,measurement_wavelength_beta,,,,nm,GS01SUMO,SBD12,FLORT
GS01SUMO-SBD12-02-FLORTD000,raw_signal_beta,raw_signal_beta,,,L0,counts,GS01SUMO,SBD12,FLORT
GS01SUMO-SBD12-02-FLORTD000,measurement_wavelength_chl,measurement_wavelength_chl,,,,nm,GS01SUMO,SBD12,FLORT
GS01SUMO-SBD12-02-FLORTD000,raw_signal_chl,raw_signal_chl,,,L0,counts,GS01SUMO,SBD12,FLORT
GS01SUMO-SBD12-02-FLORTD000,measurement_wavelength_cdom,measurement_wavelength_cdom,,,,nm,GS01SUMO,SBD12,FLORT
GS01SUMO-SBD12-02-FLORTD000,raw_signal_cdom,raw_signal_cdom,,,L0,counts,GS01SUMO,SBD12,FLORT
GS01SUMO-SBD12-02-FLORTD000,raw_internal_temp,raw_internal_temp,,,,counts,GS01SUMO,SBD12,FLORT
GS01SUMO-SBD12-02-FLORTD000,internal_timestamp,internal_timestamp,,,ENG,seconds since 1900-01-01,GS01SUMO,SBD12,FLORT
GS01SUMO-SBD12-02-FLORTD000,preferred_timestamp,preferred_timestamp,,,ENG,1,GS01SUMO,SBD12,FLORT
GS01SUMO-SBD12-02-FLORTD000,flort_k_total_volume_scattering_coefficient,flort_k_total_volume_scattering_coefficient,,,L1,m-1 sr-1,GS01SUMO,SBD12,FLORT
GS01SUMO-SBD12-02-FLORTD000,fluorometric_chlorophyll_a,fluorometric_chlorophyll_a,0,50,L1,ug L-1,GS01SUMO,SBD12,FLORT
GS01SUMO-SBD12-02-FLORTD000,fluorometric_cdom,fluorometric_cdom,0,375,L1,ppb,GS01SUMO,SBD12,FLORT
GS01SUMO-SBD12-02-FLORTD000,dcl_controller_timestamp,dcl_controller_timestamp,,,ENG,1,GS01SUMO,SBD12,FLORT
GS01SUMO-SBD12-02-FLORTD000,flort_dj_dcl_bback_total,flort_dj_dcl_bback_total,0.0003,1,L2,m-1,GS01SUMO,SBD12,FLORT
GS01SUMO-SBD12-02-FLORTD000,flort_d_dcl_ctdbp_scat_seawater,flort_d_dcl_ctdbp_scat_seawater,,,AUX,m-1,GS01SUMO,SBD12,FLORT
GS01SUMO-SBD12-02-FLORTD000,time,time,,,ENG,seconds since 1900-01-01,GS01SUMO,SBD12,FLORT
GS01SUMO-SBD12-02-FLORTD000,ingestion_timestamp,ingestion_timestamp,,,ENG,seconds since 1900-01-01,GS01SUMO,SBD12,FLORT
GS01SUMO-SBD12-03-HYDGN00,driver_timestamp,driver_timestamp,,,ENG,seconds since 1900-01-01,GS01SUMO,SBD12,HYDGN
GS01SUMO-SBD12-03-HYDGN00,internal_timestamp,internal_timestamp,,,ENG,seconds since 1900-01-01,GS01SUMO,SBD12,HYDGN
GS01SUMO-SBD12-03-HYDGN00,preferred_timestamp,preferred_timestamp,,,ENG,1,GS01SUMO,SBD12,HYDGN
GS01SUMO-SBD12-03-HYDGN00,dcl_controller_timestamp,dcl_controller_timestamp,,,ENG,1,GS01SUMO,SBD12,HYDGN
GS01SUMO-SBD12-03-HYDGN00,hyd_raw,hyd_raw,,,AUX,counts,GS01SUMO,SBD12,HYDGN
GS01SUMO-SBD12-03-HYDGN00,hyd_percent,hyd_percent,,,AUX,Percentage,GS01SUMO,SBD12,HYDGN
GS01SUMO-SBD12-03-HYDGN00,time,time,,,ENG,seconds since 1900-01-01,GS01SUMO,SBD12,HYDGN
GS01SUMO-SBD12-03-HYDGN00,ingestion_timestamp,ingestion_timestamp,,,ENG,seconds since 1900-01-01,GS01SUMO,SBD12,HYDGN
GS01SUMO-SBD12-04-PCO2AA000,irga_detector_temperature,irga_detector_temperature,,,AUX,deg_C,GS01SUMO,SBD12,PCO2A
GS01SUMO-SBD12-04-PCO2AA000,irga_source_temperature,irga_source_temperature,,,AUX,deg_C,GS01SUMO,SBD12,PCO2A
GS01SUMO-SBD12-04-PCO2AA000,partial_pressure_co2_atm,partial_pressure_co2_atm,180,500,L1,uatm,GS01SUMO,SBD12,PCO2A
GS01SUMO-SBD12-04-PCO2AA000,partial_pressure_co2_ssw,partial_pressure_co2_ssw,100,600,L1,uatm,GS01SUMO,SBD12,PCO2A
GS01SUMO-SBD12-04-PCO2AA000,driver_timestamp,driver_timestamp,,,ENG,seconds since 1900-01-01,GS01SUMO,SBD12,PCO2A
GS01SUMO-SBD12-04-PCO2AA000,internal_timestamp,internal_timestamp,,,ENG,seconds since 1900-01-01,GS01SUMO,SBD12,PCO2A
GS01SUMO-SBD12-04-PCO2AA000,preferred_timestamp,preferred_timestamp,,,ENG,1,GS01SUMO,SBD12,PCO2A
GS01SUMO-SBD12-04-PCO2AA000,dcl_controller_timestamp,dcl_controller_timestamp,,,ENG,1,GS01SUMO,SBD12,PCO2A
GS01SUMO-SBD12-04-PCO2AA000,pco2_co2flux,pco2_co2flux,,,L2,mol m-2 s-1,GS01SUMO,SBD12,PCO2A
GS01SUMO-SBD12-04-PCO2AA000,time,time,,,ENG,seconds since 1900-01-01,GS01SUMO,SBD12,PCO2A
GS01SUMO-SBD12-04-PCO2AA000,ingestion_timestamp,ingestion_timestamp,,,ENG,seconds since 1900-01-01,GS01SUMO,SBD12,PCO2A
GS01SUMO-SBD12-04-PCO2AA000,date_time_string,date_time_string,,,,1,GS01SUMO,SBD12,PCO2A
GS01SUMO-SBD12-04-PCO2AA000,zero_a2d,zero_a2d,,,,counts,GS01SUMO,SBD12,PCO2A
GS01SUMO-SBD12-04-PCO2AA000,current_a2d,current_a2d,,,,counts,GS01SUMO,SBD12,PCO2A
GS01SUMO-SBD12-04-PCO2AA000,measured_air_co2,measured_air_co2,,,L0,ppm,GS01SUMO,SBD12,PCO2A
GS01SUMO-SBD12-04-PCO2AA000,measured_water_co2,measured_water_co2,,,L0,ppm,GS01SUMO,SBD12,PCO2A
GS01SUMO-SBD12-04-PCO2AA000,avg_irga_temperature,avg_irga_temperature,,,AUX,deg_C,GS01SUMO,SBD12,PCO2A
GS01SUMO-SBD12-04-PCO2AA000,humidity,humidity,,,AUX,mbar,GS01SUMO,SBD12,PCO2A
GS01SUMO-SBD12-04-PCO2AA000,humidity_temperature,humidity_temperature,,,AUX,deg_C,GS01SUMO,SBD12,PCO2A
GS01SUMO-SBD12-04-PCO2AA000,gas_stream_pressure,gas_stream_pressure,,,L0,mbar,GS01SUMO,SBD12,PCO2A
GS01SUMO-SBD12-05-WAVSSA000,driver_timestamp,driver_timestamp,,,ENG,seconds since 1900-01-01,GS01SUMO,SBD12,WAVSS
GS01SUMO-SBD12-05-WAVSSA000,date_string,date_string,,,ENG,1,GS01SUMO,SBD12,WAVSS
GS01SUMO-SBD12-05-WAVSSA000,time_string,time_string,,,ENG,1,GS01SUMO,SBD12,WAVSS
GS01SUMO-SBD12-05-WAVSSA000,internal_timestamp,internal_timestamp,,,ENG,seconds since 1900-01-01,GS01SUMO,SBD12,WAVSS
GS01SUMO-SBD12-05-WAVSSA000,preferred_timestamp,preferred_timestamp,,,ENG,1,GS01SUMO,SBD12,WAVSS
GS01SUMO-SBD12-05-WAVSSA000,dcl_controller_timestamp,dcl_controller_timestamp,,,ENG,1,GS01SUMO,SBD12,WAVSS
GS01SUMO-SBD12-05-WAVSSA000,number_zero_crossings,number_zero_crossings,,,L0,counts,GS01SUMO,SBD12,WAVSS
GS01SUMO-SBD12-05-WAVSSA000,average_wave_height,average_wave_height,0,12,L0,m,GS01SUMO,SBD12,WAVSS
GS01SUMO-SBD12-05-WAVSSA000,mean_spectral_period,mean_spectral_period,,,,sec,GS01SUMO,SBD12,WAVSS
GS01SUMO-SBD12-05-WAVSSA000,max_wave_height,max_wave_height,0,30,L0,m,GS01SUMO,SBD12,WAVSS
GS01SUMO-SBD12-05-WAVSSA000,significant_wave_height,significant_wave_height,0,18,L0,m,GS01SUMO,SBD12,WAVSS
GS01SUMO-SBD12-05-WAVSSA000,significant_period,significant_period,3,20,L0,sec,GS01SUMO,SBD12,WAVSS
GS01SUMO-SBD12-05-WAVSSA000,wave_height_10,wave_height_10,0,23,L0,m,GS01SUMO,SBD12,WAVSS
GS01SUMO-SBD12-05-WAVSSA000,wave_period_10,wave_period_10,3,30,L0,sec,GS01SUMO,SBD12,WAVSS
GS01SUMO-SBD12-05-WAVSSA000,mean_wave_period,mean_wave_period,3,30,L0,sec,GS01SUMO,SBD12,WAVSS
GS01SUMO-SBD12-05-WAVSSA000,peak_wave_period,peak_wave_period,3,30,L0,sec,GS01SUMO,SBD12,WAVSS
GS01SUMO-SBD12-05-WAVSSA000,wave_period_tp5,wave_period_tp5,3,30,L0,sec,GS01SUMO,SBD12,WAVSS
GS01SUMO-SBD12-05-WAVSSA000,wave_height_hmo,wave_height_hmo,0,30,L0,m,GS01SUMO,SBD12,WAVSS
GS01SUMO-SBD12-05-WAVSSA000,mean_direction,mean_direction,0,360,L0,degrees,GS01SUMO,SBD12,WAVSS
GS01SUMO-SBD12-05-WAVSSA000,mean_spread,mean_spread,,,,degrees,GS01SUMO,SBD12,WAVSS
GS01SUMO-SBD12-05-WAVSSA000,number_bands,number_bands,,,,1,GS01SUMO,SBD12,WAVSS
GS01SUMO-SBD12-05-WAVSSA000,initial_frequency,initial_frequency,,,,Hz,GS01SUMO,SBD12,WAVSS
GS01SUMO-SBD12-05-WAVSSA000,frequency_spacing,frequency_spacing,,,,Hz,GS01SUMO,SBD12,WAVSS
GS01SUMO-SBD12-05-WAVSSA000,psd_non_directional,psd_non_directional,,,L0,m2 Hz-1,GS01SUMO,SBD12,WAVSS
GS01SUMO-SBD12-05-WAVSSA000,psd_mean_directional,psd_mean_directional,,,L0,m2 Hz-1,GS01SUMO,SBD12,WAVSS
GS01SUMO-SBD12-05-WAVSSA000,mean_direction_array,mean_direction_array,0,360,L0,degrees,GS01SUMO,SBD12,WAVSS
GS01SUMO-SBD12-05-WAVSSA000,directional_spread_array,directional_spread_array,0,360,L0,degrees,GS01SUMO,SBD12,WAVSS
GS01SUMO-SBD12-05-WAVSSA000,number_time_samples,number_time_samples,,,,1,GS01SUMO,SBD12,WAVSS
GS01SUMO-SBD12-05-WAVSSA000,initial_time,initial_time,,,,sec,GS01SUMO,SBD12,WAVSS
GS01SUMO-SBD12-05-WAVSSA000,time_spacing,time_spacing,,,,sec,GS01SUMO,SBD12,WAVSS
GS01SUMO-SBD12-05-WAVSSA000,solution_found,solution_found,,,,1,GS01SUMO,SBD12,WAVSS
GS01SUMO-SBD12-05-WAVSSA000,heave_offset_array,heave_offset_array,0,3,L0,m,GS01SUMO,SBD12,WAVSS
GS01SUMO-SBD12-05-WAVSSA000,north_offset_array,north_offset_array,0,50,L0,m,GS01SUMO,SBD12,WAVSS
GS01SUMO-SBD12-05-WAVSSA000,east_offset_array,east_offset_array,0,50,L0,m,GS01SUMO,SBD12,WAVSS
GS01SUMO-SBD12-05-WAVSSA000,number_directional_bands,number_directional_bands,,,,1,GS01SUMO,SBD12,WAVSS
GS01SUMO-SBD12-05-WAVSSA000,initial_directional_frequency,initial_directional_frequency,,,,Hz,GS01SUMO,SBD12,WAVSS
GS01SUMO-SBD12-05-WAVSSA000,directional_frequency_spacing,directional_frequency_spacing,,,,Hz,GS01SUMO,SBD12,WAVSS
GS01SUMO-SBD12-05-WAVSSA000,fourier_coefficient_2d_array,fourier_coefficient_2d_array,,,,1,GS01SUMO,SBD12,WAVSS
GS01SUMO-SBD12-05-WAVSSA000,spread_direction,spread_direction,0,360,L0,degrees,GS01SUMO,SBD12,WAVSS
GS01SUMO-SBD12-05-WAVSSA000,wavss_a_directional_frequency,wavss_a_directional_frequency,,,L1,Hz,GS01SUMO,SBD12,WAVSS
GS01SUMO-SBD12-05-WAVSSA000,wavss_a_non_directional_frequency,wavss_a_non_directional_frequency,,,L1,Hz,GS01SUMO,SBD12,WAVSS
GS01SUMO-SBD12-05-WAVSSA000,wavss_a_buoymotion_time,wavss_a_buoymotion_time,,,L1,seconds since 1900-01-01,GS01SUMO,SBD12,WAVSS
GS01SUMO-SBD12-05-WAVSSA000,wavss_a_corrected_mean_wave_direction,wavss_a_corrected_mean_wave_direction,0,360,L1,deg,GS01SUMO,SBD12,WAVSS
GS01SUMO-SBD12-05-WAVSSA000,wavss_a_corrected_directional_wave_direction,wavss_a_corrected_directional_wave_direction,0,360,L1,deg,GS01SUMO,SBD12,WAVSS
GS01SUMO-SBD12-05-WAVSSA000,wavss_a_magcor_buoymotion_x,wavss_a_magcor_buoymotion_x,0,50,L1,m,GS01SUMO,SBD12,WAVSS
GS01SUMO-SBD12-05-WAVSSA000,wavss_a_magcor_buoymotion_y,wavss_a_magcor_buoymotion_y,0,50,L1,m,GS01SUMO,SBD12,WAVSS
GS01SUMO-SBD12-05-WAVSSA000,serial_number,serial_number,,,ENG,1,GS01SUMO,SBD12,WAVSS
GS01SUMO-SBD12-05-WAVSSA000,time,time,,,ENG,seconds since 1900-01-01,GS01SUMO,SBD12,WAVSS
GS01SUMO-SBD12-05-WAVSSA000,ingestion_timestamp,ingestion_timestamp,,,ENG,seconds since 1900-01-01,GS01SUMO,SBD12,WAVSS
GS01SUMO-SBD12-06-METBKA000,port_timestamp,port_timestamp,,,ENG,seconds since 1900-01-01,GS01SUMO,SBD12,METBK
GS01SUMO-SBD12-06-METBKA000,barometric_pressure,barometric_pressure,,,L0,mbar,GS01SUMO,SBD12,METBK
GS01SUMO-SBD12-06-METBKA000,relative_humidity,relative_humidity,0,100,L1,%,GS01SUMO,SBD12,METBK
GS01SUMO-SBD12-06-METBKA000,air_temperature,air_temperature,-50,50,L1,deg_C,GS01SUMO,SBD12,METBK
GS01SUMO-SBD12-06-METBKA000,longwave_irradiance,longwave_irradiance,200,500,L1,W m-2,GS01SUMO,SBD12,METBK
GS01SUMO-SBD12-06-METBKA000,precipitation,precipitation,0,50,L1,mm,GS01SUMO,SBD12,METBK
GS01SUMO-SBD12-06-METBKA000,sea_surface_temperature,sea_surface_temperature,-2,40,L1,deg_C,GS01SUMO,SBD12,METBK
GS01SUMO-SBD12-06-METBKA000,sea_surface_conductivity,sea_surface_conductivity,0,6,L1,S m-1,GS01SUMO,SBD12,METBK
GS01SUMO-SBD12-06-METBKA000,shortwave_irradiance,shortwave_irradiance,0,1000,L1,W m-2,GS01SUMO,SBD12,METBK
GS01SUMO-SBD12-06-METBKA000,eastward_wind_velocity,eastward_wind_velocity,-10,10,L0,m s-1,GS01SUMO,SBD12,METBK
GS01SUMO-SBD12-06-METBKA000,northward_wind_velocity,northward_wind_velocity,-10,10,L0,m s-1,GS01SUMO,SBD12,METBK
GS01SUMO-SBD12-06-METBKA000,driver_timestamp,driver_timestamp,,,ENG,seconds since 1900-01-01,GS01SUMO,SBD12,METBK
GS01SUMO-SBD12-06-METBKA000,internal_timestamp,internal_timestamp,,,ENG,seconds since 1900-01-01,GS01SUMO,SBD12,METBK
GS01SUMO-SBD12-06-METBKA000,preferred_timestamp,preferred_timestamp,,,ENG,1,GS01SUMO,SBD12,METBK
GS01SUMO-SBD12-06-METBKA000,dcl_controller_timestamp,dcl_controller_timestamp,,,ENG,1,GS01SUMO,SBD12,METBK
GS01SUMO-SBD12-06-METBKA000,met_barpres,met_barpres,87000,108330,L1,Pa,GS01SUMO,SBD12,METBK
GS01SUMO-SBD12-06-METBKA000,met_windavg_mag_corr_east,met_windavg_mag_corr_east,-33,33,L1,m s-1,GS01SUMO,SBD12,METBK
GS01SUMO-SBD12-06-METBKA000,met_windavg_mag_corr_north,met_windavg_mag_corr_north,-33,33,L1,m s-1,GS01SUMO,SBD12,METBK
GS01SUMO-SBD12-06-METBKA000,met_current_direction,met_current_direction,0,360,L1,degrees,GS01SUMO,SBD12,METBK
GS01SUMO-SBD12-06-METBKA000,met_current_speed,met_current_speed,-3,3,L1,m s-1,GS01SUMO,SBD12,METBK
GS01SUMO-SBD12-06-METBKA000,met_relwind_direction,met_relwind_direction,0,360,L1,degrees,GS01SUMO,SBD12,METBK
GS01SUMO-SBD12-06-METBKA000,met_relwind_speed,met_relwind_speed,-33,33,L1,m s-1,GS01SUMO,SBD12,METBK
GS01SUMO-SBD12-06-METBKA000,met_timeflx,met_timeflx,,,L1,seconds since 01-01-1900,GS01SUMO,SBD12,METBK
GS01SUMO-SBD12-06-METBKA000,met_netsirr,met_netsirr,0,500,L1,W m-2,GS01SUMO,SBD12,METBK
GS01SUMO-SBD12-06-METBKA000,met_rainrte,met_rainrte,0,50,L2,mm hr-1,GS01SUMO,SBD12,METBK
GS01SUMO-SBD12-06-METBKA000,met_salsurf,met_salsurf,0,42,L2,1,GS01SUMO,SBD12,METBK
GS01SUMO-SBD12-06-METBKA000,met_spechum,met_spechum,0,47,L2,g kg-1,GS01SUMO,SBD12,METBK
GS01SUMO-SBD12-06-METBKA000,met_buoyfls,met_buoyfls,,,L2,W m-2,GS01SUMO,SBD12,METBK
GS01SUMO-SBD12-06-METBKA000,met_buoyflx,met_buoyflx,,,L2,W m-2,GS01SUMO,SBD12,METBK
GS01SUMO-SBD12-06-METBKA000,met_frshflx,met_frshflx,,,L2,mm hr-1,GS01SUMO,SBD12,METBK
GS01SUMO-SBD12-06-METBKA000,met_heatflx,met_heatflx,,,L2,W m-2,GS01SUMO,SBD12,METBK
GS01SUMO-SBD12-06-METBKA000,met_latnflx,met_latnflx,,,L2,W m-2,GS01SUMO,SBD12,METBK
GS01SUMO-SBD12-06-METBKA000,met_mommflx,met_mommflx,,,L2,N m-2,GS01SUMO,SBD12,METBK
GS01SUMO-SBD12-06-METBKA000,met_netlirr,met_netlirr,,,L2,W m-2,GS01SUMO,SBD12,METBK
GS01SUMO-SBD12-06-METBKA000,met_rainflx,met_rainflx,,,L2,W m-2,GS01SUMO,SBD12,METBK
GS01SUMO-SBD12-06-METBKA000,met_sensflx,met_sensflx,,,L2,W m-2,GS01SUMO,SBD12,METBK
GS01SUMO-SBD12-06-METBKA000,met_sphum2m,met_sphum2m,0,47,L2,g kg-1,GS01SUMO,SBD12,METBK
GS01SUMO-SBD12-06-METBKA000,met_stablty,met_stablty,,,L2,1,GS01SUMO,SBD12,METBK
GS01SUMO-SBD12-06-METBKA000,met_tempa2m,met_tempa2m,-50,50,L2,deg_C,GS01SUMO,SBD12,METBK
GS01SUMO-SBD12-06-METBKA000,met_tempskn,met_tempskn,-2,40,L2,degC,GS01SUMO,SBD12,METBK
GS01SUMO-SBD12-06-METBKA000,met_wind10m,met_wind10m,-33,33,L2,m s-1,GS01SUMO,SBD12,METBK
GS01SUMO-SBD12-06-METBKA000,time,time,,,ENG,seconds since 1900-01-01,GS01SUMO,SBD12,METBK
GS01SUMO-SBD12-06-METBKA000,ingestion_timestamp,ingestion_timestamp,,,ENG,seconds since 1900-01-01,GS01SUMO,SBD12,METBK
GS01SUMO-SBD12-08-FDCHPA000,driver_timestamp,driver_timestamp,,,ENG,seconds since 1900-01-01,GS01SUMO,SBD12,FDCHP
GS01SUMO-SBD12-08-FDCHPA000,internal_timestamp,internal_timestamp,,,ENG,seconds since 1900-01-01,GS01SUMO,SBD12,FDCHP
GS01SUMO-SBD12-08-FDCHPA000,preferred_timestamp,preferred_timestamp,,,ENG,1,GS01SUMO,SBD12,FDCHP
GS01SUMO-SBD12-08-FDCHPA000,dcl_controller_timestamp,dcl_controller_timestamp,,,ENG,1,GS01SUMO,SBD12,FDCHP
GS01SUMO-SBD12-08-FDCHPA000,year,year,,,,year,GS01SUMO,SBD12,FDCHP
GS01SUMO-SBD12-08-FDCHPA000,instrument_start_timestamp,instrument_start_timestamp,,,ENG,1,GS01SUMO,SBD12,FDCHP
GS01SUMO-SBD12-08-FDCHPA000,time_datacollection,time_datacollection,,,ENG,sec,GS01SUMO,SBD12,FDCHP
GS01SUMO-SBD12-08-FDCHPA000,v_num_datacollection,v_num_datacollection,,,ENG,1,GS01SUMO,SBD12,FDCHP
GS01SUMO-SBD12-08-FDCHPA000,status_datacollection,status_datacollection,,,ENG,1,GS01SUMO,SBD12,FDCHP
GS01SUMO-SBD12-08-FDCHPA000,wind_u_avg,wind_u_avg,,,AUX,m s-1,GS01SUMO,SBD12,FDCHP
GS01SUMO-SBD12-08-FDCHPA000,wind_v_avg,wind_v_avg,,,AUX,m s-1,GS01SUMO,SBD12,FDCHP
GS01SUMO-SBD12-08-FDCHPA000,wind_w_avg,wind_w_avg,,,AUX,m s-1,GS01SUMO,SBD12,FDCHP
GS01SUMO-SBD12-08-FDCHPA000,speed_of_sound_avg,speed_of_sound_avg,,,AUX,m s-1,GS01SUMO,SBD12,FDCHP
GS01SUMO-SBD12-08-FDCHPA000,wind_u_std,wind_u_std,,,AUX,m s-1,GS01SUMO,SBD12,FDCHP
GS01SUMO-SBD12-08-FDCHPA000,wind_v_std,wind_v_std,,,AUX,m s-1,GS01SUMO,SBD12,FDCHP
GS01SUMO-SBD12-08-FDCHPA000,wind_w_std,wind_w_std,,,AUX,m s-1,GS01SUMO,SBD12,FDCHP
GS01SUMO-SBD12-08-FDCHPA000,speed_of_sound_std,speed_of_sound_std,,,AUX,m s-1,GS01SUMO,SBD12,FDCHP
GS01SUMO-SBD12-08-FDCHPA000,wind_u_max,wind_u_max,,,AUX,m s-1,GS01SUMO,SBD12,FDCHP
GS01SUMO-SBD12-08-FDCHPA000,wind_v_max,wind_v_max,,,AUX,m s-1,GS01SUMO,SBD12,FDCHP
GS01SUMO-SBD12-08-FDCHPA000,wind_w_max,wind_w_max,,,AUX,m s-1,GS01SUMO,SBD12,FDCHP
GS01SUMO-SBD12-08-FDCHPA000,speed_of_sound_max,speed_of_sound_max,,,AUX,m s-1,GS01SUMO,SBD12,FDCHP
GS01SUMO-SBD12-08-FDCHPA000,wind_u_min,wind_u_min,,,AUX,m s-1,GS01SUMO,SBD12,FDCHP
GS01SUMO-SBD12-08-FDCHPA000,wind_v_min,wind_v_min,,,AUX,m s-1,GS01SUMO,SBD12,FDCHP
GS01SUMO-SBD12-08-FDCHPA000,wind_w_min,wind_w_min,,,AUX,m s-1,GS01SUMO,SBD12,FDCHP
GS01SUMO-SBD12-08-FDCHPA000,speed_of_sound_min,speed_of_sound_min,,,AUX,m s-1,GS01SUMO,SBD12,FDCHP
GS01SUMO-SBD12-08-FDCHPA000,x_accel,x_accel,,,AUX,m s-2,GS01SUMO,SBD12,FDCHP
GS01SUMO-SBD12-08-FDCHPA000,y_accel,y_accel,,,AUX,m s-2,GS01SUMO,SBD12,FDCHP
GS01SUMO-SBD12-08-FDCHPA000,z_accel,z_accel,,,AUX,m s-2,GS01SUMO,SBD12,FDCHP
GS01SUMO-SBD12-08-FDCHPA000,x_accel_std,x_accel_std,,,AUX,m s-2,GS01SUMO,SBD12,FDCHP
GS01SUMO-SBD12-08-FDCHPA000,y_accel_std,y_accel_std,,,AUX,m s-2,GS01SUMO,SBD12,FDCHP
GS01SUMO-SBD12-08-FDCHPA000,z_accel_std,z_accel_std,,,AUX,m s-2,GS01SUMO,SBD12,FDCHP
GS01SUMO-SBD12-08-FDCHPA000,x_accel_max,x_accel_max,,,AUX,m s-2,GS01SUMO,SBD12,FDCHP
GS01SUMO-SBD12-08-FDCHPA000,y_accel_max,y_accel_max,,,AUX,m s-2,GS01SUMO,SBD12,FDCHP
GS01SUMO-SBD12-08-FDCHPA000,z_accel_max,z_accel_max,,,AUX,m s-2,GS01SUMO,SBD12,FDCHP
GS01SUMO-SBD12-08-FDCHPA000,x_accel_min,x_accel_min,,,AUX,m s-2,GS01SUMO,SBD12,FDCHP
GS01SUMO-SBD12-08-FDCHPA000,y_accel_min,y_accel_min,,,AUX,m s-2,GS01SUMO,SBD12,FDCHP
GS01SUMO-SBD12-08-FDCHPA000,z_accel_min,z_accel_min,,,AUX,m s-2,GS01SUMO,SBD12,FDCHP
GS01SUMO-SBD12-08-FDCHPA000,x_ang_rate,x_ang_rate,,,AUX,rad s-1,GS01SUMO,SBD12,FDCHP
GS01SUMO-SBD12-08-FDCHPA000,x_ang_rate,x_ang_rate,,,L0,rad s-1,GS01SUMO,SBD12,FDCHP
GS01SUMO-SBD12-08-FDCHPA000,y_ang_rate,y_ang_rate,,,AUX,rad s-1,GS01SUMO,SBD12,FDCHP
GS01SUMO-SBD12-08-FDCHPA000,y_ang_rate,y_ang_rate,,,L0,rad s-1,GS01SUMO,SBD12,FDCHP
GS01SUMO-SBD12-08-FDCHPA000,z_ang_rate,z_ang_rate,,,AUX,rad s-1,GS01SUMO,SBD12,FDCHP
GS01SUMO-SBD12-08-FDCHPA000,z_ang_rate,z_ang_rate,,,L0,rad s-1,GS01SUMO,SBD12,FDCHP
GS01SUMO-SBD12-08-FDCHPA000,x_ang_rate_std,x_ang_rate_std,,,AUX,rad s-1,GS01SUMO,SBD12,FDCHP
GS01SUMO-SBD12-08-FDCHPA000,y_ang_rate_std,y_ang_rate_std,,,AUX,rad s-1,GS01SUMO,SBD12,FDCHP
GS01SUMO-SBD12-08-FDCHPA000,z_ang_rate_std,z_ang_rate_std,,,AUX,rad s-1,GS01SUMO,SBD12,FDCHP
GS01SUMO-SBD12-08-FDCHPA000,x_ang_rate_max,x_ang_rate_max,,,AUX,rad s-1,GS01SUMO,SBD12,FDCHP
GS01SUMO-SBD12-08-FDCHPA000,y_ang_rate_max,y_ang_rate_max,,,AUX,rad s-1,GS01SUMO,SBD12,FDCHP
GS01SUMO-SBD12-08-FDCHPA000,z_ang_rate_max,z_ang_rate_max,,,AUX,rad s-1,GS01SUMO,SBD12,FDCHP
GS01SUMO-SBD12-08-FDCHPA000,x_ang_rate_min,x_ang_rate_min,,,AUX,rad s-1,GS01SUMO,SBD12,FDCHP
GS01SUMO-SBD12-08-FDCHPA000,y_ang_rate_min,y_ang_rate_min,,,AUX,rad s-1,GS01SUMO,SBD12,FDCHP
GS01SUMO-SBD12-08-FDCHPA000,z_ang_rate_min,z_ang_rate_min,,,AUX,rad s-1,GS01SUMO,SBD12,FDCHP
GS01SUMO-SBD12-08-FDCHPA000,heading_std,heading_std,,,AUX,rad,GS01SUMO,SBD12,FDCHP
GS01SUMO-SBD12-08-FDCHPA000,pitch_std,pitch_std,,,AUX,rad,GS01SUMO,SBD12,FDCHP
GS01SUMO-SBD12-08-FDCHPA000,roll_std,roll_std,,,AUX,rad,GS01SUMO,SBD12,FDCHP
GS01SUMO-SBD12-08-FDCHPA000,heading_max,heading_max,,,AUX,rad,GS01SUMO,SBD12,FDCHP
GS01SUMO-SBD12-08-FDCHPA000,pitch_max,pitch_max,,,AUX,rad,GS01SUMO,SBD12,FDCHP
GS01SUMO-SBD12-08-FDCHPA000,roll_max,roll_max,,,AUX,rad,GS01SUMO,SBD12,FDCHP
GS01SUMO-SBD12-08-FDCHPA000,heading_min,heading_min,,,AUX,rad,GS01SUMO,SBD12,FDCHP
GS01SUMO-SBD12-08-FDCHPA000,pitch_min,pitch_min,,,AUX,rad,GS01SUMO,SBD12,FDCHP
GS01SUMO-SBD12-08-FDCHPA000,roll_min,roll_min,,,AUX,rad,GS01SUMO,SBD12,FDCHP
GS01SUMO-SBD12-08-FDCHPA000,u_corr,u_corr,,,AUX,m s-1,GS01SUMO,SBD12,FDCHP
GS01SUMO-SBD12-08-FDCHPA000,v_corr,v_corr,,,AUX,m s-1,GS01SUMO,SBD12,FDCHP
GS01SUMO-SBD12-08-FDCHPA000,w_corr,w_corr,,,AUX,m s-1,GS01SUMO,SBD12,FDCHP
GS01SUMO-SBD12-08-FDCHPA000,u_corr_std,u_corr_std,,,AUX,m s-1,GS01SUMO,SBD12,FDCHP
GS01SUMO-SBD12-08-FDCHPA000,v_corr_std,v_corr_std,,,AUX,m s-1,GS01SUMO,SBD12,FDCHP
GS01SUMO-SBD12-08-FDCHPA000,w_corr_std,w_corr_std,,,AUX,m s-1,GS01SUMO,SBD12,FDCHP
GS01SUMO-SBD12-08-FDCHPA000,wind_speed,wind_speed,,,AUX,m s-1,GS01SUMO,SBD12,FDCHP
GS01SUMO-SBD12-08-FDCHPA000,uw_momentum_flux,uw_momentum_flux,,,L2,m2 s-2,GS01SUMO,SBD12,FDCHP
GS01SUMO-SBD12-08-FDCHPA000,vw_momentum_flux,vw_momentum_flux,,,L2,m2 s-2,GS01SUMO,SBD12,FDCHP
GS01SUMO-SBD12-08-FDCHPA000,buoyance_flux,buoyance_flux,,,L2,m s-1 K,GS01SUMO,SBD12,FDCHP
GS01SUMO-SBD12-08-FDCHPA000,eng_wave_motion,eng_wave_motion,,,ENG,1,GS01SUMO,SBD12,FDCHP
GS01SUMO-SBD12-08-FDCHPA000,month,month,,,ENG,month,GS01SUMO,SBD12,FDCHP
GS01SUMO-SBD12-08-FDCHPA000,day,day,,,ENG,day,GS01SUMO,SBD12,FDCHP
GS01SUMO-SBD12-08-FDCHPA000,hour,hour,,,ENG,hour,GS01SUMO,SBD12,FDCHP
GS01SUMO-SBD12-08-FDCHPA000,minute,minute,,,ENG,minute,GS01SUMO,SBD12,FDCHP
GS01SUMO-SBD12-08-FDCHPA000,second,second,,,ENG,second,GS01SUMO,SBD12,FDCHP
GS01SUMO-SBD12-08-FDCHPA000,millisecond,millisecond,,,ENG,millisecond,GS01SUMO,SBD12,FDCHP
GS01SUMO-SBD12-08-FDCHPA000,fdchp_wind_x,fdchp_wind_x,,,L0,cm s-1,GS01SUMO,SBD12,FDCHP
GS01SUMO-SBD12-08-FDCHPA000,fdchp_wind_y,fdchp_wind_y,,,L0,cm s-1,GS01SUMO,SBD12,FDCHP
GS01SUMO-SBD12-08-FDCHPA000,fdchp_wind_z,fdchp_wind_z,,,L0,cm s-1,GS01SUMO,SBD12,FDCHP
GS01SUMO-SBD12-08-FDCHPA000,fdchp_speed_of_sound_sonic,fdchp_speed_of_sound_sonic,,,L0,cm s-1,GS01SUMO,SBD12,FDCHP
GS01SUMO-SBD12-08-FDCHPA000,fdchp_x_accel_g,fdchp_x_accel_g,,,L0,g [m s-2],GS01SUMO,SBD12,FDCHP
GS01SUMO-SBD12-08-FDCHPA000,fdchp_y_accel_g,fdchp_y_accel_g,,,L0,g [m s-2],GS01SUMO,SBD12,FDCHP
GS01SUMO-SBD12-08-FDCHPA000,fdchp_z_accel_g,fdchp_z_accel_g,,,L0,g [m s-2],GS01SUMO,SBD12,FDCHP
GS01SUMO-SBD12-08-FDCHPA000,fdchp_roll,fdchp_roll,0,360,L0,rad,GS01SUMO,SBD12,FDCHP
GS01SUMO-SBD12-08-FDCHPA000,fdchp_pitch,fdchp_pitch,0,360,L0,rad,GS01SUMO,SBD12,FDCHP
GS01SUMO-SBD12-08-FDCHPA000,fdchp_heading,fdchp_heading,0,360,L0,rad,GS01SUMO,SBD12,FDCHP
GS01SUMO-SBD12-08-FDCHPA000,fdchp_status_1,fdchp_status_1,,,ENG,1,GS01SUMO,SBD12,FDCHP
GS01SUMO-SBD12-08-FDCHPA000,fdchp_status_2,fdchp_status_2,,,ENG,1,GS01SUMO,SBD12,FDCHP
GS01SUMO-SBD12-08-FDCHPA000,fdchp_a_tmpatur,fdchp_a_tmpatur,-50,50,L1,deg_C,GS01SUMO,SBD12,FDCHP
GS01SUMO-SBD12-08-FDCHPA000,fdchp_a_windtur_north,fdchp_a_windtur_north,-33,33,L1,m s-1,GS01SUMO,SBD12,FDCHP
GS01SUMO-SBD12-08-FDCHPA000,fdchp_a_windtur_up,fdchp_a_windtur_up,-10,10,L1,m s-1,GS01SUMO,SBD12,FDCHP
GS01SUMO-SBD12-08-FDCHPA000,fdchp_a_windtur_west,fdchp_a_windtur_west,-33,33,L1,m s-1,GS01SUMO,SBD12,FDCHP
GS01SUMO-SBD12-08-FDCHPA000,fdchp_a_fluxhot,fdchp_a_fluxhot,,,L2,m s-1 K,GS01SUMO,SBD12,FDCHP
GS01SUMO-SBD12-08-FDCHPA000,fdchp_a_fluxmom_alongwind,fdchp_a_fluxmom_alongwind,,,L2,m2 s-2,GS01SUMO,SBD12,FDCHP
GS01SUMO-SBD12-08-FDCHPA000,fdchp_a_fluxmom_crosswind,fdchp_a_fluxmom_crosswind,,,L2,m2 s-2,GS01SUMO,SBD12,FDCHP
GS01SUMO-SBD12-08-FDCHPA000,fdchp_a_time_L1,fdchp_a_time_L1,,,L1,seconds since 1900-01-01,GS01SUMO,SBD12,FDCHP
GS01SUMO-SBD12-08-FDCHPA000,fdchp_a_time_L2,fdchp_a_time_L2,,,L1,seconds since 1900-01-01,GS01SUMO,SBD12,FDCHP
GS01SUMO-SBD12-08-FDCHPA000,heading,heading,,,AUX,rad,GS01SUMO,SBD12,FDCHP
GS01SUMO-SBD12-08-FDCHPA000,pitch,pitch,,,AUX,rad,GS01SUMO,SBD12,FDCHP
GS01SUMO-SBD12-08-FDCHPA000,roll,roll,,,AUX,rad,GS01SUMO,SBD12,FDCHP
GS01SUMO-SBD12-08-FDCHPA000,time,time,,,ENG,seconds since 1900-01-01,GS01SUMO,SBD12,FDCHP
GS01SUMO-SBD12-08-FDCHPA000,ingestion_timestamp,ingestion_timestamp,,,ENG,seconds since 1900-01-01,GS01SUMO,SBD12,FDCHP
GS02HYPM-MPM01-02-ZPLSGA009,Still in development,Still in development,,,L1,(echogram),GS02HYPM,MPM01,ZPLSG
GS02HYPM-MPM01-02-ZPLSGA010,Still in development,Still in development,,,L1,(echogram),GS02HYPM,MPM01,ZPLSG
GS02HYPM-RIM01-02-CTDMOG039,driver_timestamp,driver_timestamp,,,ENG,seconds since 1900-01-01,GS02HYPM,RIM01,CTDMO
GS02HYPM-RIM01-02-CTDMOG039,internal_timestamp,internal_timestamp,,,ENG,seconds since 1900-01-01,GS02HYPM,RIM01,CTDMO
GS02HYPM-RIM01-02-CTDMOG039,inductive_id,inductive_id,,,ENG,1,GS02HYPM,RIM01,CTDMO
GS02HYPM-RIM01-02-CTDMOG039,preferred_timestamp,preferred_timestamp,,,ENG,1,GS02HYPM,RIM01,CTDMO
GS02HYPM-RIM01-02-CTDMOG039,temperature,temperature,,,L0,counts,GS02HYPM,RIM01,CTDMO
GS02HYPM-RIM01-02-CTDMOG039,conductivity,conductivity,,,L0,counts,GS02HYPM,RIM01,CTDMO
GS02HYPM-RIM01-02-CTDMOG039,pressure,pressure,,,L0,counts,GS02HYPM,RIM01,CTDMO
GS02HYPM-RIM01-02-CTDMOG039,pressure_temp,pressure_temp,,,L0,counts,GS02HYPM,RIM01,CTDMO
GS02HYPM-RIM01-02-CTDMOG039,ctd_time,ctd_time,,,ENG,seconds since 2000-01-01,GS02HYPM,RIM01,CTDMO
GS02HYPM-RIM01-02-CTDMOG039,sio_controller_timestamp,sio_controller_timestamp,,,ENG,seconds since 1970-01-01,GS02HYPM,RIM01,CTDMO
GS02HYPM-RIM01-02-CTDMOG039,ctd_time_offset,ctd_time_offset,,,,s,GS02HYPM,RIM01,CTDMO
GS02HYPM-RIM01-02-CTDMOG039,ctdmo_seawater_pressure,ctdmo_seawater_pressure,0,6000,L1,dbar,GS02HYPM,RIM01,CTDMO
GS02HYPM-RIM01-02-CTDMOG039,ctdmo_seawater_temperature,ctdmo_seawater_temperature,-2,40,L1,deg_C,GS02HYPM,RIM01,CTDMO
GS02HYPM-RIM01-02-CTDMOG039,ctdmo_seawater_conductivity,ctdmo_seawater_conductivity,0,6,L1,S m-1,GS02HYPM,RIM01,CTDMO
GS02HYPM-RIM01-02-CTDMOG039,ctdmo_practical_salinity,ctdmo_practical_salinity,0,42,L2,(unitless),GS02HYPM,RIM01,CTDMO
GS02HYPM-RIM01-02-CTDMOG039,ctdmo_seawater_density,ctdmo_seawater_density,1000,1100,L2,kg m-3,GS02HYPM,RIM01,CTDMO
GS02HYPM-RIM01-02-CTDMOG039,serial_number,serial_number,,,ENG,1,GS02HYPM,RIM01,CTDMO
GS02HYPM-RIM01-02-CTDMOG039,time,time,,,ENG,seconds since 1900-01-01,GS02HYPM,RIM01,CTDMO
GS02HYPM-RIM01-02-CTDMOG039,ingestion_timestamp,ingestion_timestamp,,,ENG,seconds since 1900-01-01,GS02HYPM,RIM01,CTDMO
GS02HYPM-WFP02-01-FLORDL000,driver_timestamp,driver_timestamp,,,ENG,seconds since 1900-01-01,GS02HYPM,WFP02,FLORD
GS02HYPM-WFP02-01-FLORDL000,raw_signal_beta,raw_signal_beta,,,L0,counts,GS02HYPM,WFP02,FLORD
GS02HYPM-WFP02-01-FLORDL000,raw_signal_chl,raw_signal_chl,,,L0,counts,GS02HYPM,WFP02,FLORD
GS02HYPM-WFP02-01-FLORDL000,raw_internal_temp,raw_internal_temp,,,,counts,GS02HYPM,WFP02,FLORD
GS02HYPM-WFP02-01-FLORDL000,internal_timestamp,internal_timestamp,,,ENG,seconds since 1900-01-01,GS02HYPM,WFP02,FLORD
GS02HYPM-WFP02-01-FLORDL000,preferred_timestamp,preferred_timestamp,,,ENG,1,GS02HYPM,WFP02,FLORD
GS02HYPM-WFP02-01-FLORDL000,wfp_timestamp,wfp_timestamp,,,ENG,seconds since 1970-01-01,GS02HYPM,WFP02,FLORD
GS02HYPM-WFP02-01-FLORDL000,flort_k_total_volume_scattering_coefficient,flort_k_total_volume_scattering_coefficient,,,L1,m-1 sr-1,GS02HYPM,WFP02,FLORD
GS02HYPM-WFP02-01-FLORDL000,fluorometric_chlorophyll_a,fluorometric_chlorophyll_a,0,50,L1,ug L-1,GS02HYPM,WFP02,FLORD
GS02HYPM-WFP02-01-FLORDL000,flort_kn_bback_total,flort_kn_bback_total,0.0003,1,L2,m-1,GS02HYPM,WFP02,FLORD
GS02HYPM-WFP02-01-FLORDL000,scat_seawater,scat_seawater,,,AUX,m-1,GS02HYPM,WFP02,FLORD
GS02HYPM-WFP02-01-FLORDL000,time,time,,,ENG,seconds since 1900-01-01,GS02HYPM,WFP02,FLORD
GS02HYPM-WFP02-01-FLORDL000,ingestion_timestamp,ingestion_timestamp,,,ENG,seconds since 1900-01-01,GS02HYPM,WFP02,FLORD
GS02HYPM-WFP02-03-DOSTAL000,driver_timestamp,driver_timestamp,,,ENG,seconds since 1900-01-01,GS02HYPM,WFP02,DOSTA
GS02HYPM-WFP02-03-DOSTAL000,internal_timestamp,internal_timestamp,,,ENG,seconds since 1900-01-01,GS02HYPM,WFP02,DOSTA
GS02HYPM-WFP02-03-DOSTAL000,preferred_timestamp,preferred_timestamp,,,ENG,1,GS02HYPM,WFP02,DOSTA
GS02HYPM-WFP02-03-DOSTAL000,wfp_timestamp,wfp_timestamp,,,ENG,seconds since 1970-01-01,GS02HYPM,WFP02,DOSTA
GS02HYPM-WFP02-03-DOSTAL000,dosta_ln_wfp_abs_oxygen,dosta_ln_wfp_abs_oxygen,0,400,L2,umol kg-1,GS02HYPM,WFP02,DOSTA
GS02HYPM-WFP02-03-DOSTAL000,time,time,,,ENG,seconds since 1900-01-01,GS02HYPM,WFP02,DOSTA
GS02HYPM-WFP02-03-DOSTAL000,ingestion_timestamp,ingestion_timestamp,,,ENG,seconds since 1900-01-01,GS02HYPM,WFP02,DOSTA
GS02HYPM-WFP02-03-DOSTAL000,estimated_oxygen_concentration,estimated_oxygen_concentration,0,400,L1,umol L-1,GS02HYPM,WFP02,DOSTA
GS02HYPM-WFP02-03-DOSTAL000,estimated_oxygen_saturation,estimated_oxygen_saturation,0,110,L1,percent,GS02HYPM,WFP02,DOSTA
GS02HYPM-WFP02-03-DOSTAL000,optode_temperature,optode_temperature,-2,40,,deg_C,GS02HYPM,WFP02,DOSTA
GS02HYPM-WFP02-04-CTDPFL000,driver_timestamp,driver_timestamp,,,ENG,seconds since 1900-01-01,GS02HYPM,WFP02,CTDPF
GS02HYPM-WFP02-04-CTDPFL000,internal_timestamp,internal_timestamp,,,ENG,seconds since 1900-01-01,GS02HYPM,WFP02,CTDPF
GS02HYPM-WFP02-04-CTDPFL000,wfp_time_on,wfp_time_on,,,,seconds since 1970-01-01,GS02HYPM,WFP02,CTDPF
GS02HYPM-WFP02-04-CTDPFL000,wfp_time_off,wfp_time_off,,,,seconds since 1970-01-01,GS02HYPM,WFP02,CTDPF
GS02HYPM-WFP02-04-CTDPFL000,wfp_number_samples,wfp_number_samples,,,,counts,GS02HYPM,WFP02,CTDPF
GS02HYPM-WFP02-04-CTDPFL000,preferred_timestamp,preferred_timestamp,,,ENG,1,GS02HYPM,WFP02,CTDPF
GS02HYPM-WFP02-04-CTDPFL000,temperature,temperature,,,L0,counts,GS02HYPM,WFP02,CTDPF
GS02HYPM-WFP02-04-CTDPFL000,conductivity,conductivity,,,L0,counts,GS02HYPM,WFP02,CTDPF
GS02HYPM-WFP02-04-CTDPFL000,pressure,pressure,,,L0,counts,GS02HYPM,WFP02,CTDPF
GS02HYPM-WFP02-04-CTDPFL000,ctdpf_ckl_seawater_pressure,ctdpf_ckl_seawater_pressure,0,6000,L1,dbar,GS02HYPM,WFP02,CTDPF
GS02HYPM-WFP02-04-CTDPFL000,ctdpf_ckl_seawater_temperature,ctdpf_ckl_seawater_temperature,-2,40,L1,deg_C,GS02HYPM,WFP02,CTDPF
GS02HYPM-WFP02-04-CTDPFL000,ctdpf_ckl_seawater_conductivity,ctdpf_ckl_seawater_conductivity,0,6,L1,S m-1,GS02HYPM,WFP02,CTDPF
GS02HYPM-WFP02-04-CTDPFL000,ctdpf_ckl_sci_water_pracsal,ctdpf_ckl_sci_water_pracsal,0,42,L2,1,GS02HYPM,WFP02,CTDPF
GS02HYPM-WFP02-04-CTDPFL000,ctdpf_ckl_seawater_density,ctdpf_ckl_seawater_density,1000,1100,L2,kg m-3,GS02HYPM,WFP02,CTDPF
GS02HYPM-WFP02-04-CTDPFL000,wfp_decimation_factor,wfp_decimation_factor,,,,1,GS02HYPM,WFP02,CTDPF
GS02HYPM-WFP02-04-CTDPFL000,time,time,,,ENG,seconds since 1900-01-01,GS02HYPM,WFP02,CTDPF
GS02HYPM-WFP02-04-CTDPFL000,ingestion_timestamp,ingestion_timestamp,,,ENG,seconds since 1900-01-01,GS02HYPM,WFP02,CTDPF
GS02HYPM-WFP02-05-VEL3DL000,driver_timestamp,driver_timestamp,,,ENG,seconds since 1900-01-01,GS02HYPM,WFP02,VEL3D
GS02HYPM-WFP02-05-VEL3DL000,internal_timestamp,internal_timestamp,,,ENG,seconds since 1900-01-01,GS02HYPM,WFP02,VEL3D
GS02HYPM-WFP02-05-VEL3DL000,preferred_timestamp,preferred_timestamp,,,ENG,1,GS02HYPM,WFP02,VEL3D
GS02HYPM-WFP02-05-VEL3DL000,vel3d_l_date_time_array,vel3d_l_date_time_array,,,AUX,1,GS02HYPM,WFP02,VEL3D
GS02HYPM-WFP02-05-VEL3DL000,vel3d_l_heading,vel3d_l_heading,,,AUX,degrees,GS02HYPM,WFP02,VEL3D
GS02HYPM-WFP02-05-VEL3DL000,vel3d_l_tx,vel3d_l_tx,,,AUX,degrees,GS02HYPM,WFP02,VEL3D
GS02HYPM-WFP02-05-VEL3DL000,vel3d_l_ty,vel3d_l_ty,,,AUX,degrees,GS02HYPM,WFP02,VEL3D
GS02HYPM-WFP02-05-VEL3DL000,vel3d_l_hx,vel3d_l_hx,,,AUX,1,GS02HYPM,WFP02,VEL3D
GS02HYPM-WFP02-05-VEL3DL000,vel3d_l_hy,vel3d_l_hy,,,AUX,1,GS02HYPM,WFP02,VEL3D
GS02HYPM-WFP02-05-VEL3DL000,vel3d_l_hz,vel3d_l_hz,,,AUX,1,GS02HYPM,WFP02,VEL3D
GS02HYPM-WFP02-05-VEL3DL000,vel3d_l_vp1,vel3d_l_vp1,,,,cm s-1,GS02HYPM,WFP02,VEL3D
GS02HYPM-WFP02-05-VEL3DL000,vel3d_l_vp2,vel3d_l_vp2,,,,cm s-1,GS02HYPM,WFP02,VEL3D
GS02HYPM-WFP02-05-VEL3DL000,vel3d_l_vp3,vel3d_l_vp3,,,,cm s-1,GS02HYPM,WFP02,VEL3D
GS02HYPM-WFP02-05-VEL3DL000,vel3d_l_vp4,vel3d_l_vp4,,,,cm s-1,GS02HYPM,WFP02,VEL3D
GS02HYPM-WFP02-05-VEL3DL000,vel3d_l_number_of_records,vel3d_l_number_of_records,,,,counts,GS02HYPM,WFP02,VEL3D
GS02HYPM-WFP02-05-VEL3DL000,vel3d_l_time_on,vel3d_l_time_on,,,,seconds since 1970-01-01,GS02HYPM,WFP02,VEL3D
GS02HYPM-WFP02-05-VEL3DL000,vel3d_l_time_off,vel3d_l_time_off,,,,seconds since 1970-01-01,GS02HYPM,WFP02,VEL3D
GS02HYPM-WFP02-05-VEL3DL000,vel3d_l_decimation_factor,vel3d_l_decimation_factor,,,,1,GS02HYPM,WFP02,VEL3D
GS02HYPM-WFP02-05-VEL3DL000,vel3d_l_controller_timestamp,vel3d_l_controller_timestamp,,,,seconds since 1970-01-01,GS02HYPM,WFP02,VEL3D
GS02HYPM-WFP02-05-VEL3DL000,serial_number,serial_number,,,ENG,1,GS02HYPM,WFP02,VEL3D
GS02HYPM-WFP02-05-VEL3DL000,vel3d_l_eastward_velocity,vel3d_l_eastward_velocity,-3,3,L1,m s-1,GS02HYPM,WFP02,VEL3D
GS02HYPM-WFP02-05-VEL3DL000,vel3d_l_northward_velocity,vel3d_l_northward_velocity,-3,3,L1,m s-1,GS02HYPM,WFP02,VEL3D
GS02HYPM-WFP02-05-VEL3DL000,vel3d_l_upward_velocity_ascending,vel3d_l_upward_velocity_ascending,-1,1,L1,m s-1,GS02HYPM,WFP02,VEL3D
GS02HYPM-WFP02-05-VEL3DL000,vel3d_l_upward_velocity_descending,vel3d_l_upward_velocity_descending,-1,1,L1,m s-1,GS02HYPM,WFP02,VEL3D
GS02HYPM-WFP02-05-VEL3DL000,time,time,,,ENG,seconds since 1900-01-01,GS02HYPM,WFP02,VEL3D
GS02HYPM-WFP02-05-VEL3DL000,ingestion_timestamp,ingestion_timestamp,,,ENG,seconds since 1900-01-01,GS02HYPM,WFP02,VEL3D
GS02HYPM-WFP03-01-FLORDL000,driver_timestamp,driver_timestamp,,,ENG,seconds since 1900-01-01,GS02HYPM,WFP03,FLORD
GS02HYPM-WFP03-01-FLORDL000,raw_signal_beta,raw_signal_beta,,,L0,counts,GS02HYPM,WFP03,FLORD
GS02HYPM-WFP03-01-FLORDL000,raw_signal_chl,raw_signal_chl,,,L0,counts,GS02HYPM,WFP03,FLORD
GS02HYPM-WFP03-01-FLORDL000,raw_internal_temp,raw_internal_temp,,,,counts,GS02HYPM,WFP03,FLORD
GS02HYPM-WFP03-01-FLORDL000,internal_timestamp,internal_timestamp,,,ENG,seconds since 1900-01-01,GS02HYPM,WFP03,FLORD
GS02HYPM-WFP03-01-FLORDL000,preferred_timestamp,preferred_timestamp,,,ENG,1,GS02HYPM,WFP03,FLORD
GS02HYPM-WFP03-01-FLORDL000,wfp_timestamp,wfp_timestamp,,,ENG,seconds since 1970-01-01,GS02HYPM,WFP03,FLORD
GS02HYPM-WFP03-01-FLORDL000,flort_k_total_volume_scattering_coefficient,flort_k_total_volume_scattering_coefficient,,,L1,m-1 sr-1,GS02HYPM,WFP03,FLORD
GS02HYPM-WFP03-01-FLORDL000,fluorometric_chlorophyll_a,fluorometric_chlorophyll_a,0,50,L1,ug L-1,GS02HYPM,WFP03,FLORD
GS02HYPM-WFP03-01-FLORDL000,flort_kn_bback_total,flort_kn_bback_total,0.0003,1,L2,m-1,GS02HYPM,WFP03,FLORD
GS02HYPM-WFP03-01-FLORDL000,scat_seawater,scat_seawater,,,AUX,m-1,GS02HYPM,WFP03,FLORD
GS02HYPM-WFP03-01-FLORDL000,time,time,,,ENG,seconds since 1900-01-01,GS02HYPM,WFP03,FLORD
GS02HYPM-WFP03-01-FLORDL000,ingestion_timestamp,ingestion_timestamp,,,ENG,seconds since 1900-01-01,GS02HYPM,WFP03,FLORD
GS02HYPM-WFP03-03-DOSTAL000,driver_timestamp,driver_timestamp,,,ENG,seconds since 1900-01-01,GS02HYPM,WFP03,DOSTA
GS02HYPM-WFP03-03-DOSTAL000,internal_timestamp,internal_timestamp,,,ENG,seconds since 1900-01-01,GS02HYPM,WFP03,DOSTA
GS02HYPM-WFP03-03-DOSTAL000,preferred_timestamp,preferred_timestamp,,,ENG,1,GS02HYPM,WFP03,DOSTA
GS02HYPM-WFP03-03-DOSTAL000,wfp_timestamp,wfp_timestamp,,,ENG,seconds since 1970-01-01,GS02HYPM,WFP03,DOSTA
GS02HYPM-WFP03-03-DOSTAL000,dosta_ln_wfp_abs_oxygen,dosta_ln_wfp_abs_oxygen,0,400,L2,umol kg-1,GS02HYPM,WFP03,DOSTA
GS02HYPM-WFP03-03-DOSTAL000,time,time,,,ENG,seconds since 1900-01-01,GS02HYPM,WFP03,DOSTA
GS02HYPM-WFP03-03-DOSTAL000,ingestion_timestamp,ingestion_timestamp,,,ENG,seconds since 1900-01-01,GS02HYPM,WFP03,DOSTA
GS02HYPM-WFP03-03-DOSTAL000,estimated_oxygen_concentration,estimated_oxygen_concentration,0,400,L1,umol L-1,GS02HYPM,WFP03,DOSTA
GS02HYPM-WFP03-03-DOSTAL000,estimated_oxygen_saturation,estimated_oxygen_saturation,0,110,L1,percent,GS02HYPM,WFP03,DOSTA
GS02HYPM-WFP03-03-DOSTAL000,optode_temperature,optode_temperature,-2,40,,deg_C,GS02HYPM,WFP03,DOSTA
GS02HYPM-WFP03-04-CTDPFL000,driver_timestamp,driver_timestamp,,,ENG,seconds since 1900-01-01,GS02HYPM,WFP03,CTDPF
GS02HYPM-WFP03-04-CTDPFL000,internal_timestamp,internal_timestamp,,,ENG,seconds since 1900-01-01,GS02HYPM,WFP03,CTDPF
GS02HYPM-WFP03-04-CTDPFL000,wfp_time_on,wfp_time_on,,,,seconds since 1970-01-01,GS02HYPM,WFP03,CTDPF
GS02HYPM-WFP03-04-CTDPFL000,wfp_time_off,wfp_time_off,,,,seconds since 1970-01-01,GS02HYPM,WFP03,CTDPF
GS02HYPM-WFP03-04-CTDPFL000,wfp_number_samples,wfp_number_samples,,,,counts,GS02HYPM,WFP03,CTDPF
GS02HYPM-WFP03-04-CTDPFL000,preferred_timestamp,preferred_timestamp,,,ENG,1,GS02HYPM,WFP03,CTDPF
GS02HYPM-WFP03-04-CTDPFL000,temperature,temperature,,,L0,counts,GS02HYPM,WFP03,CTDPF
GS02HYPM-WFP03-04-CTDPFL000,conductivity,conductivity,,,L0,counts,GS02HYPM,WFP03,CTDPF
GS02HYPM-WFP03-04-CTDPFL000,pressure,pressure,,,L0,counts,GS02HYPM,WFP03,CTDPF
GS02HYPM-WFP03-04-CTDPFL000,ctdpf_ckl_seawater_pressure,ctdpf_ckl_seawater_pressure,0,6000,L1,dbar,GS02HYPM,WFP03,CTDPF
GS02HYPM-WFP03-04-CTDPFL000,ctdpf_ckl_seawater_temperature,ctdpf_ckl_seawater_temperature,-2,40,L1,deg_C,GS02HYPM,WFP03,CTDPF
GS02HYPM-WFP03-04-CTDPFL000,ctdpf_ckl_seawater_conductivity,ctdpf_ckl_seawater_conductivity,0,6,L1,S m-1,GS02HYPM,WFP03,CTDPF
GS02HYPM-WFP03-04-CTDPFL000,ctdpf_ckl_sci_water_pracsal,ctdpf_ckl_sci_water_pracsal,0,42,L2,1,GS02HYPM,WFP03,CTDPF
GS02HYPM-WFP03-04-CTDPFL000,ctdpf_ckl_seawater_density,ctdpf_ckl_seawater_density,1000,1100,L2,kg m-3,GS02HYPM,WFP03,CTDPF
GS02HYPM-WFP03-04-CTDPFL000,wfp_decimation_factor,wfp_decimation_factor,,,,1,GS02HYPM,WFP03,CTDPF
GS02HYPM-WFP03-04-CTDPFL000,time,time,,,ENG,seconds since 1900-01-01,GS02HYPM,WFP03,CTDPF
GS02HYPM-WFP03-04-CTDPFL000,ingestion_timestamp,ingestion_timestamp,,,ENG,seconds since 1900-01-01,GS02HYPM,WFP03,CTDPF
GS02HYPM-WFP03-05-VEL3DL000,driver_timestamp,driver_timestamp,,,ENG,seconds since 1900-01-01,GS02HYPM,WFP03,VEL3D
GS02HYPM-WFP03-05-VEL3DL000,internal_timestamp,internal_timestamp,,,ENG,seconds since 1900-01-01,GS02HYPM,WFP03,VEL3D
GS02HYPM-WFP03-05-VEL3DL000,preferred_timestamp,preferred_timestamp,,,ENG,1,GS02HYPM,WFP03,VEL3D
GS02HYPM-WFP03-05-VEL3DL000,vel3d_l_date_time_array,vel3d_l_date_time_array,,,AUX,1,GS02HYPM,WFP03,VEL3D
GS02HYPM-WFP03-05-VEL3DL000,vel3d_l_heading,vel3d_l_heading,,,AUX,degrees,GS02HYPM,WFP03,VEL3D
GS02HYPM-WFP03-05-VEL3DL000,vel3d_l_tx,vel3d_l_tx,,,AUX,degrees,GS02HYPM,WFP03,VEL3D
GS02HYPM-WFP03-05-VEL3DL000,vel3d_l_ty,vel3d_l_ty,,,AUX,degrees,GS02HYPM,WFP03,VEL3D
GS02HYPM-WFP03-05-VEL3DL000,vel3d_l_hx,vel3d_l_hx,,,AUX,1,GS02HYPM,WFP03,VEL3D
GS02HYPM-WFP03-05-VEL3DL000,vel3d_l_hy,vel3d_l_hy,,,AUX,1,GS02HYPM,WFP03,VEL3D
GS02HYPM-WFP03-05-VEL3DL000,vel3d_l_hz,vel3d_l_hz,,,AUX,1,GS02HYPM,WFP03,VEL3D
GS02HYPM-WFP03-05-VEL3DL000,vel3d_l_vp1,vel3d_l_vp1,,,,cm s-1,GS02HYPM,WFP03,VEL3D
GS02HYPM-WFP03-05-VEL3DL000,vel3d_l_vp2,vel3d_l_vp2,,,,cm s-1,GS02HYPM,WFP03,VEL3D
GS02HYPM-WFP03-05-VEL3DL000,vel3d_l_vp3,vel3d_l_vp3,,,,cm s-1,GS02HYPM,WFP03,VEL3D
GS02HYPM-WFP03-05-VEL3DL000,vel3d_l_vp4,vel3d_l_vp4,,,,cm s-1,GS02HYPM,WFP03,VEL3D
GS02HYPM-WFP03-05-VEL3DL000,vel3d_l_number_of_records,vel3d_l_number_of_records,,,,counts,GS02HYPM,WFP03,VEL3D
GS02HYPM-WFP03-05-VEL3DL000,vel3d_l_time_on,vel3d_l_time_on,,,,seconds since 1970-01-01,GS02HYPM,WFP03,VEL3D
GS02HYPM-WFP03-05-VEL3DL000,vel3d_l_time_off,vel3d_l_time_off,,,,seconds since 1970-01-01,GS02HYPM,WFP03,VEL3D
GS02HYPM-WFP03-05-VEL3DL000,vel3d_l_decimation_factor,vel3d_l_decimation_factor,,,,1,GS02HYPM,WFP03,VEL3D
GS02HYPM-WFP03-05-VEL3DL000,vel3d_l_controller_timestamp,vel3d_l_controller_timestamp,,,,seconds since 1970-01-01,GS02HYPM,WFP03,VEL3D
GS02HYPM-WFP03-05-VEL3DL000,serial_number,serial_number,,,ENG,1,GS02HYPM,WFP03,VEL3D
GS02HYPM-WFP03-05-VEL3DL000,vel3d_l_eastward_velocity,vel3d_l_eastward_velocity,-3,3,L1,m s-1,GS02HYPM,WFP03,VEL3D
GS02HYPM-WFP03-05-VEL3DL000,vel3d_l_northward_velocity,vel3d_l_northward_velocity,-3,3,L1,m s-1,GS02HYPM,WFP03,VEL3D
GS02HYPM-WFP03-05-VEL3DL000,vel3d_l_upward_velocity_ascending,vel3d_l_upward_velocity_ascending,-1,1,L1,m s-1,GS02HYPM,WFP03,VEL3D
GS02HYPM-WFP03-05-VEL3DL000,vel3d_l_upward_velocity_descending,vel3d_l_upward_velocity_descending,-1,1,L1,m s-1,GS02HYPM,WFP03,VEL3D
GS02HYPM-WFP03-05-VEL3DL000,time,time,,,ENG,seconds since 1900-01-01,GS02HYPM,WFP03,VEL3D
GS02HYPM-WFP03-05-VEL3DL000,ingestion_timestamp,ingestion_timestamp,,,ENG,seconds since 1900-01-01,GS02HYPM,WFP03,VEL3D
GS03FLMA-RIM01-02-ADCPSL003,driver_timestamp,driver_timestamp,,,ENG,seconds since 1900-01-01,GS03FLMA,RIM01,ADCPS
GS03FLMA-RIM01-02-ADCPSL003,ensemble_start_time_2,ensemble_start_time_2,,,,seconds since 1900-01-01,GS03FLMA,RIM01,ADCPS
GS03FLMA-RIM01-02-ADCPSL003,real_time_clock_2,real_time_clock_2,,,,1,GS03FLMA,RIM01,ADCPS
GS03FLMA-RIM01-02-ADCPSL003,internal_timestamp,internal_timestamp,,,ENG,seconds since 1900-01-01,GS03FLMA,RIM01,ADCPS
GS03FLMA-RIM01-02-ADCPSL003,ensemble_number,ensemble_number,,,,1,GS03FLMA,RIM01,ADCPS
GS03FLMA-RIM01-02-ADCPSL003,unit_id,unit_id,,,,1,GS03FLMA,RIM01,ADCPS
GS03FLMA-RIM01-02-ADCPSL003,preferred_timestamp,preferred_timestamp,,,ENG,1,GS03FLMA,RIM01,ADCPS
GS03FLMA-RIM01-02-ADCPSL003,adcps_jln_year,adcps_jln_year,,,,year,GS03FLMA,RIM01,ADCPS
GS03FLMA-RIM01-02-ADCPSL003,adcps_jln_month,adcps_jln_month,,,,month,GS03FLMA,RIM01,ADCPS
GS03FLMA-RIM01-02-ADCPSL003,adcps_jln_day,adcps_jln_day,,,,day,GS03FLMA,RIM01,ADCPS
GS03FLMA-RIM01-02-ADCPSL003,adcps_jln_hour,adcps_jln_hour,,,,hour,GS03FLMA,RIM01,ADCPS
GS03FLMA-RIM01-02-ADCPSL003,adcps_jln_minute,adcps_jln_minute,,,,minute,GS03FLMA,RIM01,ADCPS
GS03FLMA-RIM01-02-ADCPSL003,adcps_jln_second,adcps_jln_second,,,,sec,GS03FLMA,RIM01,ADCPS
GS03FLMA-RIM01-02-ADCPSL003,adcps_jln_hsec,adcps_jln_hsec,,,,csec,GS03FLMA,RIM01,ADCPS
GS03FLMA-RIM01-02-ADCPSL003,adcps_jln_heading,adcps_jln_heading,,,,cdegree,GS03FLMA,RIM01,ADCPS
GS03FLMA-RIM01-02-ADCPSL003,adcps_jln_pitch,adcps_jln_pitch,,,,cdegree,GS03FLMA,RIM01,ADCPS
GS03FLMA-RIM01-02-ADCPSL003,adcps_jln_roll,adcps_jln_roll,,,,cdegree,GS03FLMA,RIM01,ADCPS
GS03FLMA-RIM01-02-ADCPSL003,adcps_jln_temp,adcps_jln_temp,,,,cdeg_C,GS03FLMA,RIM01,ADCPS
GS03FLMA-RIM01-02-ADCPSL003,adcps_jln_pressure,adcps_jln_pressure,,,,daPa,GS03FLMA,RIM01,ADCPS
GS03FLMA-RIM01-02-ADCPSL003,adcps_jln_startbin,adcps_jln_startbin,,,,1,GS03FLMA,RIM01,ADCPS
GS03FLMA-RIM01-02-ADCPSL003,adcps_jln_bins,adcps_jln_bins,,,,1,GS03FLMA,RIM01,ADCPS
GS03FLMA-RIM01-02-ADCPSL003,sensor_available_speed,sensor_available_speed,,,,1,GS03FLMA,RIM01,ADCPS
GS03FLMA-RIM01-02-ADCPSL003,sysconfig_beam_angle,sysconfig_beam_angle,,,,1,GS03FLMA,RIM01,ADCPS
GS03FLMA-RIM01-02-ADCPSL003,sysconfig_beam_config,sysconfig_beam_config,,,,1,GS03FLMA,RIM01,ADCPS
GS03FLMA-RIM01-02-ADCPSL003,sio_controller_timestamp,sio_controller_timestamp,,,ENG,seconds since 1970-01-01,GS03FLMA,RIM01,ADCPS
GS03FLMA-RIM01-02-ADCPSL003,adcps_jln_upward_seawater_velocity2,adcps_jln_upward_seawater_velocity2,-1,1,L1,m s-1,GS03FLMA,RIM01,ADCPS
GS03FLMA-RIM01-02-ADCPSL003,adcps_jln_error_velocity2,adcps_jln_error_velocity2,-1,1,L1,m s-1,GS03FLMA,RIM01,ADCPS
GS03FLMA-RIM01-02-ADCPSL003,adcps_jln_echo_intensity_beam1,adcps_jln_echo_intensity_beam1,0,255,L1,dB,GS03FLMA,RIM01,ADCPS
GS03FLMA-RIM01-02-ADCPSL003,adcps_jln_echo_intensity_beam2,adcps_jln_echo_intensity_beam2,0,255,L1,dB,GS03FLMA,RIM01,ADCPS
GS03FLMA-RIM01-02-ADCPSL003,adcps_jln_echo_intensity_beam3,adcps_jln_echo_intensity_beam3,0,255,L1,dB,GS03FLMA,RIM01,ADCPS
GS03FLMA-RIM01-02-ADCPSL003,adcps_jln_echo_intensity_beam4,adcps_jln_echo_intensity_beam4,0,255,L1,dB,GS03FLMA,RIM01,ADCPS
GS03FLMA-RIM01-02-ADCPSL003,serial_number,serial_number,,,ENG,1,GS03FLMA,RIM01,ADCPS
GS03FLMA-RIM01-02-ADCPSL003,adcps_jln_eastward_earth_seawater_velocity,adcps_jln_eastward_earth_seawater_velocity,-3,3,L1,m s-1,GS03FLMA,RIM01,ADCPS
GS03FLMA-RIM01-02-ADCPSL003,adcps_jln_northward_earth_seawater_velocity,adcps_jln_northward_earth_seawater_velocity,-3,3,L1,m s-1,GS03FLMA,RIM01,ADCPS
GS03FLMA-RIM01-02-ADCPSL003,adcps_jln_recovered_eastward_seawater_velocity,adcps_jln_recovered_eastward_seawater_velocity,-3,3,L1,m s-1,GS03FLMA,RIM01,ADCPS
GS03FLMA-RIM01-02-ADCPSL003,adcps_jln_recovered_northward_seawater_velocity,adcps_jln_recovered_northward_seawater_velocity,-3,3,L1,m s-1,GS03FLMA,RIM01,ADCPS
GS03FLMA-RIM01-02-ADCPSL003,firmware_version,firmware_version,,,,1,GS03FLMA,RIM01,ADCPS
GS03FLMA-RIM01-02-ADCPSL003,firmware_revision,firmware_revision,,,,1,GS03FLMA,RIM01,ADCPS
GS03FLMA-RIM01-02-ADCPSL003,sysconfig_frequency,sysconfig_frequency,,,,kHz,GS03FLMA,RIM01,ADCPS
GS03FLMA-RIM01-02-ADCPSL003,sysconfig_beam_pattern,sysconfig_beam_pattern,,,,1,GS03FLMA,RIM01,ADCPS
GS03FLMA-RIM01-02-ADCPSL003,sysconfig_sensor_config,sysconfig_sensor_config,,,,1,GS03FLMA,RIM01,ADCPS
GS03FLMA-RIM01-02-ADCPSL003,sysconfig_head_attached,sysconfig_head_attached,,,,1,GS03FLMA,RIM01,ADCPS
GS03FLMA-RIM01-02-ADCPSL003,sysconfig_vertical_orientation,sysconfig_vertical_orientation,,,,1,GS03FLMA,RIM01,ADCPS
GS03FLMA-RIM01-02-ADCPSL003,data_flag,data_flag,,,,1,GS03FLMA,RIM01,ADCPS
GS03FLMA-RIM01-02-ADCPSL003,lag_length,lag_length,,,,s,GS03FLMA,RIM01,ADCPS
GS03FLMA-RIM01-02-ADCPSL003,num_beams,num_beams,,,,1,GS03FLMA,RIM01,ADCPS
GS03FLMA-RIM01-02-ADCPSL003,num_cells,num_cells,,,,1,GS03FLMA,RIM01,ADCPS
GS03FLMA-RIM01-02-ADCPSL003,pings_per_ensemble,pings_per_ensemble,,,,1,GS03FLMA,RIM01,ADCPS
GS03FLMA-RIM01-02-ADCPSL003,cell_length,cell_length,,,,cm,GS03FLMA,RIM01,ADCPS
GS03FLMA-RIM01-02-ADCPSL003,blank_after_transmit,blank_after_transmit,,,,cm,GS03FLMA,RIM01,ADCPS
GS03FLMA-RIM01-02-ADCPSL003,signal_processing_mode,signal_processing_mode,,,,1,GS03FLMA,RIM01,ADCPS
GS03FLMA-RIM01-02-ADCPSL003,low_corr_threshold,low_corr_threshold,,,,counts,GS03FLMA,RIM01,ADCPS
GS03FLMA-RIM01-02-ADCPSL003,num_code_repetitions,num_code_repetitions,,,,counts,GS03FLMA,RIM01,ADCPS
GS03FLMA-RIM01-02-ADCPSL003,percent_good_min,percent_good_min,,,,percent,GS03FLMA,RIM01,ADCPS
GS03FLMA-RIM01-02-ADCPSL003,error_vel_threshold,error_vel_threshold,,,,mm s-1,GS03FLMA,RIM01,ADCPS
GS03FLMA-RIM01-02-ADCPSL003,time_per_ping_minutes,time_per_ping_minutes,,,,min,GS03FLMA,RIM01,ADCPS
GS03FLMA-RIM01-02-ADCPSL003,time_per_ping_seconds,time_per_ping_seconds,,,,s,GS03FLMA,RIM01,ADCPS
GS03FLMA-RIM01-02-ADCPSL003,coord_transform_type,coord_transform_type,,,,1,GS03FLMA,RIM01,ADCPS
GS03FLMA-RIM01-02-ADCPSL003,coord_transform_tilts,coord_transform_tilts,,,,1,GS03FLMA,RIM01,ADCPS
GS03FLMA-RIM01-02-ADCPSL003,coord_transform_beams,coord_transform_beams,,,,1,GS03FLMA,RIM01,ADCPS
GS03FLMA-RIM01-02-ADCPSL003,coord_transform_mapping,coord_transform_mapping,,,,1,GS03FLMA,RIM01,ADCPS
GS03FLMA-RIM01-02-ADCPSL003,heading_alignment,heading_alignment,,,,cdegrees,GS03FLMA,RIM01,ADCPS
GS03FLMA-RIM01-02-ADCPSL003,heading_bias,heading_bias,,,,cdegrees,GS03FLMA,RIM01,ADCPS
GS03FLMA-RIM01-02-ADCPSL003,sensor_source_speed,sensor_source_speed,,,,1,GS03FLMA,RIM01,ADCPS
GS03FLMA-RIM01-02-ADCPSL003,sensor_source_depth,sensor_source_depth,,,,1,GS03FLMA,RIM01,ADCPS
GS03FLMA-RIM01-02-ADCPSL003,sensor_source_heading,sensor_source_heading,,,,1,GS03FLMA,RIM01,ADCPS
GS03FLMA-RIM01-02-ADCPSL003,sensor_source_pitch,sensor_source_pitch,,,,1,GS03FLMA,RIM01,ADCPS
GS03FLMA-RIM01-02-ADCPSL003,sensor_source_roll,sensor_source_roll,,,,1,GS03FLMA,RIM01,ADCPS
GS03FLMA-RIM01-02-ADCPSL003,sensor_source_conductivity,sensor_source_conductivity,,,,1,GS03FLMA,RIM01,ADCPS
GS03FLMA-RIM01-02-ADCPSL003,sensor_source_temperature,sensor_source_temperature,,,,1,GS03FLMA,RIM01,ADCPS
GS03FLMA-RIM01-02-ADCPSL003,sensor_available_depth,sensor_available_depth,,,,1,GS03FLMA,RIM01,ADCPS
GS03FLMA-RIM01-02-ADCPSL003,sensor_available_heading,sensor_available_heading,,,,1,GS03FLMA,RIM01,ADCPS
GS03FLMA-RIM01-02-ADCPSL003,sensor_available_pitch,sensor_available_pitch,,,,1,GS03FLMA,RIM01,ADCPS
GS03FLMA-RIM01-02-ADCPSL003,sensor_available_roll,sensor_available_roll,,,,1,GS03FLMA,RIM01,ADCPS
GS03FLMA-RIM01-02-ADCPSL003,sensor_available_conductivity,sensor_available_conductivity,,,,1,GS03FLMA,RIM01,ADCPS
GS03FLMA-RIM01-02-ADCPSL003,sensor_available_temperature,sensor_available_temperature,,,,1,GS03FLMA,RIM01,ADCPS
GS03FLMA-RIM01-02-ADCPSL003,bin_1_distance,bin_1_distance,,,,cm,GS03FLMA,RIM01,ADCPS
GS03FLMA-RIM01-02-ADCPSL003,transmit_pulse_length,transmit_pulse_length,,,,cm,GS03FLMA,RIM01,ADCPS
GS03FLMA-RIM01-02-ADCPSL003,reference_layer_start,reference_layer_start,,,,1,GS03FLMA,RIM01,ADCPS
GS03FLMA-RIM01-02-ADCPSL003,reference_layer_stop,reference_layer_stop,,,,1,GS03FLMA,RIM01,ADCPS
GS03FLMA-RIM01-02-ADCPSL003,false_target_threshold,false_target_threshold,,,,counts,GS03FLMA,RIM01,ADCPS
GS03FLMA-RIM01-02-ADCPSL003,low_latency_trigger,low_latency_trigger,,,,1,GS03FLMA,RIM01,ADCPS
GS03FLMA-RIM01-02-ADCPSL003,transmit_lag_distance,transmit_lag_distance,,,,cm,GS03FLMA,RIM01,ADCPS
GS03FLMA-RIM01-02-ADCPSL003,cpu_board_serial_number,cpu_board_serial_number,,,,1,GS03FLMA,RIM01,ADCPS
GS03FLMA-RIM01-02-ADCPSL003,system_bandwidth,system_bandwidth,,,,1,GS03FLMA,RIM01,ADCPS
GS03FLMA-RIM01-02-ADCPSL003,system_power,system_power,,,,1,GS03FLMA,RIM01,ADCPS
GS03FLMA-RIM01-02-ADCPSL003,beam_angle,beam_angle,,,,degrees,GS03FLMA,RIM01,ADCPS
GS03FLMA-RIM01-02-ADCPSL003,ensemble_number,ensemble_number,,,,1,GS03FLMA,RIM01,ADCPS
GS03FLMA-RIM01-02-ADCPSL003,ensemble_number_increment,ensemble_number_increment,,,,1,GS03FLMA,RIM01,ADCPS
GS03FLMA-RIM01-02-ADCPSL003,bit_result_demod_1,bit_result_demod_1,,,,1,GS03FLMA,RIM01,ADCPS
GS03FLMA-RIM01-02-ADCPSL003,bit_result_demod_0,bit_result_demod_0,,,,1,GS03FLMA,RIM01,ADCPS
GS03FLMA-RIM01-02-ADCPSL003,bit_result_timing,bit_result_timing,,,,1,GS03FLMA,RIM01,ADCPS
GS03FLMA-RIM01-02-ADCPSL003,speed_of_sound,speed_of_sound,,,,m s-1,GS03FLMA,RIM01,ADCPS
GS03FLMA-RIM01-02-ADCPSL003,transducer_depth,transducer_depth,,,,dm,GS03FLMA,RIM01,ADCPS
GS03FLMA-RIM01-02-ADCPSL003,heading,heading,,,,cdegrees,GS03FLMA,RIM01,ADCPS
GS03FLMA-RIM01-02-ADCPSL003,pitch,pitch,,,,cdegrees,GS03FLMA,RIM01,ADCPS
GS03FLMA-RIM01-02-ADCPSL003,roll,roll,,,,cdegrees,GS03FLMA,RIM01,ADCPS
GS03FLMA-RIM01-02-ADCPSL003,salinity,salinity,,,,1,GS03FLMA,RIM01,ADCPS
GS03FLMA-RIM01-02-ADCPSL003,temperature,temperature,,,,cdeg_C,GS03FLMA,RIM01,ADCPS
GS03FLMA-RIM01-02-ADCPSL003,mpt_minutes,mpt_minutes,,,,min,GS03FLMA,RIM01,ADCPS
GS03FLMA-RIM01-02-ADCPSL003,mpt_seconds,mpt_seconds,,,,s,GS03FLMA,RIM01,ADCPS
GS03FLMA-RIM01-02-ADCPSL003,heading_stdev,heading_stdev,,,,degrees,GS03FLMA,RIM01,ADCPS
GS03FLMA-RIM01-02-ADCPSL003,pitch_stdev,pitch_stdev,,,,ddegrees,GS03FLMA,RIM01,ADCPS
GS03FLMA-RIM01-02-ADCPSL003,roll_stdev,roll_stdev,,,,ddegrees,GS03FLMA,RIM01,ADCPS
GS03FLMA-RIM01-02-ADCPSL003,adc_transmit_current,adc_transmit_current,,,,counts,GS03FLMA,RIM01,ADCPS
GS03FLMA-RIM01-02-ADCPSL003,adc_transmit_voltage,adc_transmit_voltage,,,,counts,GS03FLMA,RIM01,ADCPS
GS03FLMA-RIM01-02-ADCPSL003,adc_ambient_temp,adc_ambient_temp,,,,counts,GS03FLMA,RIM01,ADCPS
GS03FLMA-RIM01-02-ADCPSL003,adc_pressure_plus,adc_pressure_plus,,,,counts,GS03FLMA,RIM01,ADCPS
GS03FLMA-RIM01-02-ADCPSL003,adc_pressure_minus,adc_pressure_minus,,,,counts,GS03FLMA,RIM01,ADCPS
GS03FLMA-RIM01-02-ADCPSL003,adc_attitude_temp,adc_attitude_temp,,,,counts,GS03FLMA,RIM01,ADCPS
GS03FLMA-RIM01-02-ADCPSL003,adc_attitude,adc_attitude,,,,counts,GS03FLMA,RIM01,ADCPS
GS03FLMA-RIM01-02-ADCPSL003,adc_contamination_sensor,adc_contamination_sensor,,,,counts,GS03FLMA,RIM01,ADCPS
GS03FLMA-RIM01-02-ADCPSL003,bus_error_exception,bus_error_exception,,,,1,GS03FLMA,RIM01,ADCPS
GS03FLMA-RIM01-02-ADCPSL003,address_error_exception,address_error_exception,,,,1,GS03FLMA,RIM01,ADCPS
GS03FLMA-RIM01-02-ADCPSL003,illegal_instruction_exception,illegal_instruction_exception,,,,1,GS03FLMA,RIM01,ADCPS
GS03FLMA-RIM01-02-ADCPSL003,zero_divide_instruction,zero_divide_instruction,,,,1,GS03FLMA,RIM01,ADCPS
GS03FLMA-RIM01-02-ADCPSL003,emulator_exception,emulator_exception,,,,1,GS03FLMA,RIM01,ADCPS
GS03FLMA-RIM01-02-ADCPSL003,unassigned_exception,unassigned_exception,,,,1,GS03FLMA,RIM01,ADCPS
GS03FLMA-RIM01-02-ADCPSL003,watchdog_restart_occurred,watchdog_restart_occurred,,,,1,GS03FLMA,RIM01,ADCPS
GS03FLMA-RIM01-02-ADCPSL003,battery_saver_power,battery_saver_power,,,,1,GS03FLMA,RIM01,ADCPS
GS03FLMA-RIM01-02-ADCPSL003,pinging,pinging,,,,1,GS03FLMA,RIM01,ADCPS
GS03FLMA-RIM01-02-ADCPSL003,cold_wakeup_occurred,cold_wakeup_occurred,,,,1,GS03FLMA,RIM01,ADCPS
GS03FLMA-RIM01-02-ADCPSL003,time,time,,,ENG,seconds since 1900-01-01,GS03FLMA,RIM01,ADCPS
GS03FLMA-RIM01-02-ADCPSL003,unknown_wakeup_occurred,unknown_wakeup_occurred,,,,1,GS03FLMA,RIM01,ADCPS
GS03FLMA-RIM01-02-ADCPSL003,clock_read_error,clock_read_error,,,,1,GS03FLMA,RIM01,ADCPS
GS03FLMA-RIM01-02-ADCPSL003,unexpected_alarm,unexpected_alarm,,,,1,GS03FLMA,RIM01,ADCPS
GS03FLMA-RIM01-02-ADCPSL003,clock_jump_forward,clock_jump_forward,,,,1,GS03FLMA,RIM01,ADCPS
GS03FLMA-RIM01-02-ADCPSL003,clock_jump_backward,clock_jump_backward,,,,1,GS03FLMA,RIM01,ADCPS
GS03FLMA-RIM01-02-ADCPSL003,power_fail,power_fail,,,,1,GS03FLMA,RIM01,ADCPS
GS03FLMA-RIM01-02-ADCPSL003,spurious_dsp_interrupt,spurious_dsp_interrupt,,,,1,GS03FLMA,RIM01,ADCPS
GS03FLMA-RIM01-02-ADCPSL003,spurious_uart_interrupt,spurious_uart_interrupt,,,,1,GS03FLMA,RIM01,ADCPS
GS03FLMA-RIM01-02-ADCPSL003,spurious_clock_interrupt,spurious_clock_interrupt,,,,1,GS03FLMA,RIM01,ADCPS
GS03FLMA-RIM01-02-ADCPSL003,level_7_interrupt,level_7_interrupt,,,,1,GS03FLMA,RIM01,ADCPS
GS03FLMA-RIM01-02-ADCPSL003,pressure,pressure,,,,daPa,GS03FLMA,RIM01,ADCPS
GS03FLMA-RIM01-02-ADCPSL003,pressure_variance,pressure_variance,,,,daPa,GS03FLMA,RIM01,ADCPS
GS03FLMA-RIM01-02-ADCPSL003,water_velocity_east,water_velocity_east,,,L0,mm s-1,GS03FLMA,RIM01,ADCPS
GS03FLMA-RIM01-02-ADCPSL003,water_velocity_north,water_velocity_north,,,L0,mm s-1,GS03FLMA,RIM01,ADCPS
GS03FLMA-RIM01-02-ADCPSL003,water_velocity_up,water_velocity_up,,,L0,mm s-1,GS03FLMA,RIM01,ADCPS
GS03FLMA-RIM01-02-ADCPSL003,error_velocity,error_velocity,,,L0,mm s-1,GS03FLMA,RIM01,ADCPS
GS03FLMA-RIM01-02-ADCPSL003,correlation_magnitude_beam1,correlation_magnitude_beam1,,,,1,GS03FLMA,RIM01,ADCPS
GS03FLMA-RIM01-02-ADCPSL003,correlation_magnitude_beam2,correlation_magnitude_beam2,,,,1,GS03FLMA,RIM01,ADCPS
GS03FLMA-RIM01-02-ADCPSL003,correlation_magnitude_beam3,correlation_magnitude_beam3,,,,1,GS03FLMA,RIM01,ADCPS
GS03FLMA-RIM01-02-ADCPSL003,correlation_magnitude_beam4,correlation_magnitude_beam4,,,,1,GS03FLMA,RIM01,ADCPS
GS03FLMA-RIM01-02-ADCPSL003,echo_intensity_beam1,echo_intensity_beam1,,,L0,counts,GS03FLMA,RIM01,ADCPS
GS03FLMA-RIM01-02-ADCPSL003,echo_intensity_beam2,echo_intensity_beam2,,,L0,counts,GS03FLMA,RIM01,ADCPS
GS03FLMA-RIM01-02-ADCPSL003,echo_intensity_beam3,echo_intensity_beam3,,,L0,counts,GS03FLMA,RIM01,ADCPS
GS03FLMA-RIM01-02-ADCPSL003,echo_intensity_beam4,echo_intensity_beam4,,,L0,counts,GS03FLMA,RIM01,ADCPS
GS03FLMA-RIM01-02-ADCPSL003,percent_good_3beam,percent_good_3beam,,,,percent,GS03FLMA,RIM01,ADCPS
GS03FLMA-RIM01-02-ADCPSL003,percent_transforms_reject,percent_transforms_reject,,,,percent,GS03FLMA,RIM01,ADCPS
GS03FLMA-RIM01-02-ADCPSL003,percent_bad_beams,percent_bad_beams,,,,percent,GS03FLMA,RIM01,ADCPS
GS03FLMA-RIM01-02-ADCPSL003,percent_good_4beam,percent_good_4beam,,,,percent,GS03FLMA,RIM01,ADCPS
GS03FLMA-RIM01-02-ADCPSL003,ensemble_start_time,ensemble_start_time,,,,seconds since 1900-01-01,GS03FLMA,RIM01,ADCPS
GS03FLMA-RIM01-02-ADCPSL003,velocity_po_error_flag,velocity_po_error_flag,,,,1,GS03FLMA,RIM01,ADCPS
GS03FLMA-RIM01-02-ADCPSL003,velocity_po_up_flag,velocity_po_up_flag,,,,1,GS03FLMA,RIM01,ADCPS
GS03FLMA-RIM01-02-ADCPSL003,velocity_po_north_flag,velocity_po_north_flag,,,,1,GS03FLMA,RIM01,ADCPS
GS03FLMA-RIM01-02-ADCPSL003,velocity_po_east_flag,velocity_po_east_flag,,,,1,GS03FLMA,RIM01,ADCPS
GS03FLMA-RIM01-02-ADCPSL003,subsampling_parameter,subsampling_parameter,,,,1,GS03FLMA,RIM01,ADCPS
GS03FLMA-RIM01-02-ADCPSL003,ingestion_timestamp,ingestion_timestamp,,,ENG,seconds since 1900-01-01,GS03FLMA,RIM01,ADCPS
GS03FLMA-RIM01-02-ADCPSL003,real_time_clock,real_time_clock,,,,1,GS03FLMA,RIM01,ADCPS
GS03FLMA-RIM01-02-ADCPSL003,upward_earth_seawater_velocity,upward_earth_seawater_velocity,-1,1,L1,m s-1,GS03FLMA,RIM01,ADCPS
GS03FLMA-RIM01-02-ADCPSL003,earth_error_velocity,earth_error_velocity,-1,1,L1,m s-1,GS03FLMA,RIM01,ADCPS
GS03FLMA-RIM01-02-ADCPSL003,bin_depths,bin_depths,,,,m,GS03FLMA,RIM01,ADCPS
GS03FLMA-RIM01-02-CTDMOG040,driver_timestamp,driver_timestamp,,,ENG,seconds since 1900-01-01,GS03FLMA,RIM01,CTDMO
GS03FLMA-RIM01-02-CTDMOG040,internal_timestamp,internal_timestamp,,,ENG,seconds since 1900-01-01,GS03FLMA,RIM01,CTDMO
GS03FLMA-RIM01-02-CTDMOG040,inductive_id,inductive_id,,,ENG,1,GS03FLMA,RIM01,CTDMO
GS03FLMA-RIM01-02-CTDMOG040,preferred_timestamp,preferred_timestamp,,,ENG,1,GS03FLMA,RIM01,CTDMO
GS03FLMA-RIM01-02-CTDMOG040,temperature,temperature,,,L0,counts,GS03FLMA,RIM01,CTDMO
GS03FLMA-RIM01-02-CTDMOG040,conductivity,conductivity,,,L0,counts,GS03FLMA,RIM01,CTDMO
GS03FLMA-RIM01-02-CTDMOG040,pressure,pressure,,,L0,counts,GS03FLMA,RIM01,CTDMO
GS03FLMA-RIM01-02-CTDMOG040,pressure_temp,pressure_temp,,,L0,counts,GS03FLMA,RIM01,CTDMO
GS03FLMA-RIM01-02-CTDMOG040,ctd_time,ctd_time,,,ENG,seconds since 2000-01-01,GS03FLMA,RIM01,CTDMO
GS03FLMA-RIM01-02-CTDMOG040,sio_controller_timestamp,sio_controller_timestamp,,,ENG,seconds since 1970-01-01,GS03FLMA,RIM01,CTDMO
GS03FLMA-RIM01-02-CTDMOG040,ctd_time_offset,ctd_time_offset,,,,s,GS03FLMA,RIM01,CTDMO
GS03FLMA-RIM01-02-CTDMOG040,ctdmo_seawater_pressure,ctdmo_seawater_pressure,0,6000,L1,dbar,GS03FLMA,RIM01,CTDMO
GS03FLMA-RIM01-02-CTDMOG040,ctdmo_seawater_temperature,ctdmo_seawater_temperature,-2,40,L1,deg_C,GS03FLMA,RIM01,CTDMO
GS03FLMA-RIM01-02-CTDMOG040,ctdmo_seawater_conductivity,ctdmo_seawater_conductivity,0,6,L1,S m-1,GS03FLMA,RIM01,CTDMO
GS03FLMA-RIM01-02-CTDMOG040,ctdmo_practical_salinity,ctdmo_practical_salinity,0,42,L2,(unitless),GS03FLMA,RIM01,CTDMO
GS03FLMA-RIM01-02-CTDMOG040,ctdmo_seawater_density,ctdmo_seawater_density,1000,1100,L2,kg m-3,GS03FLMA,RIM01,CTDMO
GS03FLMA-RIM01-02-CTDMOG040,serial_number,serial_number,,,ENG,1,GS03FLMA,RIM01,CTDMO
GS03FLMA-RIM01-02-CTDMOG040,time,time,,,ENG,seconds since 1900-01-01,GS03FLMA,RIM01,CTDMO
GS03FLMA-RIM01-02-CTDMOG040,ingestion_timestamp,ingestion_timestamp,,,ENG,seconds since 1900-01-01,GS03FLMA,RIM01,CTDMO
GS03FLMA-RIM01-02-CTDMOG041,driver_timestamp,driver_timestamp,,,ENG,seconds since 1900-01-01,GS03FLMA,RIM01,CTDMO
GS03FLMA-RIM01-02-CTDMOG041,internal_timestamp,internal_timestamp,,,ENG,seconds since 1900-01-01,GS03FLMA,RIM01,CTDMO
GS03FLMA-RIM01-02-CTDMOG041,inductive_id,inductive_id,,,ENG,1,GS03FLMA,RIM01,CTDMO
GS03FLMA-RIM01-02-CTDMOG041,preferred_timestamp,preferred_timestamp,,,ENG,1,GS03FLMA,RIM01,CTDMO
GS03FLMA-RIM01-02-CTDMOG041,temperature,temperature,,,L0,counts,GS03FLMA,RIM01,CTDMO
GS03FLMA-RIM01-02-CTDMOG041,conductivity,conductivity,,,L0,counts,GS03FLMA,RIM01,CTDMO
GS03FLMA-RIM01-02-CTDMOG041,pressure,pressure,,,L0,counts,GS03FLMA,RIM01,CTDMO
GS03FLMA-RIM01-02-CTDMOG041,pressure_temp,pressure_temp,,,L0,counts,GS03FLMA,RIM01,CTDMO
GS03FLMA-RIM01-02-CTDMOG041,ctd_time,ctd_time,,,ENG,seconds since 2000-01-01,GS03FLMA,RIM01,CTDMO
GS03FLMA-RIM01-02-CTDMOG041,sio_controller_timestamp,sio_controller_timestamp,,,ENG,seconds since 1970-01-01,GS03FLMA,RIM01,CTDMO
GS03FLMA-RIM01-02-CTDMOG041,ctd_time_offset,ctd_time_offset,,,,s,GS03FLMA,RIM01,CTDMO
GS03FLMA-RIM01-02-CTDMOG041,ctdmo_seawater_pressure,ctdmo_seawater_pressure,0,6000,L1,dbar,GS03FLMA,RIM01,CTDMO
GS03FLMA-RIM01-02-CTDMOG041,ctdmo_seawater_temperature,ctdmo_seawater_temperature,-2,40,L1,deg_C,GS03FLMA,RIM01,CTDMO
GS03FLMA-RIM01-02-CTDMOG041,ctdmo_seawater_conductivity,ctdmo_seawater_conductivity,0,6,L1,S m-1,GS03FLMA,RIM01,CTDMO
GS03FLMA-RIM01-02-CTDMOG041,ctdmo_practical_salinity,ctdmo_practical_salinity,0,42,L2,(unitless),GS03FLMA,RIM01,CTDMO
GS03FLMA-RIM01-02-CTDMOG041,ctdmo_seawater_density,ctdmo_seawater_density,1000,1100,L2,kg m-3,GS03FLMA,RIM01,CTDMO
GS03FLMA-RIM01-02-CTDMOG041,serial_number,serial_number,,,ENG,1,GS03FLMA,RIM01,CTDMO
GS03FLMA-RIM01-02-CTDMOG041,time,time,,,ENG,seconds since 1900-01-01,GS03FLMA,RIM01,CTDMO
GS03FLMA-RIM01-02-CTDMOG041,ingestion_timestamp,ingestion_timestamp,,,ENG,seconds since 1900-01-01,GS03FLMA,RIM01,CTDMO
GS03FLMA-RIM01-02-CTDMOG042,driver_timestamp,driver_timestamp,,,ENG,seconds since 1900-01-01,GS03FLMA,RIM01,CTDMO
GS03FLMA-RIM01-02-CTDMOG042,internal_timestamp,internal_timestamp,,,ENG,seconds since 1900-01-01,GS03FLMA,RIM01,CTDMO
GS03FLMA-RIM01-02-CTDMOG042,inductive_id,inductive_id,,,ENG,1,GS03FLMA,RIM01,CTDMO
GS03FLMA-RIM01-02-CTDMOG042,preferred_timestamp,preferred_timestamp,,,ENG,1,GS03FLMA,RIM01,CTDMO
GS03FLMA-RIM01-02-CTDMOG042,temperature,temperature,,,L0,counts,GS03FLMA,RIM01,CTDMO
GS03FLMA-RIM01-02-CTDMOG042,conductivity,conductivity,,,L0,counts,GS03FLMA,RIM01,CTDMO
GS03FLMA-RIM01-02-CTDMOG042,pressure,pressure,,,L0,counts,GS03FLMA,RIM01,CTDMO
GS03FLMA-RIM01-02-CTDMOG042,pressure_temp,pressure_temp,,,L0,counts,GS03FLMA,RIM01,CTDMO
GS03FLMA-RIM01-02-CTDMOG042,ctd_time,ctd_time,,,ENG,seconds since 2000-01-01,GS03FLMA,RIM01,CTDMO
GS03FLMA-RIM01-02-CTDMOG042,sio_controller_timestamp,sio_controller_timestamp,,,ENG,seconds since 1970-01-01,GS03FLMA,RIM01,CTDMO
GS03FLMA-RIM01-02-CTDMOG042,ctd_time_offset,ctd_time_offset,,,,s,GS03FLMA,RIM01,CTDMO
GS03FLMA-RIM01-02-CTDMOG042,ctdmo_seawater_pressure,ctdmo_seawater_pressure,0,6000,L1,dbar,GS03FLMA,RIM01,CTDMO
GS03FLMA-RIM01-02-CTDMOG042,ctdmo_seawater_temperature,ctdmo_seawater_temperature,-2,40,L1,deg_C,GS03FLMA,RIM01,CTDMO
GS03FLMA-RIM01-02-CTDMOG042,ctdmo_seawater_conductivity,ctdmo_seawater_conductivity,0,6,L1,S m-1,GS03FLMA,RIM01,CTDMO
GS03FLMA-RIM01-02-CTDMOG042,ctdmo_practical_salinity,ctdmo_practical_salinity,0,42,L2,(unitless),GS03FLMA,RIM01,CTDMO
GS03FLMA-RIM01-02-CTDMOG042,ctdmo_seawater_density,ctdmo_seawater_density,1000,1100,L2,kg m-3,GS03FLMA,RIM01,CTDMO
GS03FLMA-RIM01-02-CTDMOG042,serial_number,serial_number,,,ENG,1,GS03FLMA,RIM01,CTDMO
GS03FLMA-RIM01-02-CTDMOG042,time,time,,,ENG,seconds since 1900-01-01,GS03FLMA,RIM01,CTDMO
GS03FLMA-RIM01-02-CTDMOG042,ingestion_timestamp,ingestion_timestamp,,,ENG,seconds since 1900-01-01,GS03FLMA,RIM01,CTDMO
GS03FLMA-RIM01-02-CTDMOG043,driver_timestamp,driver_timestamp,,,ENG,seconds since 1900-01-01,GS03FLMA,RIM01,CTDMO
GS03FLMA-RIM01-02-CTDMOG043,internal_timestamp,internal_timestamp,,,ENG,seconds since 1900-01-01,GS03FLMA,RIM01,CTDMO
GS03FLMA-RIM01-02-CTDMOG043,inductive_id,inductive_id,,,ENG,1,GS03FLMA,RIM01,CTDMO
GS03FLMA-RIM01-02-CTDMOG043,preferred_timestamp,preferred_timestamp,,,ENG,1,GS03FLMA,RIM01,CTDMO
GS03FLMA-RIM01-02-CTDMOG043,temperature,temperature,,,L0,counts,GS03FLMA,RIM01,CTDMO
GS03FLMA-RIM01-02-CTDMOG043,conductivity,conductivity,,,L0,counts,GS03FLMA,RIM01,CTDMO
GS03FLMA-RIM01-02-CTDMOG043,pressure,pressure,,,L0,counts,GS03FLMA,RIM01,CTDMO
GS03FLMA-RIM01-02-CTDMOG043,pressure_temp,pressure_temp,,,L0,counts,GS03FLMA,RIM01,CTDMO
GS03FLMA-RIM01-02-CTDMOG043,ctd_time,ctd_time,,,ENG,seconds since 2000-01-01,GS03FLMA,RIM01,CTDMO
GS03FLMA-RIM01-02-CTDMOG043,sio_controller_timestamp,sio_controller_timestamp,,,ENG,seconds since 1970-01-01,GS03FLMA,RIM01,CTDMO
GS03FLMA-RIM01-02-CTDMOG043,ctd_time_offset,ctd_time_offset,,,,s,GS03FLMA,RIM01,CTDMO
GS03FLMA-RIM01-02-CTDMOG043,ctdmo_seawater_pressure,ctdmo_seawater_pressure,0,6000,L1,dbar,GS03FLMA,RIM01,CTDMO
GS03FLMA-RIM01-02-CTDMOG043,ctdmo_seawater_temperature,ctdmo_seawater_temperature,-2,40,L1,deg_C,GS03FLMA,RIM01,CTDMO
GS03FLMA-RIM01-02-CTDMOG043,ctdmo_seawater_conductivity,ctdmo_seawater_conductivity,0,6,L1,S m-1,GS03FLMA,RIM01,CTDMO
GS03FLMA-RIM01-02-CTDMOG043,ctdmo_practical_salinity,ctdmo_practical_salinity,0,42,L2,(unitless),GS03FLMA,RIM01,CTDMO
GS03FLMA-RIM01-02-CTDMOG043,ctdmo_seawater_density,ctdmo_seawater_density,1000,1100,L2,kg m-3,GS03FLMA,RIM01,CTDMO
GS03FLMA-RIM01-02-CTDMOG043,serial_number,serial_number,,,ENG,1,GS03FLMA,RIM01,CTDMO
GS03FLMA-RIM01-02-CTDMOG043,time,time,,,ENG,seconds since 1900-01-01,GS03FLMA,RIM01,CTDMO
GS03FLMA-RIM01-02-CTDMOG043,ingestion_timestamp,ingestion_timestamp,,,ENG,seconds since 1900-01-01,GS03FLMA,RIM01,CTDMO
GS03FLMA-RIM01-02-CTDMOG044,driver_timestamp,driver_timestamp,,,ENG,seconds since 1900-01-01,GS03FLMA,RIM01,CTDMO
GS03FLMA-RIM01-02-CTDMOG044,internal_timestamp,internal_timestamp,,,ENG,seconds since 1900-01-01,GS03FLMA,RIM01,CTDMO
GS03FLMA-RIM01-02-CTDMOG044,inductive_id,inductive_id,,,ENG,1,GS03FLMA,RIM01,CTDMO
GS03FLMA-RIM01-02-CTDMOG044,preferred_timestamp,preferred_timestamp,,,ENG,1,GS03FLMA,RIM01,CTDMO
GS03FLMA-RIM01-02-CTDMOG044,temperature,temperature,,,L0,counts,GS03FLMA,RIM01,CTDMO
GS03FLMA-RIM01-02-CTDMOG044,conductivity,conductivity,,,L0,counts,GS03FLMA,RIM01,CTDMO
GS03FLMA-RIM01-02-CTDMOG044,pressure,pressure,,,L0,counts,GS03FLMA,RIM01,CTDMO
GS03FLMA-RIM01-02-CTDMOG044,pressure_temp,pressure_temp,,,L0,counts,GS03FLMA,RIM01,CTDMO
GS03FLMA-RIM01-02-CTDMOG044,ctd_time,ctd_time,,,ENG,seconds since 2000-01-01,GS03FLMA,RIM01,CTDMO
GS03FLMA-RIM01-02-CTDMOG044,sio_controller_timestamp,sio_controller_timestamp,,,ENG,seconds since 1970-01-01,GS03FLMA,RIM01,CTDMO
GS03FLMA-RIM01-02-CTDMOG044,ctd_time_offset,ctd_time_offset,,,,s,GS03FLMA,RIM01,CTDMO
GS03FLMA-RIM01-02-CTDMOG044,ctdmo_seawater_pressure,ctdmo_seawater_pressure,0,6000,L1,dbar,GS03FLMA,RIM01,CTDMO
GS03FLMA-RIM01-02-CTDMOG044,ctdmo_seawater_temperature,ctdmo_seawater_temperature,-2,40,L1,deg_C,GS03FLMA,RIM01,CTDMO
GS03FLMA-RIM01-02-CTDMOG044,ctdmo_seawater_conductivity,ctdmo_seawater_conductivity,0,6,L1,S m-1,GS03FLMA,RIM01,CTDMO
GS03FLMA-RIM01-02-CTDMOG044,ctdmo_practical_salinity,ctdmo_practical_salinity,0,42,L2,(unitless),GS03FLMA,RIM01,CTDMO
GS03FLMA-RIM01-02-CTDMOG044,ctdmo_seawater_density,ctdmo_seawater_density,1000,1100,L2,kg m-3,GS03FLMA,RIM01,CTDMO
GS03FLMA-RIM01-02-CTDMOG044,serial_number,serial_number,,,ENG,1,GS03FLMA,RIM01,CTDMO
GS03FLMA-RIM01-02-CTDMOG044,time,time,,,ENG,seconds since 1900-01-01,GS03FLMA,RIM01,CTDMO
GS03FLMA-RIM01-02-CTDMOG044,ingestion_timestamp,ingestion_timestamp,,,ENG,seconds since 1900-01-01,GS03FLMA,RIM01,CTDMO
GS03FLMA-RIM01-02-CTDMOG045,driver_timestamp,driver_timestamp,,,ENG,seconds since 1900-01-01,GS03FLMA,RIM01,CTDMO
GS03FLMA-RIM01-02-CTDMOG045,internal_timestamp,internal_timestamp,,,ENG,seconds since 1900-01-01,GS03FLMA,RIM01,CTDMO
GS03FLMA-RIM01-02-CTDMOG045,inductive_id,inductive_id,,,ENG,1,GS03FLMA,RIM01,CTDMO
GS03FLMA-RIM01-02-CTDMOG045,preferred_timestamp,preferred_timestamp,,,ENG,1,GS03FLMA,RIM01,CTDMO
GS03FLMA-RIM01-02-CTDMOG045,temperature,temperature,,,L0,counts,GS03FLMA,RIM01,CTDMO
GS03FLMA-RIM01-02-CTDMOG045,conductivity,conductivity,,,L0,counts,GS03FLMA,RIM01,CTDMO
GS03FLMA-RIM01-02-CTDMOG045,pressure,pressure,,,L0,counts,GS03FLMA,RIM01,CTDMO
GS03FLMA-RIM01-02-CTDMOG045,pressure_temp,pressure_temp,,,L0,counts,GS03FLMA,RIM01,CTDMO
GS03FLMA-RIM01-02-CTDMOG045,ctd_time,ctd_time,,,ENG,seconds since 2000-01-01,GS03FLMA,RIM01,CTDMO
GS03FLMA-RIM01-02-CTDMOG045,sio_controller_timestamp,sio_controller_timestamp,,,ENG,seconds since 1970-01-01,GS03FLMA,RIM01,CTDMO
GS03FLMA-RIM01-02-CTDMOG045,ctd_time_offset,ctd_time_offset,,,,s,GS03FLMA,RIM01,CTDMO
GS03FLMA-RIM01-02-CTDMOG045,ctdmo_seawater_pressure,ctdmo_seawater_pressure,0,6000,L1,dbar,GS03FLMA,RIM01,CTDMO
GS03FLMA-RIM01-02-CTDMOG045,ctdmo_seawater_temperature,ctdmo_seawater_temperature,-2,40,L1,deg_C,GS03FLMA,RIM01,CTDMO
GS03FLMA-RIM01-02-CTDMOG045,ctdmo_seawater_conductivity,ctdmo_seawater_conductivity,0,6,L1,S m-1,GS03FLMA,RIM01,CTDMO
GS03FLMA-RIM01-02-CTDMOG045,ctdmo_practical_salinity,ctdmo_practical_salinity,0,42,L2,(unitless),GS03FLMA,RIM01,CTDMO
GS03FLMA-RIM01-02-CTDMOG045,ctdmo_seawater_density,ctdmo_seawater_density,1000,1100,L2,kg m-3,GS03FLMA,RIM01,CTDMO
GS03FLMA-RIM01-02-CTDMOG045,serial_number,serial_number,,,ENG,1,GS03FLMA,RIM01,CTDMO
GS03FLMA-RIM01-02-CTDMOG045,time,time,,,ENG,seconds since 1900-01-01,GS03FLMA,RIM01,CTDMO
GS03FLMA-RIM01-02-CTDMOG045,ingestion_timestamp,ingestion_timestamp,,,ENG,seconds since 1900-01-01,GS03FLMA,RIM01,CTDMO
GS03FLMA-RIM01-02-CTDMOG046,driver_timestamp,driver_timestamp,,,ENG,seconds since 1900-01-01,GS03FLMA,RIM01,CTDMO
GS03FLMA-RIM01-02-CTDMOG046,internal_timestamp,internal_timestamp,,,ENG,seconds since 1900-01-01,GS03FLMA,RIM01,CTDMO
GS03FLMA-RIM01-02-CTDMOG046,inductive_id,inductive_id,,,ENG,1,GS03FLMA,RIM01,CTDMO
GS03FLMA-RIM01-02-CTDMOG046,preferred_timestamp,preferred_timestamp,,,ENG,1,GS03FLMA,RIM01,CTDMO
GS03FLMA-RIM01-02-CTDMOG046,temperature,temperature,,,L0,counts,GS03FLMA,RIM01,CTDMO
GS03FLMA-RIM01-02-CTDMOG046,conductivity,conductivity,,,L0,counts,GS03FLMA,RIM01,CTDMO
GS03FLMA-RIM01-02-CTDMOG046,pressure,pressure,,,L0,counts,GS03FLMA,RIM01,CTDMO
GS03FLMA-RIM01-02-CTDMOG046,pressure_temp,pressure_temp,,,L0,counts,GS03FLMA,RIM01,CTDMO
GS03FLMA-RIM01-02-CTDMOG046,ctd_time,ctd_time,,,ENG,seconds since 2000-01-01,GS03FLMA,RIM01,CTDMO
GS03FLMA-RIM01-02-CTDMOG046,sio_controller_timestamp,sio_controller_timestamp,,,ENG,seconds since 1970-01-01,GS03FLMA,RIM01,CTDMO
GS03FLMA-RIM01-02-CTDMOG046,ctd_time_offset,ctd_time_offset,,,,s,GS03FLMA,RIM01,CTDMO
GS03FLMA-RIM01-02-CTDMOG046,ctdmo_seawater_pressure,ctdmo_seawater_pressure,0,6000,L1,dbar,GS03FLMA,RIM01,CTDMO
GS03FLMA-RIM01-02-CTDMOG046,ctdmo_seawater_temperature,ctdmo_seawater_temperature,-2,40,L1,deg_C,GS03FLMA,RIM01,CTDMO
GS03FLMA-RIM01-02-CTDMOG046,ctdmo_seawater_conductivity,ctdmo_seawater_conductivity,0,6,L1,S m-1,GS03FLMA,RIM01,CTDMO
GS03FLMA-RIM01-02-CTDMOG046,ctdmo_practical_salinity,ctdmo_practical_salinity,0,42,L2,(unitless),GS03FLMA,RIM01,CTDMO
GS03FLMA-RIM01-02-CTDMOG046,ctdmo_seawater_density,ctdmo_seawater_density,1000,1100,L2,kg m-3,GS03FLMA,RIM01,CTDMO
GS03FLMA-RIM01-02-CTDMOG046,serial_number,serial_number,,,ENG,1,GS03FLMA,RIM01,CTDMO
GS03FLMA-RIM01-02-CTDMOG046,time,time,,,ENG,seconds since 1900-01-01,GS03FLMA,RIM01,CTDMO
GS03FLMA-RIM01-02-CTDMOG046,ingestion_timestamp,ingestion_timestamp,,,ENG,seconds since 1900-01-01,GS03FLMA,RIM01,CTDMO
GS03FLMA-RIM01-02-CTDMOG047,driver_timestamp,driver_timestamp,,,ENG,seconds since 1900-01-01,GS03FLMA,RIM01,CTDMO
GS03FLMA-RIM01-02-CTDMOG047,internal_timestamp,internal_timestamp,,,ENG,seconds since 1900-01-01,GS03FLMA,RIM01,CTDMO
GS03FLMA-RIM01-02-CTDMOG047,inductive_id,inductive_id,,,ENG,1,GS03FLMA,RIM01,CTDMO
GS03FLMA-RIM01-02-CTDMOG047,preferred_timestamp,preferred_timestamp,,,ENG,1,GS03FLMA,RIM01,CTDMO
GS03FLMA-RIM01-02-CTDMOG047,temperature,temperature,,,L0,counts,GS03FLMA,RIM01,CTDMO
GS03FLMA-RIM01-02-CTDMOG047,conductivity,conductivity,,,L0,counts,GS03FLMA,RIM01,CTDMO
GS03FLMA-RIM01-02-CTDMOG047,pressure,pressure,,,L0,counts,GS03FLMA,RIM01,CTDMO
GS03FLMA-RIM01-02-CTDMOG047,pressure_temp,pressure_temp,,,L0,counts,GS03FLMA,RIM01,CTDMO
GS03FLMA-RIM01-02-CTDMOG047,ctd_time,ctd_time,,,ENG,seconds since 2000-01-01,GS03FLMA,RIM01,CTDMO
GS03FLMA-RIM01-02-CTDMOG047,sio_controller_timestamp,sio_controller_timestamp,,,ENG,seconds since 1970-01-01,GS03FLMA,RIM01,CTDMO
GS03FLMA-RIM01-02-CTDMOG047,ctd_time_offset,ctd_time_offset,,,,s,GS03FLMA,RIM01,CTDMO
GS03FLMA-RIM01-02-CTDMOG047,ctdmo_seawater_pressure,ctdmo_seawater_pressure,0,6000,L1,dbar,GS03FLMA,RIM01,CTDMO
GS03FLMA-RIM01-02-CTDMOG047,ctdmo_seawater_temperature,ctdmo_seawater_temperature,-2,40,L1,deg_C,GS03FLMA,RIM01,CTDMO
GS03FLMA-RIM01-02-CTDMOG047,ctdmo_seawater_conductivity,ctdmo_seawater_conductivity,0,6,L1,S m-1,GS03FLMA,RIM01,CTDMO
GS03FLMA-RIM01-02-CTDMOG047,ctdmo_practical_salinity,ctdmo_practical_salinity,0,42,L2,(unitless),GS03FLMA,RIM01,CTDMO
GS03FLMA-RIM01-02-CTDMOG047,ctdmo_seawater_density,ctdmo_seawater_density,1000,1100,L2,kg m-3,GS03FLMA,RIM01,CTDMO
GS03FLMA-RIM01-02-CTDMOG047,serial_number,serial_number,,,ENG,1,GS03FLMA,RIM01,CTDMO
GS03FLMA-RIM01-02-CTDMOG047,time,time,,,ENG,seconds since 1900-01-01,GS03FLMA,RIM01,CTDMO
GS03FLMA-RIM01-02-CTDMOG047,ingestion_timestamp,ingestion_timestamp,,,ENG,seconds since 1900-01-01,GS03FLMA,RIM01,CTDMO
GS03FLMA-RIM01-02-CTDMOG048,driver_timestamp,driver_timestamp,,,ENG,seconds since 1900-01-01,GS03FLMA,RIM01,CTDMO
GS03FLMA-RIM01-02-CTDMOG048,internal_timestamp,internal_timestamp,,,ENG,seconds since 1900-01-01,GS03FLMA,RIM01,CTDMO
GS03FLMA-RIM01-02-CTDMOG048,inductive_id,inductive_id,,,ENG,1,GS03FLMA,RIM01,CTDMO
GS03FLMA-RIM01-02-CTDMOG048,preferred_timestamp,preferred_timestamp,,,ENG,1,GS03FLMA,RIM01,CTDMO
GS03FLMA-RIM01-02-CTDMOG048,temperature,temperature,,,L0,counts,GS03FLMA,RIM01,CTDMO
GS03FLMA-RIM01-02-CTDMOG048,conductivity,conductivity,,,L0,counts,GS03FLMA,RIM01,CTDMO
GS03FLMA-RIM01-02-CTDMOG048,pressure,pressure,,,L0,counts,GS03FLMA,RIM01,CTDMO
GS03FLMA-RIM01-02-CTDMOG048,pressure_temp,pressure_temp,,,L0,counts,GS03FLMA,RIM01,CTDMO
GS03FLMA-RIM01-02-CTDMOG048,ctd_time,ctd_time,,,ENG,seconds since 2000-01-01,GS03FLMA,RIM01,CTDMO
GS03FLMA-RIM01-02-CTDMOG048,sio_controller_timestamp,sio_controller_timestamp,,,ENG,seconds since 1970-01-01,GS03FLMA,RIM01,CTDMO
GS03FLMA-RIM01-02-CTDMOG048,ctd_time_offset,ctd_time_offset,,,,s,GS03FLMA,RIM01,CTDMO
GS03FLMA-RIM01-02-CTDMOG048,ctdmo_seawater_pressure,ctdmo_seawater_pressure,0,6000,L1,dbar,GS03FLMA,RIM01,CTDMO
GS03FLMA-RIM01-02-CTDMOG048,ctdmo_seawater_temperature,ctdmo_seawater_temperature,-2,40,L1,deg_C,GS03FLMA,RIM01,CTDMO
GS03FLMA-RIM01-02-CTDMOG048,ctdmo_seawater_conductivity,ctdmo_seawater_conductivity,0,6,L1,S m-1,GS03FLMA,RIM01,CTDMO
GS03FLMA-RIM01-02-CTDMOG048,ctdmo_practical_salinity,ctdmo_practical_salinity,0,42,L2,(unitless),GS03FLMA,RIM01,CTDMO
GS03FLMA-RIM01-02-CTDMOG048,ctdmo_seawater_density,ctdmo_seawater_density,1000,1100,L2,kg m-3,GS03FLMA,RIM01,CTDMO
GS03FLMA-RIM01-02-CTDMOG048,serial_number,serial_number,,,ENG,1,GS03FLMA,RIM01,CTDMO
GS03FLMA-RIM01-02-CTDMOG048,time,time,,,ENG,seconds since 1900-01-01,GS03FLMA,RIM01,CTDMO
GS03FLMA-RIM01-02-CTDMOG048,ingestion_timestamp,ingestion_timestamp,,,ENG,seconds since 1900-01-01,GS03FLMA,RIM01,CTDMO
GS03FLMA-RIM01-02-CTDMOH049,driver_timestamp,driver_timestamp,,,ENG,seconds since 1900-01-01,GS03FLMA,RIM01,CTDMO
GS03FLMA-RIM01-02-CTDMOH049,internal_timestamp,internal_timestamp,,,ENG,seconds since 1900-01-01,GS03FLMA,RIM01,CTDMO
GS03FLMA-RIM01-02-CTDMOH049,inductive_id,inductive_id,,,ENG,1,GS03FLMA,RIM01,CTDMO
GS03FLMA-RIM01-02-CTDMOH049,preferred_timestamp,preferred_timestamp,,,ENG,1,GS03FLMA,RIM01,CTDMO
GS03FLMA-RIM01-02-CTDMOH049,temperature,temperature,,,L0,counts,GS03FLMA,RIM01,CTDMO
GS03FLMA-RIM01-02-CTDMOH049,conductivity,conductivity,,,L0,counts,GS03FLMA,RIM01,CTDMO
GS03FLMA-RIM01-02-CTDMOH049,pressure,pressure,,,L0,counts,GS03FLMA,RIM01,CTDMO
GS03FLMA-RIM01-02-CTDMOH049,pressure_temp,pressure_temp,,,L0,counts,GS03FLMA,RIM01,CTDMO
GS03FLMA-RIM01-02-CTDMOH049,ctd_time,ctd_time,,,ENG,seconds since 2000-01-01,GS03FLMA,RIM01,CTDMO
GS03FLMA-RIM01-02-CTDMOH049,sio_controller_timestamp,sio_controller_timestamp,,,ENG,seconds since 1970-01-01,GS03FLMA,RIM01,CTDMO
GS03FLMA-RIM01-02-CTDMOH049,ctd_time_offset,ctd_time_offset,,,,s,GS03FLMA,RIM01,CTDMO
GS03FLMA-RIM01-02-CTDMOH049,ctdmo_seawater_pressure,ctdmo_seawater_pressure,0,6000,L1,dbar,GS03FLMA,RIM01,CTDMO
GS03FLMA-RIM01-02-CTDMOH049,ctdmo_seawater_temperature,ctdmo_seawater_temperature,-2,40,L1,deg_C,GS03FLMA,RIM01,CTDMO
GS03FLMA-RIM01-02-CTDMOH049,ctdmo_seawater_conductivity,ctdmo_seawater_conductivity,0,6,L1,S m-1,GS03FLMA,RIM01,CTDMO
GS03FLMA-RIM01-02-CTDMOH049,ctdmo_practical_salinity,ctdmo_practical_salinity,0,42,L2,(unitless),GS03FLMA,RIM01,CTDMO
GS03FLMA-RIM01-02-CTDMOH049,ctdmo_seawater_density,ctdmo_seawater_density,1000,1100,L2,kg m-3,GS03FLMA,RIM01,CTDMO
GS03FLMA-RIM01-02-CTDMOH049,serial_number,serial_number,,,ENG,1,GS03FLMA,RIM01,CTDMO
GS03FLMA-RIM01-02-CTDMOH049,time,time,,,ENG,seconds since 1900-01-01,GS03FLMA,RIM01,CTDMO
GS03FLMA-RIM01-02-CTDMOH049,ingestion_timestamp,ingestion_timestamp,,,ENG,seconds since 1900-01-01,GS03FLMA,RIM01,CTDMO
GS03FLMA-RIM01-02-CTDMOH050,driver_timestamp,driver_timestamp,,,ENG,seconds since 1900-01-01,GS03FLMA,RIM01,CTDMO
GS03FLMA-RIM01-02-CTDMOH050,internal_timestamp,internal_timestamp,,,ENG,seconds since 1900-01-01,GS03FLMA,RIM01,CTDMO
GS03FLMA-RIM01-02-CTDMOH050,inductive_id,inductive_id,,,ENG,1,GS03FLMA,RIM01,CTDMO
GS03FLMA-RIM01-02-CTDMOH050,preferred_timestamp,preferred_timestamp,,,ENG,1,GS03FLMA,RIM01,CTDMO
GS03FLMA-RIM01-02-CTDMOH050,temperature,temperature,,,L0,counts,GS03FLMA,RIM01,CTDMO
GS03FLMA-RIM01-02-CTDMOH050,conductivity,conductivity,,,L0,counts,GS03FLMA,RIM01,CTDMO
GS03FLMA-RIM01-02-CTDMOH050,pressure,pressure,,,L0,counts,GS03FLMA,RIM01,CTDMO
GS03FLMA-RIM01-02-CTDMOH050,pressure_temp,pressure_temp,,,L0,counts,GS03FLMA,RIM01,CTDMO
GS03FLMA-RIM01-02-CTDMOH050,ctd_time,ctd_time,,,ENG,seconds since 2000-01-01,GS03FLMA,RIM01,CTDMO
GS03FLMA-RIM01-02-CTDMOH050,sio_controller_timestamp,sio_controller_timestamp,,,ENG,seconds since 1970-01-01,GS03FLMA,RIM01,CTDMO
GS03FLMA-RIM01-02-CTDMOH050,ctd_time_offset,ctd_time_offset,,,,s,GS03FLMA,RIM01,CTDMO
GS03FLMA-RIM01-02-CTDMOH050,ctdmo_seawater_pressure,ctdmo_seawater_pressure,0,6000,L1,dbar,GS03FLMA,RIM01,CTDMO
GS03FLMA-RIM01-02-CTDMOH050,ctdmo_seawater_temperature,ctdmo_seawater_temperature,-2,40,L1,deg_C,GS03FLMA,RIM01,CTDMO
GS03FLMA-RIM01-02-CTDMOH050,ctdmo_seawater_conductivity,ctdmo_seawater_conductivity,0,6,L1,S m-1,GS03FLMA,RIM01,CTDMO
GS03FLMA-RIM01-02-CTDMOH050,ctdmo_practical_salinity,ctdmo_practical_salinity,0,42,L2,(unitless),GS03FLMA,RIM01,CTDMO
GS03FLMA-RIM01-02-CTDMOH050,ctdmo_seawater_density,ctdmo_seawater_density,1000,1100,L2,kg m-3,GS03FLMA,RIM01,CTDMO
GS03FLMA-RIM01-02-CTDMOH050,serial_number,serial_number,,,ENG,1,GS03FLMA,RIM01,CTDMO
GS03FLMA-RIM01-02-CTDMOH050,time,time,,,ENG,seconds since 1900-01-01,GS03FLMA,RIM01,CTDMO
GS03FLMA-RIM01-02-CTDMOH050,ingestion_timestamp,ingestion_timestamp,,,ENG,seconds since 1900-01-01,GS03FLMA,RIM01,CTDMO
GS03FLMA-RIM01-02-CTDMOH051,driver_timestamp,driver_timestamp,,,ENG,seconds since 1900-01-01,GS03FLMA,RIM01,CTDMO
GS03FLMA-RIM01-02-CTDMOH051,internal_timestamp,internal_timestamp,,,ENG,seconds since 1900-01-01,GS03FLMA,RIM01,CTDMO
GS03FLMA-RIM01-02-CTDMOH051,inductive_id,inductive_id,,,ENG,1,GS03FLMA,RIM01,CTDMO
GS03FLMA-RIM01-02-CTDMOH051,preferred_timestamp,preferred_timestamp,,,ENG,1,GS03FLMA,RIM01,CTDMO
GS03FLMA-RIM01-02-CTDMOH051,temperature,temperature,,,L0,counts,GS03FLMA,RIM01,CTDMO
GS03FLMA-RIM01-02-CTDMOH051,conductivity,conductivity,,,L0,counts,GS03FLMA,RIM01,CTDMO
GS03FLMA-RIM01-02-CTDMOH051,pressure,pressure,,,L0,counts,GS03FLMA,RIM01,CTDMO
GS03FLMA-RIM01-02-CTDMOH051,pressure_temp,pressure_temp,,,L0,counts,GS03FLMA,RIM01,CTDMO
GS03FLMA-RIM01-02-CTDMOH051,ctd_time,ctd_time,,,ENG,seconds since 2000-01-01,GS03FLMA,RIM01,CTDMO
GS03FLMA-RIM01-02-CTDMOH051,sio_controller_timestamp,sio_controller_timestamp,,,ENG,seconds since 1970-01-01,GS03FLMA,RIM01,CTDMO
GS03FLMA-RIM01-02-CTDMOH051,ctd_time_offset,ctd_time_offset,,,,s,GS03FLMA,RIM01,CTDMO
GS03FLMA-RIM01-02-CTDMOH051,ctdmo_seawater_pressure,ctdmo_seawater_pressure,0,6000,L1,dbar,GS03FLMA,RIM01,CTDMO
GS03FLMA-RIM01-02-CTDMOH051,ctdmo_seawater_temperature,ctdmo_seawater_temperature,-2,40,L1,deg_C,GS03FLMA,RIM01,CTDMO
GS03FLMA-RIM01-02-CTDMOH051,ctdmo_seawater_conductivity,ctdmo_seawater_conductivity,0,6,L1,S m-1,GS03FLMA,RIM01,CTDMO
GS03FLMA-RIM01-02-CTDMOH051,ctdmo_practical_salinity,ctdmo_practical_salinity,0,42,L2,(unitless),GS03FLMA,RIM01,CTDMO
GS03FLMA-RIM01-02-CTDMOH051,ctdmo_seawater_density,ctdmo_seawater_density,1000,1100,L2,kg m-3,GS03FLMA,RIM01,CTDMO
GS03FLMA-RIM01-02-CTDMOH051,serial_number,serial_number,,,ENG,1,GS03FLMA,RIM01,CTDMO
GS03FLMA-RIM01-02-CTDMOH051,time,time,,,ENG,seconds since 1900-01-01,GS03FLMA,RIM01,CTDMO
GS03FLMA-RIM01-02-CTDMOH051,ingestion_timestamp,ingestion_timestamp,,,ENG,seconds since 1900-01-01,GS03FLMA,RIM01,CTDMO
GS03FLMA-RIS01-03-DOSTAD000,product_number,product_number,,,,1,GS03FLMA,RIS01,DOSTA
GS03FLMA-RIS01-03-DOSTAD000,driver_timestamp,driver_timestamp,,,ENG,seconds since 1900-01-01,GS03FLMA,RIS01,DOSTA
GS03FLMA-RIS01-03-DOSTAD000,internal_timestamp,internal_timestamp,,,ENG,seconds since 1900-01-01,GS03FLMA,RIS01,DOSTA
GS03FLMA-RIS01-03-DOSTAD000,preferred_timestamp,preferred_timestamp,,,ENG,1,GS03FLMA,RIS01,DOSTA
GS03FLMA-RIS01-03-DOSTAD000,sio_controller_timestamp,sio_controller_timestamp,,,ENG,seconds since 1970-01-01,GS03FLMA,RIS01,DOSTA
GS03FLMA-RIS01-03-DOSTAD000,dosta_abcdjm_cspp_tc_oxygen,dosta_abcdjm_cspp_tc_oxygen,0,400,L1,umol L-1,GS03FLMA,RIS01,DOSTA
GS03FLMA-RIS01-03-DOSTAD000,serial_number,serial_number,,,ENG,1,GS03FLMA,RIS01,DOSTA
GS03FLMA-RIS01-03-DOSTAD000,dosta_abcdjm_sio_abs_oxygen,dosta_abcdjm_sio_abs_oxygen,0,400,L2,umol kg-1,GS03FLMA,RIS01,DOSTA
GS03FLMA-RIS01-03-DOSTAD000,time,time,,,ENG,seconds since 1900-01-01,GS03FLMA,RIS01,DOSTA
GS03FLMA-RIS01-03-DOSTAD000,ingestion_timestamp,ingestion_timestamp,,,ENG,seconds since 1900-01-01,GS03FLMA,RIS01,DOSTA
GS03FLMA-RIS01-03-DOSTAD000,estimated_oxygen_concentration,estimated_oxygen_concentration,0,400,L1,umol L-1,GS03FLMA,RIS01,DOSTA
GS03FLMA-RIS01-03-DOSTAD000,estimated_oxygen_saturation,estimated_oxygen_saturation,0,110,L1,percent,GS03FLMA,RIS01,DOSTA
GS03FLMA-RIS01-03-DOSTAD000,optode_temperature,optode_temperature,-2,40,,deg_C,GS03FLMA,RIS01,DOSTA
GS03FLMA-RIS01-03-DOSTAD000,calibrated_phase,calibrated_phase,,,L0,degrees,GS03FLMA,RIS01,DOSTA
GS03FLMA-RIS01-03-DOSTAD000,temp_compensated_phase,temp_compensated_phase,,,,degrees,GS03FLMA,RIS01,DOSTA
GS03FLMA-RIS01-03-DOSTAD000,blue_phase,blue_phase,,,,degrees,GS03FLMA,RIS01,DOSTA
GS03FLMA-RIS01-03-DOSTAD000,red_phase,red_phase,,,,degrees,GS03FLMA,RIS01,DOSTA
GS03FLMA-RIS01-03-DOSTAD000,blue_amplitude,blue_amplitude,,,,mV,GS03FLMA,RIS01,DOSTA
GS03FLMA-RIS01-03-DOSTAD000,red_amplitude,red_amplitude,,,,mV,GS03FLMA,RIS01,DOSTA
GS03FLMA-RIS01-03-DOSTAD000,raw_temperature,raw_temperature,,,,mV,GS03FLMA,RIS01,DOSTA
GS03FLMA-RIS01-04-PHSENF000,driver_timestamp,driver_timestamp,,,ENG,seconds since 1900-01-01,GS03FLMA,RIS01,PHSEN
GS03FLMA-RIS01-04-PHSENF000,external_device2_fault,external_device2_fault,,,,1,GS03FLMA,RIS01,PHSEN
GS03FLMA-RIS01-04-PHSENF000,external_device3_fault,external_device3_fault,,,,1,GS03FLMA,RIS01,PHSEN
GS03FLMA-RIS01-04-PHSENF000,num_data_records,num_data_records,,,,1,GS03FLMA,RIS01,PHSEN
GS03FLMA-RIS01-04-PHSENF000,num_error_records,num_error_records,,,,1,GS03FLMA,RIS01,PHSEN
GS03FLMA-RIS01-04-PHSENF000,num_bytes_stored,num_bytes_stored,,,,bytes,GS03FLMA,RIS01,PHSEN
GS03FLMA-RIS01-04-PHSENF000,internal_timestamp,internal_timestamp,,,ENG,seconds since 1900-01-01,GS03FLMA,RIS01,PHSEN
GS03FLMA-RIS01-04-PHSENF000,preferred_timestamp,preferred_timestamp,,,ENG,1,GS03FLMA,RIS01,PHSEN
GS03FLMA-RIS01-04-PHSENF000,sio_controller_timestamp,sio_controller_timestamp,,,ENG,seconds since 1970-01-01,GS03FLMA,RIS01,PHSEN
GS03FLMA-RIS01-04-PHSENF000,passed_checksum,passed_checksum,,,ENG,1,GS03FLMA,RIS01,PHSEN
GS03FLMA-RIS01-04-PHSENF000,phsen_abcdef_ph_seawater,phsen_abcdef_ph_seawater,7.3,8.5,L1,(unitless),GS03FLMA,RIS01,PHSEN
GS03FLMA-RIS01-04-PHSENF000,battery_low_blank,battery_low_blank,,,,1,GS03FLMA,RIS01,PHSEN
GS03FLMA-RIS01-04-PHSENF000,unique_id,unique_id,,,,1,GS03FLMA,RIS01,PHSEN
GS03FLMA-RIS01-04-PHSENF000,record_type,record_type,,,,1,GS03FLMA,RIS01,PHSEN
GS03FLMA-RIS01-04-PHSENF000,record_time,record_time,,,,seconds since 1904-01-01,GS03FLMA,RIS01,PHSEN
GS03FLMA-RIS01-04-PHSENF000,light_measurements,light_measurements,,,,counts,GS03FLMA,RIS01,PHSEN
GS03FLMA-RIS01-04-PHSENF000,voltage_battery,voltage_battery,,,,counts,GS03FLMA,RIS01,PHSEN
GS03FLMA-RIS01-04-PHSENF000,clock_active,clock_active,,,,1,GS03FLMA,RIS01,PHSEN
GS03FLMA-RIS01-04-PHSENF000,recording_active,recording_active,,,,1,GS03FLMA,RIS01,PHSEN
GS03FLMA-RIS01-04-PHSENF000,record_end_on_time,record_end_on_time,,,,1,GS03FLMA,RIS01,PHSEN
GS03FLMA-RIS01-04-PHSENF000,record_memory_full,record_memory_full,,,,1,GS03FLMA,RIS01,PHSEN
GS03FLMA-RIS01-04-PHSENF000,phsen_abcdef_signal_intensity_434,phsen_abcdef_signal_intensity_434,,,L0,counts,GS03FLMA,RIS01,PHSEN
GS03FLMA-RIS01-04-PHSENF000,phsen_abcdef_signal_intensity_578,phsen_abcdef_signal_intensity_578,,,L0,counts,GS03FLMA,RIS01,PHSEN
GS03FLMA-RIS01-04-PHSENF000,record_end_on_error,record_end_on_error,,,,1,GS03FLMA,RIS01,PHSEN
GS03FLMA-RIS01-04-PHSENF000,data_download_ok,data_download_ok,,,,1,GS03FLMA,RIS01,PHSEN
GS03FLMA-RIS01-04-PHSENF000,flash_memory_open,flash_memory_open,,,,1,GS03FLMA,RIS01,PHSEN
GS03FLMA-RIS01-04-PHSENF000,battery_low_prestart,battery_low_prestart,,,,1,GS03FLMA,RIS01,PHSEN
GS03FLMA-RIS01-04-PHSENF000,battery_low_measurement,battery_low_measurement,,,,1,GS03FLMA,RIS01,PHSEN
GS03FLMA-RIS01-04-PHSENF000,battery_low_external,battery_low_external,,,,1,GS03FLMA,RIS01,PHSEN
GS03FLMA-RIS01-04-PHSENF000,external_device1_fault,external_device1_fault,,,,1,GS03FLMA,RIS01,PHSEN
GS03FLMA-RIS01-04-PHSENF000,flash_erased,flash_erased,,,,1,GS03FLMA,RIS01,PHSEN
GS03FLMA-RIS01-04-PHSENF000,power_on_invalid,power_on_invalid,,,,1,GS03FLMA,RIS01,PHSEN
GS03FLMA-RIS01-04-PHSENF000,time,time,,,ENG,seconds since 1900-01-01,GS03FLMA,RIS01,PHSEN
GS03FLMA-RIS01-04-PHSENF000,ingestion_timestamp,ingestion_timestamp,,,ENG,seconds since 1900-01-01,GS03FLMA,RIS01,PHSEN
GS03FLMA-RIS01-04-PHSENF000,thermistor_start,thermistor_start,,,,counts,GS03FLMA,RIS01,PHSEN
GS03FLMA-RIS01-04-PHSENF000,reference_light_measurements,reference_light_measurements,,,,counts,GS03FLMA,RIS01,PHSEN
GS03FLMA-RIS01-04-PHSENF000,thermistor_end,thermistor_end,,,,counts,GS03FLMA,RIS01,PHSEN
GS03FLMA-RIS01-04-PHSENF000,phsen_thermistor_temperature,phsen_thermistor_temperature,,,L0,V,GS03FLMA,RIS01,PHSEN
GS03FLMA-RIS01-05-FLORTD000,driver_timestamp,driver_timestamp,,,ENG,seconds since 1900-01-01,GS03FLMA,RIS01,FLORT
GS03FLMA-RIS01-05-FLORTD000,date_string,date_string,,,ENG,1,GS03FLMA,RIS01,FLORT
GS03FLMA-RIS01-05-FLORTD000,time_string,time_string,,,ENG,1,GS03FLMA,RIS01,FLORT
GS03FLMA-RIS01-05-FLORTD000,measurement_wavelength_beta,measurement_wavelength_beta,,,,nm,GS03FLMA,RIS01,FLORT
GS03FLMA-RIS01-05-FLORTD000,raw_signal_beta,raw_signal_beta,,,L0,counts,GS03FLMA,RIS01,FLORT
GS03FLMA-RIS01-05-FLORTD000,measurement_wavelength_chl,measurement_wavelength_chl,,,,nm,GS03FLMA,RIS01,FLORT
GS03FLMA-RIS01-05-FLORTD000,raw_signal_chl,raw_signal_chl,,,L0,counts,GS03FLMA,RIS01,FLORT
GS03FLMA-RIS01-05-FLORTD000,measurement_wavelength_cdom,measurement_wavelength_cdom,,,,nm,GS03FLMA,RIS01,FLORT
GS03FLMA-RIS01-05-FLORTD000,raw_signal_cdom,raw_signal_cdom,,,L0,counts,GS03FLMA,RIS01,FLORT
GS03FLMA-RIS01-05-FLORTD000,raw_internal_temp,raw_internal_temp,,,,counts,GS03FLMA,RIS01,FLORT
GS03FLMA-RIS01-05-FLORTD000,internal_timestamp,internal_timestamp,,,ENG,seconds since 1900-01-01,GS03FLMA,RIS01,FLORT
GS03FLMA-RIS01-05-FLORTD000,preferred_timestamp,preferred_timestamp,,,ENG,1,GS03FLMA,RIS01,FLORT
GS03FLMA-RIS01-05-FLORTD000,flort_k_total_volume_scattering_coefficient,flort_k_total_volume_scattering_coefficient,,,L1,m-1 sr-1,GS03FLMA,RIS01,FLORT
GS03FLMA-RIS01-05-FLORTD000,fluorometric_chlorophyll_a,fluorometric_chlorophyll_a,0,50,L1,ug L-1,GS03FLMA,RIS01,FLORT
GS03FLMA-RIS01-05-FLORTD000,fluorometric_cdom,fluorometric_cdom,0,375,L1,ppb,GS03FLMA,RIS01,FLORT
GS03FLMA-RIS01-05-FLORTD000,sio_controller_timestamp,sio_controller_timestamp,,,ENG,seconds since 1970-01-01,GS03FLMA,RIS01,FLORT
GS03FLMA-RIS01-05-FLORTD000,flort_dj_bback_total,flort_dj_bback_total,0.0003,1,L2,m-1,GS03FLMA,RIS01,FLORT
GS03FLMA-RIS01-05-FLORTD000,flort_dj_scat_seawater,flort_dj_scat_seawater,,,AUX,m-1,GS03FLMA,RIS01,FLORT
GS03FLMA-RIS01-05-FLORTD000,time,time,,,ENG,seconds since 1900-01-01,GS03FLMA,RIS01,FLORT
GS03FLMA-RIS01-05-FLORTD000,ingestion_timestamp,ingestion_timestamp,,,ENG,seconds since 1900-01-01,GS03FLMA,RIS01,FLORT
GS03FLMB-RIM01-02-ADCPSL007,driver_timestamp,driver_timestamp,,,ENG,seconds since 1900-01-01,GS03FLMB,RIM01,ADCPS
GS03FLMB-RIM01-02-ADCPSL007,ensemble_start_time_2,ensemble_start_time_2,,,,seconds since 1900-01-01,GS03FLMB,RIM01,ADCPS
GS03FLMB-RIM01-02-ADCPSL007,real_time_clock_2,real_time_clock_2,,,,1,GS03FLMB,RIM01,ADCPS
GS03FLMB-RIM01-02-ADCPSL007,internal_timestamp,internal_timestamp,,,ENG,seconds since 1900-01-01,GS03FLMB,RIM01,ADCPS
GS03FLMB-RIM01-02-ADCPSL007,ensemble_number,ensemble_number,,,,1,GS03FLMB,RIM01,ADCPS
GS03FLMB-RIM01-02-ADCPSL007,unit_id,unit_id,,,,1,GS03FLMB,RIM01,ADCPS
GS03FLMB-RIM01-02-ADCPSL007,preferred_timestamp,preferred_timestamp,,,ENG,1,GS03FLMB,RIM01,ADCPS
GS03FLMB-RIM01-02-ADCPSL007,adcps_jln_year,adcps_jln_year,,,,year,GS03FLMB,RIM01,ADCPS
GS03FLMB-RIM01-02-ADCPSL007,adcps_jln_month,adcps_jln_month,,,,month,GS03FLMB,RIM01,ADCPS
GS03FLMB-RIM01-02-ADCPSL007,adcps_jln_day,adcps_jln_day,,,,day,GS03FLMB,RIM01,ADCPS
GS03FLMB-RIM01-02-ADCPSL007,adcps_jln_hour,adcps_jln_hour,,,,hour,GS03FLMB,RIM01,ADCPS
GS03FLMB-RIM01-02-ADCPSL007,adcps_jln_minute,adcps_jln_minute,,,,minute,GS03FLMB,RIM01,ADCPS
GS03FLMB-RIM01-02-ADCPSL007,adcps_jln_second,adcps_jln_second,,,,sec,GS03FLMB,RIM01,ADCPS
GS03FLMB-RIM01-02-ADCPSL007,adcps_jln_hsec,adcps_jln_hsec,,,,csec,GS03FLMB,RIM01,ADCPS
GS03FLMB-RIM01-02-ADCPSL007,adcps_jln_heading,adcps_jln_heading,,,,cdegree,GS03FLMB,RIM01,ADCPS
GS03FLMB-RIM01-02-ADCPSL007,adcps_jln_pitch,adcps_jln_pitch,,,,cdegree,GS03FLMB,RIM01,ADCPS
GS03FLMB-RIM01-02-ADCPSL007,adcps_jln_roll,adcps_jln_roll,,,,cdegree,GS03FLMB,RIM01,ADCPS
GS03FLMB-RIM01-02-ADCPSL007,adcps_jln_temp,adcps_jln_temp,,,,cdeg_C,GS03FLMB,RIM01,ADCPS
GS03FLMB-RIM01-02-ADCPSL007,adcps_jln_pressure,adcps_jln_pressure,,,,daPa,GS03FLMB,RIM01,ADCPS
GS03FLMB-RIM01-02-ADCPSL007,adcps_jln_startbin,adcps_jln_startbin,,,,1,GS03FLMB,RIM01,ADCPS
GS03FLMB-RIM01-02-ADCPSL007,adcps_jln_bins,adcps_jln_bins,,,,1,GS03FLMB,RIM01,ADCPS
GS03FLMB-RIM01-02-ADCPSL007,sensor_available_speed,sensor_available_speed,,,,1,GS03FLMB,RIM01,ADCPS
GS03FLMB-RIM01-02-ADCPSL007,sysconfig_beam_angle,sysconfig_beam_angle,,,,1,GS03FLMB,RIM01,ADCPS
GS03FLMB-RIM01-02-ADCPSL007,sysconfig_beam_config,sysconfig_beam_config,,,,1,GS03FLMB,RIM01,ADCPS
GS03FLMB-RIM01-02-ADCPSL007,sio_controller_timestamp,sio_controller_timestamp,,,ENG,seconds since 1970-01-01,GS03FLMB,RIM01,ADCPS
GS03FLMB-RIM01-02-ADCPSL007,adcps_jln_upward_seawater_velocity2,adcps_jln_upward_seawater_velocity2,-1,1,L1,m s-1,GS03FLMB,RIM01,ADCPS
GS03FLMB-RIM01-02-ADCPSL007,adcps_jln_error_velocity2,adcps_jln_error_velocity2,-1,1,L1,m s-1,GS03FLMB,RIM01,ADCPS
GS03FLMB-RIM01-02-ADCPSL007,adcps_jln_echo_intensity_beam1,adcps_jln_echo_intensity_beam1,0,255,L1,dB,GS03FLMB,RIM01,ADCPS
GS03FLMB-RIM01-02-ADCPSL007,adcps_jln_echo_intensity_beam2,adcps_jln_echo_intensity_beam2,0,255,L1,dB,GS03FLMB,RIM01,ADCPS
GS03FLMB-RIM01-02-ADCPSL007,adcps_jln_echo_intensity_beam3,adcps_jln_echo_intensity_beam3,0,255,L1,dB,GS03FLMB,RIM01,ADCPS
GS03FLMB-RIM01-02-ADCPSL007,adcps_jln_echo_intensity_beam4,adcps_jln_echo_intensity_beam4,0,255,L1,dB,GS03FLMB,RIM01,ADCPS
GS03FLMB-RIM01-02-ADCPSL007,serial_number,serial_number,,,ENG,1,GS03FLMB,RIM01,ADCPS
GS03FLMB-RIM01-02-ADCPSL007,adcps_jln_eastward_earth_seawater_velocity,adcps_jln_eastward_earth_seawater_velocity,-3,3,L1,m s-1,GS03FLMB,RIM01,ADCPS
GS03FLMB-RIM01-02-ADCPSL007,adcps_jln_northward_earth_seawater_velocity,adcps_jln_northward_earth_seawater_velocity,-3,3,L1,m s-1,GS03FLMB,RIM01,ADCPS
GS03FLMB-RIM01-02-ADCPSL007,adcps_jln_recovered_eastward_seawater_velocity,adcps_jln_recovered_eastward_seawater_velocity,-3,3,L1,m s-1,GS03FLMB,RIM01,ADCPS
GS03FLMB-RIM01-02-ADCPSL007,adcps_jln_recovered_northward_seawater_velocity,adcps_jln_recovered_northward_seawater_velocity,-3,3,L1,m s-1,GS03FLMB,RIM01,ADCPS
GS03FLMB-RIM01-02-ADCPSL007,firmware_version,firmware_version,,,,1,GS03FLMB,RIM01,ADCPS
GS03FLMB-RIM01-02-ADCPSL007,firmware_revision,firmware_revision,,,,1,GS03FLMB,RIM01,ADCPS
GS03FLMB-RIM01-02-ADCPSL007,sysconfig_frequency,sysconfig_frequency,,,,kHz,GS03FLMB,RIM01,ADCPS
GS03FLMB-RIM01-02-ADCPSL007,sysconfig_beam_pattern,sysconfig_beam_pattern,,,,1,GS03FLMB,RIM01,ADCPS
GS03FLMB-RIM01-02-ADCPSL007,sysconfig_sensor_config,sysconfig_sensor_config,,,,1,GS03FLMB,RIM01,ADCPS
GS03FLMB-RIM01-02-ADCPSL007,sysconfig_head_attached,sysconfig_head_attached,,,,1,GS03FLMB,RIM01,ADCPS
GS03FLMB-RIM01-02-ADCPSL007,sysconfig_vertical_orientation,sysconfig_vertical_orientation,,,,1,GS03FLMB,RIM01,ADCPS
GS03FLMB-RIM01-02-ADCPSL007,data_flag,data_flag,,,,1,GS03FLMB,RIM01,ADCPS
GS03FLMB-RIM01-02-ADCPSL007,lag_length,lag_length,,,,s,GS03FLMB,RIM01,ADCPS
GS03FLMB-RIM01-02-ADCPSL007,num_beams,num_beams,,,,1,GS03FLMB,RIM01,ADCPS
GS03FLMB-RIM01-02-ADCPSL007,num_cells,num_cells,,,,1,GS03FLMB,RIM01,ADCPS
GS03FLMB-RIM01-02-ADCPSL007,pings_per_ensemble,pings_per_ensemble,,,,1,GS03FLMB,RIM01,ADCPS
GS03FLMB-RIM01-02-ADCPSL007,cell_length,cell_length,,,,cm,GS03FLMB,RIM01,ADCPS
GS03FLMB-RIM01-02-ADCPSL007,blank_after_transmit,blank_after_transmit,,,,cm,GS03FLMB,RIM01,ADCPS
GS03FLMB-RIM01-02-ADCPSL007,signal_processing_mode,signal_processing_mode,,,,1,GS03FLMB,RIM01,ADCPS
GS03FLMB-RIM01-02-ADCPSL007,low_corr_threshold,low_corr_threshold,,,,counts,GS03FLMB,RIM01,ADCPS
GS03FLMB-RIM01-02-ADCPSL007,num_code_repetitions,num_code_repetitions,,,,counts,GS03FLMB,RIM01,ADCPS
GS03FLMB-RIM01-02-ADCPSL007,percent_good_min,percent_good_min,,,,percent,GS03FLMB,RIM01,ADCPS
GS03FLMB-RIM01-02-ADCPSL007,error_vel_threshold,error_vel_threshold,,,,mm s-1,GS03FLMB,RIM01,ADCPS
GS03FLMB-RIM01-02-ADCPSL007,time_per_ping_minutes,time_per_ping_minutes,,,,min,GS03FLMB,RIM01,ADCPS
GS03FLMB-RIM01-02-ADCPSL007,time_per_ping_seconds,time_per_ping_seconds,,,,s,GS03FLMB,RIM01,ADCPS
GS03FLMB-RIM01-02-ADCPSL007,coord_transform_type,coord_transform_type,,,,1,GS03FLMB,RIM01,ADCPS
GS03FLMB-RIM01-02-ADCPSL007,coord_transform_tilts,coord_transform_tilts,,,,1,GS03FLMB,RIM01,ADCPS
GS03FLMB-RIM01-02-ADCPSL007,coord_transform_beams,coord_transform_beams,,,,1,GS03FLMB,RIM01,ADCPS
GS03FLMB-RIM01-02-ADCPSL007,coord_transform_mapping,coord_transform_mapping,,,,1,GS03FLMB,RIM01,ADCPS
GS03FLMB-RIM01-02-ADCPSL007,heading_alignment,heading_alignment,,,,cdegrees,GS03FLMB,RIM01,ADCPS
GS03FLMB-RIM01-02-ADCPSL007,heading_bias,heading_bias,,,,cdegrees,GS03FLMB,RIM01,ADCPS
GS03FLMB-RIM01-02-ADCPSL007,sensor_source_speed,sensor_source_speed,,,,1,GS03FLMB,RIM01,ADCPS
GS03FLMB-RIM01-02-ADCPSL007,sensor_source_depth,sensor_source_depth,,,,1,GS03FLMB,RIM01,ADCPS
GS03FLMB-RIM01-02-ADCPSL007,sensor_source_heading,sensor_source_heading,,,,1,GS03FLMB,RIM01,ADCPS
GS03FLMB-RIM01-02-ADCPSL007,sensor_source_pitch,sensor_source_pitch,,,,1,GS03FLMB,RIM01,ADCPS
GS03FLMB-RIM01-02-ADCPSL007,sensor_source_roll,sensor_source_roll,,,,1,GS03FLMB,RIM01,ADCPS
GS03FLMB-RIM01-02-ADCPSL007,sensor_source_conductivity,sensor_source_conductivity,,,,1,GS03FLMB,RIM01,ADCPS
GS03FLMB-RIM01-02-ADCPSL007,sensor_source_temperature,sensor_source_temperature,,,,1,GS03FLMB,RIM01,ADCPS
GS03FLMB-RIM01-02-ADCPSL007,sensor_available_depth,sensor_available_depth,,,,1,GS03FLMB,RIM01,ADCPS
GS03FLMB-RIM01-02-ADCPSL007,sensor_available_heading,sensor_available_heading,,,,1,GS03FLMB,RIM01,ADCPS
GS03FLMB-RIM01-02-ADCPSL007,sensor_available_pitch,sensor_available_pitch,,,,1,GS03FLMB,RIM01,ADCPS
GS03FLMB-RIM01-02-ADCPSL007,sensor_available_roll,sensor_available_roll,,,,1,GS03FLMB,RIM01,ADCPS
GS03FLMB-RIM01-02-ADCPSL007,sensor_available_conductivity,sensor_available_conductivity,,,,1,GS03FLMB,RIM01,ADCPS
GS03FLMB-RIM01-02-ADCPSL007,sensor_available_temperature,sensor_available_temperature,,,,1,GS03FLMB,RIM01,ADCPS
GS03FLMB-RIM01-02-ADCPSL007,bin_1_distance,bin_1_distance,,,,cm,GS03FLMB,RIM01,ADCPS
GS03FLMB-RIM01-02-ADCPSL007,transmit_pulse_length,transmit_pulse_length,,,,cm,GS03FLMB,RIM01,ADCPS
GS03FLMB-RIM01-02-ADCPSL007,reference_layer_start,reference_layer_start,,,,1,GS03FLMB,RIM01,ADCPS
GS03FLMB-RIM01-02-ADCPSL007,reference_layer_stop,reference_layer_stop,,,,1,GS03FLMB,RIM01,ADCPS
GS03FLMB-RIM01-02-ADCPSL007,false_target_threshold,false_target_threshold,,,,counts,GS03FLMB,RIM01,ADCPS
GS03FLMB-RIM01-02-ADCPSL007,low_latency_trigger,low_latency_trigger,,,,1,GS03FLMB,RIM01,ADCPS
GS03FLMB-RIM01-02-ADCPSL007,transmit_lag_distance,transmit_lag_distance,,,,cm,GS03FLMB,RIM01,ADCPS
GS03FLMB-RIM01-02-ADCPSL007,cpu_board_serial_number,cpu_board_serial_number,,,,1,GS03FLMB,RIM01,ADCPS
GS03FLMB-RIM01-02-ADCPSL007,system_bandwidth,system_bandwidth,,,,1,GS03FLMB,RIM01,ADCPS
GS03FLMB-RIM01-02-ADCPSL007,system_power,system_power,,,,1,GS03FLMB,RIM01,ADCPS
GS03FLMB-RIM01-02-ADCPSL007,beam_angle,beam_angle,,,,degrees,GS03FLMB,RIM01,ADCPS
GS03FLMB-RIM01-02-ADCPSL007,ensemble_number,ensemble_number,,,,1,GS03FLMB,RIM01,ADCPS
GS03FLMB-RIM01-02-ADCPSL007,ensemble_number_increment,ensemble_number_increment,,,,1,GS03FLMB,RIM01,ADCPS
GS03FLMB-RIM01-02-ADCPSL007,bit_result_demod_1,bit_result_demod_1,,,,1,GS03FLMB,RIM01,ADCPS
GS03FLMB-RIM01-02-ADCPSL007,bit_result_demod_0,bit_result_demod_0,,,,1,GS03FLMB,RIM01,ADCPS
GS03FLMB-RIM01-02-ADCPSL007,bit_result_timing,bit_result_timing,,,,1,GS03FLMB,RIM01,ADCPS
GS03FLMB-RIM01-02-ADCPSL007,speed_of_sound,speed_of_sound,,,,m s-1,GS03FLMB,RIM01,ADCPS
GS03FLMB-RIM01-02-ADCPSL007,transducer_depth,transducer_depth,,,,dm,GS03FLMB,RIM01,ADCPS
GS03FLMB-RIM01-02-ADCPSL007,heading,heading,,,,cdegrees,GS03FLMB,RIM01,ADCPS
GS03FLMB-RIM01-02-ADCPSL007,pitch,pitch,,,,cdegrees,GS03FLMB,RIM01,ADCPS
GS03FLMB-RIM01-02-ADCPSL007,roll,roll,,,,cdegrees,GS03FLMB,RIM01,ADCPS
GS03FLMB-RIM01-02-ADCPSL007,salinity,salinity,,,,1,GS03FLMB,RIM01,ADCPS
GS03FLMB-RIM01-02-ADCPSL007,temperature,temperature,,,,cdeg_C,GS03FLMB,RIM01,ADCPS
GS03FLMB-RIM01-02-ADCPSL007,mpt_minutes,mpt_minutes,,,,min,GS03FLMB,RIM01,ADCPS
GS03FLMB-RIM01-02-ADCPSL007,mpt_seconds,mpt_seconds,,,,s,GS03FLMB,RIM01,ADCPS
GS03FLMB-RIM01-02-ADCPSL007,heading_stdev,heading_stdev,,,,degrees,GS03FLMB,RIM01,ADCPS
GS03FLMB-RIM01-02-ADCPSL007,pitch_stdev,pitch_stdev,,,,ddegrees,GS03FLMB,RIM01,ADCPS
GS03FLMB-RIM01-02-ADCPSL007,roll_stdev,roll_stdev,,,,ddegrees,GS03FLMB,RIM01,ADCPS
GS03FLMB-RIM01-02-ADCPSL007,adc_transmit_current,adc_transmit_current,,,,counts,GS03FLMB,RIM01,ADCPS
GS03FLMB-RIM01-02-ADCPSL007,adc_transmit_voltage,adc_transmit_voltage,,,,counts,GS03FLMB,RIM01,ADCPS
GS03FLMB-RIM01-02-ADCPSL007,adc_ambient_temp,adc_ambient_temp,,,,counts,GS03FLMB,RIM01,ADCPS
GS03FLMB-RIM01-02-ADCPSL007,adc_pressure_plus,adc_pressure_plus,,,,counts,GS03FLMB,RIM01,ADCPS
GS03FLMB-RIM01-02-ADCPSL007,adc_pressure_minus,adc_pressure_minus,,,,counts,GS03FLMB,RIM01,ADCPS
GS03FLMB-RIM01-02-ADCPSL007,adc_attitude_temp,adc_attitude_temp,,,,counts,GS03FLMB,RIM01,ADCPS
GS03FLMB-RIM01-02-ADCPSL007,adc_attitude,adc_attitude,,,,counts,GS03FLMB,RIM01,ADCPS
GS03FLMB-RIM01-02-ADCPSL007,adc_contamination_sensor,adc_contamination_sensor,,,,counts,GS03FLMB,RIM01,ADCPS
GS03FLMB-RIM01-02-ADCPSL007,bus_error_exception,bus_error_exception,,,,1,GS03FLMB,RIM01,ADCPS
GS03FLMB-RIM01-02-ADCPSL007,address_error_exception,address_error_exception,,,,1,GS03FLMB,RIM01,ADCPS
GS03FLMB-RIM01-02-ADCPSL007,illegal_instruction_exception,illegal_instruction_exception,,,,1,GS03FLMB,RIM01,ADCPS
GS03FLMB-RIM01-02-ADCPSL007,zero_divide_instruction,zero_divide_instruction,,,,1,GS03FLMB,RIM01,ADCPS
GS03FLMB-RIM01-02-ADCPSL007,emulator_exception,emulator_exception,,,,1,GS03FLMB,RIM01,ADCPS
GS03FLMB-RIM01-02-ADCPSL007,unassigned_exception,unassigned_exception,,,,1,GS03FLMB,RIM01,ADCPS
GS03FLMB-RIM01-02-ADCPSL007,watchdog_restart_occurred,watchdog_restart_occurred,,,,1,GS03FLMB,RIM01,ADCPS
GS03FLMB-RIM01-02-ADCPSL007,battery_saver_power,battery_saver_power,,,,1,GS03FLMB,RIM01,ADCPS
GS03FLMB-RIM01-02-ADCPSL007,pinging,pinging,,,,1,GS03FLMB,RIM01,ADCPS
GS03FLMB-RIM01-02-ADCPSL007,cold_wakeup_occurred,cold_wakeup_occurred,,,,1,GS03FLMB,RIM01,ADCPS
GS03FLMB-RIM01-02-ADCPSL007,time,time,,,ENG,seconds since 1900-01-01,GS03FLMB,RIM01,ADCPS
GS03FLMB-RIM01-02-ADCPSL007,unknown_wakeup_occurred,unknown_wakeup_occurred,,,,1,GS03FLMB,RIM01,ADCPS
GS03FLMB-RIM01-02-ADCPSL007,clock_read_error,clock_read_error,,,,1,GS03FLMB,RIM01,ADCPS
GS03FLMB-RIM01-02-ADCPSL007,unexpected_alarm,unexpected_alarm,,,,1,GS03FLMB,RIM01,ADCPS
GS03FLMB-RIM01-02-ADCPSL007,clock_jump_forward,clock_jump_forward,,,,1,GS03FLMB,RIM01,ADCPS
GS03FLMB-RIM01-02-ADCPSL007,clock_jump_backward,clock_jump_backward,,,,1,GS03FLMB,RIM01,ADCPS
GS03FLMB-RIM01-02-ADCPSL007,power_fail,power_fail,,,,1,GS03FLMB,RIM01,ADCPS
GS03FLMB-RIM01-02-ADCPSL007,spurious_dsp_interrupt,spurious_dsp_interrupt,,,,1,GS03FLMB,RIM01,ADCPS
GS03FLMB-RIM01-02-ADCPSL007,spurious_uart_interrupt,spurious_uart_interrupt,,,,1,GS03FLMB,RIM01,ADCPS
GS03FLMB-RIM01-02-ADCPSL007,spurious_clock_interrupt,spurious_clock_interrupt,,,,1,GS03FLMB,RIM01,ADCPS
GS03FLMB-RIM01-02-ADCPSL007,level_7_interrupt,level_7_interrupt,,,,1,GS03FLMB,RIM01,ADCPS
GS03FLMB-RIM01-02-ADCPSL007,pressure,pressure,,,,daPa,GS03FLMB,RIM01,ADCPS
GS03FLMB-RIM01-02-ADCPSL007,pressure_variance,pressure_variance,,,,daPa,GS03FLMB,RIM01,ADCPS
GS03FLMB-RIM01-02-ADCPSL007,water_velocity_east,water_velocity_east,,,L0,mm s-1,GS03FLMB,RIM01,ADCPS
GS03FLMB-RIM01-02-ADCPSL007,water_velocity_north,water_velocity_north,,,L0,mm s-1,GS03FLMB,RIM01,ADCPS
GS03FLMB-RIM01-02-ADCPSL007,water_velocity_up,water_velocity_up,,,L0,mm s-1,GS03FLMB,RIM01,ADCPS
GS03FLMB-RIM01-02-ADCPSL007,error_velocity,error_velocity,,,L0,mm s-1,GS03FLMB,RIM01,ADCPS
GS03FLMB-RIM01-02-ADCPSL007,correlation_magnitude_beam1,correlation_magnitude_beam1,,,,1,GS03FLMB,RIM01,ADCPS
GS03FLMB-RIM01-02-ADCPSL007,correlation_magnitude_beam2,correlation_magnitude_beam2,,,,1,GS03FLMB,RIM01,ADCPS
GS03FLMB-RIM01-02-ADCPSL007,correlation_magnitude_beam3,correlation_magnitude_beam3,,,,1,GS03FLMB,RIM01,ADCPS
GS03FLMB-RIM01-02-ADCPSL007,correlation_magnitude_beam4,correlation_magnitude_beam4,,,,1,GS03FLMB,RIM01,ADCPS
GS03FLMB-RIM01-02-ADCPSL007,echo_intensity_beam1,echo_intensity_beam1,,,L0,counts,GS03FLMB,RIM01,ADCPS
GS03FLMB-RIM01-02-ADCPSL007,echo_intensity_beam2,echo_intensity_beam2,,,L0,counts,GS03FLMB,RIM01,ADCPS
GS03FLMB-RIM01-02-ADCPSL007,echo_intensity_beam3,echo_intensity_beam3,,,L0,counts,GS03FLMB,RIM01,ADCPS
GS03FLMB-RIM01-02-ADCPSL007,echo_intensity_beam4,echo_intensity_beam4,,,L0,counts,GS03FLMB,RIM01,ADCPS
GS03FLMB-RIM01-02-ADCPSL007,percent_good_3beam,percent_good_3beam,,,,percent,GS03FLMB,RIM01,ADCPS
GS03FLMB-RIM01-02-ADCPSL007,percent_transforms_reject,percent_transforms_reject,,,,percent,GS03FLMB,RIM01,ADCPS
GS03FLMB-RIM01-02-ADCPSL007,percent_bad_beams,percent_bad_beams,,,,percent,GS03FLMB,RIM01,ADCPS
GS03FLMB-RIM01-02-ADCPSL007,percent_good_4beam,percent_good_4beam,,,,percent,GS03FLMB,RIM01,ADCPS
GS03FLMB-RIM01-02-ADCPSL007,ensemble_start_time,ensemble_start_time,,,,seconds since 1900-01-01,GS03FLMB,RIM01,ADCPS
GS03FLMB-RIM01-02-ADCPSL007,velocity_po_error_flag,velocity_po_error_flag,,,,1,GS03FLMB,RIM01,ADCPS
GS03FLMB-RIM01-02-ADCPSL007,velocity_po_up_flag,velocity_po_up_flag,,,,1,GS03FLMB,RIM01,ADCPS
GS03FLMB-RIM01-02-ADCPSL007,velocity_po_north_flag,velocity_po_north_flag,,,,1,GS03FLMB,RIM01,ADCPS
GS03FLMB-RIM01-02-ADCPSL007,velocity_po_east_flag,velocity_po_east_flag,,,,1,GS03FLMB,RIM01,ADCPS
GS03FLMB-RIM01-02-ADCPSL007,subsampling_parameter,subsampling_parameter,,,,1,GS03FLMB,RIM01,ADCPS
GS03FLMB-RIM01-02-ADCPSL007,ingestion_timestamp,ingestion_timestamp,,,ENG,seconds since 1900-01-01,GS03FLMB,RIM01,ADCPS
GS03FLMB-RIM01-02-ADCPSL007,real_time_clock,real_time_clock,,,,1,GS03FLMB,RIM01,ADCPS
GS03FLMB-RIM01-02-ADCPSL007,upward_earth_seawater_velocity,upward_earth_seawater_velocity,-1,1,L1,m s-1,GS03FLMB,RIM01,ADCPS
GS03FLMB-RIM01-02-ADCPSL007,earth_error_velocity,earth_error_velocity,-1,1,L1,m s-1,GS03FLMB,RIM01,ADCPS
GS03FLMB-RIM01-02-ADCPSL007,bin_depths,bin_depths,,,,m,GS03FLMB,RIM01,ADCPS
GS03FLMB-RIM01-02-CTDMOG060,driver_timestamp,driver_timestamp,,,ENG,seconds since 1900-01-01,GS03FLMB,RIM01,CTDMO
GS03FLMB-RIM01-02-CTDMOG060,internal_timestamp,internal_timestamp,,,ENG,seconds since 1900-01-01,GS03FLMB,RIM01,CTDMO
GS03FLMB-RIM01-02-CTDMOG060,inductive_id,inductive_id,,,ENG,1,GS03FLMB,RIM01,CTDMO
GS03FLMB-RIM01-02-CTDMOG060,preferred_timestamp,preferred_timestamp,,,ENG,1,GS03FLMB,RIM01,CTDMO
GS03FLMB-RIM01-02-CTDMOG060,temperature,temperature,,,L0,counts,GS03FLMB,RIM01,CTDMO
GS03FLMB-RIM01-02-CTDMOG060,conductivity,conductivity,,,L0,counts,GS03FLMB,RIM01,CTDMO
GS03FLMB-RIM01-02-CTDMOG060,pressure,pressure,,,L0,counts,GS03FLMB,RIM01,CTDMO
GS03FLMB-RIM01-02-CTDMOG060,pressure_temp,pressure_temp,,,L0,counts,GS03FLMB,RIM01,CTDMO
GS03FLMB-RIM01-02-CTDMOG060,ctd_time,ctd_time,,,ENG,seconds since 2000-01-01,GS03FLMB,RIM01,CTDMO
GS03FLMB-RIM01-02-CTDMOG060,sio_controller_timestamp,sio_controller_timestamp,,,ENG,seconds since 1970-01-01,GS03FLMB,RIM01,CTDMO
GS03FLMB-RIM01-02-CTDMOG060,ctd_time_offset,ctd_time_offset,,,,s,GS03FLMB,RIM01,CTDMO
GS03FLMB-RIM01-02-CTDMOG060,ctdmo_seawater_pressure,ctdmo_seawater_pressure,0,6000,L1,dbar,GS03FLMB,RIM01,CTDMO
GS03FLMB-RIM01-02-CTDMOG060,ctdmo_seawater_temperature,ctdmo_seawater_temperature,-2,40,L1,deg_C,GS03FLMB,RIM01,CTDMO
GS03FLMB-RIM01-02-CTDMOG060,ctdmo_seawater_conductivity,ctdmo_seawater_conductivity,0,6,L1,S m-1,GS03FLMB,RIM01,CTDMO
GS03FLMB-RIM01-02-CTDMOG060,ctdmo_practical_salinity,ctdmo_practical_salinity,0,42,L2,(unitless),GS03FLMB,RIM01,CTDMO
GS03FLMB-RIM01-02-CTDMOG060,ctdmo_seawater_density,ctdmo_seawater_density,1000,1100,L2,kg m-3,GS03FLMB,RIM01,CTDMO
GS03FLMB-RIM01-02-CTDMOG060,serial_number,serial_number,,,ENG,1,GS03FLMB,RIM01,CTDMO
GS03FLMB-RIM01-02-CTDMOG060,time,time,,,ENG,seconds since 1900-01-01,GS03FLMB,RIM01,CTDMO
GS03FLMB-RIM01-02-CTDMOG060,ingestion_timestamp,ingestion_timestamp,,,ENG,seconds since 1900-01-01,GS03FLMB,RIM01,CTDMO
GS03FLMB-RIM01-02-CTDMOG061,driver_timestamp,driver_timestamp,,,ENG,seconds since 1900-01-01,GS03FLMB,RIM01,CTDMO
GS03FLMB-RIM01-02-CTDMOG061,internal_timestamp,internal_timestamp,,,ENG,seconds since 1900-01-01,GS03FLMB,RIM01,CTDMO
GS03FLMB-RIM01-02-CTDMOG061,inductive_id,inductive_id,,,ENG,1,GS03FLMB,RIM01,CTDMO
GS03FLMB-RIM01-02-CTDMOG061,preferred_timestamp,preferred_timestamp,,,ENG,1,GS03FLMB,RIM01,CTDMO
GS03FLMB-RIM01-02-CTDMOG061,temperature,temperature,,,L0,counts,GS03FLMB,RIM01,CTDMO
GS03FLMB-RIM01-02-CTDMOG061,conductivity,conductivity,,,L0,counts,GS03FLMB,RIM01,CTDMO
GS03FLMB-RIM01-02-CTDMOG061,pressure,pressure,,,L0,counts,GS03FLMB,RIM01,CTDMO
GS03FLMB-RIM01-02-CTDMOG061,pressure_temp,pressure_temp,,,L0,counts,GS03FLMB,RIM01,CTDMO
GS03FLMB-RIM01-02-CTDMOG061,ctd_time,ctd_time,,,ENG,seconds since 2000-01-01,GS03FLMB,RIM01,CTDMO
GS03FLMB-RIM01-02-CTDMOG061,sio_controller_timestamp,sio_controller_timestamp,,,ENG,seconds since 1970-01-01,GS03FLMB,RIM01,CTDMO
GS03FLMB-RIM01-02-CTDMOG061,ctd_time_offset,ctd_time_offset,,,,s,GS03FLMB,RIM01,CTDMO
GS03FLMB-RIM01-02-CTDMOG061,ctdmo_seawater_pressure,ctdmo_seawater_pressure,0,6000,L1,dbar,GS03FLMB,RIM01,CTDMO
GS03FLMB-RIM01-02-CTDMOG061,ctdmo_seawater_temperature,ctdmo_seawater_temperature,-2,40,L1,deg_C,GS03FLMB,RIM01,CTDMO
GS03FLMB-RIM01-02-CTDMOG061,ctdmo_seawater_conductivity,ctdmo_seawater_conductivity,0,6,L1,S m-1,GS03FLMB,RIM01,CTDMO
GS03FLMB-RIM01-02-CTDMOG061,ctdmo_practical_salinity,ctdmo_practical_salinity,0,42,L2,(unitless),GS03FLMB,RIM01,CTDMO
GS03FLMB-RIM01-02-CTDMOG061,ctdmo_seawater_density,ctdmo_seawater_density,1000,1100,L2,kg m-3,GS03FLMB,RIM01,CTDMO
GS03FLMB-RIM01-02-CTDMOG061,serial_number,serial_number,,,ENG,1,GS03FLMB,RIM01,CTDMO
GS03FLMB-RIM01-02-CTDMOG061,time,time,,,ENG,seconds since 1900-01-01,GS03FLMB,RIM01,CTDMO
GS03FLMB-RIM01-02-CTDMOG061,ingestion_timestamp,ingestion_timestamp,,,ENG,seconds since 1900-01-01,GS03FLMB,RIM01,CTDMO
GS03FLMB-RIM01-02-CTDMOG062,driver_timestamp,driver_timestamp,,,ENG,seconds since 1900-01-01,GS03FLMB,RIM01,CTDMO
GS03FLMB-RIM01-02-CTDMOG062,internal_timestamp,internal_timestamp,,,ENG,seconds since 1900-01-01,GS03FLMB,RIM01,CTDMO
GS03FLMB-RIM01-02-CTDMOG062,inductive_id,inductive_id,,,ENG,1,GS03FLMB,RIM01,CTDMO
GS03FLMB-RIM01-02-CTDMOG062,preferred_timestamp,preferred_timestamp,,,ENG,1,GS03FLMB,RIM01,CTDMO
GS03FLMB-RIM01-02-CTDMOG062,temperature,temperature,,,L0,counts,GS03FLMB,RIM01,CTDMO
GS03FLMB-RIM01-02-CTDMOG062,conductivity,conductivity,,,L0,counts,GS03FLMB,RIM01,CTDMO
GS03FLMB-RIM01-02-CTDMOG062,pressure,pressure,,,L0,counts,GS03FLMB,RIM01,CTDMO
GS03FLMB-RIM01-02-CTDMOG062,pressure_temp,pressure_temp,,,L0,counts,GS03FLMB,RIM01,CTDMO
GS03FLMB-RIM01-02-CTDMOG062,ctd_time,ctd_time,,,ENG,seconds since 2000-01-01,GS03FLMB,RIM01,CTDMO
GS03FLMB-RIM01-02-CTDMOG062,sio_controller_timestamp,sio_controller_timestamp,,,ENG,seconds since 1970-01-01,GS03FLMB,RIM01,CTDMO
GS03FLMB-RIM01-02-CTDMOG062,ctd_time_offset,ctd_time_offset,,,,s,GS03FLMB,RIM01,CTDMO
GS03FLMB-RIM01-02-CTDMOG062,ctdmo_seawater_pressure,ctdmo_seawater_pressure,0,6000,L1,dbar,GS03FLMB,RIM01,CTDMO
GS03FLMB-RIM01-02-CTDMOG062,ctdmo_seawater_temperature,ctdmo_seawater_temperature,-2,40,L1,deg_C,GS03FLMB,RIM01,CTDMO
GS03FLMB-RIM01-02-CTDMOG062,ctdmo_seawater_conductivity,ctdmo_seawater_conductivity,0,6,L1,S m-1,GS03FLMB,RIM01,CTDMO
GS03FLMB-RIM01-02-CTDMOG062,ctdmo_practical_salinity,ctdmo_practical_salinity,0,42,L2,(unitless),GS03FLMB,RIM01,CTDMO
GS03FLMB-RIM01-02-CTDMOG062,ctdmo_seawater_density,ctdmo_seawater_density,1000,1100,L2,kg m-3,GS03FLMB,RIM01,CTDMO
GS03FLMB-RIM01-02-CTDMOG062,serial_number,serial_number,,,ENG,1,GS03FLMB,RIM01,CTDMO
GS03FLMB-RIM01-02-CTDMOG062,time,time,,,ENG,seconds since 1900-01-01,GS03FLMB,RIM01,CTDMO
GS03FLMB-RIM01-02-CTDMOG062,ingestion_timestamp,ingestion_timestamp,,,ENG,seconds since 1900-01-01,GS03FLMB,RIM01,CTDMO
GS03FLMB-RIM01-02-CTDMOG063,driver_timestamp,driver_timestamp,,,ENG,seconds since 1900-01-01,GS03FLMB,RIM01,CTDMO
GS03FLMB-RIM01-02-CTDMOG063,internal_timestamp,internal_timestamp,,,ENG,seconds since 1900-01-01,GS03FLMB,RIM01,CTDMO
GS03FLMB-RIM01-02-CTDMOG063,inductive_id,inductive_id,,,ENG,1,GS03FLMB,RIM01,CTDMO
GS03FLMB-RIM01-02-CTDMOG063,preferred_timestamp,preferred_timestamp,,,ENG,1,GS03FLMB,RIM01,CTDMO
GS03FLMB-RIM01-02-CTDMOG063,temperature,temperature,,,L0,counts,GS03FLMB,RIM01,CTDMO
GS03FLMB-RIM01-02-CTDMOG063,conductivity,conductivity,,,L0,counts,GS03FLMB,RIM01,CTDMO
GS03FLMB-RIM01-02-CTDMOG063,pressure,pressure,,,L0,counts,GS03FLMB,RIM01,CTDMO
GS03FLMB-RIM01-02-CTDMOG063,pressure_temp,pressure_temp,,,L0,counts,GS03FLMB,RIM01,CTDMO
GS03FLMB-RIM01-02-CTDMOG063,ctd_time,ctd_time,,,ENG,seconds since 2000-01-01,GS03FLMB,RIM01,CTDMO
GS03FLMB-RIM01-02-CTDMOG063,sio_controller_timestamp,sio_controller_timestamp,,,ENG,seconds since 1970-01-01,GS03FLMB,RIM01,CTDMO
GS03FLMB-RIM01-02-CTDMOG063,ctd_time_offset,ctd_time_offset,,,,s,GS03FLMB,RIM01,CTDMO
GS03FLMB-RIM01-02-CTDMOG063,ctdmo_seawater_pressure,ctdmo_seawater_pressure,0,6000,L1,dbar,GS03FLMB,RIM01,CTDMO
GS03FLMB-RIM01-02-CTDMOG063,ctdmo_seawater_temperature,ctdmo_seawater_temperature,-2,40,L1,deg_C,GS03FLMB,RIM01,CTDMO
GS03FLMB-RIM01-02-CTDMOG063,ctdmo_seawater_conductivity,ctdmo_seawater_conductivity,0,6,L1,S m-1,GS03FLMB,RIM01,CTDMO
GS03FLMB-RIM01-02-CTDMOG063,ctdmo_practical_salinity,ctdmo_practical_salinity,0,42,L2,(unitless),GS03FLMB,RIM01,CTDMO
GS03FLMB-RIM01-02-CTDMOG063,ctdmo_seawater_density,ctdmo_seawater_density,1000,1100,L2,kg m-3,GS03FLMB,RIM01,CTDMO
GS03FLMB-RIM01-02-CTDMOG063,serial_number,serial_number,,,ENG,1,GS03FLMB,RIM01,CTDMO
GS03FLMB-RIM01-02-CTDMOG063,time,time,,,ENG,seconds since 1900-01-01,GS03FLMB,RIM01,CTDMO
GS03FLMB-RIM01-02-CTDMOG063,ingestion_timestamp,ingestion_timestamp,,,ENG,seconds since 1900-01-01,GS03FLMB,RIM01,CTDMO
GS03FLMB-RIM01-02-CTDMOG064,driver_timestamp,driver_timestamp,,,ENG,seconds since 1900-01-01,GS03FLMB,RIM01,CTDMO
GS03FLMB-RIM01-02-CTDMOG064,internal_timestamp,internal_timestamp,,,ENG,seconds since 1900-01-01,GS03FLMB,RIM01,CTDMO
GS03FLMB-RIM01-02-CTDMOG064,inductive_id,inductive_id,,,ENG,1,GS03FLMB,RIM01,CTDMO
GS03FLMB-RIM01-02-CTDMOG064,preferred_timestamp,preferred_timestamp,,,ENG,1,GS03FLMB,RIM01,CTDMO
GS03FLMB-RIM01-02-CTDMOG064,temperature,temperature,,,L0,counts,GS03FLMB,RIM01,CTDMO
GS03FLMB-RIM01-02-CTDMOG064,conductivity,conductivity,,,L0,counts,GS03FLMB,RIM01,CTDMO
GS03FLMB-RIM01-02-CTDMOG064,pressure,pressure,,,L0,counts,GS03FLMB,RIM01,CTDMO
GS03FLMB-RIM01-02-CTDMOG064,pressure_temp,pressure_temp,,,L0,counts,GS03FLMB,RIM01,CTDMO
GS03FLMB-RIM01-02-CTDMOG064,ctd_time,ctd_time,,,ENG,seconds since 2000-01-01,GS03FLMB,RIM01,CTDMO
GS03FLMB-RIM01-02-CTDMOG064,sio_controller_timestamp,sio_controller_timestamp,,,ENG,seconds since 1970-01-01,GS03FLMB,RIM01,CTDMO
GS03FLMB-RIM01-02-CTDMOG064,ctd_time_offset,ctd_time_offset,,,,s,GS03FLMB,RIM01,CTDMO
GS03FLMB-RIM01-02-CTDMOG064,ctdmo_seawater_pressure,ctdmo_seawater_pressure,0,6000,L1,dbar,GS03FLMB,RIM01,CTDMO
GS03FLMB-RIM01-02-CTDMOG064,ctdmo_seawater_temperature,ctdmo_seawater_temperature,-2,40,L1,deg_C,GS03FLMB,RIM01,CTDMO
GS03FLMB-RIM01-02-CTDMOG064,ctdmo_seawater_conductivity,ctdmo_seawater_conductivity,0,6,L1,S m-1,GS03FLMB,RIM01,CTDMO
GS03FLMB-RIM01-02-CTDMOG064,ctdmo_practical_salinity,ctdmo_practical_salinity,0,42,L2,(unitless),GS03FLMB,RIM01,CTDMO
GS03FLMB-RIM01-02-CTDMOG064,ctdmo_seawater_density,ctdmo_seawater_density,1000,1100,L2,kg m-3,GS03FLMB,RIM01,CTDMO
GS03FLMB-RIM01-02-CTDMOG064,serial_number,serial_number,,,ENG,1,GS03FLMB,RIM01,CTDMO
GS03FLMB-RIM01-02-CTDMOG064,time,time,,,ENG,seconds since 1900-01-01,GS03FLMB,RIM01,CTDMO
GS03FLMB-RIM01-02-CTDMOG064,ingestion_timestamp,ingestion_timestamp,,,ENG,seconds since 1900-01-01,GS03FLMB,RIM01,CTDMO
GS03FLMB-RIM01-02-CTDMOG065,driver_timestamp,driver_timestamp,,,ENG,seconds since 1900-01-01,GS03FLMB,RIM01,CTDMO
GS03FLMB-RIM01-02-CTDMOG065,internal_timestamp,internal_timestamp,,,ENG,seconds since 1900-01-01,GS03FLMB,RIM01,CTDMO
GS03FLMB-RIM01-02-CTDMOG065,inductive_id,inductive_id,,,ENG,1,GS03FLMB,RIM01,CTDMO
GS03FLMB-RIM01-02-CTDMOG065,preferred_timestamp,preferred_timestamp,,,ENG,1,GS03FLMB,RIM01,CTDMO
GS03FLMB-RIM01-02-CTDMOG065,temperature,temperature,,,L0,counts,GS03FLMB,RIM01,CTDMO
GS03FLMB-RIM01-02-CTDMOG065,conductivity,conductivity,,,L0,counts,GS03FLMB,RIM01,CTDMO
GS03FLMB-RIM01-02-CTDMOG065,pressure,pressure,,,L0,counts,GS03FLMB,RIM01,CTDMO
GS03FLMB-RIM01-02-CTDMOG065,pressure_temp,pressure_temp,,,L0,counts,GS03FLMB,RIM01,CTDMO
GS03FLMB-RIM01-02-CTDMOG065,ctd_time,ctd_time,,,ENG,seconds since 2000-01-01,GS03FLMB,RIM01,CTDMO
GS03FLMB-RIM01-02-CTDMOG065,sio_controller_timestamp,sio_controller_timestamp,,,ENG,seconds since 1970-01-01,GS03FLMB,RIM01,CTDMO
GS03FLMB-RIM01-02-CTDMOG065,ctd_time_offset,ctd_time_offset,,,,s,GS03FLMB,RIM01,CTDMO
GS03FLMB-RIM01-02-CTDMOG065,ctdmo_seawater_pressure,ctdmo_seawater_pressure,0,6000,L1,dbar,GS03FLMB,RIM01,CTDMO
GS03FLMB-RIM01-02-CTDMOG065,ctdmo_seawater_temperature,ctdmo_seawater_temperature,-2,40,L1,deg_C,GS03FLMB,RIM01,CTDMO
GS03FLMB-RIM01-02-CTDMOG065,ctdmo_seawater_conductivity,ctdmo_seawater_conductivity,0,6,L1,S m-1,GS03FLMB,RIM01,CTDMO
GS03FLMB-RIM01-02-CTDMOG065,ctdmo_practical_salinity,ctdmo_practical_salinity,0,42,L2,(unitless),GS03FLMB,RIM01,CTDMO
GS03FLMB-RIM01-02-CTDMOG065,ctdmo_seawater_density,ctdmo_seawater_density,1000,1100,L2,kg m-3,GS03FLMB,RIM01,CTDMO
GS03FLMB-RIM01-02-CTDMOG065,serial_number,serial_number,,,ENG,1,GS03FLMB,RIM01,CTDMO
GS03FLMB-RIM01-02-CTDMOG065,time,time,,,ENG,seconds since 1900-01-01,GS03FLMB,RIM01,CTDMO
GS03FLMB-RIM01-02-CTDMOG065,ingestion_timestamp,ingestion_timestamp,,,ENG,seconds since 1900-01-01,GS03FLMB,RIM01,CTDMO
GS03FLMB-RIM01-02-CTDMOG066,driver_timestamp,driver_timestamp,,,ENG,seconds since 1900-01-01,GS03FLMB,RIM01,CTDMO
GS03FLMB-RIM01-02-CTDMOG066,internal_timestamp,internal_timestamp,,,ENG,seconds since 1900-01-01,GS03FLMB,RIM01,CTDMO
GS03FLMB-RIM01-02-CTDMOG066,inductive_id,inductive_id,,,ENG,1,GS03FLMB,RIM01,CTDMO
GS03FLMB-RIM01-02-CTDMOG066,preferred_timestamp,preferred_timestamp,,,ENG,1,GS03FLMB,RIM01,CTDMO
GS03FLMB-RIM01-02-CTDMOG066,temperature,temperature,,,L0,counts,GS03FLMB,RIM01,CTDMO
GS03FLMB-RIM01-02-CTDMOG066,conductivity,conductivity,,,L0,counts,GS03FLMB,RIM01,CTDMO
GS03FLMB-RIM01-02-CTDMOG066,pressure,pressure,,,L0,counts,GS03FLMB,RIM01,CTDMO
GS03FLMB-RIM01-02-CTDMOG066,pressure_temp,pressure_temp,,,L0,counts,GS03FLMB,RIM01,CTDMO
GS03FLMB-RIM01-02-CTDMOG066,ctd_time,ctd_time,,,ENG,seconds since 2000-01-01,GS03FLMB,RIM01,CTDMO
GS03FLMB-RIM01-02-CTDMOG066,sio_controller_timestamp,sio_controller_timestamp,,,ENG,seconds since 1970-01-01,GS03FLMB,RIM01,CTDMO
GS03FLMB-RIM01-02-CTDMOG066,ctd_time_offset,ctd_time_offset,,,,s,GS03FLMB,RIM01,CTDMO
GS03FLMB-RIM01-02-CTDMOG066,ctdmo_seawater_pressure,ctdmo_seawater_pressure,0,6000,L1,dbar,GS03FLMB,RIM01,CTDMO
GS03FLMB-RIM01-02-CTDMOG066,ctdmo_seawater_temperature,ctdmo_seawater_temperature,-2,40,L1,deg_C,GS03FLMB,RIM01,CTDMO
GS03FLMB-RIM01-02-CTDMOG066,ctdmo_seawater_conductivity,ctdmo_seawater_conductivity,0,6,L1,S m-1,GS03FLMB,RIM01,CTDMO
GS03FLMB-RIM01-02-CTDMOG066,ctdmo_practical_salinity,ctdmo_practical_salinity,0,42,L2,(unitless),GS03FLMB,RIM01,CTDMO
GS03FLMB-RIM01-02-CTDMOG066,ctdmo_seawater_density,ctdmo_seawater_density,1000,1100,L2,kg m-3,GS03FLMB,RIM01,CTDMO
GS03FLMB-RIM01-02-CTDMOG066,serial_number,serial_number,,,ENG,1,GS03FLMB,RIM01,CTDMO
GS03FLMB-RIM01-02-CTDMOG066,time,time,,,ENG,seconds since 1900-01-01,GS03FLMB,RIM01,CTDMO
GS03FLMB-RIM01-02-CTDMOG066,ingestion_timestamp,ingestion_timestamp,,,ENG,seconds since 1900-01-01,GS03FLMB,RIM01,CTDMO
GS03FLMB-RIM01-02-CTDMOG067,driver_timestamp,driver_timestamp,,,ENG,seconds since 1900-01-01,GS03FLMB,RIM01,CTDMO
GS03FLMB-RIM01-02-CTDMOG067,internal_timestamp,internal_timestamp,,,ENG,seconds since 1900-01-01,GS03FLMB,RIM01,CTDMO
GS03FLMB-RIM01-02-CTDMOG067,inductive_id,inductive_id,,,ENG,1,GS03FLMB,RIM01,CTDMO
GS03FLMB-RIM01-02-CTDMOG067,preferred_timestamp,preferred_timestamp,,,ENG,1,GS03FLMB,RIM01,CTDMO
GS03FLMB-RIM01-02-CTDMOG067,temperature,temperature,,,L0,counts,GS03FLMB,RIM01,CTDMO
GS03FLMB-RIM01-02-CTDMOG067,conductivity,conductivity,,,L0,counts,GS03FLMB,RIM01,CTDMO
GS03FLMB-RIM01-02-CTDMOG067,pressure,pressure,,,L0,counts,GS03FLMB,RIM01,CTDMO
GS03FLMB-RIM01-02-CTDMOG067,pressure_temp,pressure_temp,,,L0,counts,GS03FLMB,RIM01,CTDMO
GS03FLMB-RIM01-02-CTDMOG067,ctd_time,ctd_time,,,ENG,seconds since 2000-01-01,GS03FLMB,RIM01,CTDMO
GS03FLMB-RIM01-02-CTDMOG067,sio_controller_timestamp,sio_controller_timestamp,,,ENG,seconds since 1970-01-01,GS03FLMB,RIM01,CTDMO
GS03FLMB-RIM01-02-CTDMOG067,ctd_time_offset,ctd_time_offset,,,,s,GS03FLMB,RIM01,CTDMO
GS03FLMB-RIM01-02-CTDMOG067,ctdmo_seawater_pressure,ctdmo_seawater_pressure,0,6000,L1,dbar,GS03FLMB,RIM01,CTDMO
GS03FLMB-RIM01-02-CTDMOG067,ctdmo_seawater_temperature,ctdmo_seawater_temperature,-2,40,L1,deg_C,GS03FLMB,RIM01,CTDMO
GS03FLMB-RIM01-02-CTDMOG067,ctdmo_seawater_conductivity,ctdmo_seawater_conductivity,0,6,L1,S m-1,GS03FLMB,RIM01,CTDMO
GS03FLMB-RIM01-02-CTDMOG067,ctdmo_practical_salinity,ctdmo_practical_salinity,0,42,L2,(unitless),GS03FLMB,RIM01,CTDMO
GS03FLMB-RIM01-02-CTDMOG067,ctdmo_seawater_density,ctdmo_seawater_density,1000,1100,L2,kg m-3,GS03FLMB,RIM01,CTDMO
GS03FLMB-RIM01-02-CTDMOG067,serial_number,serial_number,,,ENG,1,GS03FLMB,RIM01,CTDMO
GS03FLMB-RIM01-02-CTDMOG067,time,time,,,ENG,seconds since 1900-01-01,GS03FLMB,RIM01,CTDMO
GS03FLMB-RIM01-02-CTDMOG067,ingestion_timestamp,ingestion_timestamp,,,ENG,seconds since 1900-01-01,GS03FLMB,RIM01,CTDMO
GS03FLMB-RIM01-02-CTDMOG068,driver_timestamp,driver_timestamp,,,ENG,seconds since 1900-01-01,GS03FLMB,RIM01,CTDMO
GS03FLMB-RIM01-02-CTDMOG068,internal_timestamp,internal_timestamp,,,ENG,seconds since 1900-01-01,GS03FLMB,RIM01,CTDMO
GS03FLMB-RIM01-02-CTDMOG068,inductive_id,inductive_id,,,ENG,1,GS03FLMB,RIM01,CTDMO
GS03FLMB-RIM01-02-CTDMOG068,preferred_timestamp,preferred_timestamp,,,ENG,1,GS03FLMB,RIM01,CTDMO
GS03FLMB-RIM01-02-CTDMOG068,temperature,temperature,,,L0,counts,GS03FLMB,RIM01,CTDMO
GS03FLMB-RIM01-02-CTDMOG068,conductivity,conductivity,,,L0,counts,GS03FLMB,RIM01,CTDMO
GS03FLMB-RIM01-02-CTDMOG068,pressure,pressure,,,L0,counts,GS03FLMB,RIM01,CTDMO
GS03FLMB-RIM01-02-CTDMOG068,pressure_temp,pressure_temp,,,L0,counts,GS03FLMB,RIM01,CTDMO
GS03FLMB-RIM01-02-CTDMOG068,ctd_time,ctd_time,,,ENG,seconds since 2000-01-01,GS03FLMB,RIM01,CTDMO
GS03FLMB-RIM01-02-CTDMOG068,sio_controller_timestamp,sio_controller_timestamp,,,ENG,seconds since 1970-01-01,GS03FLMB,RIM01,CTDMO
GS03FLMB-RIM01-02-CTDMOG068,ctd_time_offset,ctd_time_offset,,,,s,GS03FLMB,RIM01,CTDMO
GS03FLMB-RIM01-02-CTDMOG068,ctdmo_seawater_pressure,ctdmo_seawater_pressure,0,6000,L1,dbar,GS03FLMB,RIM01,CTDMO
GS03FLMB-RIM01-02-CTDMOG068,ctdmo_seawater_temperature,ctdmo_seawater_temperature,-2,40,L1,deg_C,GS03FLMB,RIM01,CTDMO
GS03FLMB-RIM01-02-CTDMOG068,ctdmo_seawater_conductivity,ctdmo_seawater_conductivity,0,6,L1,S m-1,GS03FLMB,RIM01,CTDMO
GS03FLMB-RIM01-02-CTDMOG068,ctdmo_practical_salinity,ctdmo_practical_salinity,0,42,L2,(unitless),GS03FLMB,RIM01,CTDMO
GS03FLMB-RIM01-02-CTDMOG068,ctdmo_seawater_density,ctdmo_seawater_density,1000,1100,L2,kg m-3,GS03FLMB,RIM01,CTDMO
GS03FLMB-RIM01-02-CTDMOG068,serial_number,serial_number,,,ENG,1,GS03FLMB,RIM01,CTDMO
GS03FLMB-RIM01-02-CTDMOG068,time,time,,,ENG,seconds since 1900-01-01,GS03FLMB,RIM01,CTDMO
GS03FLMB-RIM01-02-CTDMOG068,ingestion_timestamp,ingestion_timestamp,,,ENG,seconds since 1900-01-01,GS03FLMB,RIM01,CTDMO
GS03FLMB-RIM01-02-CTDMOH069,driver_timestamp,driver_timestamp,,,ENG,seconds since 1900-01-01,GS03FLMB,RIM01,CTDMO
GS03FLMB-RIM01-02-CTDMOH069,internal_timestamp,internal_timestamp,,,ENG,seconds since 1900-01-01,GS03FLMB,RIM01,CTDMO
GS03FLMB-RIM01-02-CTDMOH069,inductive_id,inductive_id,,,ENG,1,GS03FLMB,RIM01,CTDMO
GS03FLMB-RIM01-02-CTDMOH069,preferred_timestamp,preferred_timestamp,,,ENG,1,GS03FLMB,RIM01,CTDMO
GS03FLMB-RIM01-02-CTDMOH069,temperature,temperature,,,L0,counts,GS03FLMB,RIM01,CTDMO
GS03FLMB-RIM01-02-CTDMOH069,conductivity,conductivity,,,L0,counts,GS03FLMB,RIM01,CTDMO
GS03FLMB-RIM01-02-CTDMOH069,pressure,pressure,,,L0,counts,GS03FLMB,RIM01,CTDMO
GS03FLMB-RIM01-02-CTDMOH069,pressure_temp,pressure_temp,,,L0,counts,GS03FLMB,RIM01,CTDMO
GS03FLMB-RIM01-02-CTDMOH069,ctd_time,ctd_time,,,ENG,seconds since 2000-01-01,GS03FLMB,RIM01,CTDMO
GS03FLMB-RIM01-02-CTDMOH069,sio_controller_timestamp,sio_controller_timestamp,,,ENG,seconds since 1970-01-01,GS03FLMB,RIM01,CTDMO
GS03FLMB-RIM01-02-CTDMOH069,ctd_time_offset,ctd_time_offset,,,,s,GS03FLMB,RIM01,CTDMO
GS03FLMB-RIM01-02-CTDMOH069,ctdmo_seawater_pressure,ctdmo_seawater_pressure,0,6000,L1,dbar,GS03FLMB,RIM01,CTDMO
GS03FLMB-RIM01-02-CTDMOH069,ctdmo_seawater_temperature,ctdmo_seawater_temperature,-2,40,L1,deg_C,GS03FLMB,RIM01,CTDMO
GS03FLMB-RIM01-02-CTDMOH069,ctdmo_seawater_conductivity,ctdmo_seawater_conductivity,0,6,L1,S m-1,GS03FLMB,RIM01,CTDMO
GS03FLMB-RIM01-02-CTDMOH069,ctdmo_practical_salinity,ctdmo_practical_salinity,0,42,L2,(unitless),GS03FLMB,RIM01,CTDMO
GS03FLMB-RIM01-02-CTDMOH069,ctdmo_seawater_density,ctdmo_seawater_density,1000,1100,L2,kg m-3,GS03FLMB,RIM01,CTDMO
GS03FLMB-RIM01-02-CTDMOH069,serial_number,serial_number,,,ENG,1,GS03FLMB,RIM01,CTDMO
GS03FLMB-RIM01-02-CTDMOH069,time,time,,,ENG,seconds since 1900-01-01,GS03FLMB,RIM01,CTDMO
GS03FLMB-RIM01-02-CTDMOH069,ingestion_timestamp,ingestion_timestamp,,,ENG,seconds since 1900-01-01,GS03FLMB,RIM01,CTDMO
GS03FLMB-RIM01-02-CTDMOH070,driver_timestamp,driver_timestamp,,,ENG,seconds since 1900-01-01,GS03FLMB,RIM01,CTDMO
GS03FLMB-RIM01-02-CTDMOH070,internal_timestamp,internal_timestamp,,,ENG,seconds since 1900-01-01,GS03FLMB,RIM01,CTDMO
GS03FLMB-RIM01-02-CTDMOH070,inductive_id,inductive_id,,,ENG,1,GS03FLMB,RIM01,CTDMO
GS03FLMB-RIM01-02-CTDMOH070,preferred_timestamp,preferred_timestamp,,,ENG,1,GS03FLMB,RIM01,CTDMO
GS03FLMB-RIM01-02-CTDMOH070,temperature,temperature,,,L0,counts,GS03FLMB,RIM01,CTDMO
GS03FLMB-RIM01-02-CTDMOH070,conductivity,conductivity,,,L0,counts,GS03FLMB,RIM01,CTDMO
GS03FLMB-RIM01-02-CTDMOH070,pressure,pressure,,,L0,counts,GS03FLMB,RIM01,CTDMO
GS03FLMB-RIM01-02-CTDMOH070,pressure_temp,pressure_temp,,,L0,counts,GS03FLMB,RIM01,CTDMO
GS03FLMB-RIM01-02-CTDMOH070,ctd_time,ctd_time,,,ENG,seconds since 2000-01-01,GS03FLMB,RIM01,CTDMO
GS03FLMB-RIM01-02-CTDMOH070,sio_controller_timestamp,sio_controller_timestamp,,,ENG,seconds since 1970-01-01,GS03FLMB,RIM01,CTDMO
GS03FLMB-RIM01-02-CTDMOH070,ctd_time_offset,ctd_time_offset,,,,s,GS03FLMB,RIM01,CTDMO
GS03FLMB-RIM01-02-CTDMOH070,ctdmo_seawater_pressure,ctdmo_seawater_pressure,0,6000,L1,dbar,GS03FLMB,RIM01,CTDMO
GS03FLMB-RIM01-02-CTDMOH070,ctdmo_seawater_temperature,ctdmo_seawater_temperature,-2,40,L1,deg_C,GS03FLMB,RIM01,CTDMO
GS03FLMB-RIM01-02-CTDMOH070,ctdmo_seawater_conductivity,ctdmo_seawater_conductivity,0,6,L1,S m-1,GS03FLMB,RIM01,CTDMO
GS03FLMB-RIM01-02-CTDMOH070,ctdmo_practical_salinity,ctdmo_practical_salinity,0,42,L2,(unitless),GS03FLMB,RIM01,CTDMO
GS03FLMB-RIM01-02-CTDMOH070,ctdmo_seawater_density,ctdmo_seawater_density,1000,1100,L2,kg m-3,GS03FLMB,RIM01,CTDMO
GS03FLMB-RIM01-02-CTDMOH070,serial_number,serial_number,,,ENG,1,GS03FLMB,RIM01,CTDMO
GS03FLMB-RIM01-02-CTDMOH070,time,time,,,ENG,seconds since 1900-01-01,GS03FLMB,RIM01,CTDMO
GS03FLMB-RIM01-02-CTDMOH070,ingestion_timestamp,ingestion_timestamp,,,ENG,seconds since 1900-01-01,GS03FLMB,RIM01,CTDMO
GS03FLMB-RIM01-02-CTDMOH071,driver_timestamp,driver_timestamp,,,ENG,seconds since 1900-01-01,GS03FLMB,RIM01,CTDMO
GS03FLMB-RIM01-02-CTDMOH071,internal_timestamp,internal_timestamp,,,ENG,seconds since 1900-01-01,GS03FLMB,RIM01,CTDMO
GS03FLMB-RIM01-02-CTDMOH071,inductive_id,inductive_id,,,ENG,1,GS03FLMB,RIM01,CTDMO
GS03FLMB-RIM01-02-CTDMOH071,preferred_timestamp,preferred_timestamp,,,ENG,1,GS03FLMB,RIM01,CTDMO
GS03FLMB-RIM01-02-CTDMOH071,temperature,temperature,,,L0,counts,GS03FLMB,RIM01,CTDMO
GS03FLMB-RIM01-02-CTDMOH071,conductivity,conductivity,,,L0,counts,GS03FLMB,RIM01,CTDMO
GS03FLMB-RIM01-02-CTDMOH071,pressure,pressure,,,L0,counts,GS03FLMB,RIM01,CTDMO
GS03FLMB-RIM01-02-CTDMOH071,pressure_temp,pressure_temp,,,L0,counts,GS03FLMB,RIM01,CTDMO
GS03FLMB-RIM01-02-CTDMOH071,ctd_time,ctd_time,,,ENG,seconds since 2000-01-01,GS03FLMB,RIM01,CTDMO
GS03FLMB-RIM01-02-CTDMOH071,sio_controller_timestamp,sio_controller_timestamp,,,ENG,seconds since 1970-01-01,GS03FLMB,RIM01,CTDMO
GS03FLMB-RIM01-02-CTDMOH071,ctd_time_offset,ctd_time_offset,,,,s,GS03FLMB,RIM01,CTDMO
GS03FLMB-RIM01-02-CTDMOH071,ctdmo_seawater_pressure,ctdmo_seawater_pressure,0,6000,L1,dbar,GS03FLMB,RIM01,CTDMO
GS03FLMB-RIM01-02-CTDMOH071,ctdmo_seawater_temperature,ctdmo_seawater_temperature,-2,40,L1,deg_C,GS03FLMB,RIM01,CTDMO
GS03FLMB-RIM01-02-CTDMOH071,ctdmo_seawater_conductivity,ctdmo_seawater_conductivity,0,6,L1,S m-1,GS03FLMB,RIM01,CTDMO
GS03FLMB-RIM01-02-CTDMOH071,ctdmo_practical_salinity,ctdmo_practical_salinity,0,42,L2,(unitless),GS03FLMB,RIM01,CTDMO
GS03FLMB-RIM01-02-CTDMOH071,ctdmo_seawater_density,ctdmo_seawater_density,1000,1100,L2,kg m-3,GS03FLMB,RIM01,CTDMO
GS03FLMB-RIM01-02-CTDMOH071,serial_number,serial_number,,,ENG,1,GS03FLMB,RIM01,CTDMO
GS03FLMB-RIM01-02-CTDMOH071,time,time,,,ENG,seconds since 1900-01-01,GS03FLMB,RIM01,CTDMO
GS03FLMB-RIM01-02-CTDMOH071,ingestion_timestamp,ingestion_timestamp,,,ENG,seconds since 1900-01-01,GS03FLMB,RIM01,CTDMO
GS03FLMB-RIS01-03-DOSTAD000,product_number,product_number,,,,1,GS03FLMB,RIS01,DOSTA
GS03FLMB-RIS01-03-DOSTAD000,driver_timestamp,driver_timestamp,,,ENG,seconds since 1900-01-01,GS03FLMB,RIS01,DOSTA
GS03FLMB-RIS01-03-DOSTAD000,internal_timestamp,internal_timestamp,,,ENG,seconds since 1900-01-01,GS03FLMB,RIS01,DOSTA
GS03FLMB-RIS01-03-DOSTAD000,preferred_timestamp,preferred_timestamp,,,ENG,1,GS03FLMB,RIS01,DOSTA
GS03FLMB-RIS01-03-DOSTAD000,sio_controller_timestamp,sio_controller_timestamp,,,ENG,seconds since 1970-01-01,GS03FLMB,RIS01,DOSTA
GS03FLMB-RIS01-03-DOSTAD000,dosta_abcdjm_cspp_tc_oxygen,dosta_abcdjm_cspp_tc_oxygen,0,400,L1,umol L-1,GS03FLMB,RIS01,DOSTA
GS03FLMB-RIS01-03-DOSTAD000,serial_number,serial_number,,,ENG,1,GS03FLMB,RIS01,DOSTA
GS03FLMB-RIS01-03-DOSTAD000,dosta_abcdjm_sio_abs_oxygen,dosta_abcdjm_sio_abs_oxygen,0,400,L2,umol kg-1,GS03FLMB,RIS01,DOSTA
GS03FLMB-RIS01-03-DOSTAD000,time,time,,,ENG,seconds since 1900-01-01,GS03FLMB,RIS01,DOSTA
GS03FLMB-RIS01-03-DOSTAD000,ingestion_timestamp,ingestion_timestamp,,,ENG,seconds since 1900-01-01,GS03FLMB,RIS01,DOSTA
GS03FLMB-RIS01-03-DOSTAD000,estimated_oxygen_concentration,estimated_oxygen_concentration,0,400,L1,umol L-1,GS03FLMB,RIS01,DOSTA
GS03FLMB-RIS01-03-DOSTAD000,estimated_oxygen_saturation,estimated_oxygen_saturation,0,110,L1,percent,GS03FLMB,RIS01,DOSTA
GS03FLMB-RIS01-03-DOSTAD000,optode_temperature,optode_temperature,-2,40,,deg_C,GS03FLMB,RIS01,DOSTA
GS03FLMB-RIS01-03-DOSTAD000,calibrated_phase,calibrated_phase,,,L0,degrees,GS03FLMB,RIS01,DOSTA
GS03FLMB-RIS01-03-DOSTAD000,temp_compensated_phase,temp_compensated_phase,,,,degrees,GS03FLMB,RIS01,DOSTA
GS03FLMB-RIS01-03-DOSTAD000,blue_phase,blue_phase,,,,degrees,GS03FLMB,RIS01,DOSTA
GS03FLMB-RIS01-03-DOSTAD000,red_phase,red_phase,,,,degrees,GS03FLMB,RIS01,DOSTA
GS03FLMB-RIS01-03-DOSTAD000,blue_amplitude,blue_amplitude,,,,mV,GS03FLMB,RIS01,DOSTA
GS03FLMB-RIS01-03-DOSTAD000,red_amplitude,red_amplitude,,,,mV,GS03FLMB,RIS01,DOSTA
GS03FLMB-RIS01-03-DOSTAD000,raw_temperature,raw_temperature,,,,mV,GS03FLMB,RIS01,DOSTA
GS03FLMB-RIS01-04-PHSENF000,driver_timestamp,driver_timestamp,,,ENG,seconds since 1900-01-01,GS03FLMB,RIS01,PHSEN
GS03FLMB-RIS01-04-PHSENF000,external_device2_fault,external_device2_fault,,,,1,GS03FLMB,RIS01,PHSEN
GS03FLMB-RIS01-04-PHSENF000,external_device3_fault,external_device3_fault,,,,1,GS03FLMB,RIS01,PHSEN
GS03FLMB-RIS01-04-PHSENF000,num_data_records,num_data_records,,,,1,GS03FLMB,RIS01,PHSEN
GS03FLMB-RIS01-04-PHSENF000,num_error_records,num_error_records,,,,1,GS03FLMB,RIS01,PHSEN
GS03FLMB-RIS01-04-PHSENF000,num_bytes_stored,num_bytes_stored,,,,bytes,GS03FLMB,RIS01,PHSEN
GS03FLMB-RIS01-04-PHSENF000,internal_timestamp,internal_timestamp,,,ENG,seconds since 1900-01-01,GS03FLMB,RIS01,PHSEN
GS03FLMB-RIS01-04-PHSENF000,preferred_timestamp,preferred_timestamp,,,ENG,1,GS03FLMB,RIS01,PHSEN
GS03FLMB-RIS01-04-PHSENF000,sio_controller_timestamp,sio_controller_timestamp,,,ENG,seconds since 1970-01-01,GS03FLMB,RIS01,PHSEN
GS03FLMB-RIS01-04-PHSENF000,passed_checksum,passed_checksum,,,ENG,1,GS03FLMB,RIS01,PHSEN
GS03FLMB-RIS01-04-PHSENF000,phsen_abcdef_ph_seawater,phsen_abcdef_ph_seawater,7.3,8.5,L1,(unitless),GS03FLMB,RIS01,PHSEN
GS03FLMB-RIS01-04-PHSENF000,battery_low_blank,battery_low_blank,,,,1,GS03FLMB,RIS01,PHSEN
GS03FLMB-RIS01-04-PHSENF000,unique_id,unique_id,,,,1,GS03FLMB,RIS01,PHSEN
GS03FLMB-RIS01-04-PHSENF000,record_type,record_type,,,,1,GS03FLMB,RIS01,PHSEN
GS03FLMB-RIS01-04-PHSENF000,record_time,record_time,,,,seconds since 1904-01-01,GS03FLMB,RIS01,PHSEN
GS03FLMB-RIS01-04-PHSENF000,light_measurements,light_measurements,,,,counts,GS03FLMB,RIS01,PHSEN
GS03FLMB-RIS01-04-PHSENF000,voltage_battery,voltage_battery,,,,counts,GS03FLMB,RIS01,PHSEN
GS03FLMB-RIS01-04-PHSENF000,clock_active,clock_active,,,,1,GS03FLMB,RIS01,PHSEN
GS03FLMB-RIS01-04-PHSENF000,recording_active,recording_active,,,,1,GS03FLMB,RIS01,PHSEN
GS03FLMB-RIS01-04-PHSENF000,record_end_on_time,record_end_on_time,,,,1,GS03FLMB,RIS01,PHSEN
GS03FLMB-RIS01-04-PHSENF000,record_memory_full,record_memory_full,,,,1,GS03FLMB,RIS01,PHSEN
GS03FLMB-RIS01-04-PHSENF000,phsen_abcdef_signal_intensity_434,phsen_abcdef_signal_intensity_434,,,L0,counts,GS03FLMB,RIS01,PHSEN
GS03FLMB-RIS01-04-PHSENF000,phsen_abcdef_signal_intensity_578,phsen_abcdef_signal_intensity_578,,,L0,counts,GS03FLMB,RIS01,PHSEN
GS03FLMB-RIS01-04-PHSENF000,record_end_on_error,record_end_on_error,,,,1,GS03FLMB,RIS01,PHSEN
GS03FLMB-RIS01-04-PHSENF000,data_download_ok,data_download_ok,,,,1,GS03FLMB,RIS01,PHSEN
GS03FLMB-RIS01-04-PHSENF000,flash_memory_open,flash_memory_open,,,,1,GS03FLMB,RIS01,PHSEN
GS03FLMB-RIS01-04-PHSENF000,battery_low_prestart,battery_low_prestart,,,,1,GS03FLMB,RIS01,PHSEN
GS03FLMB-RIS01-04-PHSENF000,battery_low_measurement,battery_low_measurement,,,,1,GS03FLMB,RIS01,PHSEN
GS03FLMB-RIS01-04-PHSENF000,battery_low_external,battery_low_external,,,,1,GS03FLMB,RIS01,PHSEN
GS03FLMB-RIS01-04-PHSENF000,external_device1_fault,external_device1_fault,,,,1,GS03FLMB,RIS01,PHSEN
GS03FLMB-RIS01-04-PHSENF000,flash_erased,flash_erased,,,,1,GS03FLMB,RIS01,PHSEN
GS03FLMB-RIS01-04-PHSENF000,power_on_invalid,power_on_invalid,,,,1,GS03FLMB,RIS01,PHSEN
GS03FLMB-RIS01-04-PHSENF000,time,time,,,ENG,seconds since 1900-01-01,GS03FLMB,RIS01,PHSEN
GS03FLMB-RIS01-04-PHSENF000,ingestion_timestamp,ingestion_timestamp,,,ENG,seconds since 1900-01-01,GS03FLMB,RIS01,PHSEN
GS03FLMB-RIS01-04-PHSENF000,thermistor_start,thermistor_start,,,,counts,GS03FLMB,RIS01,PHSEN
GS03FLMB-RIS01-04-PHSENF000,reference_light_measurements,reference_light_measurements,,,,counts,GS03FLMB,RIS01,PHSEN
GS03FLMB-RIS01-04-PHSENF000,thermistor_end,thermistor_end,,,,counts,GS03FLMB,RIS01,PHSEN
GS03FLMB-RIS01-04-PHSENF000,phsen_thermistor_temperature,phsen_thermistor_temperature,,,L0,V,GS03FLMB,RIS01,PHSEN
GS03FLMB-RIS01-05-FLORTD000,driver_timestamp,driver_timestamp,,,ENG,seconds since 1900-01-01,GS03FLMB,RIS01,FLORT
GS03FLMB-RIS01-05-FLORTD000,date_string,date_string,,,ENG,1,GS03FLMB,RIS01,FLORT
GS03FLMB-RIS01-05-FLORTD000,time_string,time_string,,,ENG,1,GS03FLMB,RIS01,FLORT
GS03FLMB-RIS01-05-FLORTD000,measurement_wavelength_beta,measurement_wavelength_beta,,,,nm,GS03FLMB,RIS01,FLORT
GS03FLMB-RIS01-05-FLORTD000,raw_signal_beta,raw_signal_beta,,,L0,counts,GS03FLMB,RIS01,FLORT
GS03FLMB-RIS01-05-FLORTD000,measurement_wavelength_chl,measurement_wavelength_chl,,,,nm,GS03FLMB,RIS01,FLORT
GS03FLMB-RIS01-05-FLORTD000,raw_signal_chl,raw_signal_chl,,,L0,counts,GS03FLMB,RIS01,FLORT
GS03FLMB-RIS01-05-FLORTD000,measurement_wavelength_cdom,measurement_wavelength_cdom,,,,nm,GS03FLMB,RIS01,FLORT
GS03FLMB-RIS01-05-FLORTD000,raw_signal_cdom,raw_signal_cdom,,,L0,counts,GS03FLMB,RIS01,FLORT
GS03FLMB-RIS01-05-FLORTD000,raw_internal_temp,raw_internal_temp,,,,counts,GS03FLMB,RIS01,FLORT
GS03FLMB-RIS01-05-FLORTD000,internal_timestamp,internal_timestamp,,,ENG,seconds since 1900-01-01,GS03FLMB,RIS01,FLORT
GS03FLMB-RIS01-05-FLORTD000,preferred_timestamp,preferred_timestamp,,,ENG,1,GS03FLMB,RIS01,FLORT
GS03FLMB-RIS01-05-FLORTD000,flort_k_total_volume_scattering_coefficient,flort_k_total_volume_scattering_coefficient,,,L1,m-1 sr-1,GS03FLMB,RIS01,FLORT
GS03FLMB-RIS01-05-FLORTD000,fluorometric_chlorophyll_a,fluorometric_chlorophyll_a,0,50,L1,ug L-1,GS03FLMB,RIS01,FLORT
GS03FLMB-RIS01-05-FLORTD000,fluorometric_cdom,fluorometric_cdom,0,375,L1,ppb,GS03FLMB,RIS01,FLORT
GS03FLMB-RIS01-05-FLORTD000,sio_controller_timestamp,sio_controller_timestamp,,,ENG,seconds since 1970-01-01,GS03FLMB,RIS01,FLORT
GS03FLMB-RIS01-05-FLORTD000,flort_dj_bback_total,flort_dj_bback_total,0.0003,1,L2,m-1,GS03FLMB,RIS01,FLORT
GS03FLMB-RIS01-05-FLORTD000,flort_dj_scat_seawater,flort_dj_scat_seawater,,,AUX,m-1,GS03FLMB,RIS01,FLORT
GS03FLMB-RIS01-05-FLORTD000,time,time,,,ENG,seconds since 1900-01-01,GS03FLMB,RIS01,FLORT
GS03FLMB-RIS01-05-FLORTD000,ingestion_timestamp,ingestion_timestamp,,,ENG,seconds since 1900-01-01,GS03FLMB,RIS01,FLORT
GS05MOAS-GL001-01-FLORDM000,driver_timestamp,driver_timestamp,,,ENG,seconds since 1900-01-01,GS05MOAS,GL001,FLORD
GS05MOAS-GL001-01-FLORDM000,internal_timestamp,internal_timestamp,,,ENG,seconds since 1900-01-01,GS05MOAS,GL001,FLORD
GS05MOAS-GL001-01-FLORDM000,m_present_secs_into_mission,m_present_secs_into_mission,,,ENG,s,GS05MOAS,GL001,FLORD
GS05MOAS-GL001-01-FLORDM000,m_present_time,m_present_time,,,AUX,seconds since 1970-01-01,GS05MOAS,GL001,FLORD
GS05MOAS-GL001-01-FLORDM000,sci_m_present_secs_into_mission,sci_m_present_secs_into_mission,,,,s,GS05MOAS,GL001,FLORD
GS05MOAS-GL001-01-FLORDM000,sci_m_present_time,sci_m_present_time,,,,seconds since 1970-01-01,GS05MOAS,GL001,FLORD
GS05MOAS-GL001-01-FLORDM000,sci_flbb_bb_units,sci_flbb_bb_units,,,L1,m-1 sr-1,GS05MOAS,GL001,FLORD
GS05MOAS-GL001-01-FLORDM000,sci_flbb_chlor_units,sci_flbb_chlor_units,0,50,L1,ug L-1,GS05MOAS,GL001,FLORD
GS05MOAS-GL001-01-FLORDM000,preferred_timestamp,preferred_timestamp,,,ENG,1,GS05MOAS,GL001,FLORD
GS05MOAS-GL001-01-FLORDM000,sci_flbb_timestamp,sci_flbb_timestamp,,,,seconds since 1970-01-01,GS05MOAS,GL001,FLORD
GS05MOAS-GL001-01-FLORDM000,sci_flbb_bb_ref,sci_flbb_bb_ref,,,,nm,GS05MOAS,GL001,FLORD
GS05MOAS-GL001-01-FLORDM000,sci_flbb_bb_sig,sci_flbb_bb_sig,,,L0,counts,GS05MOAS,GL001,FLORD
GS05MOAS-GL001-01-FLORDM000,sci_flbb_chlor_ref,sci_flbb_chlor_ref,,,,nm,GS05MOAS,GL001,FLORD
GS05MOAS-GL001-01-FLORDM000,sci_flbb_chlor_sig,sci_flbb_chlor_sig,,,L0,counts,GS05MOAS,GL001,FLORD
GS05MOAS-GL001-01-FLORDM000,sci_flbb_therm,sci_flbb_therm,,,,1,GS05MOAS,GL001,FLORD
GS05MOAS-GL001-01-FLORDM000,flord_m_bback_total,flord_m_bback_total,0.0003,1,L2,m-1,GS05MOAS,GL001,FLORD
GS05MOAS-GL001-01-FLORDM000,flord_m_scat_seawater,flord_m_scat_seawater,,,AUX,m-1,GS05MOAS,GL001,FLORD
GS05MOAS-GL001-01-FLORDM000,time,time,,,ENG,seconds since 1900-01-01,GS05MOAS,GL001,FLORD
GS05MOAS-GL001-01-FLORDM000,ingestion_timestamp,ingestion_timestamp,,,ENG,seconds since 1900-01-01,GS05MOAS,GL001,FLORD
GS05MOAS-GL001-02-DOSTAM000,driver_timestamp,driver_timestamp,,,ENG,seconds since 1900-01-01,GS05MOAS,GL001,DOSTA
GS05MOAS-GL001-02-DOSTAM000,internal_timestamp,internal_timestamp,,,ENG,seconds since 1900-01-01,GS05MOAS,GL001,DOSTA
GS05MOAS-GL001-02-DOSTAM000,m_present_secs_into_mission,m_present_secs_into_mission,,,ENG,s,GS05MOAS,GL001,DOSTA
GS05MOAS-GL001-02-DOSTAM000,m_present_time,m_present_time,,,AUX,seconds since 1970-01-01,GS05MOAS,GL001,DOSTA
GS05MOAS-GL001-02-DOSTAM000,sci_m_present_secs_into_mission,sci_m_present_secs_into_mission,,,,s,GS05MOAS,GL001,DOSTA
GS05MOAS-GL001-02-DOSTAM000,sci_m_present_time,sci_m_present_time,,,,seconds since 1970-01-01,GS05MOAS,GL001,DOSTA
GS05MOAS-GL001-02-DOSTAM000,sci_oxy4_c1amp,sci_oxy4_c1amp,,,,mV,GS05MOAS,GL001,DOSTA
GS05MOAS-GL001-02-DOSTAM000,sci_oxy4_c1rph,sci_oxy4_c1rph,,,,degrees,GS05MOAS,GL001,DOSTA
GS05MOAS-GL001-02-DOSTAM000,sci_oxy4_c2amp,sci_oxy4_c2amp,,,,mV,GS05MOAS,GL001,DOSTA
GS05MOAS-GL001-02-DOSTAM000,sci_oxy4_c2rph,sci_oxy4_c2rph,,,,degrees,GS05MOAS,GL001,DOSTA
GS05MOAS-GL001-02-DOSTAM000,sci_oxy4_calphase,sci_oxy4_calphase,,,L0,degrees,GS05MOAS,GL001,DOSTA
GS05MOAS-GL001-02-DOSTAM000,sci_oxy4_oxygen,sci_oxy4_oxygen,0,400,L1,umol L-1,GS05MOAS,GL001,DOSTA
GS05MOAS-GL001-02-DOSTAM000,sci_oxy4_rawtemp,sci_oxy4_rawtemp,,,,mV,GS05MOAS,GL001,DOSTA
GS05MOAS-GL001-02-DOSTAM000,sci_oxy4_saturation,sci_oxy4_saturation,,,,percent,GS05MOAS,GL001,DOSTA
GS05MOAS-GL001-02-DOSTAM000,sci_oxy4_tcphase,sci_oxy4_tcphase,,,,degrees,GS05MOAS,GL001,DOSTA
GS05MOAS-GL001-02-DOSTAM000,sci_oxy4_temp,sci_oxy4_temp,,,,deg_C,GS05MOAS,GL001,DOSTA
GS05MOAS-GL001-02-DOSTAM000,sci_oxy4_timestamp,sci_oxy4_timestamp,,,,1,GS05MOAS,GL001,DOSTA
GS05MOAS-GL001-02-DOSTAM000,sci_water_cond,sci_water_cond,0,6,L1,S m-1,GS05MOAS,GL001,DOSTA
GS05MOAS-GL001-02-DOSTAM000,sci_water_pressure,sci_water_pressure,0,6000,L1,dbar,GS05MOAS,GL001,DOSTA
GS05MOAS-GL001-02-DOSTAM000,sci_water_temp,sci_water_temp,-2,40,L1,deg_C,GS05MOAS,GL001,DOSTA
GS05MOAS-GL001-02-DOSTAM000,preferred_timestamp,preferred_timestamp,,,ENG,1,GS05MOAS,GL001,DOSTA
GS05MOAS-GL001-02-DOSTAM000,sci_abs_oxygen,sci_abs_oxygen,0,400,L2,umol kg-1,GS05MOAS,GL001,DOSTA
GS05MOAS-GL001-02-DOSTAM000,time,time,,,ENG,seconds since 1900-01-01,GS05MOAS,GL001,DOSTA
GS05MOAS-GL001-02-DOSTAM000,ingestion_timestamp,ingestion_timestamp,,,ENG,seconds since 1900-01-01,GS05MOAS,GL001,DOSTA
GS05MOAS-GL001-04-CTDGVM000,driver_timestamp,driver_timestamp,,,ENG,seconds since 1900-01-01,GS05MOAS,GL001,CTDGV
GS05MOAS-GL001-04-CTDGVM000,internal_timestamp,internal_timestamp,,,ENG,seconds since 1900-01-01,GS05MOAS,GL001,CTDGV
GS05MOAS-GL001-04-CTDGVM000,m_present_secs_into_mission,m_present_secs_into_mission,,,ENG,s,GS05MOAS,GL001,CTDGV
GS05MOAS-GL001-04-CTDGVM000,m_present_time,m_present_time,,,AUX,seconds since 1970-01-01,GS05MOAS,GL001,CTDGV
GS05MOAS-GL001-04-CTDGVM000,sci_ctd41cp_timestamp,sci_ctd41cp_timestamp,,,,seconds since 1970-01-01,GS05MOAS,GL001,CTDGV
GS05MOAS-GL001-04-CTDGVM000,sci_m_present_secs_into_mission,sci_m_present_secs_into_mission,,,,s,GS05MOAS,GL001,CTDGV
GS05MOAS-GL001-04-CTDGVM000,sci_m_present_time,sci_m_present_time,,,,seconds since 1970-01-01,GS05MOAS,GL001,CTDGV
GS05MOAS-GL001-04-CTDGVM000,sci_water_cond,sci_water_cond,0,6,L1,S m-1,GS05MOAS,GL001,CTDGV
GS05MOAS-GL001-04-CTDGVM000,sci_water_pressure,sci_water_pressure,0,6000,L1,dbar,GS05MOAS,GL001,CTDGV
GS05MOAS-GL001-04-CTDGVM000,sci_water_temp,sci_water_temp,-2,40,L1,deg_C,GS05MOAS,GL001,CTDGV
GS05MOAS-GL001-04-CTDGVM000,sci_water_pracsal,sci_water_pracsal,0,42,L2,1,GS05MOAS,GL001,CTDGV
GS05MOAS-GL001-04-CTDGVM000,preferred_timestamp,preferred_timestamp,,,ENG,1,GS05MOAS,GL001,CTDGV
GS05MOAS-GL001-04-CTDGVM000,sci_seawater_density,sci_seawater_density,1000,1100,L2,kg m-3,GS05MOAS,GL001,CTDGV
GS05MOAS-GL001-04-CTDGVM000,time,time,,,ENG,seconds since 1900-01-01,GS05MOAS,GL001,CTDGV
GS05MOAS-GL001-04-CTDGVM000,ingestion_timestamp,ingestion_timestamp,,,ENG,seconds since 1900-01-01,GS05MOAS,GL001,CTDGV
GS05MOAS-GL002-01-FLORDM000,driver_timestamp,driver_timestamp,,,ENG,seconds since 1900-01-01,GS05MOAS,GL002,FLORD
GS05MOAS-GL002-01-FLORDM000,internal_timestamp,internal_timestamp,,,ENG,seconds since 1900-01-01,GS05MOAS,GL002,FLORD
GS05MOAS-GL002-01-FLORDM000,m_present_secs_into_mission,m_present_secs_into_mission,,,ENG,s,GS05MOAS,GL002,FLORD
GS05MOAS-GL002-01-FLORDM000,m_present_time,m_present_time,,,AUX,seconds since 1970-01-01,GS05MOAS,GL002,FLORD
GS05MOAS-GL002-01-FLORDM000,sci_m_present_secs_into_mission,sci_m_present_secs_into_mission,,,,s,GS05MOAS,GL002,FLORD
GS05MOAS-GL002-01-FLORDM000,sci_m_present_time,sci_m_present_time,,,,seconds since 1970-01-01,GS05MOAS,GL002,FLORD
GS05MOAS-GL002-01-FLORDM000,sci_flbb_bb_units,sci_flbb_bb_units,,,L1,m-1 sr-1,GS05MOAS,GL002,FLORD
GS05MOAS-GL002-01-FLORDM000,sci_flbb_chlor_units,sci_flbb_chlor_units,0,50,L1,ug L-1,GS05MOAS,GL002,FLORD
GS05MOAS-GL002-01-FLORDM000,preferred_timestamp,preferred_timestamp,,,ENG,1,GS05MOAS,GL002,FLORD
GS05MOAS-GL002-01-FLORDM000,sci_flbb_timestamp,sci_flbb_timestamp,,,,seconds since 1970-01-01,GS05MOAS,GL002,FLORD
GS05MOAS-GL002-01-FLORDM000,sci_flbb_bb_ref,sci_flbb_bb_ref,,,,nm,GS05MOAS,GL002,FLORD
GS05MOAS-GL002-01-FLORDM000,sci_flbb_bb_sig,sci_flbb_bb_sig,,,L0,counts,GS05MOAS,GL002,FLORD
GS05MOAS-GL002-01-FLORDM000,sci_flbb_chlor_ref,sci_flbb_chlor_ref,,,,nm,GS05MOAS,GL002,FLORD
GS05MOAS-GL002-01-FLORDM000,sci_flbb_chlor_sig,sci_flbb_chlor_sig,,,L0,counts,GS05MOAS,GL002,FLORD
GS05MOAS-GL002-01-FLORDM000,sci_flbb_therm,sci_flbb_therm,,,,1,GS05MOAS,GL002,FLORD
GS05MOAS-GL002-01-FLORDM000,flord_m_bback_total,flord_m_bback_total,0.0003,1,L2,m-1,GS05MOAS,GL002,FLORD
GS05MOAS-GL002-01-FLORDM000,flord_m_scat_seawater,flord_m_scat_seawater,,,AUX,m-1,GS05MOAS,GL002,FLORD
GS05MOAS-GL002-01-FLORDM000,time,time,,,ENG,seconds since 1900-01-01,GS05MOAS,GL002,FLORD
GS05MOAS-GL002-01-FLORDM000,ingestion_timestamp,ingestion_timestamp,,,ENG,seconds since 1900-01-01,GS05MOAS,GL002,FLORD
GS05MOAS-GL002-02-DOSTAM000,driver_timestamp,driver_timestamp,,,ENG,seconds since 1900-01-01,GS05MOAS,GL002,DOSTA
GS05MOAS-GL002-02-DOSTAM000,internal_timestamp,internal_timestamp,,,ENG,seconds since 1900-01-01,GS05MOAS,GL002,DOSTA
GS05MOAS-GL002-02-DOSTAM000,m_present_secs_into_mission,m_present_secs_into_mission,,,ENG,s,GS05MOAS,GL002,DOSTA
GS05MOAS-GL002-02-DOSTAM000,m_present_time,m_present_time,,,AUX,seconds since 1970-01-01,GS05MOAS,GL002,DOSTA
GS05MOAS-GL002-02-DOSTAM000,sci_m_present_secs_into_mission,sci_m_present_secs_into_mission,,,,s,GS05MOAS,GL002,DOSTA
GS05MOAS-GL002-02-DOSTAM000,sci_m_present_time,sci_m_present_time,,,,seconds since 1970-01-01,GS05MOAS,GL002,DOSTA
GS05MOAS-GL002-02-DOSTAM000,sci_oxy4_c1amp,sci_oxy4_c1amp,,,,mV,GS05MOAS,GL002,DOSTA
GS05MOAS-GL002-02-DOSTAM000,sci_oxy4_c1rph,sci_oxy4_c1rph,,,,degrees,GS05MOAS,GL002,DOSTA
GS05MOAS-GL002-02-DOSTAM000,sci_oxy4_c2amp,sci_oxy4_c2amp,,,,mV,GS05MOAS,GL002,DOSTA
GS05MOAS-GL002-02-DOSTAM000,sci_oxy4_c2rph,sci_oxy4_c2rph,,,,degrees,GS05MOAS,GL002,DOSTA
GS05MOAS-GL002-02-DOSTAM000,sci_oxy4_calphase,sci_oxy4_calphase,,,L0,degrees,GS05MOAS,GL002,DOSTA
GS05MOAS-GL002-02-DOSTAM000,sci_oxy4_oxygen,sci_oxy4_oxygen,0,400,L1,umol L-1,GS05MOAS,GL002,DOSTA
GS05MOAS-GL002-02-DOSTAM000,sci_oxy4_rawtemp,sci_oxy4_rawtemp,,,,mV,GS05MOAS,GL002,DOSTA
GS05MOAS-GL002-02-DOSTAM000,sci_oxy4_saturation,sci_oxy4_saturation,,,,percent,GS05MOAS,GL002,DOSTA
GS05MOAS-GL002-02-DOSTAM000,sci_oxy4_tcphase,sci_oxy4_tcphase,,,,degrees,GS05MOAS,GL002,DOSTA
GS05MOAS-GL002-02-DOSTAM000,sci_oxy4_temp,sci_oxy4_temp,,,,deg_C,GS05MOAS,GL002,DOSTA
GS05MOAS-GL002-02-DOSTAM000,sci_oxy4_timestamp,sci_oxy4_timestamp,,,,1,GS05MOAS,GL002,DOSTA
GS05MOAS-GL002-02-DOSTAM000,sci_water_cond,sci_water_cond,0,6,L1,S m-1,GS05MOAS,GL002,DOSTA
GS05MOAS-GL002-02-DOSTAM000,sci_water_pressure,sci_water_pressure,0,6000,L1,dbar,GS05MOAS,GL002,DOSTA
GS05MOAS-GL002-02-DOSTAM000,sci_water_temp,sci_water_temp,-2,40,L1,deg_C,GS05MOAS,GL002,DOSTA
GS05MOAS-GL002-02-DOSTAM000,preferred_timestamp,preferred_timestamp,,,ENG,1,GS05MOAS,GL002,DOSTA
GS05MOAS-GL002-02-DOSTAM000,sci_abs_oxygen,sci_abs_oxygen,0,400,L2,umol kg-1,GS05MOAS,GL002,DOSTA
GS05MOAS-GL002-02-DOSTAM000,time,time,,,ENG,seconds since 1900-01-01,GS05MOAS,GL002,DOSTA
GS05MOAS-GL002-02-DOSTAM000,ingestion_timestamp,ingestion_timestamp,,,ENG,seconds since 1900-01-01,GS05MOAS,GL002,DOSTA
GS05MOAS-GL002-04-CTDGVM000,driver_timestamp,driver_timestamp,,,ENG,seconds since 1900-01-01,GS05MOAS,GL002,CTDGV
GS05MOAS-GL002-04-CTDGVM000,internal_timestamp,internal_timestamp,,,ENG,seconds since 1900-01-01,GS05MOAS,GL002,CTDGV
GS05MOAS-GL002-04-CTDGVM000,m_present_secs_into_mission,m_present_secs_into_mission,,,ENG,s,GS05MOAS,GL002,CTDGV
GS05MOAS-GL002-04-CTDGVM000,m_present_time,m_present_time,,,AUX,seconds since 1970-01-01,GS05MOAS,GL002,CTDGV
GS05MOAS-GL002-04-CTDGVM000,sci_ctd41cp_timestamp,sci_ctd41cp_timestamp,,,,seconds since 1970-01-01,GS05MOAS,GL002,CTDGV
GS05MOAS-GL002-04-CTDGVM000,sci_m_present_secs_into_mission,sci_m_present_secs_into_mission,,,,s,GS05MOAS,GL002,CTDGV
GS05MOAS-GL002-04-CTDGVM000,sci_m_present_time,sci_m_present_time,,,,seconds since 1970-01-01,GS05MOAS,GL002,CTDGV
GS05MOAS-GL002-04-CTDGVM000,sci_water_cond,sci_water_cond,0,6,L1,S m-1,GS05MOAS,GL002,CTDGV
GS05MOAS-GL002-04-CTDGVM000,sci_water_pressure,sci_water_pressure,0,6000,L1,dbar,GS05MOAS,GL002,CTDGV
GS05MOAS-GL002-04-CTDGVM000,sci_water_temp,sci_water_temp,-2,40,L1,deg_C,GS05MOAS,GL002,CTDGV
GS05MOAS-GL002-04-CTDGVM000,sci_water_pracsal,sci_water_pracsal,0,42,L2,1,GS05MOAS,GL002,CTDGV
GS05MOAS-GL002-04-CTDGVM000,preferred_timestamp,preferred_timestamp,,,ENG,1,GS05MOAS,GL002,CTDGV
GS05MOAS-GL002-04-CTDGVM000,sci_seawater_density,sci_seawater_density,1000,1100,L2,kg m-3,GS05MOAS,GL002,CTDGV
GS05MOAS-GL002-04-CTDGVM000,time,time,,,ENG,seconds since 1900-01-01,GS05MOAS,GL002,CTDGV
GS05MOAS-GL002-04-CTDGVM000,ingestion_timestamp,ingestion_timestamp,,,ENG,seconds since 1900-01-01,GS05MOAS,GL002,CTDGV
GS05MOAS-GL003-01-FLORDM000,driver_timestamp,driver_timestamp,,,ENG,seconds since 1900-01-01,GS05MOAS,GL003,FLORD
GS05MOAS-GL003-01-FLORDM000,internal_timestamp,internal_timestamp,,,ENG,seconds since 1900-01-01,GS05MOAS,GL003,FLORD
GS05MOAS-GL003-01-FLORDM000,m_present_secs_into_mission,m_present_secs_into_mission,,,ENG,s,GS05MOAS,GL003,FLORD
GS05MOAS-GL003-01-FLORDM000,m_present_time,m_present_time,,,AUX,seconds since 1970-01-01,GS05MOAS,GL003,FLORD
GS05MOAS-GL003-01-FLORDM000,sci_m_present_secs_into_mission,sci_m_present_secs_into_mission,,,,s,GS05MOAS,GL003,FLORD
GS05MOAS-GL003-01-FLORDM000,sci_m_present_time,sci_m_present_time,,,,seconds since 1970-01-01,GS05MOAS,GL003,FLORD
GS05MOAS-GL003-01-FLORDM000,sci_flbb_bb_units,sci_flbb_bb_units,,,L1,m-1 sr-1,GS05MOAS,GL003,FLORD
GS05MOAS-GL003-01-FLORDM000,sci_flbb_chlor_units,sci_flbb_chlor_units,0,50,L1,ug L-1,GS05MOAS,GL003,FLORD
GS05MOAS-GL003-01-FLORDM000,preferred_timestamp,preferred_timestamp,,,ENG,1,GS05MOAS,GL003,FLORD
GS05MOAS-GL003-01-FLORDM000,sci_flbb_timestamp,sci_flbb_timestamp,,,,seconds since 1970-01-01,GS05MOAS,GL003,FLORD
GS05MOAS-GL003-01-FLORDM000,sci_flbb_bb_ref,sci_flbb_bb_ref,,,,nm,GS05MOAS,GL003,FLORD
GS05MOAS-GL003-01-FLORDM000,sci_flbb_bb_sig,sci_flbb_bb_sig,,,L0,counts,GS05MOAS,GL003,FLORD
GS05MOAS-GL003-01-FLORDM000,sci_flbb_chlor_ref,sci_flbb_chlor_ref,,,,nm,GS05MOAS,GL003,FLORD
GS05MOAS-GL003-01-FLORDM000,sci_flbb_chlor_sig,sci_flbb_chlor_sig,,,L0,counts,GS05MOAS,GL003,FLORD
GS05MOAS-GL003-01-FLORDM000,sci_flbb_therm,sci_flbb_therm,,,,1,GS05MOAS,GL003,FLORD
GS05MOAS-GL003-01-FLORDM000,flord_m_bback_total,flord_m_bback_total,0.0003,1,L2,m-1,GS05MOAS,GL003,FLORD
GS05MOAS-GL003-01-FLORDM000,flord_m_scat_seawater,flord_m_scat_seawater,,,AUX,m-1,GS05MOAS,GL003,FLORD
GS05MOAS-GL003-01-FLORDM000,time,time,,,ENG,seconds since 1900-01-01,GS05MOAS,GL003,FLORD
GS05MOAS-GL003-01-FLORDM000,ingestion_timestamp,ingestion_timestamp,,,ENG,seconds since 1900-01-01,GS05MOAS,GL003,FLORD
GS05MOAS-GL003-02-DOSTAM000,driver_timestamp,driver_timestamp,,,ENG,seconds since 1900-01-01,GS05MOAS,GL003,DOSTA
GS05MOAS-GL003-02-DOSTAM000,internal_timestamp,internal_timestamp,,,ENG,seconds since 1900-01-01,GS05MOAS,GL003,DOSTA
GS05MOAS-GL003-02-DOSTAM000,m_present_secs_into_mission,m_present_secs_into_mission,,,ENG,s,GS05MOAS,GL003,DOSTA
GS05MOAS-GL003-02-DOSTAM000,m_present_time,m_present_time,,,AUX,seconds since 1970-01-01,GS05MOAS,GL003,DOSTA
GS05MOAS-GL003-02-DOSTAM000,sci_m_present_secs_into_mission,sci_m_present_secs_into_mission,,,,s,GS05MOAS,GL003,DOSTA
GS05MOAS-GL003-02-DOSTAM000,sci_m_present_time,sci_m_present_time,,,,seconds since 1970-01-01,GS05MOAS,GL003,DOSTA
GS05MOAS-GL003-02-DOSTAM000,sci_oxy4_c1amp,sci_oxy4_c1amp,,,,mV,GS05MOAS,GL003,DOSTA
GS05MOAS-GL003-02-DOSTAM000,sci_oxy4_c1rph,sci_oxy4_c1rph,,,,degrees,GS05MOAS,GL003,DOSTA
GS05MOAS-GL003-02-DOSTAM000,sci_oxy4_c2amp,sci_oxy4_c2amp,,,,mV,GS05MOAS,GL003,DOSTA
GS05MOAS-GL003-02-DOSTAM000,sci_oxy4_c2rph,sci_oxy4_c2rph,,,,degrees,GS05MOAS,GL003,DOSTA
GS05MOAS-GL003-02-DOSTAM000,sci_oxy4_calphase,sci_oxy4_calphase,,,L0,degrees,GS05MOAS,GL003,DOSTA
GS05MOAS-GL003-02-DOSTAM000,sci_oxy4_oxygen,sci_oxy4_oxygen,0,400,L1,umol L-1,GS05MOAS,GL003,DOSTA
GS05MOAS-GL003-02-DOSTAM000,sci_oxy4_rawtemp,sci_oxy4_rawtemp,,,,mV,GS05MOAS,GL003,DOSTA
GS05MOAS-GL003-02-DOSTAM000,sci_oxy4_saturation,sci_oxy4_saturation,,,,percent,GS05MOAS,GL003,DOSTA
GS05MOAS-GL003-02-DOSTAM000,sci_oxy4_tcphase,sci_oxy4_tcphase,,,,degrees,GS05MOAS,GL003,DOSTA
GS05MOAS-GL003-02-DOSTAM000,sci_oxy4_temp,sci_oxy4_temp,,,,deg_C,GS05MOAS,GL003,DOSTA
GS05MOAS-GL003-02-DOSTAM000,sci_oxy4_timestamp,sci_oxy4_timestamp,,,,1,GS05MOAS,GL003,DOSTA
GS05MOAS-GL003-02-DOSTAM000,sci_water_cond,sci_water_cond,0,6,L1,S m-1,GS05MOAS,GL003,DOSTA
GS05MOAS-GL003-02-DOSTAM000,sci_water_pressure,sci_water_pressure,0,6000,L1,dbar,GS05MOAS,GL003,DOSTA
GS05MOAS-GL003-02-DOSTAM000,sci_water_temp,sci_water_temp,-2,40,L1,deg_C,GS05MOAS,GL003,DOSTA
GS05MOAS-GL003-02-DOSTAM000,preferred_timestamp,preferred_timestamp,,,ENG,1,GS05MOAS,GL003,DOSTA
GS05MOAS-GL003-02-DOSTAM000,sci_abs_oxygen,sci_abs_oxygen,0,400,L2,umol kg-1,GS05MOAS,GL003,DOSTA
GS05MOAS-GL003-02-DOSTAM000,time,time,,,ENG,seconds since 1900-01-01,GS05MOAS,GL003,DOSTA
GS05MOAS-GL003-02-DOSTAM000,ingestion_timestamp,ingestion_timestamp,,,ENG,seconds since 1900-01-01,GS05MOAS,GL003,DOSTA
GS05MOAS-GL003-04-CTDGVM000,driver_timestamp,driver_timestamp,,,ENG,seconds since 1900-01-01,GS05MOAS,GL003,CTDGV
GS05MOAS-GL003-04-CTDGVM000,internal_timestamp,internal_timestamp,,,ENG,seconds since 1900-01-01,GS05MOAS,GL003,CTDGV
GS05MOAS-GL003-04-CTDGVM000,m_present_secs_into_mission,m_present_secs_into_mission,,,ENG,s,GS05MOAS,GL003,CTDGV
GS05MOAS-GL003-04-CTDGVM000,m_present_time,m_present_time,,,AUX,seconds since 1970-01-01,GS05MOAS,GL003,CTDGV
GS05MOAS-GL003-04-CTDGVM000,sci_ctd41cp_timestamp,sci_ctd41cp_timestamp,,,,seconds since 1970-01-01,GS05MOAS,GL003,CTDGV
GS05MOAS-GL003-04-CTDGVM000,sci_m_present_secs_into_mission,sci_m_present_secs_into_mission,,,,s,GS05MOAS,GL003,CTDGV
GS05MOAS-GL003-04-CTDGVM000,sci_m_present_time,sci_m_present_time,,,,seconds since 1970-01-01,GS05MOAS,GL003,CTDGV
GS05MOAS-GL003-04-CTDGVM000,sci_water_cond,sci_water_cond,0,6,L1,S m-1,GS05MOAS,GL003,CTDGV
GS05MOAS-GL003-04-CTDGVM000,sci_water_pressure,sci_water_pressure,0,6000,L1,dbar,GS05MOAS,GL003,CTDGV
GS05MOAS-GL003-04-CTDGVM000,sci_water_temp,sci_water_temp,-2,40,L1,deg_C,GS05MOAS,GL003,CTDGV
GS05MOAS-GL003-04-CTDGVM000,sci_water_pracsal,sci_water_pracsal,0,42,L2,1,GS05MOAS,GL003,CTDGV
GS05MOAS-GL003-04-CTDGVM000,preferred_timestamp,preferred_timestamp,,,ENG,1,GS05MOAS,GL003,CTDGV
GS05MOAS-GL003-04-CTDGVM000,sci_seawater_density,sci_seawater_density,1000,1100,L2,kg m-3,GS05MOAS,GL003,CTDGV
GS05MOAS-GL003-04-CTDGVM000,time,time,,,ENG,seconds since 1900-01-01,GS05MOAS,GL003,CTDGV
GS05MOAS-GL003-04-CTDGVM000,ingestion_timestamp,ingestion_timestamp,,,ENG,seconds since 1900-01-01,GS05MOAS,GL003,CTDGV
GS05MOAS-GL004-01-FLORDM000,driver_timestamp,driver_timestamp,,,ENG,seconds since 1900-01-01,GS05MOAS,GL004,FLORD
GS05MOAS-GL004-01-FLORDM000,internal_timestamp,internal_timestamp,,,ENG,seconds since 1900-01-01,GS05MOAS,GL004,FLORD
GS05MOAS-GL004-01-FLORDM000,m_present_secs_into_mission,m_present_secs_into_mission,,,ENG,s,GS05MOAS,GL004,FLORD
GS05MOAS-GL004-01-FLORDM000,m_present_time,m_present_time,,,AUX,seconds since 1970-01-01,GS05MOAS,GL004,FLORD
GS05MOAS-GL004-01-FLORDM000,sci_m_present_secs_into_mission,sci_m_present_secs_into_mission,,,,s,GS05MOAS,GL004,FLORD
GS05MOAS-GL004-01-FLORDM000,sci_m_present_time,sci_m_present_time,,,,seconds since 1970-01-01,GS05MOAS,GL004,FLORD
GS05MOAS-GL004-01-FLORDM000,sci_flbb_bb_units,sci_flbb_bb_units,,,L1,m-1 sr-1,GS05MOAS,GL004,FLORD
GS05MOAS-GL004-01-FLORDM000,sci_flbb_chlor_units,sci_flbb_chlor_units,0,50,L1,ug L-1,GS05MOAS,GL004,FLORD
GS05MOAS-GL004-01-FLORDM000,preferred_timestamp,preferred_timestamp,,,ENG,1,GS05MOAS,GL004,FLORD
GS05MOAS-GL004-01-FLORDM000,sci_flbb_timestamp,sci_flbb_timestamp,,,,seconds since 1970-01-01,GS05MOAS,GL004,FLORD
GS05MOAS-GL004-01-FLORDM000,sci_flbb_bb_ref,sci_flbb_bb_ref,,,,nm,GS05MOAS,GL004,FLORD
GS05MOAS-GL004-01-FLORDM000,sci_flbb_bb_sig,sci_flbb_bb_sig,,,L0,counts,GS05MOAS,GL004,FLORD
GS05MOAS-GL004-01-FLORDM000,sci_flbb_chlor_ref,sci_flbb_chlor_ref,,,,nm,GS05MOAS,GL004,FLORD
GS05MOAS-GL004-01-FLORDM000,sci_flbb_chlor_sig,sci_flbb_chlor_sig,,,L0,counts,GS05MOAS,GL004,FLORD
GS05MOAS-GL004-01-FLORDM000,sci_flbb_therm,sci_flbb_therm,,,,1,GS05MOAS,GL004,FLORD
GS05MOAS-GL004-01-FLORDM000,flord_m_bback_total,flord_m_bback_total,0.0003,1,L2,m-1,GS05MOAS,GL004,FLORD
GS05MOAS-GL004-01-FLORDM000,flord_m_scat_seawater,flord_m_scat_seawater,,,AUX,m-1,GS05MOAS,GL004,FLORD
GS05MOAS-GL004-01-FLORDM000,time,time,,,ENG,seconds since 1900-01-01,GS05MOAS,GL004,FLORD
GS05MOAS-GL004-01-FLORDM000,ingestion_timestamp,ingestion_timestamp,,,ENG,seconds since 1900-01-01,GS05MOAS,GL004,FLORD
GS05MOAS-GL004-02-DOSTAM000,driver_timestamp,driver_timestamp,,,ENG,seconds since 1900-01-01,GS05MOAS,GL004,DOSTA
GS05MOAS-GL004-02-DOSTAM000,internal_timestamp,internal_timestamp,,,ENG,seconds since 1900-01-01,GS05MOAS,GL004,DOSTA
GS05MOAS-GL004-02-DOSTAM000,m_present_secs_into_mission,m_present_secs_into_mission,,,ENG,s,GS05MOAS,GL004,DOSTA
GS05MOAS-GL004-02-DOSTAM000,m_present_time,m_present_time,,,AUX,seconds since 1970-01-01,GS05MOAS,GL004,DOSTA
GS05MOAS-GL004-02-DOSTAM000,sci_m_present_secs_into_mission,sci_m_present_secs_into_mission,,,,s,GS05MOAS,GL004,DOSTA
GS05MOAS-GL004-02-DOSTAM000,sci_m_present_time,sci_m_present_time,,,,seconds since 1970-01-01,GS05MOAS,GL004,DOSTA
GS05MOAS-GL004-02-DOSTAM000,sci_oxy4_c1amp,sci_oxy4_c1amp,,,,mV,GS05MOAS,GL004,DOSTA
GS05MOAS-GL004-02-DOSTAM000,sci_oxy4_c1rph,sci_oxy4_c1rph,,,,degrees,GS05MOAS,GL004,DOSTA
GS05MOAS-GL004-02-DOSTAM000,sci_oxy4_c2amp,sci_oxy4_c2amp,,,,mV,GS05MOAS,GL004,DOSTA
GS05MOAS-GL004-02-DOSTAM000,sci_oxy4_c2rph,sci_oxy4_c2rph,,,,degrees,GS05MOAS,GL004,DOSTA
GS05MOAS-GL004-02-DOSTAM000,sci_oxy4_calphase,sci_oxy4_calphase,,,L0,degrees,GS05MOAS,GL004,DOSTA
GS05MOAS-GL004-02-DOSTAM000,sci_oxy4_oxygen,sci_oxy4_oxygen,0,400,L1,umol L-1,GS05MOAS,GL004,DOSTA
GS05MOAS-GL004-02-DOSTAM000,sci_oxy4_rawtemp,sci_oxy4_rawtemp,,,,mV,GS05MOAS,GL004,DOSTA
GS05MOAS-GL004-02-DOSTAM000,sci_oxy4_saturation,sci_oxy4_saturation,,,,percent,GS05MOAS,GL004,DOSTA
GS05MOAS-GL004-02-DOSTAM000,sci_oxy4_tcphase,sci_oxy4_tcphase,,,,degrees,GS05MOAS,GL004,DOSTA
GS05MOAS-GL004-02-DOSTAM000,sci_oxy4_temp,sci_oxy4_temp,,,,deg_C,GS05MOAS,GL004,DOSTA
GS05MOAS-GL004-02-DOSTAM000,sci_oxy4_timestamp,sci_oxy4_timestamp,,,,1,GS05MOAS,GL004,DOSTA
GS05MOAS-GL004-02-DOSTAM000,sci_water_cond,sci_water_cond,0,6,L1,S m-1,GS05MOAS,GL004,DOSTA
GS05MOAS-GL004-02-DOSTAM000,sci_water_pressure,sci_water_pressure,0,6000,L1,dbar,GS05MOAS,GL004,DOSTA
GS05MOAS-GL004-02-DOSTAM000,sci_water_temp,sci_water_temp,-2,40,L1,deg_C,GS05MOAS,GL004,DOSTA
GS05MOAS-GL004-02-DOSTAM000,preferred_timestamp,preferred_timestamp,,,ENG,1,GS05MOAS,GL004,DOSTA
GS05MOAS-GL004-02-DOSTAM000,sci_abs_oxygen,sci_abs_oxygen,0,400,L2,umol kg-1,GS05MOAS,GL004,DOSTA
GS05MOAS-GL004-02-DOSTAM000,time,time,,,ENG,seconds since 1900-01-01,GS05MOAS,GL004,DOSTA
GS05MOAS-GL004-02-DOSTAM000,ingestion_timestamp,ingestion_timestamp,,,ENG,seconds since 1900-01-01,GS05MOAS,GL004,DOSTA
GS05MOAS-GL004-04-CTDGVM000,driver_timestamp,driver_timestamp,,,ENG,seconds since 1900-01-01,GS05MOAS,GL004,CTDGV
GS05MOAS-GL004-04-CTDGVM000,internal_timestamp,internal_timestamp,,,ENG,seconds since 1900-01-01,GS05MOAS,GL004,CTDGV
GS05MOAS-GL004-04-CTDGVM000,m_present_secs_into_mission,m_present_secs_into_mission,,,ENG,s,GS05MOAS,GL004,CTDGV
GS05MOAS-GL004-04-CTDGVM000,m_present_time,m_present_time,,,AUX,seconds since 1970-01-01,GS05MOAS,GL004,CTDGV
GS05MOAS-GL004-04-CTDGVM000,sci_ctd41cp_timestamp,sci_ctd41cp_timestamp,,,,seconds since 1970-01-01,GS05MOAS,GL004,CTDGV
GS05MOAS-GL004-04-CTDGVM000,sci_m_present_secs_into_mission,sci_m_present_secs_into_mission,,,,s,GS05MOAS,GL004,CTDGV
GS05MOAS-GL004-04-CTDGVM000,sci_m_present_time,sci_m_present_time,,,,seconds since 1970-01-01,GS05MOAS,GL004,CTDGV
GS05MOAS-GL004-04-CTDGVM000,sci_water_cond,sci_water_cond,0,6,L1,S m-1,GS05MOAS,GL004,CTDGV
GS05MOAS-GL004-04-CTDGVM000,sci_water_pressure,sci_water_pressure,0,6000,L1,dbar,GS05MOAS,GL004,CTDGV
GS05MOAS-GL004-04-CTDGVM000,sci_water_temp,sci_water_temp,-2,40,L1,deg_C,GS05MOAS,GL004,CTDGV
GS05MOAS-GL004-04-CTDGVM000,sci_water_pracsal,sci_water_pracsal,0,42,L2,1,GS05MOAS,GL004,CTDGV
GS05MOAS-GL004-04-CTDGVM000,preferred_timestamp,preferred_timestamp,,,ENG,1,GS05MOAS,GL004,CTDGV
GS05MOAS-GL004-04-CTDGVM000,sci_seawater_density,sci_seawater_density,1000,1100,L2,kg m-3,GS05MOAS,GL004,CTDGV
GS05MOAS-GL004-04-CTDGVM000,time,time,,,ENG,seconds since 1900-01-01,GS05MOAS,GL004,CTDGV
GS05MOAS-GL004-04-CTDGVM000,ingestion_timestamp,ingestion_timestamp,,,ENG,seconds since 1900-01-01,GS05MOAS,GL004,CTDGV
GS05MOAS-GL005-01-FLORDM000,driver_timestamp,driver_timestamp,,,ENG,seconds since 1900-01-01,GS05MOAS,GL005,FLORD
GS05MOAS-GL005-01-FLORDM000,internal_timestamp,internal_timestamp,,,ENG,seconds since 1900-01-01,GS05MOAS,GL005,FLORD
GS05MOAS-GL005-01-FLORDM000,m_present_secs_into_mission,m_present_secs_into_mission,,,ENG,s,GS05MOAS,GL005,FLORD
GS05MOAS-GL005-01-FLORDM000,m_present_time,m_present_time,,,AUX,seconds since 1970-01-01,GS05MOAS,GL005,FLORD
GS05MOAS-GL005-01-FLORDM000,sci_m_present_secs_into_mission,sci_m_present_secs_into_mission,,,,s,GS05MOAS,GL005,FLORD
GS05MOAS-GL005-01-FLORDM000,sci_m_present_time,sci_m_present_time,,,,seconds since 1970-01-01,GS05MOAS,GL005,FLORD
GS05MOAS-GL005-01-FLORDM000,sci_flbb_bb_units,sci_flbb_bb_units,,,L1,m-1 sr-1,GS05MOAS,GL005,FLORD
GS05MOAS-GL005-01-FLORDM000,sci_flbb_chlor_units,sci_flbb_chlor_units,0,50,L1,ug L-1,GS05MOAS,GL005,FLORD
GS05MOAS-GL005-01-FLORDM000,preferred_timestamp,preferred_timestamp,,,ENG,1,GS05MOAS,GL005,FLORD
GS05MOAS-GL005-01-FLORDM000,sci_flbb_timestamp,sci_flbb_timestamp,,,,seconds since 1970-01-01,GS05MOAS,GL005,FLORD
GS05MOAS-GL005-01-FLORDM000,sci_flbb_bb_ref,sci_flbb_bb_ref,,,,nm,GS05MOAS,GL005,FLORD
GS05MOAS-GL005-01-FLORDM000,sci_flbb_bb_sig,sci_flbb_bb_sig,,,L0,counts,GS05MOAS,GL005,FLORD
GS05MOAS-GL005-01-FLORDM000,sci_flbb_chlor_ref,sci_flbb_chlor_ref,,,,nm,GS05MOAS,GL005,FLORD
GS05MOAS-GL005-01-FLORDM000,sci_flbb_chlor_sig,sci_flbb_chlor_sig,,,L0,counts,GS05MOAS,GL005,FLORD
GS05MOAS-GL005-01-FLORDM000,sci_flbb_therm,sci_flbb_therm,,,,1,GS05MOAS,GL005,FLORD
GS05MOAS-GL005-01-FLORDM000,flord_m_bback_total,flord_m_bback_total,0.0003,1,L2,m-1,GS05MOAS,GL005,FLORD
GS05MOAS-GL005-01-FLORDM000,flord_m_scat_seawater,flord_m_scat_seawater,,,AUX,m-1,GS05MOAS,GL005,FLORD
GS05MOAS-GL005-01-FLORDM000,time,time,,,ENG,seconds since 1900-01-01,GS05MOAS,GL005,FLORD
GS05MOAS-GL005-01-FLORDM000,ingestion_timestamp,ingestion_timestamp,,,ENG,seconds since 1900-01-01,GS05MOAS,GL005,FLORD
GS05MOAS-GL005-02-DOSTAM000,driver_timestamp,driver_timestamp,,,ENG,seconds since 1900-01-01,GS05MOAS,GL005,DOSTA
GS05MOAS-GL005-02-DOSTAM000,internal_timestamp,internal_timestamp,,,ENG,seconds since 1900-01-01,GS05MOAS,GL005,DOSTA
GS05MOAS-GL005-02-DOSTAM000,m_present_secs_into_mission,m_present_secs_into_mission,,,ENG,s,GS05MOAS,GL005,DOSTA
GS05MOAS-GL005-02-DOSTAM000,m_present_time,m_present_time,,,AUX,seconds since 1970-01-01,GS05MOAS,GL005,DOSTA
GS05MOAS-GL005-02-DOSTAM000,sci_m_present_secs_into_mission,sci_m_present_secs_into_mission,,,,s,GS05MOAS,GL005,DOSTA
GS05MOAS-GL005-02-DOSTAM000,sci_m_present_time,sci_m_present_time,,,,seconds since 1970-01-01,GS05MOAS,GL005,DOSTA
GS05MOAS-GL005-02-DOSTAM000,sci_oxy4_c1amp,sci_oxy4_c1amp,,,,mV,GS05MOAS,GL005,DOSTA
GS05MOAS-GL005-02-DOSTAM000,sci_oxy4_c1rph,sci_oxy4_c1rph,,,,degrees,GS05MOAS,GL005,DOSTA
GS05MOAS-GL005-02-DOSTAM000,sci_oxy4_c2amp,sci_oxy4_c2amp,,,,mV,GS05MOAS,GL005,DOSTA
GS05MOAS-GL005-02-DOSTAM000,sci_oxy4_c2rph,sci_oxy4_c2rph,,,,degrees,GS05MOAS,GL005,DOSTA
GS05MOAS-GL005-02-DOSTAM000,sci_oxy4_calphase,sci_oxy4_calphase,,,L0,degrees,GS05MOAS,GL005,DOSTA
GS05MOAS-GL005-02-DOSTAM000,sci_oxy4_oxygen,sci_oxy4_oxygen,0,400,L1,umol L-1,GS05MOAS,GL005,DOSTA
GS05MOAS-GL005-02-DOSTAM000,sci_oxy4_rawtemp,sci_oxy4_rawtemp,,,,mV,GS05MOAS,GL005,DOSTA
GS05MOAS-GL005-02-DOSTAM000,sci_oxy4_saturation,sci_oxy4_saturation,,,,percent,GS05MOAS,GL005,DOSTA
GS05MOAS-GL005-02-DOSTAM000,sci_oxy4_tcphase,sci_oxy4_tcphase,,,,degrees,GS05MOAS,GL005,DOSTA
GS05MOAS-GL005-02-DOSTAM000,sci_oxy4_temp,sci_oxy4_temp,,,,deg_C,GS05MOAS,GL005,DOSTA
GS05MOAS-GL005-02-DOSTAM000,sci_oxy4_timestamp,sci_oxy4_timestamp,,,,1,GS05MOAS,GL005,DOSTA
GS05MOAS-GL005-02-DOSTAM000,sci_water_cond,sci_water_cond,0,6,L1,S m-1,GS05MOAS,GL005,DOSTA
GS05MOAS-GL005-02-DOSTAM000,sci_water_pressure,sci_water_pressure,0,6000,L1,dbar,GS05MOAS,GL005,DOSTA
GS05MOAS-GL005-02-DOSTAM000,sci_water_temp,sci_water_temp,-2,40,L1,deg_C,GS05MOAS,GL005,DOSTA
GS05MOAS-GL005-02-DOSTAM000,preferred_timestamp,preferred_timestamp,,,ENG,1,GS05MOAS,GL005,DOSTA
GS05MOAS-GL005-02-DOSTAM000,sci_abs_oxygen,sci_abs_oxygen,0,400,L2,umol kg-1,GS05MOAS,GL005,DOSTA
GS05MOAS-GL005-02-DOSTAM000,time,time,,,ENG,seconds since 1900-01-01,GS05MOAS,GL005,DOSTA
GS05MOAS-GL005-02-DOSTAM000,ingestion_timestamp,ingestion_timestamp,,,ENG,seconds since 1900-01-01,GS05MOAS,GL005,DOSTA
GS05MOAS-GL005-04-CTDGVM000,driver_timestamp,driver_timestamp,,,ENG,seconds since 1900-01-01,GS05MOAS,GL005,CTDGV
GS05MOAS-GL005-04-CTDGVM000,internal_timestamp,internal_timestamp,,,ENG,seconds since 1900-01-01,GS05MOAS,GL005,CTDGV
GS05MOAS-GL005-04-CTDGVM000,m_present_secs_into_mission,m_present_secs_into_mission,,,ENG,s,GS05MOAS,GL005,CTDGV
GS05MOAS-GL005-04-CTDGVM000,m_present_time,m_present_time,,,AUX,seconds since 1970-01-01,GS05MOAS,GL005,CTDGV
GS05MOAS-GL005-04-CTDGVM000,sci_ctd41cp_timestamp,sci_ctd41cp_timestamp,,,,seconds since 1970-01-01,GS05MOAS,GL005,CTDGV
GS05MOAS-GL005-04-CTDGVM000,sci_m_present_secs_into_mission,sci_m_present_secs_into_mission,,,,s,GS05MOAS,GL005,CTDGV
GS05MOAS-GL005-04-CTDGVM000,sci_m_present_time,sci_m_present_time,,,,seconds since 1970-01-01,GS05MOAS,GL005,CTDGV
GS05MOAS-GL005-04-CTDGVM000,sci_water_cond,sci_water_cond,0,6,L1,S m-1,GS05MOAS,GL005,CTDGV
GS05MOAS-GL005-04-CTDGVM000,sci_water_pressure,sci_water_pressure,0,6000,L1,dbar,GS05MOAS,GL005,CTDGV
GS05MOAS-GL005-04-CTDGVM000,sci_water_temp,sci_water_temp,-2,40,L1,deg_C,GS05MOAS,GL005,CTDGV
GS05MOAS-GL005-04-CTDGVM000,sci_water_pracsal,sci_water_pracsal,0,42,L2,1,GS05MOAS,GL005,CTDGV
GS05MOAS-GL005-04-CTDGVM000,preferred_timestamp,preferred_timestamp,,,ENG,1,GS05MOAS,GL005,CTDGV
GS05MOAS-GL005-04-CTDGVM000,sci_seawater_density,sci_seawater_density,1000,1100,L2,kg m-3,GS05MOAS,GL005,CTDGV
GS05MOAS-GL005-04-CTDGVM000,time,time,,,ENG,seconds since 1900-01-01,GS05MOAS,GL005,CTDGV
GS05MOAS-GL005-04-CTDGVM000,ingestion_timestamp,ingestion_timestamp,,,ENG,seconds since 1900-01-01,GS05MOAS,GL005,CTDGV
GS05MOAS-GL006-01-FLORDM000,driver_timestamp,driver_timestamp,,,ENG,seconds since 1900-01-01,GS05MOAS,GL006,FLORD
GS05MOAS-GL006-01-FLORDM000,internal_timestamp,internal_timestamp,,,ENG,seconds since 1900-01-01,GS05MOAS,GL006,FLORD
GS05MOAS-GL006-01-FLORDM000,m_present_secs_into_mission,m_present_secs_into_mission,,,ENG,s,GS05MOAS,GL006,FLORD
GS05MOAS-GL006-01-FLORDM000,m_present_time,m_present_time,,,AUX,seconds since 1970-01-01,GS05MOAS,GL006,FLORD
GS05MOAS-GL006-01-FLORDM000,sci_m_present_secs_into_mission,sci_m_present_secs_into_mission,,,,s,GS05MOAS,GL006,FLORD
GS05MOAS-GL006-01-FLORDM000,sci_m_present_time,sci_m_present_time,,,,seconds since 1970-01-01,GS05MOAS,GL006,FLORD
GS05MOAS-GL006-01-FLORDM000,sci_flbb_bb_units,sci_flbb_bb_units,,,L1,m-1 sr-1,GS05MOAS,GL006,FLORD
GS05MOAS-GL006-01-FLORDM000,sci_flbb_chlor_units,sci_flbb_chlor_units,0,50,L1,ug L-1,GS05MOAS,GL006,FLORD
GS05MOAS-GL006-01-FLORDM000,preferred_timestamp,preferred_timestamp,,,ENG,1,GS05MOAS,GL006,FLORD
GS05MOAS-GL006-01-FLORDM000,sci_flbb_timestamp,sci_flbb_timestamp,,,,seconds since 1970-01-01,GS05MOAS,GL006,FLORD
GS05MOAS-GL006-01-FLORDM000,sci_flbb_bb_ref,sci_flbb_bb_ref,,,,nm,GS05MOAS,GL006,FLORD
GS05MOAS-GL006-01-FLORDM000,sci_flbb_bb_sig,sci_flbb_bb_sig,,,L0,counts,GS05MOAS,GL006,FLORD
GS05MOAS-GL006-01-FLORDM000,sci_flbb_chlor_ref,sci_flbb_chlor_ref,,,,nm,GS05MOAS,GL006,FLORD
GS05MOAS-GL006-01-FLORDM000,sci_flbb_chlor_sig,sci_flbb_chlor_sig,,,L0,counts,GS05MOAS,GL006,FLORD
GS05MOAS-GL006-01-FLORDM000,sci_flbb_therm,sci_flbb_therm,,,,1,GS05MOAS,GL006,FLORD
GS05MOAS-GL006-01-FLORDM000,flord_m_bback_total,flord_m_bback_total,0.0003,1,L2,m-1,GS05MOAS,GL006,FLORD
GS05MOAS-GL006-01-FLORDM000,flord_m_scat_seawater,flord_m_scat_seawater,,,AUX,m-1,GS05MOAS,GL006,FLORD
GS05MOAS-GL006-01-FLORDM000,time,time,,,ENG,seconds since 1900-01-01,GS05MOAS,GL006,FLORD
GS05MOAS-GL006-01-FLORDM000,ingestion_timestamp,ingestion_timestamp,,,ENG,seconds since 1900-01-01,GS05MOAS,GL006,FLORD
GS05MOAS-GL006-02-DOSTAM000,driver_timestamp,driver_timestamp,,,ENG,seconds since 1900-01-01,GS05MOAS,GL006,DOSTA
GS05MOAS-GL006-02-DOSTAM000,internal_timestamp,internal_timestamp,,,ENG,seconds since 1900-01-01,GS05MOAS,GL006,DOSTA
GS05MOAS-GL006-02-DOSTAM000,m_present_secs_into_mission,m_present_secs_into_mission,,,ENG,s,GS05MOAS,GL006,DOSTA
GS05MOAS-GL006-02-DOSTAM000,m_present_time,m_present_time,,,AUX,seconds since 1970-01-01,GS05MOAS,GL006,DOSTA
GS05MOAS-GL006-02-DOSTAM000,sci_m_present_secs_into_mission,sci_m_present_secs_into_mission,,,,s,GS05MOAS,GL006,DOSTA
GS05MOAS-GL006-02-DOSTAM000,sci_m_present_time,sci_m_present_time,,,,seconds since 1970-01-01,GS05MOAS,GL006,DOSTA
GS05MOAS-GL006-02-DOSTAM000,sci_oxy4_c1amp,sci_oxy4_c1amp,,,,mV,GS05MOAS,GL006,DOSTA
GS05MOAS-GL006-02-DOSTAM000,sci_oxy4_c1rph,sci_oxy4_c1rph,,,,degrees,GS05MOAS,GL006,DOSTA
GS05MOAS-GL006-02-DOSTAM000,sci_oxy4_c2amp,sci_oxy4_c2amp,,,,mV,GS05MOAS,GL006,DOSTA
GS05MOAS-GL006-02-DOSTAM000,sci_oxy4_c2rph,sci_oxy4_c2rph,,,,degrees,GS05MOAS,GL006,DOSTA
GS05MOAS-GL006-02-DOSTAM000,sci_oxy4_calphase,sci_oxy4_calphase,,,L0,degrees,GS05MOAS,GL006,DOSTA
GS05MOAS-GL006-02-DOSTAM000,sci_oxy4_oxygen,sci_oxy4_oxygen,0,400,L1,umol L-1,GS05MOAS,GL006,DOSTA
GS05MOAS-GL006-02-DOSTAM000,sci_oxy4_rawtemp,sci_oxy4_rawtemp,,,,mV,GS05MOAS,GL006,DOSTA
GS05MOAS-GL006-02-DOSTAM000,sci_oxy4_saturation,sci_oxy4_saturation,,,,percent,GS05MOAS,GL006,DOSTA
GS05MOAS-GL006-02-DOSTAM000,sci_oxy4_tcphase,sci_oxy4_tcphase,,,,degrees,GS05MOAS,GL006,DOSTA
GS05MOAS-GL006-02-DOSTAM000,sci_oxy4_temp,sci_oxy4_temp,,,,deg_C,GS05MOAS,GL006,DOSTA
GS05MOAS-GL006-02-DOSTAM000,sci_oxy4_timestamp,sci_oxy4_timestamp,,,,1,GS05MOAS,GL006,DOSTA
GS05MOAS-GL006-02-DOSTAM000,sci_water_cond,sci_water_cond,0,6,L1,S m-1,GS05MOAS,GL006,DOSTA
GS05MOAS-GL006-02-DOSTAM000,sci_water_pressure,sci_water_pressure,0,6000,L1,dbar,GS05MOAS,GL006,DOSTA
GS05MOAS-GL006-02-DOSTAM000,sci_water_temp,sci_water_temp,-2,40,L1,deg_C,GS05MOAS,GL006,DOSTA
GS05MOAS-GL006-02-DOSTAM000,preferred_timestamp,preferred_timestamp,,,ENG,1,GS05MOAS,GL006,DOSTA
GS05MOAS-GL006-02-DOSTAM000,sci_abs_oxygen,sci_abs_oxygen,0,400,L2,umol kg-1,GS05MOAS,GL006,DOSTA
GS05MOAS-GL006-02-DOSTAM000,time,time,,,ENG,seconds since 1900-01-01,GS05MOAS,GL006,DOSTA
GS05MOAS-GL006-02-DOSTAM000,ingestion_timestamp,ingestion_timestamp,,,ENG,seconds since 1900-01-01,GS05MOAS,GL006,DOSTA
GS05MOAS-GL006-04-CTDGVM000,driver_timestamp,driver_timestamp,,,ENG,seconds since 1900-01-01,GS05MOAS,GL006,CTDGV
GS05MOAS-GL006-04-CTDGVM000,internal_timestamp,internal_timestamp,,,ENG,seconds since 1900-01-01,GS05MOAS,GL006,CTDGV
GS05MOAS-GL006-04-CTDGVM000,m_present_secs_into_mission,m_present_secs_into_mission,,,ENG,s,GS05MOAS,GL006,CTDGV
GS05MOAS-GL006-04-CTDGVM000,m_present_time,m_present_time,,,AUX,seconds since 1970-01-01,GS05MOAS,GL006,CTDGV
GS05MOAS-GL006-04-CTDGVM000,sci_ctd41cp_timestamp,sci_ctd41cp_timestamp,,,,seconds since 1970-01-01,GS05MOAS,GL006,CTDGV
GS05MOAS-GL006-04-CTDGVM000,sci_m_present_secs_into_mission,sci_m_present_secs_into_mission,,,,s,GS05MOAS,GL006,CTDGV
GS05MOAS-GL006-04-CTDGVM000,sci_m_present_time,sci_m_present_time,,,,seconds since 1970-01-01,GS05MOAS,GL006,CTDGV
GS05MOAS-GL006-04-CTDGVM000,sci_water_cond,sci_water_cond,0,6,L1,S m-1,GS05MOAS,GL006,CTDGV
GS05MOAS-GL006-04-CTDGVM000,sci_water_pressure,sci_water_pressure,0,6000,L1,dbar,GS05MOAS,GL006,CTDGV
GS05MOAS-GL006-04-CTDGVM000,sci_water_temp,sci_water_temp,-2,40,L1,deg_C,GS05MOAS,GL006,CTDGV
GS05MOAS-GL006-04-CTDGVM000,sci_water_pracsal,sci_water_pracsal,0,42,L2,1,GS05MOAS,GL006,CTDGV
GS05MOAS-GL006-04-CTDGVM000,preferred_timestamp,preferred_timestamp,,,ENG,1,GS05MOAS,GL006,CTDGV
GS05MOAS-GL006-04-CTDGVM000,sci_seawater_density,sci_seawater_density,1000,1100,L2,kg m-3,GS05MOAS,GL006,CTDGV
GS05MOAS-GL006-04-CTDGVM000,time,time,,,ENG,seconds since 1900-01-01,GS05MOAS,GL006,CTDGV
GS05MOAS-GL006-04-CTDGVM000,ingestion_timestamp,ingestion_timestamp,,,ENG,seconds since 1900-01-01,GS05MOAS,GL006,CTDGV
GS05MOAS-PG001-01-CTDGVM000,driver_timestamp,driver_timestamp,,,ENG,seconds since 1900-01-01,GS05MOAS,PG001,CTDGV
GS05MOAS-PG001-01-CTDGVM000,internal_timestamp,internal_timestamp,,,ENG,seconds since 1900-01-01,GS05MOAS,PG001,CTDGV
GS05MOAS-PG001-01-CTDGVM000,m_present_secs_into_mission,m_present_secs_into_mission,,,ENG,s,GS05MOAS,PG001,CTDGV
GS05MOAS-PG001-01-CTDGVM000,m_present_time,m_present_time,,,AUX,seconds since 1970-01-01,GS05MOAS,PG001,CTDGV
GS05MOAS-PG001-01-CTDGVM000,sci_ctd41cp_timestamp,sci_ctd41cp_timestamp,,,,seconds since 1970-01-01,GS05MOAS,PG001,CTDGV
GS05MOAS-PG001-01-CTDGVM000,sci_m_present_secs_into_mission,sci_m_present_secs_into_mission,,,,s,GS05MOAS,PG001,CTDGV
GS05MOAS-PG001-01-CTDGVM000,sci_m_present_time,sci_m_present_time,,,,seconds since 1970-01-01,GS05MOAS,PG001,CTDGV
GS05MOAS-PG001-01-CTDGVM000,sci_water_cond,sci_water_cond,0,6,L1,S m-1,GS05MOAS,PG001,CTDGV
GS05MOAS-PG001-01-CTDGVM000,sci_water_pressure,sci_water_pressure,0,6000,L1,dbar,GS05MOAS,PG001,CTDGV
GS05MOAS-PG001-01-CTDGVM000,sci_water_temp,sci_water_temp,-2,40,L1,deg_C,GS05MOAS,PG001,CTDGV
GS05MOAS-PG001-01-CTDGVM000,sci_water_pracsal,sci_water_pracsal,0,42,L2,1,GS05MOAS,PG001,CTDGV
GS05MOAS-PG001-01-CTDGVM000,preferred_timestamp,preferred_timestamp,,,ENG,1,GS05MOAS,PG001,CTDGV
GS05MOAS-PG001-01-CTDGVM000,sci_seawater_density,sci_seawater_density,1000,1100,L2,kg m-3,GS05MOAS,PG001,CTDGV
GS05MOAS-PG001-01-CTDGVM000,time,time,,,ENG,seconds since 1900-01-01,GS05MOAS,PG001,CTDGV
GS05MOAS-PG001-01-CTDGVM000,ingestion_timestamp,ingestion_timestamp,,,ENG,seconds since 1900-01-01,GS05MOAS,PG001,CTDGV
GS05MOAS-PG001-02-DOSTAM000,driver_timestamp,driver_timestamp,,,ENG,seconds since 1900-01-01,GS05MOAS,PG001,DOSTA
GS05MOAS-PG001-02-DOSTAM000,internal_timestamp,internal_timestamp,,,ENG,seconds since 1900-01-01,GS05MOAS,PG001,DOSTA
GS05MOAS-PG001-02-DOSTAM000,m_present_secs_into_mission,m_present_secs_into_mission,,,ENG,s,GS05MOAS,PG001,DOSTA
GS05MOAS-PG001-02-DOSTAM000,m_present_time,m_present_time,,,AUX,seconds since 1970-01-01,GS05MOAS,PG001,DOSTA
GS05MOAS-PG001-02-DOSTAM000,sci_m_present_secs_into_mission,sci_m_present_secs_into_mission,,,,s,GS05MOAS,PG001,DOSTA
GS05MOAS-PG001-02-DOSTAM000,sci_m_present_time,sci_m_present_time,,,,seconds since 1970-01-01,GS05MOAS,PG001,DOSTA
GS05MOAS-PG001-02-DOSTAM000,sci_oxy4_c1amp,sci_oxy4_c1amp,,,,mV,GS05MOAS,PG001,DOSTA
GS05MOAS-PG001-02-DOSTAM000,sci_oxy4_c1rph,sci_oxy4_c1rph,,,,degrees,GS05MOAS,PG001,DOSTA
GS05MOAS-PG001-02-DOSTAM000,sci_oxy4_c2amp,sci_oxy4_c2amp,,,,mV,GS05MOAS,PG001,DOSTA
GS05MOAS-PG001-02-DOSTAM000,sci_oxy4_c2rph,sci_oxy4_c2rph,,,,degrees,GS05MOAS,PG001,DOSTA
GS05MOAS-PG001-02-DOSTAM000,sci_oxy4_calphase,sci_oxy4_calphase,,,L0,degrees,GS05MOAS,PG001,DOSTA
GS05MOAS-PG001-02-DOSTAM000,sci_oxy4_oxygen,sci_oxy4_oxygen,0,400,L1,umol L-1,GS05MOAS,PG001,DOSTA
GS05MOAS-PG001-02-DOSTAM000,sci_oxy4_rawtemp,sci_oxy4_rawtemp,,,,mV,GS05MOAS,PG001,DOSTA
GS05MOAS-PG001-02-DOSTAM000,sci_oxy4_saturation,sci_oxy4_saturation,,,,percent,GS05MOAS,PG001,DOSTA
GS05MOAS-PG001-02-DOSTAM000,sci_oxy4_tcphase,sci_oxy4_tcphase,,,,degrees,GS05MOAS,PG001,DOSTA
GS05MOAS-PG001-02-DOSTAM000,sci_oxy4_temp,sci_oxy4_temp,,,,deg_C,GS05MOAS,PG001,DOSTA
GS05MOAS-PG001-02-DOSTAM000,sci_oxy4_timestamp,sci_oxy4_timestamp,,,,1,GS05MOAS,PG001,DOSTA
GS05MOAS-PG001-02-DOSTAM000,sci_water_cond,sci_water_cond,0,6,L1,S m-1,GS05MOAS,PG001,DOSTA
GS05MOAS-PG001-02-DOSTAM000,sci_water_pressure,sci_water_pressure,0,6000,L1,dbar,GS05MOAS,PG001,DOSTA
GS05MOAS-PG001-02-DOSTAM000,sci_water_temp,sci_water_temp,-2,40,L1,deg_C,GS05MOAS,PG001,DOSTA
GS05MOAS-PG001-02-DOSTAM000,preferred_timestamp,preferred_timestamp,,,ENG,1,GS05MOAS,PG001,DOSTA
GS05MOAS-PG001-02-DOSTAM000,sci_abs_oxygen,sci_abs_oxygen,0,400,L2,umol kg-1,GS05MOAS,PG001,DOSTA
GS05MOAS-PG001-02-DOSTAM000,time,time,,,ENG,seconds since 1900-01-01,GS05MOAS,PG001,DOSTA
GS05MOAS-PG001-02-DOSTAM000,ingestion_timestamp,ingestion_timestamp,,,ENG,seconds since 1900-01-01,GS05MOAS,PG001,DOSTA
GS05MOAS-PG001-03-FLORTM000,driver_timestamp,driver_timestamp,,,ENG,seconds since 1900-01-01,GS05MOAS,PG001,FLORT
GS05MOAS-PG001-03-FLORTM000,internal_timestamp,internal_timestamp,,,ENG,seconds since 1900-01-01,GS05MOAS,PG001,FLORT
GS05MOAS-PG001-03-FLORTM000,m_present_secs_into_mission,m_present_secs_into_mission,,,ENG,s,GS05MOAS,PG001,FLORT
GS05MOAS-PG001-03-FLORTM000,m_present_time,m_present_time,,,AUX,seconds since 1970-01-01,GS05MOAS,PG001,FLORT
GS05MOAS-PG001-03-FLORTM000,sci_flbbcd_bb_ref,sci_flbbcd_bb_ref,,,,nm,GS05MOAS,PG001,FLORT
GS05MOAS-PG001-03-FLORTM000,sci_flbbcd_bb_sig,sci_flbbcd_bb_sig,,,,counts,GS05MOAS,PG001,FLORT
GS05MOAS-PG001-03-FLORTM000,sci_flbbcd_bb_units,sci_flbbcd_bb_units,,,L1,m-1 sr-1,GS05MOAS,PG001,FLORT
GS05MOAS-PG001-03-FLORTM000,sci_flbbcd_cdom_ref,sci_flbbcd_cdom_ref,,,,nm,GS05MOAS,PG001,FLORT
GS05MOAS-PG001-03-FLORTM000,sci_flbbcd_cdom_sig,sci_flbbcd_cdom_sig,,,,counts,GS05MOAS,PG001,FLORT
GS05MOAS-PG001-03-FLORTM000,sci_flbbcd_cdom_units,sci_flbbcd_cdom_units,0,375,L1,ppb,GS05MOAS,PG001,FLORT
GS05MOAS-PG001-03-FLORTM000,sci_flbbcd_chlor_ref,sci_flbbcd_chlor_ref,,,,nm,GS05MOAS,PG001,FLORT
GS05MOAS-PG001-03-FLORTM000,sci_flbbcd_chlor_sig,sci_flbbcd_chlor_sig,,,,counts,GS05MOAS,PG001,FLORT
GS05MOAS-PG001-03-FLORTM000,sci_flbbcd_chlor_units,sci_flbbcd_chlor_units,0,50,L1,ug L-1,GS05MOAS,PG001,FLORT
GS05MOAS-PG001-03-FLORTM000,sci_flbbcd_therm,sci_flbbcd_therm,,,ENG,1,GS05MOAS,PG001,FLORT
GS05MOAS-PG001-03-FLORTM000,sci_flbbcd_timestamp,sci_flbbcd_timestamp,,,ENG,seconds since 1970-01-01,GS05MOAS,PG001,FLORT
GS05MOAS-PG001-03-FLORTM000,sci_m_present_secs_into_mission,sci_m_present_secs_into_mission,,,,s,GS05MOAS,PG001,FLORT
GS05MOAS-PG001-03-FLORTM000,sci_m_present_time,sci_m_present_time,,,,seconds since 1970-01-01,GS05MOAS,PG001,FLORT
GS05MOAS-PG001-03-FLORTM000,preferred_timestamp,preferred_timestamp,,,ENG,1,GS05MOAS,PG001,FLORT
GS05MOAS-PG001-03-FLORTM000,flort_m_bback_total,flort_m_bback_total,0.0003,1,L2,m-1,GS05MOAS,PG001,FLORT
GS05MOAS-PG001-03-FLORTM000,flort_m_scat_seawater,flort_m_scat_seawater,,,AUX,m-1,GS05MOAS,PG001,FLORT
GS05MOAS-PG001-03-FLORTM000,time,time,,,ENG,seconds since 1900-01-01,GS05MOAS,PG001,FLORT
GS05MOAS-PG001-03-FLORTM000,ingestion_timestamp,ingestion_timestamp,,,ENG,seconds since 1900-01-01,GS05MOAS,PG001,FLORT
GS05MOAS-PG001-04-FLORTO000,driver_timestamp,driver_timestamp,,,ENG,seconds since 1900-01-01,GS05MOAS,PG001,FLORT
GS05MOAS-PG001-04-FLORTO000,internal_timestamp,internal_timestamp,,,ENG,seconds since 1900-01-01,GS05MOAS,PG001,FLORT
GS05MOAS-PG001-04-FLORTO000,m_present_secs_into_mission,m_present_secs_into_mission,,,ENG,s,GS05MOAS,PG001,FLORT
GS05MOAS-PG001-04-FLORTO000,m_present_time,m_present_time,,,AUX,seconds since 1970-01-01,GS05MOAS,PG001,FLORT
GS05MOAS-PG001-04-FLORTO000,sci_flbbcd_bb_ref,sci_flbbcd_bb_ref,,,,nm,GS05MOAS,PG001,FLORT
GS05MOAS-PG001-04-FLORTO000,sci_flbbcd_bb_sig,sci_flbbcd_bb_sig,,,,counts,GS05MOAS,PG001,FLORT
GS05MOAS-PG001-04-FLORTO000,sci_flbbcd_bb_units,sci_flbbcd_bb_units,,,L1,m-1 sr-1,GS05MOAS,PG001,FLORT
GS05MOAS-PG001-04-FLORTO000,sci_flbbcd_cdom_ref,sci_flbbcd_cdom_ref,,,,nm,GS05MOAS,PG001,FLORT
GS05MOAS-PG001-04-FLORTO000,sci_flbbcd_cdom_sig,sci_flbbcd_cdom_sig,,,,counts,GS05MOAS,PG001,FLORT
GS05MOAS-PG001-04-FLORTO000,sci_flbbcd_cdom_units,sci_flbbcd_cdom_units,0,375,L1,ppb,GS05MOAS,PG001,FLORT
GS05MOAS-PG001-04-FLORTO000,sci_flbbcd_chlor_ref,sci_flbbcd_chlor_ref,,,,nm,GS05MOAS,PG001,FLORT
GS05MOAS-PG001-04-FLORTO000,sci_flbbcd_chlor_sig,sci_flbbcd_chlor_sig,,,,counts,GS05MOAS,PG001,FLORT
GS05MOAS-PG001-04-FLORTO000,sci_flbbcd_chlor_units,sci_flbbcd_chlor_units,0,50,L1,ug L-1,GS05MOAS,PG001,FLORT
GS05MOAS-PG001-04-FLORTO000,sci_flbbcd_therm,sci_flbbcd_therm,,,ENG,1,GS05MOAS,PG001,FLORT
GS05MOAS-PG001-04-FLORTO000,sci_flbbcd_timestamp,sci_flbbcd_timestamp,,,ENG,seconds since 1970-01-01,GS05MOAS,PG001,FLORT
GS05MOAS-PG001-04-FLORTO000,sci_m_present_secs_into_mission,sci_m_present_secs_into_mission,,,,s,GS05MOAS,PG001,FLORT
GS05MOAS-PG001-04-FLORTO000,sci_m_present_time,sci_m_present_time,,,,seconds since 1970-01-01,GS05MOAS,PG001,FLORT
GS05MOAS-PG001-04-FLORTO000,preferred_timestamp,preferred_timestamp,,,ENG,1,GS05MOAS,PG001,FLORT
GS05MOAS-PG001-04-FLORTO000,flort_m_bback_total,flort_m_bback_total,0.0003,1,L2,m-1,GS05MOAS,PG001,FLORT
GS05MOAS-PG001-04-FLORTO000,flort_m_scat_seawater,flort_m_scat_seawater,,,AUX,m-1,GS05MOAS,PG001,FLORT
GS05MOAS-PG001-04-FLORTO000,time,time,,,ENG,seconds since 1900-01-01,GS05MOAS,PG001,FLORT
GS05MOAS-PG001-04-FLORTO000,ingestion_timestamp,ingestion_timestamp,,,ENG,seconds since 1900-01-01,GS05MOAS,PG001,FLORT
GS05MOAS-PG001-05-NUTNRM000,driver_timestamp,driver_timestamp,,,ENG,seconds since 1900-01-01,GS05MOAS,PG001,NUTNR
GS05MOAS-PG001-05-NUTNRM000,internal_timestamp,internal_timestamp,,,ENG,seconds since 1900-01-01,GS05MOAS,PG001,NUTNR
GS05MOAS-PG001-05-NUTNRM000,m_present_secs_into_mission,m_present_secs_into_mission,,,ENG,s,GS05MOAS,PG001,NUTNR
GS05MOAS-PG001-05-NUTNRM000,m_present_time,m_present_time,,,AUX,seconds since 1970-01-01,GS05MOAS,PG001,NUTNR
GS05MOAS-PG001-05-NUTNRM000,sci_m_present_secs_into_mission,sci_m_present_secs_into_mission,,,,s,GS05MOAS,PG001,NUTNR
GS05MOAS-PG001-05-NUTNRM000,sci_m_present_time,sci_m_present_time,,,,seconds since 1970-01-01,GS05MOAS,PG001,NUTNR
GS05MOAS-PG001-05-NUTNRM000,preferred_timestamp,preferred_timestamp,,,ENG,1,GS05MOAS,PG001,NUTNR
GS05MOAS-PG001-05-NUTNRM000,nutnr_nitrogen_in_nitrate,nutnr_nitrogen_in_nitrate,,,,mg/L,GS05MOAS,PG001,NUTNR
GS05MOAS-PG001-05-NUTNRM000,nutnr_absorbance_at_254_nm,nutnr_absorbance_at_254_nm,,,,1,GS05MOAS,PG001,NUTNR
GS05MOAS-PG001-05-NUTNRM000,nutnr_absorbance_at_350_nm,nutnr_absorbance_at_350_nm,,,,1,GS05MOAS,PG001,NUTNR
GS05MOAS-PG001-05-NUTNRM000,nutnr_bromide_trace,nutnr_bromide_trace,,,,mg/L,GS05MOAS,PG001,NUTNR
GS05MOAS-PG001-05-NUTNRM000,nutnr_spectrum_average,nutnr_spectrum_average,,,,1,GS05MOAS,PG001,NUTNR
GS05MOAS-PG001-05-NUTNRM000,nutnr_dark_value_used_for_fit,nutnr_dark_value_used_for_fit,,,AUX,1,GS05MOAS,PG001,NUTNR
GS05MOAS-PG001-05-NUTNRM000,nutnr_integration_time_factor,nutnr_integration_time_factor,,,,1,GS05MOAS,PG001,NUTNR
GS05MOAS-PG001-05-NUTNRM000,nutnr_fit_rmse,nutnr_fit_rmse,,,AUX,1,GS05MOAS,PG001,NUTNR
GS05MOAS-PG001-05-NUTNRM000,year,year,,,,year,GS05MOAS,PG001,NUTNR
GS05MOAS-PG001-05-NUTNRM000,day_of_year,day_of_year,,,,1,GS05MOAS,PG001,NUTNR
GS05MOAS-PG001-05-NUTNRM000,ctd_time_uint32,ctd_time_uint32,,,,seconds since 1970-01-01,GS05MOAS,PG001,NUTNR
GS05MOAS-PG001-05-NUTNRM000,ctd_psu,ctd_psu,,,AUX,(unitless),GS05MOAS,PG001,NUTNR
GS05MOAS-PG001-05-NUTNRM000,ctd_temp,ctd_temp,,,AUX,deg_C,GS05MOAS,PG001,NUTNR
GS05MOAS-PG001-05-NUTNRM000,ctd_dbar,ctd_dbar,,,AUX,dbar,GS05MOAS,PG001,NUTNR
GS05MOAS-PG001-05-NUTNRM000,frame_type,frame_type,,,,1,GS05MOAS,PG001,NUTNR
GS05MOAS-PG001-05-NUTNRM000,serial_number,serial_number,,,ENG,1,GS05MOAS,PG001,NUTNR
GS05MOAS-PG001-05-NUTNRM000,time_of_sample,time_of_sample,,,AUX,h,GS05MOAS,PG001,NUTNR
GS05MOAS-PG001-05-NUTNRM000,nitrate_concentration,nitrate_concentration,0,40,L1,umol L-1,GS05MOAS,PG001,NUTNR
GS05MOAS-PG001-05-NUTNRM000,temp_spectrometer,temp_spectrometer,,,AUX,deg_C,GS05MOAS,PG001,NUTNR
GS05MOAS-PG001-05-NUTNRM000,temp_lamp,temp_lamp,,,AUX,deg_C,GS05MOAS,PG001,NUTNR
GS05MOAS-PG001-05-NUTNRM000,humidity,humidity,,,AUX,%,GS05MOAS,PG001,NUTNR
GS05MOAS-PG001-05-NUTNRM000,spectral_channels,spectral_channels,,,L0,counts,GS05MOAS,PG001,NUTNR
GS05MOAS-PG001-05-NUTNRM000,sci_suna_timestamp,sci_suna_timestamp,,,,seconds since 1970-01-01,GS05MOAS,PG001,NUTNR
GS05MOAS-PG001-05-NUTNRM000,sci_suna_record_offset,sci_suna_record_offset,,,,B,GS05MOAS,PG001,NUTNR
GS05MOAS-PG001-05-NUTNRM000,sci_suna_nitrate_um,sci_suna_nitrate_um,0,40,L1,umol L-1,GS05MOAS,PG001,NUTNR
GS05MOAS-PG001-05-NUTNRM000,sci_suna_nitrate_mg,sci_suna_nitrate_mg,,,L1,mg L-1,GS05MOAS,PG001,NUTNR
GS05MOAS-PG001-05-NUTNRM000,nutnr_m_temp_sal_corrected_nitrate,nutnr_m_temp_sal_corrected_nitrate,0,40,L2,umol L-1,GS05MOAS,PG001,NUTNR
GS05MOAS-PG001-05-NUTNRM000,dark_frame_spectral_channels,dark_frame_spectral_channels,,,AUX,counts,GS05MOAS,PG001,NUTNR
GS05MOAS-PG001-05-NUTNRM000,time,time,,,ENG,seconds since 1900-01-01,GS05MOAS,PG001,NUTNR
GS05MOAS-PG001-05-NUTNRM000,ingestion_timestamp,ingestion_timestamp,,,ENG,seconds since 1900-01-01,GS05MOAS,PG001,NUTNR
GS05MOAS-PG001-06-PARADM000,driver_timestamp,driver_timestamp,,,ENG,seconds since 1900-01-01,GS05MOAS,PG001,PARAD
GS05MOAS-PG001-06-PARADM000,internal_timestamp,internal_timestamp,,,ENG,seconds since 1900-01-01,GS05MOAS,PG001,PARAD
GS05MOAS-PG001-06-PARADM000,m_present_secs_into_mission,m_present_secs_into_mission,,,ENG,s,GS05MOAS,PG001,PARAD
GS05MOAS-PG001-06-PARADM000,m_present_time,m_present_time,,,AUX,seconds since 1970-01-01,GS05MOAS,PG001,PARAD
GS05MOAS-PG001-06-PARADM000,sci_bsipar_par,sci_bsipar_par,0,2500,L1,umol photons m-2 s-1,GS05MOAS,PG001,PARAD
GS05MOAS-PG001-06-PARADM000,sci_bsipar_sensor_volts,sci_bsipar_sensor_volts,,,L0,V,GS05MOAS,PG001,PARAD
GS05MOAS-PG001-06-PARADM000,sci_bsipar_supply_volts,sci_bsipar_supply_volts,,,,V,GS05MOAS,PG001,PARAD
GS05MOAS-PG001-06-PARADM000,sci_bsipar_temp,sci_bsipar_temp,,,,deg_C,GS05MOAS,PG001,PARAD
GS05MOAS-PG001-06-PARADM000,sci_m_present_secs_into_mission,sci_m_present_secs_into_mission,,,,s,GS05MOAS,PG001,PARAD
GS05MOAS-PG001-06-PARADM000,sci_m_present_time,sci_m_present_time,,,,seconds since 1970-01-01,GS05MOAS,PG001,PARAD
GS05MOAS-PG001-06-PARADM000,preferred_timestamp,preferred_timestamp,,,ENG,1,GS05MOAS,PG001,PARAD
GS05MOAS-PG001-06-PARADM000,time,time,,,ENG,seconds since 1900-01-01,GS05MOAS,PG001,PARAD
GS05MOAS-PG001-06-PARADM000,ingestion_timestamp,ingestion_timestamp,,,ENG,seconds since 1900-01-01,GS05MOAS,PG001,PARAD
GS05MOAS-PG002-01-CTDGVM000,driver_timestamp,driver_timestamp,,,ENG,seconds since 1900-01-01,GS05MOAS,PG002,CTDGV
GS05MOAS-PG002-01-CTDGVM000,internal_timestamp,internal_timestamp,,,ENG,seconds since 1900-01-01,GS05MOAS,PG002,CTDGV
GS05MOAS-PG002-01-CTDGVM000,m_present_secs_into_mission,m_present_secs_into_mission,,,ENG,s,GS05MOAS,PG002,CTDGV
GS05MOAS-PG002-01-CTDGVM000,m_present_time,m_present_time,,,AUX,seconds since 1970-01-01,GS05MOAS,PG002,CTDGV
GS05MOAS-PG002-01-CTDGVM000,sci_ctd41cp_timestamp,sci_ctd41cp_timestamp,,,,seconds since 1970-01-01,GS05MOAS,PG002,CTDGV
GS05MOAS-PG002-01-CTDGVM000,sci_m_present_secs_into_mission,sci_m_present_secs_into_mission,,,,s,GS05MOAS,PG002,CTDGV
GS05MOAS-PG002-01-CTDGVM000,sci_m_present_time,sci_m_present_time,,,,seconds since 1970-01-01,GS05MOAS,PG002,CTDGV
GS05MOAS-PG002-01-CTDGVM000,sci_water_cond,sci_water_cond,0,6,L1,S m-1,GS05MOAS,PG002,CTDGV
GS05MOAS-PG002-01-CTDGVM000,sci_water_pressure,sci_water_pressure,0,6000,L1,dbar,GS05MOAS,PG002,CTDGV
GS05MOAS-PG002-01-CTDGVM000,sci_water_temp,sci_water_temp,-2,40,L1,deg_C,GS05MOAS,PG002,CTDGV
GS05MOAS-PG002-01-CTDGVM000,sci_water_pracsal,sci_water_pracsal,0,42,L2,1,GS05MOAS,PG002,CTDGV
GS05MOAS-PG002-01-CTDGVM000,preferred_timestamp,preferred_timestamp,,,ENG,1,GS05MOAS,PG002,CTDGV
GS05MOAS-PG002-01-CTDGVM000,sci_seawater_density,sci_seawater_density,1000,1100,L2,kg m-3,GS05MOAS,PG002,CTDGV
GS05MOAS-PG002-01-CTDGVM000,time,time,,,ENG,seconds since 1900-01-01,GS05MOAS,PG002,CTDGV
GS05MOAS-PG002-01-CTDGVM000,ingestion_timestamp,ingestion_timestamp,,,ENG,seconds since 1900-01-01,GS05MOAS,PG002,CTDGV
GS05MOAS-PG002-02-DOSTAM000,driver_timestamp,driver_timestamp,,,ENG,seconds since 1900-01-01,GS05MOAS,PG002,DOSTA
GS05MOAS-PG002-02-DOSTAM000,internal_timestamp,internal_timestamp,,,ENG,seconds since 1900-01-01,GS05MOAS,PG002,DOSTA
GS05MOAS-PG002-02-DOSTAM000,m_present_secs_into_mission,m_present_secs_into_mission,,,ENG,s,GS05MOAS,PG002,DOSTA
GS05MOAS-PG002-02-DOSTAM000,m_present_time,m_present_time,,,AUX,seconds since 1970-01-01,GS05MOAS,PG002,DOSTA
GS05MOAS-PG002-02-DOSTAM000,sci_m_present_secs_into_mission,sci_m_present_secs_into_mission,,,,s,GS05MOAS,PG002,DOSTA
GS05MOAS-PG002-02-DOSTAM000,sci_m_present_time,sci_m_present_time,,,,seconds since 1970-01-01,GS05MOAS,PG002,DOSTA
GS05MOAS-PG002-02-DOSTAM000,sci_oxy4_c1amp,sci_oxy4_c1amp,,,,mV,GS05MOAS,PG002,DOSTA
GS05MOAS-PG002-02-DOSTAM000,sci_oxy4_c1rph,sci_oxy4_c1rph,,,,degrees,GS05MOAS,PG002,DOSTA
GS05MOAS-PG002-02-DOSTAM000,sci_oxy4_c2amp,sci_oxy4_c2amp,,,,mV,GS05MOAS,PG002,DOSTA
GS05MOAS-PG002-02-DOSTAM000,sci_oxy4_c2rph,sci_oxy4_c2rph,,,,degrees,GS05MOAS,PG002,DOSTA
GS05MOAS-PG002-02-DOSTAM000,sci_oxy4_calphase,sci_oxy4_calphase,,,L0,degrees,GS05MOAS,PG002,DOSTA
GS05MOAS-PG002-02-DOSTAM000,sci_oxy4_oxygen,sci_oxy4_oxygen,0,400,L1,umol L-1,GS05MOAS,PG002,DOSTA
GS05MOAS-PG002-02-DOSTAM000,sci_oxy4_rawtemp,sci_oxy4_rawtemp,,,,mV,GS05MOAS,PG002,DOSTA
GS05MOAS-PG002-02-DOSTAM000,sci_oxy4_saturation,sci_oxy4_saturation,,,,percent,GS05MOAS,PG002,DOSTA
GS05MOAS-PG002-02-DOSTAM000,sci_oxy4_tcphase,sci_oxy4_tcphase,,,,degrees,GS05MOAS,PG002,DOSTA
GS05MOAS-PG002-02-DOSTAM000,sci_oxy4_temp,sci_oxy4_temp,,,,deg_C,GS05MOAS,PG002,DOSTA
GS05MOAS-PG002-02-DOSTAM000,sci_oxy4_timestamp,sci_oxy4_timestamp,,,,1,GS05MOAS,PG002,DOSTA
GS05MOAS-PG002-02-DOSTAM000,sci_water_cond,sci_water_cond,0,6,L1,S m-1,GS05MOAS,PG002,DOSTA
GS05MOAS-PG002-02-DOSTAM000,sci_water_pressure,sci_water_pressure,0,6000,L1,dbar,GS05MOAS,PG002,DOSTA
GS05MOAS-PG002-02-DOSTAM000,sci_water_temp,sci_water_temp,-2,40,L1,deg_C,GS05MOAS,PG002,DOSTA
GS05MOAS-PG002-02-DOSTAM000,preferred_timestamp,preferred_timestamp,,,ENG,1,GS05MOAS,PG002,DOSTA
GS05MOAS-PG002-02-DOSTAM000,sci_abs_oxygen,sci_abs_oxygen,0,400,L2,umol kg-1,GS05MOAS,PG002,DOSTA
GS05MOAS-PG002-02-DOSTAM000,time,time,,,ENG,seconds since 1900-01-01,GS05MOAS,PG002,DOSTA
GS05MOAS-PG002-02-DOSTAM000,ingestion_timestamp,ingestion_timestamp,,,ENG,seconds since 1900-01-01,GS05MOAS,PG002,DOSTA
GS05MOAS-PG002-03-FLORTM000,driver_timestamp,driver_timestamp,,,ENG,seconds since 1900-01-01,GS05MOAS,PG002,FLORT
GS05MOAS-PG002-03-FLORTM000,internal_timestamp,internal_timestamp,,,ENG,seconds since 1900-01-01,GS05MOAS,PG002,FLORT
GS05MOAS-PG002-03-FLORTM000,m_present_secs_into_mission,m_present_secs_into_mission,,,ENG,s,GS05MOAS,PG002,FLORT
GS05MOAS-PG002-03-FLORTM000,m_present_time,m_present_time,,,AUX,seconds since 1970-01-01,GS05MOAS,PG002,FLORT
GS05MOAS-PG002-03-FLORTM000,sci_flbbcd_bb_ref,sci_flbbcd_bb_ref,,,,nm,GS05MOAS,PG002,FLORT
GS05MOAS-PG002-03-FLORTM000,sci_flbbcd_bb_sig,sci_flbbcd_bb_sig,,,,counts,GS05MOAS,PG002,FLORT
GS05MOAS-PG002-03-FLORTM000,sci_flbbcd_bb_units,sci_flbbcd_bb_units,,,L1,m-1 sr-1,GS05MOAS,PG002,FLORT
GS05MOAS-PG002-03-FLORTM000,sci_flbbcd_cdom_ref,sci_flbbcd_cdom_ref,,,,nm,GS05MOAS,PG002,FLORT
GS05MOAS-PG002-03-FLORTM000,sci_flbbcd_cdom_sig,sci_flbbcd_cdom_sig,,,,counts,GS05MOAS,PG002,FLORT
GS05MOAS-PG002-03-FLORTM000,sci_flbbcd_cdom_units,sci_flbbcd_cdom_units,0,375,L1,ppb,GS05MOAS,PG002,FLORT
GS05MOAS-PG002-03-FLORTM000,sci_flbbcd_chlor_ref,sci_flbbcd_chlor_ref,,,,nm,GS05MOAS,PG002,FLORT
GS05MOAS-PG002-03-FLORTM000,sci_flbbcd_chlor_sig,sci_flbbcd_chlor_sig,,,,counts,GS05MOAS,PG002,FLORT
GS05MOAS-PG002-03-FLORTM000,sci_flbbcd_chlor_units,sci_flbbcd_chlor_units,0,50,L1,ug L-1,GS05MOAS,PG002,FLORT
GS05MOAS-PG002-03-FLORTM000,sci_flbbcd_therm,sci_flbbcd_therm,,,ENG,1,GS05MOAS,PG002,FLORT
GS05MOAS-PG002-03-FLORTM000,sci_flbbcd_timestamp,sci_flbbcd_timestamp,,,ENG,seconds since 1970-01-01,GS05MOAS,PG002,FLORT
GS05MOAS-PG002-03-FLORTM000,sci_m_present_secs_into_mission,sci_m_present_secs_into_mission,,,,s,GS05MOAS,PG002,FLORT
GS05MOAS-PG002-03-FLORTM000,sci_m_present_time,sci_m_present_time,,,,seconds since 1970-01-01,GS05MOAS,PG002,FLORT
GS05MOAS-PG002-03-FLORTM000,preferred_timestamp,preferred_timestamp,,,ENG,1,GS05MOAS,PG002,FLORT
GS05MOAS-PG002-03-FLORTM000,flort_m_bback_total,flort_m_bback_total,0.0003,1,L2,m-1,GS05MOAS,PG002,FLORT
GS05MOAS-PG002-03-FLORTM000,flort_m_scat_seawater,flort_m_scat_seawater,,,AUX,m-1,GS05MOAS,PG002,FLORT
GS05MOAS-PG002-03-FLORTM000,time,time,,,ENG,seconds since 1900-01-01,GS05MOAS,PG002,FLORT
GS05MOAS-PG002-03-FLORTM000,ingestion_timestamp,ingestion_timestamp,,,ENG,seconds since 1900-01-01,GS05MOAS,PG002,FLORT
GS05MOAS-PG002-04-FLORTO000,driver_timestamp,driver_timestamp,,,ENG,seconds since 1900-01-01,GS05MOAS,PG002,FLORT
GS05MOAS-PG002-04-FLORTO000,internal_timestamp,internal_timestamp,,,ENG,seconds since 1900-01-01,GS05MOAS,PG002,FLORT
GS05MOAS-PG002-04-FLORTO000,m_present_secs_into_mission,m_present_secs_into_mission,,,ENG,s,GS05MOAS,PG002,FLORT
GS05MOAS-PG002-04-FLORTO000,m_present_time,m_present_time,,,AUX,seconds since 1970-01-01,GS05MOAS,PG002,FLORT
GS05MOAS-PG002-04-FLORTO000,sci_flbbcd_bb_ref,sci_flbbcd_bb_ref,,,,nm,GS05MOAS,PG002,FLORT
GS05MOAS-PG002-04-FLORTO000,sci_flbbcd_bb_sig,sci_flbbcd_bb_sig,,,,counts,GS05MOAS,PG002,FLORT
GS05MOAS-PG002-04-FLORTO000,sci_flbbcd_bb_units,sci_flbbcd_bb_units,,,L1,m-1 sr-1,GS05MOAS,PG002,FLORT
GS05MOAS-PG002-04-FLORTO000,sci_flbbcd_cdom_ref,sci_flbbcd_cdom_ref,,,,nm,GS05MOAS,PG002,FLORT
GS05MOAS-PG002-04-FLORTO000,sci_flbbcd_cdom_sig,sci_flbbcd_cdom_sig,,,,counts,GS05MOAS,PG002,FLORT
GS05MOAS-PG002-04-FLORTO000,sci_flbbcd_cdom_units,sci_flbbcd_cdom_units,0,375,L1,ppb,GS05MOAS,PG002,FLORT
GS05MOAS-PG002-04-FLORTO000,sci_flbbcd_chlor_ref,sci_flbbcd_chlor_ref,,,,nm,GS05MOAS,PG002,FLORT
GS05MOAS-PG002-04-FLORTO000,sci_flbbcd_chlor_sig,sci_flbbcd_chlor_sig,,,,counts,GS05MOAS,PG002,FLORT
GS05MOAS-PG002-04-FLORTO000,sci_flbbcd_chlor_units,sci_flbbcd_chlor_units,0,50,L1,ug L-1,GS05MOAS,PG002,FLORT
GS05MOAS-PG002-04-FLORTO000,sci_flbbcd_therm,sci_flbbcd_therm,,,ENG,1,GS05MOAS,PG002,FLORT
GS05MOAS-PG002-04-FLORTO000,sci_flbbcd_timestamp,sci_flbbcd_timestamp,,,ENG,seconds since 1970-01-01,GS05MOAS,PG002,FLORT
GS05MOAS-PG002-04-FLORTO000,sci_m_present_secs_into_mission,sci_m_present_secs_into_mission,,,,s,GS05MOAS,PG002,FLORT
GS05MOAS-PG002-04-FLORTO000,sci_m_present_time,sci_m_present_time,,,,seconds since 1970-01-01,GS05MOAS,PG002,FLORT
GS05MOAS-PG002-04-FLORTO000,preferred_timestamp,preferred_timestamp,,,ENG,1,GS05MOAS,PG002,FLORT
GS05MOAS-PG002-04-FLORTO000,flort_m_bback_total,flort_m_bback_total,0.0003,1,L2,m-1,GS05MOAS,PG002,FLORT
GS05MOAS-PG002-04-FLORTO000,flort_m_scat_seawater,flort_m_scat_seawater,,,AUX,m-1,GS05MOAS,PG002,FLORT
GS05MOAS-PG002-04-FLORTO000,time,time,,,ENG,seconds since 1900-01-01,GS05MOAS,PG002,FLORT
GS05MOAS-PG002-04-FLORTO000,ingestion_timestamp,ingestion_timestamp,,,ENG,seconds since 1900-01-01,GS05MOAS,PG002,FLORT
GS05MOAS-PG002-05-NUTNRM000,driver_timestamp,driver_timestamp,,,ENG,seconds since 1900-01-01,GS05MOAS,PG002,NUTNR
GS05MOAS-PG002-05-NUTNRM000,internal_timestamp,internal_timestamp,,,ENG,seconds since 1900-01-01,GS05MOAS,PG002,NUTNR
GS05MOAS-PG002-05-NUTNRM000,m_present_secs_into_mission,m_present_secs_into_mission,,,ENG,s,GS05MOAS,PG002,NUTNR
GS05MOAS-PG002-05-NUTNRM000,m_present_time,m_present_time,,,AUX,seconds since 1970-01-01,GS05MOAS,PG002,NUTNR
GS05MOAS-PG002-05-NUTNRM000,sci_m_present_secs_into_mission,sci_m_present_secs_into_mission,,,,s,GS05MOAS,PG002,NUTNR
GS05MOAS-PG002-05-NUTNRM000,sci_m_present_time,sci_m_present_time,,,,seconds since 1970-01-01,GS05MOAS,PG002,NUTNR
GS05MOAS-PG002-05-NUTNRM000,preferred_timestamp,preferred_timestamp,,,ENG,1,GS05MOAS,PG002,NUTNR
GS05MOAS-PG002-05-NUTNRM000,nutnr_nitrogen_in_nitrate,nutnr_nitrogen_in_nitrate,,,,mg/L,GS05MOAS,PG002,NUTNR
GS05MOAS-PG002-05-NUTNRM000,nutnr_absorbance_at_254_nm,nutnr_absorbance_at_254_nm,,,,1,GS05MOAS,PG002,NUTNR
GS05MOAS-PG002-05-NUTNRM000,nutnr_absorbance_at_350_nm,nutnr_absorbance_at_350_nm,,,,1,GS05MOAS,PG002,NUTNR
GS05MOAS-PG002-05-NUTNRM000,nutnr_bromide_trace,nutnr_bromide_trace,,,,mg/L,GS05MOAS,PG002,NUTNR
GS05MOAS-PG002-05-NUTNRM000,nutnr_spectrum_average,nutnr_spectrum_average,,,,1,GS05MOAS,PG002,NUTNR
GS05MOAS-PG002-05-NUTNRM000,nutnr_dark_value_used_for_fit,nutnr_dark_value_used_for_fit,,,AUX,1,GS05MOAS,PG002,NUTNR
GS05MOAS-PG002-05-NUTNRM000,nutnr_integration_time_factor,nutnr_integration_time_factor,,,,1,GS05MOAS,PG002,NUTNR
GS05MOAS-PG002-05-NUTNRM000,nutnr_fit_rmse,nutnr_fit_rmse,,,AUX,1,GS05MOAS,PG002,NUTNR
GS05MOAS-PG002-05-NUTNRM000,year,year,,,,year,GS05MOAS,PG002,NUTNR
GS05MOAS-PG002-05-NUTNRM000,day_of_year,day_of_year,,,,1,GS05MOAS,PG002,NUTNR
GS05MOAS-PG002-05-NUTNRM000,ctd_time_uint32,ctd_time_uint32,,,,seconds since 1970-01-01,GS05MOAS,PG002,NUTNR
GS05MOAS-PG002-05-NUTNRM000,ctd_psu,ctd_psu,,,AUX,(unitless),GS05MOAS,PG002,NUTNR
GS05MOAS-PG002-05-NUTNRM000,ctd_temp,ctd_temp,,,AUX,deg_C,GS05MOAS,PG002,NUTNR
GS05MOAS-PG002-05-NUTNRM000,ctd_dbar,ctd_dbar,,,AUX,dbar,GS05MOAS,PG002,NUTNR
GS05MOAS-PG002-05-NUTNRM000,frame_type,frame_type,,,,1,GS05MOAS,PG002,NUTNR
GS05MOAS-PG002-05-NUTNRM000,serial_number,serial_number,,,ENG,1,GS05MOAS,PG002,NUTNR
GS05MOAS-PG002-05-NUTNRM000,time_of_sample,time_of_sample,,,AUX,h,GS05MOAS,PG002,NUTNR
GS05MOAS-PG002-05-NUTNRM000,nitrate_concentration,nitrate_concentration,0,40,L1,umol L-1,GS05MOAS,PG002,NUTNR
GS05MOAS-PG002-05-NUTNRM000,temp_spectrometer,temp_spectrometer,,,AUX,deg_C,GS05MOAS,PG002,NUTNR
GS05MOAS-PG002-05-NUTNRM000,temp_lamp,temp_lamp,,,AUX,deg_C,GS05MOAS,PG002,NUTNR
GS05MOAS-PG002-05-NUTNRM000,humidity,humidity,,,AUX,%,GS05MOAS,PG002,NUTNR
GS05MOAS-PG002-05-NUTNRM000,spectral_channels,spectral_channels,,,L0,counts,GS05MOAS,PG002,NUTNR
GS05MOAS-PG002-05-NUTNRM000,sci_suna_timestamp,sci_suna_timestamp,,,,seconds since 1970-01-01,GS05MOAS,PG002,NUTNR
GS05MOAS-PG002-05-NUTNRM000,sci_suna_record_offset,sci_suna_record_offset,,,,B,GS05MOAS,PG002,NUTNR
GS05MOAS-PG002-05-NUTNRM000,sci_suna_nitrate_um,sci_suna_nitrate_um,0,40,L1,umol L-1,GS05MOAS,PG002,NUTNR
GS05MOAS-PG002-05-NUTNRM000,sci_suna_nitrate_mg,sci_suna_nitrate_mg,,,L1,mg L-1,GS05MOAS,PG002,NUTNR
GS05MOAS-PG002-05-NUTNRM000,nutnr_m_temp_sal_corrected_nitrate,nutnr_m_temp_sal_corrected_nitrate,0,40,L2,umol L-1,GS05MOAS,PG002,NUTNR
GS05MOAS-PG002-05-NUTNRM000,dark_frame_spectral_channels,dark_frame_spectral_channels,,,AUX,counts,GS05MOAS,PG002,NUTNR
GS05MOAS-PG002-05-NUTNRM000,time,time,,,ENG,seconds since 1900-01-01,GS05MOAS,PG002,NUTNR
GS05MOAS-PG002-05-NUTNRM000,ingestion_timestamp,ingestion_timestamp,,,ENG,seconds since 1900-01-01,GS05MOAS,PG002,NUTNR
GS05MOAS-PG002-06-PARADM000,driver_timestamp,driver_timestamp,,,ENG,seconds since 1900-01-01,GS05MOAS,PG002,PARAD
GS05MOAS-PG002-06-PARADM000,internal_timestamp,internal_timestamp,,,ENG,seconds since 1900-01-01,GS05MOAS,PG002,PARAD
GS05MOAS-PG002-06-PARADM000,m_present_secs_into_mission,m_present_secs_into_mission,,,ENG,s,GS05MOAS,PG002,PARAD
GS05MOAS-PG002-06-PARADM000,m_present_time,m_present_time,,,AUX,seconds since 1970-01-01,GS05MOAS,PG002,PARAD
GS05MOAS-PG002-06-PARADM000,sci_bsipar_par,sci_bsipar_par,0,2500,L1,umol photons m-2 s-1,GS05MOAS,PG002,PARAD
GS05MOAS-PG002-06-PARADM000,sci_bsipar_sensor_volts,sci_bsipar_sensor_volts,,,L0,V,GS05MOAS,PG002,PARAD
GS05MOAS-PG002-06-PARADM000,sci_bsipar_supply_volts,sci_bsipar_supply_volts,,,,V,GS05MOAS,PG002,PARAD
GS05MOAS-PG002-06-PARADM000,sci_bsipar_temp,sci_bsipar_temp,,,,deg_C,GS05MOAS,PG002,PARAD
GS05MOAS-PG002-06-PARADM000,sci_m_present_secs_into_mission,sci_m_present_secs_into_mission,,,,s,GS05MOAS,PG002,PARAD
GS05MOAS-PG002-06-PARADM000,sci_m_present_time,sci_m_present_time,,,,seconds since 1970-01-01,GS05MOAS,PG002,PARAD
GS05MOAS-PG002-06-PARADM000,preferred_timestamp,preferred_timestamp,,,ENG,1,GS05MOAS,PG002,PARAD
GS05MOAS-PG002-06-PARADM000,time,time,,,ENG,seconds since 1900-01-01,GS05MOAS,PG002,PARAD
GS05MOAS-PG002-06-PARADM000,ingestion_timestamp,ingestion_timestamp,,,ENG,seconds since 1900-01-01,GS05MOAS,PG002,PARAD
RS01SBPD-DP01A-01-CTDPFL104,driver_timestamp,driver_timestamp,,,ENG,seconds since 1900-01-01,RS01SBPD,DP01A,CTDPF
RS01SBPD-DP01A-01-CTDPFL104,internal_timestamp,internal_timestamp,,,ENG,seconds since 1900-01-01,RS01SBPD,DP01A,CTDPF
RS01SBPD-DP01A-01-CTDPFL104,preferred_timestamp,preferred_timestamp,,,ENG,1,RS01SBPD,DP01A,CTDPF
RS01SBPD-DP01A-01-CTDPFL104,pressure,pressure,0,6000,L1,dbar,RS01SBPD,DP01A,CTDPF
RS01SBPD-DP01A-01-CTDPFL104,raw_time_seconds,raw_time_seconds,,,ENG,seconds since 1970-01-01,RS01SBPD,DP01A,CTDPF
RS01SBPD-DP01A-01-CTDPFL104,raw_time_microseconds,raw_time_microseconds,,,ENG,us,RS01SBPD,DP01A,CTDPF
RS01SBPD-DP01A-01-CTDPFL104,conductivity_millisiemens,conductivity_millisiemens,,,ENG,mS cm-1,RS01SBPD,DP01A,CTDPF
RS01SBPD-DP01A-01-CTDPFL104,dpc_ctd_seawater_conductivity,dpc_ctd_seawater_conductivity,0,6,L1,S m-1,RS01SBPD,DP01A,CTDPF
RS01SBPD-DP01A-01-CTDPFL104,dpc_ctd_water_pracsal,dpc_ctd_water_pracsal,0,42,L2,1,RS01SBPD,DP01A,CTDPF
RS01SBPD-DP01A-01-CTDPFL104,dpc_ctd_seawater_density,dpc_ctd_seawater_density,1000,1100,L2,kg m-3,RS01SBPD,DP01A,CTDPF
RS01SBPD-DP01A-01-CTDPFL104,temp,temp,-2,40,L1,deg_C,RS01SBPD,DP01A,CTDPF
RS01SBPD-DP01A-02-VEL3DA103,driver_timestamp,driver_timestamp,,,ENG,seconds since 1900-01-01,RS01SBPD,DP01A,VEL3D
RS01SBPD-DP01A-02-VEL3DA103,internal_timestamp,internal_timestamp,,,ENG,seconds since 1900-01-01,RS01SBPD,DP01A,VEL3D
RS01SBPD-DP01A-02-VEL3DA103,preferred_timestamp,preferred_timestamp,,,ENG,1,RS01SBPD,DP01A,VEL3D
RS01SBPD-DP01A-02-VEL3DA103,raw_time_seconds,raw_time_seconds,,,ENG,seconds since 1970-01-01,RS01SBPD,DP01A,VEL3D
RS01SBPD-DP01A-02-VEL3DA103,raw_time_microseconds,raw_time_microseconds,,,ENG,us,RS01SBPD,DP01A,VEL3D
RS01SBPD-DP01A-02-VEL3DA103,vel3d_a_va,vel3d_a_va,,,ENG,cm s-1,RS01SBPD,DP01A,VEL3D
RS01SBPD-DP01A-02-VEL3DA103,vel3d_a_vb,vel3d_a_vb,,,ENG,cm s-1,RS01SBPD,DP01A,VEL3D
RS01SBPD-DP01A-02-VEL3DA103,vel3d_a_vc,vel3d_a_vc,,,ENG,cm s-1,RS01SBPD,DP01A,VEL3D
RS01SBPD-DP01A-02-VEL3DA103,vel3d_a_vd,vel3d_a_vd,,,ENG,cm s-1,RS01SBPD,DP01A,VEL3D
RS01SBPD-DP01A-02-VEL3DA103,vel3d_a_hx,vel3d_a_hx,,,ENG,1,RS01SBPD,DP01A,VEL3D
RS01SBPD-DP01A-02-VEL3DA103,vel3d_a_hy,vel3d_a_hy,,,ENG,1,RS01SBPD,DP01A,VEL3D
RS01SBPD-DP01A-02-VEL3DA103,vel3d_a_hz,vel3d_a_hz,,,ENG,1,RS01SBPD,DP01A,VEL3D
RS01SBPD-DP01A-02-VEL3DA103,vel3d_a_tx,vel3d_a_tx,,,ENG,degrees,RS01SBPD,DP01A,VEL3D
RS01SBPD-DP01A-02-VEL3DA103,vel3d_a_ty,vel3d_a_ty,,,ENG,degrees,RS01SBPD,DP01A,VEL3D
RS01SBPD-DP01A-02-VEL3DA103,vel3d_a_eastward_velocity,vel3d_a_eastward_velocity,-3,3,L1,m s-1,RS01SBPD,DP01A,VEL3D
RS01SBPD-DP01A-02-VEL3DA103,vel3d_a_northward_velocity,vel3d_a_northward_velocity,-3,3,L1,m s-1,RS01SBPD,DP01A,VEL3D
RS01SBPD-DP01A-02-VEL3DA103,vel3d_a_upward_velocity_ascending,vel3d_a_upward_velocity_ascending,-1,1,L1,m s-1,RS01SBPD,DP01A,VEL3D
RS01SBPD-DP01A-02-VEL3DA103,vel3d_a_upward_velocity_descending,vel3d_a_upward_velocity_descending,-1,1,L1,m s-1,RS01SBPD,DP01A,VEL3D
RS01SBPD-DP01A-03-FLCDRA104,driver_timestamp,driver_timestamp,,,,seconds since 1900-01-01,RS01SBPD,DP01A,FLCDR
RS01SBPD-DP01A-03-FLCDRA104,internal_timestamp,internal_timestamp,,,,seconds since 1900-01-01,RS01SBPD,DP01A,FLCDR
RS01SBPD-DP01A-03-FLCDRA104,preferred_timestamp,preferred_timestamp,,,,1,RS01SBPD,DP01A,FLCDR
RS01SBPD-DP01A-03-FLCDRA104,raw_time_seconds,raw_time_seconds,,,,seconds since 1970-01-01,RS01SBPD,DP01A,FLCDR
RS01SBPD-DP01A-03-FLCDRA104,raw_time_microseconds,raw_time_microseconds,,,,us,RS01SBPD,DP01A,FLCDR
RS01SBPD-DP01A-03-FLCDRA104,cdomflo,cdomflo,,,L0,counts,RS01SBPD,DP01A,FLCDR
RS01SBPD-DP01A-03-FLCDRA104,flcdr_x_mmp_cds_fluorometric_cdom,flcdr_x_mmp_cds_fluorometric_cdom,0,375,L1,ppb,RS01SBPD,DP01A,FLCDR
RS01SBPD-DP01A-03-FLNTUA104,driver_timestamp,driver_timestamp,,,,seconds since 1900-01-01,RS01SBPD,DP01A,FLNTU
RS01SBPD-DP01A-03-FLNTUA104,internal_timestamp,internal_timestamp,,,,seconds since 1900-01-01,RS01SBPD,DP01A,FLNTU
RS01SBPD-DP01A-03-FLNTUA104,preferred_timestamp,preferred_timestamp,,,,1,RS01SBPD,DP01A,FLNTU
RS01SBPD-DP01A-03-FLNTUA104,raw_time_seconds,raw_time_seconds,,,,seconds since 1970-01-01,RS01SBPD,DP01A,FLNTU
RS01SBPD-DP01A-03-FLNTUA104,raw_time_microseconds,raw_time_microseconds,,,,us,RS01SBPD,DP01A,FLNTU
RS01SBPD-DP01A-03-FLNTUA104,chlaflo,chlaflo,,,L0,counts,RS01SBPD,DP01A,FLNTU
RS01SBPD-DP01A-03-FLNTUA104,ntuflo,ntuflo,,,L0,counts,RS01SBPD,DP01A,FLNTU
RS01SBPD-DP01A-03-FLNTUA104,flntu_x_mmp_cds_total_volume_scattering_coefficient,flntu_x_mmp_cds_total_volume_scattering_coefficient,,,L1,m-1 sr-1,RS01SBPD,DP01A,FLNTU
RS01SBPD-DP01A-03-FLNTUA104,flntu_x_mmp_cds_fluorometric_chlorophyll_a,flntu_x_mmp_cds_fluorometric_chlorophyll_a,0,50,L1,ug L-1,RS01SBPD,DP01A,FLNTU
RS01SBPD-DP01A-03-FLNTUA104,flntu_x_mmp_cds_bback_total,flntu_x_mmp_cds_bback_total,0.0003,1,L2,m-1,RS01SBPD,DP01A,FLNTU
RS01SBPD-DP01A-05-OPTAAC102,driver_timestamp,driver_timestamp,,,,seconds since 1900-01-01,RS01SBPD,DP01A,OPTAA
RS01SBPD-DP01A-05-OPTAAC102,internal_timestamp,internal_timestamp,,,,seconds since 1900-01-01,RS01SBPD,DP01A,OPTAA
RS01SBPD-DP01A-05-OPTAAC102,preferred_timestamp,preferred_timestamp,,,,1,RS01SBPD,DP01A,OPTAA
RS01SBPD-DP01A-05-OPTAAC102,raw_time_seconds,raw_time_seconds,,,,seconds since 1970-01-01,RS01SBPD,DP01A,OPTAA
RS01SBPD-DP01A-05-OPTAAC102,raw_time_microseconds,raw_time_microseconds,,,,us,RS01SBPD,DP01A,OPTAA
RS01SBPD-DP01A-05-OPTAAC102,serial_number,serial_number,,,,1,RS01SBPD,DP01A,OPTAA
RS01SBPD-DP01A-05-OPTAAC102,dpc_acs_beam_attenuation,dpc_acs_beam_attenuation,0,100,L2,m-1,RS01SBPD,DP01A,OPTAA
RS01SBPD-DP01A-05-OPTAAC102,dpc_acs_optical_absorption,dpc_acs_optical_absorption,0,100,L2,m-1,RS01SBPD,DP01A,OPTAA
RS01SBPD-DP01A-05-OPTAAC102,packet_type,packet_type,,,,1,RS01SBPD,DP01A,OPTAA
RS01SBPD-DP01A-05-OPTAAC102,meter_type,meter_type,,,,1,RS01SBPD,DP01A,OPTAA
RS01SBPD-DP01A-05-OPTAAC102,a_reference_dark_counts,a_reference_dark_counts,,,,counts,RS01SBPD,DP01A,OPTAA
RS01SBPD-DP01A-05-OPTAAC102,pressure_counts,pressure_counts,,,,counts,RS01SBPD,DP01A,OPTAA
RS01SBPD-DP01A-05-OPTAAC102,a_signal_dark_counts,a_signal_dark_counts,,,,counts,RS01SBPD,DP01A,OPTAA
RS01SBPD-DP01A-05-OPTAAC102,external_temp_raw,external_temp_raw,,,,counts,RS01SBPD,DP01A,OPTAA
RS01SBPD-DP01A-05-OPTAAC102,internal_temp_raw,internal_temp_raw,,,L0,counts,RS01SBPD,DP01A,OPTAA
RS01SBPD-DP01A-05-OPTAAC102,c_reference_dark_counts,c_reference_dark_counts,,,,counts,RS01SBPD,DP01A,OPTAA
RS01SBPD-DP01A-05-OPTAAC102,c_signal_dark_counts,c_signal_dark_counts,,,,counts,RS01SBPD,DP01A,OPTAA
RS01SBPD-DP01A-05-OPTAAC102,elapsed_run_time,elapsed_run_time,,,,ms,RS01SBPD,DP01A,OPTAA
RS01SBPD-DP01A-05-OPTAAC102,num_wavelengths,num_wavelengths,,,,1,RS01SBPD,DP01A,OPTAA
RS01SBPD-DP01A-05-OPTAAC102,c_reference_counts,c_reference_counts,,,L0,counts,RS01SBPD,DP01A,OPTAA
RS01SBPD-DP01A-05-OPTAAC102,a_reference_counts,a_reference_counts,,,L0,counts,RS01SBPD,DP01A,OPTAA
RS01SBPD-DP01A-05-OPTAAC102,c_signal_counts,c_signal_counts,,,L0,counts,RS01SBPD,DP01A,OPTAA
RS01SBPD-DP01A-05-OPTAAC102,a_signal_counts,a_signal_counts,,,L0,counts,RS01SBPD,DP01A,OPTAA
RS01SBPD-DP01A-06-DOSTAD104,driver_timestamp,driver_timestamp,,,ENG,seconds since 1900-01-01,RS01SBPD,DP01A,DOSTA
RS01SBPD-DP01A-06-DOSTAD104,internal_timestamp,internal_timestamp,,,ENG,seconds since 1900-01-01,RS01SBPD,DP01A,DOSTA
RS01SBPD-DP01A-06-DOSTAD104,preferred_timestamp,preferred_timestamp,,,ENG,1,RS01SBPD,DP01A,DOSTA
RS01SBPD-DP01A-06-DOSTAD104,raw_time_seconds,raw_time_seconds,,,ENG,seconds since 1970-01-01,RS01SBPD,DP01A,DOSTA
RS01SBPD-DP01A-06-DOSTAD104,raw_time_microseconds,raw_time_microseconds,,,ENG,us,RS01SBPD,DP01A,DOSTA
RS01SBPD-DP01A-06-DOSTAD104,dosta_abcdjm_cspp_tc_oxygen,dosta_abcdjm_cspp_tc_oxygen,0,400,L1,umol L-1,RS01SBPD,DP01A,DOSTA
RS01SBPD-DP01A-06-DOSTAD104,dpc_optode_abs_oxygen,dpc_optode_abs_oxygen,0,400,L2,umol kg-1,RS01SBPD,DP01A,DOSTA
RS01SBPD-DP01A-06-DOSTAD104,optode_temperature,optode_temperature,-2,40,L0,deg_C,RS01SBPD,DP01A,DOSTA
RS01SBPD-DP01A-06-DOSTAD104,calibrated_phase,calibrated_phase,,,L0,degrees,RS01SBPD,DP01A,DOSTA
RS01SBPS-PC01A-05-ADCPTD102,port_timestamp,port_timestamp,,,,seconds since 1900-01-01,RS01SBPS,PC01A,ADCPT
RS01SBPS-PC01A-05-ADCPTD102,driver_timestamp,driver_timestamp,,,,seconds since 1900-01-01,RS01SBPS,PC01A,ADCPT
RS01SBPS-PC01A-05-ADCPTD102,internal_timestamp,internal_timestamp,,,,seconds since 1900-01-01,RS01SBPS,PC01A,ADCPT
RS01SBPS-PC01A-05-ADCPTD102,preferred_timestamp,preferred_timestamp,,,,1,RS01SBPS,PC01A,ADCPT
RS01SBPS-PC01A-05-ADCPTD102,adcp_ambient_temp,adcp_ambient_temp,,,,deg_C,RS01SBPS,PC01A,ADCPT
RS01SBPS-PC01A-05-ADCPTD102,adcp_attitude_temp,adcp_attitude_temp,,,,deg_C,RS01SBPS,PC01A,ADCPT
RS01SBPS-PC01A-05-ADCPTD102,adcp_internal_moisture,adcp_internal_moisture,,,,1,RS01SBPS,PC01A,ADCPT
RS01SBPS-PC01A-05-ADCPTD102,adcp_transmit_current,adcp_transmit_current,,,,Amps,RS01SBPS,PC01A,ADCPT
RS01SBPS-PC01A-05-ADCPTD102,adcp_transmit_voltage,adcp_transmit_voltage,,,,V,RS01SBPS,PC01A,ADCPT
RS01SBPS-PC01A-05-ADCPTD102,adcp_transmit_impedance,adcp_transmit_impedance,,,,Ohms,RS01SBPS,PC01A,ADCPT
RS01SBPS-PC01A-05-ADCPTD102,adcp_transmit_test_results,adcp_transmit_test_results,,,,1,RS01SBPS,PC01A,ADCPT
RS01SBPS-PC01A-05-ADCPTD102,corrected_echo_intensity_beam1,corrected_echo_intensity_beam1,0,255,L1,dB,RS01SBPS,PC01A,ADCPT
RS01SBPS-PC01A-05-ADCPTD102,corrected_echo_intensity_beam2,corrected_echo_intensity_beam2,0,255,L1,dB,RS01SBPS,PC01A,ADCPT
RS01SBPS-PC01A-05-ADCPTD102,corrected_echo_intensity_beam3,corrected_echo_intensity_beam3,0,255,L1,dB,RS01SBPS,PC01A,ADCPT
RS01SBPS-PC01A-05-ADCPTD102,corrected_echo_intensity_beam4,corrected_echo_intensity_beam4,0,255,L1,dB,RS01SBPS,PC01A,ADCPT
RS01SBPS-PC01A-05-ADCPTD102,serial_number,serial_number,,,,1,RS01SBPS,PC01A,ADCPT
RS01SBPS-PC01A-05-ADCPTD102,header_id,header_id,,,,1,RS01SBPS,PC01A,ADCPT
RS01SBPS-PC01A-05-ADCPTD102,data_source_id,data_source_id,,,,1,RS01SBPS,PC01A,ADCPT
RS01SBPS-PC01A-05-ADCPTD102,num_bytes,num_bytes,,,,1,RS01SBPS,PC01A,ADCPT
RS01SBPS-PC01A-05-ADCPTD102,num_data_types,num_data_types,,,,1,RS01SBPS,PC01A,ADCPT
RS01SBPS-PC01A-05-ADCPTD102,offset_data_types,offset_data_types,,,,1,RS01SBPS,PC01A,ADCPT
RS01SBPS-PC01A-05-ADCPTD102,fixed_leader_id,fixed_leader_id,,,,1,RS01SBPS,PC01A,ADCPT
RS01SBPS-PC01A-05-ADCPTD102,firmware_version,firmware_version,,,,1,RS01SBPS,PC01A,ADCPT
RS01SBPS-PC01A-05-ADCPTD102,firmware_revision,firmware_revision,,,,1,RS01SBPS,PC01A,ADCPT
RS01SBPS-PC01A-05-ADCPTD102,sysconfig_frequency,sysconfig_frequency,,,,kHz,RS01SBPS,PC01A,ADCPT
RS01SBPS-PC01A-05-ADCPTD102,sysconfig_beam_pattern,sysconfig_beam_pattern,,,,1,RS01SBPS,PC01A,ADCPT
RS01SBPS-PC01A-05-ADCPTD102,sysconfig_sensor_config,sysconfig_sensor_config,,,,1,RS01SBPS,PC01A,ADCPT
RS01SBPS-PC01A-05-ADCPTD102,sysconfig_head_attached,sysconfig_head_attached,,,,1,RS01SBPS,PC01A,ADCPT
RS01SBPS-PC01A-05-ADCPTD102,sysconfig_vertical_orientation,sysconfig_vertical_orientation,,,,1,RS01SBPS,PC01A,ADCPT
RS01SBPS-PC01A-05-ADCPTD102,data_flag,data_flag,,,,1,RS01SBPS,PC01A,ADCPT
RS01SBPS-PC01A-05-ADCPTD102,lag_length,lag_length,,,,s,RS01SBPS,PC01A,ADCPT
RS01SBPS-PC01A-05-ADCPTD102,num_beams,num_beams,,,,1,RS01SBPS,PC01A,ADCPT
RS01SBPS-PC01A-05-ADCPTD102,num_cells,num_cells,,,,1,RS01SBPS,PC01A,ADCPT
RS01SBPS-PC01A-05-ADCPTD102,pings_per_ensemble,pings_per_ensemble,,,,1,RS01SBPS,PC01A,ADCPT
RS01SBPS-PC01A-05-ADCPTD102,cell_length,cell_length,,,,cm,RS01SBPS,PC01A,ADCPT
RS01SBPS-PC01A-05-ADCPTD102,blank_after_transmit,blank_after_transmit,,,,cm,RS01SBPS,PC01A,ADCPT
RS01SBPS-PC01A-05-ADCPTD102,signal_processing_mode,signal_processing_mode,,,,1,RS01SBPS,PC01A,ADCPT
RS01SBPS-PC01A-05-ADCPTD102,low_corr_threshold,low_corr_threshold,,,,counts,RS01SBPS,PC01A,ADCPT
RS01SBPS-PC01A-05-ADCPTD102,num_code_repetitions,num_code_repetitions,,,,counts,RS01SBPS,PC01A,ADCPT
RS01SBPS-PC01A-05-ADCPTD102,percent_good_min,percent_good_min,,,,percent,RS01SBPS,PC01A,ADCPT
RS01SBPS-PC01A-05-ADCPTD102,error_vel_threshold,error_vel_threshold,,,,mm s-1,RS01SBPS,PC01A,ADCPT
RS01SBPS-PC01A-05-ADCPTD102,time_per_ping_minutes,time_per_ping_minutes,,,,min,RS01SBPS,PC01A,ADCPT
RS01SBPS-PC01A-05-ADCPTD102,time_per_ping_seconds,time_per_ping_seconds,,,,s,RS01SBPS,PC01A,ADCPT
RS01SBPS-PC01A-05-ADCPTD102,coord_transform_type,coord_transform_type,,,,1,RS01SBPS,PC01A,ADCPT
RS01SBPS-PC01A-05-ADCPTD102,coord_transform_tilts,coord_transform_tilts,,,,1,RS01SBPS,PC01A,ADCPT
RS01SBPS-PC01A-05-ADCPTD102,coord_transform_beams,coord_transform_beams,,,,1,RS01SBPS,PC01A,ADCPT
RS01SBPS-PC01A-05-ADCPTD102,coord_transform_mapping,coord_transform_mapping,,,,1,RS01SBPS,PC01A,ADCPT
RS01SBPS-PC01A-05-ADCPTD102,heading_alignment,heading_alignment,,,,cdegrees,RS01SBPS,PC01A,ADCPT
RS01SBPS-PC01A-05-ADCPTD102,heading_bias,heading_bias,,,,cdegrees,RS01SBPS,PC01A,ADCPT
RS01SBPS-PC01A-05-ADCPTD102,sensor_source_speed,sensor_source_speed,,,,1,RS01SBPS,PC01A,ADCPT
RS01SBPS-PC01A-05-ADCPTD102,sensor_source_depth,sensor_source_depth,,,,1,RS01SBPS,PC01A,ADCPT
RS01SBPS-PC01A-05-ADCPTD102,sensor_source_heading,sensor_source_heading,,,,1,RS01SBPS,PC01A,ADCPT
RS01SBPS-PC01A-05-ADCPTD102,sensor_source_pitch,sensor_source_pitch,,,,1,RS01SBPS,PC01A,ADCPT
RS01SBPS-PC01A-05-ADCPTD102,sensor_source_roll,sensor_source_roll,,,,1,RS01SBPS,PC01A,ADCPT
RS01SBPS-PC01A-05-ADCPTD102,sensor_source_conductivity,sensor_source_conductivity,,,,1,RS01SBPS,PC01A,ADCPT
RS01SBPS-PC01A-05-ADCPTD102,sensor_source_temperature,sensor_source_temperature,,,,1,RS01SBPS,PC01A,ADCPT
RS01SBPS-PC01A-05-ADCPTD102,sensor_available_depth,sensor_available_depth,,,,1,RS01SBPS,PC01A,ADCPT
RS01SBPS-PC01A-05-ADCPTD102,sensor_available_heading,sensor_available_heading,,,,1,RS01SBPS,PC01A,ADCPT
RS01SBPS-PC01A-05-ADCPTD102,sensor_available_pitch,sensor_available_pitch,,,,1,RS01SBPS,PC01A,ADCPT
RS01SBPS-PC01A-05-ADCPTD102,sensor_available_roll,sensor_available_roll,,,,1,RS01SBPS,PC01A,ADCPT
RS01SBPS-PC01A-05-ADCPTD102,sensor_available_conductivity,sensor_available_conductivity,,,,1,RS01SBPS,PC01A,ADCPT
RS01SBPS-PC01A-05-ADCPTD102,sensor_available_temperature,sensor_available_temperature,,,,1,RS01SBPS,PC01A,ADCPT
RS01SBPS-PC01A-05-ADCPTD102,bin_1_distance,bin_1_distance,,,,cm,RS01SBPS,PC01A,ADCPT
RS01SBPS-PC01A-05-ADCPTD102,transmit_pulse_length,transmit_pulse_length,,,,cm,RS01SBPS,PC01A,ADCPT
RS01SBPS-PC01A-05-ADCPTD102,reference_layer_start,reference_layer_start,,,,1,RS01SBPS,PC01A,ADCPT
RS01SBPS-PC01A-05-ADCPTD102,reference_layer_stop,reference_layer_stop,,,,1,RS01SBPS,PC01A,ADCPT
RS01SBPS-PC01A-05-ADCPTD102,false_target_threshold,false_target_threshold,,,,counts,RS01SBPS,PC01A,ADCPT
RS01SBPS-PC01A-05-ADCPTD102,low_latency_trigger,low_latency_trigger,,,,1,RS01SBPS,PC01A,ADCPT
RS01SBPS-PC01A-05-ADCPTD102,transmit_lag_distance,transmit_lag_distance,,,,cm,RS01SBPS,PC01A,ADCPT
RS01SBPS-PC01A-05-ADCPTD102,cpu_board_serial_number,cpu_board_serial_number,,,,1,RS01SBPS,PC01A,ADCPT
RS01SBPS-PC01A-05-ADCPTD102,system_bandwidth,system_bandwidth,,,,1,RS01SBPS,PC01A,ADCPT
RS01SBPS-PC01A-05-ADCPTD102,system_power,system_power,,,,1,RS01SBPS,PC01A,ADCPT
RS01SBPS-PC01A-05-ADCPTD102,beam_angle,beam_angle,,,,degrees,RS01SBPS,PC01A,ADCPT
RS01SBPS-PC01A-05-ADCPTD102,variable_leader_id,variable_leader_id,,,,1,RS01SBPS,PC01A,ADCPT
RS01SBPS-PC01A-05-ADCPTD102,ensemble_number,ensemble_number,,,,1,RS01SBPS,PC01A,ADCPT
RS01SBPS-PC01A-05-ADCPTD102,ensemble_number_increment,ensemble_number_increment,,,,1,RS01SBPS,PC01A,ADCPT
RS01SBPS-PC01A-05-ADCPTD102,bit_result_demod_1,bit_result_demod_1,,,,1,RS01SBPS,PC01A,ADCPT
RS01SBPS-PC01A-05-ADCPTD102,bit_result_demod_0,bit_result_demod_0,,,,1,RS01SBPS,PC01A,ADCPT
RS01SBPS-PC01A-05-ADCPTD102,bit_result_timing,bit_result_timing,,,,1,RS01SBPS,PC01A,ADCPT
RS01SBPS-PC01A-05-ADCPTD102,speed_of_sound,speed_of_sound,,,,m s-1,RS01SBPS,PC01A,ADCPT
RS01SBPS-PC01A-05-ADCPTD102,transducer_depth,transducer_depth,,,,dm,RS01SBPS,PC01A,ADCPT
RS01SBPS-PC01A-05-ADCPTD102,heading,heading,,,,cdegrees,RS01SBPS,PC01A,ADCPT
RS01SBPS-PC01A-05-ADCPTD102,pitch,pitch,,,,cdegrees,RS01SBPS,PC01A,ADCPT
RS01SBPS-PC01A-05-ADCPTD102,roll,roll,,,,cdegrees,RS01SBPS,PC01A,ADCPT
RS01SBPS-PC01A-05-ADCPTD102,salinity,salinity,,,,1,RS01SBPS,PC01A,ADCPT
RS01SBPS-PC01A-05-ADCPTD102,temperature,temperature,,,,cdeg_C,RS01SBPS,PC01A,ADCPT
RS01SBPS-PC01A-05-ADCPTD102,mpt_minutes,mpt_minutes,,,,min,RS01SBPS,PC01A,ADCPT
RS01SBPS-PC01A-05-ADCPTD102,mpt_seconds,mpt_seconds,,,,s,RS01SBPS,PC01A,ADCPT
RS01SBPS-PC01A-05-ADCPTD102,heading_stdev,heading_stdev,,,,degrees,RS01SBPS,PC01A,ADCPT
RS01SBPS-PC01A-05-ADCPTD102,pitch_stdev,pitch_stdev,,,,ddegrees,RS01SBPS,PC01A,ADCPT
RS01SBPS-PC01A-05-ADCPTD102,roll_stdev,roll_stdev,,,,ddegrees,RS01SBPS,PC01A,ADCPT
RS01SBPS-PC01A-05-ADCPTD102,adc_transmit_current,adc_transmit_current,,,,counts,RS01SBPS,PC01A,ADCPT
RS01SBPS-PC01A-05-ADCPTD102,adc_transmit_voltage,adc_transmit_voltage,,,,counts,RS01SBPS,PC01A,ADCPT
RS01SBPS-PC01A-05-ADCPTD102,adc_ambient_temp,adc_ambient_temp,,,,counts,RS01SBPS,PC01A,ADCPT
RS01SBPS-PC01A-05-ADCPTD102,adc_pressure_plus,adc_pressure_plus,,,,counts,RS01SBPS,PC01A,ADCPT
RS01SBPS-PC01A-05-ADCPTD102,adc_pressure_minus,adc_pressure_minus,,,,counts,RS01SBPS,PC01A,ADCPT
RS01SBPS-PC01A-05-ADCPTD102,adc_attitude_temp,adc_attitude_temp,,,,counts,RS01SBPS,PC01A,ADCPT
RS01SBPS-PC01A-05-ADCPTD102,adc_attitude,adc_attitude,,,,counts,RS01SBPS,PC01A,ADCPT
RS01SBPS-PC01A-05-ADCPTD102,adc_contamination_sensor,adc_contamination_sensor,,,,counts,RS01SBPS,PC01A,ADCPT
RS01SBPS-PC01A-05-ADCPTD102,bus_error_exception,bus_error_exception,,,,1,RS01SBPS,PC01A,ADCPT
RS01SBPS-PC01A-05-ADCPTD102,address_error_exception,address_error_exception,,,,1,RS01SBPS,PC01A,ADCPT
RS01SBPS-PC01A-05-ADCPTD102,illegal_instruction_exception,illegal_instruction_exception,,,,1,RS01SBPS,PC01A,ADCPT
RS01SBPS-PC01A-05-ADCPTD102,zero_divide_instruction,zero_divide_instruction,,,,1,RS01SBPS,PC01A,ADCPT
RS01SBPS-PC01A-05-ADCPTD102,emulator_exception,emulator_exception,,,,1,RS01SBPS,PC01A,ADCPT
RS01SBPS-PC01A-05-ADCPTD102,unassigned_exception,unassigned_exception,,,,1,RS01SBPS,PC01A,ADCPT
RS01SBPS-PC01A-05-ADCPTD102,watchdog_restart_occurred,watchdog_restart_occurred,,,,1,RS01SBPS,PC01A,ADCPT
RS01SBPS-PC01A-05-ADCPTD102,battery_saver_power,battery_saver_power,,,,1,RS01SBPS,PC01A,ADCPT
RS01SBPS-PC01A-05-ADCPTD102,pinging,pinging,,,,1,RS01SBPS,PC01A,ADCPT
RS01SBPS-PC01A-05-ADCPTD102,cold_wakeup_occurred,cold_wakeup_occurred,,,,1,RS01SBPS,PC01A,ADCPT
RS01SBPS-PC01A-05-ADCPTD102,time,time,,,,seconds since 1900-01-01,RS01SBPS,PC01A,ADCPT
RS01SBPS-PC01A-05-ADCPTD102,unknown_wakeup_occurred,unknown_wakeup_occurred,,,,1,RS01SBPS,PC01A,ADCPT
RS01SBPS-PC01A-05-ADCPTD102,clock_read_error,clock_read_error,,,,1,RS01SBPS,PC01A,ADCPT
RS01SBPS-PC01A-05-ADCPTD102,clock_read_error,clock_read_error,,,ENG,1,RS01SBPS,PC01A,ADCPT
RS01SBPS-PC01A-05-ADCPTD102,unexpected_alarm,unexpected_alarm,,,,1,RS01SBPS,PC01A,ADCPT
RS01SBPS-PC01A-05-ADCPTD102,clock_jump_forward,clock_jump_forward,,,,1,RS01SBPS,PC01A,ADCPT
RS01SBPS-PC01A-05-ADCPTD102,clock_jump_forward,clock_jump_forward,,,ENG,1,RS01SBPS,PC01A,ADCPT
RS01SBPS-PC01A-05-ADCPTD102,clock_jump_backward,clock_jump_backward,,,,1,RS01SBPS,PC01A,ADCPT
RS01SBPS-PC01A-05-ADCPTD102,clock_jump_backward,clock_jump_backward,,,ENG,1,RS01SBPS,PC01A,ADCPT
RS01SBPS-PC01A-05-ADCPTD102,power_fail,power_fail,,,,1,RS01SBPS,PC01A,ADCPT
RS01SBPS-PC01A-05-ADCPTD102,spurious_dsp_interrupt,spurious_dsp_interrupt,,,,1,RS01SBPS,PC01A,ADCPT
RS01SBPS-PC01A-05-ADCPTD102,spurious_uart_interrupt,spurious_uart_interrupt,,,,1,RS01SBPS,PC01A,ADCPT
RS01SBPS-PC01A-05-ADCPTD102,spurious_clock_interrupt,spurious_clock_interrupt,,,,1,RS01SBPS,PC01A,ADCPT
RS01SBPS-PC01A-05-ADCPTD102,level_7_interrupt,level_7_interrupt,,,,1,RS01SBPS,PC01A,ADCPT
RS01SBPS-PC01A-05-ADCPTD102,pressure,pressure,,,,daPa,RS01SBPS,PC01A,ADCPT
RS01SBPS-PC01A-05-ADCPTD102,pressure_variance,pressure_variance,,,,daPa,RS01SBPS,PC01A,ADCPT
RS01SBPS-PC01A-05-ADCPTD102,velocity_data_id,velocity_data_id,,,,1,RS01SBPS,PC01A,ADCPT
RS01SBPS-PC01A-05-ADCPTD102,water_velocity_east,water_velocity_east,,,L0,mm s-1,RS01SBPS,PC01A,ADCPT
RS01SBPS-PC01A-05-ADCPTD102,water_velocity_north,water_velocity_north,,,L0,mm s-1,RS01SBPS,PC01A,ADCPT
RS01SBPS-PC01A-05-ADCPTD102,water_velocity_up,water_velocity_up,,,L0,mm s-1,RS01SBPS,PC01A,ADCPT
RS01SBPS-PC01A-05-ADCPTD102,error_velocity,error_velocity,,,L0,mm s-1,RS01SBPS,PC01A,ADCPT
RS01SBPS-PC01A-05-ADCPTD102,correlation_magnitude_id,correlation_magnitude_id,,,,1,RS01SBPS,PC01A,ADCPT
RS01SBPS-PC01A-05-ADCPTD102,correlation_magnitude_beam1,correlation_magnitude_beam1,,,,1,RS01SBPS,PC01A,ADCPT
RS01SBPS-PC01A-05-ADCPTD102,correlation_magnitude_beam2,correlation_magnitude_beam2,,,,1,RS01SBPS,PC01A,ADCPT
RS01SBPS-PC01A-05-ADCPTD102,correlation_magnitude_beam3,correlation_magnitude_beam3,,,,1,RS01SBPS,PC01A,ADCPT
RS01SBPS-PC01A-05-ADCPTD102,correlation_magnitude_beam4,correlation_magnitude_beam4,,,,1,RS01SBPS,PC01A,ADCPT
RS01SBPS-PC01A-05-ADCPTD102,echo_intensity_id,echo_intensity_id,,,,1,RS01SBPS,PC01A,ADCPT
RS01SBPS-PC01A-05-ADCPTD102,echo_intensity_beam1,echo_intensity_beam1,,,L0,counts,RS01SBPS,PC01A,ADCPT
RS01SBPS-PC01A-05-ADCPTD102,echo_intensity_beam2,echo_intensity_beam2,,,L0,counts,RS01SBPS,PC01A,ADCPT
RS01SBPS-PC01A-05-ADCPTD102,echo_intensity_beam3,echo_intensity_beam3,,,L0,counts,RS01SBPS,PC01A,ADCPT
RS01SBPS-PC01A-05-ADCPTD102,echo_intensity_beam4,echo_intensity_beam4,,,L0,counts,RS01SBPS,PC01A,ADCPT
RS01SBPS-PC01A-05-ADCPTD102,percent_good_id,percent_good_id,,,,1,RS01SBPS,PC01A,ADCPT
RS01SBPS-PC01A-05-ADCPTD102,percent_good_3beam,percent_good_3beam,,,,percent,RS01SBPS,PC01A,ADCPT
RS01SBPS-PC01A-05-ADCPTD102,percent_transforms_reject,percent_transforms_reject,,,,percent,RS01SBPS,PC01A,ADCPT
RS01SBPS-PC01A-05-ADCPTD102,percent_bad_beams,percent_bad_beams,,,,percent,RS01SBPS,PC01A,ADCPT
RS01SBPS-PC01A-05-ADCPTD102,percent_good_4beam,percent_good_4beam,,,,percent,RS01SBPS,PC01A,ADCPT
RS01SBPS-PC01A-05-ADCPTD102,checksum,checksum,,,,1,RS01SBPS,PC01A,ADCPT
RS01SBPS-PC01A-05-ADCPTD102,ensemble_start_time,ensemble_start_time,,,,seconds since 1900-01-01,RS01SBPS,PC01A,ADCPT
RS01SBPS-PC01A-05-ADCPTD102,fluxgate_calibration_timestamp,fluxgate_calibration_timestamp,,,,seconds since 1900-01-01,RS01SBPS,PC01A,ADCPT
RS01SBPS-PC01A-05-ADCPTD102,s_inverse_bx,s_inverse_bx,,,,1,RS01SBPS,PC01A,ADCPT
RS01SBPS-PC01A-05-ADCPTD102,s_inverse_by,s_inverse_by,,,,1,RS01SBPS,PC01A,ADCPT
RS01SBPS-PC01A-05-ADCPTD102,s_inverse_bz,s_inverse_bz,,,,1,RS01SBPS,PC01A,ADCPT
RS01SBPS-PC01A-05-ADCPTD102,s_inverse_err,s_inverse_err,,,,1,RS01SBPS,PC01A,ADCPT
RS01SBPS-PC01A-05-ADCPTD102,coil_offset,coil_offset,,,,1,RS01SBPS,PC01A,ADCPT
RS01SBPS-PC01A-05-ADCPTD102,electrical_null,electrical_null,,,,1,RS01SBPS,PC01A,ADCPT
RS01SBPS-PC01A-05-ADCPTD102,tilt_calibration_timestamp,tilt_calibration_timestamp,,,,seconds since 1900-01-01,RS01SBPS,PC01A,ADCPT
RS01SBPS-PC01A-05-ADCPTD102,roll_up_down,roll_up_down,,,,1,RS01SBPS,PC01A,ADCPT
RS01SBPS-PC01A-05-ADCPTD102,pitch_up_down,pitch_up_down,,,,1,RS01SBPS,PC01A,ADCPT
RS01SBPS-PC01A-05-ADCPTD102,offset_up_down,offset_up_down,,,,1,RS01SBPS,PC01A,ADCPT
RS01SBPS-PC01A-05-ADCPTD102,tilt_null,tilt_null,,,,1,RS01SBPS,PC01A,ADCPT
RS01SBPS-PC01A-05-ADCPTD102,transducer_frequency,transducer_frequency,,,,Hz,RS01SBPS,PC01A,ADCPT
RS01SBPS-PC01A-05-ADCPTD102,configuration,configuration,,,,1,RS01SBPS,PC01A,ADCPT
RS01SBPS-PC01A-05-ADCPTD102,match_layer,match_layer,,,,1,RS01SBPS,PC01A,ADCPT
RS01SBPS-PC01A-05-ADCPTD102,beam_pattern,beam_pattern,,,,1,RS01SBPS,PC01A,ADCPT
RS01SBPS-PC01A-05-ADCPTD102,orientation,orientation,,,,1,RS01SBPS,PC01A,ADCPT
RS01SBPS-PC01A-05-ADCPTD102,sensors,sensors,,,,1,RS01SBPS,PC01A,ADCPT
RS01SBPS-PC01A-05-ADCPTD102,pressure_coeff_c3,pressure_coeff_c3,,,,1,RS01SBPS,PC01A,ADCPT
RS01SBPS-PC01A-05-ADCPTD102,pressure_coeff_c2,pressure_coeff_c2,,,,1,RS01SBPS,PC01A,ADCPT
RS01SBPS-PC01A-05-ADCPTD102,pressure_coeff_c1,pressure_coeff_c1,,,,1,RS01SBPS,PC01A,ADCPT
RS01SBPS-PC01A-05-ADCPTD102,pressure_coeff_offset,pressure_coeff_offset,,,,1,RS01SBPS,PC01A,ADCPT
RS01SBPS-PC01A-05-ADCPTD102,temperature_sensor_offset,temperature_sensor_offset,,,,deg_C,RS01SBPS,PC01A,ADCPT
RS01SBPS-PC01A-05-ADCPTD102,cpu_firmware,cpu_firmware,,,,1,RS01SBPS,PC01A,ADCPT
RS01SBPS-PC01A-05-ADCPTD102,boot_code_required,boot_code_required,,,,1,RS01SBPS,PC01A,ADCPT
RS01SBPS-PC01A-05-ADCPTD102,boot_code_actual,boot_code_actual,,,,1,RS01SBPS,PC01A,ADCPT
RS01SBPS-PC01A-05-ADCPTD102,demod_1_version,demod_1_version,,,,1,RS01SBPS,PC01A,ADCPT
RS01SBPS-PC01A-05-ADCPTD102,demod_1_type,demod_1_type,,,,1,RS01SBPS,PC01A,ADCPT
RS01SBPS-PC01A-05-ADCPTD102,demod_2_version,demod_2_version,,,,1,RS01SBPS,PC01A,ADCPT
RS01SBPS-PC01A-05-ADCPTD102,demod_2_type,demod_2_type,,,,1,RS01SBPS,PC01A,ADCPT
RS01SBPS-PC01A-05-ADCPTD102,power_timing_version,power_timing_version,,,,1,RS01SBPS,PC01A,ADCPT
RS01SBPS-PC01A-05-ADCPTD102,power_timing_type,power_timing_type,,,,1,RS01SBPS,PC01A,ADCPT
RS01SBPS-PC01A-05-ADCPTD102,board_serial_numbers,board_serial_numbers,,,,1,RS01SBPS,PC01A,ADCPT
RS01SBPS-PC01A-05-ADCPTD102,beam_1_velocity,beam_1_velocity,,,L0,mm s-1,RS01SBPS,PC01A,ADCPT
RS01SBPS-PC01A-05-ADCPTD102,beam_2_velocity,beam_2_velocity,,,L0,mm s-1,RS01SBPS,PC01A,ADCPT
RS01SBPS-PC01A-05-ADCPTD102,beam_3_velocity,beam_3_velocity,,,L0,mm s-1,RS01SBPS,PC01A,ADCPT
RS01SBPS-PC01A-05-ADCPTD102,beam_4_velocity,beam_4_velocity,,,L0,mm s-1,RS01SBPS,PC01A,ADCPT
RS01SBPS-PC01A-05-ADCPTD102,percent_good_beam1,percent_good_beam1,,,,percent,RS01SBPS,PC01A,ADCPT
RS01SBPS-PC01A-05-ADCPTD102,percent_good_beam2,percent_good_beam2,,,,percent,RS01SBPS,PC01A,ADCPT
RS01SBPS-PC01A-05-ADCPTD102,percent_good_beam3,percent_good_beam3,,,,percent,RS01SBPS,PC01A,ADCPT
RS01SBPS-PC01A-05-ADCPTD102,percent_good_beam4,percent_good_beam4,,,,percent,RS01SBPS,PC01A,ADCPT
RS01SBPS-PC01A-05-ADCPTD102,real_time_clock,real_time_clock,,,,1,RS01SBPS,PC01A,ADCPT
RS01SBPS-PC01A-05-ADCPTD102,calibration_temp,calibration_temp,,,,deg_C,RS01SBPS,PC01A,ADCPT
RS01SBPS-PC01A-05-ADCPTD102,eastward_beam_seawater_velocity,eastward_beam_seawater_velocity,-3,3,L1,m s-1,RS01SBPS,PC01A,ADCPT
RS01SBPS-PC01A-05-ADCPTD102,northward_beam_seawater_velocity,northward_beam_seawater_velocity,-3,3,L1,m s-1,RS01SBPS,PC01A,ADCPT
RS01SBPS-PC01A-05-ADCPTD102,upward_seawater_velocity,upward_seawater_velocity,-1,1,L1,m s-1,RS01SBPS,PC01A,ADCPT
RS01SBPS-PC01A-05-ADCPTD102,beam_error_velocity,beam_error_velocity,-1,1,L1,m s-1,RS01SBPS,PC01A,ADCPT
RS01SBPS-PC01A-06-VADCPA101,,,,,,,RS01SBPS,PC01A,VADCP
RS01SBPS-PC01A-06-VADCPA101,corrected_echo_intensity_beam5,corrected_echo_intensity_beam5,,,L1,dB,RS01SBPS,PC01A,VADCP
RS01SBPS-PC01A-06-VADCPA101,port_timestamp,port_timestamp,,,,seconds since 1900-01-01,RS01SBPS,PC01A,VADCP
RS01SBPS-PC01A-06-VADCPA101,driver_timestamp,driver_timestamp,,,,seconds since 1900-01-01,RS01SBPS,PC01A,VADCP
RS01SBPS-PC01A-06-VADCPA101,internal_timestamp,internal_timestamp,,,,seconds since 1900-01-01,RS01SBPS,PC01A,VADCP
RS01SBPS-PC01A-06-VADCPA101,preferred_timestamp,preferred_timestamp,,,,1,RS01SBPS,PC01A,VADCP
RS01SBPS-PC01A-06-VADCPA101,adcp_ambient_temp,adcp_ambient_temp,,,,deg_C,RS01SBPS,PC01A,VADCP
RS01SBPS-PC01A-06-VADCPA101,adcp_attitude_temp,adcp_attitude_temp,,,,deg_C,RS01SBPS,PC01A,VADCP
RS01SBPS-PC01A-06-VADCPA101,adcp_internal_moisture,adcp_internal_moisture,,,,1,RS01SBPS,PC01A,VADCP
RS01SBPS-PC01A-06-VADCPA101,adcp_transmit_current,adcp_transmit_current,,,,Amps,RS01SBPS,PC01A,VADCP
RS01SBPS-PC01A-06-VADCPA101,adcp_transmit_voltage,adcp_transmit_voltage,,,,V,RS01SBPS,PC01A,VADCP
RS01SBPS-PC01A-06-VADCPA101,adcp_transmit_impedance,adcp_transmit_impedance,,,,Ohms,RS01SBPS,PC01A,VADCP
RS01SBPS-PC01A-06-VADCPA101,adcp_transmit_test_results,adcp_transmit_test_results,,,,1,RS01SBPS,PC01A,VADCP
RS01SBPS-PC01A-06-VADCPA101,vadcp_eastward_seawater_velocity,vadcp_eastward_seawater_velocity,-3,3,L1,m s-1,RS01SBPS,PC01A,VADCP
RS01SBPS-PC01A-06-VADCPA101,vadcp_northward_seawater_velocity,vadcp_northward_seawater_velocity,-3,3,L1,m s-1,RS01SBPS,PC01A,VADCP
RS01SBPS-PC01A-06-VADCPA101,vadcp_upward_seawater_velocity_est,vadcp_upward_seawater_velocity_est,-1,1,L1,m s-1,RS01SBPS,PC01A,VADCP
RS01SBPS-PC01A-06-VADCPA101,vadcp_upward_seawater_velocity_tru,vadcp_upward_seawater_velocity_tru,-1,1,L1,m s-1,RS01SBPS,PC01A,VADCP
RS01SBPS-PC01A-06-VADCPA101,vadcp_beam_error,vadcp_beam_error,-1,1,L1,m s-1,RS01SBPS,PC01A,VADCP
RS01SBPS-PC01A-06-VADCPA101,corrected_echo_intensity_beam1,corrected_echo_intensity_beam1,0,255,L1,dB,RS01SBPS,PC01A,VADCP
RS01SBPS-PC01A-06-VADCPA101,corrected_echo_intensity_beam2,corrected_echo_intensity_beam2,0,255,L1,dB,RS01SBPS,PC01A,VADCP
RS01SBPS-PC01A-06-VADCPA101,corrected_echo_intensity_beam3,corrected_echo_intensity_beam3,0,255,L1,dB,RS01SBPS,PC01A,VADCP
RS01SBPS-PC01A-06-VADCPA101,corrected_echo_intensity_beam4,corrected_echo_intensity_beam4,0,255,L1,dB,RS01SBPS,PC01A,VADCP
RS01SBPS-PC01A-06-VADCPA101,serial_number,serial_number,,,,1,RS01SBPS,PC01A,VADCP
RS01SBPS-PC01A-06-VADCPA101,header_id,header_id,,,,1,RS01SBPS,PC01A,VADCP
RS01SBPS-PC01A-06-VADCPA101,data_source_id,data_source_id,,,,1,RS01SBPS,PC01A,VADCP
RS01SBPS-PC01A-06-VADCPA101,num_bytes,num_bytes,,,,1,RS01SBPS,PC01A,VADCP
RS01SBPS-PC01A-06-VADCPA101,num_data_types,num_data_types,,,,1,RS01SBPS,PC01A,VADCP
RS01SBPS-PC01A-06-VADCPA101,offset_data_types,offset_data_types,,,,1,RS01SBPS,PC01A,VADCP
RS01SBPS-PC01A-06-VADCPA101,fixed_leader_id,fixed_leader_id,,,,1,RS01SBPS,PC01A,VADCP
RS01SBPS-PC01A-06-VADCPA101,firmware_version,firmware_version,,,,1,RS01SBPS,PC01A,VADCP
RS01SBPS-PC01A-06-VADCPA101,firmware_revision,firmware_revision,,,,1,RS01SBPS,PC01A,VADCP
RS01SBPS-PC01A-06-VADCPA101,sysconfig_frequency,sysconfig_frequency,,,,kHz,RS01SBPS,PC01A,VADCP
RS01SBPS-PC01A-06-VADCPA101,sysconfig_beam_pattern,sysconfig_beam_pattern,,,,1,RS01SBPS,PC01A,VADCP
RS01SBPS-PC01A-06-VADCPA101,sysconfig_sensor_config,sysconfig_sensor_config,,,,1,RS01SBPS,PC01A,VADCP
RS01SBPS-PC01A-06-VADCPA101,sysconfig_head_attached,sysconfig_head_attached,,,,1,RS01SBPS,PC01A,VADCP
RS01SBPS-PC01A-06-VADCPA101,sysconfig_vertical_orientation,sysconfig_vertical_orientation,,,,1,RS01SBPS,PC01A,VADCP
RS01SBPS-PC01A-06-VADCPA101,data_flag,data_flag,,,,1,RS01SBPS,PC01A,VADCP
RS01SBPS-PC01A-06-VADCPA101,lag_length,lag_length,,,,s,RS01SBPS,PC01A,VADCP
RS01SBPS-PC01A-06-VADCPA101,num_beams,num_beams,,,,1,RS01SBPS,PC01A,VADCP
RS01SBPS-PC01A-06-VADCPA101,num_cells,num_cells,,,,1,RS01SBPS,PC01A,VADCP
RS01SBPS-PC01A-06-VADCPA101,pings_per_ensemble,pings_per_ensemble,,,,1,RS01SBPS,PC01A,VADCP
RS01SBPS-PC01A-06-VADCPA101,cell_length,cell_length,,,,cm,RS01SBPS,PC01A,VADCP
RS01SBPS-PC01A-06-VADCPA101,blank_after_transmit,blank_after_transmit,,,,cm,RS01SBPS,PC01A,VADCP
RS01SBPS-PC01A-06-VADCPA101,signal_processing_mode,signal_processing_mode,,,,1,RS01SBPS,PC01A,VADCP
RS01SBPS-PC01A-06-VADCPA101,low_corr_threshold,low_corr_threshold,,,,counts,RS01SBPS,PC01A,VADCP
RS01SBPS-PC01A-06-VADCPA101,num_code_repetitions,num_code_repetitions,,,,counts,RS01SBPS,PC01A,VADCP
RS01SBPS-PC01A-06-VADCPA101,percent_good_min,percent_good_min,,,,percent,RS01SBPS,PC01A,VADCP
RS01SBPS-PC01A-06-VADCPA101,error_vel_threshold,error_vel_threshold,,,,mm s-1,RS01SBPS,PC01A,VADCP
RS01SBPS-PC01A-06-VADCPA101,time_per_ping_minutes,time_per_ping_minutes,,,,min,RS01SBPS,PC01A,VADCP
RS01SBPS-PC01A-06-VADCPA101,time_per_ping_seconds,time_per_ping_seconds,,,,s,RS01SBPS,PC01A,VADCP
RS01SBPS-PC01A-06-VADCPA101,coord_transform_type,coord_transform_type,,,,1,RS01SBPS,PC01A,VADCP
RS01SBPS-PC01A-06-VADCPA101,coord_transform_tilts,coord_transform_tilts,,,,1,RS01SBPS,PC01A,VADCP
RS01SBPS-PC01A-06-VADCPA101,coord_transform_beams,coord_transform_beams,,,,1,RS01SBPS,PC01A,VADCP
RS01SBPS-PC01A-06-VADCPA101,coord_transform_mapping,coord_transform_mapping,,,,1,RS01SBPS,PC01A,VADCP
RS01SBPS-PC01A-06-VADCPA101,heading_alignment,heading_alignment,,,,cdegrees,RS01SBPS,PC01A,VADCP
RS01SBPS-PC01A-06-VADCPA101,heading_bias,heading_bias,,,,cdegrees,RS01SBPS,PC01A,VADCP
RS01SBPS-PC01A-06-VADCPA101,sensor_source_speed,sensor_source_speed,,,,1,RS01SBPS,PC01A,VADCP
RS01SBPS-PC01A-06-VADCPA101,sensor_source_depth,sensor_source_depth,,,,1,RS01SBPS,PC01A,VADCP
RS01SBPS-PC01A-06-VADCPA101,sensor_source_heading,sensor_source_heading,,,,1,RS01SBPS,PC01A,VADCP
RS01SBPS-PC01A-06-VADCPA101,sensor_source_pitch,sensor_source_pitch,,,,1,RS01SBPS,PC01A,VADCP
RS01SBPS-PC01A-06-VADCPA101,sensor_source_roll,sensor_source_roll,,,,1,RS01SBPS,PC01A,VADCP
RS01SBPS-PC01A-06-VADCPA101,sensor_source_conductivity,sensor_source_conductivity,,,,1,RS01SBPS,PC01A,VADCP
RS01SBPS-PC01A-06-VADCPA101,sensor_source_temperature,sensor_source_temperature,,,,1,RS01SBPS,PC01A,VADCP
RS01SBPS-PC01A-06-VADCPA101,sensor_available_depth,sensor_available_depth,,,,1,RS01SBPS,PC01A,VADCP
RS01SBPS-PC01A-06-VADCPA101,sensor_available_heading,sensor_available_heading,,,,1,RS01SBPS,PC01A,VADCP
RS01SBPS-PC01A-06-VADCPA101,sensor_available_pitch,sensor_available_pitch,,,,1,RS01SBPS,PC01A,VADCP
RS01SBPS-PC01A-06-VADCPA101,sensor_available_roll,sensor_available_roll,,,,1,RS01SBPS,PC01A,VADCP
RS01SBPS-PC01A-06-VADCPA101,sensor_available_conductivity,sensor_available_conductivity,,,,1,RS01SBPS,PC01A,VADCP
RS01SBPS-PC01A-06-VADCPA101,sensor_available_temperature,sensor_available_temperature,,,,1,RS01SBPS,PC01A,VADCP
RS01SBPS-PC01A-06-VADCPA101,bin_1_distance,bin_1_distance,,,,cm,RS01SBPS,PC01A,VADCP
RS01SBPS-PC01A-06-VADCPA101,transmit_pulse_length,transmit_pulse_length,,,,cm,RS01SBPS,PC01A,VADCP
RS01SBPS-PC01A-06-VADCPA101,reference_layer_start,reference_layer_start,,,,1,RS01SBPS,PC01A,VADCP
RS01SBPS-PC01A-06-VADCPA101,reference_layer_stop,reference_layer_stop,,,,1,RS01SBPS,PC01A,VADCP
RS01SBPS-PC01A-06-VADCPA101,false_target_threshold,false_target_threshold,,,,counts,RS01SBPS,PC01A,VADCP
RS01SBPS-PC01A-06-VADCPA101,low_latency_trigger,low_latency_trigger,,,,1,RS01SBPS,PC01A,VADCP
RS01SBPS-PC01A-06-VADCPA101,transmit_lag_distance,transmit_lag_distance,,,,cm,RS01SBPS,PC01A,VADCP
RS01SBPS-PC01A-06-VADCPA101,cpu_board_serial_number,cpu_board_serial_number,,,,1,RS01SBPS,PC01A,VADCP
RS01SBPS-PC01A-06-VADCPA101,system_bandwidth,system_bandwidth,,,,1,RS01SBPS,PC01A,VADCP
RS01SBPS-PC01A-06-VADCPA101,system_power,system_power,,,,1,RS01SBPS,PC01A,VADCP
RS01SBPS-PC01A-06-VADCPA101,beam_angle,beam_angle,,,,degrees,RS01SBPS,PC01A,VADCP
RS01SBPS-PC01A-06-VADCPA101,variable_leader_id,variable_leader_id,,,,1,RS01SBPS,PC01A,VADCP
RS01SBPS-PC01A-06-VADCPA101,ensemble_number,ensemble_number,,,,1,RS01SBPS,PC01A,VADCP
RS01SBPS-PC01A-06-VADCPA101,ensemble_number_increment,ensemble_number_increment,,,,1,RS01SBPS,PC01A,VADCP
RS01SBPS-PC01A-06-VADCPA101,bit_result_demod_1,bit_result_demod_1,,,,1,RS01SBPS,PC01A,VADCP
RS01SBPS-PC01A-06-VADCPA101,bit_result_demod_0,bit_result_demod_0,,,,1,RS01SBPS,PC01A,VADCP
RS01SBPS-PC01A-06-VADCPA101,bit_result_timing,bit_result_timing,,,,1,RS01SBPS,PC01A,VADCP
RS01SBPS-PC01A-06-VADCPA101,speed_of_sound,speed_of_sound,,,,m s-1,RS01SBPS,PC01A,VADCP
RS01SBPS-PC01A-06-VADCPA101,transducer_depth,transducer_depth,,,,dm,RS01SBPS,PC01A,VADCP
RS01SBPS-PC01A-06-VADCPA101,heading,heading,,,,cdegrees,RS01SBPS,PC01A,VADCP
RS01SBPS-PC01A-06-VADCPA101,pitch,pitch,,,,cdegrees,RS01SBPS,PC01A,VADCP
RS01SBPS-PC01A-06-VADCPA101,roll,roll,,,,cdegrees,RS01SBPS,PC01A,VADCP
RS01SBPS-PC01A-06-VADCPA101,salinity,salinity,,,,1,RS01SBPS,PC01A,VADCP
RS01SBPS-PC01A-06-VADCPA101,temperature,temperature,,,,cdeg_C,RS01SBPS,PC01A,VADCP
RS01SBPS-PC01A-06-VADCPA101,mpt_minutes,mpt_minutes,,,,min,RS01SBPS,PC01A,VADCP
RS01SBPS-PC01A-06-VADCPA101,mpt_seconds,mpt_seconds,,,,s,RS01SBPS,PC01A,VADCP
RS01SBPS-PC01A-06-VADCPA101,heading_stdev,heading_stdev,,,,degrees,RS01SBPS,PC01A,VADCP
RS01SBPS-PC01A-06-VADCPA101,pitch_stdev,pitch_stdev,,,,ddegrees,RS01SBPS,PC01A,VADCP
RS01SBPS-PC01A-06-VADCPA101,roll_stdev,roll_stdev,,,,ddegrees,RS01SBPS,PC01A,VADCP
RS01SBPS-PC01A-06-VADCPA101,adc_transmit_current,adc_transmit_current,,,,counts,RS01SBPS,PC01A,VADCP
RS01SBPS-PC01A-06-VADCPA101,adc_transmit_voltage,adc_transmit_voltage,,,,counts,RS01SBPS,PC01A,VADCP
RS01SBPS-PC01A-06-VADCPA101,adc_ambient_temp,adc_ambient_temp,,,,counts,RS01SBPS,PC01A,VADCP
RS01SBPS-PC01A-06-VADCPA101,adc_pressure_plus,adc_pressure_plus,,,,counts,RS01SBPS,PC01A,VADCP
RS01SBPS-PC01A-06-VADCPA101,adc_pressure_minus,adc_pressure_minus,,,,counts,RS01SBPS,PC01A,VADCP
RS01SBPS-PC01A-06-VADCPA101,adc_attitude_temp,adc_attitude_temp,,,,counts,RS01SBPS,PC01A,VADCP
RS01SBPS-PC01A-06-VADCPA101,adc_attitude,adc_attitude,,,,counts,RS01SBPS,PC01A,VADCP
RS01SBPS-PC01A-06-VADCPA101,adc_contamination_sensor,adc_contamination_sensor,,,,counts,RS01SBPS,PC01A,VADCP
RS01SBPS-PC01A-06-VADCPA101,bus_error_exception,bus_error_exception,,,,1,RS01SBPS,PC01A,VADCP
RS01SBPS-PC01A-06-VADCPA101,address_error_exception,address_error_exception,,,,1,RS01SBPS,PC01A,VADCP
RS01SBPS-PC01A-06-VADCPA101,illegal_instruction_exception,illegal_instruction_exception,,,,1,RS01SBPS,PC01A,VADCP
RS01SBPS-PC01A-06-VADCPA101,zero_divide_instruction,zero_divide_instruction,,,,1,RS01SBPS,PC01A,VADCP
RS01SBPS-PC01A-06-VADCPA101,emulator_exception,emulator_exception,,,,1,RS01SBPS,PC01A,VADCP
RS01SBPS-PC01A-06-VADCPA101,unassigned_exception,unassigned_exception,,,,1,RS01SBPS,PC01A,VADCP
RS01SBPS-PC01A-06-VADCPA101,watchdog_restart_occurred,watchdog_restart_occurred,,,,1,RS01SBPS,PC01A,VADCP
RS01SBPS-PC01A-06-VADCPA101,battery_saver_power,battery_saver_power,,,,1,RS01SBPS,PC01A,VADCP
RS01SBPS-PC01A-06-VADCPA101,pinging,pinging,,,,1,RS01SBPS,PC01A,VADCP
RS01SBPS-PC01A-06-VADCPA101,cold_wakeup_occurred,cold_wakeup_occurred,,,,1,RS01SBPS,PC01A,VADCP
RS01SBPS-PC01A-06-VADCPA101,time,time,,,,seconds since 1900-01-01,RS01SBPS,PC01A,VADCP
RS01SBPS-PC01A-06-VADCPA101,unknown_wakeup_occurred,unknown_wakeup_occurred,,,,1,RS01SBPS,PC01A,VADCP
RS01SBPS-PC01A-06-VADCPA101,clock_read_error,clock_read_error,,,,1,RS01SBPS,PC01A,VADCP
RS01SBPS-PC01A-06-VADCPA101,unexpected_alarm,unexpected_alarm,,,,1,RS01SBPS,PC01A,VADCP
RS01SBPS-PC01A-06-VADCPA101,clock_jump_forward,clock_jump_forward,,,,1,RS01SBPS,PC01A,VADCP
RS01SBPS-PC01A-06-VADCPA101,clock_jump_backward,clock_jump_backward,,,,1,RS01SBPS,PC01A,VADCP
RS01SBPS-PC01A-06-VADCPA101,power_fail,power_fail,,,,1,RS01SBPS,PC01A,VADCP
RS01SBPS-PC01A-06-VADCPA101,spurious_dsp_interrupt,spurious_dsp_interrupt,,,,1,RS01SBPS,PC01A,VADCP
RS01SBPS-PC01A-06-VADCPA101,spurious_uart_interrupt,spurious_uart_interrupt,,,,1,RS01SBPS,PC01A,VADCP
RS01SBPS-PC01A-06-VADCPA101,spurious_clock_interrupt,spurious_clock_interrupt,,,,1,RS01SBPS,PC01A,VADCP
RS01SBPS-PC01A-06-VADCPA101,level_7_interrupt,level_7_interrupt,,,,1,RS01SBPS,PC01A,VADCP
RS01SBPS-PC01A-06-VADCPA101,pressure,pressure,,,,daPa,RS01SBPS,PC01A,VADCP
RS01SBPS-PC01A-06-VADCPA101,pressure_variance,pressure_variance,,,,daPa,RS01SBPS,PC01A,VADCP
RS01SBPS-PC01A-06-VADCPA101,velocity_data_id,velocity_data_id,,,,1,RS01SBPS,PC01A,VADCP
RS01SBPS-PC01A-06-VADCPA101,water_velocity_east,water_velocity_east,,,L0,mm s-1,RS01SBPS,PC01A,VADCP
RS01SBPS-PC01A-06-VADCPA101,water_velocity_north,water_velocity_north,,,L0,mm s-1,RS01SBPS,PC01A,VADCP
RS01SBPS-PC01A-06-VADCPA101,water_velocity_up,water_velocity_up,,,L0,mm s-1,RS01SBPS,PC01A,VADCP
RS01SBPS-PC01A-06-VADCPA101,error_velocity,error_velocity,,,L0,mm s-1,RS01SBPS,PC01A,VADCP
RS01SBPS-PC01A-06-VADCPA101,correlation_magnitude_id,correlation_magnitude_id,,,,1,RS01SBPS,PC01A,VADCP
RS01SBPS-PC01A-06-VADCPA101,correlation_magnitude_beam1,correlation_magnitude_beam1,,,,1,RS01SBPS,PC01A,VADCP
RS01SBPS-PC01A-06-VADCPA101,correlation_magnitude_beam2,correlation_magnitude_beam2,,,,1,RS01SBPS,PC01A,VADCP
RS01SBPS-PC01A-06-VADCPA101,correlation_magnitude_beam3,correlation_magnitude_beam3,,,,1,RS01SBPS,PC01A,VADCP
RS01SBPS-PC01A-06-VADCPA101,correlation_magnitude_beam4,correlation_magnitude_beam4,,,,1,RS01SBPS,PC01A,VADCP
RS01SBPS-PC01A-06-VADCPA101,echo_intensity_id,echo_intensity_id,,,,1,RS01SBPS,PC01A,VADCP
RS01SBPS-PC01A-06-VADCPA101,echo_intensity_beam1,echo_intensity_beam1,,,L0,counts,RS01SBPS,PC01A,VADCP
RS01SBPS-PC01A-06-VADCPA101,echo_intensity_beam2,echo_intensity_beam2,,,L0,counts,RS01SBPS,PC01A,VADCP
RS01SBPS-PC01A-06-VADCPA101,echo_intensity_beam3,echo_intensity_beam3,,,L0,counts,RS01SBPS,PC01A,VADCP
RS01SBPS-PC01A-06-VADCPA101,echo_intensity_beam4,echo_intensity_beam4,,,L0,counts,RS01SBPS,PC01A,VADCP
RS01SBPS-PC01A-06-VADCPA101,percent_good_id,percent_good_id,,,,1,RS01SBPS,PC01A,VADCP
RS01SBPS-PC01A-06-VADCPA101,percent_good_3beam,percent_good_3beam,,,,percent,RS01SBPS,PC01A,VADCP
RS01SBPS-PC01A-06-VADCPA101,percent_transforms_reject,percent_transforms_reject,,,,percent,RS01SBPS,PC01A,VADCP
RS01SBPS-PC01A-06-VADCPA101,percent_bad_beams,percent_bad_beams,,,,percent,RS01SBPS,PC01A,VADCP
RS01SBPS-PC01A-06-VADCPA101,percent_good_4beam,percent_good_4beam,,,,percent,RS01SBPS,PC01A,VADCP
RS01SBPS-PC01A-06-VADCPA101,checksum,checksum,,,,1,RS01SBPS,PC01A,VADCP
RS01SBPS-PC01A-06-VADCPA101,ensemble_start_time,ensemble_start_time,,,,seconds since 1900-01-01,RS01SBPS,PC01A,VADCP
RS01SBPS-PC01A-06-VADCPA101,fluxgate_calibration_timestamp,fluxgate_calibration_timestamp,,,,seconds since 1900-01-01,RS01SBPS,PC01A,VADCP
RS01SBPS-PC01A-06-VADCPA101,s_inverse_bx,s_inverse_bx,,,,1,RS01SBPS,PC01A,VADCP
RS01SBPS-PC01A-06-VADCPA101,s_inverse_by,s_inverse_by,,,,1,RS01SBPS,PC01A,VADCP
RS01SBPS-PC01A-06-VADCPA101,s_inverse_bz,s_inverse_bz,,,,1,RS01SBPS,PC01A,VADCP
RS01SBPS-PC01A-06-VADCPA101,s_inverse_err,s_inverse_err,,,,1,RS01SBPS,PC01A,VADCP
RS01SBPS-PC01A-06-VADCPA101,coil_offset,coil_offset,,,,1,RS01SBPS,PC01A,VADCP
RS01SBPS-PC01A-06-VADCPA101,electrical_null,electrical_null,,,,1,RS01SBPS,PC01A,VADCP
RS01SBPS-PC01A-06-VADCPA101,tilt_calibration_timestamp,tilt_calibration_timestamp,,,,seconds since 1900-01-01,RS01SBPS,PC01A,VADCP
RS01SBPS-PC01A-06-VADCPA101,roll_up_down,roll_up_down,,,,1,RS01SBPS,PC01A,VADCP
RS01SBPS-PC01A-06-VADCPA101,pitch_up_down,pitch_up_down,,,,1,RS01SBPS,PC01A,VADCP
RS01SBPS-PC01A-06-VADCPA101,offset_up_down,offset_up_down,,,,1,RS01SBPS,PC01A,VADCP
RS01SBPS-PC01A-06-VADCPA101,tilt_null,tilt_null,,,,1,RS01SBPS,PC01A,VADCP
RS01SBPS-PC01A-06-VADCPA101,transducer_frequency,transducer_frequency,,,,Hz,RS01SBPS,PC01A,VADCP
RS01SBPS-PC01A-06-VADCPA101,configuration,configuration,,,,1,RS01SBPS,PC01A,VADCP
RS01SBPS-PC01A-06-VADCPA101,match_layer,match_layer,,,,1,RS01SBPS,PC01A,VADCP
RS01SBPS-PC01A-06-VADCPA101,beam_pattern,beam_pattern,,,,1,RS01SBPS,PC01A,VADCP
RS01SBPS-PC01A-06-VADCPA101,orientation,orientation,,,,1,RS01SBPS,PC01A,VADCP
RS01SBPS-PC01A-06-VADCPA101,sensors,sensors,,,,1,RS01SBPS,PC01A,VADCP
RS01SBPS-PC01A-06-VADCPA101,pressure_coeff_c3,pressure_coeff_c3,,,,1,RS01SBPS,PC01A,VADCP
RS01SBPS-PC01A-06-VADCPA101,pressure_coeff_c2,pressure_coeff_c2,,,,1,RS01SBPS,PC01A,VADCP
RS01SBPS-PC01A-06-VADCPA101,pressure_coeff_c1,pressure_coeff_c1,,,,1,RS01SBPS,PC01A,VADCP
RS01SBPS-PC01A-06-VADCPA101,pressure_coeff_offset,pressure_coeff_offset,,,,1,RS01SBPS,PC01A,VADCP
RS01SBPS-PC01A-06-VADCPA101,temperature_sensor_offset,temperature_sensor_offset,,,,deg_C,RS01SBPS,PC01A,VADCP
RS01SBPS-PC01A-06-VADCPA101,cpu_firmware,cpu_firmware,,,,1,RS01SBPS,PC01A,VADCP
RS01SBPS-PC01A-06-VADCPA101,boot_code_required,boot_code_required,,,,1,RS01SBPS,PC01A,VADCP
RS01SBPS-PC01A-06-VADCPA101,boot_code_actual,boot_code_actual,,,,1,RS01SBPS,PC01A,VADCP
RS01SBPS-PC01A-06-VADCPA101,demod_1_version,demod_1_version,,,,1,RS01SBPS,PC01A,VADCP
RS01SBPS-PC01A-06-VADCPA101,demod_1_type,demod_1_type,,,,1,RS01SBPS,PC01A,VADCP
RS01SBPS-PC01A-06-VADCPA101,demod_2_version,demod_2_version,,,,1,RS01SBPS,PC01A,VADCP
RS01SBPS-PC01A-06-VADCPA101,demod_2_type,demod_2_type,,,,1,RS01SBPS,PC01A,VADCP
RS01SBPS-PC01A-06-VADCPA101,power_timing_version,power_timing_version,,,,1,RS01SBPS,PC01A,VADCP
RS01SBPS-PC01A-06-VADCPA101,power_timing_type,power_timing_type,,,,1,RS01SBPS,PC01A,VADCP
RS01SBPS-PC01A-06-VADCPA101,board_serial_numbers,board_serial_numbers,,,,1,RS01SBPS,PC01A,VADCP
RS01SBPS-PC01A-06-VADCPA101,beam_1_velocity,beam_1_velocity,,,L0,mm s-1,RS01SBPS,PC01A,VADCP
RS01SBPS-PC01A-06-VADCPA101,beam_2_velocity,beam_2_velocity,,,L0,mm s-1,RS01SBPS,PC01A,VADCP
RS01SBPS-PC01A-06-VADCPA101,beam_3_velocity,beam_3_velocity,,,L0,mm s-1,RS01SBPS,PC01A,VADCP
RS01SBPS-PC01A-06-VADCPA101,beam_4_velocity,beam_4_velocity,,,L0,mm s-1,RS01SBPS,PC01A,VADCP
RS01SBPS-PC01A-06-VADCPA101,percent_good_beam1,percent_good_beam1,,,,percent,RS01SBPS,PC01A,VADCP
RS01SBPS-PC01A-06-VADCPA101,percent_good_beam2,percent_good_beam2,,,,percent,RS01SBPS,PC01A,VADCP
RS01SBPS-PC01A-06-VADCPA101,percent_good_beam3,percent_good_beam3,,,,percent,RS01SBPS,PC01A,VADCP
RS01SBPS-PC01A-06-VADCPA101,percent_good_beam4,percent_good_beam4,,,,percent,RS01SBPS,PC01A,VADCP
RS01SBPS-PC01A-06-VADCPA101,real_time_clock,real_time_clock,,,,1,RS01SBPS,PC01A,VADCP
RS01SBPS-PC01A-06-VADCPA101,calibration_temp,calibration_temp,,,,deg_C,RS01SBPS,PC01A,VADCP
RS01SBPS-PC01A-06-VADCPA101,eastward_beam_seawater_velocity,eastward_beam_seawater_velocity,-3,3,L1,m s-1,RS01SBPS,PC01A,VADCP
RS01SBPS-PC01A-06-VADCPA101,northward_beam_seawater_velocity,northward_beam_seawater_velocity,-3,3,L1,m s-1,RS01SBPS,PC01A,VADCP
RS01SBPS-PC01A-06-VADCPA101,upward_seawater_velocity,upward_seawater_velocity,-1,1,L1,m s-1,RS01SBPS,PC01A,VADCP
RS01SBPS-PC01A-06-VADCPA101,beam_error_velocity,beam_error_velocity,-1,1,L1,m s-1,RS01SBPS,PC01A,VADCP
RS01SBPS-PC01A-07-CAMDSC102,,,,,,,RS01SBPS,PC01A,CAMDS
RS01SBPS-PC01A-07-CAMDSC102,port_timestamp,port_timestamp,,,,seconds since 1900-01-01,RS01SBPS,PC01A,CAMDS
RS01SBPS-PC01A-07-CAMDSC102,driver_timestamp,driver_timestamp,,,,seconds since 1900-01-01,RS01SBPS,PC01A,CAMDS
RS01SBPS-PC01A-07-CAMDSC102,internal_timestamp,internal_timestamp,,,,seconds since 1900-01-01,RS01SBPS,PC01A,CAMDS
RS01SBPS-PC01A-07-CAMDSC102,preferred_timestamp,preferred_timestamp,,,,1,RS01SBPS,PC01A,CAMDS
RS01SBPS-PC01A-07-CAMDSC102,camds_pan_position,camds_pan_position,,,,degrees,RS01SBPS,PC01A,CAMDS
RS01SBPS-PC01A-07-CAMDSC102,camds_tilt_position,camds_tilt_position,,,,degrees,RS01SBPS,PC01A,CAMDS
RS01SBPS-PC01A-07-CAMDSC102,camds_focus_position,camds_focus_position,,,,1,RS01SBPS,PC01A,CAMDS
RS01SBPS-PC01A-07-CAMDSC102,camds_zoom_position,camds_zoom_position,,,,1,RS01SBPS,PC01A,CAMDS
RS01SBPS-PC01A-07-CAMDSC102,camds_iris_position,camds_iris_position,,,,1,RS01SBPS,PC01A,CAMDS
RS01SBPS-PC01A-07-CAMDSC102,camds_gain,camds_gain,,,,1,RS01SBPS,PC01A,CAMDS
RS01SBPS-PC01A-07-CAMDSC102,camds_resolution,camds_resolution,,,,1,RS01SBPS,PC01A,CAMDS
RS01SBPS-PC01A-07-CAMDSC102,camds_brightness,camds_brightness,,,,1,RS01SBPS,PC01A,CAMDS
RS01SBPS-PC01A-07-CAMDSC102,camds_temp,camds_temp,,,,DegreesC,RS01SBPS,PC01A,CAMDS
RS01SBPS-PC01A-07-CAMDSC102,camds_humidity,camds_humidity,,,,percent,RS01SBPS,PC01A,CAMDS
RS01SBPS-PC01A-07-CAMDSC102,camds_error,camds_error,,,,1,RS01SBPS,PC01A,CAMDS
RS01SBPS-PC01A-07-CAMDSC102,camds_disk_size,camds_disk_size,,,,MB,RS01SBPS,PC01A,CAMDS
RS01SBPS-PC01A-07-CAMDSC102,camds_disk_remaining,camds_disk_remaining,,,,%,RS01SBPS,PC01A,CAMDS
RS01SBPS-PC01A-07-CAMDSC102,camds_images_remaining,camds_images_remaining,,,,counts,RS01SBPS,PC01A,CAMDS
RS01SBPS-PC01A-07-CAMDSC102,camds_images_on_disk,camds_images_on_disk,,,,counts,RS01SBPS,PC01A,CAMDS
RS01SBPS-PC01A-07-CAMDSC102,raw,raw,,,,,RS01SBPS,PC01A,CAMDS
RS01SBPS-PC01A-07-CAMDSC102,time,time,,,,seconds since 1900-01-01,RS01SBPS,PC01A,CAMDS
RS01SBPS-PC01A-07-CAMDSC102,ingestion_timestamp,ingestion_timestamp,,,,seconds since 1900-01-01,RS01SBPS,PC01A,CAMDS
RS01SBPS-PC01A-4A-CTDPFA103,port_timestamp,port_timestamp,,,ENG,seconds since 1900-01-01,RS01SBPS,PC01A,CTDPF
RS01SBPS-PC01A-4A-CTDPFA103,enable_text,enable_text,,,ENG,1,RS01SBPS,PC01A,CTDPF
RS01SBPS-PC01A-4A-CTDPFA103,driver_timestamp,driver_timestamp,,,ENG,seconds since 1900-01-01,RS01SBPS,PC01A,CTDPF
RS01SBPS-PC01A-4A-CTDPFA103,firmware_version,firmware_version,,,ENG,1,RS01SBPS,PC01A,CTDPF
RS01SBPS-PC01A-4A-CTDPFA103,pressure_sensor_range,pressure_sensor_range,,,ENG,psi,RS01SBPS,PC01A,CTDPF
RS01SBPS-PC01A-4A-CTDPFA103,operational_current,operational_current,,,ENG,mA,RS01SBPS,PC01A,CTDPF
RS01SBPS-PC01A-4A-CTDPFA103,battery_voltage_main,battery_voltage_main,,,ENG,V,RS01SBPS,PC01A,CTDPF
RS01SBPS-PC01A-4A-CTDPFA103,battery_voltage_lithium,battery_voltage_lithium,,,ENG,V,RS01SBPS,PC01A,CTDPF
RS01SBPS-PC01A-4A-CTDPFA103,calibration_date_pressure,calibration_date_pressure,,,ENG,1,RS01SBPS,PC01A,CTDPF
RS01SBPS-PC01A-4A-CTDPFA103,preferred_timestamp,preferred_timestamp,,,ENG,1,RS01SBPS,PC01A,CTDPF
RS01SBPS-PC01A-4A-CTDPFA103,press_coeff_poffset,press_coeff_poffset,,,ENG,counts,RS01SBPS,PC01A,CTDPF
RS01SBPS-PC01A-4A-CTDPFA103,calibration_date_temperature,calibration_date_temperature,,,ENG,1,RS01SBPS,PC01A,CTDPF
RS01SBPS-PC01A-4A-CTDPFA103,temp_coeff_ta0,temp_coeff_ta0,,,ENG,counts,RS01SBPS,PC01A,CTDPF
RS01SBPS-PC01A-4A-CTDPFA103,temp_coeff_ta1,temp_coeff_ta1,,,ENG,counts,RS01SBPS,PC01A,CTDPF
RS01SBPS-PC01A-4A-CTDPFA103,temp_coeff_ta2,temp_coeff_ta2,,,ENG,counts,RS01SBPS,PC01A,CTDPF
RS01SBPS-PC01A-4A-CTDPFA103,temp_coeff_ta3,temp_coeff_ta3,,,ENG,counts,RS01SBPS,PC01A,CTDPF
RS01SBPS-PC01A-4A-CTDPFA103,calibration_date_conductivity,calibration_date_conductivity,,,ENG,1,RS01SBPS,PC01A,CTDPF
RS01SBPS-PC01A-4A-CTDPFA103,cond_coeff_cg,cond_coeff_cg,,,ENG,counts,RS01SBPS,PC01A,CTDPF
RS01SBPS-PC01A-4A-CTDPFA103,cond_coeff_ch,cond_coeff_ch,,,ENG,counts,RS01SBPS,PC01A,CTDPF
RS01SBPS-PC01A-4A-CTDPFA103,cond_coeff_ci,cond_coeff_ci,,,ENG,counts,RS01SBPS,PC01A,CTDPF
RS01SBPS-PC01A-4A-CTDPFA103,cond_coeff_cj,cond_coeff_cj,,,ENG,counts,RS01SBPS,PC01A,CTDPF
RS01SBPS-PC01A-4A-CTDPFA103,cond_coeff_ctcor,cond_coeff_ctcor,,,ENG,counts,RS01SBPS,PC01A,CTDPF
RS01SBPS-PC01A-4A-CTDPFA103,cond_coeff_cpcor,cond_coeff_cpcor,,,ENG,counts,RS01SBPS,PC01A,CTDPF
RS01SBPS-PC01A-4A-CTDPFA103,cond_coeff_cslope,cond_coeff_cslope,,,ENG,counts,RS01SBPS,PC01A,CTDPF
RS01SBPS-PC01A-4A-CTDPFA103,temperature,temperature,,,L0,counts,RS01SBPS,PC01A,CTDPF
RS01SBPS-PC01A-4A-CTDPFA103,conductivity,conductivity,,,L0,counts,RS01SBPS,PC01A,CTDPF
RS01SBPS-PC01A-4A-CTDPFA103,pressure,pressure,,,L0,counts,RS01SBPS,PC01A,CTDPF
RS01SBPS-PC01A-4A-CTDPFA103,pressure_temp,pressure_temp,,,L0,counts,RS01SBPS,PC01A,CTDPF
RS01SBPS-PC01A-4A-CTDPFA103,oxygen,oxygen,,,L0,counts,RS01SBPS,PC01A,CTDPF
RS01SBPS-PC01A-4A-CTDPFA103,pump_current,pump_current,,,ENG,mA,RS01SBPS,PC01A,CTDPF
RS01SBPS-PC01A-4A-CTDPFA103,ext_v01_current,ext_v01_current,,,ENG,mA,RS01SBPS,PC01A,CTDPF
RS01SBPS-PC01A-4A-CTDPFA103,serial_current,serial_current,,,ENG,mA,RS01SBPS,PC01A,CTDPF
RS01SBPS-PC01A-4A-CTDPFA103,logging_status,logging_status,,,ENG,1,RS01SBPS,PC01A,CTDPF
RS01SBPS-PC01A-4A-CTDPFA103,num_samples,num_samples,,,ENG,counts,RS01SBPS,PC01A,CTDPF
RS01SBPS-PC01A-4A-CTDPFA103,mem_free,mem_free,,,ENG,bytes,RS01SBPS,PC01A,CTDPF
RS01SBPS-PC01A-4A-CTDPFA103,battery_cutoff,battery_cutoff,,,ENG,V,RS01SBPS,PC01A,CTDPF
RS01SBPS-PC01A-4A-CTDPFA103,pressure_sensor_type,pressure_sensor_type,,,ENG,1,RS01SBPS,PC01A,CTDPF
RS01SBPS-PC01A-4A-CTDPFA103,sbe38,sbe38,,,ENG,1,RS01SBPS,PC01A,CTDPF
RS01SBPS-PC01A-4A-CTDPFA103,wetlabs,wetlabs,,,ENG,1,RS01SBPS,PC01A,CTDPF
RS01SBPS-PC01A-4A-CTDPFA103,optode,optode,,,ENG,1,RS01SBPS,PC01A,CTDPF
RS01SBPS-PC01A-4A-CTDPFA103,gas_tension_device,gas_tension_device,,,ENG,1,RS01SBPS,PC01A,CTDPF
RS01SBPS-PC01A-4A-CTDPFA103,ext_volt_0,ext_volt_0,,,ENG,1,RS01SBPS,PC01A,CTDPF
RS01SBPS-PC01A-4A-CTDPFA103,ext_volt_1,ext_volt_1,,,ENG,1,RS01SBPS,PC01A,CTDPF
RS01SBPS-PC01A-4A-CTDPFA103,ext_volt_2,ext_volt_2,,,ENG,1,RS01SBPS,PC01A,CTDPF
RS01SBPS-PC01A-4A-CTDPFA103,ext_volt_3,ext_volt_3,,,ENG,1,RS01SBPS,PC01A,CTDPF
RS01SBPS-PC01A-4A-CTDPFA103,ext_volt_4,ext_volt_4,,,ENG,1,RS01SBPS,PC01A,CTDPF
RS01SBPS-PC01A-4A-CTDPFA103,ext_volt_5,ext_volt_5,,,ENG,1,RS01SBPS,PC01A,CTDPF
RS01SBPS-PC01A-4A-CTDPFA103,echo_characters,echo_characters,,,ENG,1,RS01SBPS,PC01A,CTDPF
RS01SBPS-PC01A-4A-CTDPFA103,output_format,output_format,,,ENG,1,RS01SBPS,PC01A,CTDPF
RS01SBPS-PC01A-4A-CTDPFA103,strain_pressure_sensor_serial_number,strain_pressure_sensor_serial_number,,,ENG,1,RS01SBPS,PC01A,CTDPF
RS01SBPS-PC01A-4A-CTDPFA103,volt0_type,volt0_type,,,ENG,1,RS01SBPS,PC01A,CTDPF
RS01SBPS-PC01A-4A-CTDPFA103,volt0_serial_number,volt0_serial_number,,,ENG,1,RS01SBPS,PC01A,CTDPF
RS01SBPS-PC01A-4A-CTDPFA103,volt1_type,volt1_type,,,ENG,1,RS01SBPS,PC01A,CTDPF
RS01SBPS-PC01A-4A-CTDPFA103,volt1_serial_number,volt1_serial_number,,,ENG,1,RS01SBPS,PC01A,CTDPF
RS01SBPS-PC01A-4A-CTDPFA103,temp_coeff_offset,temp_coeff_offset,,,ENG,counts,RS01SBPS,PC01A,CTDPF
RS01SBPS-PC01A-4A-CTDPFA103,profiles,profiles,,,ENG,counts,RS01SBPS,PC01A,CTDPF
RS01SBPS-PC01A-4A-CTDPFA103,scans_to_average,scans_to_average,,,ENG,counts,RS01SBPS,PC01A,CTDPF
RS01SBPS-PC01A-4A-CTDPFA103,min_cond_freq,min_cond_freq,,,ENG,counts,RS01SBPS,PC01A,CTDPF
RS01SBPS-PC01A-4A-CTDPFA103,pump_delay,pump_delay,,,ENG,counts,RS01SBPS,PC01A,CTDPF
RS01SBPS-PC01A-4A-CTDPFA103,auto_run,auto_run,,,ENG,1,RS01SBPS,PC01A,CTDPF
RS01SBPS-PC01A-4A-CTDPFA103,ignore_switch,ignore_switch,,,ENG,1,RS01SBPS,PC01A,CTDPF
RS01SBPS-PC01A-4A-CTDPFA103,battery_type,battery_type,,,ENG,1,RS01SBPS,PC01A,CTDPF
RS01SBPS-PC01A-4A-CTDPFA103,sbe63,sbe63,,,ENG,1,RS01SBPS,PC01A,CTDPF
RS01SBPS-PC01A-4A-CTDPFA103,calphase,calphase,,,ENG,degrees,RS01SBPS,PC01A,CTDPF
RS01SBPS-PC01A-4A-CTDPFA103,enable_temperature,enable_temperature,,,ENG,1,RS01SBPS,PC01A,CTDPF
RS01SBPS-PC01A-4A-CTDPFA103,enable_humiditycomp,enable_humiditycomp,,,ENG,1,RS01SBPS,PC01A,CTDPF
RS01SBPS-PC01A-4A-CTDPFA103,enable_airsaturation,enable_airsaturation,,,ENG,1,RS01SBPS,PC01A,CTDPF
RS01SBPS-PC01A-4A-CTDPFA103,enable_rawdata,enable_rawdata,,,ENG,1,RS01SBPS,PC01A,CTDPF
RS01SBPS-PC01A-4A-CTDPFA103,analog_output,analog_output,,,ENG,1,RS01SBPS,PC01A,CTDPF
RS01SBPS-PC01A-4A-CTDPFA103,interval,interval,,,ENG,seconds,RS01SBPS,PC01A,CTDPF
RS01SBPS-PC01A-4A-CTDPFA103,press_coeff_pa0,press_coeff_pa0,,,ENG,counts,RS01SBPS,PC01A,CTDPF
RS01SBPS-PC01A-4A-CTDPFA103,press_coeff_pa1,press_coeff_pa1,,,ENG,counts,RS01SBPS,PC01A,CTDPF
RS01SBPS-PC01A-4A-CTDPFA103,press_coeff_pa2,press_coeff_pa2,,,ENG,counts,RS01SBPS,PC01A,CTDPF
RS01SBPS-PC01A-4A-CTDPFA103,press_coeff_ptempa0,press_coeff_ptempa0,,,,1,RS01SBPS,PC01A,CTDPF
RS01SBPS-PC01A-4A-CTDPFA103,press_coeff_ptempa1,press_coeff_ptempa1,,,,1,RS01SBPS,PC01A,CTDPF
RS01SBPS-PC01A-4A-CTDPFA103,press_coeff_ptempa2,press_coeff_ptempa2,,,,1,RS01SBPS,PC01A,CTDPF
RS01SBPS-PC01A-4A-CTDPFA103,press_coeff_ptca0,press_coeff_ptca0,,,,1,RS01SBPS,PC01A,CTDPF
RS01SBPS-PC01A-4A-CTDPFA103,press_coeff_ptca1,press_coeff_ptca1,,,,1,RS01SBPS,PC01A,CTDPF
RS01SBPS-PC01A-4A-CTDPFA103,press_coeff_ptca2,press_coeff_ptca2,,,,1,RS01SBPS,PC01A,CTDPF
RS01SBPS-PC01A-4A-CTDPFA103,press_coeff_ptcb0,press_coeff_ptcb0,,,,1,RS01SBPS,PC01A,CTDPF
RS01SBPS-PC01A-4A-CTDPFA103,press_coeff_ptcb1,press_coeff_ptcb1,,,,1,RS01SBPS,PC01A,CTDPF
RS01SBPS-PC01A-4A-CTDPFA103,press_coeff_ptcb2,press_coeff_ptcb2,,,,1,RS01SBPS,PC01A,CTDPF
RS01SBPS-PC01A-4A-CTDPFA103,ext_volt0_slope,ext_volt0_slope,,,ENG,counts,RS01SBPS,PC01A,CTDPF
RS01SBPS-PC01A-4A-CTDPFA103,ext_volt0_offset,ext_volt0_offset,,,ENG,counts,RS01SBPS,PC01A,CTDPF
RS01SBPS-PC01A-4A-CTDPFA103,ext_volt1_slope,ext_volt1_slope,,,ENG,counts,RS01SBPS,PC01A,CTDPF
RS01SBPS-PC01A-4A-CTDPFA103,ext_volt1_offset,ext_volt1_offset,,,ENG,counts,RS01SBPS,PC01A,CTDPF
RS01SBPS-PC01A-4A-CTDPFA103,ext_volt2_slope,ext_volt2_slope,,,ENG,counts,RS01SBPS,PC01A,CTDPF
RS01SBPS-PC01A-4A-CTDPFA103,ext_volt2_offset,ext_volt2_offset,,,ENG,counts,RS01SBPS,PC01A,CTDPF
RS01SBPS-PC01A-4A-CTDPFA103,ext_volt3_slope,ext_volt3_slope,,,ENG,counts,RS01SBPS,PC01A,CTDPF
RS01SBPS-PC01A-4A-CTDPFA103,ext_volt3_offset,ext_volt3_offset,,,ENG,counts,RS01SBPS,PC01A,CTDPF
RS01SBPS-PC01A-4A-CTDPFA103,ext_volt4_slope,ext_volt4_slope,,,ENG,counts,RS01SBPS,PC01A,CTDPF
RS01SBPS-PC01A-4A-CTDPFA103,ext_volt4_offset,ext_volt4_offset,,,ENG,counts,RS01SBPS,PC01A,CTDPF
RS01SBPS-PC01A-4A-CTDPFA103,ext_volt5_slope,ext_volt5_slope,,,ENG,counts,RS01SBPS,PC01A,CTDPF
RS01SBPS-PC01A-4A-CTDPFA103,ext_volt5_offset,ext_volt5_offset,,,ENG,counts,RS01SBPS,PC01A,CTDPF
RS01SBPS-PC01A-4A-CTDPFA103,ext_freq_sf,ext_freq_sf,,,ENG,counts,RS01SBPS,PC01A,CTDPF
RS01SBPS-PC01A-4A-CTDPFA103,temp_sensor_serial_number,temp_sensor_serial_number,,,ENG,counts,RS01SBPS,PC01A,CTDPF
RS01SBPS-PC01A-4A-CTDPFA103,cond_sensor_serial_number,cond_sensor_serial_number,,,ENG,counts,RS01SBPS,PC01A,CTDPF
RS01SBPS-PC01A-4A-CTDPFA103,command_set_version,command_set_version,,,ENG,1,RS01SBPS,PC01A,CTDPF
RS01SBPS-PC01A-4A-CTDPFA103,assembly_number,assembly_number,,,ENG,1,RS01SBPS,PC01A,CTDPF
RS01SBPS-PC01A-4A-CTDPFA103,num_events,num_events,,,ENG,counts,RS01SBPS,PC01A,CTDPF
RS01SBPS-PC01A-4A-CTDPFA103,samples_free,samples_free,,,ENG,counts,RS01SBPS,PC01A,CTDPF
RS01SBPS-PC01A-4A-CTDPFA103,sample_length,sample_length,,,ENG,bytes,RS01SBPS,PC01A,CTDPF
RS01SBPS-PC01A-4A-CTDPFA103,output_executed_tag,output_executed_tag,,,ENG,1,RS01SBPS,PC01A,CTDPF
RS01SBPS-PC01A-4A-CTDPFA103,pressure_sensor_serial_number,pressure_sensor_serial_number,,,ENG,counts,RS01SBPS,PC01A,CTDPF
RS01SBPS-PC01A-4A-CTDPFA103,mode,mode,,,ENG,1,RS01SBPS,PC01A,CTDPF
RS01SBPS-PC01A-4A-CTDPFA103,firmware_date,firmware_date,,,ENG,1,RS01SBPS,PC01A,CTDPF
RS01SBPS-PC01A-4A-CTDPFA103,pcb_serial_number,pcb_serial_number,,,ENG,1,RS01SBPS,PC01A,CTDPF
RS01SBPS-PC01A-4A-CTDPFA103,manufacture_date,manufacture_date,,,ENG,1,RS01SBPS,PC01A,CTDPF
RS01SBPS-PC01A-4A-CTDPFA103,serial_number,serial_number,,,ENG,counts,RS01SBPS,PC01A,CTDPF
RS01SBPS-PC01A-4A-CTDPFA103,oxy_calphase,oxy_calphase,,,L0,counts,RS01SBPS,PC01A,CTDPF
RS01SBPS-PC01A-4A-CTDPFA103,oxy_temp,oxy_temp,,,L0,counts,RS01SBPS,PC01A,CTDPF
RS01SBPS-PC01A-4A-CTDPFA103,seawater_temperature,seawater_temperature,-2,40,L1,deg_C,RS01SBPS,PC01A,CTDPF
RS01SBPS-PC01A-4A-CTDPFA103,seawater_pressure,seawater_pressure,0,6000,L1,dbar,RS01SBPS,PC01A,CTDPF
RS01SBPS-PC01A-4A-CTDPFA103,seawater_conductivity,seawater_conductivity,0,6,L1,S m-1,RS01SBPS,PC01A,CTDPF
RS01SBPS-PC01A-4A-CTDPFA103,practical_salinity,practical_salinity,0,42,L2,1,RS01SBPS,PC01A,CTDPF
RS01SBPS-PC01A-4A-CTDPFA103,seawater_density,seawater_density,1000,1100,L2,kg m-3,RS01SBPS,PC01A,CTDPF
RS01SBPS-PC01A-4A-CTDPFA103,date_time_string,date_time_string,,,ENG,1,RS01SBPS,PC01A,CTDPF
RS01SBPS-PC01A-4A-CTDPFA103,ctd_tc_oxygen,ctd_tc_oxygen,,,L1,umol L-1,RS01SBPS,PC01A,CTDPF
RS01SBPS-PC01A-4A-CTDPFA103,ctd_abs_oxygen,ctd_abs_oxygen,0,400,L2,umol kg-1,RS01SBPS,PC01A,CTDPF
RS01SBPS-PC01A-4A-DOSTAD103,port_timestamp,port_timestamp,,,ENG,seconds since 1900-01-01,RS01SBPS,PC01A,DOSTA
RS01SBPS-PC01A-4A-DOSTAD103,driver_timestamp,driver_timestamp,,,ENG,seconds since 1900-01-01,RS01SBPS,PC01A,DOSTA
RS01SBPS-PC01A-4A-DOSTAD103,preferred_timestamp,preferred_timestamp,,,ENG,1,RS01SBPS,PC01A,DOSTA
RS01SBPS-PC01A-4A-DOSTAD103,temperature,temperature,,,L0,counts,RS01SBPS,PC01A,DOSTA
RS01SBPS-PC01A-4A-DOSTAD103,conductivity,conductivity,,,L0,counts,RS01SBPS,PC01A,DOSTA
RS01SBPS-PC01A-4A-DOSTAD103,pressure,pressure,,,L0,counts,RS01SBPS,PC01A,DOSTA
RS01SBPS-PC01A-4A-DOSTAD103,pressure_temp,pressure_temp,,,L0,counts,RS01SBPS,PC01A,DOSTA
RS01SBPS-PC01A-4A-DOSTAD103,oxygen,oxygen,,,L0,counts,RS01SBPS,PC01A,DOSTA
RS01SBPS-PC01A-4A-DOSTAD103,oxy_calphase,oxy_calphase,,,L0,counts,RS01SBPS,PC01A,DOSTA
RS01SBPS-PC01A-4A-DOSTAD103,oxy_temp,oxy_temp,,,L0,counts,RS01SBPS,PC01A,DOSTA
RS01SBPS-PC01A-4A-DOSTAD103,seawater_temperature,seawater_temperature,-2,40,L1,deg_C,RS01SBPS,PC01A,DOSTA
RS01SBPS-PC01A-4A-DOSTAD103,seawater_pressure,seawater_pressure,0,6000,L1,dbar,RS01SBPS,PC01A,DOSTA
RS01SBPS-PC01A-4A-DOSTAD103,seawater_conductivity,seawater_conductivity,0,6,L1,S m-1,RS01SBPS,PC01A,DOSTA
RS01SBPS-PC01A-4A-DOSTAD103,practical_salinity,practical_salinity,0,42,L2,1,RS01SBPS,PC01A,DOSTA
RS01SBPS-PC01A-4A-DOSTAD103,seawater_density,seawater_density,1000,1100,L2,kg m-3,RS01SBPS,PC01A,DOSTA
RS01SBPS-PC01A-4A-DOSTAD103,ctd_tc_oxygen,ctd_tc_oxygen,,,L1,umol L-1,RS01SBPS,PC01A,DOSTA
RS01SBPS-PC01A-4A-DOSTAD103,ctd_abs_oxygen,ctd_abs_oxygen,0,400,L2,umol kg-1,RS01SBPS,PC01A,DOSTA
RS01SBPS-PC01A-4B-PHSENA102,port_timestamp,port_timestamp,,,ENG,seconds since 1900-01-01,RS01SBPS,PC01A,PHSEN
RS01SBPS-PC01A-4B-PHSENA102,driver_timestamp,driver_timestamp,,,ENG,seconds since 1900-01-01,RS01SBPS,PC01A,PHSEN
RS01SBPS-PC01A-4B-PHSENA102,external_device2_fault,external_device2_fault,,,ENG,1,RS01SBPS,PC01A,PHSEN
RS01SBPS-PC01A-4B-PHSENA102,external_device3_fault,external_device3_fault,,,ENG,1,RS01SBPS,PC01A,PHSEN
RS01SBPS-PC01A-4B-PHSENA102,num_data_records,num_data_records,,,ENG,1,RS01SBPS,PC01A,PHSEN
RS01SBPS-PC01A-4B-PHSENA102,num_error_records,num_error_records,,,ENG,1,RS01SBPS,PC01A,PHSEN
RS01SBPS-PC01A-4B-PHSENA102,num_bytes_stored,num_bytes_stored,,,ENG,bytes,RS01SBPS,PC01A,PHSEN
RS01SBPS-PC01A-4B-PHSENA102,number_samples_averaged,number_samples_averaged,,,ENG,counts,RS01SBPS,PC01A,PHSEN
RS01SBPS-PC01A-4B-PHSENA102,number_flushes,number_flushes,,,ENG,counts,RS01SBPS,PC01A,PHSEN
RS01SBPS-PC01A-4B-PHSENA102,pump_on_flush,pump_on_flush,,,ENG,counts,RS01SBPS,PC01A,PHSEN
RS01SBPS-PC01A-4B-PHSENA102,pump_off_flush,pump_off_flush,,,ENG,counts,RS01SBPS,PC01A,PHSEN
RS01SBPS-PC01A-4B-PHSENA102,number_reagent_pumps,number_reagent_pumps,,,ENG,counts,RS01SBPS,PC01A,PHSEN
RS01SBPS-PC01A-4B-PHSENA102,valve_delay,valve_delay,,,ENG,counts,RS01SBPS,PC01A,PHSEN
RS01SBPS-PC01A-4B-PHSENA102,pump_on_ind,pump_on_ind,,,ENG,counts,RS01SBPS,PC01A,PHSEN
RS01SBPS-PC01A-4B-PHSENA102,pv_off_ind,pv_off_ind,,,ENG,counts,RS01SBPS,PC01A,PHSEN
RS01SBPS-PC01A-4B-PHSENA102,number_blanks,number_blanks,,,ENG,counts,RS01SBPS,PC01A,PHSEN
RS01SBPS-PC01A-4B-PHSENA102,pump_measure_t,pump_measure_t,,,ENG,counts,RS01SBPS,PC01A,PHSEN
RS01SBPS-PC01A-4B-PHSENA102,pump_off_to_measure,pump_off_to_measure,,,ENG,counts,RS01SBPS,PC01A,PHSEN
RS01SBPS-PC01A-4B-PHSENA102,measure_to_pump_on,measure_to_pump_on,,,ENG,counts,RS01SBPS,PC01A,PHSEN
RS01SBPS-PC01A-4B-PHSENA102,number_measurements,number_measurements,,,ENG,counts,RS01SBPS,PC01A,PHSEN
RS01SBPS-PC01A-4B-PHSENA102,salinity_delay,salinity_delay,,,ENG,counts,RS01SBPS,PC01A,PHSEN
RS01SBPS-PC01A-4B-PHSENA102,internal_timestamp,internal_timestamp,,,ENG,seconds since 1900-01-01,RS01SBPS,PC01A,PHSEN
RS01SBPS-PC01A-4B-PHSENA102,pco2w_battery_voltage,pco2w_battery_voltage,,,ENG,counts,RS01SBPS,PC01A,PHSEN
RS01SBPS-PC01A-4B-PHSENA102,pco2w_thermistor_voltage,pco2w_thermistor_voltage,,,ENG,counts,RS01SBPS,PC01A,PHSEN
RS01SBPS-PC01A-4B-PHSENA102,phsen_battery_volts,phsen_battery_volts,,,ENG,V,RS01SBPS,PC01A,PHSEN
RS01SBPS-PC01A-4B-PHSENA102,ph_light_measurements,ph_light_measurements,,,ENG,counts,RS01SBPS,PC01A,PHSEN
RS01SBPS-PC01A-4B-PHSENA102,checksum,checksum,,,ENG,1,RS01SBPS,PC01A,PHSEN
RS01SBPS-PC01A-4B-PHSENA102,unique_id,unique_id,,,ENG,1,RS01SBPS,PC01A,PHSEN
RS01SBPS-PC01A-4B-PHSENA102,record_length,record_length,,,ENG,1,RS01SBPS,PC01A,PHSEN
RS01SBPS-PC01A-4B-PHSENA102,record_type,record_type,,,ENG,1,RS01SBPS,PC01A,PHSEN
RS01SBPS-PC01A-4B-PHSENA102,record_time,record_time,,,ENG,seconds since 1904-01-01,RS01SBPS,PC01A,PHSEN
RS01SBPS-PC01A-4B-PHSENA102,voltage_battery,voltage_battery,,,ENG,counts,RS01SBPS,PC01A,PHSEN
RS01SBPS-PC01A-4B-PHSENA102,elapsed_time_config,elapsed_time_config,,,ENG,s,RS01SBPS,PC01A,PHSEN
RS01SBPS-PC01A-4B-PHSENA102,clock_active,clock_active,,,ENG,1,RS01SBPS,PC01A,PHSEN
RS01SBPS-PC01A-4B-PHSENA102,recording_active,recording_active,,,ENG,1,RS01SBPS,PC01A,PHSEN
RS01SBPS-PC01A-4B-PHSENA102,record_end_on_time,record_end_on_time,,,ENG,1,RS01SBPS,PC01A,PHSEN
RS01SBPS-PC01A-4B-PHSENA102,record_memory_full,record_memory_full,,,ENG,1,RS01SBPS,PC01A,PHSEN
RS01SBPS-PC01A-4B-PHSENA102,record_end_on_error,record_end_on_error,,,ENG,1,RS01SBPS,PC01A,PHSEN
RS01SBPS-PC01A-4B-PHSENA102,data_download_ok,data_download_ok,,,ENG,1,RS01SBPS,PC01A,PHSEN
RS01SBPS-PC01A-4B-PHSENA102,flash_memory_open,flash_memory_open,,,ENG,1,RS01SBPS,PC01A,PHSEN
RS01SBPS-PC01A-4B-PHSENA102,battery_low_prestart,battery_low_prestart,,,ENG,1,RS01SBPS,PC01A,PHSEN
RS01SBPS-PC01A-4B-PHSENA102,battery_low_measurement,battery_low_measurement,,,ENG,1,RS01SBPS,PC01A,PHSEN
RS01SBPS-PC01A-4B-PHSENA102,battery_low_bank,battery_low_bank,,,ENG,1,RS01SBPS,PC01A,PHSEN
RS01SBPS-PC01A-4B-PHSENA102,battery_low_external,battery_low_external,,,ENG,1,RS01SBPS,PC01A,PHSEN
RS01SBPS-PC01A-4B-PHSENA102,external_device1_fault,external_device1_fault,,,ENG,1,RS01SBPS,PC01A,PHSEN
RS01SBPS-PC01A-4B-PHSENA102,flash_erased,flash_erased,,,ENG,1,RS01SBPS,PC01A,PHSEN
RS01SBPS-PC01A-4B-PHSENA102,power_on_invalid,power_on_invalid,,,ENG,1,RS01SBPS,PC01A,PHSEN
RS01SBPS-PC01A-4B-PHSENA102,launch_time,launch_time,,,ENG,seconds since 1904-01-01,RS01SBPS,PC01A,PHSEN
RS01SBPS-PC01A-4B-PHSENA102,start_time_offset,start_time_offset,,,ENG,s,RS01SBPS,PC01A,PHSEN
RS01SBPS-PC01A-4B-PHSENA102,recording_time,recording_time,,,ENG,s,RS01SBPS,PC01A,PHSEN
RS01SBPS-PC01A-4B-PHSENA102,pmi_sample_schedule,pmi_sample_schedule,,,ENG,1,RS01SBPS,PC01A,PHSEN
RS01SBPS-PC01A-4B-PHSENA102,sami_sample_schedule,sami_sample_schedule,,,ENG,1,RS01SBPS,PC01A,PHSEN
RS01SBPS-PC01A-4B-PHSENA102,slot1_follows_sami_sample,slot1_follows_sami_sample,,,ENG,1,RS01SBPS,PC01A,PHSEN
RS01SBPS-PC01A-4B-PHSENA102,slot1_independent_schedule,slot1_independent_schedule,,,ENG,1,RS01SBPS,PC01A,PHSEN
RS01SBPS-PC01A-4B-PHSENA102,slot2_follows_sami_sample,slot2_follows_sami_sample,,,ENG,1,RS01SBPS,PC01A,PHSEN
RS01SBPS-PC01A-4B-PHSENA102,slot2_independent_schedule,slot2_independent_schedule,,,ENG,1,RS01SBPS,PC01A,PHSEN
RS01SBPS-PC01A-4B-PHSENA102,slot3_follows_sami_sample,slot3_follows_sami_sample,,,ENG,1,RS01SBPS,PC01A,PHSEN
RS01SBPS-PC01A-4B-PHSENA102,slot3_independent_schedule,slot3_independent_schedule,,,ENG,1,RS01SBPS,PC01A,PHSEN
RS01SBPS-PC01A-4B-PHSENA102,timer_interval_sami,timer_interval_sami,,,ENG,s,RS01SBPS,PC01A,PHSEN
RS01SBPS-PC01A-4B-PHSENA102,driver_id_sami,driver_id_sami,,,ENG,1,RS01SBPS,PC01A,PHSEN
RS01SBPS-PC01A-4B-PHSENA102,parameter_pointer_sami,parameter_pointer_sami,,,ENG,1,RS01SBPS,PC01A,PHSEN
RS01SBPS-PC01A-4B-PHSENA102,timer_interval_device1,timer_interval_device1,,,ENG,s,RS01SBPS,PC01A,PHSEN
RS01SBPS-PC01A-4B-PHSENA102,driver_id_device1,driver_id_device1,,,ENG,1,RS01SBPS,PC01A,PHSEN
RS01SBPS-PC01A-4B-PHSENA102,parameter_pointer_device1,parameter_pointer_device1,,,ENG,1,RS01SBPS,PC01A,PHSEN
RS01SBPS-PC01A-4B-PHSENA102,timer_interval_device2,timer_interval_device2,,,ENG,s,RS01SBPS,PC01A,PHSEN
RS01SBPS-PC01A-4B-PHSENA102,driver_id_device2,driver_id_device2,,,ENG,1,RS01SBPS,PC01A,PHSEN
RS01SBPS-PC01A-4B-PHSENA102,parameter_pointer_device2,parameter_pointer_device2,,,ENG,1,RS01SBPS,PC01A,PHSEN
RS01SBPS-PC01A-4B-PHSENA102,timer_interval_device3,timer_interval_device3,,,ENG,s,RS01SBPS,PC01A,PHSEN
RS01SBPS-PC01A-4B-PHSENA102,driver_id_device3,driver_id_device3,,,ENG,1,RS01SBPS,PC01A,PHSEN
RS01SBPS-PC01A-4B-PHSENA102,parameter_pointer_device3,parameter_pointer_device3,,,ENG,1,RS01SBPS,PC01A,PHSEN
RS01SBPS-PC01A-4B-PHSENA102,timer_interval_prestart,timer_interval_prestart,,,ENG,s,RS01SBPS,PC01A,PHSEN
RS01SBPS-PC01A-4B-PHSENA102,driver_id_prestart,driver_id_prestart,,,ENG,1,RS01SBPS,PC01A,PHSEN
RS01SBPS-PC01A-4B-PHSENA102,parameter_pointer_prestart,parameter_pointer_prestart,,,ENG,1,RS01SBPS,PC01A,PHSEN
RS01SBPS-PC01A-4B-PHSENA102,use_baud_rate_57600,use_baud_rate_57600,,,ENG,1,RS01SBPS,PC01A,PHSEN
RS01SBPS-PC01A-4B-PHSENA102,send_record_type,send_record_type,,,ENG,1,RS01SBPS,PC01A,PHSEN
RS01SBPS-PC01A-4B-PHSENA102,send_live_records,send_live_records,,,ENG,1,RS01SBPS,PC01A,PHSEN
RS01SBPS-PC01A-4B-PHSENA102,extend_global_config,extend_global_config,,,ENG,1,RS01SBPS,PC01A,PHSEN
RS01SBPS-PC01A-4B-PHSENA102,time,time,,,ENG,seconds since 1900-01-01,RS01SBPS,PC01A,PHSEN
RS01SBPS-PC01A-4B-PHSENA102,ingestion_timestamp,ingestion_timestamp,,,ENG,seconds since 1900-01-01,RS01SBPS,PC01A,PHSEN
RS01SBPS-PC01A-4B-PHSENA102,thermistor_start,thermistor_start,,,ENG,counts,RS01SBPS,PC01A,PHSEN
RS01SBPS-PC01A-4B-PHSENA102,reference_light_measurements,reference_light_measurements,,,ENG,counts,RS01SBPS,PC01A,PHSEN
RS01SBPS-PC01A-4B-PHSENA102,thermistor_end,thermistor_end,,,L0,counts,RS01SBPS,PC01A,PHSEN
RS01SBPS-PC01A-4B-PHSENA102,signal_intensity_434,signal_intensity_434,,,L0,counts,RS01SBPS,PC01A,PHSEN
RS01SBPS-PC01A-4B-PHSENA102,signal_intensity_578,signal_intensity_578,,,L0,counts,RS01SBPS,PC01A,PHSEN
RS01SBPS-PC01A-4B-PHSENA102,phsen_thermistor_temperature,phsen_thermistor_temperature,,,L1,deg_C,RS01SBPS,PC01A,PHSEN
RS01SBPS-PC01A-4B-PHSENA102,ph_seawater,ph_seawater,7.3,8.5,L1,1,RS01SBPS,PC01A,PHSEN
RS01SBPS-PC01A-4C-FLORDD103,port_timestamp,port_timestamp,,,ENG,seconds since 1900-01-01,RS01SBPS,PC01A,FLORD
RS01SBPS-PC01A-4C-FLORDD103,driver_timestamp,driver_timestamp,,,ENG,seconds since 1900-01-01,RS01SBPS,PC01A,FLORD
RS01SBPS-PC01A-4C-FLORDD103,firmware_version,firmware_version,,,ENG,1,RS01SBPS,PC01A,FLORD
RS01SBPS-PC01A-4C-FLORDD103,date_string,date_string,,,ENG,1,RS01SBPS,PC01A,FLORD
RS01SBPS-PC01A-4C-FLORDD103,time_string,time_string,,,ENG,1,RS01SBPS,PC01A,FLORD
RS01SBPS-PC01A-4C-FLORDD103,measurement_wavelength_beta,measurement_wavelength_beta,,,ENG,nm,RS01SBPS,PC01A,FLORD
RS01SBPS-PC01A-4C-FLORDD103,raw_signal_beta,raw_signal_beta,,,L0,counts,RS01SBPS,PC01A,FLORD
RS01SBPS-PC01A-4C-FLORDD103,measurement_wavelength_chl,measurement_wavelength_chl,,,ENG,nm,RS01SBPS,PC01A,FLORD
RS01SBPS-PC01A-4C-FLORDD103,raw_signal_chl,raw_signal_chl,,,L0,counts,RS01SBPS,PC01A,FLORD
RS01SBPS-PC01A-4C-FLORDD103,measurement_wavelength_cdom,measurement_wavelength_cdom,,,ENG,nm,RS01SBPS,PC01A,FLORD
RS01SBPS-PC01A-4C-FLORDD103,raw_signal_cdom,raw_signal_cdom,,,L0,counts,RS01SBPS,PC01A,FLORD
RS01SBPS-PC01A-4C-FLORDD103,raw_internal_temp,raw_internal_temp,,,ENG,counts,RS01SBPS,PC01A,FLORD
RS01SBPS-PC01A-4C-FLORDD103,signal_1_scale_factor,signal_1_scale_factor,,,AUX,m-1 sr-1 counts-1,RS01SBPS,PC01A,FLORD
RS01SBPS-PC01A-4C-FLORDD103,signal_1_offset,signal_1_offset,,,AUX,counts,RS01SBPS,PC01A,FLORD
RS01SBPS-PC01A-4C-FLORDD103,signal_2_scale_factor,signal_2_scale_factor,,,AUX,ug L-1 counts-1,RS01SBPS,PC01A,FLORD
RS01SBPS-PC01A-4C-FLORDD103,signal_2_offset,signal_2_offset,,,AUX,counts,RS01SBPS,PC01A,FLORD
RS01SBPS-PC01A-4C-FLORDD103,signal_3_scale_factor,signal_3_scale_factor,,,AUX,ppb counts-1,RS01SBPS,PC01A,FLORD
RS01SBPS-PC01A-4C-FLORDD103,signal_3_offset,signal_3_offset,,,AUX,counts,RS01SBPS,PC01A,FLORD
RS01SBPS-PC01A-4C-FLORDD103,total_volume_scattering_coefficient,total_volume_scattering_coefficient,,,L1,m-1 sr-1,RS01SBPS,PC01A,FLORD
RS01SBPS-PC01A-4C-FLORDD103,fluorometric_chlorophyll_a,fluorometric_chlorophyll_a,0,50,L1,ug L-1,RS01SBPS,PC01A,FLORD
RS01SBPS-PC01A-4C-FLORDD103,fluorometric_cdom,fluorometric_cdom,0,375,L1,ppb,RS01SBPS,PC01A,FLORD
RS01SBPS-PC01A-4C-FLORDD103,internal_timestamp,internal_timestamp,,,ENG,seconds since 1900-01-01,RS01SBPS,PC01A,FLORD
RS01SBPS-PC01A-4C-FLORDD103,preferred_timestamp,preferred_timestamp,,,ENG,1,RS01SBPS,PC01A,FLORD
RS01SBPS-PC01A-4C-FLORDD103,number_measurements_per_reported_value,number_measurements_per_reported_value,,,ENG,counts,RS01SBPS,PC01A,FLORD
RS01SBPS-PC01A-4C-FLORDD103,number_of_reported_values_per_packet,number_of_reported_values_per_packet,,,ENG,counts,RS01SBPS,PC01A,FLORD
RS01SBPS-PC01A-4C-FLORDD103,measurement_1_dark_count_value,measurement_1_dark_count_value,,,ENG,counts,RS01SBPS,PC01A,FLORD
RS01SBPS-PC01A-4C-FLORDD103,measurement_2_dark_count_value,measurement_2_dark_count_value,,,ENG,counts,RS01SBPS,PC01A,FLORD
RS01SBPS-PC01A-4C-FLORDD103,measurement_3_dark_count_value,measurement_3_dark_count_value,,,ENG,counts,RS01SBPS,PC01A,FLORD
RS01SBPS-PC01A-4C-FLORDD103,measurement_1_slope_value,measurement_1_slope_value,,,ENG,m-1 sr-1 counts-1,RS01SBPS,PC01A,FLORD
RS01SBPS-PC01A-4C-FLORDD103,measurement_2_slope_value,measurement_2_slope_value,,,ENG,ug L-1 counts-1,RS01SBPS,PC01A,FLORD
RS01SBPS-PC01A-4C-FLORDD103,measurement_3_slope_value,measurement_3_slope_value,,,ENG,ppb counts-1,RS01SBPS,PC01A,FLORD
RS01SBPS-PC01A-4C-FLORDD103,predefined_output_sequence,predefined_output_sequence,,,ENG,mode,RS01SBPS,PC01A,FLORD
RS01SBPS-PC01A-4C-FLORDD103,baud_rate,baud_rate,,,ENG,Bd,RS01SBPS,PC01A,FLORD
RS01SBPS-PC01A-4C-FLORDD103,number_of_packets_per_set,number_of_packets_per_set,,,ENG,counts,RS01SBPS,PC01A,FLORD
RS01SBPS-PC01A-4C-FLORDD103,recording_mode,recording_mode,,,ENG,mode,RS01SBPS,PC01A,FLORD
RS01SBPS-PC01A-4C-FLORDD103,manual_mode,manual_mode,,,ENG,mode,RS01SBPS,PC01A,FLORD
RS01SBPS-PC01A-4C-FLORDD103,sampling_interval,sampling_interval,,,ENG,1,RS01SBPS,PC01A,FLORD
RS01SBPS-PC01A-4C-FLORDD103,date,date,,,ENG,1,RS01SBPS,PC01A,FLORD
RS01SBPS-PC01A-4C-FLORDD103,clock,clock,,,ENG,1,RS01SBPS,PC01A,FLORD
RS01SBPS-PC01A-4C-FLORDD103,manual_start_time,manual_start_time,,,ENG,1,RS01SBPS,PC01A,FLORD
RS01SBPS-PC01A-4C-FLORDD103,internal_memory,internal_memory,,,ENG,bytes,RS01SBPS,PC01A,FLORD
RS01SBPS-PC01A-4C-FLORDD103,serial_number,serial_number,,,ENG,1,RS01SBPS,PC01A,FLORD
RS01SBPS-PC01A-4C-FLORDD103,flort_d_bback_total,flort_d_bback_total,0.0003,1,L2,m-1,RS01SBPS,PC01A,FLORD
RS01SBPS-PC01A-4C-FLORDD103,flort_d_scat_seawater,flort_d_scat_seawater,,,AUX,m-1,RS01SBPS,PC01A,FLORD
RS01SBPS-PC01A-4C-FLORDD103,time,time,,,ENG,seconds since 1900-01-01,RS01SBPS,PC01A,FLORD
RS01SBPS-PC01A-4C-FLORDD103,ingestion_timestamp,ingestion_timestamp,,,ENG,seconds since 1900-01-01,RS01SBPS,PC01A,FLORD
RS01SBPS-SF01A-2A-CTDPFA102,port_timestamp,port_timestamp,,,ENG,seconds since 1900-01-01,RS01SBPS,SF01A,CTDPF
RS01SBPS-SF01A-2A-CTDPFA102,driver_timestamp,driver_timestamp,,,ENG,seconds since 1900-01-01,RS01SBPS,SF01A,CTDPF
RS01SBPS-SF01A-2A-CTDPFA102,firmware_version,firmware_version,,,ENG,1,RS01SBPS,SF01A,CTDPF
RS01SBPS-SF01A-2A-CTDPFA102,pressure_sensor_range,pressure_sensor_range,,,ENG,psi,RS01SBPS,SF01A,CTDPF
RS01SBPS-SF01A-2A-CTDPFA102,operational_current,operational_current,,,ENG,mA,RS01SBPS,SF01A,CTDPF
RS01SBPS-SF01A-2A-CTDPFA102,battery_voltage_main,battery_voltage_main,,,ENG,V,RS01SBPS,SF01A,CTDPF
RS01SBPS-SF01A-2A-CTDPFA102,battery_voltage_lithium,battery_voltage_lithium,,,ENG,V,RS01SBPS,SF01A,CTDPF
RS01SBPS-SF01A-2A-CTDPFA102,calibration_date_pressure,calibration_date_pressure,,,ENG,1,RS01SBPS,SF01A,CTDPF
RS01SBPS-SF01A-2A-CTDPFA102,preferred_timestamp,preferred_timestamp,,,ENG,1,RS01SBPS,SF01A,CTDPF
RS01SBPS-SF01A-2A-CTDPFA102,press_coeff_poffset,press_coeff_poffset,,,ENG,counts,RS01SBPS,SF01A,CTDPF
RS01SBPS-SF01A-2A-CTDPFA102,calibration_date_temperature,calibration_date_temperature,,,ENG,1,RS01SBPS,SF01A,CTDPF
RS01SBPS-SF01A-2A-CTDPFA102,temp_coeff_ta0,temp_coeff_ta0,,,ENG,counts,RS01SBPS,SF01A,CTDPF
RS01SBPS-SF01A-2A-CTDPFA102,temp_coeff_ta1,temp_coeff_ta1,,,ENG,counts,RS01SBPS,SF01A,CTDPF
RS01SBPS-SF01A-2A-CTDPFA102,temp_coeff_ta2,temp_coeff_ta2,,,ENG,counts,RS01SBPS,SF01A,CTDPF
RS01SBPS-SF01A-2A-CTDPFA102,temp_coeff_ta3,temp_coeff_ta3,,,ENG,counts,RS01SBPS,SF01A,CTDPF
RS01SBPS-SF01A-2A-CTDPFA102,calibration_date_conductivity,calibration_date_conductivity,,,ENG,1,RS01SBPS,SF01A,CTDPF
RS01SBPS-SF01A-2A-CTDPFA102,cond_coeff_cg,cond_coeff_cg,,,ENG,counts,RS01SBPS,SF01A,CTDPF
RS01SBPS-SF01A-2A-CTDPFA102,cond_coeff_ch,cond_coeff_ch,,,ENG,counts,RS01SBPS,SF01A,CTDPF
RS01SBPS-SF01A-2A-CTDPFA102,cond_coeff_ci,cond_coeff_ci,,,ENG,counts,RS01SBPS,SF01A,CTDPF
RS01SBPS-SF01A-2A-CTDPFA102,cond_coeff_cj,cond_coeff_cj,,,ENG,counts,RS01SBPS,SF01A,CTDPF
RS01SBPS-SF01A-2A-CTDPFA102,cond_coeff_ctcor,cond_coeff_ctcor,,,ENG,counts,RS01SBPS,SF01A,CTDPF
RS01SBPS-SF01A-2A-CTDPFA102,cond_coeff_cpcor,cond_coeff_cpcor,,,ENG,counts,RS01SBPS,SF01A,CTDPF
RS01SBPS-SF01A-2A-CTDPFA102,cond_coeff_cslope,cond_coeff_cslope,,,ENG,counts,RS01SBPS,SF01A,CTDPF
RS01SBPS-SF01A-2A-CTDPFA102,temperature,temperature,,,L0,counts,RS01SBPS,SF01A,CTDPF
RS01SBPS-SF01A-2A-CTDPFA102,conductivity,conductivity,,,L0,counts,RS01SBPS,SF01A,CTDPF
RS01SBPS-SF01A-2A-CTDPFA102,pressure,pressure,,,L0,counts,RS01SBPS,SF01A,CTDPF
RS01SBPS-SF01A-2A-CTDPFA102,pressure_temp,pressure_temp,,,L0,counts,RS01SBPS,SF01A,CTDPF
RS01SBPS-SF01A-2A-CTDPFA102,pump_current,pump_current,,,ENG,mA,RS01SBPS,SF01A,CTDPF
RS01SBPS-SF01A-2A-CTDPFA102,ext_v01_current,ext_v01_current,,,ENG,mA,RS01SBPS,SF01A,CTDPF
RS01SBPS-SF01A-2A-CTDPFA102,logging_status,logging_status,,,ENG,1,RS01SBPS,SF01A,CTDPF
RS01SBPS-SF01A-2A-CTDPFA102,num_samples,num_samples,,,ENG,counts,RS01SBPS,SF01A,CTDPF
RS01SBPS-SF01A-2A-CTDPFA102,mem_free,mem_free,,,ENG,bytes,RS01SBPS,SF01A,CTDPF
RS01SBPS-SF01A-2A-CTDPFA102,battery_cutoff,battery_cutoff,,,ENG,V,RS01SBPS,SF01A,CTDPF
RS01SBPS-SF01A-2A-CTDPFA102,pressure_sensor_type,pressure_sensor_type,,,ENG,1,RS01SBPS,SF01A,CTDPF
RS01SBPS-SF01A-2A-CTDPFA102,sbe38,sbe38,,,ENG,1,RS01SBPS,SF01A,CTDPF
RS01SBPS-SF01A-2A-CTDPFA102,wetlabs,wetlabs,,,ENG,1,RS01SBPS,SF01A,CTDPF
RS01SBPS-SF01A-2A-CTDPFA102,optode,optode,,,ENG,1,RS01SBPS,SF01A,CTDPF
RS01SBPS-SF01A-2A-CTDPFA102,gas_tension_device,gas_tension_device,,,ENG,1,RS01SBPS,SF01A,CTDPF
RS01SBPS-SF01A-2A-CTDPFA102,ext_volt_0,ext_volt_0,,,ENG,1,RS01SBPS,SF01A,CTDPF
RS01SBPS-SF01A-2A-CTDPFA102,ext_volt_1,ext_volt_1,,,ENG,1,RS01SBPS,SF01A,CTDPF
RS01SBPS-SF01A-2A-CTDPFA102,ext_volt_2,ext_volt_2,,,ENG,1,RS01SBPS,SF01A,CTDPF
RS01SBPS-SF01A-2A-CTDPFA102,ext_volt_3,ext_volt_3,,,ENG,1,RS01SBPS,SF01A,CTDPF
RS01SBPS-SF01A-2A-CTDPFA102,ext_volt_4,ext_volt_4,,,ENG,1,RS01SBPS,SF01A,CTDPF
RS01SBPS-SF01A-2A-CTDPFA102,ext_volt_5,ext_volt_5,,,ENG,1,RS01SBPS,SF01A,CTDPF
RS01SBPS-SF01A-2A-CTDPFA102,echo_characters,echo_characters,,,ENG,1,RS01SBPS,SF01A,CTDPF
RS01SBPS-SF01A-2A-CTDPFA102,output_format,output_format,,,ENG,1,RS01SBPS,SF01A,CTDPF
RS01SBPS-SF01A-2A-CTDPFA102,strain_pressure_sensor_serial_number,strain_pressure_sensor_serial_number,,,ENG,1,RS01SBPS,SF01A,CTDPF
RS01SBPS-SF01A-2A-CTDPFA102,volt0_type,volt0_type,,,ENG,1,RS01SBPS,SF01A,CTDPF
RS01SBPS-SF01A-2A-CTDPFA102,volt0_serial_number,volt0_serial_number,,,ENG,1,RS01SBPS,SF01A,CTDPF
RS01SBPS-SF01A-2A-CTDPFA102,temp_coeff_offset,temp_coeff_offset,,,ENG,counts,RS01SBPS,SF01A,CTDPF
RS01SBPS-SF01A-2A-CTDPFA102,profiles,profiles,,,ENG,counts,RS01SBPS,SF01A,CTDPF
RS01SBPS-SF01A-2A-CTDPFA102,scans_to_average,scans_to_average,,,ENG,counts,RS01SBPS,SF01A,CTDPF
RS01SBPS-SF01A-2A-CTDPFA102,min_cond_freq,min_cond_freq,,,ENG,counts,RS01SBPS,SF01A,CTDPF
RS01SBPS-SF01A-2A-CTDPFA102,pump_delay,pump_delay,,,ENG,counts,RS01SBPS,SF01A,CTDPF
RS01SBPS-SF01A-2A-CTDPFA102,auto_run,auto_run,,,ENG,1,RS01SBPS,SF01A,CTDPF
RS01SBPS-SF01A-2A-CTDPFA102,ignore_switch,ignore_switch,,,ENG,1,RS01SBPS,SF01A,CTDPF
RS01SBPS-SF01A-2A-CTDPFA102,battery_type,battery_type,,,ENG,1,RS01SBPS,SF01A,CTDPF
RS01SBPS-SF01A-2A-CTDPFA102,sbe63,sbe63,,,ENG,1,RS01SBPS,SF01A,CTDPF
RS01SBPS-SF01A-2A-CTDPFA102,press_coeff_pa0,press_coeff_pa0,,,ENG,counts,RS01SBPS,SF01A,CTDPF
RS01SBPS-SF01A-2A-CTDPFA102,ext_volt0,ext_volt0,,,L0,counts,RS01SBPS,SF01A,CTDPF
RS01SBPS-SF01A-2A-CTDPFA102,press_coeff_pa1,press_coeff_pa1,,,ENG,counts,RS01SBPS,SF01A,CTDPF
RS01SBPS-SF01A-2A-CTDPFA102,press_coeff_pa2,press_coeff_pa2,,,ENG,counts,RS01SBPS,SF01A,CTDPF
RS01SBPS-SF01A-2A-CTDPFA102,press_coeff_ptempa0,press_coeff_ptempa0,,,,1,RS01SBPS,SF01A,CTDPF
RS01SBPS-SF01A-2A-CTDPFA102,press_coeff_ptempa1,press_coeff_ptempa1,,,,1,RS01SBPS,SF01A,CTDPF
RS01SBPS-SF01A-2A-CTDPFA102,press_coeff_ptempa2,press_coeff_ptempa2,,,,1,RS01SBPS,SF01A,CTDPF
RS01SBPS-SF01A-2A-CTDPFA102,press_coeff_ptca0,press_coeff_ptca0,,,,1,RS01SBPS,SF01A,CTDPF
RS01SBPS-SF01A-2A-CTDPFA102,press_coeff_ptca1,press_coeff_ptca1,,,,1,RS01SBPS,SF01A,CTDPF
RS01SBPS-SF01A-2A-CTDPFA102,press_coeff_ptca2,press_coeff_ptca2,,,,1,RS01SBPS,SF01A,CTDPF
RS01SBPS-SF01A-2A-CTDPFA102,press_coeff_ptcb0,press_coeff_ptcb0,,,,1,RS01SBPS,SF01A,CTDPF
RS01SBPS-SF01A-2A-CTDPFA102,press_coeff_ptcb1,press_coeff_ptcb1,,,,1,RS01SBPS,SF01A,CTDPF
RS01SBPS-SF01A-2A-CTDPFA102,press_coeff_ptcb2,press_coeff_ptcb2,,,,1,RS01SBPS,SF01A,CTDPF
RS01SBPS-SF01A-2A-CTDPFA102,ext_volt0_slope,ext_volt0_slope,,,ENG,counts,RS01SBPS,SF01A,CTDPF
RS01SBPS-SF01A-2A-CTDPFA102,ext_volt0_offset,ext_volt0_offset,,,ENG,counts,RS01SBPS,SF01A,CTDPF
RS01SBPS-SF01A-2A-CTDPFA102,ext_volt1_slope,ext_volt1_slope,,,ENG,counts,RS01SBPS,SF01A,CTDPF
RS01SBPS-SF01A-2A-CTDPFA102,ext_volt1_offset,ext_volt1_offset,,,ENG,counts,RS01SBPS,SF01A,CTDPF
RS01SBPS-SF01A-2A-CTDPFA102,ext_volt2_slope,ext_volt2_slope,,,ENG,counts,RS01SBPS,SF01A,CTDPF
RS01SBPS-SF01A-2A-CTDPFA102,ext_volt2_offset,ext_volt2_offset,,,ENG,counts,RS01SBPS,SF01A,CTDPF
RS01SBPS-SF01A-2A-CTDPFA102,ext_volt3_slope,ext_volt3_slope,,,ENG,counts,RS01SBPS,SF01A,CTDPF
RS01SBPS-SF01A-2A-CTDPFA102,ext_volt3_offset,ext_volt3_offset,,,ENG,counts,RS01SBPS,SF01A,CTDPF
RS01SBPS-SF01A-2A-CTDPFA102,ext_volt4_slope,ext_volt4_slope,,,ENG,counts,RS01SBPS,SF01A,CTDPF
RS01SBPS-SF01A-2A-CTDPFA102,ext_volt4_offset,ext_volt4_offset,,,ENG,counts,RS01SBPS,SF01A,CTDPF
RS01SBPS-SF01A-2A-CTDPFA102,ext_volt5_slope,ext_volt5_slope,,,ENG,counts,RS01SBPS,SF01A,CTDPF
RS01SBPS-SF01A-2A-CTDPFA102,ext_volt5_offset,ext_volt5_offset,,,ENG,counts,RS01SBPS,SF01A,CTDPF
RS01SBPS-SF01A-2A-CTDPFA102,ext_freq_sf,ext_freq_sf,,,ENG,counts,RS01SBPS,SF01A,CTDPF
RS01SBPS-SF01A-2A-CTDPFA102,temp_sensor_serial_number,temp_sensor_serial_number,,,ENG,counts,RS01SBPS,SF01A,CTDPF
RS01SBPS-SF01A-2A-CTDPFA102,cond_sensor_serial_number,cond_sensor_serial_number,,,ENG,counts,RS01SBPS,SF01A,CTDPF
RS01SBPS-SF01A-2A-CTDPFA102,command_set_version,command_set_version,,,ENG,1,RS01SBPS,SF01A,CTDPF
RS01SBPS-SF01A-2A-CTDPFA102,assembly_number,assembly_number,,,ENG,1,RS01SBPS,SF01A,CTDPF
RS01SBPS-SF01A-2A-CTDPFA102,num_events,num_events,,,ENG,counts,RS01SBPS,SF01A,CTDPF
RS01SBPS-SF01A-2A-CTDPFA102,samples_free,samples_free,,,ENG,counts,RS01SBPS,SF01A,CTDPF
RS01SBPS-SF01A-2A-CTDPFA102,sample_length,sample_length,,,ENG,bytes,RS01SBPS,SF01A,CTDPF
RS01SBPS-SF01A-2A-CTDPFA102,output_executed_tag,output_executed_tag,,,ENG,1,RS01SBPS,SF01A,CTDPF
RS01SBPS-SF01A-2A-CTDPFA102,pressure_sensor_serial_number,pressure_sensor_serial_number,,,ENG,counts,RS01SBPS,SF01A,CTDPF
RS01SBPS-SF01A-2A-CTDPFA102,firmware_date,firmware_date,,,ENG,1,RS01SBPS,SF01A,CTDPF
RS01SBPS-SF01A-2A-CTDPFA102,pcb_serial_number,pcb_serial_number,,,ENG,1,RS01SBPS,SF01A,CTDPF
RS01SBPS-SF01A-2A-CTDPFA102,manufacture_date,manufacture_date,,,ENG,1,RS01SBPS,SF01A,CTDPF
RS01SBPS-SF01A-2A-CTDPFA102,serial_number,serial_number,,,ENG,counts,RS01SBPS,SF01A,CTDPF
RS01SBPS-SF01A-2A-CTDPFA102,corrected_dissolved_oxygen,corrected_dissolved_oxygen,0,400,L2,umol kg-1,RS01SBPS,SF01A,CTDPF
RS01SBPS-SF01A-2A-CTDPFA102,seawater_temperature,seawater_temperature,-2,40,L1,deg_C,RS01SBPS,SF01A,CTDPF
RS01SBPS-SF01A-2A-CTDPFA102,seawater_pressure,seawater_pressure,0,6000,L1,dbar,RS01SBPS,SF01A,CTDPF
RS01SBPS-SF01A-2A-CTDPFA102,seawater_conductivity,seawater_conductivity,0,6,L1,S m-1,RS01SBPS,SF01A,CTDPF
RS01SBPS-SF01A-2A-CTDPFA102,practical_salinity,practical_salinity,0,42,L2,1,RS01SBPS,SF01A,CTDPF
RS01SBPS-SF01A-2A-CTDPFA102,seawater_density,seawater_density,1000,1100,L2,kg m-3,RS01SBPS,SF01A,CTDPF
RS01SBPS-SF01A-2A-CTDPFA102,date_time_string,date_time_string,,,ENG,1,RS01SBPS,SF01A,CTDPF
RS01SBPS-SF01A-2A-DOFSTA102,port_timestamp,port_timestamp,,,ENG,seconds since 1900-01-01,RS01SBPS,SF01A,DOFST
RS01SBPS-SF01A-2A-DOFSTA102,driver_timestamp,driver_timestamp,,,ENG,seconds since 1900-01-01,RS01SBPS,SF01A,DOFST
RS01SBPS-SF01A-2A-DOFSTA102,preferred_timestamp,preferred_timestamp,,,ENG,1,RS01SBPS,SF01A,DOFST
RS01SBPS-SF01A-2A-DOFSTA102,temperature,temperature,,,L0,counts,RS01SBPS,SF01A,DOFST
RS01SBPS-SF01A-2A-DOFSTA102,conductivity,conductivity,,,L0,counts,RS01SBPS,SF01A,DOFST
RS01SBPS-SF01A-2A-DOFSTA102,pressure,pressure,,,L0,counts,RS01SBPS,SF01A,DOFST
RS01SBPS-SF01A-2A-DOFSTA102,pressure_temp,pressure_temp,,,L0,counts,RS01SBPS,SF01A,DOFST
RS01SBPS-SF01A-2A-DOFSTA102,ext_volt0,ext_volt0,,,L0,counts,RS01SBPS,SF01A,DOFST
RS01SBPS-SF01A-2A-DOFSTA102,corrected_dissolved_oxygen,corrected_dissolved_oxygen,0,400,L2,umol kg-1,RS01SBPS,SF01A,DOFST
RS01SBPS-SF01A-2A-DOFSTA102,seawater_temperature,seawater_temperature,-2,40,L1,deg_C,RS01SBPS,SF01A,DOFST
RS01SBPS-SF01A-2A-DOFSTA102,seawater_pressure,seawater_pressure,0,6000,L1,dbar,RS01SBPS,SF01A,DOFST
RS01SBPS-SF01A-2A-DOFSTA102,seawater_conductivity,seawater_conductivity,0,6,L1,S m-1,RS01SBPS,SF01A,DOFST
RS01SBPS-SF01A-2A-DOFSTA102,practical_salinity,practical_salinity,0,42,L2,1,RS01SBPS,SF01A,DOFST
RS01SBPS-SF01A-2A-DOFSTA102,seawater_density,seawater_density,1000,1100,L2,kg m-3,RS01SBPS,SF01A,DOFST
RS01SBPS-SF01A-2D-PHSENA101,port_timestamp,port_timestamp,,,ENG,seconds since 1900-01-01,RS01SBPS,SF01A,PHSEN
RS01SBPS-SF01A-2D-PHSENA101,driver_timestamp,driver_timestamp,,,ENG,seconds since 1900-01-01,RS01SBPS,SF01A,PHSEN
RS01SBPS-SF01A-2D-PHSENA101,external_device2_fault,external_device2_fault,,,ENG,1,RS01SBPS,SF01A,PHSEN
RS01SBPS-SF01A-2D-PHSENA101,external_device3_fault,external_device3_fault,,,ENG,1,RS01SBPS,SF01A,PHSEN
RS01SBPS-SF01A-2D-PHSENA101,num_data_records,num_data_records,,,ENG,1,RS01SBPS,SF01A,PHSEN
RS01SBPS-SF01A-2D-PHSENA101,num_error_records,num_error_records,,,ENG,1,RS01SBPS,SF01A,PHSEN
RS01SBPS-SF01A-2D-PHSENA101,num_bytes_stored,num_bytes_stored,,,ENG,bytes,RS01SBPS,SF01A,PHSEN
RS01SBPS-SF01A-2D-PHSENA101,number_samples_averaged,number_samples_averaged,,,ENG,counts,RS01SBPS,SF01A,PHSEN
RS01SBPS-SF01A-2D-PHSENA101,number_flushes,number_flushes,,,ENG,counts,RS01SBPS,SF01A,PHSEN
RS01SBPS-SF01A-2D-PHSENA101,pump_on_flush,pump_on_flush,,,ENG,counts,RS01SBPS,SF01A,PHSEN
RS01SBPS-SF01A-2D-PHSENA101,pump_off_flush,pump_off_flush,,,ENG,counts,RS01SBPS,SF01A,PHSEN
RS01SBPS-SF01A-2D-PHSENA101,number_reagent_pumps,number_reagent_pumps,,,ENG,counts,RS01SBPS,SF01A,PHSEN
RS01SBPS-SF01A-2D-PHSENA101,valve_delay,valve_delay,,,ENG,counts,RS01SBPS,SF01A,PHSEN
RS01SBPS-SF01A-2D-PHSENA101,pump_on_ind,pump_on_ind,,,ENG,counts,RS01SBPS,SF01A,PHSEN
RS01SBPS-SF01A-2D-PHSENA101,pv_off_ind,pv_off_ind,,,ENG,counts,RS01SBPS,SF01A,PHSEN
RS01SBPS-SF01A-2D-PHSENA101,number_blanks,number_blanks,,,ENG,counts,RS01SBPS,SF01A,PHSEN
RS01SBPS-SF01A-2D-PHSENA101,pump_measure_t,pump_measure_t,,,ENG,counts,RS01SBPS,SF01A,PHSEN
RS01SBPS-SF01A-2D-PHSENA101,pump_off_to_measure,pump_off_to_measure,,,ENG,counts,RS01SBPS,SF01A,PHSEN
RS01SBPS-SF01A-2D-PHSENA101,measure_to_pump_on,measure_to_pump_on,,,ENG,counts,RS01SBPS,SF01A,PHSEN
RS01SBPS-SF01A-2D-PHSENA101,number_measurements,number_measurements,,,ENG,counts,RS01SBPS,SF01A,PHSEN
RS01SBPS-SF01A-2D-PHSENA101,salinity_delay,salinity_delay,,,ENG,counts,RS01SBPS,SF01A,PHSEN
RS01SBPS-SF01A-2D-PHSENA101,internal_timestamp,internal_timestamp,,,ENG,seconds since 1900-01-01,RS01SBPS,SF01A,PHSEN
RS01SBPS-SF01A-2D-PHSENA101,pco2w_battery_voltage,pco2w_battery_voltage,,,ENG,counts,RS01SBPS,SF01A,PHSEN
RS01SBPS-SF01A-2D-PHSENA101,pco2w_thermistor_voltage,pco2w_thermistor_voltage,,,ENG,counts,RS01SBPS,SF01A,PHSEN
RS01SBPS-SF01A-2D-PHSENA101,phsen_battery_volts,phsen_battery_volts,,,ENG,V,RS01SBPS,SF01A,PHSEN
RS01SBPS-SF01A-2D-PHSENA101,ph_light_measurements,ph_light_measurements,,,ENG,counts,RS01SBPS,SF01A,PHSEN
RS01SBPS-SF01A-2D-PHSENA101,checksum,checksum,,,ENG,1,RS01SBPS,SF01A,PHSEN
RS01SBPS-SF01A-2D-PHSENA101,unique_id,unique_id,,,ENG,1,RS01SBPS,SF01A,PHSEN
RS01SBPS-SF01A-2D-PHSENA101,record_length,record_length,,,ENG,1,RS01SBPS,SF01A,PHSEN
RS01SBPS-SF01A-2D-PHSENA101,record_type,record_type,,,ENG,1,RS01SBPS,SF01A,PHSEN
RS01SBPS-SF01A-2D-PHSENA101,record_time,record_time,,,ENG,seconds since 1904-01-01,RS01SBPS,SF01A,PHSEN
RS01SBPS-SF01A-2D-PHSENA101,voltage_battery,voltage_battery,,,ENG,counts,RS01SBPS,SF01A,PHSEN
RS01SBPS-SF01A-2D-PHSENA101,elapsed_time_config,elapsed_time_config,,,ENG,s,RS01SBPS,SF01A,PHSEN
RS01SBPS-SF01A-2D-PHSENA101,clock_active,clock_active,,,ENG,1,RS01SBPS,SF01A,PHSEN
RS01SBPS-SF01A-2D-PHSENA101,recording_active,recording_active,,,ENG,1,RS01SBPS,SF01A,PHSEN
RS01SBPS-SF01A-2D-PHSENA101,record_end_on_time,record_end_on_time,,,ENG,1,RS01SBPS,SF01A,PHSEN
RS01SBPS-SF01A-2D-PHSENA101,record_memory_full,record_memory_full,,,ENG,1,RS01SBPS,SF01A,PHSEN
RS01SBPS-SF01A-2D-PHSENA101,record_end_on_error,record_end_on_error,,,ENG,1,RS01SBPS,SF01A,PHSEN
RS01SBPS-SF01A-2D-PHSENA101,data_download_ok,data_download_ok,,,ENG,1,RS01SBPS,SF01A,PHSEN
RS01SBPS-SF01A-2D-PHSENA101,flash_memory_open,flash_memory_open,,,ENG,1,RS01SBPS,SF01A,PHSEN
RS01SBPS-SF01A-2D-PHSENA101,battery_low_prestart,battery_low_prestart,,,ENG,1,RS01SBPS,SF01A,PHSEN
RS01SBPS-SF01A-2D-PHSENA101,battery_low_measurement,battery_low_measurement,,,ENG,1,RS01SBPS,SF01A,PHSEN
RS01SBPS-SF01A-2D-PHSENA101,battery_low_bank,battery_low_bank,,,ENG,1,RS01SBPS,SF01A,PHSEN
RS01SBPS-SF01A-2D-PHSENA101,battery_low_external,battery_low_external,,,ENG,1,RS01SBPS,SF01A,PHSEN
RS01SBPS-SF01A-2D-PHSENA101,external_device1_fault,external_device1_fault,,,ENG,1,RS01SBPS,SF01A,PHSEN
RS01SBPS-SF01A-2D-PHSENA101,flash_erased,flash_erased,,,ENG,1,RS01SBPS,SF01A,PHSEN
RS01SBPS-SF01A-2D-PHSENA101,power_on_invalid,power_on_invalid,,,ENG,1,RS01SBPS,SF01A,PHSEN
RS01SBPS-SF01A-2D-PHSENA101,launch_time,launch_time,,,ENG,seconds since 1904-01-01,RS01SBPS,SF01A,PHSEN
RS01SBPS-SF01A-2D-PHSENA101,start_time_offset,start_time_offset,,,ENG,s,RS01SBPS,SF01A,PHSEN
RS01SBPS-SF01A-2D-PHSENA101,recording_time,recording_time,,,ENG,s,RS01SBPS,SF01A,PHSEN
RS01SBPS-SF01A-2D-PHSENA101,pmi_sample_schedule,pmi_sample_schedule,,,ENG,1,RS01SBPS,SF01A,PHSEN
RS01SBPS-SF01A-2D-PHSENA101,sami_sample_schedule,sami_sample_schedule,,,ENG,1,RS01SBPS,SF01A,PHSEN
RS01SBPS-SF01A-2D-PHSENA101,slot1_follows_sami_sample,slot1_follows_sami_sample,,,ENG,1,RS01SBPS,SF01A,PHSEN
RS01SBPS-SF01A-2D-PHSENA101,slot1_independent_schedule,slot1_independent_schedule,,,ENG,1,RS01SBPS,SF01A,PHSEN
RS01SBPS-SF01A-2D-PHSENA101,slot2_follows_sami_sample,slot2_follows_sami_sample,,,ENG,1,RS01SBPS,SF01A,PHSEN
RS01SBPS-SF01A-2D-PHSENA101,slot2_independent_schedule,slot2_independent_schedule,,,ENG,1,RS01SBPS,SF01A,PHSEN
RS01SBPS-SF01A-2D-PHSENA101,slot3_follows_sami_sample,slot3_follows_sami_sample,,,ENG,1,RS01SBPS,SF01A,PHSEN
RS01SBPS-SF01A-2D-PHSENA101,slot3_independent_schedule,slot3_independent_schedule,,,ENG,1,RS01SBPS,SF01A,PHSEN
RS01SBPS-SF01A-2D-PHSENA101,timer_interval_sami,timer_interval_sami,,,ENG,s,RS01SBPS,SF01A,PHSEN
RS01SBPS-SF01A-2D-PHSENA101,driver_id_sami,driver_id_sami,,,ENG,1,RS01SBPS,SF01A,PHSEN
RS01SBPS-SF01A-2D-PHSENA101,parameter_pointer_sami,parameter_pointer_sami,,,ENG,1,RS01SBPS,SF01A,PHSEN
RS01SBPS-SF01A-2D-PHSENA101,timer_interval_device1,timer_interval_device1,,,ENG,s,RS01SBPS,SF01A,PHSEN
RS01SBPS-SF01A-2D-PHSENA101,driver_id_device1,driver_id_device1,,,ENG,1,RS01SBPS,SF01A,PHSEN
RS01SBPS-SF01A-2D-PHSENA101,parameter_pointer_device1,parameter_pointer_device1,,,ENG,1,RS01SBPS,SF01A,PHSEN
RS01SBPS-SF01A-2D-PHSENA101,timer_interval_device2,timer_interval_device2,,,ENG,s,RS01SBPS,SF01A,PHSEN
RS01SBPS-SF01A-2D-PHSENA101,driver_id_device2,driver_id_device2,,,ENG,1,RS01SBPS,SF01A,PHSEN
RS01SBPS-SF01A-2D-PHSENA101,parameter_pointer_device2,parameter_pointer_device2,,,ENG,1,RS01SBPS,SF01A,PHSEN
RS01SBPS-SF01A-2D-PHSENA101,timer_interval_device3,timer_interval_device3,,,ENG,s,RS01SBPS,SF01A,PHSEN
RS01SBPS-SF01A-2D-PHSENA101,driver_id_device3,driver_id_device3,,,ENG,1,RS01SBPS,SF01A,PHSEN
RS01SBPS-SF01A-2D-PHSENA101,parameter_pointer_device3,parameter_pointer_device3,,,ENG,1,RS01SBPS,SF01A,PHSEN
RS01SBPS-SF01A-2D-PHSENA101,timer_interval_prestart,timer_interval_prestart,,,ENG,s,RS01SBPS,SF01A,PHSEN
RS01SBPS-SF01A-2D-PHSENA101,driver_id_prestart,driver_id_prestart,,,ENG,1,RS01SBPS,SF01A,PHSEN
RS01SBPS-SF01A-2D-PHSENA101,parameter_pointer_prestart,parameter_pointer_prestart,,,ENG,1,RS01SBPS,SF01A,PHSEN
RS01SBPS-SF01A-2D-PHSENA101,use_baud_rate_57600,use_baud_rate_57600,,,ENG,1,RS01SBPS,SF01A,PHSEN
RS01SBPS-SF01A-2D-PHSENA101,send_record_type,send_record_type,,,ENG,1,RS01SBPS,SF01A,PHSEN
RS01SBPS-SF01A-2D-PHSENA101,send_live_records,send_live_records,,,ENG,1,RS01SBPS,SF01A,PHSEN
RS01SBPS-SF01A-2D-PHSENA101,extend_global_config,extend_global_config,,,ENG,1,RS01SBPS,SF01A,PHSEN
RS01SBPS-SF01A-2D-PHSENA101,time,time,,,ENG,seconds since 1900-01-01,RS01SBPS,SF01A,PHSEN
RS01SBPS-SF01A-2D-PHSENA101,ingestion_timestamp,ingestion_timestamp,,,ENG,seconds since 1900-01-01,RS01SBPS,SF01A,PHSEN
RS01SBPS-SF01A-2D-PHSENA101,thermistor_start,thermistor_start,,,ENG,counts,RS01SBPS,SF01A,PHSEN
RS01SBPS-SF01A-2D-PHSENA101,reference_light_measurements,reference_light_measurements,,,ENG,counts,RS01SBPS,SF01A,PHSEN
RS01SBPS-SF01A-2D-PHSENA101,thermistor_end,thermistor_end,,,L0,counts,RS01SBPS,SF01A,PHSEN
RS01SBPS-SF01A-2D-PHSENA101,signal_intensity_434,signal_intensity_434,,,L0,counts,RS01SBPS,SF01A,PHSEN
RS01SBPS-SF01A-2D-PHSENA101,signal_intensity_578,signal_intensity_578,,,L0,counts,RS01SBPS,SF01A,PHSEN
RS01SBPS-SF01A-2D-PHSENA101,phsen_thermistor_temperature,phsen_thermistor_temperature,,,L1,deg_C,RS01SBPS,SF01A,PHSEN
RS01SBPS-SF01A-2D-PHSENA101,ph_seawater,ph_seawater,7.3,8.5,L1,1,RS01SBPS,SF01A,PHSEN
RS01SBPS-SF01A-3A-FLORTD101,port_timestamp,port_timestamp,,,ENG,seconds since 1900-01-01,RS01SBPS,SF01A,FLORT
RS01SBPS-SF01A-3A-FLORTD101,driver_timestamp,driver_timestamp,,,ENG,seconds since 1900-01-01,RS01SBPS,SF01A,FLORT
RS01SBPS-SF01A-3A-FLORTD101,firmware_version,firmware_version,,,ENG,1,RS01SBPS,SF01A,FLORT
RS01SBPS-SF01A-3A-FLORTD101,date_string,date_string,,,ENG,1,RS01SBPS,SF01A,FLORT
RS01SBPS-SF01A-3A-FLORTD101,time_string,time_string,,,ENG,1,RS01SBPS,SF01A,FLORT
RS01SBPS-SF01A-3A-FLORTD101,measurement_wavelength_beta,measurement_wavelength_beta,,,ENG,nm,RS01SBPS,SF01A,FLORT
RS01SBPS-SF01A-3A-FLORTD101,raw_signal_beta,raw_signal_beta,,,L0,counts,RS01SBPS,SF01A,FLORT
RS01SBPS-SF01A-3A-FLORTD101,measurement_wavelength_chl,measurement_wavelength_chl,,,ENG,nm,RS01SBPS,SF01A,FLORT
RS01SBPS-SF01A-3A-FLORTD101,raw_signal_chl,raw_signal_chl,,,L0,counts,RS01SBPS,SF01A,FLORT
RS01SBPS-SF01A-3A-FLORTD101,measurement_wavelength_cdom,measurement_wavelength_cdom,,,ENG,nm,RS01SBPS,SF01A,FLORT
RS01SBPS-SF01A-3A-FLORTD101,raw_signal_cdom,raw_signal_cdom,,,L0,counts,RS01SBPS,SF01A,FLORT
RS01SBPS-SF01A-3A-FLORTD101,raw_internal_temp,raw_internal_temp,,,ENG,counts,RS01SBPS,SF01A,FLORT
RS01SBPS-SF01A-3A-FLORTD101,signal_1_scale_factor,signal_1_scale_factor,,,AUX,m-1 sr-1 counts-1,RS01SBPS,SF01A,FLORT
RS01SBPS-SF01A-3A-FLORTD101,signal_1_offset,signal_1_offset,,,AUX,counts,RS01SBPS,SF01A,FLORT
RS01SBPS-SF01A-3A-FLORTD101,signal_2_scale_factor,signal_2_scale_factor,,,AUX,ug L-1 counts-1,RS01SBPS,SF01A,FLORT
RS01SBPS-SF01A-3A-FLORTD101,signal_2_offset,signal_2_offset,,,AUX,counts,RS01SBPS,SF01A,FLORT
RS01SBPS-SF01A-3A-FLORTD101,signal_3_scale_factor,signal_3_scale_factor,,,AUX,ppb counts-1,RS01SBPS,SF01A,FLORT
RS01SBPS-SF01A-3A-FLORTD101,signal_3_offset,signal_3_offset,,,AUX,counts,RS01SBPS,SF01A,FLORT
RS01SBPS-SF01A-3A-FLORTD101,total_volume_scattering_coefficient,total_volume_scattering_coefficient,,,L1,m-1 sr-1,RS01SBPS,SF01A,FLORT
RS01SBPS-SF01A-3A-FLORTD101,fluorometric_chlorophyll_a,fluorometric_chlorophyll_a,0,50,L1,ug L-1,RS01SBPS,SF01A,FLORT
RS01SBPS-SF01A-3A-FLORTD101,fluorometric_cdom,fluorometric_cdom,0,375,L1,ppb,RS01SBPS,SF01A,FLORT
RS01SBPS-SF01A-3A-FLORTD101,internal_timestamp,internal_timestamp,,,ENG,seconds since 1900-01-01,RS01SBPS,SF01A,FLORT
RS01SBPS-SF01A-3A-FLORTD101,preferred_timestamp,preferred_timestamp,,,ENG,1,RS01SBPS,SF01A,FLORT
RS01SBPS-SF01A-3A-FLORTD101,number_measurements_per_reported_value,number_measurements_per_reported_value,,,ENG,counts,RS01SBPS,SF01A,FLORT
RS01SBPS-SF01A-3A-FLORTD101,number_of_reported_values_per_packet,number_of_reported_values_per_packet,,,ENG,counts,RS01SBPS,SF01A,FLORT
RS01SBPS-SF01A-3A-FLORTD101,measurement_1_dark_count_value,measurement_1_dark_count_value,,,ENG,counts,RS01SBPS,SF01A,FLORT
RS01SBPS-SF01A-3A-FLORTD101,measurement_2_dark_count_value,measurement_2_dark_count_value,,,ENG,counts,RS01SBPS,SF01A,FLORT
RS01SBPS-SF01A-3A-FLORTD101,measurement_3_dark_count_value,measurement_3_dark_count_value,,,ENG,counts,RS01SBPS,SF01A,FLORT
RS01SBPS-SF01A-3A-FLORTD101,measurement_1_slope_value,measurement_1_slope_value,,,ENG,m-1 sr-1 counts-1,RS01SBPS,SF01A,FLORT
RS01SBPS-SF01A-3A-FLORTD101,measurement_2_slope_value,measurement_2_slope_value,,,ENG,ug L-1 counts-1,RS01SBPS,SF01A,FLORT
RS01SBPS-SF01A-3A-FLORTD101,measurement_3_slope_value,measurement_3_slope_value,,,ENG,ppb counts-1,RS01SBPS,SF01A,FLORT
RS01SBPS-SF01A-3A-FLORTD101,predefined_output_sequence,predefined_output_sequence,,,ENG,mode,RS01SBPS,SF01A,FLORT
RS01SBPS-SF01A-3A-FLORTD101,baud_rate,baud_rate,,,ENG,Bd,RS01SBPS,SF01A,FLORT
RS01SBPS-SF01A-3A-FLORTD101,number_of_packets_per_set,number_of_packets_per_set,,,ENG,counts,RS01SBPS,SF01A,FLORT
RS01SBPS-SF01A-3A-FLORTD101,recording_mode,recording_mode,,,ENG,mode,RS01SBPS,SF01A,FLORT
RS01SBPS-SF01A-3A-FLORTD101,manual_mode,manual_mode,,,ENG,mode,RS01SBPS,SF01A,FLORT
RS01SBPS-SF01A-3A-FLORTD101,sampling_interval,sampling_interval,,,ENG,1,RS01SBPS,SF01A,FLORT
RS01SBPS-SF01A-3A-FLORTD101,date,date,,,ENG,1,RS01SBPS,SF01A,FLORT
RS01SBPS-SF01A-3A-FLORTD101,clock,clock,,,ENG,1,RS01SBPS,SF01A,FLORT
RS01SBPS-SF01A-3A-FLORTD101,manual_start_time,manual_start_time,,,ENG,1,RS01SBPS,SF01A,FLORT
RS01SBPS-SF01A-3A-FLORTD101,internal_memory,internal_memory,,,ENG,bytes,RS01SBPS,SF01A,FLORT
RS01SBPS-SF01A-3A-FLORTD101,serial_number,serial_number,,,ENG,1,RS01SBPS,SF01A,FLORT
RS01SBPS-SF01A-3A-FLORTD101,flort_d_bback_total,flort_d_bback_total,0.0003,1,L2,m-1,RS01SBPS,SF01A,FLORT
RS01SBPS-SF01A-3A-FLORTD101,flort_d_scat_seawater,flort_d_scat_seawater,,,AUX,m-1,RS01SBPS,SF01A,FLORT
RS01SBPS-SF01A-3A-FLORTD101,time,time,,,ENG,seconds since 1900-01-01,RS01SBPS,SF01A,FLORT
RS01SBPS-SF01A-3A-FLORTD101,ingestion_timestamp,ingestion_timestamp,,,ENG,seconds since 1900-01-01,RS01SBPS,SF01A,FLORT
RS01SBPS-SF01A-3B-OPTAAD101,port_timestamp,port_timestamp,,,,seconds since 1900-01-01,RS01SBPS,SF01A,OPTAA
RS01SBPS-SF01A-3B-OPTAAD101,driver_timestamp,driver_timestamp,,,,seconds since 1900-01-01,RS01SBPS,SF01A,OPTAA
RS01SBPS-SF01A-3B-OPTAAD101,firmware_version,firmware_version,,,,1,RS01SBPS,SF01A,OPTAA
RS01SBPS-SF01A-3B-OPTAAD101,preferred_timestamp,preferred_timestamp,,,,1,RS01SBPS,SF01A,OPTAA
RS01SBPS-SF01A-3B-OPTAAD101,firmware_date,firmware_date,,,,1,RS01SBPS,SF01A,OPTAA
RS01SBPS-SF01A-3B-OPTAAD101,serial_number,serial_number,,,,1,RS01SBPS,SF01A,OPTAA
RS01SBPS-SF01A-3B-OPTAAD101,beam_attenuation_ctdbp_no,beam_attenuation_ctdbp_no,0,100,L2,m-1,RS01SBPS,SF01A,OPTAA
RS01SBPS-SF01A-3B-OPTAAD101,optical_absorption_ctdbp_no,optical_absorption_ctdbp_no,,,,,RS01SBPS,SF01A,OPTAA
RS01SBPS-SF01A-3B-OPTAAD101,record_length,record_length,,,,1,RS01SBPS,SF01A,OPTAA
RS01SBPS-SF01A-3B-OPTAAD101,packet_type,packet_type,,,,1,RS01SBPS,SF01A,OPTAA
RS01SBPS-SF01A-3B-OPTAAD101,meter_type,meter_type,,,,1,RS01SBPS,SF01A,OPTAA
RS01SBPS-SF01A-3B-OPTAAD101,a_reference_dark_counts,a_reference_dark_counts,,,,counts,RS01SBPS,SF01A,OPTAA
RS01SBPS-SF01A-3B-OPTAAD101,pressure_counts,pressure_counts,,,,counts,RS01SBPS,SF01A,OPTAA
RS01SBPS-SF01A-3B-OPTAAD101,a_signal_dark_counts,a_signal_dark_counts,,,,counts,RS01SBPS,SF01A,OPTAA
RS01SBPS-SF01A-3B-OPTAAD101,external_temp_raw,external_temp_raw,,,,counts,RS01SBPS,SF01A,OPTAA
RS01SBPS-SF01A-3B-OPTAAD101,internal_temp_raw,internal_temp_raw,,,L0,counts,RS01SBPS,SF01A,OPTAA
RS01SBPS-SF01A-3B-OPTAAD101,c_reference_dark_counts,c_reference_dark_counts,,,,counts,RS01SBPS,SF01A,OPTAA
RS01SBPS-SF01A-3B-OPTAAD101,c_signal_dark_counts,c_signal_dark_counts,,,,counts,RS01SBPS,SF01A,OPTAA
RS01SBPS-SF01A-3B-OPTAAD101,elapsed_run_time,elapsed_run_time,,,,ms,RS01SBPS,SF01A,OPTAA
RS01SBPS-SF01A-3B-OPTAAD101,num_wavelengths,num_wavelengths,,,,1,RS01SBPS,SF01A,OPTAA
RS01SBPS-SF01A-3B-OPTAAD101,c_reference_counts,c_reference_counts,,,L0,counts,RS01SBPS,SF01A,OPTAA
RS01SBPS-SF01A-3B-OPTAAD101,a_reference_counts,a_reference_counts,,,L0,counts,RS01SBPS,SF01A,OPTAA
RS01SBPS-SF01A-3B-OPTAAD101,c_signal_counts,c_signal_counts,,,L0,counts,RS01SBPS,SF01A,OPTAA
RS01SBPS-SF01A-3B-OPTAAD101,a_signal_counts,a_signal_counts,,,L0,counts,RS01SBPS,SF01A,OPTAA
RS01SBPS-SF01A-3B-OPTAAD101,persistor_cf_serial_number,persistor_cf_serial_number,,,,1,RS01SBPS,SF01A,OPTAA
RS01SBPS-SF01A-3B-OPTAAD101,persistor_cf_bios_version,persistor_cf_bios_version,,,,1,RS01SBPS,SF01A,OPTAA
RS01SBPS-SF01A-3B-OPTAAD101,persistor_cf_picodos_version,persistor_cf_picodos_version,,,,1,RS01SBPS,SF01A,OPTAA
RS01SBPS-SF01A-3B-OPTAAD101,checksum,checksum,,,,1,RS01SBPS,SF01A,OPTAA
RS01SBPS-SF01A-3B-OPTAAD101,beam_attenuation,beam_attenuation,0,100,L2,m-1,RS01SBPS,SF01A,OPTAA
RS01SBPS-SF01A-3B-OPTAAD101,optical_absorption,optical_absorption,0,100,L2,m-1,RS01SBPS,SF01A,OPTAA
RS01SBPS-SF01A-3C-PARADA101,port_timestamp,port_timestamp,,,ENG,seconds since 1900-01-01,RS01SBPS,SF01A,PARAD
RS01SBPS-SF01A-3C-PARADA101,driver_timestamp,driver_timestamp,,,ENG,seconds since 1900-01-01,RS01SBPS,SF01A,PARAD
RS01SBPS-SF01A-3C-PARADA101,internal_timestamp,internal_timestamp,,,ENG,seconds since 1900-01-01,RS01SBPS,SF01A,PARAD
RS01SBPS-SF01A-3C-PARADA101,checksum,checksum,,,ENG,1,RS01SBPS,SF01A,PARAD
RS01SBPS-SF01A-3C-PARADA101,par,par,,,L0,counts,RS01SBPS,SF01A,PARAD
RS01SBPS-SF01A-3C-PARADA101,par_counts_output,par_counts_output,0,2500,L1,umol photons m-2 s-1,RS01SBPS,SF01A,PARAD
RS01SBPS-SF01A-3C-PARADA101,parad_telbaud,parad_telbaud,,,ENG,bps,RS01SBPS,SF01A,PARAD
RS01SBPS-SF01A-3C-PARADA101,parad_maxrate,parad_maxrate,,,ENG,Hz,RS01SBPS,SF01A,PARAD
RS01SBPS-SF01A-3C-PARADA101,parad_firmware,parad_firmware,,,ENG,1,RS01SBPS,SF01A,PARAD
RS01SBPS-SF01A-3C-PARADA101,parad_type,parad_type,,,ENG,1,RS01SBPS,SF01A,PARAD
RS01SBPS-SF01A-3C-PARADA101,elapsed_time,elapsed_time,,,ENG,s,RS01SBPS,SF01A,PARAD
RS01SBPS-SF01A-3C-PARADA101,serial_number,serial_number,,,ENG,1,RS01SBPS,SF01A,PARAD
RS01SBPS-SF01A-3C-PARADA101,time,time,,,ENG,seconds since 1900-01-01,RS01SBPS,SF01A,PARAD
RS01SBPS-SF01A-3C-PARADA101,ingestion_timestamp,ingestion_timestamp,,,ENG,seconds since 1900-01-01,RS01SBPS,SF01A,PARAD
RS01SBPS-SF01A-3D-SPKIRA101,port_timestamp,port_timestamp,,,,seconds since 1900-01-01,RS01SBPS,SF01A,SPKIR
RS01SBPS-SF01A-3D-SPKIRA101,instrument_id,instrument_id,,,,1,RS01SBPS,SF01A,SPKIR
RS01SBPS-SF01A-3D-SPKIRA101,timer,timer,,,,s,RS01SBPS,SF01A,SPKIR
RS01SBPS-SF01A-3D-SPKIRA101,sample_delay,sample_delay,,,,ms,RS01SBPS,SF01A,SPKIR
RS01SBPS-SF01A-3D-SPKIRA101,spkir_samples,spkir_samples,,,L0,counts,RS01SBPS,SF01A,SPKIR
RS01SBPS-SF01A-3D-SPKIRA101,driver_timestamp,driver_timestamp,,,,seconds since 1900-01-01,RS01SBPS,SF01A,SPKIR
RS01SBPS-SF01A-3D-SPKIRA101,vin_sense,vin_sense,,,,counts,RS01SBPS,SF01A,SPKIR
RS01SBPS-SF01A-3D-SPKIRA101,va_sense,va_sense,,,,counts,RS01SBPS,SF01A,SPKIR
RS01SBPS-SF01A-3D-SPKIRA101,internal_temperature,internal_temperature,,,,counts,RS01SBPS,SF01A,SPKIR
RS01SBPS-SF01A-3D-SPKIRA101,frame_counter,frame_counter,,,,counts,RS01SBPS,SF01A,SPKIR
RS01SBPS-SF01A-3D-SPKIRA101,checksum,checksum,,,,,RS01SBPS,SF01A,SPKIR
RS01SBPS-SF01A-3D-SPKIRA101,internal_timestamp,internal_timestamp,,,,seconds since 1900-01-01,RS01SBPS,SF01A,SPKIR
RS01SBPS-SF01A-3D-SPKIRA101,spkir_downwelling_vector,spkir_downwelling_vector,0,300,L1,uW cm-2 nm-1,RS01SBPS,SF01A,SPKIR
RS01SBPS-SF01A-3D-SPKIRA101,serial_number,serial_number,,,,1,RS01SBPS,SF01A,SPKIR
RS01SBPS-SF01A-3D-SPKIRA101,checksum,checksum,,,,1,RS01SBPS,SF01A,SPKIR
RS01SBPS-SF01A-4A-NUTNRA101,port_timestamp,port_timestamp,,,,seconds since 1900-01-01,RS01SBPS,SF01A,NUTNR
RS01SBPS-SF01A-4A-NUTNRA101,driver_timestamp,driver_timestamp,,,,seconds since 1900-01-01,RS01SBPS,SF01A,NUTNR
RS01SBPS-SF01A-4A-NUTNRA101,internal_timestamp,internal_timestamp,,,,seconds since 1900-01-01,RS01SBPS,SF01A,NUTNR
RS01SBPS-SF01A-4A-NUTNRA101,preferred_timestamp,preferred_timestamp,,,,1,RS01SBPS,SF01A,NUTNR
RS01SBPS-SF01A-4A-NUTNRA101,nutnr_nitrogen_in_nitrate,nutnr_nitrogen_in_nitrate,,,,mg/L,RS01SBPS,SF01A,NUTNR
RS01SBPS-SF01A-4A-NUTNRA101,nutnr_absorbance_at_254_nm,nutnr_absorbance_at_254_nm,,,,1,RS01SBPS,SF01A,NUTNR
RS01SBPS-SF01A-4A-NUTNRA101,nutnr_absorbance_at_350_nm,nutnr_absorbance_at_350_nm,,,,1,RS01SBPS,SF01A,NUTNR
RS01SBPS-SF01A-4A-NUTNRA101,nutnr_bromide_trace,nutnr_bromide_trace,,,,mg/L,RS01SBPS,SF01A,NUTNR
RS01SBPS-SF01A-4A-NUTNRA101,nutnr_spectrum_average,nutnr_spectrum_average,,,,1,RS01SBPS,SF01A,NUTNR
RS01SBPS-SF01A-4A-NUTNRA101,nutnr_dark_value_used_for_fit,nutnr_dark_value_used_for_fit,,,,1,RS01SBPS,SF01A,NUTNR
RS01SBPS-SF01A-4A-NUTNRA101,nutnr_integration_time_factor,nutnr_integration_time_factor,,,,1,RS01SBPS,SF01A,NUTNR
RS01SBPS-SF01A-4A-NUTNRA101,nutnr_voltage_int,nutnr_voltage_int,,,,V,RS01SBPS,SF01A,NUTNR
RS01SBPS-SF01A-4A-NUTNRA101,nutnr_current_main,nutnr_current_main,,,,mA,RS01SBPS,SF01A,NUTNR
RS01SBPS-SF01A-4A-NUTNRA101,nutnr_fit_base_1,nutnr_fit_base_1,,,,1,RS01SBPS,SF01A,NUTNR
RS01SBPS-SF01A-4A-NUTNRA101,nutnr_fit_base_3,nutnr_fit_base_3,,,,1,RS01SBPS,SF01A,NUTNR
RS01SBPS-SF01A-4A-NUTNRA101,nutnr_fit_base_2,nutnr_fit_base_2,,,,1,RS01SBPS,SF01A,NUTNR
RS01SBPS-SF01A-4A-NUTNRA101,nutnr_fit_base_4,nutnr_fit_base_4,,,,1,RS01SBPS,SF01A,NUTNR
RS01SBPS-SF01A-4A-NUTNRA101,nutnr_fit_rmse,nutnr_fit_rmse,,,,1,RS01SBPS,SF01A,NUTNR
RS01SBPS-SF01A-4A-NUTNRA101,nutnr_sensor_type,nutnr_sensor_type,,,,1,RS01SBPS,SF01A,NUTNR
RS01SBPS-SF01A-4A-NUTNRA101,nutnr_sensor_version,nutnr_sensor_version,,,,1,RS01SBPS,SF01A,NUTNR
RS01SBPS-SF01A-4A-NUTNRA101,nutnr_integrated_wiper,nutnr_integrated_wiper,,,,1,RS01SBPS,SF01A,NUTNR
RS01SBPS-SF01A-4A-NUTNRA101,nutnr_ext_power_port,nutnr_ext_power_port,,,,1,RS01SBPS,SF01A,NUTNR
RS01SBPS-SF01A-4A-NUTNRA101,nutnr_lamp_shutter,nutnr_lamp_shutter,,,,1,RS01SBPS,SF01A,NUTNR
RS01SBPS-SF01A-4A-NUTNRA101,nutnr_reference_detector,nutnr_reference_detector,,,,1,RS01SBPS,SF01A,NUTNR
RS01SBPS-SF01A-4A-NUTNRA101,nutnr_wiper_protector,nutnr_wiper_protector,,,,1,RS01SBPS,SF01A,NUTNR
RS01SBPS-SF01A-4A-NUTNRA101,nutnr_super_capacitors,nutnr_super_capacitors,,,,1,RS01SBPS,SF01A,NUTNR
RS01SBPS-SF01A-4A-NUTNRA101,nutnr_psb_supervisor,nutnr_psb_supervisor,,,,1,RS01SBPS,SF01A,NUTNR
RS01SBPS-SF01A-4A-NUTNRA101,nutnr_usb_communication,nutnr_usb_communication,,,,1,RS01SBPS,SF01A,NUTNR
RS01SBPS-SF01A-4A-NUTNRA101,nutnr_relay_module,nutnr_relay_module,,,,1,RS01SBPS,SF01A,NUTNR
RS01SBPS-SF01A-4A-NUTNRA101,nutnr_sdi12_interface,nutnr_sdi12_interface,,,,1,RS01SBPS,SF01A,NUTNR
RS01SBPS-SF01A-4A-NUTNRA101,nutnr_analog_output,nutnr_analog_output,,,,1,RS01SBPS,SF01A,NUTNR
RS01SBPS-SF01A-4A-NUTNRA101,nutnr_int_data_logging,nutnr_int_data_logging,,,,1,RS01SBPS,SF01A,NUTNR
RS01SBPS-SF01A-4A-NUTNRA101,nutnr_apf_interface,nutnr_apf_interface,,,,1,RS01SBPS,SF01A,NUTNR
RS01SBPS-SF01A-4A-NUTNRA101,nutnr_scheduling,nutnr_scheduling,,,,1,RS01SBPS,SF01A,NUTNR
RS01SBPS-SF01A-4A-NUTNRA101,nutnr_lamp_fan,nutnr_lamp_fan,,,,1,RS01SBPS,SF01A,NUTNR
RS01SBPS-SF01A-4A-NUTNRA101,nutnr_sensor_address_lamp_temp,nutnr_sensor_address_lamp_temp,,,,1,RS01SBPS,SF01A,NUTNR
RS01SBPS-SF01A-4A-NUTNRA101,nutnr_sensor_address_spec_temp,nutnr_sensor_address_spec_temp,,,,1,RS01SBPS,SF01A,NUTNR
RS01SBPS-SF01A-4A-NUTNRA101,nutnr_sensor_address_hous_temp,nutnr_sensor_address_hous_temp,,,,1,RS01SBPS,SF01A,NUTNR
RS01SBPS-SF01A-4A-NUTNRA101,nutnr_serial_number_spec,nutnr_serial_number_spec,,,,1,RS01SBPS,SF01A,NUTNR
RS01SBPS-SF01A-4A-NUTNRA101,nutnr_serial_number_lamp,nutnr_serial_number_lamp,,,,1,RS01SBPS,SF01A,NUTNR
RS01SBPS-SF01A-4A-NUTNRA101,nutnr_stupstus,nutnr_stupstus,,,,1,RS01SBPS,SF01A,NUTNR
RS01SBPS-SF01A-4A-NUTNRA101,nutnr_output_dark_frame,nutnr_output_dark_frame,,,,1,RS01SBPS,SF01A,NUTNR
RS01SBPS-SF01A-4A-NUTNRA101,nutnr_logging_dark_frame,nutnr_logging_dark_frame,,,,1,RS01SBPS,SF01A,NUTNR
RS01SBPS-SF01A-4A-NUTNRA101,nutnr_timeresl,nutnr_timeresl,,,,1,RS01SBPS,SF01A,NUTNR
RS01SBPS-SF01A-4A-NUTNRA101,nutnr_log_file_type,nutnr_log_file_type,,,,1,RS01SBPS,SF01A,NUTNR
RS01SBPS-SF01A-4A-NUTNRA101,nutnr_acqcount,nutnr_acqcount,,,,counts,RS01SBPS,SF01A,NUTNR
RS01SBPS-SF01A-4A-NUTNRA101,nutnr_cntcount,nutnr_cntcount,,,,counts,RS01SBPS,SF01A,NUTNR
RS01SBPS-SF01A-4A-NUTNRA101,nutnr_dac_nitrate_min,nutnr_dac_nitrate_min,,,,uMol?,RS01SBPS,SF01A,NUTNR
RS01SBPS-SF01A-4A-NUTNRA101,nutnr_dac_nitrate_max,nutnr_dac_nitrate_max,,,,uMol?,RS01SBPS,SF01A,NUTNR
RS01SBPS-SF01A-4A-NUTNRA101,nutnr_data_wavelength_low,nutnr_data_wavelength_low,,,,nm,RS01SBPS,SF01A,NUTNR
RS01SBPS-SF01A-4A-NUTNRA101,nutnr_msg_level,nutnr_msg_level,,,,1,RS01SBPS,SF01A,NUTNR
RS01SBPS-SF01A-4A-NUTNRA101,nutnr_msg_file_size,nutnr_msg_file_size,,,,MB,RS01SBPS,SF01A,NUTNR
RS01SBPS-SF01A-4A-NUTNRA101,nutnr_data_file_size,nutnr_data_file_size,,,,MB,RS01SBPS,SF01A,NUTNR
RS01SBPS-SF01A-4A-NUTNRA101,nutnr_output_frame_type,nutnr_output_frame_type,,,,1,RS01SBPS,SF01A,NUTNR
RS01SBPS-SF01A-4A-NUTNRA101,nutnr_logging_frame_type,nutnr_logging_frame_type,,,,1,RS01SBPS,SF01A,NUTNR
RS01SBPS-SF01A-4A-NUTNRA101,nutnr_data_wavelength_high,nutnr_data_wavelength_high,,,,nm,RS01SBPS,SF01A,NUTNR
RS01SBPS-SF01A-4A-NUTNRA101,nutnr_sdi12_address,nutnr_sdi12_address,,,,1,RS01SBPS,SF01A,NUTNR
RS01SBPS-SF01A-4A-NUTNRA101,nutnr_data_mode,nutnr_data_mode,,,,1,RS01SBPS,SF01A,NUTNR
RS01SBPS-SF01A-4A-NUTNRA101,nutnr_operating_mode,nutnr_operating_mode,,,,1,RS01SBPS,SF01A,NUTNR
RS01SBPS-SF01A-4A-NUTNRA101,nutnr_operation_ctrl,nutnr_operation_ctrl,,,,1,RS01SBPS,SF01A,NUTNR
RS01SBPS-SF01A-4A-NUTNRA101,nutnr_extl_dev,nutnr_extl_dev,,,,1,RS01SBPS,SF01A,NUTNR
RS01SBPS-SF01A-4A-NUTNRA101,nutnr_ext_dev_prerun_time,nutnr_ext_dev_prerun_time,,,,s,RS01SBPS,SF01A,NUTNR
RS01SBPS-SF01A-4A-NUTNRA101,nutnr_ext_dev_during_acq,nutnr_ext_dev_during_acq,,,,1,RS01SBPS,SF01A,NUTNR
RS01SBPS-SF01A-4A-NUTNRA101,nutnr_watchdog_timer,nutnr_watchdog_timer,,,,1,RS01SBPS,SF01A,NUTNR
RS01SBPS-SF01A-4A-NUTNRA101,nutnr_countdown,nutnr_countdown,,,,s,RS01SBPS,SF01A,NUTNR
RS01SBPS-SF01A-4A-NUTNRA101,nutnr_fixed_time_duration,nutnr_fixed_time_duration,,,,s,RS01SBPS,SF01A,NUTNR
RS01SBPS-SF01A-4A-NUTNRA101,nutnr_periodic_interval,nutnr_periodic_interval,,,,1,RS01SBPS,SF01A,NUTNR
RS01SBPS-SF01A-4A-NUTNRA101,nutnr_periodic_offset,nutnr_periodic_offset,,,,counts,RS01SBPS,SF01A,NUTNR
RS01SBPS-SF01A-4A-NUTNRA101,nutnr_periodic_duration,nutnr_periodic_duration,,,,s,RS01SBPS,SF01A,NUTNR
RS01SBPS-SF01A-4A-NUTNRA101,nutnr_periodic_samples,nutnr_periodic_samples,,,,counts,RS01SBPS,SF01A,NUTNR
RS01SBPS-SF01A-4A-NUTNRA101,nutnr_polled_timeout,nutnr_polled_timeout,,,,s,RS01SBPS,SF01A,NUTNR
RS01SBPS-SF01A-4A-NUTNRA101,nutnr_apf_timeout,nutnr_apf_timeout,,,,s,RS01SBPS,SF01A,NUTNR
RS01SBPS-SF01A-4A-NUTNRA101,nutnr_lamp_stability_time,nutnr_lamp_stability_time,,,,s,RS01SBPS,SF01A,NUTNR
RS01SBPS-SF01A-4A-NUTNRA101,nutnr_ref_min_lamp_on,nutnr_ref_min_lamp_on,,,,s,RS01SBPS,SF01A,NUTNR
RS01SBPS-SF01A-4A-NUTNRA101,nutnr_skip_sleep,nutnr_skip_sleep,,,,1,RS01SBPS,SF01A,NUTNR
RS01SBPS-SF01A-4A-NUTNRA101,nutnr_lamp_switchoff_temp,nutnr_lamp_switchoff_temp,,,,deg_C,RS01SBPS,SF01A,NUTNR
RS01SBPS-SF01A-4A-NUTNRA101,nutnr_spec_integration_period,nutnr_spec_integration_period,,,,ms,RS01SBPS,SF01A,NUTNR
RS01SBPS-SF01A-4A-NUTNRA101,nutnr_dark_avg,nutnr_dark_avg,,,,1,RS01SBPS,SF01A,NUTNR
RS01SBPS-SF01A-4A-NUTNRA101,nutnr_light_avg,nutnr_light_avg,,,,1,RS01SBPS,SF01A,NUTNR
RS01SBPS-SF01A-4A-NUTNRA101,nutnr_reference_samples,nutnr_reference_samples,,,,1,RS01SBPS,SF01A,NUTNR
RS01SBPS-SF01A-4A-NUTNRA101,nutnr_dark_samples,nutnr_dark_samples,,,,1,RS01SBPS,SF01A,NUTNR
RS01SBPS-SF01A-4A-NUTNRA101,nutnr_light_samples,nutnr_light_samples,,,,1,RS01SBPS,SF01A,NUTNR
RS01SBPS-SF01A-4A-NUTNRA101,nutnr_dark_duration,nutnr_dark_duration,,,,s,RS01SBPS,SF01A,NUTNR
RS01SBPS-SF01A-4A-NUTNRA101,nutnr_light_duration,nutnr_light_duration,,,,s,RS01SBPS,SF01A,NUTNR
RS01SBPS-SF01A-4A-NUTNRA101,nutnr_temp_comp,nutnr_temp_comp,,,,1,RS01SBPS,SF01A,NUTNR
RS01SBPS-SF01A-4A-NUTNRA101,nutnr_salinity_fit,nutnr_salinity_fit,,,,1,RS01SBPS,SF01A,NUTNR
RS01SBPS-SF01A-4A-NUTNRA101,nutnr_bromide_tracing,nutnr_bromide_tracing,,,,1,RS01SBPS,SF01A,NUTNR
RS01SBPS-SF01A-4A-NUTNRA101,nutnr_baseline_order,nutnr_baseline_order,,,,1,RS01SBPS,SF01A,NUTNR
RS01SBPS-SF01A-4A-NUTNRA101,nutnr_concentrations_fit,nutnr_concentrations_fit,,,,1,RS01SBPS,SF01A,NUTNR
RS01SBPS-SF01A-4A-NUTNRA101,nutnr_dark_corr_method,nutnr_dark_corr_method,,,,1,RS01SBPS,SF01A,NUTNR
RS01SBPS-SF01A-4A-NUTNRA101,nutnr_dark_coefs,nutnr_dark_coefs,,,,1,RS01SBPS,SF01A,NUTNR
RS01SBPS-SF01A-4A-NUTNRA101,nutnr_davgprm0,nutnr_davgprm0,,,,1,RS01SBPS,SF01A,NUTNR
RS01SBPS-SF01A-4A-NUTNRA101,nutnr_davgprm1,nutnr_davgprm1,,,,1,RS01SBPS,SF01A,NUTNR
RS01SBPS-SF01A-4A-NUTNRA101,nutnr_davgprm2,nutnr_davgprm2,,,,1,RS01SBPS,SF01A,NUTNR
RS01SBPS-SF01A-4A-NUTNRA101,nutnr_davgprm3,nutnr_davgprm3,,,,1,RS01SBPS,SF01A,NUTNR
RS01SBPS-SF01A-4A-NUTNRA101,nutnr_absorbance_cutoff,nutnr_absorbance_cutoff,,,,1,RS01SBPS,SF01A,NUTNR
RS01SBPS-SF01A-4A-NUTNRA101,nutnr_int_time_adj,nutnr_int_time_adj,,,,1,RS01SBPS,SF01A,NUTNR
RS01SBPS-SF01A-4A-NUTNRA101,nutnr_int_time_factor,nutnr_int_time_factor,,,,s,RS01SBPS,SF01A,NUTNR
RS01SBPS-SF01A-4A-NUTNRA101,nutnr_int_time_step,nutnr_int_time_step,,,,s,RS01SBPS,SF01A,NUTNR
RS01SBPS-SF01A-4A-NUTNRA101,nutnr_int_time_max,nutnr_int_time_max,,,,s,RS01SBPS,SF01A,NUTNR
RS01SBPS-SF01A-4A-NUTNRA101,nutnr_fit_wavelength_low,nutnr_fit_wavelength_low,,,,nm,RS01SBPS,SF01A,NUTNR
RS01SBPS-SF01A-4A-NUTNRA101,nutnr_fit_wavelength_high,nutnr_fit_wavelength_high,,,,nm,RS01SBPS,SF01A,NUTNR
RS01SBPS-SF01A-4A-NUTNRA101,nutnr_lamp_time,nutnr_lamp_time,,,,s,RS01SBPS,SF01A,NUTNR
RS01SBPS-SF01A-4A-NUTNRA101,nutnr_activecalfile,nutnr_activecalfile,,,,1,RS01SBPS,SF01A,NUTNR
RS01SBPS-SF01A-4A-NUTNRA101,nutnr_external_disk_size,nutnr_external_disk_size,,,,MB,RS01SBPS,SF01A,NUTNR
RS01SBPS-SF01A-4A-NUTNRA101,nutnr_external_disk_free,nutnr_external_disk_free,,,,MB,RS01SBPS,SF01A,NUTNR
RS01SBPS-SF01A-4A-NUTNRA101,nutnr_internal_disk_size,nutnr_internal_disk_size,,,,MB,RS01SBPS,SF01A,NUTNR
RS01SBPS-SF01A-4A-NUTNRA101,nutnr_internal_disk_free,nutnr_internal_disk_free,,,,MB,RS01SBPS,SF01A,NUTNR
RS01SBPS-SF01A-4A-NUTNRA101,nutnr_electrical_mn,nutnr_electrical_mn,,,,V,RS01SBPS,SF01A,NUTNR
RS01SBPS-SF01A-4A-NUTNRA101,nutnr_electrical_bd,nutnr_electrical_bd,,,,V,RS01SBPS,SF01A,NUTNR
RS01SBPS-SF01A-4A-NUTNRA101,nutnr_electrical_pr,nutnr_electrical_pr,,,,V,RS01SBPS,SF01A,NUTNR
RS01SBPS-SF01A-4A-NUTNRA101,nutnr_electrical_c,nutnr_electrical_c,,,,mA,RS01SBPS,SF01A,NUTNR
RS01SBPS-SF01A-4A-NUTNRA101,nutnr_lamp_power,nutnr_lamp_power,,,,mW,RS01SBPS,SF01A,NUTNR
RS01SBPS-SF01A-4A-NUTNRA101,nutnr_spec_dark_av,nutnr_spec_dark_av,,,,counts,RS01SBPS,SF01A,NUTNR
RS01SBPS-SF01A-4A-NUTNRA101,nutnr_spec_dark_sd,nutnr_spec_dark_sd,,,,counts,RS01SBPS,SF01A,NUTNR
RS01SBPS-SF01A-4A-NUTNRA101,nutnr_spec_dark_mi,nutnr_spec_dark_mi,,,,counts,RS01SBPS,SF01A,NUTNR
RS01SBPS-SF01A-4A-NUTNRA101,nutnr_spec_dark_ma,nutnr_spec_dark_ma,,,,counts,RS01SBPS,SF01A,NUTNR
RS01SBPS-SF01A-4A-NUTNRA101,nutnr_spec_lght_av,nutnr_spec_lght_av,,,,counts,RS01SBPS,SF01A,NUTNR
RS01SBPS-SF01A-4A-NUTNRA101,nutnr_spec_lght_sd,nutnr_spec_lght_sd,,,,counts,RS01SBPS,SF01A,NUTNR
RS01SBPS-SF01A-4A-NUTNRA101,nutnr_spec_lght_mi,nutnr_spec_lght_mi,,,,counts,RS01SBPS,SF01A,NUTNR
RS01SBPS-SF01A-4A-NUTNRA101,nutnr_spec_lght_ma,nutnr_spec_lght_ma,,,,counts,RS01SBPS,SF01A,NUTNR
RS01SBPS-SF01A-4A-NUTNRA101,nutnr_test_result,nutnr_test_result,,,,1,RS01SBPS,SF01A,NUTNR
RS01SBPS-SF01A-4A-NUTNRA101,temp_sal_corrected_nitrate,temp_sal_corrected_nitrate,0,40,L2,umol L-1,RS01SBPS,SF01A,NUTNR
RS01SBPS-SF01A-4A-NUTNRA101,baud_rate,baud_rate,,,,Bd,RS01SBPS,SF01A,NUTNR
RS01SBPS-SF01A-4A-NUTNRA101,frame_type,frame_type,,,,1,RS01SBPS,SF01A,NUTNR
RS01SBPS-SF01A-4A-NUTNRA101,serial_number,serial_number,,,,1,RS01SBPS,SF01A,NUTNR
RS01SBPS-SF01A-4A-NUTNRA101,date_of_sample,date_of_sample,,,,1,RS01SBPS,SF01A,NUTNR
RS01SBPS-SF01A-4A-NUTNRA101,time_of_sample,time_of_sample,,,,h,RS01SBPS,SF01A,NUTNR
RS01SBPS-SF01A-4A-NUTNRA101,nitrate_concentration,nitrate_concentration,0,40,L1,umol L-1,RS01SBPS,SF01A,NUTNR
RS01SBPS-SF01A-4A-NUTNRA101,aux_fitting_1,aux_fitting_1,,,,1,RS01SBPS,SF01A,NUTNR
RS01SBPS-SF01A-4A-NUTNRA101,aux_fitting_3,aux_fitting_3,,,,1,RS01SBPS,SF01A,NUTNR
RS01SBPS-SF01A-4A-NUTNRA101,aux_fitting_2,aux_fitting_2,,,,1,RS01SBPS,SF01A,NUTNR
RS01SBPS-SF01A-4A-NUTNRA101,aux_fitting_4,aux_fitting_4,,,,1,RS01SBPS,SF01A,NUTNR
RS01SBPS-SF01A-4A-NUTNRA101,temp_interior,temp_interior,,,,deg_C,RS01SBPS,SF01A,NUTNR
RS01SBPS-SF01A-4A-NUTNRA101,temp_spectrometer,temp_spectrometer,,,,deg_C,RS01SBPS,SF01A,NUTNR
RS01SBPS-SF01A-4A-NUTNRA101,temp_lamp,temp_lamp,,,,deg_C,RS01SBPS,SF01A,NUTNR
RS01SBPS-SF01A-4A-NUTNRA101,humidity,humidity,,,,%,RS01SBPS,SF01A,NUTNR
RS01SBPS-SF01A-4A-NUTNRA101,humidity,humidity,,,ENG,%,RS01SBPS,SF01A,NUTNR
RS01SBPS-SF01A-4A-NUTNRA101,voltage_lamp,voltage_lamp,,,,V,RS01SBPS,SF01A,NUTNR
RS01SBPS-SF01A-4A-NUTNRA101,voltage_main,voltage_main,,,,V,RS01SBPS,SF01A,NUTNR
RS01SBPS-SF01A-4A-NUTNRA101,spectral_channels,spectral_channels,,,L0,counts,RS01SBPS,SF01A,NUTNR
RS01SBPS-SF01A-4A-NUTNRA101,checksum,checksum,,,,1,RS01SBPS,SF01A,NUTNR
RS01SBPS-SF01A-4A-NUTNRA101,lamp_time,lamp_time,,,,s,RS01SBPS,SF01A,NUTNR
RS01SBPS-SF01A-4A-NUTNRA101,time,time,,,,seconds since 1900-01-01,RS01SBPS,SF01A,NUTNR
RS01SBPS-SF01A-4A-NUTNRA101,ingestion_timestamp,ingestion_timestamp,,,,seconds since 1900-01-01,RS01SBPS,SF01A,NUTNR
RS01SBPS-SF01A-4B-VELPTD102,port_timestamp,port_timestamp,,,ENG,seconds since 1900-01-01,RS01SBPS,SF01A,VELPT
RS01SBPS-SF01A-4B-VELPTD102,transmit_pulse_length_2nd,transmit_pulse_length_2nd,,,ENG,counts,RS01SBPS,SF01A,VELPT
RS01SBPS-SF01A-4B-VELPTD102,driver_timestamp,driver_timestamp,,,ENG,seconds since 1900-01-01,RS01SBPS,SF01A,VELPT
RS01SBPS-SF01A-4B-VELPTD102,firmware_version,firmware_version,,,ENG,1,RS01SBPS,SF01A,VELPT
RS01SBPS-SF01A-4B-VELPTD102,preferred_timestamp,preferred_timestamp,,,ENG,1,RS01SBPS,SF01A,VELPT
RS01SBPS-SF01A-4B-VELPTD102,velpt_d_eastward_velocity,velpt_d_eastward_velocity,-3,3,L1,m s-1,RS01SBPS,SF01A,VELPT
RS01SBPS-SF01A-4B-VELPTD102,velpt_d_northward_velocity,velpt_d_northward_velocity,-3,3,L1,m s-1,RS01SBPS,SF01A,VELPT
RS01SBPS-SF01A-4B-VELPTD102,velpt_d_upward_velocity,velpt_d_upward_velocity,-1,1,L1,m s-1,RS01SBPS,SF01A,VELPT
RS01SBPS-SF01A-4B-VELPTD102,battery_voltage_dv,battery_voltage_dv,,,ENG,dV,RS01SBPS,SF01A,VELPT
RS01SBPS-SF01A-4B-VELPTD102,sound_speed_dms,sound_speed_dms,,,ENG,dm s-1,RS01SBPS,SF01A,VELPT
RS01SBPS-SF01A-4B-VELPTD102,heading_decidegree,heading_decidegree,,,ENG,deci-degrees,RS01SBPS,SF01A,VELPT
RS01SBPS-SF01A-4B-VELPTD102,roll_decidegree,roll_decidegree,,,ENG,deci-degrees,RS01SBPS,SF01A,VELPT
RS01SBPS-SF01A-4B-VELPTD102,pitch_decidegree,pitch_decidegree,,,ENG,deci-degrees,RS01SBPS,SF01A,VELPT
RS01SBPS-SF01A-4B-VELPTD102,temperature_centidegree,temperature_centidegree,,,ENG,cdeg_C,RS01SBPS,SF01A,VELPT
RS01SBPS-SF01A-4B-VELPTD102,pressure_mbar,pressure_mbar,,,L1,0.001 dbar,RS01SBPS,SF01A,VELPT
RS01SBPS-SF01A-4B-VELPTD102,error_code,error_code,,,ENG,1,RS01SBPS,SF01A,VELPT
RS01SBPS-SF01A-4B-VELPTD102,analog1,analog1,,,ENG,1,RS01SBPS,SF01A,VELPT
RS01SBPS-SF01A-4B-VELPTD102,status,status,,,ENG,1,RS01SBPS,SF01A,VELPT
RS01SBPS-SF01A-4B-VELPTD102,velocity_beam1,velocity_beam1,,,L0,mm s-1,RS01SBPS,SF01A,VELPT
RS01SBPS-SF01A-4B-VELPTD102,velocity_beam2,velocity_beam2,,,L0,mm s-1,RS01SBPS,SF01A,VELPT
RS01SBPS-SF01A-4B-VELPTD102,velocity_beam3,velocity_beam3,,,L0,mm s-1,RS01SBPS,SF01A,VELPT
RS01SBPS-SF01A-4B-VELPTD102,amplitude_beam1,amplitude_beam1,,,ENG,counts,RS01SBPS,SF01A,VELPT
RS01SBPS-SF01A-4B-VELPTD102,amplitude_beam2,amplitude_beam2,,,ENG,counts,RS01SBPS,SF01A,VELPT
RS01SBPS-SF01A-4B-VELPTD102,amplitude_beam3,amplitude_beam3,,,ENG,counts,RS01SBPS,SF01A,VELPT
RS01SBPS-SF01A-4B-VELPTD102,instrmt_type_serial_number,instrmt_type_serial_number,,,ENG,1,RS01SBPS,SF01A,VELPT
RS01SBPS-SF01A-4B-VELPTD102,recorder_installed,recorder_installed,,,ENG,1,RS01SBPS,SF01A,VELPT
RS01SBPS-SF01A-4B-VELPTD102,compass_installed,compass_installed,,,ENG,1,RS01SBPS,SF01A,VELPT
RS01SBPS-SF01A-4B-VELPTD102,board_frequency,board_frequency,,,ENG,kHz,RS01SBPS,SF01A,VELPT
RS01SBPS-SF01A-4B-VELPTD102,pic_version,pic_version,,,ENG,1,RS01SBPS,SF01A,VELPT
RS01SBPS-SF01A-4B-VELPTD102,hardware_revision,hardware_revision,,,ENG,1,RS01SBPS,SF01A,VELPT
RS01SBPS-SF01A-4B-VELPTD102,recorder_size,recorder_size,,,ENG,bytes,RS01SBPS,SF01A,VELPT
RS01SBPS-SF01A-4B-VELPTD102,velocity_range,velocity_range,,,ENG,1,RS01SBPS,SF01A,VELPT
RS01SBPS-SF01A-4B-VELPTD102,pressure_sensor,pressure_sensor,,,ENG,1,RS01SBPS,SF01A,VELPT
RS01SBPS-SF01A-4B-VELPTD102,magnetometer_sensor,magnetometer_sensor,,,ENG,1,RS01SBPS,SF01A,VELPT
RS01SBPS-SF01A-4B-VELPTD102,tilt_sensor,tilt_sensor,,,ENG,1,RS01SBPS,SF01A,VELPT
RS01SBPS-SF01A-4B-VELPTD102,tilt_sensor_mounting,tilt_sensor_mounting,,,ENG,1,RS01SBPS,SF01A,VELPT
RS01SBPS-SF01A-4B-VELPTD102,head_frequency,head_frequency,,,ENG,kHz,RS01SBPS,SF01A,VELPT
RS01SBPS-SF01A-4B-VELPTD102,head_type,head_type,,,ENG,1,RS01SBPS,SF01A,VELPT
RS01SBPS-SF01A-4B-VELPTD102,head_serial_number,head_serial_number,,,ENG,1,RS01SBPS,SF01A,VELPT
RS01SBPS-SF01A-4B-VELPTD102,system_data,system_data,,,ENG,1,RS01SBPS,SF01A,VELPT
RS01SBPS-SF01A-4B-VELPTD102,number_beams,number_beams,,,ENG,1,RS01SBPS,SF01A,VELPT
RS01SBPS-SF01A-4B-VELPTD102,transmit_pulse_length,transmit_pulse_length,,,ENG,counts,RS01SBPS,SF01A,VELPT
RS01SBPS-SF01A-4B-VELPTD102,blanking_distance,blanking_distance,,,ENG,counts,RS01SBPS,SF01A,VELPT
RS01SBPS-SF01A-4B-VELPTD102,receive_length,receive_length,,,ENG,counts,RS01SBPS,SF01A,VELPT
RS01SBPS-SF01A-4B-VELPTD102,time_between_pings,time_between_pings,,,ENG,counts,RS01SBPS,SF01A,VELPT
RS01SBPS-SF01A-4B-VELPTD102,time_between_bursts,time_between_bursts,,,ENG,counts,RS01SBPS,SF01A,VELPT
RS01SBPS-SF01A-4B-VELPTD102,number_pings,number_pings,,,ENG,1,RS01SBPS,SF01A,VELPT
RS01SBPS-SF01A-4B-VELPTD102,average_interval,average_interval,,,ENG,s,RS01SBPS,SF01A,VELPT
RS01SBPS-SF01A-4B-VELPTD102,profile_type,profile_type,,,ENG,1,RS01SBPS,SF01A,VELPT
RS01SBPS-SF01A-4B-VELPTD102,mode_type,mode_type,,,ENG,1,RS01SBPS,SF01A,VELPT
RS01SBPS-SF01A-4B-VELPTD102,power_level_tcm3,power_level_tcm3,,,ENG,1,RS01SBPS,SF01A,VELPT
RS01SBPS-SF01A-4B-VELPTD102,power_level_tcm4,power_level_tcm4,,,ENG,1,RS01SBPS,SF01A,VELPT
RS01SBPS-SF01A-4B-VELPTD102,sync_out_position,sync_out_position,,,ENG,1,RS01SBPS,SF01A,VELPT
RS01SBPS-SF01A-4B-VELPTD102,sample_on_sync,sample_on_sync,,,ENG,1,RS01SBPS,SF01A,VELPT
RS01SBPS-SF01A-4B-VELPTD102,start_on_sync,start_on_sync,,,ENG,1,RS01SBPS,SF01A,VELPT
RS01SBPS-SF01A-4B-VELPTD102,power_level_pcr3,power_level_pcr3,,,ENG,1,RS01SBPS,SF01A,VELPT
RS01SBPS-SF01A-4B-VELPTD102,power_level_pcr4,power_level_pcr4,,,ENG,1,RS01SBPS,SF01A,VELPT
RS01SBPS-SF01A-4B-VELPTD102,compass_update_rate,compass_update_rate,,,ENG,Hz,RS01SBPS,SF01A,VELPT
RS01SBPS-SF01A-4B-VELPTD102,coordinate_system,coordinate_system,,,ENG,1,RS01SBPS,SF01A,VELPT
RS01SBPS-SF01A-4B-VELPTD102,number_cells,number_cells,,,ENG,1,RS01SBPS,SF01A,VELPT
RS01SBPS-SF01A-4B-VELPTD102,cell_size,cell_size,,,ENG,m,RS01SBPS,SF01A,VELPT
RS01SBPS-SF01A-4B-VELPTD102,measurement_interval,measurement_interval,,,ENG,s,RS01SBPS,SF01A,VELPT
RS01SBPS-SF01A-4B-VELPTD102,deployment_name,deployment_name,,,ENG,1,RS01SBPS,SF01A,VELPT
RS01SBPS-SF01A-4B-VELPTD102,wrap_mode,wrap_mode,,,ENG,1,RS01SBPS,SF01A,VELPT
RS01SBPS-SF01A-4B-VELPTD102,deployment_start_time,deployment_start_time,,,ENG,1,RS01SBPS,SF01A,VELPT
RS01SBPS-SF01A-4B-VELPTD102,diagnostics_interval,diagnostics_interval,,,ENG,s,RS01SBPS,SF01A,VELPT
RS01SBPS-SF01A-4B-VELPTD102,use_specified_sound_speed,use_specified_sound_speed,,,ENG,1,RS01SBPS,SF01A,VELPT
RS01SBPS-SF01A-4B-VELPTD102,diagnostics_mode_enable,diagnostics_mode_enable,,,ENG,1,RS01SBPS,SF01A,VELPT
RS01SBPS-SF01A-4B-VELPTD102,analog_output_enable,analog_output_enable,,,ENG,1,RS01SBPS,SF01A,VELPT
RS01SBPS-SF01A-4B-VELPTD102,output_format_nortek,output_format_nortek,,,ENG,1,RS01SBPS,SF01A,VELPT
RS01SBPS-SF01A-4B-VELPTD102,scaling,scaling,,,ENG,1,RS01SBPS,SF01A,VELPT
RS01SBPS-SF01A-4B-VELPTD102,serial_output_enable,serial_output_enable,,,ENG,1,RS01SBPS,SF01A,VELPT
RS01SBPS-SF01A-4B-VELPTD102,stage_enable,stage_enable,,,ENG,1,RS01SBPS,SF01A,VELPT
RS01SBPS-SF01A-4B-VELPTD102,analog_power_output,analog_power_output,,,ENG,1,RS01SBPS,SF01A,VELPT
RS01SBPS-SF01A-4B-VELPTD102,sound_speed_adjust_factor,sound_speed_adjust_factor,,,ENG,m s-1,RS01SBPS,SF01A,VELPT
RS01SBPS-SF01A-4B-VELPTD102,number_diagnostics_samples,number_diagnostics_samples,,,ENG,1,RS01SBPS,SF01A,VELPT
RS01SBPS-SF01A-4B-VELPTD102,number_beams_per_cell,number_beams_per_cell,,,ENG,1,RS01SBPS,SF01A,VELPT
RS01SBPS-SF01A-4B-VELPTD102,number_pings_diagnostic,number_pings_diagnostic,,,ENG,1,RS01SBPS,SF01A,VELPT
RS01SBPS-SF01A-4B-VELPTD102,use_dsp_filter,use_dsp_filter,,,ENG,1,RS01SBPS,SF01A,VELPT
RS01SBPS-SF01A-4B-VELPTD102,filter_data_output,filter_data_output,,,ENG,1,RS01SBPS,SF01A,VELPT
RS01SBPS-SF01A-4B-VELPTD102,analog_input_address,analog_input_address,,,ENG,1,RS01SBPS,SF01A,VELPT
RS01SBPS-SF01A-4B-VELPTD102,software_version,software_version,,,ENG,1,RS01SBPS,SF01A,VELPT
RS01SBPS-SF01A-4B-VELPTD102,velocity_adjustment_factor,velocity_adjustment_factor,,,ENG,1,RS01SBPS,SF01A,VELPT
RS01SBPS-SF01A-4B-VELPTD102,file_comments,file_comments,,,ENG,1,RS01SBPS,SF01A,VELPT
RS01SBPS-SF01A-4B-VELPTD102,wave_data_rate,wave_data_rate,,,ENG,Hz,RS01SBPS,SF01A,VELPT
RS01SBPS-SF01A-4B-VELPTD102,wave_cell_position,wave_cell_position,,,ENG,1,RS01SBPS,SF01A,VELPT
RS01SBPS-SF01A-4B-VELPTD102,dynamic_position_type,dynamic_position_type,,,ENG,1,RS01SBPS,SF01A,VELPT
RS01SBPS-SF01A-4B-VELPTD102,percent_wave_cell_position,percent_wave_cell_position,,,ENG,1,RS01SBPS,SF01A,VELPT
RS01SBPS-SF01A-4B-VELPTD102,wave_transmit_pulse,wave_transmit_pulse,,,ENG,1,RS01SBPS,SF01A,VELPT
RS01SBPS-SF01A-4B-VELPTD102,fixed_wave_blanking_distance,fixed_wave_blanking_distance,,,ENG,counts,RS01SBPS,SF01A,VELPT
RS01SBPS-SF01A-4B-VELPTD102,wave_measurement_cell_size,wave_measurement_cell_size,,,ENG,m,RS01SBPS,SF01A,VELPT
RS01SBPS-SF01A-4B-VELPTD102,number_diagnostics_per_wave,number_diagnostics_per_wave,,,ENG,1,RS01SBPS,SF01A,VELPT
RS01SBPS-SF01A-4B-VELPTD102,number_samples_per_burst,number_samples_per_burst,,,ENG,1,RS01SBPS,SF01A,VELPT
RS01SBPS-SF01A-4B-VELPTD102,analog_scale_factor,analog_scale_factor,,,ENG,1,RS01SBPS,SF01A,VELPT
RS01SBPS-SF01A-4B-VELPTD102,correlation_threshold,correlation_threshold,,,ENG,1,RS01SBPS,SF01A,VELPT
RS01SBPS-SF01A-4B-VELPTD102,filter_constants,filter_constants,,,ENG,1,RS01SBPS,SF01A,VELPT
RS01SBPS-SF01A-4B-VELPTD102,time,time,,,ENG,seconds since 1900-01-01,RS01SBPS,SF01A,VELPT
RS01SBPS-SF01A-4B-VELPTD102,battery_voltage,battery_voltage,,,ENG,V,RS01SBPS,SF01A,VELPT
RS01SBPS-SF01A-4B-VELPTD102,sound_speed_analog2,sound_speed_analog2,,,ENG,m s-1,RS01SBPS,SF01A,VELPT
RS01SBPS-SF01A-4B-VELPTD102,date_time_array,date_time_array,,,ENG,1,RS01SBPS,SF01A,VELPT
RS01SBPS-SF01A-4B-VELPTD102,pitch,pitch,,,ENG,degrees,RS01SBPS,SF01A,VELPT
RS01SBPS-SF01A-4B-VELPTD102,battery_voltage_mv,battery_voltage_mv,,,ENG,mV,RS01SBPS,SF01A,VELPT
RS01SBPS-SF01A-4B-VELPTD102,identification_string,identification_string,,,ENG,1,RS01SBPS,SF01A,VELPT
RS01SBPS-SF01A-4B-VELPTD102,roll,roll,,,ENG,degrees,RS01SBPS,SF01A,VELPT
RS01SBPS-SF01A-4B-VELPTD102,temperature,temperature,,,ENG,deg_C,RS01SBPS,SF01A,VELPT
RS01SBPS-SF01A-4B-VELPTD102,date_time_string,date_time_string,,,ENG,1,RS01SBPS,SF01A,VELPT
RS01SBPS-SF01A-4F-PCO2WA101,port_timestamp,port_timestamp,,,ENG,seconds since 1900-01-01,RS01SBPS,SF01A,PCO2W
RS01SBPS-SF01A-4F-PCO2WA101,driver_timestamp,driver_timestamp,,,ENG,seconds since 1900-01-01,RS01SBPS,SF01A,PCO2W
RS01SBPS-SF01A-4F-PCO2WA101,external_device2_fault,external_device2_fault,,,ENG,1,RS01SBPS,SF01A,PCO2W
RS01SBPS-SF01A-4F-PCO2WA101,external_device3_fault,external_device3_fault,,,ENG,1,RS01SBPS,SF01A,PCO2W
RS01SBPS-SF01A-4F-PCO2WA101,num_data_records,num_data_records,,,ENG,1,RS01SBPS,SF01A,PCO2W
RS01SBPS-SF01A-4F-PCO2WA101,num_error_records,num_error_records,,,ENG,1,RS01SBPS,SF01A,PCO2W
RS01SBPS-SF01A-4F-PCO2WA101,num_bytes_stored,num_bytes_stored,,,ENG,bytes,RS01SBPS,SF01A,PCO2W
RS01SBPS-SF01A-4F-PCO2WA101,internal_timestamp,internal_timestamp,,,ENG,seconds since 1900-01-01,RS01SBPS,SF01A,PCO2W
RS01SBPS-SF01A-4F-PCO2WA101,preferred_timestamp,preferred_timestamp,,,ENG,1,RS01SBPS,SF01A,PCO2W
RS01SBPS-SF01A-4F-PCO2WA101,pco2w_battery_voltage,pco2w_battery_voltage,,,ENG,counts,RS01SBPS,SF01A,PCO2W
RS01SBPS-SF01A-4F-PCO2WA101,pco2w_thermistor_voltage,pco2w_thermistor_voltage,,,ENG,counts,RS01SBPS,SF01A,PCO2W
RS01SBPS-SF01A-4F-PCO2WA101,checksum,checksum,,,ENG,1,RS01SBPS,SF01A,PCO2W
RS01SBPS-SF01A-4F-PCO2WA101,unique_id,unique_id,,,ENG,1,RS01SBPS,SF01A,PCO2W
RS01SBPS-SF01A-4F-PCO2WA101,record_length,record_length,,,ENG,1,RS01SBPS,SF01A,PCO2W
RS01SBPS-SF01A-4F-PCO2WA101,record_type,record_type,,,ENG,1,RS01SBPS,SF01A,PCO2W
RS01SBPS-SF01A-4F-PCO2WA101,record_time,record_time,,,ENG,seconds since 1904-01-01,RS01SBPS,SF01A,PCO2W
RS01SBPS-SF01A-4F-PCO2WA101,light_measurements,light_measurements,,,ENG,counts,RS01SBPS,SF01A,PCO2W
RS01SBPS-SF01A-4F-PCO2WA101,voltage_battery,voltage_battery,,,ENG,counts,RS01SBPS,SF01A,PCO2W
RS01SBPS-SF01A-4F-PCO2WA101,thermistor_raw,thermistor_raw,,,L0,V,RS01SBPS,SF01A,PCO2W
RS01SBPS-SF01A-4F-PCO2WA101,elapsed_time_config,elapsed_time_config,,,ENG,s,RS01SBPS,SF01A,PCO2W
RS01SBPS-SF01A-4F-PCO2WA101,clock_active,clock_active,,,ENG,1,RS01SBPS,SF01A,PCO2W
RS01SBPS-SF01A-4F-PCO2WA101,recording_active,recording_active,,,ENG,1,RS01SBPS,SF01A,PCO2W
RS01SBPS-SF01A-4F-PCO2WA101,record_end_on_time,record_end_on_time,,,ENG,1,RS01SBPS,SF01A,PCO2W
RS01SBPS-SF01A-4F-PCO2WA101,record_memory_full,record_memory_full,,,ENG,1,RS01SBPS,SF01A,PCO2W
RS01SBPS-SF01A-4F-PCO2WA101,record_end_on_error,record_end_on_error,,,ENG,1,RS01SBPS,SF01A,PCO2W
RS01SBPS-SF01A-4F-PCO2WA101,data_download_ok,data_download_ok,,,ENG,1,RS01SBPS,SF01A,PCO2W
RS01SBPS-SF01A-4F-PCO2WA101,flash_memory_open,flash_memory_open,,,ENG,1,RS01SBPS,SF01A,PCO2W
RS01SBPS-SF01A-4F-PCO2WA101,pco2w_seawater,pco2w_seawater,,,L1,uatm,RS01SBPS,SF01A,PCO2W
RS01SBPS-SF01A-4F-PCO2WA101,battery_low_prestart,battery_low_prestart,,,ENG,1,RS01SBPS,SF01A,PCO2W
RS01SBPS-SF01A-4F-PCO2WA101,battery_low_measurement,battery_low_measurement,,,ENG,1,RS01SBPS,SF01A,PCO2W
RS01SBPS-SF01A-4F-PCO2WA101,battery_low_bank,battery_low_bank,,,ENG,1,RS01SBPS,SF01A,PCO2W
RS01SBPS-SF01A-4F-PCO2WA101,battery_low_external,battery_low_external,,,ENG,1,RS01SBPS,SF01A,PCO2W
RS01SBPS-SF01A-4F-PCO2WA101,external_device1_fault,external_device1_fault,,,ENG,1,RS01SBPS,SF01A,PCO2W
RS01SBPS-SF01A-4F-PCO2WA101,pco2w_a_absorbance_blank_434,pco2w_a_absorbance_blank_434,,,L0,1,RS01SBPS,SF01A,PCO2W
RS01SBPS-SF01A-4F-PCO2WA101,pco2w_a_absorbance_blank_620,pco2w_a_absorbance_blank_620,,,L0,1,RS01SBPS,SF01A,PCO2W
RS01SBPS-SF01A-4F-PCO2WA101,flash_erased,flash_erased,,,ENG,1,RS01SBPS,SF01A,PCO2W
RS01SBPS-SF01A-4F-PCO2WA101,power_on_invalid,power_on_invalid,,,ENG,1,RS01SBPS,SF01A,PCO2W
RS01SBPS-SF01A-4F-PCO2WA101,launch_time,launch_time,,,ENG,seconds since 1904-01-04,RS01SBPS,SF01A,PCO2W
RS01SBPS-SF01A-4F-PCO2WA101,start_time_offset,start_time_offset,,,ENG,s,RS01SBPS,SF01A,PCO2W
RS01SBPS-SF01A-4F-PCO2WA101,recording_time,recording_time,,,ENG,s,RS01SBPS,SF01A,PCO2W
RS01SBPS-SF01A-4F-PCO2WA101,pmi_sample_schedule,pmi_sample_schedule,,,ENG,1,RS01SBPS,SF01A,PCO2W
RS01SBPS-SF01A-4F-PCO2WA101,sami_sample_schedule,sami_sample_schedule,,,ENG,1,RS01SBPS,SF01A,PCO2W
RS01SBPS-SF01A-4F-PCO2WA101,slot1_follows_sami_sample,slot1_follows_sami_sample,,,ENG,1,RS01SBPS,SF01A,PCO2W
RS01SBPS-SF01A-4F-PCO2WA101,slot1_independent_schedule,slot1_independent_schedule,,,ENG,1,RS01SBPS,SF01A,PCO2W
RS01SBPS-SF01A-4F-PCO2WA101,slot2_follows_sami_sample,slot2_follows_sami_sample,,,ENG,1,RS01SBPS,SF01A,PCO2W
RS01SBPS-SF01A-4F-PCO2WA101,slot2_independent_schedule,slot2_independent_schedule,,,ENG,1,RS01SBPS,SF01A,PCO2W
RS01SBPS-SF01A-4F-PCO2WA101,slot3_follows_sami_sample,slot3_follows_sami_sample,,,ENG,1,RS01SBPS,SF01A,PCO2W
RS01SBPS-SF01A-4F-PCO2WA101,slot3_independent_schedule,slot3_independent_schedule,,,ENG,1,RS01SBPS,SF01A,PCO2W
RS01SBPS-SF01A-4F-PCO2WA101,timer_interval_sami,timer_interval_sami,,,ENG,s,RS01SBPS,SF01A,PCO2W
RS01SBPS-SF01A-4F-PCO2WA101,driver_id_sami,driver_id_sami,,,ENG,1,RS01SBPS,SF01A,PCO2W
RS01SBPS-SF01A-4F-PCO2WA101,parameter_pointer_sami,parameter_pointer_sami,,,ENG,1,RS01SBPS,SF01A,PCO2W
RS01SBPS-SF01A-4F-PCO2WA101,timer_interval_device1,timer_interval_device1,,,ENG,s,RS01SBPS,SF01A,PCO2W
RS01SBPS-SF01A-4F-PCO2WA101,driver_id_device1,driver_id_device1,,,ENG,1,RS01SBPS,SF01A,PCO2W
RS01SBPS-SF01A-4F-PCO2WA101,parameter_pointer_device1,parameter_pointer_device1,,,ENG,1,RS01SBPS,SF01A,PCO2W
RS01SBPS-SF01A-4F-PCO2WA101,timer_interval_device2,timer_interval_device2,,,ENG,s,RS01SBPS,SF01A,PCO2W
RS01SBPS-SF01A-4F-PCO2WA101,driver_id_device2,driver_id_device2,,,ENG,1,RS01SBPS,SF01A,PCO2W
RS01SBPS-SF01A-4F-PCO2WA101,parameter_pointer_device2,parameter_pointer_device2,,,ENG,1,RS01SBPS,SF01A,PCO2W
RS01SBPS-SF01A-4F-PCO2WA101,timer_interval_device3,timer_interval_device3,,,ENG,s,RS01SBPS,SF01A,PCO2W
RS01SBPS-SF01A-4F-PCO2WA101,driver_id_device3,driver_id_device3,,,ENG,1,RS01SBPS,SF01A,PCO2W
RS01SBPS-SF01A-4F-PCO2WA101,parameter_pointer_device3,parameter_pointer_device3,,,ENG,1,RS01SBPS,SF01A,PCO2W
RS01SBPS-SF01A-4F-PCO2WA101,timer_interval_prestart,timer_interval_prestart,,,ENG,s,RS01SBPS,SF01A,PCO2W
RS01SBPS-SF01A-4F-PCO2WA101,driver_id_prestart,driver_id_prestart,,,ENG,1,RS01SBPS,SF01A,PCO2W
RS01SBPS-SF01A-4F-PCO2WA101,parameter_pointer_prestart,parameter_pointer_prestart,,,ENG,1,RS01SBPS,SF01A,PCO2W
RS01SBPS-SF01A-4F-PCO2WA101,use_baud_rate_57600,use_baud_rate_57600,,,ENG,1,RS01SBPS,SF01A,PCO2W
RS01SBPS-SF01A-4F-PCO2WA101,send_record_type,send_record_type,,,ENG,1,RS01SBPS,SF01A,PCO2W
RS01SBPS-SF01A-4F-PCO2WA101,send_live_records,send_live_records,,,ENG,1,RS01SBPS,SF01A,PCO2W
RS01SBPS-SF01A-4F-PCO2WA101,extend_global_config,extend_global_config,,,ENG,1,RS01SBPS,SF01A,PCO2W
RS01SBPS-SF01A-4F-PCO2WA101,pump_pulse,pump_pulse,,,ENG,s,RS01SBPS,SF01A,PCO2W
RS01SBPS-SF01A-4F-PCO2WA101,pump_on_to_measure,pump_on_to_measure,,,ENG,s,RS01SBPS,SF01A,PCO2W
RS01SBPS-SF01A-4F-PCO2WA101,samples_per_measure,samples_per_measure,,,ENG,counts,RS01SBPS,SF01A,PCO2W
RS01SBPS-SF01A-4F-PCO2WA101,cycles_between_blanks,cycles_between_blanks,,,ENG,counts,RS01SBPS,SF01A,PCO2W
RS01SBPS-SF01A-4F-PCO2WA101,num_reagent_cycles,num_reagent_cycles,,,ENG,counts,RS01SBPS,SF01A,PCO2W
RS01SBPS-SF01A-4F-PCO2WA101,num_blank_cycles,num_blank_cycles,,,ENG,counts,RS01SBPS,SF01A,PCO2W
RS01SBPS-SF01A-4F-PCO2WA101,flush_pump_interval,flush_pump_interval,,,ENG,s,RS01SBPS,SF01A,PCO2W
RS01SBPS-SF01A-4F-PCO2WA101,disable_start_blank_flush,disable_start_blank_flush,,,ENG,1,RS01SBPS,SF01A,PCO2W
RS01SBPS-SF01A-4F-PCO2WA101,measure_after_pump_pulse,measure_after_pump_pulse,,,ENG,1,RS01SBPS,SF01A,PCO2W
RS01SBPS-SF01A-4F-PCO2WA101,time,time,,,ENG,seconds since 1900-01-01,RS01SBPS,SF01A,PCO2W
RS01SBPS-SF01A-4F-PCO2WA101,ingestion_timestamp,ingestion_timestamp,,,ENG,seconds since 1900-01-01,RS01SBPS,SF01A,PCO2W
RS01SBPS-SF01A-4F-PCO2WA101,cycle_rate,cycle_rate,,,ENG,s,RS01SBPS,SF01A,PCO2W
RS01SBPS-SF01A-4F-PCO2WA101,absorbance_ratio_434,absorbance_ratio_434,0,100000,L0,counts,RS01SBPS,SF01A,PCO2W
RS01SBPS-SF01A-4F-PCO2WA101,absorbance_ratio_620,absorbance_ratio_620,0,100000,L0,counts,RS01SBPS,SF01A,PCO2W
RS01SBPS-SF01A-4F-PCO2WA101,pco2w_thermistor_temperature,pco2w_thermistor_temperature,-2,40,L1,deg_C,RS01SBPS,SF01A,PCO2W
RS01SLBS-LJ01A-05-HPIESA101,,,,,,,RS01SLBS,LJ01A,HPIES
RS01SLBS-LJ01A-05-HPIESA101,hpies_data_valid,hpies_data_valid,,,ENG,boolean,RS01SLBS,LJ01A,HPIES
RS01SLBS-LJ01A-05-HPIESA101,hpies_e1a,hpies_e1a,,,L0,counts,RS01SLBS,LJ01A,HPIES
RS01SLBS-LJ01A-05-HPIESA101,hpies_e1b,hpies_e1b,,,L0,counts,RS01SLBS,LJ01A,HPIES
RS01SLBS-LJ01A-05-HPIESA101,hpies_e1c,hpies_e1c,,,L0,counts,RS01SLBS,LJ01A,HPIES
RS01SLBS-LJ01A-05-HPIESA101,hpies_e2a,hpies_e2a,,,L0,counts,RS01SLBS,LJ01A,HPIES
RS01SLBS-LJ01A-05-HPIESA101,hpies_e2b,hpies_e2b,,,L0,counts,RS01SLBS,LJ01A,HPIES
RS01SLBS-LJ01A-05-HPIESA101,hpies_e2c,hpies_e2c,,,L0,counts,RS01SLBS,LJ01A,HPIES
RS01SLBS-LJ01A-05-HPIESA101,hpies_eindex,hpies_eindex,,,L0,index number,RS01SLBS,LJ01A,HPIES
RS01SLBS-LJ01A-05-HPIESA101,hpies_stm_timestamp,hpies_stm_timestamp,,,ENG,seconds,,LJ01A,HPIES
RS01SLBS-LJ01A-05-HPIESA101,port_timestamp,port_timestamp,,,,seconds since 1900-01-01,RS01SLBS,LJ01A,HPIES
RS01SLBS-LJ01A-05-HPIESA101,port_timestamp,port_timestamp,,,ENG,seconds since 1900-01-01,RS01SLBS,LJ01A,HPIES
RS01SLBS-LJ01A-05-HPIESA101,driver_timestamp,driver_timestamp,,,,seconds since 1900-01-01,RS01SLBS,LJ01A,HPIES
RS01SLBS-LJ01A-05-HPIESA101,driver_timestamp,driver_timestamp,,,ENG,seconds since 1900-01-01,RS01SLBS,LJ01A,HPIES
RS01SLBS-LJ01A-05-HPIESA101,internal_timestamp,internal_timestamp,,,,seconds since 1900-01-01,RS01SLBS,LJ01A,HPIES
RS01SLBS-LJ01A-05-HPIESA101,internal_timestamp,internal_timestamp,,,ENG,seconds since 1900-01-01,RS01SLBS,LJ01A,HPIES
RS01SLBS-LJ01A-05-HPIESA101,hpies_data_valid,hpies_data_valid,,,,1,RS01SLBS,LJ01A,HPIES
RS01SLBS-LJ01A-05-HPIESA101,hpies_data_valid,hpies_data_valid,,,ENG,1,RS01SLBS,LJ01A,HPIES
RS01SLBS-LJ01A-05-HPIESA101,hpies_secs,hpies_secs,,,,seconds,RS01SLBS,LJ01A,HPIES
RS01SLBS-LJ01A-05-HPIESA101,hpies_stm_timestamp,hpies_stm_timestamp,,,,seconds,RS01SLBS,LJ01A,HPIES
RS01SLBS-LJ01A-05-HPIESA101,hpies_stm_timestamp,hpies_stm_timestamp,,,ENG,seconds,RS01SLBS,LJ01A,HPIES
RS01SLBS-LJ01A-05-HPIESA101,hpies_eindex,hpies_eindex,,,,1,RS01SLBS,LJ01A,HPIES
RS01SLBS-LJ01A-05-HPIESA101,hpies_e1c,hpies_e1c,,,L0,counts,RS01SLBS,LJ01A,HPIES
RS01SLBS-LJ01A-05-HPIESA101,hpies_e1a,hpies_e1a,,,L0,counts,RS01SLBS,LJ01A,HPIES
RS01SLBS-LJ01A-05-HPIESA101,hpies_e1b,hpies_e1b,,,L0,counts,RS01SLBS,LJ01A,HPIES
RS01SLBS-LJ01A-05-HPIESA101,hpies_e2c,hpies_e2c,,,L0,counts,RS01SLBS,LJ01A,HPIES
RS01SLBS-LJ01A-05-HPIESA101,hpies_e2a,hpies_e2a,,,L0,counts,RS01SLBS,LJ01A,HPIES
RS01SLBS-LJ01A-05-HPIESA101,hpies_e2b,hpies_e2b,,,L0,counts,RS01SLBS,LJ01A,HPIES
RS01SLBS-LJ01A-05-HPIESA101,hpies_mindex,hpies_mindex,,,,1,RS01SLBS,LJ01A,HPIES
RS01SLBS-LJ01A-05-HPIESA101,hpies_motor_current,hpies_motor_current,,,,counts,RS01SLBS,LJ01A,HPIES
RS01SLBS-LJ01A-05-HPIESA101,hpies_cindex,hpies_cindex,,,,1,RS01SLBS,LJ01A,HPIES
RS01SLBS-LJ01A-05-HPIESA101,hpies_c1c,hpies_c1c,,,,counts,RS01SLBS,LJ01A,HPIES
RS01SLBS-LJ01A-05-HPIESA101,hpies_c1a,hpies_c1a,,,,counts,RS01SLBS,LJ01A,HPIES
RS01SLBS-LJ01A-05-HPIESA101,hpies_c1b,hpies_c1b,,,,counts,RS01SLBS,LJ01A,HPIES
RS01SLBS-LJ01A-05-HPIESA101,hpies_c2c,hpies_c2c,,,,counts,RS01SLBS,LJ01A,HPIES
RS01SLBS-LJ01A-05-HPIESA101,hpies_c2a,hpies_c2a,,,,counts,RS01SLBS,LJ01A,HPIES
RS01SLBS-LJ01A-05-HPIESA101,hpies_c2b,hpies_c2b,,,,counts,RS01SLBS,LJ01A,HPIES
RS01SLBS-LJ01A-05-HPIESA101,hpies_hcno,hpies_hcno,,,,1,RS01SLBS,LJ01A,HPIES
RS01SLBS-LJ01A-05-HPIESA101,hpies_hcno_last_cal,hpies_hcno_last_cal,,,,1,RS01SLBS,LJ01A,HPIES
RS01SLBS-LJ01A-05-HPIESA101,hpies_hcno_last_comp,hpies_hcno_last_comp,,,,1,RS01SLBS,LJ01A,HPIES
RS01SLBS-LJ01A-05-HPIESA101,hpies_ofile,hpies_ofile,,,,1,RS01SLBS,LJ01A,HPIES
RS01SLBS-LJ01A-05-HPIESA101,hpies_ifok,hpies_ifok,,,,1,RS01SLBS,LJ01A,HPIES
RS01SLBS-LJ01A-05-HPIESA101,hpies_compass_fwrite_attempted,hpies_compass_fwrite_attempted,,,,1,RS01SLBS,LJ01A,HPIES
RS01SLBS-LJ01A-05-HPIESA101,hpies_compass_fwrite_ofp_null,hpies_compass_fwrite_ofp_null,,,,1,RS01SLBS,LJ01A,HPIES
RS01SLBS-LJ01A-05-HPIESA101,hpies_mot_pwr_count,hpies_mot_pwr_count,,,,1,RS01SLBS,LJ01A,HPIES
RS01SLBS-LJ01A-05-HPIESA101,hpies_start_motor_count,hpies_start_motor_count,,,,1,RS01SLBS,LJ01A,HPIES
RS01SLBS-LJ01A-05-HPIESA101,hpies_compass_port_open_errs,hpies_compass_port_open_errs,,,,1,RS01SLBS,LJ01A,HPIES
RS01SLBS-LJ01A-05-HPIESA101,hpies_compass_port_nerr,hpies_compass_port_nerr,,,,1,RS01SLBS,LJ01A,HPIES
RS01SLBS-LJ01A-05-HPIESA101,hpies_tuport_compass_null_count,hpies_tuport_compass_null_count,,,,1,RS01SLBS,LJ01A,HPIES
RS01SLBS-LJ01A-05-HPIESA101,hpies_irq2_count,hpies_irq2_count,,,,1,RS01SLBS,LJ01A,HPIES
RS01SLBS-LJ01A-05-HPIESA101,hpies_spurious_count,hpies_spurious_count,,,,1,RS01SLBS,LJ01A,HPIES
RS01SLBS-LJ01A-05-HPIESA101,hpies_spsr_unknown_count,hpies_spsr_unknown_count,,,,1,RS01SLBS,LJ01A,HPIES
RS01SLBS-LJ01A-05-HPIESA101,hpies_pitperiod_zero_count,hpies_pitperiod_zero_count,,,,1,RS01SLBS,LJ01A,HPIES
RS01SLBS-LJ01A-05-HPIESA101,hpies_adc_raw_overflow_count,hpies_adc_raw_overflow_count,,,,1,RS01SLBS,LJ01A,HPIES
RS01SLBS-LJ01A-05-HPIESA101,hpies_max7317_add_queue_errs,hpies_max7317_add_queue_errs,,,,1,RS01SLBS,LJ01A,HPIES
RS01SLBS-LJ01A-05-HPIESA101,hpies_wsrun_rtc_pinch_end_nerr,hpies_wsrun_rtc_pinch_end_nerr,,,,1,RS01SLBS,LJ01A,HPIES
RS01SLBS-LJ01A-05-HPIESA101,hpies_ies_timestamp,hpies_ies_timestamp,,,,seconds,RS01SLBS,LJ01A,HPIES
RS01SLBS-LJ01A-05-HPIESA101,hpies_ies_timestamp,hpies_ies_timestamp,,,ENG,seconds,RS01SLBS,LJ01A,HPIES
RS01SLBS-LJ01A-05-HPIESA101,hpies_n_travel_times,hpies_n_travel_times,,,ENG,1,RS01SLBS,LJ01A,HPIES
RS01SLBS-LJ01A-05-HPIESA101,hpies_travel_time1,hpies_travel_time1,3.4788,4.2519,L0,10 _x001A_seconds,RS01SLBS,LJ01A,HPIES
RS01SLBS-LJ01A-05-HPIESA101,hpies_travel_time2,hpies_travel_time2,3.4788,4.2519,L0,10 _x001A_seconds,RS01SLBS,LJ01A,HPIES
RS01SLBS-LJ01A-05-HPIESA101,hpies_travel_time3,hpies_travel_time3,3.4788,4.2519,L0,10 _x001A_seconds,RS01SLBS,LJ01A,HPIES
RS01SLBS-LJ01A-05-HPIESA101,hpies_travel_time4,hpies_travel_time4,3.4788,4.2519,L0,10 _x001A_seconds,RS01SLBS,LJ01A,HPIES
RS01SLBS-LJ01A-05-HPIESA101,hpies_pressure,hpies_pressure,,,L0,0.001 dbar,RS01SLBS,LJ01A,HPIES
RS01SLBS-LJ01A-05-HPIESA101,hpies_temperature,hpies_temperature,,,L0,mdeg_C,RS01SLBS,LJ01A,HPIES
RS01SLBS-LJ01A-05-HPIESA101,hpies_bliley_temperature,hpies_bliley_temperature,,,L1,millidegrees Celsius,RS01SLBS,LJ01A,HPIES
RS01SLBS-LJ01A-05-HPIESA101,hpies_bliley_frequency,hpies_bliley_frequency,,,,Hz,RS01SLBS,LJ01A,HPIES
RS01SLBS-LJ01A-05-HPIESA101,hpies_data_validity,hpies_data_validity,,,,1,RS01SLBS,LJ01A,HPIES
RS01SLBS-LJ01A-05-HPIESA101,hpies_status_travel_times,hpies_status_travel_times,,,,10 seconds,RS01SLBS,LJ01A,HPIES
RS01SLBS-LJ01A-05-HPIESA101,hpies_status_pressures,hpies_status_pressures,,,,0.001 dbars,RS01SLBS,LJ01A,HPIES
RS01SLBS-LJ01A-05-HPIESA101,hpies_status_temperatures,hpies_status_temperatures,,,,0.001? Celsius,RS01SLBS,LJ01A,HPIES
RS01SLBS-LJ01A-05-HPIESA101,hpies_status_pressure_frequencies,hpies_status_pressure_frequencies,,,,mHz,RS01SLBS,LJ01A,HPIES
RS01SLBS-LJ01A-05-HPIESA101,hpies_status_temperature_frequencies,hpies_status_temperature_frequencies,,,,mHz,RS01SLBS,LJ01A,HPIES
RS01SLBS-LJ01A-05-HPIESA101,hpies_backup_battery_voltage,hpies_backup_battery_voltage,,,,V,RS01SLBS,LJ01A,HPIES
RS01SLBS-LJ01A-05-HPIESA101,hpies_release_drain,hpies_release_drain,,,,mAmp,RS01SLBS,LJ01A,HPIES
RS01SLBS-LJ01A-05-HPIESA101,hpies_system_drain,hpies_system_drain,,,,mAmp,RS01SLBS,LJ01A,HPIES
RS01SLBS-LJ01A-05-HPIESA101,hpies_release_battery_voltage,hpies_release_battery_voltage,,,,V,RS01SLBS,LJ01A,HPIES
RS01SLBS-LJ01A-05-HPIESA101,hpies_system_battery_voltage,hpies_system_battery_voltage,,,,V,RS01SLBS,LJ01A,HPIES
RS01SLBS-LJ01A-05-HPIESA101,hpies_release_system_voltage,hpies_release_system_voltage,,,,V,RS01SLBS,LJ01A,HPIES
RS01SLBS-LJ01A-05-HPIESA101,hpies_internal_temperature,hpies_internal_temperature,,,,?C,RS01SLBS,LJ01A,HPIES
RS01SLBS-LJ01A-05-HPIESA101,hpies_average_travel_time,hpies_average_travel_time,,,,10 seconds,RS01SLBS,LJ01A,HPIES
RS01SLBS-LJ01A-05-HPIESA101,hpies_average_pressure,hpies_average_pressure,,,,0.001 dbar,RS01SLBS,LJ01A,HPIES
RS01SLBS-LJ01A-05-HPIESA101,hpies_average_temperature,hpies_average_temperature,,,,0.001? Celsius,RS01SLBS,LJ01A,HPIES
RS01SLBS-LJ01A-05-HPIESA101,hpies_last_pressure,hpies_last_pressure,,,,Hz,RS01SLBS,LJ01A,HPIES
RS01SLBS-LJ01A-05-HPIESA101,hpies_last_temperature,hpies_last_temperature,,,,Hz,RS01SLBS,LJ01A,HPIES
RS01SLBS-LJ01A-05-HPIESA101,hpies_ies_clock_error,hpies_ies_clock_error,,,,Hz,RS01SLBS,LJ01A,HPIES
RS01SLBS-LJ01A-05-HPIESA101,hpies_rsn_timestamp,hpies_rsn_timestamp,,,,seconds,RS01SLBS,LJ01A,HPIES
RS01SLBS-LJ01A-05-HPIESA101,hpies_travel_time1_L1,hpies_travel_time1_L1,0.65,8.7,L1,seconds,RS01SLBS,LJ01A,HPIES
RS01SLBS-LJ01A-05-HPIESA101,hpies_travel_time2_L1,hpies_travel_time2_L1,0.65,8.7,L1,seconds,RS01SLBS,LJ01A,HPIES
RS01SLBS-LJ01A-05-HPIESA101,hpies_travel_time3_L1,hpies_travel_time3_L1,0.65,8.7,L1,seconds,RS01SLBS,LJ01A,HPIES
RS01SLBS-LJ01A-05-HPIESA101,hpies_travel_time4_L1,hpies_travel_time4_L1,0.65,8.7,L1,seconds,RS01SLBS,LJ01A,HPIES
RS01SLBS-LJ01A-05-HPIESA101,hpies_bliley_temperature_L1,hpies_bliley_temperature_L1,-2,40,ENG,degrees Celsius,RS01SLBS,LJ01A,HPIES
RS01SLBS-LJ01A-05-HPIESA101,hpies_pressure_L1,hpies_pressure_L1,0,6000,L1,dbar,RS01SLBS,LJ01A,HPIES
RS01SLBS-LJ01A-05-HPIESA101,time,time,,,,seconds since 1900-01-01,RS01SLBS,LJ01A,HPIES
RS01SLBS-LJ01A-05-HPIESA101,ingestion_timestamp,ingestion_timestamp,,,,seconds since 1900-01-01,RS01SLBS,LJ01A,HPIES
RS01SLBS-LJ01A-10-ADCPTE101,port_timestamp,port_timestamp,,,,seconds since 1900-01-01,RS01SLBS,LJ01A,ADCPT
RS01SLBS-LJ01A-10-ADCPTE101,driver_timestamp,driver_timestamp,,,,seconds since 1900-01-01,RS01SLBS,LJ01A,ADCPT
RS01SLBS-LJ01A-10-ADCPTE101,internal_timestamp,internal_timestamp,,,,seconds since 1900-01-01,RS01SLBS,LJ01A,ADCPT
RS01SLBS-LJ01A-10-ADCPTE101,preferred_timestamp,preferred_timestamp,,,,1,RS01SLBS,LJ01A,ADCPT
RS01SLBS-LJ01A-10-ADCPTE101,adcp_ambient_temp,adcp_ambient_temp,,,,deg_C,RS01SLBS,LJ01A,ADCPT
RS01SLBS-LJ01A-10-ADCPTE101,adcp_attitude_temp,adcp_attitude_temp,,,,deg_C,RS01SLBS,LJ01A,ADCPT
RS01SLBS-LJ01A-10-ADCPTE101,adcp_internal_moisture,adcp_internal_moisture,,,,1,RS01SLBS,LJ01A,ADCPT
RS01SLBS-LJ01A-10-ADCPTE101,adcp_transmit_current,adcp_transmit_current,,,,Amps,RS01SLBS,LJ01A,ADCPT
RS01SLBS-LJ01A-10-ADCPTE101,adcp_transmit_voltage,adcp_transmit_voltage,,,,V,RS01SLBS,LJ01A,ADCPT
RS01SLBS-LJ01A-10-ADCPTE101,adcp_transmit_impedance,adcp_transmit_impedance,,,,Ohms,RS01SLBS,LJ01A,ADCPT
RS01SLBS-LJ01A-10-ADCPTE101,adcp_transmit_test_results,adcp_transmit_test_results,,,,1,RS01SLBS,LJ01A,ADCPT
RS01SLBS-LJ01A-10-ADCPTE101,corrected_echo_intensity_beam1,corrected_echo_intensity_beam1,0,255,L1,dB,RS01SLBS,LJ01A,ADCPT
RS01SLBS-LJ01A-10-ADCPTE101,corrected_echo_intensity_beam2,corrected_echo_intensity_beam2,0,255,L1,dB,RS01SLBS,LJ01A,ADCPT
RS01SLBS-LJ01A-10-ADCPTE101,corrected_echo_intensity_beam3,corrected_echo_intensity_beam3,0,255,L1,dB,RS01SLBS,LJ01A,ADCPT
RS01SLBS-LJ01A-10-ADCPTE101,corrected_echo_intensity_beam4,corrected_echo_intensity_beam4,0,255,L1,dB,RS01SLBS,LJ01A,ADCPT
RS01SLBS-LJ01A-10-ADCPTE101,serial_number,serial_number,,,,1,RS01SLBS,LJ01A,ADCPT
RS01SLBS-LJ01A-10-ADCPTE101,header_id,header_id,,,,1,RS01SLBS,LJ01A,ADCPT
RS01SLBS-LJ01A-10-ADCPTE101,data_source_id,data_source_id,,,,1,RS01SLBS,LJ01A,ADCPT
RS01SLBS-LJ01A-10-ADCPTE101,num_bytes,num_bytes,,,,1,RS01SLBS,LJ01A,ADCPT
RS01SLBS-LJ01A-10-ADCPTE101,num_data_types,num_data_types,,,,1,RS01SLBS,LJ01A,ADCPT
RS01SLBS-LJ01A-10-ADCPTE101,offset_data_types,offset_data_types,,,,1,RS01SLBS,LJ01A,ADCPT
RS01SLBS-LJ01A-10-ADCPTE101,fixed_leader_id,fixed_leader_id,,,,1,RS01SLBS,LJ01A,ADCPT
RS01SLBS-LJ01A-10-ADCPTE101,firmware_version,firmware_version,,,,1,RS01SLBS,LJ01A,ADCPT
RS01SLBS-LJ01A-10-ADCPTE101,firmware_revision,firmware_revision,,,,1,RS01SLBS,LJ01A,ADCPT
RS01SLBS-LJ01A-10-ADCPTE101,sysconfig_frequency,sysconfig_frequency,,,,kHz,RS01SLBS,LJ01A,ADCPT
RS01SLBS-LJ01A-10-ADCPTE101,sysconfig_beam_pattern,sysconfig_beam_pattern,,,,1,RS01SLBS,LJ01A,ADCPT
RS01SLBS-LJ01A-10-ADCPTE101,sysconfig_sensor_config,sysconfig_sensor_config,,,,1,RS01SLBS,LJ01A,ADCPT
RS01SLBS-LJ01A-10-ADCPTE101,sysconfig_head_attached,sysconfig_head_attached,,,,1,RS01SLBS,LJ01A,ADCPT
RS01SLBS-LJ01A-10-ADCPTE101,sysconfig_vertical_orientation,sysconfig_vertical_orientation,,,,1,RS01SLBS,LJ01A,ADCPT
RS01SLBS-LJ01A-10-ADCPTE101,data_flag,data_flag,,,,1,RS01SLBS,LJ01A,ADCPT
RS01SLBS-LJ01A-10-ADCPTE101,lag_length,lag_length,,,,s,RS01SLBS,LJ01A,ADCPT
RS01SLBS-LJ01A-10-ADCPTE101,num_beams,num_beams,,,,1,RS01SLBS,LJ01A,ADCPT
RS01SLBS-LJ01A-10-ADCPTE101,num_cells,num_cells,,,,1,RS01SLBS,LJ01A,ADCPT
RS01SLBS-LJ01A-10-ADCPTE101,pings_per_ensemble,pings_per_ensemble,,,,1,RS01SLBS,LJ01A,ADCPT
RS01SLBS-LJ01A-10-ADCPTE101,cell_length,cell_length,,,,cm,RS01SLBS,LJ01A,ADCPT
RS01SLBS-LJ01A-10-ADCPTE101,blank_after_transmit,blank_after_transmit,,,,cm,RS01SLBS,LJ01A,ADCPT
RS01SLBS-LJ01A-10-ADCPTE101,signal_processing_mode,signal_processing_mode,,,,1,RS01SLBS,LJ01A,ADCPT
RS01SLBS-LJ01A-10-ADCPTE101,low_corr_threshold,low_corr_threshold,,,,counts,RS01SLBS,LJ01A,ADCPT
RS01SLBS-LJ01A-10-ADCPTE101,num_code_repetitions,num_code_repetitions,,,,counts,RS01SLBS,LJ01A,ADCPT
RS01SLBS-LJ01A-10-ADCPTE101,percent_good_min,percent_good_min,,,,percent,RS01SLBS,LJ01A,ADCPT
RS01SLBS-LJ01A-10-ADCPTE101,error_vel_threshold,error_vel_threshold,,,,mm s-1,RS01SLBS,LJ01A,ADCPT
RS01SLBS-LJ01A-10-ADCPTE101,time_per_ping_minutes,time_per_ping_minutes,,,,min,RS01SLBS,LJ01A,ADCPT
RS01SLBS-LJ01A-10-ADCPTE101,time_per_ping_seconds,time_per_ping_seconds,,,,s,RS01SLBS,LJ01A,ADCPT
RS01SLBS-LJ01A-10-ADCPTE101,coord_transform_type,coord_transform_type,,,,1,RS01SLBS,LJ01A,ADCPT
RS01SLBS-LJ01A-10-ADCPTE101,coord_transform_tilts,coord_transform_tilts,,,,1,RS01SLBS,LJ01A,ADCPT
RS01SLBS-LJ01A-10-ADCPTE101,coord_transform_beams,coord_transform_beams,,,,1,RS01SLBS,LJ01A,ADCPT
RS01SLBS-LJ01A-10-ADCPTE101,coord_transform_mapping,coord_transform_mapping,,,,1,RS01SLBS,LJ01A,ADCPT
RS01SLBS-LJ01A-10-ADCPTE101,heading_alignment,heading_alignment,,,,cdegrees,RS01SLBS,LJ01A,ADCPT
RS01SLBS-LJ01A-10-ADCPTE101,heading_alignment,heading_alignment,,,AUX,cdegrees,RS01SLBS,LJ01A,ADCPT
RS01SLBS-LJ01A-10-ADCPTE101,heading_bias,heading_bias,,,,cdegrees,RS01SLBS,LJ01A,ADCPT
RS01SLBS-LJ01A-10-ADCPTE101,heading_bias,heading_bias,,,AUX,cdegrees,RS01SLBS,LJ01A,ADCPT
RS01SLBS-LJ01A-10-ADCPTE101,sensor_source_speed,sensor_source_speed,,,,1,RS01SLBS,LJ01A,ADCPT
RS01SLBS-LJ01A-10-ADCPTE101,sensor_source_depth,sensor_source_depth,,,,1,RS01SLBS,LJ01A,ADCPT
RS01SLBS-LJ01A-10-ADCPTE101,sensor_source_heading,sensor_source_heading,,,,1,RS01SLBS,LJ01A,ADCPT
RS01SLBS-LJ01A-10-ADCPTE101,sensor_source_heading,sensor_source_heading,,,AUX,1,RS01SLBS,LJ01A,ADCPT
RS01SLBS-LJ01A-10-ADCPTE101,sensor_source_pitch,sensor_source_pitch,,,,1,RS01SLBS,LJ01A,ADCPT
RS01SLBS-LJ01A-10-ADCPTE101,sensor_source_pitch,sensor_source_pitch,,,AUX,1,RS01SLBS,LJ01A,ADCPT
RS01SLBS-LJ01A-10-ADCPTE101,sensor_source_roll,sensor_source_roll,,,,1,RS01SLBS,LJ01A,ADCPT
RS01SLBS-LJ01A-10-ADCPTE101,sensor_source_roll,sensor_source_roll,,,AUX,1,RS01SLBS,LJ01A,ADCPT
RS01SLBS-LJ01A-10-ADCPTE101,sensor_source_conductivity,sensor_source_conductivity,,,,1,RS01SLBS,LJ01A,ADCPT
RS01SLBS-LJ01A-10-ADCPTE101,sensor_source_temperature,sensor_source_temperature,,,,1,RS01SLBS,LJ01A,ADCPT
RS01SLBS-LJ01A-10-ADCPTE101,sensor_available_depth,sensor_available_depth,,,,1,RS01SLBS,LJ01A,ADCPT
RS01SLBS-LJ01A-10-ADCPTE101,sensor_available_heading,sensor_available_heading,,,,1,RS01SLBS,LJ01A,ADCPT
RS01SLBS-LJ01A-10-ADCPTE101,sensor_available_heading,sensor_available_heading,,,AUX,1,RS01SLBS,LJ01A,ADCPT
RS01SLBS-LJ01A-10-ADCPTE101,sensor_available_pitch,sensor_available_pitch,,,,1,RS01SLBS,LJ01A,ADCPT
RS01SLBS-LJ01A-10-ADCPTE101,sensor_available_pitch,sensor_available_pitch,,,AUX,1,RS01SLBS,LJ01A,ADCPT
RS01SLBS-LJ01A-10-ADCPTE101,sensor_available_roll,sensor_available_roll,,,,1,RS01SLBS,LJ01A,ADCPT
RS01SLBS-LJ01A-10-ADCPTE101,sensor_available_roll,sensor_available_roll,,,AUX,1,RS01SLBS,LJ01A,ADCPT
RS01SLBS-LJ01A-10-ADCPTE101,sensor_available_conductivity,sensor_available_conductivity,,,,1,RS01SLBS,LJ01A,ADCPT
RS01SLBS-LJ01A-10-ADCPTE101,sensor_available_temperature,sensor_available_temperature,,,,1,RS01SLBS,LJ01A,ADCPT
RS01SLBS-LJ01A-10-ADCPTE101,bin_1_distance,bin_1_distance,,,,cm,RS01SLBS,LJ01A,ADCPT
RS01SLBS-LJ01A-10-ADCPTE101,transmit_pulse_length,transmit_pulse_length,,,,cm,RS01SLBS,LJ01A,ADCPT
RS01SLBS-LJ01A-10-ADCPTE101,reference_layer_start,reference_layer_start,,,,1,RS01SLBS,LJ01A,ADCPT
RS01SLBS-LJ01A-10-ADCPTE101,reference_layer_stop,reference_layer_stop,,,,1,RS01SLBS,LJ01A,ADCPT
RS01SLBS-LJ01A-10-ADCPTE101,false_target_threshold,false_target_threshold,,,,counts,RS01SLBS,LJ01A,ADCPT
RS01SLBS-LJ01A-10-ADCPTE101,low_latency_trigger,low_latency_trigger,,,,1,RS01SLBS,LJ01A,ADCPT
RS01SLBS-LJ01A-10-ADCPTE101,transmit_lag_distance,transmit_lag_distance,,,,cm,RS01SLBS,LJ01A,ADCPT
RS01SLBS-LJ01A-10-ADCPTE101,cpu_board_serial_number,cpu_board_serial_number,,,,1,RS01SLBS,LJ01A,ADCPT
RS01SLBS-LJ01A-10-ADCPTE101,system_bandwidth,system_bandwidth,,,,1,RS01SLBS,LJ01A,ADCPT
RS01SLBS-LJ01A-10-ADCPTE101,system_power,system_power,,,,1,RS01SLBS,LJ01A,ADCPT
RS01SLBS-LJ01A-10-ADCPTE101,beam_angle,beam_angle,,,,degrees,RS01SLBS,LJ01A,ADCPT
RS01SLBS-LJ01A-10-ADCPTE101,variable_leader_id,variable_leader_id,,,,1,RS01SLBS,LJ01A,ADCPT
RS01SLBS-LJ01A-10-ADCPTE101,ensemble_number,ensemble_number,,,,1,RS01SLBS,LJ01A,ADCPT
RS01SLBS-LJ01A-10-ADCPTE101,ensemble_number_increment,ensemble_number_increment,,,,1,RS01SLBS,LJ01A,ADCPT
RS01SLBS-LJ01A-10-ADCPTE101,bit_result_demod_1,bit_result_demod_1,,,,1,RS01SLBS,LJ01A,ADCPT
RS01SLBS-LJ01A-10-ADCPTE101,bit_result_demod_0,bit_result_demod_0,,,,1,RS01SLBS,LJ01A,ADCPT
RS01SLBS-LJ01A-10-ADCPTE101,bit_result_timing,bit_result_timing,,,,1,RS01SLBS,LJ01A,ADCPT
RS01SLBS-LJ01A-10-ADCPTE101,speed_of_sound,speed_of_sound,,,,m s-1,RS01SLBS,LJ01A,ADCPT
RS01SLBS-LJ01A-10-ADCPTE101,transducer_depth,transducer_depth,,,,dm,RS01SLBS,LJ01A,ADCPT
RS01SLBS-LJ01A-10-ADCPTE101,heading,heading,,,,cdegrees,RS01SLBS,LJ01A,ADCPT
RS01SLBS-LJ01A-10-ADCPTE101,heading,heading,,,AUX,cdegrees,RS01SLBS,LJ01A,ADCPT
RS01SLBS-LJ01A-10-ADCPTE101,pitch,pitch,,,,cdegrees,RS01SLBS,LJ01A,ADCPT
RS01SLBS-LJ01A-10-ADCPTE101,pitch,pitch,,,AUX,cdegrees,RS01SLBS,LJ01A,ADCPT
RS01SLBS-LJ01A-10-ADCPTE101,roll,roll,,,,cdegrees,RS01SLBS,LJ01A,ADCPT
RS01SLBS-LJ01A-10-ADCPTE101,roll,roll,,,AUX,cdegrees,RS01SLBS,LJ01A,ADCPT
RS01SLBS-LJ01A-10-ADCPTE101,salinity,salinity,,,,1,RS01SLBS,LJ01A,ADCPT
RS01SLBS-LJ01A-10-ADCPTE101,salinity,salinity,,,ENG,1,RS01SLBS,LJ01A,ADCPT
RS01SLBS-LJ01A-10-ADCPTE101,temperature,temperature,,,,cdeg_C,RS01SLBS,LJ01A,ADCPT
RS01SLBS-LJ01A-10-ADCPTE101,temperature,temperature,,,ENG,cdeg_C,RS01SLBS,LJ01A,ADCPT
RS01SLBS-LJ01A-10-ADCPTE101,mpt_minutes,mpt_minutes,,,,min,RS01SLBS,LJ01A,ADCPT
RS01SLBS-LJ01A-10-ADCPTE101,mpt_seconds,mpt_seconds,,,,s,RS01SLBS,LJ01A,ADCPT
RS01SLBS-LJ01A-10-ADCPTE101,heading_stdev,heading_stdev,,,,degrees,RS01SLBS,LJ01A,ADCPT
RS01SLBS-LJ01A-10-ADCPTE101,heading_stdev,heading_stdev,,,AUX,degrees,RS01SLBS,LJ01A,ADCPT
RS01SLBS-LJ01A-10-ADCPTE101,pitch_stdev,pitch_stdev,,,,ddegrees,RS01SLBS,LJ01A,ADCPT
RS01SLBS-LJ01A-10-ADCPTE101,pitch_stdev,pitch_stdev,,,AUX,ddegrees,RS01SLBS,LJ01A,ADCPT
RS01SLBS-LJ01A-10-ADCPTE101,roll_stdev,roll_stdev,,,,ddegrees,RS01SLBS,LJ01A,ADCPT
RS01SLBS-LJ01A-10-ADCPTE101,roll_stdev,roll_stdev,,,AUX,ddegrees,RS01SLBS,LJ01A,ADCPT
RS01SLBS-LJ01A-10-ADCPTE101,adc_transmit_current,adc_transmit_current,,,,counts,RS01SLBS,LJ01A,ADCPT
RS01SLBS-LJ01A-10-ADCPTE101,adc_transmit_voltage,adc_transmit_voltage,,,,counts,RS01SLBS,LJ01A,ADCPT
RS01SLBS-LJ01A-10-ADCPTE101,adc_ambient_temp,adc_ambient_temp,,,,counts,RS01SLBS,LJ01A,ADCPT
RS01SLBS-LJ01A-10-ADCPTE101,adc_pressure_plus,adc_pressure_plus,,,,counts,RS01SLBS,LJ01A,ADCPT
RS01SLBS-LJ01A-10-ADCPTE101,adc_pressure_minus,adc_pressure_minus,,,,counts,RS01SLBS,LJ01A,ADCPT
RS01SLBS-LJ01A-10-ADCPTE101,adc_attitude_temp,adc_attitude_temp,,,,counts,RS01SLBS,LJ01A,ADCPT
RS01SLBS-LJ01A-10-ADCPTE101,adc_attitude,adc_attitude,,,,counts,RS01SLBS,LJ01A,ADCPT
RS01SLBS-LJ01A-10-ADCPTE101,adc_contamination_sensor,adc_contamination_sensor,,,,counts,RS01SLBS,LJ01A,ADCPT
RS01SLBS-LJ01A-10-ADCPTE101,bus_error_exception,bus_error_exception,,,,1,RS01SLBS,LJ01A,ADCPT
RS01SLBS-LJ01A-10-ADCPTE101,address_error_exception,address_error_exception,,,,1,RS01SLBS,LJ01A,ADCPT
RS01SLBS-LJ01A-10-ADCPTE101,illegal_instruction_exception,illegal_instruction_exception,,,,1,RS01SLBS,LJ01A,ADCPT
RS01SLBS-LJ01A-10-ADCPTE101,zero_divide_instruction,zero_divide_instruction,,,,1,RS01SLBS,LJ01A,ADCPT
RS01SLBS-LJ01A-10-ADCPTE101,emulator_exception,emulator_exception,,,,1,RS01SLBS,LJ01A,ADCPT
RS01SLBS-LJ01A-10-ADCPTE101,unassigned_exception,unassigned_exception,,,,1,RS01SLBS,LJ01A,ADCPT
RS01SLBS-LJ01A-10-ADCPTE101,watchdog_restart_occurred,watchdog_restart_occurred,,,,1,RS01SLBS,LJ01A,ADCPT
RS01SLBS-LJ01A-10-ADCPTE101,battery_saver_power,battery_saver_power,,,,1,RS01SLBS,LJ01A,ADCPT
RS01SLBS-LJ01A-10-ADCPTE101,pinging,pinging,,,,1,RS01SLBS,LJ01A,ADCPT
RS01SLBS-LJ01A-10-ADCPTE101,cold_wakeup_occurred,cold_wakeup_occurred,,,,1,RS01SLBS,LJ01A,ADCPT
RS01SLBS-LJ01A-10-ADCPTE101,cold_wakeup_occurred,cold_wakeup_occurred,,,ENG,1,RS01SLBS,LJ01A,ADCPT
RS01SLBS-LJ01A-10-ADCPTE101,time,time,,,,seconds since 1900-01-01,RS01SLBS,LJ01A,ADCPT
RS01SLBS-LJ01A-10-ADCPTE101,unknown_wakeup_occurred,unknown_wakeup_occurred,,,,1,RS01SLBS,LJ01A,ADCPT
RS01SLBS-LJ01A-10-ADCPTE101,clock_read_error,clock_read_error,,,,1,RS01SLBS,LJ01A,ADCPT
RS01SLBS-LJ01A-10-ADCPTE101,clock_read_error,clock_read_error,,,ENG,1,RS01SLBS,LJ01A,ADCPT
RS01SLBS-LJ01A-10-ADCPTE101,unexpected_alarm,unexpected_alarm,,,,1,RS01SLBS,LJ01A,ADCPT
RS01SLBS-LJ01A-10-ADCPTE101,clock_jump_forward,clock_jump_forward,,,,1,RS01SLBS,LJ01A,ADCPT
RS01SLBS-LJ01A-10-ADCPTE101,clock_jump_forward,clock_jump_forward,,,ENG,1,RS01SLBS,LJ01A,ADCPT
RS01SLBS-LJ01A-10-ADCPTE101,clock_jump_backward,clock_jump_backward,,,,1,RS01SLBS,LJ01A,ADCPT
RS01SLBS-LJ01A-10-ADCPTE101,clock_jump_backward,clock_jump_backward,,,ENG,1,RS01SLBS,LJ01A,ADCPT
RS01SLBS-LJ01A-10-ADCPTE101,power_fail,power_fail,,,,1,RS01SLBS,LJ01A,ADCPT
RS01SLBS-LJ01A-10-ADCPTE101,spurious_dsp_interrupt,spurious_dsp_interrupt,,,,1,RS01SLBS,LJ01A,ADCPT
RS01SLBS-LJ01A-10-ADCPTE101,spurious_uart_interrupt,spurious_uart_interrupt,,,,1,RS01SLBS,LJ01A,ADCPT
RS01SLBS-LJ01A-10-ADCPTE101,spurious_clock_interrupt,spurious_clock_interrupt,,,,1,RS01SLBS,LJ01A,ADCPT
RS01SLBS-LJ01A-10-ADCPTE101,level_7_interrupt,level_7_interrupt,,,,1,RS01SLBS,LJ01A,ADCPT
RS01SLBS-LJ01A-10-ADCPTE101,pressure,pressure,,,,daPa,RS01SLBS,LJ01A,ADCPT
RS01SLBS-LJ01A-10-ADCPTE101,pressure_variance,pressure_variance,,,,daPa,RS01SLBS,LJ01A,ADCPT
RS01SLBS-LJ01A-10-ADCPTE101,velocity_data_id,velocity_data_id,,,,1,RS01SLBS,LJ01A,ADCPT
RS01SLBS-LJ01A-10-ADCPTE101,water_velocity_east,water_velocity_east,,,L0,mm s-1,RS01SLBS,LJ01A,ADCPT
RS01SLBS-LJ01A-10-ADCPTE101,water_velocity_north,water_velocity_north,,,L0,mm s-1,RS01SLBS,LJ01A,ADCPT
RS01SLBS-LJ01A-10-ADCPTE101,water_velocity_up,water_velocity_up,,,L0,mm s-1,RS01SLBS,LJ01A,ADCPT
RS01SLBS-LJ01A-10-ADCPTE101,error_velocity,error_velocity,,,L0,mm s-1,RS01SLBS,LJ01A,ADCPT
RS01SLBS-LJ01A-10-ADCPTE101,correlation_magnitude_id,correlation_magnitude_id,,,,1,RS01SLBS,LJ01A,ADCPT
RS01SLBS-LJ01A-10-ADCPTE101,correlation_magnitude_beam1,correlation_magnitude_beam1,,,,1,RS01SLBS,LJ01A,ADCPT
RS01SLBS-LJ01A-10-ADCPTE101,correlation_magnitude_beam2,correlation_magnitude_beam2,,,,1,RS01SLBS,LJ01A,ADCPT
RS01SLBS-LJ01A-10-ADCPTE101,correlation_magnitude_beam3,correlation_magnitude_beam3,,,,1,RS01SLBS,LJ01A,ADCPT
RS01SLBS-LJ01A-10-ADCPTE101,correlation_magnitude_beam4,correlation_magnitude_beam4,,,,1,RS01SLBS,LJ01A,ADCPT
RS01SLBS-LJ01A-10-ADCPTE101,echo_intensity_id,echo_intensity_id,,,,1,RS01SLBS,LJ01A,ADCPT
RS01SLBS-LJ01A-10-ADCPTE101,echo_intensity_beam1,echo_intensity_beam1,,,L0,counts,RS01SLBS,LJ01A,ADCPT
RS01SLBS-LJ01A-10-ADCPTE101,echo_intensity_beam2,echo_intensity_beam2,,,L0,counts,RS01SLBS,LJ01A,ADCPT
RS01SLBS-LJ01A-10-ADCPTE101,echo_intensity_beam3,echo_intensity_beam3,,,L0,counts,RS01SLBS,LJ01A,ADCPT
RS01SLBS-LJ01A-10-ADCPTE101,echo_intensity_beam4,echo_intensity_beam4,,,L0,counts,RS01SLBS,LJ01A,ADCPT
RS01SLBS-LJ01A-10-ADCPTE101,percent_good_id,percent_good_id,,,,1,RS01SLBS,LJ01A,ADCPT
RS01SLBS-LJ01A-10-ADCPTE101,percent_good_3beam,percent_good_3beam,,,,percent,RS01SLBS,LJ01A,ADCPT
RS01SLBS-LJ01A-10-ADCPTE101,percent_transforms_reject,percent_transforms_reject,,,,percent,RS01SLBS,LJ01A,ADCPT
RS01SLBS-LJ01A-10-ADCPTE101,percent_bad_beams,percent_bad_beams,,,,percent,RS01SLBS,LJ01A,ADCPT
RS01SLBS-LJ01A-10-ADCPTE101,percent_good_4beam,percent_good_4beam,,,,percent,RS01SLBS,LJ01A,ADCPT
RS01SLBS-LJ01A-10-ADCPTE101,checksum,checksum,,,,1,RS01SLBS,LJ01A,ADCPT
RS01SLBS-LJ01A-10-ADCPTE101,ensemble_start_time,ensemble_start_time,,,,seconds since 1900-01-01,RS01SLBS,LJ01A,ADCPT
RS01SLBS-LJ01A-10-ADCPTE101,fluxgate_calibration_timestamp,fluxgate_calibration_timestamp,,,,seconds since 1900-01-01,RS01SLBS,LJ01A,ADCPT
RS01SLBS-LJ01A-10-ADCPTE101,s_inverse_bx,s_inverse_bx,,,,1,RS01SLBS,LJ01A,ADCPT
RS01SLBS-LJ01A-10-ADCPTE101,s_inverse_by,s_inverse_by,,,,1,RS01SLBS,LJ01A,ADCPT
RS01SLBS-LJ01A-10-ADCPTE101,s_inverse_bz,s_inverse_bz,,,,1,RS01SLBS,LJ01A,ADCPT
RS01SLBS-LJ01A-10-ADCPTE101,s_inverse_err,s_inverse_err,,,,1,RS01SLBS,LJ01A,ADCPT
RS01SLBS-LJ01A-10-ADCPTE101,coil_offset,coil_offset,,,,1,RS01SLBS,LJ01A,ADCPT
RS01SLBS-LJ01A-10-ADCPTE101,electrical_null,electrical_null,,,,1,RS01SLBS,LJ01A,ADCPT
RS01SLBS-LJ01A-10-ADCPTE101,tilt_calibration_timestamp,tilt_calibration_timestamp,,,,seconds since 1900-01-01,RS01SLBS,LJ01A,ADCPT
RS01SLBS-LJ01A-10-ADCPTE101,roll_up_down,roll_up_down,,,,1,RS01SLBS,LJ01A,ADCPT
RS01SLBS-LJ01A-10-ADCPTE101,pitch_up_down,pitch_up_down,,,,1,RS01SLBS,LJ01A,ADCPT
RS01SLBS-LJ01A-10-ADCPTE101,offset_up_down,offset_up_down,,,,1,RS01SLBS,LJ01A,ADCPT
RS01SLBS-LJ01A-10-ADCPTE101,tilt_null,tilt_null,,,,1,RS01SLBS,LJ01A,ADCPT
RS01SLBS-LJ01A-10-ADCPTE101,transducer_frequency,transducer_frequency,,,,Hz,RS01SLBS,LJ01A,ADCPT
RS01SLBS-LJ01A-10-ADCPTE101,configuration,configuration,,,,1,RS01SLBS,LJ01A,ADCPT
RS01SLBS-LJ01A-10-ADCPTE101,match_layer,match_layer,,,,1,RS01SLBS,LJ01A,ADCPT
RS01SLBS-LJ01A-10-ADCPTE101,beam_pattern,beam_pattern,,,,1,RS01SLBS,LJ01A,ADCPT
RS01SLBS-LJ01A-10-ADCPTE101,orientation,orientation,,,,1,RS01SLBS,LJ01A,ADCPT
RS01SLBS-LJ01A-10-ADCPTE101,sensors,sensors,,,,1,RS01SLBS,LJ01A,ADCPT
RS01SLBS-LJ01A-10-ADCPTE101,pressure_coeff_c0,pressure_coeff_c0,,,,1,RS01SLBS,LJ01A,ADCPT
RS01SLBS-LJ01A-10-ADCPTE101,pressure_coeff_c1,pressure_coeff_c1,,,,1,RS01SLBS,LJ01A,ADCPT
RS01SLBS-LJ01A-10-ADCPTE101,pressure_coeff_c2,pressure_coeff_c2,,,,1,RS01SLBS,LJ01A,ADCPT
RS01SLBS-LJ01A-10-ADCPTE101,pressure_coeff_offset,pressure_coeff_offset,,,,1,RS01SLBS,LJ01A,ADCPT
RS01SLBS-LJ01A-10-ADCPTE101,temperature_sensor_offset,temperature_sensor_offset,,,,deg_C,RS01SLBS,LJ01A,ADCPT
RS01SLBS-LJ01A-10-ADCPTE101,cpu_firmware,cpu_firmware,,,,1,RS01SLBS,LJ01A,ADCPT
RS01SLBS-LJ01A-10-ADCPTE101,boot_code_required,boot_code_required,,,,1,RS01SLBS,LJ01A,ADCPT
RS01SLBS-LJ01A-10-ADCPTE101,boot_code_actual,boot_code_actual,,,,1,RS01SLBS,LJ01A,ADCPT
RS01SLBS-LJ01A-10-ADCPTE101,demod_1_version,demod_1_version,,,,1,RS01SLBS,LJ01A,ADCPT
RS01SLBS-LJ01A-10-ADCPTE101,demod_1_type,demod_1_type,,,,1,RS01SLBS,LJ01A,ADCPT
RS01SLBS-LJ01A-10-ADCPTE101,demod_2_version,demod_2_version,,,,1,RS01SLBS,LJ01A,ADCPT
RS01SLBS-LJ01A-10-ADCPTE101,demod_2_type,demod_2_type,,,,1,RS01SLBS,LJ01A,ADCPT
RS01SLBS-LJ01A-10-ADCPTE101,power_timing_version,power_timing_version,,,,1,RS01SLBS,LJ01A,ADCPT
RS01SLBS-LJ01A-10-ADCPTE101,power_timing_type,power_timing_type,,,,1,RS01SLBS,LJ01A,ADCPT
RS01SLBS-LJ01A-10-ADCPTE101,board_serial_numbers,board_serial_numbers,,,,1,RS01SLBS,LJ01A,ADCPT
RS01SLBS-LJ01A-10-ADCPTE101,beam_1_velocity,beam_1_velocity,,,L0,mm s-1,RS01SLBS,LJ01A,ADCPT
RS01SLBS-LJ01A-10-ADCPTE101,beam_2_velocity,beam_2_velocity,,,L0,mm s-1,RS01SLBS,LJ01A,ADCPT
RS01SLBS-LJ01A-10-ADCPTE101,beam_3_velocity,beam_3_velocity,,,L0,mm s-1,RS01SLBS,LJ01A,ADCPT
RS01SLBS-LJ01A-10-ADCPTE101,beam_4_velocity,beam_4_velocity,,,L0,mm s-1,RS01SLBS,LJ01A,ADCPT
RS01SLBS-LJ01A-10-ADCPTE101,percent_good_beam1,percent_good_beam1,,,,percent,RS01SLBS,LJ01A,ADCPT
RS01SLBS-LJ01A-10-ADCPTE101,percent_good_beam2,percent_good_beam2,,,,percent,RS01SLBS,LJ01A,ADCPT
RS01SLBS-LJ01A-10-ADCPTE101,percent_good_beam3,percent_good_beam3,,,,percent,RS01SLBS,LJ01A,ADCPT
RS01SLBS-LJ01A-10-ADCPTE101,percent_good_beam4,percent_good_beam4,,,,percent,RS01SLBS,LJ01A,ADCPT
RS01SLBS-LJ01A-10-ADCPTE101,real_time_clock,real_time_clock,,,,1,RS01SLBS,LJ01A,ADCPT
RS01SLBS-LJ01A-10-ADCPTE101,calibration_temp,calibration_temp,,,,deg_C,RS01SLBS,LJ01A,ADCPT
RS01SLBS-LJ01A-10-ADCPTE101,eastward_beam_seawater_velocity,eastward_beam_seawater_velocity,-3,3,L1,m s-1,RS01SLBS,LJ01A,ADCPT
RS01SLBS-LJ01A-10-ADCPTE101,northward_beam_seawater_velocity,northward_beam_seawater_velocity,-3,3,L1,m s-1,RS01SLBS,LJ01A,ADCPT
RS01SLBS-LJ01A-10-ADCPTE101,upward_seawater_velocity,upward_seawater_velocity,-1,1,L1,m s-1,RS01SLBS,LJ01A,ADCPT
RS01SLBS-LJ01A-10-ADCPTE101,beam_error_velocity,beam_error_velocity,-1,1,L1,m s-1,RS01SLBS,LJ01A,ADCPT
RS01SLBS-LJ01A-11-OPTAAC103,port_timestamp,port_timestamp,,,,seconds since 1900-01-01,RS01SLBS,LJ01A,OPTAA
RS01SLBS-LJ01A-11-OPTAAC103,driver_timestamp,driver_timestamp,,,,seconds since 1900-01-01,RS01SLBS,LJ01A,OPTAA
RS01SLBS-LJ01A-11-OPTAAC103,firmware_version,firmware_version,,,,1,RS01SLBS,LJ01A,OPTAA
RS01SLBS-LJ01A-11-OPTAAC103,preferred_timestamp,preferred_timestamp,,,,1,RS01SLBS,LJ01A,OPTAA
RS01SLBS-LJ01A-11-OPTAAC103,firmware_date,firmware_date,,,,1,RS01SLBS,LJ01A,OPTAA
RS01SLBS-LJ01A-11-OPTAAC103,serial_number,serial_number,,,,1,RS01SLBS,LJ01A,OPTAA
RS01SLBS-LJ01A-11-OPTAAC103,beam_attenuation_ctdbp_no,beam_attenuation_ctdbp_no,0,100,L2,m-1,RS01SLBS,LJ01A,OPTAA
RS01SLBS-LJ01A-11-OPTAAC103,optical_absorption_ctdbp_no,optical_absorption_ctdbp_no,,,,,RS01SLBS,LJ01A,OPTAA
RS01SLBS-LJ01A-11-OPTAAC103,record_length,record_length,,,,1,RS01SLBS,LJ01A,OPTAA
RS01SLBS-LJ01A-11-OPTAAC103,packet_type,packet_type,,,,1,RS01SLBS,LJ01A,OPTAA
RS01SLBS-LJ01A-11-OPTAAC103,meter_type,meter_type,,,,1,RS01SLBS,LJ01A,OPTAA
RS01SLBS-LJ01A-11-OPTAAC103,a_reference_dark_counts,a_reference_dark_counts,,,,counts,RS01SLBS,LJ01A,OPTAA
RS01SLBS-LJ01A-11-OPTAAC103,pressure_counts,pressure_counts,,,,counts,RS01SLBS,LJ01A,OPTAA
RS01SLBS-LJ01A-11-OPTAAC103,a_signal_dark_counts,a_signal_dark_counts,,,,counts,RS01SLBS,LJ01A,OPTAA
RS01SLBS-LJ01A-11-OPTAAC103,external_temp_raw,external_temp_raw,,,,counts,RS01SLBS,LJ01A,OPTAA
RS01SLBS-LJ01A-11-OPTAAC103,internal_temp_raw,internal_temp_raw,,,L0,counts,RS01SLBS,LJ01A,OPTAA
RS01SLBS-LJ01A-11-OPTAAC103,c_reference_dark_counts,c_reference_dark_counts,,,,counts,RS01SLBS,LJ01A,OPTAA
RS01SLBS-LJ01A-11-OPTAAC103,c_signal_dark_counts,c_signal_dark_counts,,,,counts,RS01SLBS,LJ01A,OPTAA
RS01SLBS-LJ01A-11-OPTAAC103,elapsed_run_time,elapsed_run_time,,,,ms,RS01SLBS,LJ01A,OPTAA
RS01SLBS-LJ01A-11-OPTAAC103,num_wavelengths,num_wavelengths,,,,1,RS01SLBS,LJ01A,OPTAA
RS01SLBS-LJ01A-11-OPTAAC103,c_reference_counts,c_reference_counts,,,L0,counts,RS01SLBS,LJ01A,OPTAA
RS01SLBS-LJ01A-11-OPTAAC103,a_reference_counts,a_reference_counts,,,L0,counts,RS01SLBS,LJ01A,OPTAA
RS01SLBS-LJ01A-11-OPTAAC103,c_signal_counts,c_signal_counts,,,L0,counts,RS01SLBS,LJ01A,OPTAA
RS01SLBS-LJ01A-11-OPTAAC103,a_signal_counts,a_signal_counts,,,L0,counts,RS01SLBS,LJ01A,OPTAA
RS01SLBS-LJ01A-11-OPTAAC103,persistor_cf_serial_number,persistor_cf_serial_number,,,,1,RS01SLBS,LJ01A,OPTAA
RS01SLBS-LJ01A-11-OPTAAC103,persistor_cf_bios_version,persistor_cf_bios_version,,,,1,RS01SLBS,LJ01A,OPTAA
RS01SLBS-LJ01A-11-OPTAAC103,persistor_cf_picodos_version,persistor_cf_picodos_version,,,,1,RS01SLBS,LJ01A,OPTAA
RS01SLBS-LJ01A-11-OPTAAC103,checksum,checksum,,,,1,RS01SLBS,LJ01A,OPTAA
RS01SLBS-LJ01A-11-OPTAAC103,beam_attenuation,beam_attenuation,0,100,L2,m-1,RS01SLBS,LJ01A,OPTAA
RS01SLBS-LJ01A-11-OPTAAC103,optical_absorption,optical_absorption,0,100,L2,m-1,RS01SLBS,LJ01A,OPTAA
RS01SLBS-LJ01A-12-CTDPFB101,port_timestamp,port_timestamp,,,ENG,seconds since 1900-01-01,RS01SLBS,LJ01A,CTDPF
RS01SLBS-LJ01A-12-CTDPFB101,enable_text,enable_text,,,ENG,1,RS01SLBS,LJ01A,CTDPF
RS01SLBS-LJ01A-12-CTDPFB101,driver_timestamp,driver_timestamp,,,ENG,seconds since 1900-01-01,RS01SLBS,LJ01A,CTDPF
RS01SLBS-LJ01A-12-CTDPFB101,firmware_version,firmware_version,,,ENG,1,RS01SLBS,LJ01A,CTDPF
RS01SLBS-LJ01A-12-CTDPFB101,pressure_sensor_range,pressure_sensor_range,,,ENG,psi,RS01SLBS,LJ01A,CTDPF
RS01SLBS-LJ01A-12-CTDPFB101,operational_current,operational_current,,,ENG,mA,RS01SLBS,LJ01A,CTDPF
RS01SLBS-LJ01A-12-CTDPFB101,battery_voltage_main,battery_voltage_main,,,ENG,V,RS01SLBS,LJ01A,CTDPF
RS01SLBS-LJ01A-12-CTDPFB101,battery_voltage_lithium,battery_voltage_lithium,,,ENG,V,RS01SLBS,LJ01A,CTDPF
RS01SLBS-LJ01A-12-CTDPFB101,calibration_date_pressure,calibration_date_pressure,,,ENG,1,RS01SLBS,LJ01A,CTDPF
RS01SLBS-LJ01A-12-CTDPFB101,preferred_timestamp,preferred_timestamp,,,ENG,1,RS01SLBS,LJ01A,CTDPF
RS01SLBS-LJ01A-12-CTDPFB101,press_coeff_poffset,press_coeff_poffset,,,ENG,counts,RS01SLBS,LJ01A,CTDPF
RS01SLBS-LJ01A-12-CTDPFB101,calibration_date_temperature,calibration_date_temperature,,,ENG,1,RS01SLBS,LJ01A,CTDPF
RS01SLBS-LJ01A-12-CTDPFB101,temp_coeff_ta0,temp_coeff_ta0,,,ENG,counts,RS01SLBS,LJ01A,CTDPF
RS01SLBS-LJ01A-12-CTDPFB101,temp_coeff_ta1,temp_coeff_ta1,,,ENG,counts,RS01SLBS,LJ01A,CTDPF
RS01SLBS-LJ01A-12-CTDPFB101,temp_coeff_ta2,temp_coeff_ta2,,,ENG,counts,RS01SLBS,LJ01A,CTDPF
RS01SLBS-LJ01A-12-CTDPFB101,temp_coeff_ta3,temp_coeff_ta3,,,ENG,counts,RS01SLBS,LJ01A,CTDPF
RS01SLBS-LJ01A-12-CTDPFB101,calibration_date_conductivity,calibration_date_conductivity,,,ENG,1,RS01SLBS,LJ01A,CTDPF
RS01SLBS-LJ01A-12-CTDPFB101,cond_coeff_cg,cond_coeff_cg,,,ENG,counts,RS01SLBS,LJ01A,CTDPF
RS01SLBS-LJ01A-12-CTDPFB101,cond_coeff_ch,cond_coeff_ch,,,ENG,counts,RS01SLBS,LJ01A,CTDPF
RS01SLBS-LJ01A-12-CTDPFB101,cond_coeff_ci,cond_coeff_ci,,,ENG,counts,RS01SLBS,LJ01A,CTDPF
RS01SLBS-LJ01A-12-CTDPFB101,cond_coeff_cj,cond_coeff_cj,,,ENG,counts,RS01SLBS,LJ01A,CTDPF
RS01SLBS-LJ01A-12-CTDPFB101,cond_coeff_ctcor,cond_coeff_ctcor,,,ENG,counts,RS01SLBS,LJ01A,CTDPF
RS01SLBS-LJ01A-12-CTDPFB101,cond_coeff_cpcor,cond_coeff_cpcor,,,ENG,counts,RS01SLBS,LJ01A,CTDPF
RS01SLBS-LJ01A-12-CTDPFB101,cond_coeff_cslope,cond_coeff_cslope,,,ENG,counts,RS01SLBS,LJ01A,CTDPF
RS01SLBS-LJ01A-12-CTDPFB101,temperature,temperature,,,L0,counts,RS01SLBS,LJ01A,CTDPF
RS01SLBS-LJ01A-12-CTDPFB101,conductivity,conductivity,,,L0,counts,RS01SLBS,LJ01A,CTDPF
RS01SLBS-LJ01A-12-CTDPFB101,pressure,pressure,,,L0,counts,RS01SLBS,LJ01A,CTDPF
RS01SLBS-LJ01A-12-CTDPFB101,pressure_temp,pressure_temp,,,L0,counts,RS01SLBS,LJ01A,CTDPF
RS01SLBS-LJ01A-12-CTDPFB101,oxygen,oxygen,,,L0,counts,RS01SLBS,LJ01A,CTDPF
RS01SLBS-LJ01A-12-CTDPFB101,pump_current,pump_current,,,ENG,mA,RS01SLBS,LJ01A,CTDPF
RS01SLBS-LJ01A-12-CTDPFB101,ext_v01_current,ext_v01_current,,,ENG,mA,RS01SLBS,LJ01A,CTDPF
RS01SLBS-LJ01A-12-CTDPFB101,serial_current,serial_current,,,ENG,mA,RS01SLBS,LJ01A,CTDPF
RS01SLBS-LJ01A-12-CTDPFB101,logging_status,logging_status,,,ENG,1,RS01SLBS,LJ01A,CTDPF
RS01SLBS-LJ01A-12-CTDPFB101,num_samples,num_samples,,,ENG,counts,RS01SLBS,LJ01A,CTDPF
RS01SLBS-LJ01A-12-CTDPFB101,mem_free,mem_free,,,ENG,bytes,RS01SLBS,LJ01A,CTDPF
RS01SLBS-LJ01A-12-CTDPFB101,battery_cutoff,battery_cutoff,,,ENG,V,RS01SLBS,LJ01A,CTDPF
RS01SLBS-LJ01A-12-CTDPFB101,pressure_sensor_type,pressure_sensor_type,,,ENG,1,RS01SLBS,LJ01A,CTDPF
RS01SLBS-LJ01A-12-CTDPFB101,sbe38,sbe38,,,ENG,1,RS01SLBS,LJ01A,CTDPF
RS01SLBS-LJ01A-12-CTDPFB101,wetlabs,wetlabs,,,ENG,1,RS01SLBS,LJ01A,CTDPF
RS01SLBS-LJ01A-12-CTDPFB101,optode,optode,,,ENG,1,RS01SLBS,LJ01A,CTDPF
RS01SLBS-LJ01A-12-CTDPFB101,gas_tension_device,gas_tension_device,,,ENG,1,RS01SLBS,LJ01A,CTDPF
RS01SLBS-LJ01A-12-CTDPFB101,ext_volt_0,ext_volt_0,,,ENG,1,RS01SLBS,LJ01A,CTDPF
RS01SLBS-LJ01A-12-CTDPFB101,ext_volt_1,ext_volt_1,,,ENG,1,RS01SLBS,LJ01A,CTDPF
RS01SLBS-LJ01A-12-CTDPFB101,ext_volt_2,ext_volt_2,,,ENG,1,RS01SLBS,LJ01A,CTDPF
RS01SLBS-LJ01A-12-CTDPFB101,ext_volt_3,ext_volt_3,,,ENG,1,RS01SLBS,LJ01A,CTDPF
RS01SLBS-LJ01A-12-CTDPFB101,ext_volt_4,ext_volt_4,,,ENG,1,RS01SLBS,LJ01A,CTDPF
RS01SLBS-LJ01A-12-CTDPFB101,ext_volt_5,ext_volt_5,,,ENG,1,RS01SLBS,LJ01A,CTDPF
RS01SLBS-LJ01A-12-CTDPFB101,echo_characters,echo_characters,,,ENG,1,RS01SLBS,LJ01A,CTDPF
RS01SLBS-LJ01A-12-CTDPFB101,output_format,output_format,,,ENG,1,RS01SLBS,LJ01A,CTDPF
RS01SLBS-LJ01A-12-CTDPFB101,strain_pressure_sensor_serial_number,strain_pressure_sensor_serial_number,,,ENG,1,RS01SLBS,LJ01A,CTDPF
RS01SLBS-LJ01A-12-CTDPFB101,volt0_type,volt0_type,,,ENG,1,RS01SLBS,LJ01A,CTDPF
RS01SLBS-LJ01A-12-CTDPFB101,volt0_serial_number,volt0_serial_number,,,ENG,1,RS01SLBS,LJ01A,CTDPF
RS01SLBS-LJ01A-12-CTDPFB101,volt1_type,volt1_type,,,ENG,1,RS01SLBS,LJ01A,CTDPF
RS01SLBS-LJ01A-12-CTDPFB101,volt1_serial_number,volt1_serial_number,,,ENG,1,RS01SLBS,LJ01A,CTDPF
RS01SLBS-LJ01A-12-CTDPFB101,temp_coeff_offset,temp_coeff_offset,,,ENG,counts,RS01SLBS,LJ01A,CTDPF
RS01SLBS-LJ01A-12-CTDPFB101,profiles,profiles,,,ENG,counts,RS01SLBS,LJ01A,CTDPF
RS01SLBS-LJ01A-12-CTDPFB101,scans_to_average,scans_to_average,,,ENG,counts,RS01SLBS,LJ01A,CTDPF
RS01SLBS-LJ01A-12-CTDPFB101,min_cond_freq,min_cond_freq,,,ENG,counts,RS01SLBS,LJ01A,CTDPF
RS01SLBS-LJ01A-12-CTDPFB101,pump_delay,pump_delay,,,ENG,counts,RS01SLBS,LJ01A,CTDPF
RS01SLBS-LJ01A-12-CTDPFB101,auto_run,auto_run,,,ENG,1,RS01SLBS,LJ01A,CTDPF
RS01SLBS-LJ01A-12-CTDPFB101,ignore_switch,ignore_switch,,,ENG,1,RS01SLBS,LJ01A,CTDPF
RS01SLBS-LJ01A-12-CTDPFB101,battery_type,battery_type,,,ENG,1,RS01SLBS,LJ01A,CTDPF
RS01SLBS-LJ01A-12-CTDPFB101,sbe63,sbe63,,,ENG,1,RS01SLBS,LJ01A,CTDPF
RS01SLBS-LJ01A-12-CTDPFB101,calphase,calphase,,,ENG,degrees,RS01SLBS,LJ01A,CTDPF
RS01SLBS-LJ01A-12-CTDPFB101,enable_temperature,enable_temperature,,,ENG,1,RS01SLBS,LJ01A,CTDPF
RS01SLBS-LJ01A-12-CTDPFB101,enable_humiditycomp,enable_humiditycomp,,,ENG,1,RS01SLBS,LJ01A,CTDPF
RS01SLBS-LJ01A-12-CTDPFB101,enable_airsaturation,enable_airsaturation,,,ENG,1,RS01SLBS,LJ01A,CTDPF
RS01SLBS-LJ01A-12-CTDPFB101,enable_rawdata,enable_rawdata,,,ENG,1,RS01SLBS,LJ01A,CTDPF
RS01SLBS-LJ01A-12-CTDPFB101,analog_output,analog_output,,,ENG,1,RS01SLBS,LJ01A,CTDPF
RS01SLBS-LJ01A-12-CTDPFB101,interval,interval,,,ENG,seconds,RS01SLBS,LJ01A,CTDPF
RS01SLBS-LJ01A-12-CTDPFB101,press_coeff_pa0,press_coeff_pa0,,,ENG,counts,RS01SLBS,LJ01A,CTDPF
RS01SLBS-LJ01A-12-CTDPFB101,press_coeff_pa1,press_coeff_pa1,,,ENG,counts,RS01SLBS,LJ01A,CTDPF
RS01SLBS-LJ01A-12-CTDPFB101,press_coeff_pa2,press_coeff_pa2,,,ENG,counts,RS01SLBS,LJ01A,CTDPF
RS01SLBS-LJ01A-12-CTDPFB101,press_coeff_ptempa0,press_coeff_ptempa0,,,,1,RS01SLBS,LJ01A,CTDPF
RS01SLBS-LJ01A-12-CTDPFB101,press_coeff_ptempa1,press_coeff_ptempa1,,,,1,RS01SLBS,LJ01A,CTDPF
RS01SLBS-LJ01A-12-CTDPFB101,press_coeff_ptempa2,press_coeff_ptempa2,,,,1,RS01SLBS,LJ01A,CTDPF
RS01SLBS-LJ01A-12-CTDPFB101,press_coeff_ptca0,press_coeff_ptca0,,,,1,RS01SLBS,LJ01A,CTDPF
RS01SLBS-LJ01A-12-CTDPFB101,press_coeff_ptca1,press_coeff_ptca1,,,,1,RS01SLBS,LJ01A,CTDPF
RS01SLBS-LJ01A-12-CTDPFB101,press_coeff_ptca2,press_coeff_ptca2,,,,1,RS01SLBS,LJ01A,CTDPF
RS01SLBS-LJ01A-12-CTDPFB101,press_coeff_ptcb0,press_coeff_ptcb0,,,,1,RS01SLBS,LJ01A,CTDPF
RS01SLBS-LJ01A-12-CTDPFB101,press_coeff_ptcb1,press_coeff_ptcb1,,,,1,RS01SLBS,LJ01A,CTDPF
RS01SLBS-LJ01A-12-CTDPFB101,press_coeff_ptcb2,press_coeff_ptcb2,,,,1,RS01SLBS,LJ01A,CTDPF
RS01SLBS-LJ01A-12-CTDPFB101,ext_volt0_slope,ext_volt0_slope,,,ENG,counts,RS01SLBS,LJ01A,CTDPF
RS01SLBS-LJ01A-12-CTDPFB101,ext_volt0_offset,ext_volt0_offset,,,ENG,counts,RS01SLBS,LJ01A,CTDPF
RS01SLBS-LJ01A-12-CTDPFB101,ext_volt1_slope,ext_volt1_slope,,,ENG,counts,RS01SLBS,LJ01A,CTDPF
RS01SLBS-LJ01A-12-CTDPFB101,ext_volt1_offset,ext_volt1_offset,,,ENG,counts,RS01SLBS,LJ01A,CTDPF
RS01SLBS-LJ01A-12-CTDPFB101,ext_volt2_slope,ext_volt2_slope,,,ENG,counts,RS01SLBS,LJ01A,CTDPF
RS01SLBS-LJ01A-12-CTDPFB101,ext_volt2_offset,ext_volt2_offset,,,ENG,counts,RS01SLBS,LJ01A,CTDPF
RS01SLBS-LJ01A-12-CTDPFB101,ext_volt3_slope,ext_volt3_slope,,,ENG,counts,RS01SLBS,LJ01A,CTDPF
RS01SLBS-LJ01A-12-CTDPFB101,ext_volt3_offset,ext_volt3_offset,,,ENG,counts,RS01SLBS,LJ01A,CTDPF
RS01SLBS-LJ01A-12-CTDPFB101,ext_volt4_slope,ext_volt4_slope,,,ENG,counts,RS01SLBS,LJ01A,CTDPF
RS01SLBS-LJ01A-12-CTDPFB101,ext_volt4_offset,ext_volt4_offset,,,ENG,counts,RS01SLBS,LJ01A,CTDPF
RS01SLBS-LJ01A-12-CTDPFB101,ext_volt5_slope,ext_volt5_slope,,,ENG,counts,RS01SLBS,LJ01A,CTDPF
RS01SLBS-LJ01A-12-CTDPFB101,ext_volt5_offset,ext_volt5_offset,,,ENG,counts,RS01SLBS,LJ01A,CTDPF
RS01SLBS-LJ01A-12-CTDPFB101,ext_freq_sf,ext_freq_sf,,,ENG,counts,RS01SLBS,LJ01A,CTDPF
RS01SLBS-LJ01A-12-CTDPFB101,temp_sensor_serial_number,temp_sensor_serial_number,,,ENG,counts,RS01SLBS,LJ01A,CTDPF
RS01SLBS-LJ01A-12-CTDPFB101,cond_sensor_serial_number,cond_sensor_serial_number,,,ENG,counts,RS01SLBS,LJ01A,CTDPF
RS01SLBS-LJ01A-12-CTDPFB101,command_set_version,command_set_version,,,ENG,1,RS01SLBS,LJ01A,CTDPF
RS01SLBS-LJ01A-12-CTDPFB101,assembly_number,assembly_number,,,ENG,1,RS01SLBS,LJ01A,CTDPF
RS01SLBS-LJ01A-12-CTDPFB101,num_events,num_events,,,ENG,counts,RS01SLBS,LJ01A,CTDPF
RS01SLBS-LJ01A-12-CTDPFB101,samples_free,samples_free,,,ENG,counts,RS01SLBS,LJ01A,CTDPF
RS01SLBS-LJ01A-12-CTDPFB101,sample_length,sample_length,,,ENG,bytes,RS01SLBS,LJ01A,CTDPF
RS01SLBS-LJ01A-12-CTDPFB101,output_executed_tag,output_executed_tag,,,ENG,1,RS01SLBS,LJ01A,CTDPF
RS01SLBS-LJ01A-12-CTDPFB101,pressure_sensor_serial_number,pressure_sensor_serial_number,,,ENG,counts,RS01SLBS,LJ01A,CTDPF
RS01SLBS-LJ01A-12-CTDPFB101,mode,mode,,,ENG,1,RS01SLBS,LJ01A,CTDPF
RS01SLBS-LJ01A-12-CTDPFB101,firmware_date,firmware_date,,,ENG,1,RS01SLBS,LJ01A,CTDPF
RS01SLBS-LJ01A-12-CTDPFB101,pcb_serial_number,pcb_serial_number,,,ENG,1,RS01SLBS,LJ01A,CTDPF
RS01SLBS-LJ01A-12-CTDPFB101,manufacture_date,manufacture_date,,,ENG,1,RS01SLBS,LJ01A,CTDPF
RS01SLBS-LJ01A-12-CTDPFB101,serial_number,serial_number,,,ENG,counts,RS01SLBS,LJ01A,CTDPF
RS01SLBS-LJ01A-12-CTDPFB101,oxy_calphase,oxy_calphase,,,L0,counts,RS01SLBS,LJ01A,CTDPF
RS01SLBS-LJ01A-12-CTDPFB101,oxy_temp,oxy_temp,,,L0,counts,RS01SLBS,LJ01A,CTDPF
RS01SLBS-LJ01A-12-CTDPFB101,seawater_temperature,seawater_temperature,-2,40,L1,deg_C,RS01SLBS,LJ01A,CTDPF
RS01SLBS-LJ01A-12-CTDPFB101,seawater_pressure,seawater_pressure,0,6000,L1,dbar,RS01SLBS,LJ01A,CTDPF
RS01SLBS-LJ01A-12-CTDPFB101,seawater_conductivity,seawater_conductivity,0,6,L1,S m-1,RS01SLBS,LJ01A,CTDPF
RS01SLBS-LJ01A-12-CTDPFB101,practical_salinity,practical_salinity,0,42,L2,1,RS01SLBS,LJ01A,CTDPF
RS01SLBS-LJ01A-12-CTDPFB101,seawater_density,seawater_density,1000,1100,L2,kg m-3,RS01SLBS,LJ01A,CTDPF
RS01SLBS-LJ01A-12-CTDPFB101,date_time_string,date_time_string,,,ENG,1,RS01SLBS,LJ01A,CTDPF
RS01SLBS-LJ01A-12-CTDPFB101,ctd_tc_oxygen,ctd_tc_oxygen,,,L1,umol L-1,RS01SLBS,LJ01A,CTDPF
RS01SLBS-LJ01A-12-CTDPFB101,ctd_abs_oxygen,ctd_abs_oxygen,0,400,L2,umol kg-1,RS01SLBS,LJ01A,CTDPF
RS01SLBS-LJ01A-12-DOSTAD101,port_timestamp,port_timestamp,,,ENG,seconds since 1900-01-01,RS01SLBS,LJ01A,DOSTA
RS01SLBS-LJ01A-12-DOSTAD101,driver_timestamp,driver_timestamp,,,ENG,seconds since 1900-01-01,RS01SLBS,LJ01A,DOSTA
RS01SLBS-LJ01A-12-DOSTAD101,preferred_timestamp,preferred_timestamp,,,ENG,1,RS01SLBS,LJ01A,DOSTA
RS01SLBS-LJ01A-12-DOSTAD101,temperature,temperature,,,L0,counts,RS01SLBS,LJ01A,DOSTA
RS01SLBS-LJ01A-12-DOSTAD101,conductivity,conductivity,,,L0,counts,RS01SLBS,LJ01A,DOSTA
RS01SLBS-LJ01A-12-DOSTAD101,pressure,pressure,,,L0,counts,RS01SLBS,LJ01A,DOSTA
RS01SLBS-LJ01A-12-DOSTAD101,pressure_temp,pressure_temp,,,L0,counts,RS01SLBS,LJ01A,DOSTA
RS01SLBS-LJ01A-12-DOSTAD101,oxygen,oxygen,,,L0,counts,RS01SLBS,LJ01A,DOSTA
RS01SLBS-LJ01A-12-DOSTAD101,oxy_calphase,oxy_calphase,,,L0,counts,RS01SLBS,LJ01A,DOSTA
RS01SLBS-LJ01A-12-DOSTAD101,oxy_temp,oxy_temp,,,L0,counts,RS01SLBS,LJ01A,DOSTA
RS01SLBS-LJ01A-12-DOSTAD101,seawater_temperature,seawater_temperature,-2,40,L1,deg_C,RS01SLBS,LJ01A,DOSTA
RS01SLBS-LJ01A-12-DOSTAD101,seawater_pressure,seawater_pressure,0,6000,L1,dbar,RS01SLBS,LJ01A,DOSTA
RS01SLBS-LJ01A-12-DOSTAD101,seawater_conductivity,seawater_conductivity,0,6,L1,S m-1,RS01SLBS,LJ01A,DOSTA
RS01SLBS-LJ01A-12-DOSTAD101,practical_salinity,practical_salinity,0,42,L2,1,RS01SLBS,LJ01A,DOSTA
RS01SLBS-LJ01A-12-DOSTAD101,seawater_density,seawater_density,1000,1100,L2,kg m-3,RS01SLBS,LJ01A,DOSTA
RS01SLBS-LJ01A-12-DOSTAD101,ctd_tc_oxygen,ctd_tc_oxygen,,,L1,umol L-1,RS01SLBS,LJ01A,DOSTA
RS01SLBS-LJ01A-12-DOSTAD101,ctd_abs_oxygen,ctd_abs_oxygen,0,400,L2,umol kg-1,RS01SLBS,LJ01A,DOSTA
RS01SLBS-MJ01A-06-PRESTA101,port_timestamp,port_timestamp,,,ENG,seconds since 1900-01-01,RS01SLBS,MJ01A,PREST
RS01SLBS-MJ01A-06-PRESTA101,driver_timestamp,driver_timestamp,,,ENG,seconds since 1900-01-01,RS01SLBS,MJ01A,PREST
RS01SLBS-MJ01A-06-PRESTA101,firmware_version,firmware_version,,,ENG,1,RS01SLBS,MJ01A,PREST
RS01SLBS-MJ01A-06-PRESTA101,internal_timestamp,internal_timestamp,,,ENG,seconds since 1900-01-01,RS01SLBS,MJ01A,PREST
RS01SLBS-MJ01A-06-PRESTA101,battery_voltage_main,battery_voltage_main,,,ENG,V,RS01SLBS,MJ01A,PREST
RS01SLBS-MJ01A-06-PRESTA101,calibration_date_pressure,calibration_date_pressure,,,ENG,1,RS01SLBS,MJ01A,PREST
RS01SLBS-MJ01A-06-PRESTA101,press_coeff_pu0,press_coeff_pu0,,,ENG,1,RS01SLBS,MJ01A,PREST
RS01SLBS-MJ01A-06-PRESTA101,preferred_timestamp,preferred_timestamp,,,ENG,1,RS01SLBS,MJ01A,PREST
RS01SLBS-MJ01A-06-PRESTA101,press_coeff_py1,press_coeff_py1,,,ENG,1,RS01SLBS,MJ01A,PREST
RS01SLBS-MJ01A-06-PRESTA101,press_coeff_py2,press_coeff_py2,,,ENG,1,RS01SLBS,MJ01A,PREST
RS01SLBS-MJ01A-06-PRESTA101,press_coeff_py3,press_coeff_py3,,,ENG,1,RS01SLBS,MJ01A,PREST
RS01SLBS-MJ01A-06-PRESTA101,press_coeff_pc1,press_coeff_pc1,,,ENG,1,RS01SLBS,MJ01A,PREST
RS01SLBS-MJ01A-06-PRESTA101,press_coeff_pc2,press_coeff_pc2,,,ENG,1,RS01SLBS,MJ01A,PREST
RS01SLBS-MJ01A-06-PRESTA101,press_coeff_pc3,press_coeff_pc3,,,ENG,1,RS01SLBS,MJ01A,PREST
RS01SLBS-MJ01A-06-PRESTA101,press_coeff_pd1,press_coeff_pd1,,,ENG,1,RS01SLBS,MJ01A,PREST
RS01SLBS-MJ01A-06-PRESTA101,press_coeff_pd2,press_coeff_pd2,,,ENG,1,RS01SLBS,MJ01A,PREST
RS01SLBS-MJ01A-06-PRESTA101,press_coeff_pt1,press_coeff_pt1,,,ENG,1,RS01SLBS,MJ01A,PREST
RS01SLBS-MJ01A-06-PRESTA101,press_coeff_pt2,press_coeff_pt2,,,ENG,1,RS01SLBS,MJ01A,PREST
RS01SLBS-MJ01A-06-PRESTA101,press_coeff_pt3,press_coeff_pt3,,,ENG,1,RS01SLBS,MJ01A,PREST
RS01SLBS-MJ01A-06-PRESTA101,press_coeff_pt4,press_coeff_pt4,,,ENG,1,RS01SLBS,MJ01A,PREST
RS01SLBS-MJ01A-06-PRESTA101,press_coeff_poffset,press_coeff_poffset,,,ENG,psi,RS01SLBS,MJ01A,PREST
RS01SLBS-MJ01A-06-PRESTA101,set_timeout,set_timeout,,,ENG,ms,RS01SLBS,MJ01A,PREST
RS01SLBS-MJ01A-06-PRESTA101,set_timeout_max,set_timeout_max,,,ENG,ms,RS01SLBS,MJ01A,PREST
RS01SLBS-MJ01A-06-PRESTA101,set_timeout_icd,set_timeout_icd,,,ENG,ms,RS01SLBS,MJ01A,PREST
RS01SLBS-MJ01A-06-PRESTA101,reference_oscillator_freq,reference_oscillator_freq,,,ENG,Hz,RS01SLBS,MJ01A,PREST
RS01SLBS-MJ01A-06-PRESTA101,pcb_thermistor_value,pcb_thermistor_value,,,ENG,counts,RS01SLBS,MJ01A,PREST
RS01SLBS-MJ01A-06-PRESTA101,reference_error,reference_error,,,ENG,ppm,RS01SLBS,MJ01A,PREST
RS01SLBS-MJ01A-06-PRESTA101,device_type,device_type,,,ENG,1,RS01SLBS,MJ01A,PREST
RS01SLBS-MJ01A-06-PRESTA101,calibration_date_acq_crystal,calibration_date_acq_crystal,,,ENG,1,RS01SLBS,MJ01A,PREST
RS01SLBS-MJ01A-06-PRESTA101,acq_crystal_coeff_fra0,acq_crystal_coeff_fra0,,,ENG,1,RS01SLBS,MJ01A,PREST
RS01SLBS-MJ01A-06-PRESTA101,acq_crystal_coeff_fra1,acq_crystal_coeff_fra1,,,ENG,1,RS01SLBS,MJ01A,PREST
RS01SLBS-MJ01A-06-PRESTA101,acq_crystal_coeff_fra2,acq_crystal_coeff_fra2,,,ENG,1,RS01SLBS,MJ01A,PREST
RS01SLBS-MJ01A-06-PRESTA101,acq_crystal_coeff_fra3,acq_crystal_coeff_fra3,,,ENG,1,RS01SLBS,MJ01A,PREST
RS01SLBS-MJ01A-06-PRESTA101,pressure_sensor_serial_number,pressure_sensor_serial_number,,,ENG,1,RS01SLBS,MJ01A,PREST
RS01SLBS-MJ01A-06-PRESTA101,pressure_sensor_range,pressure_sensor_range,,,ENG,psi,RS01SLBS,MJ01A,PREST
RS01SLBS-MJ01A-06-PRESTA101,battery_type,battery_type,,,ENG,1,RS01SLBS,MJ01A,PREST
RS01SLBS-MJ01A-06-PRESTA101,baud_rate,baud_rate,,,ENG,Bd,RS01SLBS,MJ01A,PREST
RS01SLBS-MJ01A-06-PRESTA101,enable_alerts,enable_alerts,,,ENG,1,RS01SLBS,MJ01A,PREST
RS01SLBS-MJ01A-06-PRESTA101,upload_type,upload_type,,,ENG,1,RS01SLBS,MJ01A,PREST
RS01SLBS-MJ01A-06-PRESTA101,sample_period,sample_period,,,ENG,s,RS01SLBS,MJ01A,PREST
RS01SLBS-MJ01A-06-PRESTA101,event_count,event_count,,,ENG,count,RS01SLBS,MJ01A,PREST
RS01SLBS-MJ01A-06-PRESTA101,bytes_used,bytes_used,,,ENG,1,RS01SLBS,MJ01A,PREST
RS01SLBS-MJ01A-06-PRESTA101,pressure_temp,pressure_temp,,,AUX,deg_C,RS01SLBS,MJ01A,PREST
RS01SLBS-MJ01A-06-PRESTA101,bytes_free,bytes_free,,,ENG,1,RS01SLBS,MJ01A,PREST
RS01SLBS-MJ01A-06-PRESTA101,manufacturer,manufacturer,,,ENG,1,RS01SLBS,MJ01A,PREST
RS01SLBS-MJ01A-06-PRESTA101,max_stack,max_stack,,,ENG,1,RS01SLBS,MJ01A,PREST
RS01SLBS-MJ01A-06-PRESTA101,date_time_str,date_time_str,,,ENG,1,RS01SLBS,MJ01A,PREST
RS01SLBS-MJ01A-06-PRESTA101,firmware_date,firmware_date,,,ENG,1,RS01SLBS,MJ01A,PREST
RS01SLBS-MJ01A-06-PRESTA101,hardware_version,hardware_version,,,ENG,1,RS01SLBS,MJ01A,PREST
RS01SLBS-MJ01A-06-PRESTA101,pcb_serial_number,pcb_serial_number,,,ENG,1,RS01SLBS,MJ01A,PREST
RS01SLBS-MJ01A-06-PRESTA101,pcb_type,pcb_type,,,ENG,1,RS01SLBS,MJ01A,PREST
RS01SLBS-MJ01A-06-PRESTA101,manufacture_date,manufacture_date,,,ENG,1,RS01SLBS,MJ01A,PREST
RS01SLBS-MJ01A-06-PRESTA101,number_events,number_events,,,ENG,1,RS01SLBS,MJ01A,PREST
RS01SLBS-MJ01A-06-PRESTA101,power_on_reset,power_on_reset,,,ENG,1,RS01SLBS,MJ01A,PREST
RS01SLBS-MJ01A-06-PRESTA101,power_fail_reset,power_fail_reset,,,ENG,1,RS01SLBS,MJ01A,PREST
RS01SLBS-MJ01A-06-PRESTA101,serial_byte_error,serial_byte_error,,,ENG,1,RS01SLBS,MJ01A,PREST
RS01SLBS-MJ01A-06-PRESTA101,command_buffer_overflow,command_buffer_overflow,,,ENG,1,RS01SLBS,MJ01A,PREST
RS01SLBS-MJ01A-06-PRESTA101,serial_receive_overflow,serial_receive_overflow,,,ENG,1,RS01SLBS,MJ01A,PREST
RS01SLBS-MJ01A-06-PRESTA101,low_battery,low_battery,,,ENG,1,RS01SLBS,MJ01A,PREST
RS01SLBS-MJ01A-06-PRESTA101,signal_error,signal_error,,,ENG,1,RS01SLBS,MJ01A,PREST
RS01SLBS-MJ01A-06-PRESTA101,error_10,error_10,,,ENG,1,RS01SLBS,MJ01A,PREST
RS01SLBS-MJ01A-06-PRESTA101,error_12,error_12,,,ENG,1,RS01SLBS,MJ01A,PREST
RS01SLBS-MJ01A-06-PRESTA101,serial_number,serial_number,,,ENG,1,RS01SLBS,MJ01A,PREST
RS01SLBS-MJ01A-06-PRESTA101,time,time,,,ENG,seconds since 1900-01-01,RS01SLBS,MJ01A,PREST
RS01SLBS-MJ01A-06-PRESTA101,sample_number,sample_number,,,ENG,count,RS01SLBS,MJ01A,PREST
RS01SLBS-MJ01A-06-PRESTA101,sample_type,sample_type,,,ENG,1,RS01SLBS,MJ01A,PREST
RS01SLBS-MJ01A-06-PRESTA101,ingestion_timestamp,ingestion_timestamp,,,ENG,seconds since 1900-01-01,RS01SLBS,MJ01A,PREST
RS01SLBS-MJ01A-06-PRESTA101,seafloor_pressure,seafloor_pressure,0,6000,L1,dbar,RS01SLBS,MJ01A,PREST
RS01SLBS-MJ01A-06-PRESTA101,date_time_string,date_time_string,,,,1,RS01SLBS,MJ01A,PREST
RS01SLBS-MJ01A-06-PRESTA101,date_time_string,date_time_string,,,ENG,1,RS01SLBS,MJ01A,PREST
RS01SLBS-MJ01A-06-PRESTA101,absolute_pressure,absolute_pressure,,,L0,psia,RS01SLBS,MJ01A,PREST
RS01SLBS-MJ01A-12-VEL3DB101,port_timestamp,port_timestamp,,,ENG,seconds since 1900-01-01,RS01SLBS,MJ01A,VEL3D
RS01SLBS-MJ01A-12-VEL3DB101,driver_timestamp,driver_timestamp,,,ENG,seconds since 1900-01-01,RS01SLBS,MJ01A,VEL3D
RS01SLBS-MJ01A-12-VEL3DB101,internal_timestamp,internal_timestamp,,,ENG,seconds since 1900-01-01,RS01SLBS,MJ01A,VEL3D
RS01SLBS-MJ01A-12-VEL3DB101,preferred_timestamp,preferred_timestamp,,,ENG,1,RS01SLBS,MJ01A,VEL3D
RS01SLBS-MJ01A-12-VEL3DB101,pitch,pitch,,,ENG,degrees,RS01SLBS,MJ01A,VEL3D
RS01SLBS-MJ01A-12-VEL3DB101,roll,roll,,,ENG,degrees,RS01SLBS,MJ01A,VEL3D
RS01SLBS-MJ01A-12-VEL3DB101,temperature,temperature,-2,40,ENG,deg_C,RS01SLBS,MJ01A,VEL3D
RS01SLBS-MJ01A-12-VEL3DB101,velocity_beam_a,velocity_beam_a,,,ENG,counts,RS01SLBS,MJ01A,VEL3D
RS01SLBS-MJ01A-12-VEL3DB101,velocity_beam_b,velocity_beam_b,,,ENG,counts,RS01SLBS,MJ01A,VEL3D
RS01SLBS-MJ01A-12-VEL3DB101,velocity_beam_c,velocity_beam_c,,,ENG,counts,RS01SLBS,MJ01A,VEL3D
RS01SLBS-MJ01A-12-VEL3DB101,velocity_beam_d,velocity_beam_d,,,ENG,counts,RS01SLBS,MJ01A,VEL3D
RS01SLBS-MJ01A-12-VEL3DB101,turbulent_velocity_east,turbulent_velocity_east,,,L0,cm s-1,RS01SLBS,MJ01A,VEL3D
RS01SLBS-MJ01A-12-VEL3DB101,turbulent_velocity_north,turbulent_velocity_north,,,L0,cm s-1,RS01SLBS,MJ01A,VEL3D
RS01SLBS-MJ01A-12-VEL3DB101,turbulent_velocity_up,turbulent_velocity_up,,,L0,cm s-1,RS01SLBS,MJ01A,VEL3D
RS01SLBS-MJ01A-12-VEL3DB101,mag_comp_x,mag_comp_x,,,ENG,1,RS01SLBS,MJ01A,VEL3D
RS01SLBS-MJ01A-12-VEL3DB101,mag_comp_y,mag_comp_y,,,ENG,1,RS01SLBS,MJ01A,VEL3D
RS01SLBS-MJ01A-12-VEL3DB101,time,time,,,ENG,seconds since 1900-01-01,RS01SLBS,MJ01A,VEL3D
RS01SLBS-MJ01A-12-VEL3DB101,sample_period,sample_period,,,ENG,s,RS01SLBS,MJ01A,VEL3D
RS01SLBS-MJ01A-12-VEL3DB101,samples_per_burst,samples_per_burst,,,ENG,counts,RS01SLBS,MJ01A,VEL3D
RS01SLBS-MJ01A-12-VEL3DB101,bin_to_si_conversion,bin_to_si_conversion,,,ENG,1,RS01SLBS,MJ01A,VEL3D
RS01SLBS-MJ01A-12-VEL3DB101,ingestion_timestamp,ingestion_timestamp,,,ENG,seconds since 1900-01-01,RS01SLBS,MJ01A,VEL3D
RS01SLBS-MJ01A-12-VEL3DB101,eastward_turbulent_velocity,eastward_turbulent_velocity,-3,3,L1,m s-1,RS01SLBS,MJ01A,VEL3D
RS01SLBS-MJ01A-12-VEL3DB101,northward_turbulent_velocity,northward_turbulent_velocity,-3,3,L1,m s-1,RS01SLBS,MJ01A,VEL3D
RS01SLBS-MJ01A-12-VEL3DB101,upward_turbulent_velocity,upward_turbulent_velocity,-1,1,L1,m s-1,RS01SLBS,MJ01A,VEL3D
RS01SLBS-MJ01A-12-VEL3DB101,date_time_string,date_time_string,,,ENG,1,RS01SLBS,MJ01A,VEL3D
RS01SLBS-MJ01A-12-VEL3DB101,velocity_offset_a,velocity_offset_a,,,ENG,counts,RS01SLBS,MJ01A,VEL3D
RS01SLBS-MJ01A-12-VEL3DB101,velocity_offset_b,velocity_offset_b,,,ENG,counts,RS01SLBS,MJ01A,VEL3D
RS01SLBS-MJ01A-12-VEL3DB101,velocity_offset_c,velocity_offset_c,,,ENG,counts,RS01SLBS,MJ01A,VEL3D
RS01SLBS-MJ01A-12-VEL3DB101,velocity_offset_d,velocity_offset_d,,,ENG,counts,RS01SLBS,MJ01A,VEL3D
RS01SLBS-MJ01A-12-VEL3DB101,compass_offset_0,compass_offset_0,,,ENG,1,RS01SLBS,MJ01A,VEL3D
RS01SLBS-MJ01A-12-VEL3DB101,compass_offset_1,compass_offset_1,,,ENG,1,RS01SLBS,MJ01A,VEL3D
RS01SLBS-MJ01A-12-VEL3DB101,compass_offset_2,compass_offset_2,,,ENG,1,RS01SLBS,MJ01A,VEL3D
RS01SLBS-MJ01A-12-VEL3DB101,compass_scale_factor_0,compass_scale_factor_0,,,ENG,1,RS01SLBS,MJ01A,VEL3D
RS01SLBS-MJ01A-12-VEL3DB101,compass_scale_factor_1,compass_scale_factor_1,,,ENG,1,RS01SLBS,MJ01A,VEL3D
RS01SLBS-MJ01A-12-VEL3DB101,compass_scale_factor_2,compass_scale_factor_2,,,ENG,1,RS01SLBS,MJ01A,VEL3D
RS01SLBS-MJ01A-12-VEL3DB101,tilt_offset_pitch,tilt_offset_pitch,,,ENG,mV,RS01SLBS,MJ01A,VEL3D
RS01SLBS-MJ01A-12-VEL3DB101,tilt_offset_roll,tilt_offset_roll,,,ENG,mV,RS01SLBS,MJ01A,VEL3D
RS01SLBS-MJ01A-12-VEL3DB101,burst_interval_days,burst_interval_days,,,ENG,d,RS01SLBS,MJ01A,VEL3D
RS01SLBS-MJ01A-12-VEL3DB101,burst_interval_hours,burst_interval_hours,,,ENG,h,RS01SLBS,MJ01A,VEL3D
RS01SLBS-MJ01A-12-VEL3DB101,burst_interval_minutes,burst_interval_minutes,,,ENG,min,RS01SLBS,MJ01A,VEL3D
RS01SLBS-MJ01A-12-VEL3DB101,burst_interval_seconds,burst_interval_seconds,,,ENG,s,RS01SLBS,MJ01A,VEL3D
RS01SUM1-LJ01B-09-PRESTB102,port_timestamp,port_timestamp,,,ENG,seconds since 1900-01-01,RS01SUM1,LJ01B,PREST
RS01SUM1-LJ01B-09-PRESTB102,driver_timestamp,driver_timestamp,,,ENG,seconds since 1900-01-01,RS01SUM1,LJ01B,PREST
RS01SUM1-LJ01B-09-PRESTB102,firmware_version,firmware_version,,,ENG,1,RS01SUM1,LJ01B,PREST
RS01SUM1-LJ01B-09-PRESTB102,internal_timestamp,internal_timestamp,,,ENG,seconds since 1900-01-01,RS01SUM1,LJ01B,PREST
RS01SUM1-LJ01B-09-PRESTB102,battery_voltage_main,battery_voltage_main,,,ENG,V,RS01SUM1,LJ01B,PREST
RS01SUM1-LJ01B-09-PRESTB102,calibration_date_pressure,calibration_date_pressure,,,ENG,1,RS01SUM1,LJ01B,PREST
RS01SUM1-LJ01B-09-PRESTB102,press_coeff_pu0,press_coeff_pu0,,,ENG,1,RS01SUM1,LJ01B,PREST
RS01SUM1-LJ01B-09-PRESTB102,preferred_timestamp,preferred_timestamp,,,ENG,1,RS01SUM1,LJ01B,PREST
RS01SUM1-LJ01B-09-PRESTB102,press_coeff_py1,press_coeff_py1,,,ENG,1,RS01SUM1,LJ01B,PREST
RS01SUM1-LJ01B-09-PRESTB102,press_coeff_py2,press_coeff_py2,,,ENG,1,RS01SUM1,LJ01B,PREST
RS01SUM1-LJ01B-09-PRESTB102,press_coeff_py3,press_coeff_py3,,,ENG,1,RS01SUM1,LJ01B,PREST
RS01SUM1-LJ01B-09-PRESTB102,press_coeff_pc1,press_coeff_pc1,,,ENG,1,RS01SUM1,LJ01B,PREST
RS01SUM1-LJ01B-09-PRESTB102,press_coeff_pc2,press_coeff_pc2,,,ENG,1,RS01SUM1,LJ01B,PREST
RS01SUM1-LJ01B-09-PRESTB102,press_coeff_pc3,press_coeff_pc3,,,ENG,1,RS01SUM1,LJ01B,PREST
RS01SUM1-LJ01B-09-PRESTB102,press_coeff_pd1,press_coeff_pd1,,,ENG,1,RS01SUM1,LJ01B,PREST
RS01SUM1-LJ01B-09-PRESTB102,press_coeff_pd2,press_coeff_pd2,,,ENG,1,RS01SUM1,LJ01B,PREST
RS01SUM1-LJ01B-09-PRESTB102,press_coeff_pt1,press_coeff_pt1,,,ENG,1,RS01SUM1,LJ01B,PREST
RS01SUM1-LJ01B-09-PRESTB102,press_coeff_pt2,press_coeff_pt2,,,ENG,1,RS01SUM1,LJ01B,PREST
RS01SUM1-LJ01B-09-PRESTB102,press_coeff_pt3,press_coeff_pt3,,,ENG,1,RS01SUM1,LJ01B,PREST
RS01SUM1-LJ01B-09-PRESTB102,press_coeff_pt4,press_coeff_pt4,,,ENG,1,RS01SUM1,LJ01B,PREST
RS01SUM1-LJ01B-09-PRESTB102,press_coeff_poffset,press_coeff_poffset,,,ENG,psi,RS01SUM1,LJ01B,PREST
RS01SUM1-LJ01B-09-PRESTB102,set_timeout,set_timeout,,,ENG,ms,RS01SUM1,LJ01B,PREST
RS01SUM1-LJ01B-09-PRESTB102,set_timeout_max,set_timeout_max,,,ENG,ms,RS01SUM1,LJ01B,PREST
RS01SUM1-LJ01B-09-PRESTB102,set_timeout_icd,set_timeout_icd,,,ENG,ms,RS01SUM1,LJ01B,PREST
RS01SUM1-LJ01B-09-PRESTB102,reference_oscillator_freq,reference_oscillator_freq,,,ENG,Hz,RS01SUM1,LJ01B,PREST
RS01SUM1-LJ01B-09-PRESTB102,pcb_thermistor_value,pcb_thermistor_value,,,ENG,counts,RS01SUM1,LJ01B,PREST
RS01SUM1-LJ01B-09-PRESTB102,reference_error,reference_error,,,ENG,ppm,RS01SUM1,LJ01B,PREST
RS01SUM1-LJ01B-09-PRESTB102,device_type,device_type,,,ENG,1,RS01SUM1,LJ01B,PREST
RS01SUM1-LJ01B-09-PRESTB102,calibration_date_acq_crystal,calibration_date_acq_crystal,,,ENG,1,RS01SUM1,LJ01B,PREST
RS01SUM1-LJ01B-09-PRESTB102,acq_crystal_coeff_fra0,acq_crystal_coeff_fra0,,,ENG,1,RS01SUM1,LJ01B,PREST
RS01SUM1-LJ01B-09-PRESTB102,acq_crystal_coeff_fra1,acq_crystal_coeff_fra1,,,ENG,1,RS01SUM1,LJ01B,PREST
RS01SUM1-LJ01B-09-PRESTB102,acq_crystal_coeff_fra2,acq_crystal_coeff_fra2,,,ENG,1,RS01SUM1,LJ01B,PREST
RS01SUM1-LJ01B-09-PRESTB102,acq_crystal_coeff_fra3,acq_crystal_coeff_fra3,,,ENG,1,RS01SUM1,LJ01B,PREST
RS01SUM1-LJ01B-09-PRESTB102,pressure_sensor_serial_number,pressure_sensor_serial_number,,,ENG,1,RS01SUM1,LJ01B,PREST
RS01SUM1-LJ01B-09-PRESTB102,pressure_sensor_range,pressure_sensor_range,,,ENG,psi,RS01SUM1,LJ01B,PREST
RS01SUM1-LJ01B-09-PRESTB102,battery_type,battery_type,,,ENG,1,RS01SUM1,LJ01B,PREST
RS01SUM1-LJ01B-09-PRESTB102,baud_rate,baud_rate,,,ENG,Bd,RS01SUM1,LJ01B,PREST
RS01SUM1-LJ01B-09-PRESTB102,enable_alerts,enable_alerts,,,ENG,1,RS01SUM1,LJ01B,PREST
RS01SUM1-LJ01B-09-PRESTB102,upload_type,upload_type,,,ENG,1,RS01SUM1,LJ01B,PREST
RS01SUM1-LJ01B-09-PRESTB102,sample_period,sample_period,,,ENG,s,RS01SUM1,LJ01B,PREST
RS01SUM1-LJ01B-09-PRESTB102,event_count,event_count,,,ENG,count,RS01SUM1,LJ01B,PREST
RS01SUM1-LJ01B-09-PRESTB102,bytes_used,bytes_used,,,ENG,1,RS01SUM1,LJ01B,PREST
RS01SUM1-LJ01B-09-PRESTB102,pressure_temp,pressure_temp,,,AUX,deg_C,RS01SUM1,LJ01B,PREST
RS01SUM1-LJ01B-09-PRESTB102,bytes_free,bytes_free,,,ENG,1,RS01SUM1,LJ01B,PREST
RS01SUM1-LJ01B-09-PRESTB102,manufacturer,manufacturer,,,ENG,1,RS01SUM1,LJ01B,PREST
RS01SUM1-LJ01B-09-PRESTB102,max_stack,max_stack,,,ENG,1,RS01SUM1,LJ01B,PREST
RS01SUM1-LJ01B-09-PRESTB102,date_time_str,date_time_str,,,ENG,1,RS01SUM1,LJ01B,PREST
RS01SUM1-LJ01B-09-PRESTB102,firmware_date,firmware_date,,,ENG,1,RS01SUM1,LJ01B,PREST
RS01SUM1-LJ01B-09-PRESTB102,hardware_version,hardware_version,,,ENG,1,RS01SUM1,LJ01B,PREST
RS01SUM1-LJ01B-09-PRESTB102,pcb_serial_number,pcb_serial_number,,,ENG,1,RS01SUM1,LJ01B,PREST
RS01SUM1-LJ01B-09-PRESTB102,pcb_type,pcb_type,,,ENG,1,RS01SUM1,LJ01B,PREST
RS01SUM1-LJ01B-09-PRESTB102,manufacture_date,manufacture_date,,,ENG,1,RS01SUM1,LJ01B,PREST
RS01SUM1-LJ01B-09-PRESTB102,number_events,number_events,,,ENG,1,RS01SUM1,LJ01B,PREST
RS01SUM1-LJ01B-09-PRESTB102,power_on_reset,power_on_reset,,,ENG,1,RS01SUM1,LJ01B,PREST
RS01SUM1-LJ01B-09-PRESTB102,power_fail_reset,power_fail_reset,,,ENG,1,RS01SUM1,LJ01B,PREST
RS01SUM1-LJ01B-09-PRESTB102,serial_byte_error,serial_byte_error,,,ENG,1,RS01SUM1,LJ01B,PREST
RS01SUM1-LJ01B-09-PRESTB102,command_buffer_overflow,command_buffer_overflow,,,ENG,1,RS01SUM1,LJ01B,PREST
RS01SUM1-LJ01B-09-PRESTB102,serial_receive_overflow,serial_receive_overflow,,,ENG,1,RS01SUM1,LJ01B,PREST
RS01SUM1-LJ01B-09-PRESTB102,low_battery,low_battery,,,ENG,1,RS01SUM1,LJ01B,PREST
RS01SUM1-LJ01B-09-PRESTB102,signal_error,signal_error,,,ENG,1,RS01SUM1,LJ01B,PREST
RS01SUM1-LJ01B-09-PRESTB102,error_10,error_10,,,ENG,1,RS01SUM1,LJ01B,PREST
RS01SUM1-LJ01B-09-PRESTB102,error_12,error_12,,,ENG,1,RS01SUM1,LJ01B,PREST
RS01SUM1-LJ01B-09-PRESTB102,serial_number,serial_number,,,ENG,1,RS01SUM1,LJ01B,PREST
RS01SUM1-LJ01B-09-PRESTB102,time,time,,,ENG,seconds since 1900-01-01,RS01SUM1,LJ01B,PREST
RS01SUM1-LJ01B-09-PRESTB102,sample_number,sample_number,,,ENG,count,RS01SUM1,LJ01B,PREST
RS01SUM1-LJ01B-09-PRESTB102,sample_type,sample_type,,,ENG,1,RS01SUM1,LJ01B,PREST
RS01SUM1-LJ01B-09-PRESTB102,ingestion_timestamp,ingestion_timestamp,,,ENG,seconds since 1900-01-01,RS01SUM1,LJ01B,PREST
RS01SUM1-LJ01B-09-PRESTB102,seafloor_pressure,seafloor_pressure,0,6000,L1,dbar,RS01SUM1,LJ01B,PREST
RS01SUM1-LJ01B-09-PRESTB102,date_time_string,date_time_string,,,,1,RS01SUM1,LJ01B,PREST
RS01SUM1-LJ01B-09-PRESTB102,date_time_string,date_time_string,,,ENG,1,RS01SUM1,LJ01B,PREST
RS01SUM1-LJ01B-09-PRESTB102,absolute_pressure,absolute_pressure,,,L0,psia,RS01SUM1,LJ01B,PREST
RS01SUM1-LJ01B-12-VEL3DB104,port_timestamp,port_timestamp,,,ENG,seconds since 1900-01-01,RS01SUM1,LJ01B,VEL3D
RS01SUM1-LJ01B-12-VEL3DB104,driver_timestamp,driver_timestamp,,,ENG,seconds since 1900-01-01,RS01SUM1,LJ01B,VEL3D
RS01SUM1-LJ01B-12-VEL3DB104,internal_timestamp,internal_timestamp,,,ENG,seconds since 1900-01-01,RS01SUM1,LJ01B,VEL3D
RS01SUM1-LJ01B-12-VEL3DB104,preferred_timestamp,preferred_timestamp,,,ENG,1,RS01SUM1,LJ01B,VEL3D
RS01SUM1-LJ01B-12-VEL3DB104,pitch,pitch,,,ENG,degrees,RS01SUM1,LJ01B,VEL3D
RS01SUM1-LJ01B-12-VEL3DB104,roll,roll,,,ENG,degrees,RS01SUM1,LJ01B,VEL3D
RS01SUM1-LJ01B-12-VEL3DB104,temperature,temperature,-2,40,ENG,deg_C,RS01SUM1,LJ01B,VEL3D
RS01SUM1-LJ01B-12-VEL3DB104,velocity_beam_a,velocity_beam_a,,,ENG,counts,RS01SUM1,LJ01B,VEL3D
RS01SUM1-LJ01B-12-VEL3DB104,velocity_beam_b,velocity_beam_b,,,ENG,counts,RS01SUM1,LJ01B,VEL3D
RS01SUM1-LJ01B-12-VEL3DB104,velocity_beam_c,velocity_beam_c,,,ENG,counts,RS01SUM1,LJ01B,VEL3D
RS01SUM1-LJ01B-12-VEL3DB104,velocity_beam_d,velocity_beam_d,,,ENG,counts,RS01SUM1,LJ01B,VEL3D
RS01SUM1-LJ01B-12-VEL3DB104,turbulent_velocity_east,turbulent_velocity_east,,,L0,cm s-1,RS01SUM1,LJ01B,VEL3D
RS01SUM1-LJ01B-12-VEL3DB104,turbulent_velocity_north,turbulent_velocity_north,,,L0,cm s-1,RS01SUM1,LJ01B,VEL3D
RS01SUM1-LJ01B-12-VEL3DB104,turbulent_velocity_up,turbulent_velocity_up,,,L0,cm s-1,RS01SUM1,LJ01B,VEL3D
RS01SUM1-LJ01B-12-VEL3DB104,mag_comp_x,mag_comp_x,,,ENG,1,RS01SUM1,LJ01B,VEL3D
RS01SUM1-LJ01B-12-VEL3DB104,mag_comp_y,mag_comp_y,,,ENG,1,RS01SUM1,LJ01B,VEL3D
RS01SUM1-LJ01B-12-VEL3DB104,time,time,,,ENG,seconds since 1900-01-01,RS01SUM1,LJ01B,VEL3D
RS01SUM1-LJ01B-12-VEL3DB104,sample_period,sample_period,,,ENG,s,RS01SUM1,LJ01B,VEL3D
RS01SUM1-LJ01B-12-VEL3DB104,samples_per_burst,samples_per_burst,,,ENG,counts,RS01SUM1,LJ01B,VEL3D
RS01SUM1-LJ01B-12-VEL3DB104,bin_to_si_conversion,bin_to_si_conversion,,,ENG,1,RS01SUM1,LJ01B,VEL3D
RS01SUM1-LJ01B-12-VEL3DB104,ingestion_timestamp,ingestion_timestamp,,,ENG,seconds since 1900-01-01,RS01SUM1,LJ01B,VEL3D
RS01SUM1-LJ01B-12-VEL3DB104,eastward_turbulent_velocity,eastward_turbulent_velocity,-3,3,L1,m s-1,RS01SUM1,LJ01B,VEL3D
RS01SUM1-LJ01B-12-VEL3DB104,northward_turbulent_velocity,northward_turbulent_velocity,-3,3,L1,m s-1,RS01SUM1,LJ01B,VEL3D
RS01SUM1-LJ01B-12-VEL3DB104,upward_turbulent_velocity,upward_turbulent_velocity,-1,1,L1,m s-1,RS01SUM1,LJ01B,VEL3D
RS01SUM1-LJ01B-12-VEL3DB104,date_time_string,date_time_string,,,ENG,1,RS01SUM1,LJ01B,VEL3D
RS01SUM1-LJ01B-12-VEL3DB104,velocity_offset_a,velocity_offset_a,,,ENG,counts,RS01SUM1,LJ01B,VEL3D
RS01SUM1-LJ01B-12-VEL3DB104,velocity_offset_b,velocity_offset_b,,,ENG,counts,RS01SUM1,LJ01B,VEL3D
RS01SUM1-LJ01B-12-VEL3DB104,velocity_offset_c,velocity_offset_c,,,ENG,counts,RS01SUM1,LJ01B,VEL3D
RS01SUM1-LJ01B-12-VEL3DB104,velocity_offset_d,velocity_offset_d,,,ENG,counts,RS01SUM1,LJ01B,VEL3D
RS01SUM1-LJ01B-12-VEL3DB104,compass_offset_0,compass_offset_0,,,ENG,1,RS01SUM1,LJ01B,VEL3D
RS01SUM1-LJ01B-12-VEL3DB104,compass_offset_1,compass_offset_1,,,ENG,1,RS01SUM1,LJ01B,VEL3D
RS01SUM1-LJ01B-12-VEL3DB104,compass_offset_2,compass_offset_2,,,ENG,1,RS01SUM1,LJ01B,VEL3D
RS01SUM1-LJ01B-12-VEL3DB104,compass_scale_factor_0,compass_scale_factor_0,,,ENG,1,RS01SUM1,LJ01B,VEL3D
RS01SUM1-LJ01B-12-VEL3DB104,compass_scale_factor_1,compass_scale_factor_1,,,ENG,1,RS01SUM1,LJ01B,VEL3D
RS01SUM1-LJ01B-12-VEL3DB104,compass_scale_factor_2,compass_scale_factor_2,,,ENG,1,RS01SUM1,LJ01B,VEL3D
RS01SUM1-LJ01B-12-VEL3DB104,tilt_offset_pitch,tilt_offset_pitch,,,ENG,mV,RS01SUM1,LJ01B,VEL3D
RS01SUM1-LJ01B-12-VEL3DB104,tilt_offset_roll,tilt_offset_roll,,,ENG,mV,RS01SUM1,LJ01B,VEL3D
RS01SUM1-LJ01B-12-VEL3DB104,burst_interval_days,burst_interval_days,,,ENG,d,RS01SUM1,LJ01B,VEL3D
RS01SUM1-LJ01B-12-VEL3DB104,burst_interval_hours,burst_interval_hours,,,ENG,h,RS01SUM1,LJ01B,VEL3D
RS01SUM1-LJ01B-12-VEL3DB104,burst_interval_minutes,burst_interval_minutes,,,ENG,min,RS01SUM1,LJ01B,VEL3D
RS01SUM1-LJ01B-12-VEL3DB104,burst_interval_seconds,burst_interval_seconds,,,ENG,s,RS01SUM1,LJ01B,VEL3D
RS01SUM2-MJ01B-00-FLOBNA101-C,,,,,AUX,,RS01SUM2,MJ01B,FLOBN
RS01SUM2-MJ01B-00-OSMOIA101,,,,,,,RS01SUM2,MJ01B,OSMOI
RS01SUM2-MJ01B-05-CAMDSB103,,,,,,,RS01SUM2,MJ01B,CAMDS
RS01SUM2-MJ01B-05-CAMDSB103,port_timestamp,port_timestamp,,,,seconds since 1900-01-01,RS01SUM2,MJ01B,CAMDS
RS01SUM2-MJ01B-05-CAMDSB103,driver_timestamp,driver_timestamp,,,,seconds since 1900-01-01,RS01SUM2,MJ01B,CAMDS
RS01SUM2-MJ01B-05-CAMDSB103,internal_timestamp,internal_timestamp,,,,seconds since 1900-01-01,RS01SUM2,MJ01B,CAMDS
RS01SUM2-MJ01B-05-CAMDSB103,preferred_timestamp,preferred_timestamp,,,,1,RS01SUM2,MJ01B,CAMDS
RS01SUM2-MJ01B-05-CAMDSB103,camds_pan_position,camds_pan_position,,,,degrees,RS01SUM2,MJ01B,CAMDS
RS01SUM2-MJ01B-05-CAMDSB103,camds_tilt_position,camds_tilt_position,,,,degrees,RS01SUM2,MJ01B,CAMDS
RS01SUM2-MJ01B-05-CAMDSB103,camds_focus_position,camds_focus_position,,,,1,RS01SUM2,MJ01B,CAMDS
RS01SUM2-MJ01B-05-CAMDSB103,camds_zoom_position,camds_zoom_position,,,,1,RS01SUM2,MJ01B,CAMDS
RS01SUM2-MJ01B-05-CAMDSB103,camds_iris_position,camds_iris_position,,,,1,RS01SUM2,MJ01B,CAMDS
RS01SUM2-MJ01B-05-CAMDSB103,camds_gain,camds_gain,,,,1,RS01SUM2,MJ01B,CAMDS
RS01SUM2-MJ01B-05-CAMDSB103,camds_resolution,camds_resolution,,,,1,RS01SUM2,MJ01B,CAMDS
RS01SUM2-MJ01B-05-CAMDSB103,camds_brightness,camds_brightness,,,,1,RS01SUM2,MJ01B,CAMDS
RS01SUM2-MJ01B-05-CAMDSB103,camds_temp,camds_temp,,,,DegreesC,RS01SUM2,MJ01B,CAMDS
RS01SUM2-MJ01B-05-CAMDSB103,camds_humidity,camds_humidity,,,,percent,RS01SUM2,MJ01B,CAMDS
RS01SUM2-MJ01B-05-CAMDSB103,camds_error,camds_error,,,,1,RS01SUM2,MJ01B,CAMDS
RS01SUM2-MJ01B-05-CAMDSB103,camds_disk_size,camds_disk_size,,,,MB,RS01SUM2,MJ01B,CAMDS
RS01SUM2-MJ01B-05-CAMDSB103,camds_disk_remaining,camds_disk_remaining,,,,%,RS01SUM2,MJ01B,CAMDS
RS01SUM2-MJ01B-05-CAMDSB103,camds_images_remaining,camds_images_remaining,,,,counts,RS01SUM2,MJ01B,CAMDS
RS01SUM2-MJ01B-05-CAMDSB103,camds_images_on_disk,camds_images_on_disk,,,,counts,RS01SUM2,MJ01B,CAMDS
RS01SUM2-MJ01B-05-CAMDSB103,raw,raw,,,,,RS01SUM2,MJ01B,CAMDS
RS01SUM2-MJ01B-05-CAMDSB103,time,time,,,,seconds since 1900-01-01,RS01SUM2,MJ01B,CAMDS
RS01SUM2-MJ01B-05-CAMDSB103,ingestion_timestamp,ingestion_timestamp,,,,seconds since 1900-01-01,RS01SUM2,MJ01B,CAMDS
RS01SUM2-MJ01B-06-MASSPA101,,,,,,,RS01SUM2,MJ01B,MASSP
RS01SUM2-MJ01B-06-MASSPA101,port_timestamp,port_timestamp,,,,seconds since 1900-01-01,RS01SUM2,MJ01B,MASSP
RS01SUM2-MJ01B-06-MASSPA101,driver_timestamp,driver_timestamp,,,,seconds since 1900-01-01,RS01SUM2,MJ01B,MASSP
RS01SUM2-MJ01B-06-MASSPA101,internal_timestamp,internal_timestamp,,,,seconds since 1900-01-01,RS01SUM2,MJ01B,MASSP
RS01SUM2-MJ01B-06-MASSPA101,massp_rga_current,massp_rga_current,,,,A,RS01SUM2,MJ01B,MASSP
RS01SUM2-MJ01B-06-MASSPA101,massp_turbo_current,massp_turbo_current,,,,A,RS01SUM2,MJ01B,MASSP
RS01SUM2-MJ01B-06-MASSPA101,massp_heater_current,massp_heater_current,,,,A,RS01SUM2,MJ01B,MASSP
RS01SUM2-MJ01B-06-MASSPA101,massp_roughing_current,massp_roughing_current,,,,A,RS01SUM2,MJ01B,MASSP
RS01SUM2-MJ01B-06-MASSPA101,massp_fan_current,massp_fan_current,,,,A,RS01SUM2,MJ01B,MASSP
RS01SUM2-MJ01B-06-MASSPA101,massp_sbe_current,massp_sbe_current,,,,A,RS01SUM2,MJ01B,MASSP
RS01SUM2-MJ01B-06-MASSPA101,massp_converter_24v_main,massp_converter_24v_main,,,,1,RS01SUM2,MJ01B,MASSP
RS01SUM2-MJ01B-06-MASSPA101,massp_converter_12v_main,massp_converter_12v_main,,,,1,RS01SUM2,MJ01B,MASSP
RS01SUM2-MJ01B-06-MASSPA101,massp_converter_24v_sec,massp_converter_24v_sec,,,,1,RS01SUM2,MJ01B,MASSP
RS01SUM2-MJ01B-06-MASSPA101,massp_converter_12v_sec,massp_converter_12v_sec,,,,1,RS01SUM2,MJ01B,MASSP
RS01SUM2-MJ01B-06-MASSPA101,massp_valve_current,massp_valve_current,,,,A,RS01SUM2,MJ01B,MASSP
RS01SUM2-MJ01B-06-MASSPA101,massp_pressure_p1,massp_pressure_p1,,,,kPa,RS01SUM2,MJ01B,MASSP
RS01SUM2-MJ01B-06-MASSPA101,massp_pressure_p2,massp_pressure_p2,,,,kPa,RS01SUM2,MJ01B,MASSP
RS01SUM2-MJ01B-06-MASSPA101,massp_pressure_p3,massp_pressure_p3,,,,kPa,RS01SUM2,MJ01B,MASSP
RS01SUM2-MJ01B-06-MASSPA101,massp_pressure_p4,massp_pressure_p4,,,,kPa,RS01SUM2,MJ01B,MASSP
RS01SUM2-MJ01B-06-MASSPA101,massp_housing_pressure,massp_housing_pressure,,,,kPa,RS01SUM2,MJ01B,MASSP
RS01SUM2-MJ01B-06-MASSPA101,massp_housing_humidity,massp_housing_humidity,,,,%,RS01SUM2,MJ01B,MASSP
RS01SUM2-MJ01B-06-MASSPA101,massp_temp_main_control,massp_temp_main_control,,,,degrees C,RS01SUM2,MJ01B,MASSP
RS01SUM2-MJ01B-06-MASSPA101,massp_temp_main_rough,massp_temp_main_rough,,,,degrees C,RS01SUM2,MJ01B,MASSP
RS01SUM2-MJ01B-06-MASSPA101,massp_temp_sec_rough,massp_temp_sec_rough,,,,degrees C,RS01SUM2,MJ01B,MASSP
RS01SUM2-MJ01B-06-MASSPA101,massp_temp_main_24v,massp_temp_main_24v,,,,degrees C,RS01SUM2,MJ01B,MASSP
RS01SUM2-MJ01B-06-MASSPA101,massp_temp_sec_24v,massp_temp_sec_24v,,,,degrees C,RS01SUM2,MJ01B,MASSP
RS01SUM2-MJ01B-06-MASSPA101,massp_temp_analyzer,massp_temp_analyzer,,,,degrees C,RS01SUM2,MJ01B,MASSP
RS01SUM2-MJ01B-06-MASSPA101,massp_temp_nafion,massp_temp_nafion,,,,degrees C,RS01SUM2,MJ01B,MASSP
RS01SUM2-MJ01B-06-MASSPA101,massp_temp_ion,massp_temp_ion,,,,degrees C,RS01SUM2,MJ01B,MASSP
RS01SUM2-MJ01B-06-MASSPA101,massp_ph_meter_value,massp_ph_meter_value,,,,1,RS01SUM2,MJ01B,MASSP
RS01SUM2-MJ01B-06-MASSPA101,massp_inlet_temp_value,massp_inlet_temp_value,,,,degrees C,RS01SUM2,MJ01B,MASSP
RS01SUM2-MJ01B-06-MASSPA101,massp_ph_meter_status,massp_ph_meter_status,,,,1,RS01SUM2,MJ01B,MASSP
RS01SUM2-MJ01B-06-MASSPA101,massp_inlet_temp_status,massp_inlet_temp_status,,,,1,RS01SUM2,MJ01B,MASSP
RS01SUM2-MJ01B-06-MASSPA101,massp_power_relay_turbo,massp_power_relay_turbo,,,,1,RS01SUM2,MJ01B,MASSP
RS01SUM2-MJ01B-06-MASSPA101,massp_power_relay_rga,massp_power_relay_rga,,,,1,RS01SUM2,MJ01B,MASSP
RS01SUM2-MJ01B-06-MASSPA101,massp_power_relay_main_rough,massp_power_relay_main_rough,,,,1,RS01SUM2,MJ01B,MASSP
RS01SUM2-MJ01B-06-MASSPA101,massp_power_relay_sec_rough,massp_power_relay_sec_rough,,,,1,RS01SUM2,MJ01B,MASSP
RS01SUM2-MJ01B-06-MASSPA101,massp_power_relay_fan1,massp_power_relay_fan1,,,,1,RS01SUM2,MJ01B,MASSP
RS01SUM2-MJ01B-06-MASSPA101,massp_power_relay_fan2,massp_power_relay_fan2,,,,1,RS01SUM2,MJ01B,MASSP
RS01SUM2-MJ01B-06-MASSPA101,massp_power_relay_fan3,massp_power_relay_fan3,,,,1,RS01SUM2,MJ01B,MASSP
RS01SUM2-MJ01B-06-MASSPA101,massp_power_relay_fan4,massp_power_relay_fan4,,,,1,RS01SUM2,MJ01B,MASSP
RS01SUM2-MJ01B-06-MASSPA101,massp_power_relay_aux2,massp_power_relay_aux2,,,,1,RS01SUM2,MJ01B,MASSP
RS01SUM2-MJ01B-06-MASSPA101,massp_power_relay_ph,massp_power_relay_ph,,,,1,RS01SUM2,MJ01B,MASSP
RS01SUM2-MJ01B-06-MASSPA101,massp_power_relay_pump,massp_power_relay_pump,,,,1,RS01SUM2,MJ01B,MASSP
RS01SUM2-MJ01B-06-MASSPA101,massp_power_relay_heaters,massp_power_relay_heaters,,,,1,RS01SUM2,MJ01B,MASSP
RS01SUM2-MJ01B-06-MASSPA101,massp_power_relay_aux1,massp_power_relay_aux1,,,,1,RS01SUM2,MJ01B,MASSP
RS01SUM2-MJ01B-06-MASSPA101,massp_sample_valve1,massp_sample_valve1,,,,1,RS01SUM2,MJ01B,MASSP
RS01SUM2-MJ01B-06-MASSPA101,massp_sample_valve2,massp_sample_valve2,,,,1,RS01SUM2,MJ01B,MASSP
RS01SUM2-MJ01B-06-MASSPA101,massp_sample_valve3,massp_sample_valve3,,,,1,RS01SUM2,MJ01B,MASSP
RS01SUM2-MJ01B-06-MASSPA101,massp_sample_valve4,massp_sample_valve4,,,,1,RS01SUM2,MJ01B,MASSP
RS01SUM2-MJ01B-06-MASSPA101,massp_ground_relay_status,massp_ground_relay_status,,,,1,RS01SUM2,MJ01B,MASSP
RS01SUM2-MJ01B-06-MASSPA101,massp_external_valve1_status,massp_external_valve1_status,,,,1,RS01SUM2,MJ01B,MASSP
RS01SUM2-MJ01B-06-MASSPA101,massp_external_valve2_status,massp_external_valve2_status,,,,1,RS01SUM2,MJ01B,MASSP
RS01SUM2-MJ01B-06-MASSPA101,massp_external_valve3_status,massp_external_valve3_status,,,,1,RS01SUM2,MJ01B,MASSP
RS01SUM2-MJ01B-06-MASSPA101,massp_external_valve4_status,massp_external_valve4_status,,,,1,RS01SUM2,MJ01B,MASSP
RS01SUM2-MJ01B-06-MASSPA101,massp_cal_bag1_minutes,massp_cal_bag1_minutes,,,,minutes,RS01SUM2,MJ01B,MASSP
RS01SUM2-MJ01B-06-MASSPA101,massp_cal_bag2_minutes,massp_cal_bag2_minutes,,,,minutes,RS01SUM2,MJ01B,MASSP
RS01SUM2-MJ01B-06-MASSPA101,massp_cal_bag3_minutes,massp_cal_bag3_minutes,,,,minutes,RS01SUM2,MJ01B,MASSP
RS01SUM2-MJ01B-06-MASSPA101,massp_nafion_heater_status,massp_nafion_heater_status,,,,1,RS01SUM2,MJ01B,MASSP
RS01SUM2-MJ01B-06-MASSPA101,massp_nafion_heater1_power,massp_nafion_heater1_power,,,,1,RS01SUM2,MJ01B,MASSP
RS01SUM2-MJ01B-06-MASSPA101,massp_nafion_heater2_power,massp_nafion_heater2_power,,,,1,RS01SUM2,MJ01B,MASSP
RS01SUM2-MJ01B-06-MASSPA101,massp_nafion_core_temp,massp_nafion_core_temp,,,,degress C,RS01SUM2,MJ01B,MASSP
RS01SUM2-MJ01B-06-MASSPA101,massp_nafion_elapsed_time,massp_nafion_elapsed_time,,,,seconds,RS01SUM2,MJ01B,MASSP
RS01SUM2-MJ01B-06-MASSPA101,massp_ion_chamber_heater_status,massp_ion_chamber_heater_status,,,,1,RS01SUM2,MJ01B,MASSP
RS01SUM2-MJ01B-06-MASSPA101,massp_ion_chamber_heater1_status,massp_ion_chamber_heater1_status,,,,1,RS01SUM2,MJ01B,MASSP
RS01SUM2-MJ01B-06-MASSPA101,massp_ion_chamber_heater2_status,massp_ion_chamber_heater2_status,,,,1,RS01SUM2,MJ01B,MASSP
RS01SUM2-MJ01B-06-MASSPA101,massp_turbo_drive_current,massp_turbo_drive_current,,,,cA,RS01SUM2,MJ01B,MASSP
RS01SUM2-MJ01B-06-MASSPA101,massp_turbo_drive_voltage,massp_turbo_drive_voltage,,,,cV,RS01SUM2,MJ01B,MASSP
RS01SUM2-MJ01B-06-MASSPA101,massp_turbo_bearing_temperature,massp_turbo_bearing_temperature,,,,degrees C,RS01SUM2,MJ01B,MASSP
RS01SUM2-MJ01B-06-MASSPA101,massp_turbo_motor_temperature,massp_turbo_motor_temperature,,,,degrees C,RS01SUM2,MJ01B,MASSP
RS01SUM2-MJ01B-06-MASSPA101,massp_turbo_rotation_speed,massp_turbo_rotation_speed,,,,rpm,RS01SUM2,MJ01B,MASSP
RS01SUM2-MJ01B-06-MASSPA101,massp_rga_device_id,massp_rga_device_id,,,,1,RS01SUM2,MJ01B,MASSP
RS01SUM2-MJ01B-06-MASSPA101,massp_rga_electron_energy,massp_rga_electron_energy,,,,eV,RS01SUM2,MJ01B,MASSP
RS01SUM2-MJ01B-06-MASSPA101,massp_rga_ion_energy,massp_rga_ion_energy,,,,1,RS01SUM2,MJ01B,MASSP
RS01SUM2-MJ01B-06-MASSPA101,massp_rga_focus_voltage,massp_rga_focus_voltage,,,,V,RS01SUM2,MJ01B,MASSP
RS01SUM2-MJ01B-06-MASSPA101,massp_rga_filament_emission_set,massp_rga_filament_emission_set,,,,mA,RS01SUM2,MJ01B,MASSP
RS01SUM2-MJ01B-06-MASSPA101,massp_rga_filament_emission_actual,massp_rga_filament_emission_actual,,,,mA,RS01SUM2,MJ01B,MASSP
RS01SUM2-MJ01B-06-MASSPA101,massp_rga_high_voltage_cdem,massp_rga_high_voltage_cdem,,,,V,RS01SUM2,MJ01B,MASSP
RS01SUM2-MJ01B-06-MASSPA101,massp_rga_noise_floor,massp_rga_noise_floor,,,,1,RS01SUM2,MJ01B,MASSP
RS01SUM2-MJ01B-06-MASSPA101,massp_rga_error_status,massp_rga_error_status,,,,1,RS01SUM2,MJ01B,MASSP
RS01SUM2-MJ01B-06-MASSPA101,massp_rga_steps_per_amu,massp_rga_steps_per_amu,,,,count,RS01SUM2,MJ01B,MASSP
RS01SUM2-MJ01B-06-MASSPA101,massp_rga_initial_mass,massp_rga_initial_mass,,,,amu,RS01SUM2,MJ01B,MASSP
RS01SUM2-MJ01B-06-MASSPA101,massp_rga_final_mass,massp_rga_final_mass,,,,amu,RS01SUM2,MJ01B,MASSP
RS01SUM2-MJ01B-06-MASSPA101,massp_rga_readings_per_scan,massp_rga_readings_per_scan,,,,count,RS01SUM2,MJ01B,MASSP
RS01SUM2-MJ01B-06-MASSPA101,massp_scan_data,massp_scan_data,,,,10e-16 Amps,RS01SUM2,MJ01B,MASSP
RS01SUM2-MJ01B-06-MASSPA101,time,time,,,,seconds since 1900-01-01,RS01SUM2,MJ01B,MASSP
RS01SUM2-MJ01B-06-MASSPA101,ingestion_timestamp,ingestion_timestamp,,,,seconds since 1900-01-01,RS01SUM2,MJ01B,MASSP
RS01SUM2-MJ01B-12-ADCPSK101,port_timestamp,port_timestamp,,,,seconds since 1900-01-01,RS01SUM2,MJ01B,ADCPS
RS01SUM2-MJ01B-12-ADCPSK101,driver_timestamp,driver_timestamp,,,,seconds since 1900-01-01,RS01SUM2,MJ01B,ADCPS
RS01SUM2-MJ01B-12-ADCPSK101,internal_timestamp,internal_timestamp,,,,seconds since 1900-01-01,RS01SUM2,MJ01B,ADCPS
RS01SUM2-MJ01B-12-ADCPSK101,preferred_timestamp,preferred_timestamp,,,,1,RS01SUM2,MJ01B,ADCPS
RS01SUM2-MJ01B-12-ADCPSK101,preferred_timestamp,preferred_timestamp,,,AUX,1,RS01SUM2,MJ01B,ADCPS
RS01SUM2-MJ01B-12-ADCPSK101,adcp_ambient_temp,adcp_ambient_temp,,,,deg_C,RS01SUM2,MJ01B,ADCPS
RS01SUM2-MJ01B-12-ADCPSK101,adcp_attitude_temp,adcp_attitude_temp,,,,deg_C,RS01SUM2,MJ01B,ADCPS
RS01SUM2-MJ01B-12-ADCPSK101,adcp_internal_moisture,adcp_internal_moisture,,,,1,RS01SUM2,MJ01B,ADCPS
RS01SUM2-MJ01B-12-ADCPSK101,adcp_transmit_current,adcp_transmit_current,,,,Amps,RS01SUM2,MJ01B,ADCPS
RS01SUM2-MJ01B-12-ADCPSK101,adcp_transmit_voltage,adcp_transmit_voltage,,,,V,RS01SUM2,MJ01B,ADCPS
RS01SUM2-MJ01B-12-ADCPSK101,adcp_transmit_impedance,adcp_transmit_impedance,,,,Ohms,RS01SUM2,MJ01B,ADCPS
RS01SUM2-MJ01B-12-ADCPSK101,adcp_transmit_test_results,adcp_transmit_test_results,,,,1,RS01SUM2,MJ01B,ADCPS
RS01SUM2-MJ01B-12-ADCPSK101,corrected_echo_intensity_beam1,corrected_echo_intensity_beam1,0,255,L1,dB,RS01SUM2,MJ01B,ADCPS
RS01SUM2-MJ01B-12-ADCPSK101,corrected_echo_intensity_beam2,corrected_echo_intensity_beam2,0,255,L1,dB,RS01SUM2,MJ01B,ADCPS
RS01SUM2-MJ01B-12-ADCPSK101,corrected_echo_intensity_beam3,corrected_echo_intensity_beam3,0,255,L1,dB,RS01SUM2,MJ01B,ADCPS
RS01SUM2-MJ01B-12-ADCPSK101,corrected_echo_intensity_beam4,corrected_echo_intensity_beam4,0,255,L1,dB,RS01SUM2,MJ01B,ADCPS
RS01SUM2-MJ01B-12-ADCPSK101,serial_number,serial_number,,,,1,RS01SUM2,MJ01B,ADCPS
RS01SUM2-MJ01B-12-ADCPSK101,header_id,header_id,,,,1,RS01SUM2,MJ01B,ADCPS
RS01SUM2-MJ01B-12-ADCPSK101,data_source_id,data_source_id,,,,1,RS01SUM2,MJ01B,ADCPS
RS01SUM2-MJ01B-12-ADCPSK101,num_bytes,num_bytes,,,,1,RS01SUM2,MJ01B,ADCPS
RS01SUM2-MJ01B-12-ADCPSK101,num_data_types,num_data_types,,,,1,RS01SUM2,MJ01B,ADCPS
RS01SUM2-MJ01B-12-ADCPSK101,offset_data_types,offset_data_types,,,,1,RS01SUM2,MJ01B,ADCPS
RS01SUM2-MJ01B-12-ADCPSK101,fixed_leader_id,fixed_leader_id,,,,1,RS01SUM2,MJ01B,ADCPS
RS01SUM2-MJ01B-12-ADCPSK101,firmware_version,firmware_version,,,,1,RS01SUM2,MJ01B,ADCPS
RS01SUM2-MJ01B-12-ADCPSK101,firmware_revision,firmware_revision,,,,1,RS01SUM2,MJ01B,ADCPS
RS01SUM2-MJ01B-12-ADCPSK101,sysconfig_frequency,sysconfig_frequency,,,,kHz,RS01SUM2,MJ01B,ADCPS
RS01SUM2-MJ01B-12-ADCPSK101,sysconfig_beam_pattern,sysconfig_beam_pattern,,,,1,RS01SUM2,MJ01B,ADCPS
RS01SUM2-MJ01B-12-ADCPSK101,sysconfig_sensor_config,sysconfig_sensor_config,,,,1,RS01SUM2,MJ01B,ADCPS
RS01SUM2-MJ01B-12-ADCPSK101,sysconfig_head_attached,sysconfig_head_attached,,,,1,RS01SUM2,MJ01B,ADCPS
RS01SUM2-MJ01B-12-ADCPSK101,sysconfig_vertical_orientation,sysconfig_vertical_orientation,,,,1,RS01SUM2,MJ01B,ADCPS
RS01SUM2-MJ01B-12-ADCPSK101,data_flag,data_flag,,,,1,RS01SUM2,MJ01B,ADCPS
RS01SUM2-MJ01B-12-ADCPSK101,lag_length,lag_length,,,,s,RS01SUM2,MJ01B,ADCPS
RS01SUM2-MJ01B-12-ADCPSK101,num_beams,num_beams,,,,1,RS01SUM2,MJ01B,ADCPS
RS01SUM2-MJ01B-12-ADCPSK101,num_cells,num_cells,,,,1,RS01SUM2,MJ01B,ADCPS
RS01SUM2-MJ01B-12-ADCPSK101,pings_per_ensemble,pings_per_ensemble,,,,1,RS01SUM2,MJ01B,ADCPS
RS01SUM2-MJ01B-12-ADCPSK101,cell_length,cell_length,,,,cm,RS01SUM2,MJ01B,ADCPS
RS01SUM2-MJ01B-12-ADCPSK101,blank_after_transmit,blank_after_transmit,,,,cm,RS01SUM2,MJ01B,ADCPS
RS01SUM2-MJ01B-12-ADCPSK101,signal_processing_mode,signal_processing_mode,,,,1,RS01SUM2,MJ01B,ADCPS
RS01SUM2-MJ01B-12-ADCPSK101,low_corr_threshold,low_corr_threshold,,,,counts,RS01SUM2,MJ01B,ADCPS
RS01SUM2-MJ01B-12-ADCPSK101,num_code_repetitions,num_code_repetitions,,,,counts,RS01SUM2,MJ01B,ADCPS
RS01SUM2-MJ01B-12-ADCPSK101,percent_good_min,percent_good_min,,,,percent,RS01SUM2,MJ01B,ADCPS
RS01SUM2-MJ01B-12-ADCPSK101,error_vel_threshold,error_vel_threshold,,,,mm s-1,RS01SUM2,MJ01B,ADCPS
RS01SUM2-MJ01B-12-ADCPSK101,time_per_ping_minutes,time_per_ping_minutes,,,,min,RS01SUM2,MJ01B,ADCPS
RS01SUM2-MJ01B-12-ADCPSK101,time_per_ping_seconds,time_per_ping_seconds,,,,s,RS01SUM2,MJ01B,ADCPS
RS01SUM2-MJ01B-12-ADCPSK101,coord_transform_type,coord_transform_type,,,,1,RS01SUM2,MJ01B,ADCPS
RS01SUM2-MJ01B-12-ADCPSK101,coord_transform_tilts,coord_transform_tilts,,,,1,RS01SUM2,MJ01B,ADCPS
RS01SUM2-MJ01B-12-ADCPSK101,coord_transform_beams,coord_transform_beams,,,,1,RS01SUM2,MJ01B,ADCPS
RS01SUM2-MJ01B-12-ADCPSK101,coord_transform_mapping,coord_transform_mapping,,,,1,RS01SUM2,MJ01B,ADCPS
RS01SUM2-MJ01B-12-ADCPSK101,heading_alignment,heading_alignment,,,,cdegrees,RS01SUM2,MJ01B,ADCPS
RS01SUM2-MJ01B-12-ADCPSK101,heading_bias,heading_bias,,,,cdegrees,RS01SUM2,MJ01B,ADCPS
RS01SUM2-MJ01B-12-ADCPSK101,sensor_source_speed,sensor_source_speed,,,,1,RS01SUM2,MJ01B,ADCPS
RS01SUM2-MJ01B-12-ADCPSK101,sensor_source_depth,sensor_source_depth,,,,1,RS01SUM2,MJ01B,ADCPS
RS01SUM2-MJ01B-12-ADCPSK101,sensor_source_heading,sensor_source_heading,,,,1,RS01SUM2,MJ01B,ADCPS
RS01SUM2-MJ01B-12-ADCPSK101,sensor_source_pitch,sensor_source_pitch,,,,1,RS01SUM2,MJ01B,ADCPS
RS01SUM2-MJ01B-12-ADCPSK101,sensor_source_roll,sensor_source_roll,,,,1,RS01SUM2,MJ01B,ADCPS
RS01SUM2-MJ01B-12-ADCPSK101,sensor_source_conductivity,sensor_source_conductivity,,,,1,RS01SUM2,MJ01B,ADCPS
RS01SUM2-MJ01B-12-ADCPSK101,sensor_source_temperature,sensor_source_temperature,,,,1,RS01SUM2,MJ01B,ADCPS
RS01SUM2-MJ01B-12-ADCPSK101,sensor_available_depth,sensor_available_depth,,,,1,RS01SUM2,MJ01B,ADCPS
RS01SUM2-MJ01B-12-ADCPSK101,sensor_available_heading,sensor_available_heading,,,,1,RS01SUM2,MJ01B,ADCPS
RS01SUM2-MJ01B-12-ADCPSK101,sensor_available_pitch,sensor_available_pitch,,,,1,RS01SUM2,MJ01B,ADCPS
RS01SUM2-MJ01B-12-ADCPSK101,sensor_available_roll,sensor_available_roll,,,,1,RS01SUM2,MJ01B,ADCPS
RS01SUM2-MJ01B-12-ADCPSK101,sensor_available_conductivity,sensor_available_conductivity,,,,1,RS01SUM2,MJ01B,ADCPS
RS01SUM2-MJ01B-12-ADCPSK101,sensor_available_temperature,sensor_available_temperature,,,,1,RS01SUM2,MJ01B,ADCPS
RS01SUM2-MJ01B-12-ADCPSK101,bin_1_distance,bin_1_distance,,,,cm,RS01SUM2,MJ01B,ADCPS
RS01SUM2-MJ01B-12-ADCPSK101,transmit_pulse_length,transmit_pulse_length,,,,cm,RS01SUM2,MJ01B,ADCPS
RS01SUM2-MJ01B-12-ADCPSK101,reference_layer_start,reference_layer_start,,,,1,RS01SUM2,MJ01B,ADCPS
RS01SUM2-MJ01B-12-ADCPSK101,reference_layer_stop,reference_layer_stop,,,,1,RS01SUM2,MJ01B,ADCPS
RS01SUM2-MJ01B-12-ADCPSK101,false_target_threshold,false_target_threshold,,,,counts,RS01SUM2,MJ01B,ADCPS
RS01SUM2-MJ01B-12-ADCPSK101,low_latency_trigger,low_latency_trigger,,,,1,RS01SUM2,MJ01B,ADCPS
RS01SUM2-MJ01B-12-ADCPSK101,transmit_lag_distance,transmit_lag_distance,,,,cm,RS01SUM2,MJ01B,ADCPS
RS01SUM2-MJ01B-12-ADCPSK101,cpu_board_serial_number,cpu_board_serial_number,,,,1,RS01SUM2,MJ01B,ADCPS
RS01SUM2-MJ01B-12-ADCPSK101,system_bandwidth,system_bandwidth,,,,1,RS01SUM2,MJ01B,ADCPS
RS01SUM2-MJ01B-12-ADCPSK101,system_power,system_power,,,,1,RS01SUM2,MJ01B,ADCPS
RS01SUM2-MJ01B-12-ADCPSK101,beam_angle,beam_angle,,,,degrees,RS01SUM2,MJ01B,ADCPS
RS01SUM2-MJ01B-12-ADCPSK101,variable_leader_id,variable_leader_id,,,,1,RS01SUM2,MJ01B,ADCPS
RS01SUM2-MJ01B-12-ADCPSK101,ensemble_number,ensemble_number,,,,1,RS01SUM2,MJ01B,ADCPS
RS01SUM2-MJ01B-12-ADCPSK101,ensemble_number_increment,ensemble_number_increment,,,,1,RS01SUM2,MJ01B,ADCPS
RS01SUM2-MJ01B-12-ADCPSK101,bit_result_demod_1,bit_result_demod_1,,,,1,RS01SUM2,MJ01B,ADCPS
RS01SUM2-MJ01B-12-ADCPSK101,bit_result_demod_0,bit_result_demod_0,,,,1,RS01SUM2,MJ01B,ADCPS
RS01SUM2-MJ01B-12-ADCPSK101,bit_result_timing,bit_result_timing,,,,1,RS01SUM2,MJ01B,ADCPS
RS01SUM2-MJ01B-12-ADCPSK101,speed_of_sound,speed_of_sound,,,,m s-1,RS01SUM2,MJ01B,ADCPS
RS01SUM2-MJ01B-12-ADCPSK101,transducer_depth,transducer_depth,,,,dm,RS01SUM2,MJ01B,ADCPS
RS01SUM2-MJ01B-12-ADCPSK101,heading,heading,,,,cdegrees,RS01SUM2,MJ01B,ADCPS
RS01SUM2-MJ01B-12-ADCPSK101,pitch,pitch,,,,cdegrees,RS01SUM2,MJ01B,ADCPS
RS01SUM2-MJ01B-12-ADCPSK101,roll,roll,,,,cdegrees,RS01SUM2,MJ01B,ADCPS
RS01SUM2-MJ01B-12-ADCPSK101,salinity,salinity,,,,1,RS01SUM2,MJ01B,ADCPS
RS01SUM2-MJ01B-12-ADCPSK101,temperature,temperature,,,,cdeg_C,RS01SUM2,MJ01B,ADCPS
RS01SUM2-MJ01B-12-ADCPSK101,mpt_minutes,mpt_minutes,,,,min,RS01SUM2,MJ01B,ADCPS
RS01SUM2-MJ01B-12-ADCPSK101,mpt_seconds,mpt_seconds,,,,s,RS01SUM2,MJ01B,ADCPS
RS01SUM2-MJ01B-12-ADCPSK101,heading_stdev,heading_stdev,,,,degrees,RS01SUM2,MJ01B,ADCPS
RS01SUM2-MJ01B-12-ADCPSK101,pitch_stdev,pitch_stdev,,,,ddegrees,RS01SUM2,MJ01B,ADCPS
RS01SUM2-MJ01B-12-ADCPSK101,roll_stdev,roll_stdev,,,,ddegrees,RS01SUM2,MJ01B,ADCPS
RS01SUM2-MJ01B-12-ADCPSK101,adc_transmit_current,adc_transmit_current,,,,counts,RS01SUM2,MJ01B,ADCPS
RS01SUM2-MJ01B-12-ADCPSK101,adc_transmit_voltage,adc_transmit_voltage,,,,counts,RS01SUM2,MJ01B,ADCPS
RS01SUM2-MJ01B-12-ADCPSK101,adc_ambient_temp,adc_ambient_temp,,,,counts,RS01SUM2,MJ01B,ADCPS
RS01SUM2-MJ01B-12-ADCPSK101,adc_pressure_plus,adc_pressure_plus,,,,counts,RS01SUM2,MJ01B,ADCPS
RS01SUM2-MJ01B-12-ADCPSK101,adc_pressure_minus,adc_pressure_minus,,,,counts,RS01SUM2,MJ01B,ADCPS
RS01SUM2-MJ01B-12-ADCPSK101,adc_attitude_temp,adc_attitude_temp,,,,counts,RS01SUM2,MJ01B,ADCPS
RS01SUM2-MJ01B-12-ADCPSK101,adc_attitude,adc_attitude,,,,counts,RS01SUM2,MJ01B,ADCPS
RS01SUM2-MJ01B-12-ADCPSK101,adc_contamination_sensor,adc_contamination_sensor,,,,counts,RS01SUM2,MJ01B,ADCPS
RS01SUM2-MJ01B-12-ADCPSK101,bus_error_exception,bus_error_exception,,,,1,RS01SUM2,MJ01B,ADCPS
RS01SUM2-MJ01B-12-ADCPSK101,address_error_exception,address_error_exception,,,,1,RS01SUM2,MJ01B,ADCPS
RS01SUM2-MJ01B-12-ADCPSK101,illegal_instruction_exception,illegal_instruction_exception,,,,1,RS01SUM2,MJ01B,ADCPS
RS01SUM2-MJ01B-12-ADCPSK101,zero_divide_instruction,zero_divide_instruction,,,,1,RS01SUM2,MJ01B,ADCPS
RS01SUM2-MJ01B-12-ADCPSK101,emulator_exception,emulator_exception,,,,1,RS01SUM2,MJ01B,ADCPS
RS01SUM2-MJ01B-12-ADCPSK101,unassigned_exception,unassigned_exception,,,,1,RS01SUM2,MJ01B,ADCPS
RS01SUM2-MJ01B-12-ADCPSK101,watchdog_restart_occurred,watchdog_restart_occurred,,,,1,RS01SUM2,MJ01B,ADCPS
RS01SUM2-MJ01B-12-ADCPSK101,battery_saver_power,battery_saver_power,,,,1,RS01SUM2,MJ01B,ADCPS
RS01SUM2-MJ01B-12-ADCPSK101,pinging,pinging,,,,1,RS01SUM2,MJ01B,ADCPS
RS01SUM2-MJ01B-12-ADCPSK101,cold_wakeup_occurred,cold_wakeup_occurred,,,,1,RS01SUM2,MJ01B,ADCPS
RS01SUM2-MJ01B-12-ADCPSK101,time,time,,,,seconds since 1900-01-01,RS01SUM2,MJ01B,ADCPS
RS01SUM2-MJ01B-12-ADCPSK101,unknown_wakeup_occurred,unknown_wakeup_occurred,,,,1,RS01SUM2,MJ01B,ADCPS
RS01SUM2-MJ01B-12-ADCPSK101,clock_read_error,clock_read_error,,,,1,RS01SUM2,MJ01B,ADCPS
RS01SUM2-MJ01B-12-ADCPSK101,unexpected_alarm,unexpected_alarm,,,,1,RS01SUM2,MJ01B,ADCPS
RS01SUM2-MJ01B-12-ADCPSK101,clock_jump_forward,clock_jump_forward,,,,1,RS01SUM2,MJ01B,ADCPS
RS01SUM2-MJ01B-12-ADCPSK101,clock_jump_backward,clock_jump_backward,,,,1,RS01SUM2,MJ01B,ADCPS
RS01SUM2-MJ01B-12-ADCPSK101,power_fail,power_fail,,,,1,RS01SUM2,MJ01B,ADCPS
RS01SUM2-MJ01B-12-ADCPSK101,spurious_dsp_interrupt,spurious_dsp_interrupt,,,,1,RS01SUM2,MJ01B,ADCPS
RS01SUM2-MJ01B-12-ADCPSK101,spurious_uart_interrupt,spurious_uart_interrupt,,,,1,RS01SUM2,MJ01B,ADCPS
RS01SUM2-MJ01B-12-ADCPSK101,spurious_clock_interrupt,spurious_clock_interrupt,,,,1,RS01SUM2,MJ01B,ADCPS
RS01SUM2-MJ01B-12-ADCPSK101,level_7_interrupt,level_7_interrupt,,,,1,RS01SUM2,MJ01B,ADCPS
RS01SUM2-MJ01B-12-ADCPSK101,pressure,pressure,,,,daPa,RS01SUM2,MJ01B,ADCPS
RS01SUM2-MJ01B-12-ADCPSK101,pressure_variance,pressure_variance,,,,daPa,RS01SUM2,MJ01B,ADCPS
RS01SUM2-MJ01B-12-ADCPSK101,velocity_data_id,velocity_data_id,,,,1,RS01SUM2,MJ01B,ADCPS
RS01SUM2-MJ01B-12-ADCPSK101,water_velocity_east,water_velocity_east,,,L0,mm s-1,RS01SUM2,MJ01B,ADCPS
RS01SUM2-MJ01B-12-ADCPSK101,water_velocity_north,water_velocity_north,,,L0,mm s-1,RS01SUM2,MJ01B,ADCPS
RS01SUM2-MJ01B-12-ADCPSK101,water_velocity_up,water_velocity_up,,,L0,mm s-1,RS01SUM2,MJ01B,ADCPS
RS01SUM2-MJ01B-12-ADCPSK101,error_velocity,error_velocity,,,L0,mm s-1,RS01SUM2,MJ01B,ADCPS
RS01SUM2-MJ01B-12-ADCPSK101,correlation_magnitude_id,correlation_magnitude_id,,,,1,RS01SUM2,MJ01B,ADCPS
RS01SUM2-MJ01B-12-ADCPSK101,correlation_magnitude_beam1,correlation_magnitude_beam1,,,,1,RS01SUM2,MJ01B,ADCPS
RS01SUM2-MJ01B-12-ADCPSK101,correlation_magnitude_beam2,correlation_magnitude_beam2,,,,1,RS01SUM2,MJ01B,ADCPS
RS01SUM2-MJ01B-12-ADCPSK101,correlation_magnitude_beam3,correlation_magnitude_beam3,,,,1,RS01SUM2,MJ01B,ADCPS
RS01SUM2-MJ01B-12-ADCPSK101,correlation_magnitude_beam4,correlation_magnitude_beam4,,,,1,RS01SUM2,MJ01B,ADCPS
RS01SUM2-MJ01B-12-ADCPSK101,echo_intensity_id,echo_intensity_id,,,,1,RS01SUM2,MJ01B,ADCPS
RS01SUM2-MJ01B-12-ADCPSK101,echo_intensity_beam1,echo_intensity_beam1,,,L0,counts,RS01SUM2,MJ01B,ADCPS
RS01SUM2-MJ01B-12-ADCPSK101,echo_intensity_beam2,echo_intensity_beam2,,,L0,counts,RS01SUM2,MJ01B,ADCPS
RS01SUM2-MJ01B-12-ADCPSK101,echo_intensity_beam3,echo_intensity_beam3,,,L0,counts,RS01SUM2,MJ01B,ADCPS
RS01SUM2-MJ01B-12-ADCPSK101,echo_intensity_beam4,echo_intensity_beam4,,,L0,counts,RS01SUM2,MJ01B,ADCPS
RS01SUM2-MJ01B-12-ADCPSK101,percent_good_id,percent_good_id,,,,1,RS01SUM2,MJ01B,ADCPS
RS01SUM2-MJ01B-12-ADCPSK101,percent_good_3beam,percent_good_3beam,,,,percent,RS01SUM2,MJ01B,ADCPS
RS01SUM2-MJ01B-12-ADCPSK101,percent_transforms_reject,percent_transforms_reject,,,,percent,RS01SUM2,MJ01B,ADCPS
RS01SUM2-MJ01B-12-ADCPSK101,percent_bad_beams,percent_bad_beams,,,,percent,RS01SUM2,MJ01B,ADCPS
RS01SUM2-MJ01B-12-ADCPSK101,percent_good_4beam,percent_good_4beam,,,,percent,RS01SUM2,MJ01B,ADCPS
RS01SUM2-MJ01B-12-ADCPSK101,checksum,checksum,,,,1,RS01SUM2,MJ01B,ADCPS
RS01SUM2-MJ01B-12-ADCPSK101,ensemble_start_time,ensemble_start_time,,,,seconds since 1900-01-01,RS01SUM2,MJ01B,ADCPS
RS01SUM2-MJ01B-12-ADCPSK101,fluxgate_calibration_timestamp,fluxgate_calibration_timestamp,,,,seconds since 1900-01-01,RS01SUM2,MJ01B,ADCPS
RS01SUM2-MJ01B-12-ADCPSK101,s_inverse_bx,s_inverse_bx,,,,1,RS01SUM2,MJ01B,ADCPS
RS01SUM2-MJ01B-12-ADCPSK101,s_inverse_by,s_inverse_by,,,,1,RS01SUM2,MJ01B,ADCPS
RS01SUM2-MJ01B-12-ADCPSK101,s_inverse_bz,s_inverse_bz,,,,1,RS01SUM2,MJ01B,ADCPS
RS01SUM2-MJ01B-12-ADCPSK101,s_inverse_err,s_inverse_err,,,,1,RS01SUM2,MJ01B,ADCPS
RS01SUM2-MJ01B-12-ADCPSK101,coil_offset,coil_offset,,,,1,RS01SUM2,MJ01B,ADCPS
RS01SUM2-MJ01B-12-ADCPSK101,electrical_null,electrical_null,,,,1,RS01SUM2,MJ01B,ADCPS
RS01SUM2-MJ01B-12-ADCPSK101,tilt_calibration_timestamp,tilt_calibration_timestamp,,,,seconds since 1900-01-01,RS01SUM2,MJ01B,ADCPS
RS01SUM2-MJ01B-12-ADCPSK101,roll_up_down,roll_up_down,,,,1,RS01SUM2,MJ01B,ADCPS
RS01SUM2-MJ01B-12-ADCPSK101,pitch_up_down,pitch_up_down,,,,1,RS01SUM2,MJ01B,ADCPS
RS01SUM2-MJ01B-12-ADCPSK101,offset_up_down,offset_up_down,,,,1,RS01SUM2,MJ01B,ADCPS
RS01SUM2-MJ01B-12-ADCPSK101,tilt_null,tilt_null,,,,1,RS01SUM2,MJ01B,ADCPS
RS01SUM2-MJ01B-12-ADCPSK101,transducer_frequency,transducer_frequency,,,,Hz,RS01SUM2,MJ01B,ADCPS
RS01SUM2-MJ01B-12-ADCPSK101,configuration,configuration,,,,1,RS01SUM2,MJ01B,ADCPS
RS01SUM2-MJ01B-12-ADCPSK101,match_layer,match_layer,,,,1,RS01SUM2,MJ01B,ADCPS
RS01SUM2-MJ01B-12-ADCPSK101,beam_pattern,beam_pattern,,,,1,RS01SUM2,MJ01B,ADCPS
RS01SUM2-MJ01B-12-ADCPSK101,orientation,orientation,,,,1,RS01SUM2,MJ01B,ADCPS
RS01SUM2-MJ01B-12-ADCPSK101,sensors,sensors,,,,1,RS01SUM2,MJ01B,ADCPS
RS01SUM2-MJ01B-12-ADCPSK101,pressure_coeff_c3,pressure_coeff_c3,,,,1,RS01SUM2,MJ01B,ADCPS
RS01SUM2-MJ01B-12-ADCPSK101,pressure_coeff_c2,pressure_coeff_c2,,,,1,RS01SUM2,MJ01B,ADCPS
RS01SUM2-MJ01B-12-ADCPSK101,pressure_coeff_c1,pressure_coeff_c1,,,,1,RS01SUM2,MJ01B,ADCPS
RS01SUM2-MJ01B-12-ADCPSK101,pressure_coeff_offset,pressure_coeff_offset,,,,1,RS01SUM2,MJ01B,ADCPS
RS01SUM2-MJ01B-12-ADCPSK101,temperature_sensor_offset,temperature_sensor_offset,,,,deg_C,RS01SUM2,MJ01B,ADCPS
RS01SUM2-MJ01B-12-ADCPSK101,cpu_firmware,cpu_firmware,,,,1,RS01SUM2,MJ01B,ADCPS
RS01SUM2-MJ01B-12-ADCPSK101,boot_code_required,boot_code_required,,,,1,RS01SUM2,MJ01B,ADCPS
RS01SUM2-MJ01B-12-ADCPSK101,boot_code_actual,boot_code_actual,,,,1,RS01SUM2,MJ01B,ADCPS
RS01SUM2-MJ01B-12-ADCPSK101,demod_1_version,demod_1_version,,,,1,RS01SUM2,MJ01B,ADCPS
RS01SUM2-MJ01B-12-ADCPSK101,demod_1_type,demod_1_type,,,,1,RS01SUM2,MJ01B,ADCPS
RS01SUM2-MJ01B-12-ADCPSK101,demod_2_version,demod_2_version,,,,1,RS01SUM2,MJ01B,ADCPS
RS01SUM2-MJ01B-12-ADCPSK101,demod_2_type,demod_2_type,,,,1,RS01SUM2,MJ01B,ADCPS
RS01SUM2-MJ01B-12-ADCPSK101,power_timing_version,power_timing_version,,,,1,RS01SUM2,MJ01B,ADCPS
RS01SUM2-MJ01B-12-ADCPSK101,power_timing_type,power_timing_type,,,,1,RS01SUM2,MJ01B,ADCPS
RS01SUM2-MJ01B-12-ADCPSK101,board_serial_numbers,board_serial_numbers,,,,1,RS01SUM2,MJ01B,ADCPS
RS01SUM2-MJ01B-12-ADCPSK101,beam_1_velocity,beam_1_velocity,,,L0,mm s-1,RS01SUM2,MJ01B,ADCPS
RS01SUM2-MJ01B-12-ADCPSK101,beam_2_velocity,beam_2_velocity,,,L0,mm s-1,RS01SUM2,MJ01B,ADCPS
RS01SUM2-MJ01B-12-ADCPSK101,beam_3_velocity,beam_3_velocity,,,L0,mm s-1,RS01SUM2,MJ01B,ADCPS
RS01SUM2-MJ01B-12-ADCPSK101,beam_4_velocity,beam_4_velocity,,,L0,mm s-1,RS01SUM2,MJ01B,ADCPS
RS01SUM2-MJ01B-12-ADCPSK101,percent_good_beam1,percent_good_beam1,,,,percent,RS01SUM2,MJ01B,ADCPS
RS01SUM2-MJ01B-12-ADCPSK101,percent_good_beam2,percent_good_beam2,,,,percent,RS01SUM2,MJ01B,ADCPS
RS01SUM2-MJ01B-12-ADCPSK101,percent_good_beam3,percent_good_beam3,,,,percent,RS01SUM2,MJ01B,ADCPS
RS01SUM2-MJ01B-12-ADCPSK101,percent_good_beam4,percent_good_beam4,,,,percent,RS01SUM2,MJ01B,ADCPS
RS01SUM2-MJ01B-12-ADCPSK101,real_time_clock,real_time_clock,,,,1,RS01SUM2,MJ01B,ADCPS
RS01SUM2-MJ01B-12-ADCPSK101,calibration_temp,calibration_temp,,,,deg_C,RS01SUM2,MJ01B,ADCPS
RS01SUM2-MJ01B-12-ADCPSK101,eastward_beam_seawater_velocity,eastward_beam_seawater_velocity,-3,3,L1,m s-1,RS01SUM2,MJ01B,ADCPS
RS01SUM2-MJ01B-12-ADCPSK101,northward_beam_seawater_velocity,northward_beam_seawater_velocity,-3,3,L1,m s-1,RS01SUM2,MJ01B,ADCPS
RS01SUM2-MJ01B-12-ADCPSK101,upward_seawater_velocity,upward_seawater_velocity,-1,1,L1,m s-1,RS01SUM2,MJ01B,ADCPS
RS01SUM2-MJ01B-12-ADCPSK101,beam_error_velocity,beam_error_velocity,-1,1,L1,m s-1,RS01SUM2,MJ01B,ADCPS
RS03ASHS-ID03A-01-CAMHDA301,,,,,,,RS03ASHS,ID03A,CAMHD
RS03ASHS-ID03A-01-CAMHDA301,port_timestamp,port_timestamp,,,ENG,seconds since 1900-01-01,RS03ASHS,ID03A,CAMHD
RS03ASHS-ID03A-01-CAMHDA301,driver_timestamp,driver_timestamp,,,ENG,seconds since 1900-01-01,RS03ASHS,ID03A,CAMHD
RS03ASHS-ID03A-01-CAMHDA301,internal_timestamp,internal_timestamp,,,ENG,seconds since 1900-01-01,RS03ASHS,ID03A,CAMHD
RS03ASHS-ID03A-01-CAMHDA301,camhd_pan_position,camhd_pan_position,,,,degrees,RS03ASHS,ID03A,CAMHD
RS03ASHS-ID03A-01-CAMHDA301,camhd_tilt_position,camhd_tilt_position,,,,degrees,RS03ASHS,ID03A,CAMHD
RS03ASHS-ID03A-01-CAMHDA301,camhd_heading,camhd_heading,,,,degrees,RS03ASHS,ID03A,CAMHD
RS03ASHS-ID03A-01-CAMHDA301,camhd_pitch,camhd_pitch,,,,degrees,RS03ASHS,ID03A,CAMHD
RS03ASHS-ID03A-01-CAMHDA301,camhd_light1_intensity,camhd_light1_intensity,,,,percent,RS03ASHS,ID03A,CAMHD
RS03ASHS-ID03A-01-CAMHDA301,camhd_light2_intensity,camhd_light2_intensity,,,,percent,RS03ASHS,ID03A,CAMHD
RS03ASHS-ID03A-01-CAMHDA301,camhd_zoom,camhd_zoom,,,,1,RS03ASHS,ID03A,CAMHD
RS03ASHS-ID03A-01-CAMHDA301,camhd_laser,camhd_laser,,,,1,RS03ASHS,ID03A,CAMHD
RS03ASHS-ID03A-01-CAMHDA301,camhd_channel_name,camhd_channel_name,,,,1,RS03ASHS,ID03A,CAMHD
RS03ASHS-ID03A-01-CAMHDA301,camhd_channel_value,camhd_channel_value,,,,1,RS03ASHS,ID03A,CAMHD
RS03ASHS-ID03A-01-CAMHDA301,camhd_value_units,camhd_value_units,,,,1,RS03ASHS,ID03A,CAMHD
RS03ASHS-ID03A-01-CAMHDA301,time,time,,,ENG,seconds since 1900-01-01,RS03ASHS,ID03A,CAMHD
RS03ASHS-MJ03B-00-OSMOIA301,,,,,,,RS03ASHS,MJ03B,OSMOI
RS03ASHS-MJ03B-07-TMPSFA301,port_timestamp,port_timestamp,,,ENG,seconds since 1900-01-01,RS03ASHS,MJ03B,TMPSF
RS03ASHS-MJ03B-07-TMPSFA301,driver_timestamp,driver_timestamp,,,ENG,seconds since 1900-01-01,RS03ASHS,MJ03B,TMPSF
RS03ASHS-MJ03B-07-TMPSFA301,internal_timestamp,internal_timestamp,,,ENG,seconds since 1900-01-01,RS03ASHS,MJ03B,TMPSF
RS03ASHS-MJ03B-07-TMPSFA301,preferred_timestamp,preferred_timestamp,,,ENG,1,RS03ASHS,MJ03B,TMPSF
RS03ASHS-MJ03B-07-TMPSFA301,temperature01,temperature01,-2,400,L1,deg_C,RS03ASHS,MJ03B,TMPSF
RS03ASHS-MJ03B-07-TMPSFA301,temperature02,temperature02,0,400,L1,deg_C,RS03ASHS,MJ03B,TMPSF
RS03ASHS-MJ03B-07-TMPSFA301,temperature03,temperature03,0,400,L1,deg_C,RS03ASHS,MJ03B,TMPSF
RS03ASHS-MJ03B-07-TMPSFA301,temperature04,temperature04,0,400,L1,deg_C,RS03ASHS,MJ03B,TMPSF
RS03ASHS-MJ03B-07-TMPSFA301,temperature05,temperature05,0,400,L1,deg_C,RS03ASHS,MJ03B,TMPSF
RS03ASHS-MJ03B-07-TMPSFA301,temperature06,temperature06,0,400,L1,deg_C,RS03ASHS,MJ03B,TMPSF
RS03ASHS-MJ03B-07-TMPSFA301,temperature07,temperature07,0,400,L1,deg_C,RS03ASHS,MJ03B,TMPSF
RS03ASHS-MJ03B-07-TMPSFA301,temperature08,temperature08,0,400,L1,deg_C,RS03ASHS,MJ03B,TMPSF
RS03ASHS-MJ03B-07-TMPSFA301,temperature09,temperature09,0,400,L1,deg_C,RS03ASHS,MJ03B,TMPSF
RS03ASHS-MJ03B-07-TMPSFA301,temperature10,temperature10,0,400,L1,deg_C,RS03ASHS,MJ03B,TMPSF
RS03ASHS-MJ03B-07-TMPSFA301,temperature11,temperature11,0,400,L1,deg_C,RS03ASHS,MJ03B,TMPSF
RS03ASHS-MJ03B-07-TMPSFA301,temperature12,temperature12,0,400,L1,deg_C,RS03ASHS,MJ03B,TMPSF
RS03ASHS-MJ03B-07-TMPSFA301,temperature13,temperature13,0,400,L1,deg_C,RS03ASHS,MJ03B,TMPSF
RS03ASHS-MJ03B-07-TMPSFA301,temperature14,temperature14,0,400,L1,deg_C,RS03ASHS,MJ03B,TMPSF
RS03ASHS-MJ03B-07-TMPSFA301,temperature15,temperature15,0,400,L1,deg_C,RS03ASHS,MJ03B,TMPSF
RS03ASHS-MJ03B-07-TMPSFA301,temperature16,temperature16,0,400,L1,deg_C,RS03ASHS,MJ03B,TMPSF
RS03ASHS-MJ03B-07-TMPSFA301,temperature17,temperature17,0,400,L1,deg_C,RS03ASHS,MJ03B,TMPSF
RS03ASHS-MJ03B-07-TMPSFA301,temperature18,temperature18,0,400,L1,deg_C,RS03ASHS,MJ03B,TMPSF
RS03ASHS-MJ03B-07-TMPSFA301,temperature19,temperature19,0,400,L1,deg_C,RS03ASHS,MJ03B,TMPSF
RS03ASHS-MJ03B-07-TMPSFA301,temperature20,temperature20,0,400,L1,deg_C,RS03ASHS,MJ03B,TMPSF
RS03ASHS-MJ03B-07-TMPSFA301,temperature21,temperature21,0,400,L1,deg_C,RS03ASHS,MJ03B,TMPSF
RS03ASHS-MJ03B-07-TMPSFA301,temperature22,temperature22,0,400,L1,deg_C,RS03ASHS,MJ03B,TMPSF
RS03ASHS-MJ03B-07-TMPSFA301,temperature23,temperature23,0,400,L1,deg_C,RS03ASHS,MJ03B,TMPSF
RS03ASHS-MJ03B-07-TMPSFA301,temperature24,temperature24,0,400,L1,deg_C,RS03ASHS,MJ03B,TMPSF
RS03ASHS-MJ03B-07-TMPSFA301,serial_number,serial_number,,,ENG,1,RS03ASHS,MJ03B,TMPSF
RS03ASHS-MJ03B-07-TMPSFA301,battery_voltage,battery_voltage,,,ENG,V,RS03ASHS,MJ03B,TMPSF
RS03ASHS-MJ03B-07-TMPSFA301,tmpsf_cal_coeffs,tmpsf_cal_coeffs,,,ENG,1,RS03ASHS,MJ03B,TMPSF
RS03ASHS-MJ03B-07-TMPSFA301,time,time,,,ENG,seconds since 1900-01-01,RS03ASHS,MJ03B,TMPSF
RS03ASHS-MJ03B-07-TMPSFA301,timestamp,timestamp,,,ENG,1,RS03ASHS,MJ03B,TMPSF
RS03ASHS-MJ03B-07-TMPSFA301,ingestion_timestamp,ingestion_timestamp,,,ENG,seconds since 1900-01-01,RS03ASHS,MJ03B,TMPSF
RS03AXBS-LJ03A-05-HPIESA301,,,,,ENG,,RS03AXBS,LJ03A,HPIES
RS03AXBS-LJ03A-05-HPIESA301,hpies_e1a,hpies_e1a,,,L0,counts,RS03AXBS,LJ03A,HPIES
RS03AXBS-LJ03A-05-HPIESA301,hpies_e1b,hpies_e1b,,,L0,counts,RS03AXBS,LJ03A,HPIES
RS03AXBS-LJ03A-05-HPIESA301,hpies_e1c,hpies_e1c,,,L0,counts,RS03AXBS,LJ03A,HPIES
RS03AXBS-LJ03A-05-HPIESA301,hpies_e2a,hpies_e2a,,,L0,counts,RS03AXBS,LJ03A,HPIES
RS03AXBS-LJ03A-05-HPIESA301,hpies_e2b,hpies_e2b,,,L0,counts,RS03AXBS,LJ03A,HPIES
RS03AXBS-LJ03A-05-HPIESA301,hpies_e2c,hpies_e2c,,,L0,counts,RS03AXBS,LJ03A,HPIES
RS03AXBS-LJ03A-05-HPIESA301,port_timestamp,port_timestamp,,,,seconds since 1900-01-01,RS03AXBS,LJ03A,HPIES
RS03AXBS-LJ03A-05-HPIESA301,port_timestamp,port_timestamp,,,ENG,seconds since 1900-01-01,RS03AXBS,LJ03A,HPIES
RS03AXBS-LJ03A-05-HPIESA301,driver_timestamp,driver_timestamp,,,,seconds since 1900-01-01,RS03AXBS,LJ03A,HPIES
RS03AXBS-LJ03A-05-HPIESA301,driver_timestamp,driver_timestamp,,,ENG,seconds since 1900-01-01,RS03AXBS,LJ03A,HPIES
RS03AXBS-LJ03A-05-HPIESA301,internal_timestamp,internal_timestamp,,,,seconds since 1900-01-01,RS03AXBS,LJ03A,HPIES
RS03AXBS-LJ03A-05-HPIESA301,internal_timestamp,internal_timestamp,,,ENG,seconds since 1900-01-01,RS03AXBS,LJ03A,HPIES
RS03AXBS-LJ03A-05-HPIESA301,hpies_data_valid,hpies_data_valid,,,,1,RS03AXBS,LJ03A,HPIES
RS03AXBS-LJ03A-05-HPIESA301,hpies_data_valid,hpies_data_valid,,,ENG,1,RS03AXBS,LJ03A,HPIES
RS03AXBS-LJ03A-05-HPIESA301,hpies_secs,hpies_secs,,,,seconds,RS03AXBS,LJ03A,HPIES
RS03AXBS-LJ03A-05-HPIESA301,hpies_stm_timestamp,hpies_stm_timestamp,,,,seconds,RS03AXBS,LJ03A,HPIES
RS03AXBS-LJ03A-05-HPIESA301,hpies_stm_timestamp,hpies_stm_timestamp,,,ENG,seconds,RS03AXBS,LJ03A,HPIES
RS03AXBS-LJ03A-05-HPIESA301,hpies_eindex,hpies_eindex,,,,1,RS03AXBS,LJ03A,HPIES
RS03AXBS-LJ03A-05-HPIESA301,hpies_e1c,hpies_e1c,,,L0,counts,RS03AXBS,LJ03A,HPIES
RS03AXBS-LJ03A-05-HPIESA301,hpies_e1a,hpies_e1a,,,L0,counts,RS03AXBS,LJ03A,HPIES
RS03AXBS-LJ03A-05-HPIESA301,hpies_e1b,hpies_e1b,,,L0,counts,RS03AXBS,LJ03A,HPIES
RS03AXBS-LJ03A-05-HPIESA301,hpies_e2c,hpies_e2c,,,L0,counts,RS03AXBS,LJ03A,HPIES
RS03AXBS-LJ03A-05-HPIESA301,hpies_e2a,hpies_e2a,,,L0,counts,RS03AXBS,LJ03A,HPIES
RS03AXBS-LJ03A-05-HPIESA301,hpies_e2b,hpies_e2b,,,L0,counts,RS03AXBS,LJ03A,HPIES
RS03AXBS-LJ03A-05-HPIESA301,hpies_mindex,hpies_mindex,,,,1,RS03AXBS,LJ03A,HPIES
RS03AXBS-LJ03A-05-HPIESA301,hpies_motor_current,hpies_motor_current,,,,counts,RS03AXBS,LJ03A,HPIES
RS03AXBS-LJ03A-05-HPIESA301,hpies_cindex,hpies_cindex,,,,1,RS03AXBS,LJ03A,HPIES
RS03AXBS-LJ03A-05-HPIESA301,hpies_c1c,hpies_c1c,,,,counts,RS03AXBS,LJ03A,HPIES
RS03AXBS-LJ03A-05-HPIESA301,hpies_c1a,hpies_c1a,,,,counts,RS03AXBS,LJ03A,HPIES
RS03AXBS-LJ03A-05-HPIESA301,hpies_c1b,hpies_c1b,,,,counts,RS03AXBS,LJ03A,HPIES
RS03AXBS-LJ03A-05-HPIESA301,hpies_c2c,hpies_c2c,,,,counts,RS03AXBS,LJ03A,HPIES
RS03AXBS-LJ03A-05-HPIESA301,hpies_c2a,hpies_c2a,,,,counts,RS03AXBS,LJ03A,HPIES
RS03AXBS-LJ03A-05-HPIESA301,hpies_c2b,hpies_c2b,,,,counts,RS03AXBS,LJ03A,HPIES
RS03AXBS-LJ03A-05-HPIESA301,hpies_hcno,hpies_hcno,,,,1,RS03AXBS,LJ03A,HPIES
RS03AXBS-LJ03A-05-HPIESA301,hpies_hcno_last_cal,hpies_hcno_last_cal,,,,1,RS03AXBS,LJ03A,HPIES
RS03AXBS-LJ03A-05-HPIESA301,hpies_hcno_last_comp,hpies_hcno_last_comp,,,,1,RS03AXBS,LJ03A,HPIES
RS03AXBS-LJ03A-05-HPIESA301,hpies_ofile,hpies_ofile,,,,1,RS03AXBS,LJ03A,HPIES
RS03AXBS-LJ03A-05-HPIESA301,hpies_ifok,hpies_ifok,,,,1,RS03AXBS,LJ03A,HPIES
RS03AXBS-LJ03A-05-HPIESA301,hpies_compass_fwrite_attempted,hpies_compass_fwrite_attempted,,,,1,RS03AXBS,LJ03A,HPIES
RS03AXBS-LJ03A-05-HPIESA301,hpies_compass_fwrite_ofp_null,hpies_compass_fwrite_ofp_null,,,,1,RS03AXBS,LJ03A,HPIES
RS03AXBS-LJ03A-05-HPIESA301,hpies_mot_pwr_count,hpies_mot_pwr_count,,,,1,RS03AXBS,LJ03A,HPIES
RS03AXBS-LJ03A-05-HPIESA301,hpies_start_motor_count,hpies_start_motor_count,,,,1,RS03AXBS,LJ03A,HPIES
RS03AXBS-LJ03A-05-HPIESA301,hpies_compass_port_open_errs,hpies_compass_port_open_errs,,,,1,RS03AXBS,LJ03A,HPIES
RS03AXBS-LJ03A-05-HPIESA301,hpies_compass_port_nerr,hpies_compass_port_nerr,,,,1,RS03AXBS,LJ03A,HPIES
RS03AXBS-LJ03A-05-HPIESA301,hpies_tuport_compass_null_count,hpies_tuport_compass_null_count,,,,1,RS03AXBS,LJ03A,HPIES
RS03AXBS-LJ03A-05-HPIESA301,hpies_irq2_count,hpies_irq2_count,,,,1,RS03AXBS,LJ03A,HPIES
RS03AXBS-LJ03A-05-HPIESA301,hpies_spurious_count,hpies_spurious_count,,,,1,RS03AXBS,LJ03A,HPIES
RS03AXBS-LJ03A-05-HPIESA301,hpies_spsr_unknown_count,hpies_spsr_unknown_count,,,,1,RS03AXBS,LJ03A,HPIES
RS03AXBS-LJ03A-05-HPIESA301,hpies_pitperiod_zero_count,hpies_pitperiod_zero_count,,,,1,RS03AXBS,LJ03A,HPIES
RS03AXBS-LJ03A-05-HPIESA301,hpies_adc_raw_overflow_count,hpies_adc_raw_overflow_count,,,,1,RS03AXBS,LJ03A,HPIES
RS03AXBS-LJ03A-05-HPIESA301,hpies_max7317_add_queue_errs,hpies_max7317_add_queue_errs,,,,1,RS03AXBS,LJ03A,HPIES
RS03AXBS-LJ03A-05-HPIESA301,hpies_wsrun_rtc_pinch_end_nerr,hpies_wsrun_rtc_pinch_end_nerr,,,,1,RS03AXBS,LJ03A,HPIES
RS03AXBS-LJ03A-05-HPIESA301,hpies_ies_timestamp,hpies_ies_timestamp,,,,seconds,RS03AXBS,LJ03A,HPIES
RS03AXBS-LJ03A-05-HPIESA301,hpies_ies_timestamp,hpies_ies_timestamp,,,ENG,seconds,RS03AXBS,LJ03A,HPIES
RS03AXBS-LJ03A-05-HPIESA301,hpies_n_travel_times,hpies_n_travel_times,,,ENG,1,RS03AXBS,LJ03A,HPIES
RS03AXBS-LJ03A-05-HPIESA301,hpies_travel_time1,hpies_travel_time1,3.4788,4.2519,L0,10 _x001A_seconds,RS03AXBS,LJ03A,HPIES
RS03AXBS-LJ03A-05-HPIESA301,hpies_travel_time2,hpies_travel_time2,3.4788,4.2519,L0,10 _x001A_seconds,RS03AXBS,LJ03A,HPIES
RS03AXBS-LJ03A-05-HPIESA301,hpies_travel_time3,hpies_travel_time3,3.4788,4.2519,L0,10 _x001A_seconds,RS03AXBS,LJ03A,HPIES
RS03AXBS-LJ03A-05-HPIESA301,hpies_travel_time4,hpies_travel_time4,3.4788,4.2519,L0,10 _x001A_seconds,RS03AXBS,LJ03A,HPIES
RS03AXBS-LJ03A-05-HPIESA301,hpies_pressure,hpies_pressure,,,L0,0.001 dbar,RS03AXBS,LJ03A,HPIES
RS03AXBS-LJ03A-05-HPIESA301,hpies_temperature,hpies_temperature,,,L0,mdeg_C,RS03AXBS,LJ03A,HPIES
RS03AXBS-LJ03A-05-HPIESA301,hpies_bliley_temperature,hpies_bliley_temperature,,,L0,millidegrees Celsius,RS03AXBS,LJ03A,HPIES
RS03AXBS-LJ03A-05-HPIESA301,hpies_bliley_frequency,hpies_bliley_frequency,,,L0,Hz,RS03AXBS,LJ03A,HPIES
RS03AXBS-LJ03A-05-HPIESA301,hpies_data_validity,hpies_data_validity,,,,1,RS03AXBS,LJ03A,HPIES
RS03AXBS-LJ03A-05-HPIESA301,hpies_status_travel_times,hpies_status_travel_times,,,,10 seconds,RS03AXBS,LJ03A,HPIES
RS03AXBS-LJ03A-05-HPIESA301,hpies_status_pressures,hpies_status_pressures,,,,0.001 dbars,RS03AXBS,LJ03A,HPIES
RS03AXBS-LJ03A-05-HPIESA301,hpies_status_temperatures,hpies_status_temperatures,,,,0.001? Celsius,RS03AXBS,LJ03A,HPIES
RS03AXBS-LJ03A-05-HPIESA301,hpies_status_pressure_frequencies,hpies_status_pressure_frequencies,,,,mHz,RS03AXBS,LJ03A,HPIES
RS03AXBS-LJ03A-05-HPIESA301,hpies_status_temperature_frequencies,hpies_status_temperature_frequencies,,,,mHz,RS03AXBS,LJ03A,HPIES
RS03AXBS-LJ03A-05-HPIESA301,hpies_backup_battery_voltage,hpies_backup_battery_voltage,,,,V,RS03AXBS,LJ03A,HPIES
RS03AXBS-LJ03A-05-HPIESA301,hpies_release_drain,hpies_release_drain,,,,mAmp,RS03AXBS,LJ03A,HPIES
RS03AXBS-LJ03A-05-HPIESA301,hpies_system_drain,hpies_system_drain,,,,mAmp,RS03AXBS,LJ03A,HPIES
RS03AXBS-LJ03A-05-HPIESA301,hpies_release_battery_voltage,hpies_release_battery_voltage,,,,V,RS03AXBS,LJ03A,HPIES
RS03AXBS-LJ03A-05-HPIESA301,hpies_system_battery_voltage,hpies_system_battery_voltage,,,,V,RS03AXBS,LJ03A,HPIES
RS03AXBS-LJ03A-05-HPIESA301,hpies_release_system_voltage,hpies_release_system_voltage,,,,V,RS03AXBS,LJ03A,HPIES
RS03AXBS-LJ03A-05-HPIESA301,hpies_internal_temperature,hpies_internal_temperature,,,,?C,RS03AXBS,LJ03A,HPIES
RS03AXBS-LJ03A-05-HPIESA301,hpies_average_travel_time,hpies_average_travel_time,,,,10 seconds,RS03AXBS,LJ03A,HPIES
RS03AXBS-LJ03A-05-HPIESA301,hpies_average_pressure,hpies_average_pressure,,,,0.001 dbar,RS03AXBS,LJ03A,HPIES
RS03AXBS-LJ03A-05-HPIESA301,hpies_average_temperature,hpies_average_temperature,,,,0.001? Celsius,RS03AXBS,LJ03A,HPIES
RS03AXBS-LJ03A-05-HPIESA301,hpies_last_pressure,hpies_last_pressure,,,,Hz,RS03AXBS,LJ03A,HPIES
RS03AXBS-LJ03A-05-HPIESA301,hpies_last_temperature,hpies_last_temperature,,,,Hz,RS03AXBS,LJ03A,HPIES
RS03AXBS-LJ03A-05-HPIESA301,hpies_ies_clock_error,hpies_ies_clock_error,,,,Hz,RS03AXBS,LJ03A,HPIES
RS03AXBS-LJ03A-05-HPIESA301,hpies_rsn_timestamp,hpies_rsn_timestamp,,,,seconds,RS03AXBS,LJ03A,HPIES
RS03AXBS-LJ03A-05-HPIESA301,hpies_travel_time1_L1,hpies_travel_time1_L1,0.65,8.7,L1,seconds,RS03AXBS,LJ03A,HPIES
RS03AXBS-LJ03A-05-HPIESA301,hpies_travel_time2_L1,hpies_travel_time2_L1,0.65,8.7,L1,seconds,RS03AXBS,LJ03A,HPIES
RS03AXBS-LJ03A-05-HPIESA301,hpies_travel_time3_L1,hpies_travel_time3_L1,0.65,8.7,L1,seconds,RS03AXBS,LJ03A,HPIES
RS03AXBS-LJ03A-05-HPIESA301,hpies_travel_time4_L1,hpies_travel_time4_L1,0.65,8.7,L1,seconds,RS03AXBS,LJ03A,HPIES
RS03AXBS-LJ03A-05-HPIESA301,hpies_bliley_temperature_L1,hpies_bliley_temperature_L1,-2,40,L1,degrees Celsius,RS03AXBS,LJ03A,HPIES
RS03AXBS-LJ03A-05-HPIESA301,hpies_pressure_L1,hpies_pressure_L1,0,6000,L1,dbar,RS03AXBS,LJ03A,HPIES
RS03AXBS-LJ03A-05-HPIESA301,time,time,,,,seconds since 1900-01-01,RS03AXBS,LJ03A,HPIES
RS03AXBS-LJ03A-05-HPIESA301,time,time,,,ENG,seconds since 1900-01-01,RS03AXBS,LJ03A,HPIES
RS03AXBS-LJ03A-05-HPIESA301,ingestion_timestamp,ingestion_timestamp,,,,seconds since 1900-01-01,RS03AXBS,LJ03A,HPIES
RS03AXBS-LJ03A-05-HPIESA301,ingestion_timestamp,ingestion_timestamp,,,ENG,seconds since 1900-01-01,RS03AXBS,LJ03A,HPIES
RS03AXBS-LJ03A-10-ADCPTE303,port_timestamp,port_timestamp,,,,seconds since 1900-01-01,RS03AXBS,LJ03A,ADCPT
RS03AXBS-LJ03A-10-ADCPTE303,driver_timestamp,driver_timestamp,,,,seconds since 1900-01-01,RS03AXBS,LJ03A,ADCPT
RS03AXBS-LJ03A-10-ADCPTE303,internal_timestamp,internal_timestamp,,,,seconds since 1900-01-01,RS03AXBS,LJ03A,ADCPT
RS03AXBS-LJ03A-10-ADCPTE303,preferred_timestamp,preferred_timestamp,,,,1,RS03AXBS,LJ03A,ADCPT
RS03AXBS-LJ03A-10-ADCPTE303,adcp_ambient_temp,adcp_ambient_temp,,,,deg_C,RS03AXBS,LJ03A,ADCPT
RS03AXBS-LJ03A-10-ADCPTE303,adcp_attitude_temp,adcp_attitude_temp,,,,deg_C,RS03AXBS,LJ03A,ADCPT
RS03AXBS-LJ03A-10-ADCPTE303,adcp_internal_moisture,adcp_internal_moisture,,,,1,RS03AXBS,LJ03A,ADCPT
RS03AXBS-LJ03A-10-ADCPTE303,adcp_transmit_current,adcp_transmit_current,,,,Amps,RS03AXBS,LJ03A,ADCPT
RS03AXBS-LJ03A-10-ADCPTE303,adcp_transmit_voltage,adcp_transmit_voltage,,,,V,RS03AXBS,LJ03A,ADCPT
RS03AXBS-LJ03A-10-ADCPTE303,adcp_transmit_impedance,adcp_transmit_impedance,,,,Ohms,RS03AXBS,LJ03A,ADCPT
RS03AXBS-LJ03A-10-ADCPTE303,adcp_transmit_test_results,adcp_transmit_test_results,,,,1,RS03AXBS,LJ03A,ADCPT
RS03AXBS-LJ03A-10-ADCPTE303,corrected_echo_intensity_beam1,corrected_echo_intensity_beam1,0,255,L1,dB,RS03AXBS,LJ03A,ADCPT
RS03AXBS-LJ03A-10-ADCPTE303,corrected_echo_intensity_beam2,corrected_echo_intensity_beam2,0,255,L1,dB,RS03AXBS,LJ03A,ADCPT
RS03AXBS-LJ03A-10-ADCPTE303,corrected_echo_intensity_beam3,corrected_echo_intensity_beam3,0,255,L1,dB,RS03AXBS,LJ03A,ADCPT
RS03AXBS-LJ03A-10-ADCPTE303,corrected_echo_intensity_beam4,corrected_echo_intensity_beam4,0,255,L1,dB,RS03AXBS,LJ03A,ADCPT
RS03AXBS-LJ03A-10-ADCPTE303,serial_number,serial_number,,,,1,RS03AXBS,LJ03A,ADCPT
RS03AXBS-LJ03A-10-ADCPTE303,header_id,header_id,,,,1,RS03AXBS,LJ03A,ADCPT
RS03AXBS-LJ03A-10-ADCPTE303,data_source_id,data_source_id,,,,1,RS03AXBS,LJ03A,ADCPT
RS03AXBS-LJ03A-10-ADCPTE303,num_bytes,num_bytes,,,,1,RS03AXBS,LJ03A,ADCPT
RS03AXBS-LJ03A-10-ADCPTE303,num_data_types,num_data_types,,,,1,RS03AXBS,LJ03A,ADCPT
RS03AXBS-LJ03A-10-ADCPTE303,offset_data_types,offset_data_types,,,,1,RS03AXBS,LJ03A,ADCPT
RS03AXBS-LJ03A-10-ADCPTE303,fixed_leader_id,fixed_leader_id,,,,1,RS03AXBS,LJ03A,ADCPT
RS03AXBS-LJ03A-10-ADCPTE303,firmware_version,firmware_version,,,,1,RS03AXBS,LJ03A,ADCPT
RS03AXBS-LJ03A-10-ADCPTE303,firmware_revision,firmware_revision,,,,1,RS03AXBS,LJ03A,ADCPT
RS03AXBS-LJ03A-10-ADCPTE303,sysconfig_frequency,sysconfig_frequency,,,,kHz,RS03AXBS,LJ03A,ADCPT
RS03AXBS-LJ03A-10-ADCPTE303,sysconfig_beam_pattern,sysconfig_beam_pattern,,,,1,RS03AXBS,LJ03A,ADCPT
RS03AXBS-LJ03A-10-ADCPTE303,sysconfig_sensor_config,sysconfig_sensor_config,,,,1,RS03AXBS,LJ03A,ADCPT
RS03AXBS-LJ03A-10-ADCPTE303,sysconfig_head_attached,sysconfig_head_attached,,,,1,RS03AXBS,LJ03A,ADCPT
RS03AXBS-LJ03A-10-ADCPTE303,sysconfig_vertical_orientation,sysconfig_vertical_orientation,,,,1,RS03AXBS,LJ03A,ADCPT
RS03AXBS-LJ03A-10-ADCPTE303,data_flag,data_flag,,,,1,RS03AXBS,LJ03A,ADCPT
RS03AXBS-LJ03A-10-ADCPTE303,lag_length,lag_length,,,,s,RS03AXBS,LJ03A,ADCPT
RS03AXBS-LJ03A-10-ADCPTE303,num_beams,num_beams,,,,1,RS03AXBS,LJ03A,ADCPT
RS03AXBS-LJ03A-10-ADCPTE303,num_cells,num_cells,,,,1,RS03AXBS,LJ03A,ADCPT
RS03AXBS-LJ03A-10-ADCPTE303,pings_per_ensemble,pings_per_ensemble,,,,1,RS03AXBS,LJ03A,ADCPT
RS03AXBS-LJ03A-10-ADCPTE303,cell_length,cell_length,,,,cm,RS03AXBS,LJ03A,ADCPT
RS03AXBS-LJ03A-10-ADCPTE303,blank_after_transmit,blank_after_transmit,,,,cm,RS03AXBS,LJ03A,ADCPT
RS03AXBS-LJ03A-10-ADCPTE303,signal_processing_mode,signal_processing_mode,,,,1,RS03AXBS,LJ03A,ADCPT
RS03AXBS-LJ03A-10-ADCPTE303,low_corr_threshold,low_corr_threshold,,,,counts,RS03AXBS,LJ03A,ADCPT
RS03AXBS-LJ03A-10-ADCPTE303,num_code_repetitions,num_code_repetitions,,,,counts,RS03AXBS,LJ03A,ADCPT
RS03AXBS-LJ03A-10-ADCPTE303,percent_good_min,percent_good_min,,,,percent,RS03AXBS,LJ03A,ADCPT
RS03AXBS-LJ03A-10-ADCPTE303,error_vel_threshold,error_vel_threshold,,,,mm s-1,RS03AXBS,LJ03A,ADCPT
RS03AXBS-LJ03A-10-ADCPTE303,time_per_ping_minutes,time_per_ping_minutes,,,,min,RS03AXBS,LJ03A,ADCPT
RS03AXBS-LJ03A-10-ADCPTE303,time_per_ping_seconds,time_per_ping_seconds,,,,s,RS03AXBS,LJ03A,ADCPT
RS03AXBS-LJ03A-10-ADCPTE303,coord_transform_type,coord_transform_type,,,,1,RS03AXBS,LJ03A,ADCPT
RS03AXBS-LJ03A-10-ADCPTE303,coord_transform_tilts,coord_transform_tilts,,,,1,RS03AXBS,LJ03A,ADCPT
RS03AXBS-LJ03A-10-ADCPTE303,coord_transform_beams,coord_transform_beams,,,,1,RS03AXBS,LJ03A,ADCPT
RS03AXBS-LJ03A-10-ADCPTE303,coord_transform_mapping,coord_transform_mapping,,,,1,RS03AXBS,LJ03A,ADCPT
RS03AXBS-LJ03A-10-ADCPTE303,heading_alignment,heading_alignment,,,,cdegrees,RS03AXBS,LJ03A,ADCPT
RS03AXBS-LJ03A-10-ADCPTE303,heading_alignment,heading_alignment,,,AUX,cdegrees,RS03AXBS,LJ03A,ADCPT
RS03AXBS-LJ03A-10-ADCPTE303,heading_bias,heading_bias,,,,cdegrees,RS03AXBS,LJ03A,ADCPT
RS03AXBS-LJ03A-10-ADCPTE303,heading_bias,heading_bias,,,AUX,cdegrees,RS03AXBS,LJ03A,ADCPT
RS03AXBS-LJ03A-10-ADCPTE303,sensor_source_speed,sensor_source_speed,,,,1,RS03AXBS,LJ03A,ADCPT
RS03AXBS-LJ03A-10-ADCPTE303,sensor_source_depth,sensor_source_depth,,,,1,RS03AXBS,LJ03A,ADCPT
RS03AXBS-LJ03A-10-ADCPTE303,sensor_source_heading,sensor_source_heading,,,,1,RS03AXBS,LJ03A,ADCPT
RS03AXBS-LJ03A-10-ADCPTE303,sensor_source_heading,sensor_source_heading,,,AUX,1,RS03AXBS,LJ03A,ADCPT
RS03AXBS-LJ03A-10-ADCPTE303,sensor_source_pitch,sensor_source_pitch,,,,1,RS03AXBS,LJ03A,ADCPT
RS03AXBS-LJ03A-10-ADCPTE303,sensor_source_pitch,sensor_source_pitch,,,AUX,1,RS03AXBS,LJ03A,ADCPT
RS03AXBS-LJ03A-10-ADCPTE303,sensor_source_roll,sensor_source_roll,,,,1,RS03AXBS,LJ03A,ADCPT
RS03AXBS-LJ03A-10-ADCPTE303,sensor_source_roll,sensor_source_roll,,,AUX,1,RS03AXBS,LJ03A,ADCPT
RS03AXBS-LJ03A-10-ADCPTE303,sensor_source_conductivity,sensor_source_conductivity,,,,1,RS03AXBS,LJ03A,ADCPT
RS03AXBS-LJ03A-10-ADCPTE303,sensor_source_temperature,sensor_source_temperature,,,,1,RS03AXBS,LJ03A,ADCPT
RS03AXBS-LJ03A-10-ADCPTE303,sensor_available_depth,sensor_available_depth,,,,1,RS03AXBS,LJ03A,ADCPT
RS03AXBS-LJ03A-10-ADCPTE303,sensor_available_heading,sensor_available_heading,,,,1,RS03AXBS,LJ03A,ADCPT
RS03AXBS-LJ03A-10-ADCPTE303,sensor_available_heading,sensor_available_heading,,,AUX,1,RS03AXBS,LJ03A,ADCPT
RS03AXBS-LJ03A-10-ADCPTE303,sensor_available_pitch,sensor_available_pitch,,,,1,RS03AXBS,LJ03A,ADCPT
RS03AXBS-LJ03A-10-ADCPTE303,sensor_available_pitch,sensor_available_pitch,,,AUX,1,RS03AXBS,LJ03A,ADCPT
RS03AXBS-LJ03A-10-ADCPTE303,sensor_available_roll,sensor_available_roll,,,,1,RS03AXBS,LJ03A,ADCPT
RS03AXBS-LJ03A-10-ADCPTE303,sensor_available_roll,sensor_available_roll,,,AUX,1,RS03AXBS,LJ03A,ADCPT
RS03AXBS-LJ03A-10-ADCPTE303,sensor_available_conductivity,sensor_available_conductivity,,,,1,RS03AXBS,LJ03A,ADCPT
RS03AXBS-LJ03A-10-ADCPTE303,sensor_available_temperature,sensor_available_temperature,,,,1,RS03AXBS,LJ03A,ADCPT
RS03AXBS-LJ03A-10-ADCPTE303,bin_1_distance,bin_1_distance,,,,cm,RS03AXBS,LJ03A,ADCPT
RS03AXBS-LJ03A-10-ADCPTE303,transmit_pulse_length,transmit_pulse_length,,,,cm,RS03AXBS,LJ03A,ADCPT
RS03AXBS-LJ03A-10-ADCPTE303,reference_layer_start,reference_layer_start,,,,1,RS03AXBS,LJ03A,ADCPT
RS03AXBS-LJ03A-10-ADCPTE303,reference_layer_stop,reference_layer_stop,,,,1,RS03AXBS,LJ03A,ADCPT
RS03AXBS-LJ03A-10-ADCPTE303,false_target_threshold,false_target_threshold,,,,counts,RS03AXBS,LJ03A,ADCPT
RS03AXBS-LJ03A-10-ADCPTE303,low_latency_trigger,low_latency_trigger,,,,1,RS03AXBS,LJ03A,ADCPT
RS03AXBS-LJ03A-10-ADCPTE303,transmit_lag_distance,transmit_lag_distance,,,,cm,RS03AXBS,LJ03A,ADCPT
RS03AXBS-LJ03A-10-ADCPTE303,cpu_board_serial_number,cpu_board_serial_number,,,,1,RS03AXBS,LJ03A,ADCPT
RS03AXBS-LJ03A-10-ADCPTE303,system_bandwidth,system_bandwidth,,,,1,RS03AXBS,LJ03A,ADCPT
RS03AXBS-LJ03A-10-ADCPTE303,system_power,system_power,,,,1,RS03AXBS,LJ03A,ADCPT
RS03AXBS-LJ03A-10-ADCPTE303,beam_angle,beam_angle,,,,degrees,RS03AXBS,LJ03A,ADCPT
RS03AXBS-LJ03A-10-ADCPTE303,variable_leader_id,variable_leader_id,,,,1,RS03AXBS,LJ03A,ADCPT
RS03AXBS-LJ03A-10-ADCPTE303,ensemble_number,ensemble_number,,,,1,RS03AXBS,LJ03A,ADCPT
RS03AXBS-LJ03A-10-ADCPTE303,ensemble_number_increment,ensemble_number_increment,,,,1,RS03AXBS,LJ03A,ADCPT
RS03AXBS-LJ03A-10-ADCPTE303,bit_result_demod_1,bit_result_demod_1,,,,1,RS03AXBS,LJ03A,ADCPT
RS03AXBS-LJ03A-10-ADCPTE303,bit_result_demod_0,bit_result_demod_0,,,,1,RS03AXBS,LJ03A,ADCPT
RS03AXBS-LJ03A-10-ADCPTE303,bit_result_timing,bit_result_timing,,,,1,RS03AXBS,LJ03A,ADCPT
RS03AXBS-LJ03A-10-ADCPTE303,speed_of_sound,speed_of_sound,,,,m s-1,RS03AXBS,LJ03A,ADCPT
RS03AXBS-LJ03A-10-ADCPTE303,transducer_depth,transducer_depth,,,,dm,RS03AXBS,LJ03A,ADCPT
RS03AXBS-LJ03A-10-ADCPTE303,heading,heading,,,,cdegrees,RS03AXBS,LJ03A,ADCPT
RS03AXBS-LJ03A-10-ADCPTE303,heading,heading,,,AUX,cdegrees,RS03AXBS,LJ03A,ADCPT
RS03AXBS-LJ03A-10-ADCPTE303,pitch,pitch,,,,cdegrees,RS03AXBS,LJ03A,ADCPT
RS03AXBS-LJ03A-10-ADCPTE303,pitch,pitch,,,AUX,cdegrees,RS03AXBS,LJ03A,ADCPT
RS03AXBS-LJ03A-10-ADCPTE303,roll,roll,,,,cdegrees,RS03AXBS,LJ03A,ADCPT
RS03AXBS-LJ03A-10-ADCPTE303,roll,roll,,,AUX,cdegrees,RS03AXBS,LJ03A,ADCPT
RS03AXBS-LJ03A-10-ADCPTE303,salinity,salinity,,,,1,RS03AXBS,LJ03A,ADCPT
RS03AXBS-LJ03A-10-ADCPTE303,salinity,salinity,,,ENG,1,RS03AXBS,LJ03A,ADCPT
RS03AXBS-LJ03A-10-ADCPTE303,temperature,temperature,,,,cdeg_C,RS03AXBS,LJ03A,ADCPT
RS03AXBS-LJ03A-10-ADCPTE303,temperature,temperature,,,ENG,cdeg_C,RS03AXBS,LJ03A,ADCPT
RS03AXBS-LJ03A-10-ADCPTE303,mpt_minutes,mpt_minutes,,,,min,RS03AXBS,LJ03A,ADCPT
RS03AXBS-LJ03A-10-ADCPTE303,mpt_seconds,mpt_seconds,,,,s,RS03AXBS,LJ03A,ADCPT
RS03AXBS-LJ03A-10-ADCPTE303,heading_stdev,heading_stdev,,,,degrees,RS03AXBS,LJ03A,ADCPT
RS03AXBS-LJ03A-10-ADCPTE303,heading_stdev,heading_stdev,,,AUX,degrees,RS03AXBS,LJ03A,ADCPT
RS03AXBS-LJ03A-10-ADCPTE303,pitch_stdev,pitch_stdev,,,,ddegrees,RS03AXBS,LJ03A,ADCPT
RS03AXBS-LJ03A-10-ADCPTE303,pitch_stdev,pitch_stdev,,,AUX,ddegrees,RS03AXBS,LJ03A,ADCPT
RS03AXBS-LJ03A-10-ADCPTE303,roll_stdev,roll_stdev,,,,ddegrees,RS03AXBS,LJ03A,ADCPT
RS03AXBS-LJ03A-10-ADCPTE303,roll_stdev,roll_stdev,,,AUX,ddegrees,RS03AXBS,LJ03A,ADCPT
RS03AXBS-LJ03A-10-ADCPTE303,adc_transmit_current,adc_transmit_current,,,,counts,RS03AXBS,LJ03A,ADCPT
RS03AXBS-LJ03A-10-ADCPTE303,adc_transmit_voltage,adc_transmit_voltage,,,,counts,RS03AXBS,LJ03A,ADCPT
RS03AXBS-LJ03A-10-ADCPTE303,adc_ambient_temp,adc_ambient_temp,,,,counts,RS03AXBS,LJ03A,ADCPT
RS03AXBS-LJ03A-10-ADCPTE303,adc_pressure_plus,adc_pressure_plus,,,,counts,RS03AXBS,LJ03A,ADCPT
RS03AXBS-LJ03A-10-ADCPTE303,adc_pressure_minus,adc_pressure_minus,,,,counts,RS03AXBS,LJ03A,ADCPT
RS03AXBS-LJ03A-10-ADCPTE303,adc_attitude_temp,adc_attitude_temp,,,,counts,RS03AXBS,LJ03A,ADCPT
RS03AXBS-LJ03A-10-ADCPTE303,adc_attitude,adc_attitude,,,,counts,RS03AXBS,LJ03A,ADCPT
RS03AXBS-LJ03A-10-ADCPTE303,adc_contamination_sensor,adc_contamination_sensor,,,,counts,RS03AXBS,LJ03A,ADCPT
RS03AXBS-LJ03A-10-ADCPTE303,bus_error_exception,bus_error_exception,,,,1,RS03AXBS,LJ03A,ADCPT
RS03AXBS-LJ03A-10-ADCPTE303,address_error_exception,address_error_exception,,,,1,RS03AXBS,LJ03A,ADCPT
RS03AXBS-LJ03A-10-ADCPTE303,illegal_instruction_exception,illegal_instruction_exception,,,,1,RS03AXBS,LJ03A,ADCPT
RS03AXBS-LJ03A-10-ADCPTE303,zero_divide_instruction,zero_divide_instruction,,,,1,RS03AXBS,LJ03A,ADCPT
RS03AXBS-LJ03A-10-ADCPTE303,emulator_exception,emulator_exception,,,,1,RS03AXBS,LJ03A,ADCPT
RS03AXBS-LJ03A-10-ADCPTE303,unassigned_exception,unassigned_exception,,,,1,RS03AXBS,LJ03A,ADCPT
RS03AXBS-LJ03A-10-ADCPTE303,watchdog_restart_occurred,watchdog_restart_occurred,,,,1,RS03AXBS,LJ03A,ADCPT
RS03AXBS-LJ03A-10-ADCPTE303,battery_saver_power,battery_saver_power,,,,1,RS03AXBS,LJ03A,ADCPT
RS03AXBS-LJ03A-10-ADCPTE303,pinging,pinging,,,,1,RS03AXBS,LJ03A,ADCPT
RS03AXBS-LJ03A-10-ADCPTE303,cold_wakeup_occurred,cold_wakeup_occurred,,,,1,RS03AXBS,LJ03A,ADCPT
RS03AXBS-LJ03A-10-ADCPTE303,cold_wakeup_occurred,cold_wakeup_occurred,,,ENG,1,RS03AXBS,LJ03A,ADCPT
RS03AXBS-LJ03A-10-ADCPTE303,time,time,,,,seconds since 1900-01-01,RS03AXBS,LJ03A,ADCPT
RS03AXBS-LJ03A-10-ADCPTE303,unknown_wakeup_occurred,unknown_wakeup_occurred,,,,1,RS03AXBS,LJ03A,ADCPT
RS03AXBS-LJ03A-10-ADCPTE303,clock_read_error,clock_read_error,,,,1,RS03AXBS,LJ03A,ADCPT
RS03AXBS-LJ03A-10-ADCPTE303,clock_read_error,clock_read_error,,,ENG,1,RS03AXBS,LJ03A,ADCPT
RS03AXBS-LJ03A-10-ADCPTE303,unexpected_alarm,unexpected_alarm,,,,1,RS03AXBS,LJ03A,ADCPT
RS03AXBS-LJ03A-10-ADCPTE303,clock_jump_forward,clock_jump_forward,,,,1,RS03AXBS,LJ03A,ADCPT
RS03AXBS-LJ03A-10-ADCPTE303,clock_jump_forward,clock_jump_forward,,,ENG,1,RS03AXBS,LJ03A,ADCPT
RS03AXBS-LJ03A-10-ADCPTE303,clock_jump_backward,clock_jump_backward,,,,1,RS03AXBS,LJ03A,ADCPT
RS03AXBS-LJ03A-10-ADCPTE303,clock_jump_backward,clock_jump_backward,,,ENG,1,RS03AXBS,LJ03A,ADCPT
RS03AXBS-LJ03A-10-ADCPTE303,power_fail,power_fail,,,,1,RS03AXBS,LJ03A,ADCPT
RS03AXBS-LJ03A-10-ADCPTE303,spurious_dsp_interrupt,spurious_dsp_interrupt,,,,1,RS03AXBS,LJ03A,ADCPT
RS03AXBS-LJ03A-10-ADCPTE303,spurious_uart_interrupt,spurious_uart_interrupt,,,,1,RS03AXBS,LJ03A,ADCPT
RS03AXBS-LJ03A-10-ADCPTE303,spurious_clock_interrupt,spurious_clock_interrupt,,,,1,RS03AXBS,LJ03A,ADCPT
RS03AXBS-LJ03A-10-ADCPTE303,level_7_interrupt,level_7_interrupt,,,,1,RS03AXBS,LJ03A,ADCPT
RS03AXBS-LJ03A-10-ADCPTE303,pressure,pressure,,,,daPa,RS03AXBS,LJ03A,ADCPT
RS03AXBS-LJ03A-10-ADCPTE303,pressure_variance,pressure_variance,,,,daPa,RS03AXBS,LJ03A,ADCPT
RS03AXBS-LJ03A-10-ADCPTE303,velocity_data_id,velocity_data_id,,,,1,RS03AXBS,LJ03A,ADCPT
RS03AXBS-LJ03A-10-ADCPTE303,water_velocity_east,water_velocity_east,,,L0,mm s-1,RS03AXBS,LJ03A,ADCPT
RS03AXBS-LJ03A-10-ADCPTE303,water_velocity_north,water_velocity_north,,,L0,mm s-1,RS03AXBS,LJ03A,ADCPT
RS03AXBS-LJ03A-10-ADCPTE303,water_velocity_up,water_velocity_up,,,L0,mm s-1,RS03AXBS,LJ03A,ADCPT
RS03AXBS-LJ03A-10-ADCPTE303,error_velocity,error_velocity,,,L0,mm s-1,RS03AXBS,LJ03A,ADCPT
RS03AXBS-LJ03A-10-ADCPTE303,correlation_magnitude_id,correlation_magnitude_id,,,,1,RS03AXBS,LJ03A,ADCPT
RS03AXBS-LJ03A-10-ADCPTE303,correlation_magnitude_beam1,correlation_magnitude_beam1,,,,1,RS03AXBS,LJ03A,ADCPT
RS03AXBS-LJ03A-10-ADCPTE303,correlation_magnitude_beam2,correlation_magnitude_beam2,,,,1,RS03AXBS,LJ03A,ADCPT
RS03AXBS-LJ03A-10-ADCPTE303,correlation_magnitude_beam3,correlation_magnitude_beam3,,,,1,RS03AXBS,LJ03A,ADCPT
RS03AXBS-LJ03A-10-ADCPTE303,correlation_magnitude_beam4,correlation_magnitude_beam4,,,,1,RS03AXBS,LJ03A,ADCPT
RS03AXBS-LJ03A-10-ADCPTE303,echo_intensity_id,echo_intensity_id,,,,1,RS03AXBS,LJ03A,ADCPT
RS03AXBS-LJ03A-10-ADCPTE303,echo_intensity_beam1,echo_intensity_beam1,,,L0,counts,RS03AXBS,LJ03A,ADCPT
RS03AXBS-LJ03A-10-ADCPTE303,echo_intensity_beam2,echo_intensity_beam2,,,L0,counts,RS03AXBS,LJ03A,ADCPT
RS03AXBS-LJ03A-10-ADCPTE303,echo_intensity_beam3,echo_intensity_beam3,,,L0,counts,RS03AXBS,LJ03A,ADCPT
RS03AXBS-LJ03A-10-ADCPTE303,echo_intensity_beam4,echo_intensity_beam4,,,L0,counts,RS03AXBS,LJ03A,ADCPT
RS03AXBS-LJ03A-10-ADCPTE303,percent_good_id,percent_good_id,,,,1,RS03AXBS,LJ03A,ADCPT
RS03AXBS-LJ03A-10-ADCPTE303,percent_good_3beam,percent_good_3beam,,,,percent,RS03AXBS,LJ03A,ADCPT
RS03AXBS-LJ03A-10-ADCPTE303,percent_transforms_reject,percent_transforms_reject,,,,percent,RS03AXBS,LJ03A,ADCPT
RS03AXBS-LJ03A-10-ADCPTE303,percent_bad_beams,percent_bad_beams,,,,percent,RS03AXBS,LJ03A,ADCPT
RS03AXBS-LJ03A-10-ADCPTE303,percent_good_4beam,percent_good_4beam,,,,percent,RS03AXBS,LJ03A,ADCPT
RS03AXBS-LJ03A-10-ADCPTE303,checksum,checksum,,,,1,RS03AXBS,LJ03A,ADCPT
RS03AXBS-LJ03A-10-ADCPTE303,ensemble_start_time,ensemble_start_time,,,,seconds since 1900-01-01,RS03AXBS,LJ03A,ADCPT
RS03AXBS-LJ03A-10-ADCPTE303,fluxgate_calibration_timestamp,fluxgate_calibration_timestamp,,,,seconds since 1900-01-01,RS03AXBS,LJ03A,ADCPT
RS03AXBS-LJ03A-10-ADCPTE303,s_inverse_bx,s_inverse_bx,,,,1,RS03AXBS,LJ03A,ADCPT
RS03AXBS-LJ03A-10-ADCPTE303,s_inverse_by,s_inverse_by,,,,1,RS03AXBS,LJ03A,ADCPT
RS03AXBS-LJ03A-10-ADCPTE303,s_inverse_bz,s_inverse_bz,,,,1,RS03AXBS,LJ03A,ADCPT
RS03AXBS-LJ03A-10-ADCPTE303,s_inverse_err,s_inverse_err,,,,1,RS03AXBS,LJ03A,ADCPT
RS03AXBS-LJ03A-10-ADCPTE303,coil_offset,coil_offset,,,,1,RS03AXBS,LJ03A,ADCPT
RS03AXBS-LJ03A-10-ADCPTE303,electrical_null,electrical_null,,,,1,RS03AXBS,LJ03A,ADCPT
RS03AXBS-LJ03A-10-ADCPTE303,tilt_calibration_timestamp,tilt_calibration_timestamp,,,,seconds since 1900-01-01,RS03AXBS,LJ03A,ADCPT
RS03AXBS-LJ03A-10-ADCPTE303,roll_up_down,roll_up_down,,,,1,RS03AXBS,LJ03A,ADCPT
RS03AXBS-LJ03A-10-ADCPTE303,pitch_up_down,pitch_up_down,,,,1,RS03AXBS,LJ03A,ADCPT
RS03AXBS-LJ03A-10-ADCPTE303,offset_up_down,offset_up_down,,,,1,RS03AXBS,LJ03A,ADCPT
RS03AXBS-LJ03A-10-ADCPTE303,tilt_null,tilt_null,,,,1,RS03AXBS,LJ03A,ADCPT
RS03AXBS-LJ03A-10-ADCPTE303,transducer_frequency,transducer_frequency,,,,Hz,RS03AXBS,LJ03A,ADCPT
RS03AXBS-LJ03A-10-ADCPTE303,configuration,configuration,,,,1,RS03AXBS,LJ03A,ADCPT
RS03AXBS-LJ03A-10-ADCPTE303,match_layer,match_layer,,,,1,RS03AXBS,LJ03A,ADCPT
RS03AXBS-LJ03A-10-ADCPTE303,beam_pattern,beam_pattern,,,,1,RS03AXBS,LJ03A,ADCPT
RS03AXBS-LJ03A-10-ADCPTE303,orientation,orientation,,,,1,RS03AXBS,LJ03A,ADCPT
RS03AXBS-LJ03A-10-ADCPTE303,sensors,sensors,,,,1,RS03AXBS,LJ03A,ADCPT
RS03AXBS-LJ03A-10-ADCPTE303,pressure_coeff_c3,pressure_coeff_c3,,,,1,RS03AXBS,LJ03A,ADCPT
RS03AXBS-LJ03A-10-ADCPTE303,pressure_coeff_c4,pressure_coeff_c4,,,,1,RS03AXBS,LJ03A,ADCPT
RS03AXBS-LJ03A-10-ADCPTE303,pressure_coeff_c5,pressure_coeff_c5,,,,1,RS03AXBS,LJ03A,ADCPT
RS03AXBS-LJ03A-10-ADCPTE303,pressure_coeff_offset,pressure_coeff_offset,,,,1,RS03AXBS,LJ03A,ADCPT
RS03AXBS-LJ03A-10-ADCPTE303,temperature_sensor_offset,temperature_sensor_offset,,,,deg_C,RS03AXBS,LJ03A,ADCPT
RS03AXBS-LJ03A-10-ADCPTE303,cpu_firmware,cpu_firmware,,,,1,RS03AXBS,LJ03A,ADCPT
RS03AXBS-LJ03A-10-ADCPTE303,boot_code_required,boot_code_required,,,,1,RS03AXBS,LJ03A,ADCPT
RS03AXBS-LJ03A-10-ADCPTE303,boot_code_actual,boot_code_actual,,,,1,RS03AXBS,LJ03A,ADCPT
RS03AXBS-LJ03A-10-ADCPTE303,demod_1_version,demod_1_version,,,,1,RS03AXBS,LJ03A,ADCPT
RS03AXBS-LJ03A-10-ADCPTE303,demod_1_type,demod_1_type,,,,1,RS03AXBS,LJ03A,ADCPT
RS03AXBS-LJ03A-10-ADCPTE303,demod_2_version,demod_2_version,,,,1,RS03AXBS,LJ03A,ADCPT
RS03AXBS-LJ03A-10-ADCPTE303,demod_2_type,demod_2_type,,,,1,RS03AXBS,LJ03A,ADCPT
RS03AXBS-LJ03A-10-ADCPTE303,power_timing_version,power_timing_version,,,,1,RS03AXBS,LJ03A,ADCPT
RS03AXBS-LJ03A-10-ADCPTE303,power_timing_type,power_timing_type,,,,1,RS03AXBS,LJ03A,ADCPT
RS03AXBS-LJ03A-10-ADCPTE303,board_serial_numbers,board_serial_numbers,,,,1,RS03AXBS,LJ03A,ADCPT
RS03AXBS-LJ03A-10-ADCPTE303,beam_1_velocity,beam_1_velocity,,,L0,mm s-1,RS03AXBS,LJ03A,ADCPT
RS03AXBS-LJ03A-10-ADCPTE303,beam_2_velocity,beam_2_velocity,,,L0,mm s-1,RS03AXBS,LJ03A,ADCPT
RS03AXBS-LJ03A-10-ADCPTE303,beam_3_velocity,beam_3_velocity,,,L0,mm s-1,RS03AXBS,LJ03A,ADCPT
RS03AXBS-LJ03A-10-ADCPTE303,beam_4_velocity,beam_4_velocity,,,L0,mm s-1,RS03AXBS,LJ03A,ADCPT
RS03AXBS-LJ03A-10-ADCPTE303,percent_good_beam1,percent_good_beam1,,,,percent,RS03AXBS,LJ03A,ADCPT
RS03AXBS-LJ03A-10-ADCPTE303,percent_good_beam2,percent_good_beam2,,,,percent,RS03AXBS,LJ03A,ADCPT
RS03AXBS-LJ03A-10-ADCPTE303,percent_good_beam3,percent_good_beam3,,,,percent,RS03AXBS,LJ03A,ADCPT
RS03AXBS-LJ03A-10-ADCPTE303,percent_good_beam4,percent_good_beam4,,,,percent,RS03AXBS,LJ03A,ADCPT
RS03AXBS-LJ03A-10-ADCPTE303,real_time_clock,real_time_clock,,,,1,RS03AXBS,LJ03A,ADCPT
RS03AXBS-LJ03A-10-ADCPTE303,calibration_temp,calibration_temp,,,,deg_C,RS03AXBS,LJ03A,ADCPT
RS03AXBS-LJ03A-10-ADCPTE303,eastward_beam_seawater_velocity,eastward_beam_seawater_velocity,-3,3,L1,m s-1,RS03AXBS,LJ03A,ADCPT
RS03AXBS-LJ03A-10-ADCPTE303,northward_beam_seawater_velocity,northward_beam_seawater_velocity,-3,3,L1,m s-1,RS03AXBS,LJ03A,ADCPT
RS03AXBS-LJ03A-10-ADCPTE303,upward_seawater_velocity,upward_seawater_velocity,-1,1,L1,m s-1,RS03AXBS,LJ03A,ADCPT
RS03AXBS-LJ03A-10-ADCPTE303,beam_error_velocity,beam_error_velocity,-1,1,L1,m s-1,RS03AXBS,LJ03A,ADCPT
RS03AXBS-LJ03A-11-OPTAAC303,port_timestamp,port_timestamp,,,,seconds since 1900-01-01,RS03AXBS,LJ03A,OPTAA
RS03AXBS-LJ03A-11-OPTAAC303,driver_timestamp,driver_timestamp,,,,seconds since 1900-01-01,RS03AXBS,LJ03A,OPTAA
RS03AXBS-LJ03A-11-OPTAAC303,firmware_version,firmware_version,,,,1,RS03AXBS,LJ03A,OPTAA
RS03AXBS-LJ03A-11-OPTAAC303,preferred_timestamp,preferred_timestamp,,,,1,RS03AXBS,LJ03A,OPTAA
RS03AXBS-LJ03A-11-OPTAAC303,firmware_date,firmware_date,,,,1,RS03AXBS,LJ03A,OPTAA
RS03AXBS-LJ03A-11-OPTAAC303,serial_number,serial_number,,,,1,RS03AXBS,LJ03A,OPTAA
RS03AXBS-LJ03A-11-OPTAAC303,beam_attenuation_ctdbp_no,beam_attenuation_ctdbp_no,0,100,L2,m-1,RS03AXBS,LJ03A,OPTAA
RS03AXBS-LJ03A-11-OPTAAC303,optical_absorption_ctdbp_no,optical_absorption_ctdbp_no,,,,,RS03AXBS,LJ03A,OPTAA
RS03AXBS-LJ03A-11-OPTAAC303,record_length,record_length,,,,1,RS03AXBS,LJ03A,OPTAA
RS03AXBS-LJ03A-11-OPTAAC303,packet_type,packet_type,,,,1,RS03AXBS,LJ03A,OPTAA
RS03AXBS-LJ03A-11-OPTAAC303,meter_type,meter_type,,,,1,RS03AXBS,LJ03A,OPTAA
RS03AXBS-LJ03A-11-OPTAAC303,a_reference_dark_counts,a_reference_dark_counts,,,,counts,RS03AXBS,LJ03A,OPTAA
RS03AXBS-LJ03A-11-OPTAAC303,pressure_counts,pressure_counts,,,,counts,RS03AXBS,LJ03A,OPTAA
RS03AXBS-LJ03A-11-OPTAAC303,a_signal_dark_counts,a_signal_dark_counts,,,,counts,RS03AXBS,LJ03A,OPTAA
RS03AXBS-LJ03A-11-OPTAAC303,external_temp_raw,external_temp_raw,,,,counts,RS03AXBS,LJ03A,OPTAA
RS03AXBS-LJ03A-11-OPTAAC303,internal_temp_raw,internal_temp_raw,,,L0,counts,RS03AXBS,LJ03A,OPTAA
RS03AXBS-LJ03A-11-OPTAAC303,c_reference_dark_counts,c_reference_dark_counts,,,,counts,RS03AXBS,LJ03A,OPTAA
RS03AXBS-LJ03A-11-OPTAAC303,c_signal_dark_counts,c_signal_dark_counts,,,,counts,RS03AXBS,LJ03A,OPTAA
RS03AXBS-LJ03A-11-OPTAAC303,elapsed_run_time,elapsed_run_time,,,,ms,RS03AXBS,LJ03A,OPTAA
RS03AXBS-LJ03A-11-OPTAAC303,num_wavelengths,num_wavelengths,,,,1,RS03AXBS,LJ03A,OPTAA
RS03AXBS-LJ03A-11-OPTAAC303,c_reference_counts,c_reference_counts,,,L0,counts,RS03AXBS,LJ03A,OPTAA
RS03AXBS-LJ03A-11-OPTAAC303,a_reference_counts,a_reference_counts,,,L0,counts,RS03AXBS,LJ03A,OPTAA
RS03AXBS-LJ03A-11-OPTAAC303,c_signal_counts,c_signal_counts,,,L0,counts,RS03AXBS,LJ03A,OPTAA
RS03AXBS-LJ03A-11-OPTAAC303,a_signal_counts,a_signal_counts,,,L0,counts,RS03AXBS,LJ03A,OPTAA
RS03AXBS-LJ03A-11-OPTAAC303,persistor_cf_serial_number,persistor_cf_serial_number,,,,1,RS03AXBS,LJ03A,OPTAA
RS03AXBS-LJ03A-11-OPTAAC303,persistor_cf_bios_version,persistor_cf_bios_version,,,,1,RS03AXBS,LJ03A,OPTAA
RS03AXBS-LJ03A-11-OPTAAC303,persistor_cf_picodos_version,persistor_cf_picodos_version,,,,1,RS03AXBS,LJ03A,OPTAA
RS03AXBS-LJ03A-11-OPTAAC303,checksum,checksum,,,,1,RS03AXBS,LJ03A,OPTAA
RS03AXBS-LJ03A-11-OPTAAC303,beam_attenuation,beam_attenuation,0,100,L2,m-1,RS03AXBS,LJ03A,OPTAA
RS03AXBS-LJ03A-11-OPTAAC303,optical_absorption,optical_absorption,0,100,L2,m-1,RS03AXBS,LJ03A,OPTAA
RS03AXBS-LJ03A-12-CTDPFB301,port_timestamp,port_timestamp,,,ENG,seconds since 1900-01-01,RS03AXBS,LJ03A,CTDPF
RS03AXBS-LJ03A-12-CTDPFB301,enable_text,enable_text,,,ENG,1,RS03AXBS,LJ03A,CTDPF
RS03AXBS-LJ03A-12-CTDPFB301,driver_timestamp,driver_timestamp,,,ENG,seconds since 1900-01-01,RS03AXBS,LJ03A,CTDPF
RS03AXBS-LJ03A-12-CTDPFB301,firmware_version,firmware_version,,,ENG,1,RS03AXBS,LJ03A,CTDPF
RS03AXBS-LJ03A-12-CTDPFB301,pressure_sensor_range,pressure_sensor_range,,,ENG,psi,RS03AXBS,LJ03A,CTDPF
RS03AXBS-LJ03A-12-CTDPFB301,operational_current,operational_current,,,ENG,mA,RS03AXBS,LJ03A,CTDPF
RS03AXBS-LJ03A-12-CTDPFB301,battery_voltage_main,battery_voltage_main,,,ENG,V,RS03AXBS,LJ03A,CTDPF
RS03AXBS-LJ03A-12-CTDPFB301,battery_voltage_lithium,battery_voltage_lithium,,,ENG,V,RS03AXBS,LJ03A,CTDPF
RS03AXBS-LJ03A-12-CTDPFB301,calibration_date_pressure,calibration_date_pressure,,,ENG,1,RS03AXBS,LJ03A,CTDPF
RS03AXBS-LJ03A-12-CTDPFB301,preferred_timestamp,preferred_timestamp,,,ENG,1,RS03AXBS,LJ03A,CTDPF
RS03AXBS-LJ03A-12-CTDPFB301,press_coeff_poffset,press_coeff_poffset,,,ENG,counts,RS03AXBS,LJ03A,CTDPF
RS03AXBS-LJ03A-12-CTDPFB301,calibration_date_temperature,calibration_date_temperature,,,ENG,1,RS03AXBS,LJ03A,CTDPF
RS03AXBS-LJ03A-12-CTDPFB301,temp_coeff_ta0,temp_coeff_ta0,,,ENG,counts,RS03AXBS,LJ03A,CTDPF
RS03AXBS-LJ03A-12-CTDPFB301,temp_coeff_ta1,temp_coeff_ta1,,,ENG,counts,RS03AXBS,LJ03A,CTDPF
RS03AXBS-LJ03A-12-CTDPFB301,temp_coeff_ta2,temp_coeff_ta2,,,ENG,counts,RS03AXBS,LJ03A,CTDPF
RS03AXBS-LJ03A-12-CTDPFB301,temp_coeff_ta3,temp_coeff_ta3,,,ENG,counts,RS03AXBS,LJ03A,CTDPF
RS03AXBS-LJ03A-12-CTDPFB301,calibration_date_conductivity,calibration_date_conductivity,,,ENG,1,RS03AXBS,LJ03A,CTDPF
RS03AXBS-LJ03A-12-CTDPFB301,cond_coeff_cg,cond_coeff_cg,,,ENG,counts,RS03AXBS,LJ03A,CTDPF
RS03AXBS-LJ03A-12-CTDPFB301,cond_coeff_ch,cond_coeff_ch,,,ENG,counts,RS03AXBS,LJ03A,CTDPF
RS03AXBS-LJ03A-12-CTDPFB301,cond_coeff_ci,cond_coeff_ci,,,ENG,counts,RS03AXBS,LJ03A,CTDPF
RS03AXBS-LJ03A-12-CTDPFB301,cond_coeff_cj,cond_coeff_cj,,,ENG,counts,RS03AXBS,LJ03A,CTDPF
RS03AXBS-LJ03A-12-CTDPFB301,cond_coeff_ctcor,cond_coeff_ctcor,,,ENG,counts,RS03AXBS,LJ03A,CTDPF
RS03AXBS-LJ03A-12-CTDPFB301,cond_coeff_cpcor,cond_coeff_cpcor,,,ENG,counts,RS03AXBS,LJ03A,CTDPF
RS03AXBS-LJ03A-12-CTDPFB301,cond_coeff_cslope,cond_coeff_cslope,,,ENG,counts,RS03AXBS,LJ03A,CTDPF
RS03AXBS-LJ03A-12-CTDPFB301,temperature,temperature,,,L0,counts,RS03AXBS,LJ03A,CTDPF
RS03AXBS-LJ03A-12-CTDPFB301,conductivity,conductivity,,,L0,counts,RS03AXBS,LJ03A,CTDPF
RS03AXBS-LJ03A-12-CTDPFB301,pressure,pressure,,,L0,counts,RS03AXBS,LJ03A,CTDPF
RS03AXBS-LJ03A-12-CTDPFB301,pressure_temp,pressure_temp,,,L0,counts,RS03AXBS,LJ03A,CTDPF
RS03AXBS-LJ03A-12-CTDPFB301,oxygen,oxygen,,,L0,counts,RS03AXBS,LJ03A,CTDPF
RS03AXBS-LJ03A-12-CTDPFB301,pump_current,pump_current,,,ENG,mA,RS03AXBS,LJ03A,CTDPF
RS03AXBS-LJ03A-12-CTDPFB301,ext_v01_current,ext_v01_current,,,ENG,mA,RS03AXBS,LJ03A,CTDPF
RS03AXBS-LJ03A-12-CTDPFB301,serial_current,serial_current,,,ENG,mA,RS03AXBS,LJ03A,CTDPF
RS03AXBS-LJ03A-12-CTDPFB301,logging_status,logging_status,,,ENG,1,RS03AXBS,LJ03A,CTDPF
RS03AXBS-LJ03A-12-CTDPFB301,num_samples,num_samples,,,ENG,counts,RS03AXBS,LJ03A,CTDPF
RS03AXBS-LJ03A-12-CTDPFB301,mem_free,mem_free,,,ENG,bytes,RS03AXBS,LJ03A,CTDPF
RS03AXBS-LJ03A-12-CTDPFB301,battery_cutoff,battery_cutoff,,,ENG,V,RS03AXBS,LJ03A,CTDPF
RS03AXBS-LJ03A-12-CTDPFB301,pressure_sensor_type,pressure_sensor_type,,,ENG,1,RS03AXBS,LJ03A,CTDPF
RS03AXBS-LJ03A-12-CTDPFB301,sbe38,sbe38,,,ENG,1,RS03AXBS,LJ03A,CTDPF
RS03AXBS-LJ03A-12-CTDPFB301,wetlabs,wetlabs,,,ENG,1,RS03AXBS,LJ03A,CTDPF
RS03AXBS-LJ03A-12-CTDPFB301,optode,optode,,,ENG,1,RS03AXBS,LJ03A,CTDPF
RS03AXBS-LJ03A-12-CTDPFB301,gas_tension_device,gas_tension_device,,,ENG,1,RS03AXBS,LJ03A,CTDPF
RS03AXBS-LJ03A-12-CTDPFB301,ext_volt_0,ext_volt_0,,,ENG,1,RS03AXBS,LJ03A,CTDPF
RS03AXBS-LJ03A-12-CTDPFB301,ext_volt_1,ext_volt_1,,,ENG,1,RS03AXBS,LJ03A,CTDPF
RS03AXBS-LJ03A-12-CTDPFB301,ext_volt_2,ext_volt_2,,,ENG,1,RS03AXBS,LJ03A,CTDPF
RS03AXBS-LJ03A-12-CTDPFB301,ext_volt_3,ext_volt_3,,,ENG,1,RS03AXBS,LJ03A,CTDPF
RS03AXBS-LJ03A-12-CTDPFB301,ext_volt_4,ext_volt_4,,,ENG,1,RS03AXBS,LJ03A,CTDPF
RS03AXBS-LJ03A-12-CTDPFB301,ext_volt_5,ext_volt_5,,,ENG,1,RS03AXBS,LJ03A,CTDPF
RS03AXBS-LJ03A-12-CTDPFB301,echo_characters,echo_characters,,,ENG,1,RS03AXBS,LJ03A,CTDPF
RS03AXBS-LJ03A-12-CTDPFB301,output_format,output_format,,,ENG,1,RS03AXBS,LJ03A,CTDPF
RS03AXBS-LJ03A-12-CTDPFB301,strain_pressure_sensor_serial_number,strain_pressure_sensor_serial_number,,,ENG,1,RS03AXBS,LJ03A,CTDPF
RS03AXBS-LJ03A-12-CTDPFB301,volt0_type,volt0_type,,,ENG,1,RS03AXBS,LJ03A,CTDPF
RS03AXBS-LJ03A-12-CTDPFB301,volt0_serial_number,volt0_serial_number,,,ENG,1,RS03AXBS,LJ03A,CTDPF
RS03AXBS-LJ03A-12-CTDPFB301,volt1_type,volt1_type,,,ENG,1,RS03AXBS,LJ03A,CTDPF
RS03AXBS-LJ03A-12-CTDPFB301,volt1_serial_number,volt1_serial_number,,,ENG,1,RS03AXBS,LJ03A,CTDPF
RS03AXBS-LJ03A-12-CTDPFB301,temp_coeff_offset,temp_coeff_offset,,,ENG,counts,RS03AXBS,LJ03A,CTDPF
RS03AXBS-LJ03A-12-CTDPFB301,profiles,profiles,,,ENG,counts,RS03AXBS,LJ03A,CTDPF
RS03AXBS-LJ03A-12-CTDPFB301,scans_to_average,scans_to_average,,,ENG,counts,RS03AXBS,LJ03A,CTDPF
RS03AXBS-LJ03A-12-CTDPFB301,min_cond_freq,min_cond_freq,,,ENG,counts,RS03AXBS,LJ03A,CTDPF
RS03AXBS-LJ03A-12-CTDPFB301,pump_delay,pump_delay,,,ENG,counts,RS03AXBS,LJ03A,CTDPF
RS03AXBS-LJ03A-12-CTDPFB301,auto_run,auto_run,,,ENG,1,RS03AXBS,LJ03A,CTDPF
RS03AXBS-LJ03A-12-CTDPFB301,ignore_switch,ignore_switch,,,ENG,1,RS03AXBS,LJ03A,CTDPF
RS03AXBS-LJ03A-12-CTDPFB301,battery_type,battery_type,,,ENG,1,RS03AXBS,LJ03A,CTDPF
RS03AXBS-LJ03A-12-CTDPFB301,sbe63,sbe63,,,ENG,1,RS03AXBS,LJ03A,CTDPF
RS03AXBS-LJ03A-12-CTDPFB301,calphase,calphase,,,ENG,degrees,RS03AXBS,LJ03A,CTDPF
RS03AXBS-LJ03A-12-CTDPFB301,enable_temperature,enable_temperature,,,ENG,1,RS03AXBS,LJ03A,CTDPF
RS03AXBS-LJ03A-12-CTDPFB301,enable_humiditycomp,enable_humiditycomp,,,ENG,1,RS03AXBS,LJ03A,CTDPF
RS03AXBS-LJ03A-12-CTDPFB301,enable_airsaturation,enable_airsaturation,,,ENG,1,RS03AXBS,LJ03A,CTDPF
RS03AXBS-LJ03A-12-CTDPFB301,enable_rawdata,enable_rawdata,,,ENG,1,RS03AXBS,LJ03A,CTDPF
RS03AXBS-LJ03A-12-CTDPFB301,analog_output,analog_output,,,ENG,1,RS03AXBS,LJ03A,CTDPF
RS03AXBS-LJ03A-12-CTDPFB301,interval,interval,,,ENG,seconds,RS03AXBS,LJ03A,CTDPF
RS03AXBS-LJ03A-12-CTDPFB301,press_coeff_pa0,press_coeff_pa0,,,ENG,counts,RS03AXBS,LJ03A,CTDPF
RS03AXBS-LJ03A-12-CTDPFB301,press_coeff_pa1,press_coeff_pa1,,,ENG,counts,RS03AXBS,LJ03A,CTDPF
RS03AXBS-LJ03A-12-CTDPFB301,press_coeff_pa2,press_coeff_pa2,,,ENG,counts,RS03AXBS,LJ03A,CTDPF
RS03AXBS-LJ03A-12-CTDPFB301,press_coeff_ptempa0,press_coeff_ptempa0,,,,1,RS03AXBS,LJ03A,CTDPF
RS03AXBS-LJ03A-12-CTDPFB301,press_coeff_ptempa1,press_coeff_ptempa1,,,,1,RS03AXBS,LJ03A,CTDPF
RS03AXBS-LJ03A-12-CTDPFB301,press_coeff_ptempa2,press_coeff_ptempa2,,,,1,RS03AXBS,LJ03A,CTDPF
RS03AXBS-LJ03A-12-CTDPFB301,press_coeff_ptca0,press_coeff_ptca0,,,,1,RS03AXBS,LJ03A,CTDPF
RS03AXBS-LJ03A-12-CTDPFB301,press_coeff_ptca1,press_coeff_ptca1,,,,1,RS03AXBS,LJ03A,CTDPF
RS03AXBS-LJ03A-12-CTDPFB301,press_coeff_ptca2,press_coeff_ptca2,,,,1,RS03AXBS,LJ03A,CTDPF
RS03AXBS-LJ03A-12-CTDPFB301,press_coeff_ptcb0,press_coeff_ptcb0,,,,1,RS03AXBS,LJ03A,CTDPF
RS03AXBS-LJ03A-12-CTDPFB301,press_coeff_ptcb1,press_coeff_ptcb1,,,,1,RS03AXBS,LJ03A,CTDPF
RS03AXBS-LJ03A-12-CTDPFB301,press_coeff_ptcb2,press_coeff_ptcb2,,,,1,RS03AXBS,LJ03A,CTDPF
RS03AXBS-LJ03A-12-CTDPFB301,ext_volt0_slope,ext_volt0_slope,,,ENG,counts,RS03AXBS,LJ03A,CTDPF
RS03AXBS-LJ03A-12-CTDPFB301,ext_volt0_offset,ext_volt0_offset,,,ENG,counts,RS03AXBS,LJ03A,CTDPF
RS03AXBS-LJ03A-12-CTDPFB301,ext_volt1_slope,ext_volt1_slope,,,ENG,counts,RS03AXBS,LJ03A,CTDPF
RS03AXBS-LJ03A-12-CTDPFB301,ext_volt1_offset,ext_volt1_offset,,,ENG,counts,RS03AXBS,LJ03A,CTDPF
RS03AXBS-LJ03A-12-CTDPFB301,ext_volt2_slope,ext_volt2_slope,,,ENG,counts,RS03AXBS,LJ03A,CTDPF
RS03AXBS-LJ03A-12-CTDPFB301,ext_volt2_offset,ext_volt2_offset,,,ENG,counts,RS03AXBS,LJ03A,CTDPF
RS03AXBS-LJ03A-12-CTDPFB301,ext_volt3_slope,ext_volt3_slope,,,ENG,counts,RS03AXBS,LJ03A,CTDPF
RS03AXBS-LJ03A-12-CTDPFB301,ext_volt3_offset,ext_volt3_offset,,,ENG,counts,RS03AXBS,LJ03A,CTDPF
RS03AXBS-LJ03A-12-CTDPFB301,ext_volt4_slope,ext_volt4_slope,,,ENG,counts,RS03AXBS,LJ03A,CTDPF
RS03AXBS-LJ03A-12-CTDPFB301,ext_volt4_offset,ext_volt4_offset,,,ENG,counts,RS03AXBS,LJ03A,CTDPF
RS03AXBS-LJ03A-12-CTDPFB301,ext_volt5_slope,ext_volt5_slope,,,ENG,counts,RS03AXBS,LJ03A,CTDPF
RS03AXBS-LJ03A-12-CTDPFB301,ext_volt5_offset,ext_volt5_offset,,,ENG,counts,RS03AXBS,LJ03A,CTDPF
RS03AXBS-LJ03A-12-CTDPFB301,ext_freq_sf,ext_freq_sf,,,ENG,counts,RS03AXBS,LJ03A,CTDPF
RS03AXBS-LJ03A-12-CTDPFB301,temp_sensor_serial_number,temp_sensor_serial_number,,,ENG,counts,RS03AXBS,LJ03A,CTDPF
RS03AXBS-LJ03A-12-CTDPFB301,cond_sensor_serial_number,cond_sensor_serial_number,,,ENG,counts,RS03AXBS,LJ03A,CTDPF
RS03AXBS-LJ03A-12-CTDPFB301,command_set_version,command_set_version,,,ENG,1,RS03AXBS,LJ03A,CTDPF
RS03AXBS-LJ03A-12-CTDPFB301,assembly_number,assembly_number,,,ENG,1,RS03AXBS,LJ03A,CTDPF
RS03AXBS-LJ03A-12-CTDPFB301,num_events,num_events,,,ENG,counts,RS03AXBS,LJ03A,CTDPF
RS03AXBS-LJ03A-12-CTDPFB301,samples_free,samples_free,,,ENG,counts,RS03AXBS,LJ03A,CTDPF
RS03AXBS-LJ03A-12-CTDPFB301,sample_length,sample_length,,,ENG,bytes,RS03AXBS,LJ03A,CTDPF
RS03AXBS-LJ03A-12-CTDPFB301,output_executed_tag,output_executed_tag,,,ENG,1,RS03AXBS,LJ03A,CTDPF
RS03AXBS-LJ03A-12-CTDPFB301,pressure_sensor_serial_number,pressure_sensor_serial_number,,,ENG,counts,RS03AXBS,LJ03A,CTDPF
RS03AXBS-LJ03A-12-CTDPFB301,mode,mode,,,ENG,1,RS03AXBS,LJ03A,CTDPF
RS03AXBS-LJ03A-12-CTDPFB301,firmware_date,firmware_date,,,ENG,1,RS03AXBS,LJ03A,CTDPF
RS03AXBS-LJ03A-12-CTDPFB301,pcb_serial_number,pcb_serial_number,,,ENG,1,RS03AXBS,LJ03A,CTDPF
RS03AXBS-LJ03A-12-CTDPFB301,manufacture_date,manufacture_date,,,ENG,1,RS03AXBS,LJ03A,CTDPF
RS03AXBS-LJ03A-12-CTDPFB301,serial_number,serial_number,,,ENG,counts,RS03AXBS,LJ03A,CTDPF
RS03AXBS-LJ03A-12-CTDPFB301,oxy_calphase,oxy_calphase,,,L0,counts,RS03AXBS,LJ03A,CTDPF
RS03AXBS-LJ03A-12-CTDPFB301,oxy_temp,oxy_temp,,,L0,counts,RS03AXBS,LJ03A,CTDPF
RS03AXBS-LJ03A-12-CTDPFB301,seawater_temperature,seawater_temperature,-2,40,L1,deg_C,RS03AXBS,LJ03A,CTDPF
RS03AXBS-LJ03A-12-CTDPFB301,seawater_pressure,seawater_pressure,0,6000,L1,dbar,RS03AXBS,LJ03A,CTDPF
RS03AXBS-LJ03A-12-CTDPFB301,seawater_conductivity,seawater_conductivity,0,6,L1,S m-1,RS03AXBS,LJ03A,CTDPF
RS03AXBS-LJ03A-12-CTDPFB301,practical_salinity,practical_salinity,0,42,L2,1,RS03AXBS,LJ03A,CTDPF
RS03AXBS-LJ03A-12-CTDPFB301,seawater_density,seawater_density,1000,1100,L2,kg m-3,RS03AXBS,LJ03A,CTDPF
RS03AXBS-LJ03A-12-CTDPFB301,date_time_string,date_time_string,,,ENG,1,RS03AXBS,LJ03A,CTDPF
RS03AXBS-LJ03A-12-CTDPFB301,ctd_tc_oxygen,ctd_tc_oxygen,,,L1,umol L-1,RS03AXBS,LJ03A,CTDPF
RS03AXBS-LJ03A-12-CTDPFB301,ctd_abs_oxygen,ctd_abs_oxygen,0,400,L2,umol kg-1,RS03AXBS,LJ03A,CTDPF
RS03AXBS-LJ03A-12-DOSTAD301,port_timestamp,port_timestamp,,,ENG,seconds since 1900-01-01,RS03AXBS,LJ03A,DOSTA
RS03AXBS-LJ03A-12-DOSTAD301,driver_timestamp,driver_timestamp,,,ENG,seconds since 1900-01-01,RS03AXBS,LJ03A,DOSTA
RS03AXBS-LJ03A-12-DOSTAD301,preferred_timestamp,preferred_timestamp,,,ENG,1,RS03AXBS,LJ03A,DOSTA
RS03AXBS-LJ03A-12-DOSTAD301,temperature,temperature,,,L0,counts,RS03AXBS,LJ03A,DOSTA
RS03AXBS-LJ03A-12-DOSTAD301,conductivity,conductivity,,,L0,counts,RS03AXBS,LJ03A,DOSTA
RS03AXBS-LJ03A-12-DOSTAD301,pressure,pressure,,,L0,counts,RS03AXBS,LJ03A,DOSTA
RS03AXBS-LJ03A-12-DOSTAD301,pressure_temp,pressure_temp,,,L0,counts,RS03AXBS,LJ03A,DOSTA
RS03AXBS-LJ03A-12-DOSTAD301,oxygen,oxygen,,,L0,counts,RS03AXBS,LJ03A,DOSTA
RS03AXBS-LJ03A-12-DOSTAD301,oxy_calphase,oxy_calphase,,,L0,counts,RS03AXBS,LJ03A,DOSTA
RS03AXBS-LJ03A-12-DOSTAD301,oxy_temp,oxy_temp,,,L0,counts,RS03AXBS,LJ03A,DOSTA
RS03AXBS-LJ03A-12-DOSTAD301,seawater_temperature,seawater_temperature,-2,40,L1,deg_C,RS03AXBS,LJ03A,DOSTA
RS03AXBS-LJ03A-12-DOSTAD301,seawater_pressure,seawater_pressure,0,6000,L1,dbar,RS03AXBS,LJ03A,DOSTA
RS03AXBS-LJ03A-12-DOSTAD301,seawater_conductivity,seawater_conductivity,0,6,L1,S m-1,RS03AXBS,LJ03A,DOSTA
RS03AXBS-LJ03A-12-DOSTAD301,practical_salinity,practical_salinity,0,42,L2,1,RS03AXBS,LJ03A,DOSTA
RS03AXBS-LJ03A-12-DOSTAD301,seawater_density,seawater_density,1000,1100,L2,kg m-3,RS03AXBS,LJ03A,DOSTA
RS03AXBS-LJ03A-12-DOSTAD301,ctd_tc_oxygen,ctd_tc_oxygen,,,L1,umol L-1,RS03AXBS,LJ03A,DOSTA
RS03AXBS-LJ03A-12-DOSTAD301,ctd_abs_oxygen,ctd_abs_oxygen,0,400,L2,umol kg-1,RS03AXBS,LJ03A,DOSTA
RS03AXBS-MJ03A-06-PRESTA301,port_timestamp,port_timestamp,,,ENG,seconds since 1900-01-01,RS03AXBS,MJ03A,PREST
RS03AXBS-MJ03A-06-PRESTA301,driver_timestamp,driver_timestamp,,,ENG,seconds since 1900-01-01,RS03AXBS,MJ03A,PREST
RS03AXBS-MJ03A-06-PRESTA301,firmware_version,firmware_version,,,ENG,1,RS03AXBS,MJ03A,PREST
RS03AXBS-MJ03A-06-PRESTA301,internal_timestamp,internal_timestamp,,,ENG,seconds since 1900-01-01,RS03AXBS,MJ03A,PREST
RS03AXBS-MJ03A-06-PRESTA301,battery_voltage_main,battery_voltage_main,,,ENG,V,RS03AXBS,MJ03A,PREST
RS03AXBS-MJ03A-06-PRESTA301,calibration_date_pressure,calibration_date_pressure,,,ENG,1,RS03AXBS,MJ03A,PREST
RS03AXBS-MJ03A-06-PRESTA301,press_coeff_pu0,press_coeff_pu0,,,ENG,1,RS03AXBS,MJ03A,PREST
RS03AXBS-MJ03A-06-PRESTA301,preferred_timestamp,preferred_timestamp,,,ENG,1,RS03AXBS,MJ03A,PREST
RS03AXBS-MJ03A-06-PRESTA301,press_coeff_py1,press_coeff_py1,,,ENG,1,RS03AXBS,MJ03A,PREST
RS03AXBS-MJ03A-06-PRESTA301,press_coeff_py2,press_coeff_py2,,,ENG,1,RS03AXBS,MJ03A,PREST
RS03AXBS-MJ03A-06-PRESTA301,press_coeff_py3,press_coeff_py3,,,ENG,1,RS03AXBS,MJ03A,PREST
RS03AXBS-MJ03A-06-PRESTA301,press_coeff_pc1,press_coeff_pc1,,,ENG,1,RS03AXBS,MJ03A,PREST
RS03AXBS-MJ03A-06-PRESTA301,press_coeff_pc2,press_coeff_pc2,,,ENG,1,RS03AXBS,MJ03A,PREST
RS03AXBS-MJ03A-06-PRESTA301,press_coeff_pc3,press_coeff_pc3,,,ENG,1,RS03AXBS,MJ03A,PREST
RS03AXBS-MJ03A-06-PRESTA301,press_coeff_pd1,press_coeff_pd1,,,ENG,1,RS03AXBS,MJ03A,PREST
RS03AXBS-MJ03A-06-PRESTA301,press_coeff_pd2,press_coeff_pd2,,,ENG,1,RS03AXBS,MJ03A,PREST
RS03AXBS-MJ03A-06-PRESTA301,press_coeff_pt1,press_coeff_pt1,,,ENG,1,RS03AXBS,MJ03A,PREST
RS03AXBS-MJ03A-06-PRESTA301,press_coeff_pt2,press_coeff_pt2,,,ENG,1,RS03AXBS,MJ03A,PREST
RS03AXBS-MJ03A-06-PRESTA301,press_coeff_pt3,press_coeff_pt3,,,ENG,1,RS03AXBS,MJ03A,PREST
RS03AXBS-MJ03A-06-PRESTA301,press_coeff_pt4,press_coeff_pt4,,,ENG,1,RS03AXBS,MJ03A,PREST
RS03AXBS-MJ03A-06-PRESTA301,press_coeff_poffset,press_coeff_poffset,,,ENG,psi,RS03AXBS,MJ03A,PREST
RS03AXBS-MJ03A-06-PRESTA301,set_timeout,set_timeout,,,ENG,ms,RS03AXBS,MJ03A,PREST
RS03AXBS-MJ03A-06-PRESTA301,set_timeout_max,set_timeout_max,,,ENG,ms,RS03AXBS,MJ03A,PREST
RS03AXBS-MJ03A-06-PRESTA301,set_timeout_icd,set_timeout_icd,,,ENG,ms,RS03AXBS,MJ03A,PREST
RS03AXBS-MJ03A-06-PRESTA301,reference_oscillator_freq,reference_oscillator_freq,,,ENG,Hz,RS03AXBS,MJ03A,PREST
RS03AXBS-MJ03A-06-PRESTA301,pcb_thermistor_value,pcb_thermistor_value,,,ENG,counts,RS03AXBS,MJ03A,PREST
RS03AXBS-MJ03A-06-PRESTA301,reference_error,reference_error,,,ENG,ppm,RS03AXBS,MJ03A,PREST
RS03AXBS-MJ03A-06-PRESTA301,device_type,device_type,,,ENG,1,RS03AXBS,MJ03A,PREST
RS03AXBS-MJ03A-06-PRESTA301,calibration_date_acq_crystal,calibration_date_acq_crystal,,,ENG,1,RS03AXBS,MJ03A,PREST
RS03AXBS-MJ03A-06-PRESTA301,acq_crystal_coeff_fra0,acq_crystal_coeff_fra0,,,ENG,1,RS03AXBS,MJ03A,PREST
RS03AXBS-MJ03A-06-PRESTA301,acq_crystal_coeff_fra1,acq_crystal_coeff_fra1,,,ENG,1,RS03AXBS,MJ03A,PREST
RS03AXBS-MJ03A-06-PRESTA301,acq_crystal_coeff_fra2,acq_crystal_coeff_fra2,,,ENG,1,RS03AXBS,MJ03A,PREST
RS03AXBS-MJ03A-06-PRESTA301,acq_crystal_coeff_fra3,acq_crystal_coeff_fra3,,,ENG,1,RS03AXBS,MJ03A,PREST
RS03AXBS-MJ03A-06-PRESTA301,pressure_sensor_serial_number,pressure_sensor_serial_number,,,ENG,1,RS03AXBS,MJ03A,PREST
RS03AXBS-MJ03A-06-PRESTA301,pressure_sensor_range,pressure_sensor_range,,,ENG,psi,RS03AXBS,MJ03A,PREST
RS03AXBS-MJ03A-06-PRESTA301,battery_type,battery_type,,,ENG,1,RS03AXBS,MJ03A,PREST
RS03AXBS-MJ03A-06-PRESTA301,baud_rate,baud_rate,,,ENG,Bd,RS03AXBS,MJ03A,PREST
RS03AXBS-MJ03A-06-PRESTA301,enable_alerts,enable_alerts,,,ENG,1,RS03AXBS,MJ03A,PREST
RS03AXBS-MJ03A-06-PRESTA301,upload_type,upload_type,,,ENG,1,RS03AXBS,MJ03A,PREST
RS03AXBS-MJ03A-06-PRESTA301,sample_period,sample_period,,,ENG,s,RS03AXBS,MJ03A,PREST
RS03AXBS-MJ03A-06-PRESTA301,event_count,event_count,,,ENG,count,RS03AXBS,MJ03A,PREST
RS03AXBS-MJ03A-06-PRESTA301,bytes_used,bytes_used,,,ENG,1,RS03AXBS,MJ03A,PREST
RS03AXBS-MJ03A-06-PRESTA301,pressure_temp,pressure_temp,,,AUX,deg_C,RS03AXBS,MJ03A,PREST
RS03AXBS-MJ03A-06-PRESTA301,bytes_free,bytes_free,,,ENG,1,RS03AXBS,MJ03A,PREST
RS03AXBS-MJ03A-06-PRESTA301,manufacturer,manufacturer,,,ENG,1,RS03AXBS,MJ03A,PREST
RS03AXBS-MJ03A-06-PRESTA301,max_stack,max_stack,,,ENG,1,RS03AXBS,MJ03A,PREST
RS03AXBS-MJ03A-06-PRESTA301,date_time_str,date_time_str,,,ENG,1,RS03AXBS,MJ03A,PREST
RS03AXBS-MJ03A-06-PRESTA301,firmware_date,firmware_date,,,ENG,1,RS03AXBS,MJ03A,PREST
RS03AXBS-MJ03A-06-PRESTA301,hardware_version,hardware_version,,,ENG,1,RS03AXBS,MJ03A,PREST
RS03AXBS-MJ03A-06-PRESTA301,pcb_serial_number,pcb_serial_number,,,ENG,1,RS03AXBS,MJ03A,PREST
RS03AXBS-MJ03A-06-PRESTA301,pcb_type,pcb_type,,,ENG,1,RS03AXBS,MJ03A,PREST
RS03AXBS-MJ03A-06-PRESTA301,manufacture_date,manufacture_date,,,ENG,1,RS03AXBS,MJ03A,PREST
RS03AXBS-MJ03A-06-PRESTA301,number_events,number_events,,,ENG,1,RS03AXBS,MJ03A,PREST
RS03AXBS-MJ03A-06-PRESTA301,power_on_reset,power_on_reset,,,ENG,1,RS03AXBS,MJ03A,PREST
RS03AXBS-MJ03A-06-PRESTA301,power_fail_reset,power_fail_reset,,,ENG,1,RS03AXBS,MJ03A,PREST
RS03AXBS-MJ03A-06-PRESTA301,serial_byte_error,serial_byte_error,,,ENG,1,RS03AXBS,MJ03A,PREST
RS03AXBS-MJ03A-06-PRESTA301,command_buffer_overflow,command_buffer_overflow,,,ENG,1,RS03AXBS,MJ03A,PREST
RS03AXBS-MJ03A-06-PRESTA301,serial_receive_overflow,serial_receive_overflow,,,ENG,1,RS03AXBS,MJ03A,PREST
RS03AXBS-MJ03A-06-PRESTA301,low_battery,low_battery,,,ENG,1,RS03AXBS,MJ03A,PREST
RS03AXBS-MJ03A-06-PRESTA301,signal_error,signal_error,,,ENG,1,RS03AXBS,MJ03A,PREST
RS03AXBS-MJ03A-06-PRESTA301,error_10,error_10,,,ENG,1,RS03AXBS,MJ03A,PREST
RS03AXBS-MJ03A-06-PRESTA301,error_12,error_12,,,ENG,1,RS03AXBS,MJ03A,PREST
RS03AXBS-MJ03A-06-PRESTA301,serial_number,serial_number,,,ENG,1,RS03AXBS,MJ03A,PREST
RS03AXBS-MJ03A-06-PRESTA301,time,time,,,ENG,seconds since 1900-01-01,RS03AXBS,MJ03A,PREST
RS03AXBS-MJ03A-06-PRESTA301,sample_number,sample_number,,,ENG,count,RS03AXBS,MJ03A,PREST
RS03AXBS-MJ03A-06-PRESTA301,sample_type,sample_type,,,ENG,1,RS03AXBS,MJ03A,PREST
RS03AXBS-MJ03A-06-PRESTA301,ingestion_timestamp,ingestion_timestamp,,,ENG,seconds since 1900-01-01,RS03AXBS,MJ03A,PREST
RS03AXBS-MJ03A-06-PRESTA301,seafloor_pressure,seafloor_pressure,0,6000,L1,dbar,RS03AXBS,MJ03A,PREST
RS03AXBS-MJ03A-06-PRESTA301,date_time_string,date_time_string,,,,1,RS03AXBS,MJ03A,PREST
RS03AXBS-MJ03A-06-PRESTA301,date_time_string,date_time_string,,,ENG,1,RS03AXBS,MJ03A,PREST
RS03AXBS-MJ03A-06-PRESTA301,absolute_pressure,absolute_pressure,,,L0,psia,RS03AXBS,MJ03A,PREST
RS03AXBS-MJ03A-12-VEL3DB301,port_timestamp,port_timestamp,,,ENG,seconds since 1900-01-01,RS03AXBS,MJ03A,VEL3D
RS03AXBS-MJ03A-12-VEL3DB301,driver_timestamp,driver_timestamp,,,ENG,seconds since 1900-01-01,RS03AXBS,MJ03A,VEL3D
RS03AXBS-MJ03A-12-VEL3DB301,internal_timestamp,internal_timestamp,,,ENG,seconds since 1900-01-01,RS03AXBS,MJ03A,VEL3D
RS03AXBS-MJ03A-12-VEL3DB301,preferred_timestamp,preferred_timestamp,,,ENG,1,RS03AXBS,MJ03A,VEL3D
RS03AXBS-MJ03A-12-VEL3DB301,pitch,pitch,,,ENG,degrees,RS03AXBS,MJ03A,VEL3D
RS03AXBS-MJ03A-12-VEL3DB301,roll,roll,,,ENG,degrees,RS03AXBS,MJ03A,VEL3D
RS03AXBS-MJ03A-12-VEL3DB301,temperature,temperature,-2,40,ENG,deg_C,RS03AXBS,MJ03A,VEL3D
RS03AXBS-MJ03A-12-VEL3DB301,velocity_beam_a,velocity_beam_a,,,ENG,counts,RS03AXBS,MJ03A,VEL3D
RS03AXBS-MJ03A-12-VEL3DB301,velocity_beam_b,velocity_beam_b,,,ENG,counts,RS03AXBS,MJ03A,VEL3D
RS03AXBS-MJ03A-12-VEL3DB301,velocity_beam_c,velocity_beam_c,,,ENG,counts,RS03AXBS,MJ03A,VEL3D
RS03AXBS-MJ03A-12-VEL3DB301,velocity_beam_d,velocity_beam_d,,,ENG,counts,RS03AXBS,MJ03A,VEL3D
RS03AXBS-MJ03A-12-VEL3DB301,turbulent_velocity_east,turbulent_velocity_east,,,L0,cm s-1,RS03AXBS,MJ03A,VEL3D
RS03AXBS-MJ03A-12-VEL3DB301,turbulent_velocity_north,turbulent_velocity_north,,,L0,cm s-1,RS03AXBS,MJ03A,VEL3D
RS03AXBS-MJ03A-12-VEL3DB301,turbulent_velocity_up,turbulent_velocity_up,,,L0,cm s-1,RS03AXBS,MJ03A,VEL3D
RS03AXBS-MJ03A-12-VEL3DB301,mag_comp_x,mag_comp_x,,,ENG,1,RS03AXBS,MJ03A,VEL3D
RS03AXBS-MJ03A-12-VEL3DB301,mag_comp_y,mag_comp_y,,,ENG,1,RS03AXBS,MJ03A,VEL3D
RS03AXBS-MJ03A-12-VEL3DB301,time,time,,,ENG,seconds since 1900-01-01,RS03AXBS,MJ03A,VEL3D
RS03AXBS-MJ03A-12-VEL3DB301,sample_period,sample_period,,,ENG,s,RS03AXBS,MJ03A,VEL3D
RS03AXBS-MJ03A-12-VEL3DB301,samples_per_burst,samples_per_burst,,,ENG,counts,RS03AXBS,MJ03A,VEL3D
RS03AXBS-MJ03A-12-VEL3DB301,bin_to_si_conversion,bin_to_si_conversion,,,ENG,1,RS03AXBS,MJ03A,VEL3D
RS03AXBS-MJ03A-12-VEL3DB301,ingestion_timestamp,ingestion_timestamp,,,ENG,seconds since 1900-01-01,RS03AXBS,MJ03A,VEL3D
RS03AXBS-MJ03A-12-VEL3DB301,eastward_turbulent_velocity,eastward_turbulent_velocity,-3,3,L1,m s-1,RS03AXBS,MJ03A,VEL3D
RS03AXBS-MJ03A-12-VEL3DB301,northward_turbulent_velocity,northward_turbulent_velocity,-3,3,L1,m s-1,RS03AXBS,MJ03A,VEL3D
RS03AXBS-MJ03A-12-VEL3DB301,upward_turbulent_velocity,upward_turbulent_velocity,-1,1,L1,m s-1,RS03AXBS,MJ03A,VEL3D
RS03AXBS-MJ03A-12-VEL3DB301,date_time_string,date_time_string,,,ENG,1,RS03AXBS,MJ03A,VEL3D
RS03AXBS-MJ03A-12-VEL3DB301,velocity_offset_a,velocity_offset_a,,,ENG,counts,RS03AXBS,MJ03A,VEL3D
RS03AXBS-MJ03A-12-VEL3DB301,velocity_offset_b,velocity_offset_b,,,ENG,counts,RS03AXBS,MJ03A,VEL3D
RS03AXBS-MJ03A-12-VEL3DB301,velocity_offset_c,velocity_offset_c,,,ENG,counts,RS03AXBS,MJ03A,VEL3D
RS03AXBS-MJ03A-12-VEL3DB301,velocity_offset_d,velocity_offset_d,,,ENG,counts,RS03AXBS,MJ03A,VEL3D
RS03AXBS-MJ03A-12-VEL3DB301,compass_offset_0,compass_offset_0,,,ENG,1,RS03AXBS,MJ03A,VEL3D
RS03AXBS-MJ03A-12-VEL3DB301,compass_offset_1,compass_offset_1,,,ENG,1,RS03AXBS,MJ03A,VEL3D
RS03AXBS-MJ03A-12-VEL3DB301,compass_offset_2,compass_offset_2,,,ENG,1,RS03AXBS,MJ03A,VEL3D
RS03AXBS-MJ03A-12-VEL3DB301,compass_scale_factor_0,compass_scale_factor_0,,,ENG,1,RS03AXBS,MJ03A,VEL3D
RS03AXBS-MJ03A-12-VEL3DB301,compass_scale_factor_1,compass_scale_factor_1,,,ENG,1,RS03AXBS,MJ03A,VEL3D
RS03AXBS-MJ03A-12-VEL3DB301,compass_scale_factor_2,compass_scale_factor_2,,,ENG,1,RS03AXBS,MJ03A,VEL3D
RS03AXBS-MJ03A-12-VEL3DB301,tilt_offset_pitch,tilt_offset_pitch,,,ENG,mV,RS03AXBS,MJ03A,VEL3D
RS03AXBS-MJ03A-12-VEL3DB301,tilt_offset_roll,tilt_offset_roll,,,ENG,mV,RS03AXBS,MJ03A,VEL3D
RS03AXBS-MJ03A-12-VEL3DB301,burst_interval_days,burst_interval_days,,,ENG,d,RS03AXBS,MJ03A,VEL3D
RS03AXBS-MJ03A-12-VEL3DB301,burst_interval_hours,burst_interval_hours,,,ENG,h,RS03AXBS,MJ03A,VEL3D
RS03AXBS-MJ03A-12-VEL3DB301,burst_interval_minutes,burst_interval_minutes,,,ENG,min,RS03AXBS,MJ03A,VEL3D
RS03AXBS-MJ03A-12-VEL3DB301,burst_interval_seconds,burst_interval_seconds,,,ENG,s,RS03AXBS,MJ03A,VEL3D
RS03AXPD-DP03A-01-CTDPFL304,driver_timestamp,driver_timestamp,,,ENG,seconds since 1900-01-01,RS03AXPD,DP03A,CTDPF
RS03AXPD-DP03A-01-CTDPFL304,internal_timestamp,internal_timestamp,,,ENG,seconds since 1900-01-01,RS03AXPD,DP03A,CTDPF
RS03AXPD-DP03A-01-CTDPFL304,preferred_timestamp,preferred_timestamp,,,ENG,1,RS03AXPD,DP03A,CTDPF
RS03AXPD-DP03A-01-CTDPFL304,pressure,pressure,0,6000,L1,dbar,RS03AXPD,DP03A,CTDPF
RS03AXPD-DP03A-01-CTDPFL304,raw_time_seconds,raw_time_seconds,,,ENG,seconds since 1970-01-01,RS03AXPD,DP03A,CTDPF
RS03AXPD-DP03A-01-CTDPFL304,raw_time_microseconds,raw_time_microseconds,,,ENG,us,RS03AXPD,DP03A,CTDPF
RS03AXPD-DP03A-01-CTDPFL304,conductivity_millisiemens,conductivity_millisiemens,,,ENG,mS cm-1,RS03AXPD,DP03A,CTDPF
RS03AXPD-DP03A-01-CTDPFL304,dpc_ctd_seawater_conductivity,dpc_ctd_seawater_conductivity,0,6,L1,S m-1,RS03AXPD,DP03A,CTDPF
RS03AXPD-DP03A-01-CTDPFL304,dpc_ctd_water_pracsal,dpc_ctd_water_pracsal,0,42,L2,1,RS03AXPD,DP03A,CTDPF
RS03AXPD-DP03A-01-CTDPFL304,dpc_ctd_seawater_density,dpc_ctd_seawater_density,1000,1100,L2,kg m-3,RS03AXPD,DP03A,CTDPF
RS03AXPD-DP03A-01-CTDPFL304,temp,temp,-2,40,L1,deg_C,RS03AXPD,DP03A,CTDPF
RS03AXPD-DP03A-02-VEL3DA303,driver_timestamp,driver_timestamp,,,ENG,seconds since 1900-01-01,RS03AXPD,DP03A,VEL3D
RS03AXPD-DP03A-02-VEL3DA303,internal_timestamp,internal_timestamp,,,ENG,seconds since 1900-01-01,RS03AXPD,DP03A,VEL3D
RS03AXPD-DP03A-02-VEL3DA303,preferred_timestamp,preferred_timestamp,,,ENG,1,RS03AXPD,DP03A,VEL3D
RS03AXPD-DP03A-02-VEL3DA303,raw_time_seconds,raw_time_seconds,,,ENG,seconds since 1970-01-01,RS03AXPD,DP03A,VEL3D
RS03AXPD-DP03A-02-VEL3DA303,raw_time_microseconds,raw_time_microseconds,,,ENG,us,RS03AXPD,DP03A,VEL3D
RS03AXPD-DP03A-02-VEL3DA303,vel3d_a_va,vel3d_a_va,,,ENG,cm s-1,RS03AXPD,DP03A,VEL3D
RS03AXPD-DP03A-02-VEL3DA303,vel3d_a_vb,vel3d_a_vb,,,ENG,cm s-1,RS03AXPD,DP03A,VEL3D
RS03AXPD-DP03A-02-VEL3DA303,vel3d_a_vc,vel3d_a_vc,,,ENG,cm s-1,RS03AXPD,DP03A,VEL3D
RS03AXPD-DP03A-02-VEL3DA303,vel3d_a_vd,vel3d_a_vd,,,ENG,cm s-1,RS03AXPD,DP03A,VEL3D
RS03AXPD-DP03A-02-VEL3DA303,vel3d_a_hx,vel3d_a_hx,,,ENG,1,RS03AXPD,DP03A,VEL3D
RS03AXPD-DP03A-02-VEL3DA303,vel3d_a_hy,vel3d_a_hy,,,ENG,1,RS03AXPD,DP03A,VEL3D
RS03AXPD-DP03A-02-VEL3DA303,vel3d_a_hz,vel3d_a_hz,,,ENG,1,RS03AXPD,DP03A,VEL3D
RS03AXPD-DP03A-02-VEL3DA303,vel3d_a_tx,vel3d_a_tx,,,ENG,degrees,RS03AXPD,DP03A,VEL3D
RS03AXPD-DP03A-02-VEL3DA303,vel3d_a_ty,vel3d_a_ty,,,ENG,degrees,RS03AXPD,DP03A,VEL3D
RS03AXPD-DP03A-02-VEL3DA303,vel3d_a_eastward_velocity,vel3d_a_eastward_velocity,-3,3,L1,m s-1,RS03AXPD,DP03A,VEL3D
RS03AXPD-DP03A-02-VEL3DA303,vel3d_a_northward_velocity,vel3d_a_northward_velocity,-3,3,L1,m s-1,RS03AXPD,DP03A,VEL3D
RS03AXPD-DP03A-02-VEL3DA303,vel3d_a_upward_velocity_ascending,vel3d_a_upward_velocity_ascending,-1,1,L1,m s-1,RS03AXPD,DP03A,VEL3D
RS03AXPD-DP03A-02-VEL3DA303,vel3d_a_upward_velocity_descending,vel3d_a_upward_velocity_descending,-1,1,L1,m s-1,RS03AXPD,DP03A,VEL3D
RS03AXPD-DP03A-03-FLCDRA302,driver_timestamp,driver_timestamp,,,,seconds since 1900-01-01,RS03AXPD,DP03A,FLCDR
RS03AXPD-DP03A-03-FLCDRA302,internal_timestamp,internal_timestamp,,,,seconds since 1900-01-01,RS03AXPD,DP03A,FLCDR
RS03AXPD-DP03A-03-FLCDRA302,preferred_timestamp,preferred_timestamp,,,,1,RS03AXPD,DP03A,FLCDR
RS03AXPD-DP03A-03-FLCDRA302,raw_time_seconds,raw_time_seconds,,,,seconds since 1970-01-01,RS03AXPD,DP03A,FLCDR
RS03AXPD-DP03A-03-FLCDRA302,raw_time_microseconds,raw_time_microseconds,,,,us,RS03AXPD,DP03A,FLCDR
RS03AXPD-DP03A-03-FLCDRA302,cdomflo,cdomflo,,,L0,counts,RS03AXPD,DP03A,FLCDR
RS03AXPD-DP03A-03-FLCDRA302,flcdr_x_mmp_cds_fluorometric_cdom,flcdr_x_mmp_cds_fluorometric_cdom,0,375,L1,ppb,RS03AXPD,DP03A,FLCDR
RS03AXPD-DP03A-03-FLNTUA302,driver_timestamp,driver_timestamp,,,,seconds since 1900-01-01,RS03AXPD,DP03A,FLNTU
RS03AXPD-DP03A-03-FLNTUA302,internal_timestamp,internal_timestamp,,,,seconds since 1900-01-01,RS03AXPD,DP03A,FLNTU
RS03AXPD-DP03A-03-FLNTUA302,preferred_timestamp,preferred_timestamp,,,,1,RS03AXPD,DP03A,FLNTU
RS03AXPD-DP03A-03-FLNTUA302,raw_time_seconds,raw_time_seconds,,,,seconds since 1970-01-01,RS03AXPD,DP03A,FLNTU
RS03AXPD-DP03A-03-FLNTUA302,raw_time_microseconds,raw_time_microseconds,,,,us,RS03AXPD,DP03A,FLNTU
RS03AXPD-DP03A-03-FLNTUA302,chlaflo,chlaflo,,,L0,counts,RS03AXPD,DP03A,FLNTU
RS03AXPD-DP03A-03-FLNTUA302,ntuflo,ntuflo,,,L0,counts,RS03AXPD,DP03A,FLNTU
RS03AXPD-DP03A-03-FLNTUA302,flntu_x_mmp_cds_total_volume_scattering_coefficient,flntu_x_mmp_cds_total_volume_scattering_coefficient,,,L1,m-1 sr-1,RS03AXPD,DP03A,FLNTU
RS03AXPD-DP03A-03-FLNTUA302,flntu_x_mmp_cds_fluorometric_chlorophyll_a,flntu_x_mmp_cds_fluorometric_chlorophyll_a,0,50,L1,ug L-1,RS03AXPD,DP03A,FLNTU
RS03AXPD-DP03A-03-FLNTUA302,flntu_x_mmp_cds_bback_total,flntu_x_mmp_cds_bback_total,0.0003,1,L2,m-1,RS03AXPD,DP03A,FLNTU
RS03AXPD-DP03A-05-OPTAAC302,driver_timestamp,driver_timestamp,,,,seconds since 1900-01-01,RS03AXPD,DP03A,OPTAA
RS03AXPD-DP03A-05-OPTAAC302,internal_timestamp,internal_timestamp,,,,seconds since 1900-01-01,RS03AXPD,DP03A,OPTAA
RS03AXPD-DP03A-05-OPTAAC302,preferred_timestamp,preferred_timestamp,,,,1,RS03AXPD,DP03A,OPTAA
RS03AXPD-DP03A-05-OPTAAC302,raw_time_seconds,raw_time_seconds,,,,seconds since 1970-01-01,RS03AXPD,DP03A,OPTAA
RS03AXPD-DP03A-05-OPTAAC302,raw_time_microseconds,raw_time_microseconds,,,,us,RS03AXPD,DP03A,OPTAA
RS03AXPD-DP03A-05-OPTAAC302,serial_number,serial_number,,,,1,RS03AXPD,DP03A,OPTAA
RS03AXPD-DP03A-05-OPTAAC302,dpc_acs_beam_attenuation,dpc_acs_beam_attenuation,0,100,L2,m-1,RS03AXPD,DP03A,OPTAA
RS03AXPD-DP03A-05-OPTAAC302,dpc_acs_optical_absorption,dpc_acs_optical_absorption,0,100,L2,m-1,RS03AXPD,DP03A,OPTAA
RS03AXPD-DP03A-05-OPTAAC302,packet_type,packet_type,,,,1,RS03AXPD,DP03A,OPTAA
RS03AXPD-DP03A-05-OPTAAC302,meter_type,meter_type,,,,1,RS03AXPD,DP03A,OPTAA
RS03AXPD-DP03A-05-OPTAAC302,a_reference_dark_counts,a_reference_dark_counts,,,,counts,RS03AXPD,DP03A,OPTAA
RS03AXPD-DP03A-05-OPTAAC302,pressure_counts,pressure_counts,,,,counts,RS03AXPD,DP03A,OPTAA
RS03AXPD-DP03A-05-OPTAAC302,a_signal_dark_counts,a_signal_dark_counts,,,,counts,RS03AXPD,DP03A,OPTAA
RS03AXPD-DP03A-05-OPTAAC302,external_temp_raw,external_temp_raw,,,,counts,RS03AXPD,DP03A,OPTAA
RS03AXPD-DP03A-05-OPTAAC302,internal_temp_raw,internal_temp_raw,,,L0,counts,RS03AXPD,DP03A,OPTAA
RS03AXPD-DP03A-05-OPTAAC302,c_reference_dark_counts,c_reference_dark_counts,,,,counts,RS03AXPD,DP03A,OPTAA
RS03AXPD-DP03A-05-OPTAAC302,c_signal_dark_counts,c_signal_dark_counts,,,,counts,RS03AXPD,DP03A,OPTAA
RS03AXPD-DP03A-05-OPTAAC302,elapsed_run_time,elapsed_run_time,,,,ms,RS03AXPD,DP03A,OPTAA
RS03AXPD-DP03A-05-OPTAAC302,num_wavelengths,num_wavelengths,,,,1,RS03AXPD,DP03A,OPTAA
RS03AXPD-DP03A-05-OPTAAC302,c_reference_counts,c_reference_counts,,,L0,counts,RS03AXPD,DP03A,OPTAA
RS03AXPD-DP03A-05-OPTAAC302,a_reference_counts,a_reference_counts,,,L0,counts,RS03AXPD,DP03A,OPTAA
RS03AXPD-DP03A-05-OPTAAC302,c_signal_counts,c_signal_counts,,,L0,counts,RS03AXPD,DP03A,OPTAA
RS03AXPD-DP03A-05-OPTAAC302,a_signal_counts,a_signal_counts,,,L0,counts,RS03AXPD,DP03A,OPTAA
RS03AXPD-DP03A-06-DOSTAD304,driver_timestamp,driver_timestamp,,,ENG,seconds since 1900-01-01,RS03AXPD,DP03A,DOSTA
RS03AXPD-DP03A-06-DOSTAD304,internal_timestamp,internal_timestamp,,,ENG,seconds since 1900-01-01,RS03AXPD,DP03A,DOSTA
RS03AXPD-DP03A-06-DOSTAD304,preferred_timestamp,preferred_timestamp,,,ENG,1,RS03AXPD,DP03A,DOSTA
RS03AXPD-DP03A-06-DOSTAD304,raw_time_seconds,raw_time_seconds,,,ENG,seconds since 1970-01-01,RS03AXPD,DP03A,DOSTA
RS03AXPD-DP03A-06-DOSTAD304,raw_time_microseconds,raw_time_microseconds,,,ENG,us,RS03AXPD,DP03A,DOSTA
RS03AXPD-DP03A-06-DOSTAD304,dosta_abcdjm_cspp_tc_oxygen,dosta_abcdjm_cspp_tc_oxygen,0,400,L1,umol L-1,RS03AXPD,DP03A,DOSTA
RS03AXPD-DP03A-06-DOSTAD304,dpc_optode_abs_oxygen,dpc_optode_abs_oxygen,0,400,L2,umol kg-1,RS03AXPD,DP03A,DOSTA
RS03AXPD-DP03A-06-DOSTAD304,optode_temperature,optode_temperature,-2,40,L0,deg_C,RS03AXPD,DP03A,DOSTA
RS03AXPD-DP03A-06-DOSTAD304,calibrated_phase,calibrated_phase,,,L0,degrees,RS03AXPD,DP03A,DOSTA
RS03AXPS-PC03A-05-ADCPTD302,port_timestamp,port_timestamp,,,,seconds since 1900-01-01,RS03AXPS,PC03A,ADCPT
RS03AXPS-PC03A-05-ADCPTD302,driver_timestamp,driver_timestamp,,,,seconds since 1900-01-01,RS03AXPS,PC03A,ADCPT
RS03AXPS-PC03A-05-ADCPTD302,internal_timestamp,internal_timestamp,,,,seconds since 1900-01-01,RS03AXPS,PC03A,ADCPT
RS03AXPS-PC03A-05-ADCPTD302,preferred_timestamp,preferred_timestamp,,,,1,RS03AXPS,PC03A,ADCPT
RS03AXPS-PC03A-05-ADCPTD302,adcp_ambient_temp,adcp_ambient_temp,,,,deg_C,RS03AXPS,PC03A,ADCPT
RS03AXPS-PC03A-05-ADCPTD302,adcp_attitude_temp,adcp_attitude_temp,,,,deg_C,RS03AXPS,PC03A,ADCPT
RS03AXPS-PC03A-05-ADCPTD302,adcp_internal_moisture,adcp_internal_moisture,,,,1,RS03AXPS,PC03A,ADCPT
RS03AXPS-PC03A-05-ADCPTD302,adcp_transmit_current,adcp_transmit_current,,,,Amps,RS03AXPS,PC03A,ADCPT
RS03AXPS-PC03A-05-ADCPTD302,adcp_transmit_voltage,adcp_transmit_voltage,,,,V,RS03AXPS,PC03A,ADCPT
RS03AXPS-PC03A-05-ADCPTD302,adcp_transmit_impedance,adcp_transmit_impedance,,,,Ohms,RS03AXPS,PC03A,ADCPT
RS03AXPS-PC03A-05-ADCPTD302,adcp_transmit_test_results,adcp_transmit_test_results,,,,1,RS03AXPS,PC03A,ADCPT
RS03AXPS-PC03A-05-ADCPTD302,corrected_echo_intensity_beam1,corrected_echo_intensity_beam1,0,255,L1,dB,RS03AXPS,PC03A,ADCPT
RS03AXPS-PC03A-05-ADCPTD302,corrected_echo_intensity_beam2,corrected_echo_intensity_beam2,0,255,L1,dB,RS03AXPS,PC03A,ADCPT
RS03AXPS-PC03A-05-ADCPTD302,corrected_echo_intensity_beam3,corrected_echo_intensity_beam3,0,255,L1,dB,RS03AXPS,PC03A,ADCPT
RS03AXPS-PC03A-05-ADCPTD302,corrected_echo_intensity_beam4,corrected_echo_intensity_beam4,0,255,L1,dB,RS03AXPS,PC03A,ADCPT
RS03AXPS-PC03A-05-ADCPTD302,serial_number,serial_number,,,,1,RS03AXPS,PC03A,ADCPT
RS03AXPS-PC03A-05-ADCPTD302,header_id,header_id,,,,1,RS03AXPS,PC03A,ADCPT
RS03AXPS-PC03A-05-ADCPTD302,data_source_id,data_source_id,,,,1,RS03AXPS,PC03A,ADCPT
RS03AXPS-PC03A-05-ADCPTD302,num_bytes,num_bytes,,,,1,RS03AXPS,PC03A,ADCPT
RS03AXPS-PC03A-05-ADCPTD302,num_data_types,num_data_types,,,,1,RS03AXPS,PC03A,ADCPT
RS03AXPS-PC03A-05-ADCPTD302,offset_data_types,offset_data_types,,,,1,RS03AXPS,PC03A,ADCPT
RS03AXPS-PC03A-05-ADCPTD302,fixed_leader_id,fixed_leader_id,,,,1,RS03AXPS,PC03A,ADCPT
RS03AXPS-PC03A-05-ADCPTD302,firmware_version,firmware_version,,,,1,RS03AXPS,PC03A,ADCPT
RS03AXPS-PC03A-05-ADCPTD302,firmware_revision,firmware_revision,,,,1,RS03AXPS,PC03A,ADCPT
RS03AXPS-PC03A-05-ADCPTD302,sysconfig_frequency,sysconfig_frequency,,,,kHz,RS03AXPS,PC03A,ADCPT
RS03AXPS-PC03A-05-ADCPTD302,sysconfig_beam_pattern,sysconfig_beam_pattern,,,,1,RS03AXPS,PC03A,ADCPT
RS03AXPS-PC03A-05-ADCPTD302,sysconfig_sensor_config,sysconfig_sensor_config,,,,1,RS03AXPS,PC03A,ADCPT
RS03AXPS-PC03A-05-ADCPTD302,sysconfig_head_attached,sysconfig_head_attached,,,,1,RS03AXPS,PC03A,ADCPT
RS03AXPS-PC03A-05-ADCPTD302,sysconfig_vertical_orientation,sysconfig_vertical_orientation,,,,1,RS03AXPS,PC03A,ADCPT
RS03AXPS-PC03A-05-ADCPTD302,data_flag,data_flag,,,,1,RS03AXPS,PC03A,ADCPT
RS03AXPS-PC03A-05-ADCPTD302,lag_length,lag_length,,,,s,RS03AXPS,PC03A,ADCPT
RS03AXPS-PC03A-05-ADCPTD302,num_beams,num_beams,,,,1,RS03AXPS,PC03A,ADCPT
RS03AXPS-PC03A-05-ADCPTD302,num_cells,num_cells,,,,1,RS03AXPS,PC03A,ADCPT
RS03AXPS-PC03A-05-ADCPTD302,pings_per_ensemble,pings_per_ensemble,,,,1,RS03AXPS,PC03A,ADCPT
RS03AXPS-PC03A-05-ADCPTD302,cell_length,cell_length,,,,cm,RS03AXPS,PC03A,ADCPT
RS03AXPS-PC03A-05-ADCPTD302,blank_after_transmit,blank_after_transmit,,,,cm,RS03AXPS,PC03A,ADCPT
RS03AXPS-PC03A-05-ADCPTD302,signal_processing_mode,signal_processing_mode,,,,1,RS03AXPS,PC03A,ADCPT
RS03AXPS-PC03A-05-ADCPTD302,low_corr_threshold,low_corr_threshold,,,,counts,RS03AXPS,PC03A,ADCPT
RS03AXPS-PC03A-05-ADCPTD302,num_code_repetitions,num_code_repetitions,,,,counts,RS03AXPS,PC03A,ADCPT
RS03AXPS-PC03A-05-ADCPTD302,percent_good_min,percent_good_min,,,,percent,RS03AXPS,PC03A,ADCPT
RS03AXPS-PC03A-05-ADCPTD302,error_vel_threshold,error_vel_threshold,,,,mm s-1,RS03AXPS,PC03A,ADCPT
RS03AXPS-PC03A-05-ADCPTD302,time_per_ping_minutes,time_per_ping_minutes,,,,min,RS03AXPS,PC03A,ADCPT
RS03AXPS-PC03A-05-ADCPTD302,time_per_ping_seconds,time_per_ping_seconds,,,,s,RS03AXPS,PC03A,ADCPT
RS03AXPS-PC03A-05-ADCPTD302,coord_transform_type,coord_transform_type,,,,1,RS03AXPS,PC03A,ADCPT
RS03AXPS-PC03A-05-ADCPTD302,coord_transform_tilts,coord_transform_tilts,,,,1,RS03AXPS,PC03A,ADCPT
RS03AXPS-PC03A-05-ADCPTD302,coord_transform_beams,coord_transform_beams,,,,1,RS03AXPS,PC03A,ADCPT
RS03AXPS-PC03A-05-ADCPTD302,coord_transform_mapping,coord_transform_mapping,,,,1,RS03AXPS,PC03A,ADCPT
RS03AXPS-PC03A-05-ADCPTD302,heading_alignment,heading_alignment,,,,cdegrees,RS03AXPS,PC03A,ADCPT
RS03AXPS-PC03A-05-ADCPTD302,heading_alignment,heading_alignment,,,AUX,cdegrees,RS03AXPS,PC03A,ADCPT
RS03AXPS-PC03A-05-ADCPTD302,heading_bias,heading_bias,,,,cdegrees,RS03AXPS,PC03A,ADCPT
RS03AXPS-PC03A-05-ADCPTD302,heading_bias,heading_bias,,,AUX,cdegrees,RS03AXPS,PC03A,ADCPT
RS03AXPS-PC03A-05-ADCPTD302,sensor_source_speed,sensor_source_speed,,,,1,RS03AXPS,PC03A,ADCPT
RS03AXPS-PC03A-05-ADCPTD302,sensor_source_depth,sensor_source_depth,,,,1,RS03AXPS,PC03A,ADCPT
RS03AXPS-PC03A-05-ADCPTD302,sensor_source_heading,sensor_source_heading,,,,1,RS03AXPS,PC03A,ADCPT
RS03AXPS-PC03A-05-ADCPTD302,sensor_source_heading,sensor_source_heading,,,AUX,1,RS03AXPS,PC03A,ADCPT
RS03AXPS-PC03A-05-ADCPTD302,sensor_source_pitch,sensor_source_pitch,,,,1,RS03AXPS,PC03A,ADCPT
RS03AXPS-PC03A-05-ADCPTD302,sensor_source_pitch,sensor_source_pitch,,,AUX,1,RS03AXPS,PC03A,ADCPT
RS03AXPS-PC03A-05-ADCPTD302,sensor_source_roll,sensor_source_roll,,,,1,RS03AXPS,PC03A,ADCPT
RS03AXPS-PC03A-05-ADCPTD302,sensor_source_roll,sensor_source_roll,,,AUX,1,RS03AXPS,PC03A,ADCPT
RS03AXPS-PC03A-05-ADCPTD302,sensor_source_conductivity,sensor_source_conductivity,,,,1,RS03AXPS,PC03A,ADCPT
RS03AXPS-PC03A-05-ADCPTD302,sensor_source_temperature,sensor_source_temperature,,,,1,RS03AXPS,PC03A,ADCPT
RS03AXPS-PC03A-05-ADCPTD302,sensor_available_depth,sensor_available_depth,,,,1,RS03AXPS,PC03A,ADCPT
RS03AXPS-PC03A-05-ADCPTD302,sensor_available_heading,sensor_available_heading,,,,1,RS03AXPS,PC03A,ADCPT
RS03AXPS-PC03A-05-ADCPTD302,sensor_available_heading,sensor_available_heading,,,AUX,1,RS03AXPS,PC03A,ADCPT
RS03AXPS-PC03A-05-ADCPTD302,sensor_available_pitch,sensor_available_pitch,,,,1,RS03AXPS,PC03A,ADCPT
RS03AXPS-PC03A-05-ADCPTD302,sensor_available_pitch,sensor_available_pitch,,,AUX,1,RS03AXPS,PC03A,ADCPT
RS03AXPS-PC03A-05-ADCPTD302,sensor_available_roll,sensor_available_roll,,,,1,RS03AXPS,PC03A,ADCPT
RS03AXPS-PC03A-05-ADCPTD302,sensor_available_roll,sensor_available_roll,,,AUX,1,RS03AXPS,PC03A,ADCPT
RS03AXPS-PC03A-05-ADCPTD302,sensor_available_conductivity,sensor_available_conductivity,,,,1,RS03AXPS,PC03A,ADCPT
RS03AXPS-PC03A-05-ADCPTD302,sensor_available_temperature,sensor_available_temperature,,,,1,RS03AXPS,PC03A,ADCPT
RS03AXPS-PC03A-05-ADCPTD302,bin_1_distance,bin_1_distance,,,,cm,RS03AXPS,PC03A,ADCPT
RS03AXPS-PC03A-05-ADCPTD302,transmit_pulse_length,transmit_pulse_length,,,,cm,RS03AXPS,PC03A,ADCPT
RS03AXPS-PC03A-05-ADCPTD302,reference_layer_start,reference_layer_start,,,,1,RS03AXPS,PC03A,ADCPT
RS03AXPS-PC03A-05-ADCPTD302,reference_layer_stop,reference_layer_stop,,,,1,RS03AXPS,PC03A,ADCPT
RS03AXPS-PC03A-05-ADCPTD302,false_target_threshold,false_target_threshold,,,,counts,RS03AXPS,PC03A,ADCPT
RS03AXPS-PC03A-05-ADCPTD302,low_latency_trigger,low_latency_trigger,,,,1,RS03AXPS,PC03A,ADCPT
RS03AXPS-PC03A-05-ADCPTD302,transmit_lag_distance,transmit_lag_distance,,,,cm,RS03AXPS,PC03A,ADCPT
RS03AXPS-PC03A-05-ADCPTD302,cpu_board_serial_number,cpu_board_serial_number,,,,1,RS03AXPS,PC03A,ADCPT
RS03AXPS-PC03A-05-ADCPTD302,system_bandwidth,system_bandwidth,,,,1,RS03AXPS,PC03A,ADCPT
RS03AXPS-PC03A-05-ADCPTD302,system_power,system_power,,,,1,RS03AXPS,PC03A,ADCPT
RS03AXPS-PC03A-05-ADCPTD302,beam_angle,beam_angle,,,,degrees,RS03AXPS,PC03A,ADCPT
RS03AXPS-PC03A-05-ADCPTD302,variable_leader_id,variable_leader_id,,,,1,RS03AXPS,PC03A,ADCPT
RS03AXPS-PC03A-05-ADCPTD302,ensemble_number,ensemble_number,,,,1,RS03AXPS,PC03A,ADCPT
RS03AXPS-PC03A-05-ADCPTD302,ensemble_number_increment,ensemble_number_increment,,,,1,RS03AXPS,PC03A,ADCPT
RS03AXPS-PC03A-05-ADCPTD302,bit_result_demod_1,bit_result_demod_1,,,,1,RS03AXPS,PC03A,ADCPT
RS03AXPS-PC03A-05-ADCPTD302,bit_result_demod_0,bit_result_demod_0,,,,1,RS03AXPS,PC03A,ADCPT
RS03AXPS-PC03A-05-ADCPTD302,bit_result_timing,bit_result_timing,,,,1,RS03AXPS,PC03A,ADCPT
RS03AXPS-PC03A-05-ADCPTD302,speed_of_sound,speed_of_sound,,,,m s-1,RS03AXPS,PC03A,ADCPT
RS03AXPS-PC03A-05-ADCPTD302,transducer_depth,transducer_depth,,,,dm,RS03AXPS,PC03A,ADCPT
RS03AXPS-PC03A-05-ADCPTD302,heading,heading,,,,cdegrees,RS03AXPS,PC03A,ADCPT
RS03AXPS-PC03A-05-ADCPTD302,heading,heading,,,AUX,cdegrees,RS03AXPS,PC03A,ADCPT
RS03AXPS-PC03A-05-ADCPTD302,pitch,pitch,,,,cdegrees,RS03AXPS,PC03A,ADCPT
RS03AXPS-PC03A-05-ADCPTD302,pitch,pitch,,,AUX,cdegrees,RS03AXPS,PC03A,ADCPT
RS03AXPS-PC03A-05-ADCPTD302,roll,roll,,,,cdegrees,RS03AXPS,PC03A,ADCPT
RS03AXPS-PC03A-05-ADCPTD302,roll,roll,,,AUX,cdegrees,RS03AXPS,PC03A,ADCPT
RS03AXPS-PC03A-05-ADCPTD302,salinity,salinity,,,,1,RS03AXPS,PC03A,ADCPT
RS03AXPS-PC03A-05-ADCPTD302,salinity,salinity,,,ENG,1,RS03AXPS,PC03A,ADCPT
RS03AXPS-PC03A-05-ADCPTD302,temperature,temperature,,,,cdeg_C,RS03AXPS,PC03A,ADCPT
RS03AXPS-PC03A-05-ADCPTD302,temperature,temperature,,,ENG,cdeg_C,RS03AXPS,PC03A,ADCPT
RS03AXPS-PC03A-05-ADCPTD302,mpt_minutes,mpt_minutes,,,,min,RS03AXPS,PC03A,ADCPT
RS03AXPS-PC03A-05-ADCPTD302,mpt_seconds,mpt_seconds,,,,s,RS03AXPS,PC03A,ADCPT
RS03AXPS-PC03A-05-ADCPTD302,heading_stdev,heading_stdev,,,,degrees,RS03AXPS,PC03A,ADCPT
RS03AXPS-PC03A-05-ADCPTD302,heading_stdev,heading_stdev,,,AUX,degrees,RS03AXPS,PC03A,ADCPT
RS03AXPS-PC03A-05-ADCPTD302,pitch_stdev,pitch_stdev,,,,ddegrees,RS03AXPS,PC03A,ADCPT
RS03AXPS-PC03A-05-ADCPTD302,pitch_stdev,pitch_stdev,,,AUX,ddegrees,RS03AXPS,PC03A,ADCPT
RS03AXPS-PC03A-05-ADCPTD302,roll_stdev,roll_stdev,,,,ddegrees,RS03AXPS,PC03A,ADCPT
RS03AXPS-PC03A-05-ADCPTD302,roll_stdev,roll_stdev,,,AUX,ddegrees,RS03AXPS,PC03A,ADCPT
RS03AXPS-PC03A-05-ADCPTD302,adc_transmit_current,adc_transmit_current,,,,counts,RS03AXPS,PC03A,ADCPT
RS03AXPS-PC03A-05-ADCPTD302,adc_transmit_voltage,adc_transmit_voltage,,,,counts,RS03AXPS,PC03A,ADCPT
RS03AXPS-PC03A-05-ADCPTD302,adc_ambient_temp,adc_ambient_temp,,,,counts,RS03AXPS,PC03A,ADCPT
RS03AXPS-PC03A-05-ADCPTD302,adc_pressure_plus,adc_pressure_plus,,,,counts,RS03AXPS,PC03A,ADCPT
RS03AXPS-PC03A-05-ADCPTD302,adc_pressure_minus,adc_pressure_minus,,,,counts,RS03AXPS,PC03A,ADCPT
RS03AXPS-PC03A-05-ADCPTD302,adc_attitude_temp,adc_attitude_temp,,,,counts,RS03AXPS,PC03A,ADCPT
RS03AXPS-PC03A-05-ADCPTD302,adc_attitude,adc_attitude,,,,counts,RS03AXPS,PC03A,ADCPT
RS03AXPS-PC03A-05-ADCPTD302,adc_contamination_sensor,adc_contamination_sensor,,,,counts,RS03AXPS,PC03A,ADCPT
RS03AXPS-PC03A-05-ADCPTD302,bus_error_exception,bus_error_exception,,,,1,RS03AXPS,PC03A,ADCPT
RS03AXPS-PC03A-05-ADCPTD302,address_error_exception,address_error_exception,,,,1,RS03AXPS,PC03A,ADCPT
RS03AXPS-PC03A-05-ADCPTD302,illegal_instruction_exception,illegal_instruction_exception,,,,1,RS03AXPS,PC03A,ADCPT
RS03AXPS-PC03A-05-ADCPTD302,zero_divide_instruction,zero_divide_instruction,,,,1,RS03AXPS,PC03A,ADCPT
RS03AXPS-PC03A-05-ADCPTD302,emulator_exception,emulator_exception,,,,1,RS03AXPS,PC03A,ADCPT
RS03AXPS-PC03A-05-ADCPTD302,unassigned_exception,unassigned_exception,,,,1,RS03AXPS,PC03A,ADCPT
RS03AXPS-PC03A-05-ADCPTD302,watchdog_restart_occurred,watchdog_restart_occurred,,,,1,RS03AXPS,PC03A,ADCPT
RS03AXPS-PC03A-05-ADCPTD302,battery_saver_power,battery_saver_power,,,,1,RS03AXPS,PC03A,ADCPT
RS03AXPS-PC03A-05-ADCPTD302,pinging,pinging,,,,1,RS03AXPS,PC03A,ADCPT
RS03AXPS-PC03A-05-ADCPTD302,cold_wakeup_occurred,cold_wakeup_occurred,,,,1,RS03AXPS,PC03A,ADCPT
RS03AXPS-PC03A-05-ADCPTD302,cold_wakeup_occurred,cold_wakeup_occurred,,,ENG,1,RS03AXPS,PC03A,ADCPT
RS03AXPS-PC03A-05-ADCPTD302,time,time,,,,seconds since 1900-01-01,RS03AXPS,PC03A,ADCPT
RS03AXPS-PC03A-05-ADCPTD302,unknown_wakeup_occurred,unknown_wakeup_occurred,,,,1,RS03AXPS,PC03A,ADCPT
RS03AXPS-PC03A-05-ADCPTD302,clock_read_error,clock_read_error,,,,1,RS03AXPS,PC03A,ADCPT
RS03AXPS-PC03A-05-ADCPTD302,clock_read_error,clock_read_error,,,ENG,1,RS03AXPS,PC03A,ADCPT
RS03AXPS-PC03A-05-ADCPTD302,unexpected_alarm,unexpected_alarm,,,,1,RS03AXPS,PC03A,ADCPT
RS03AXPS-PC03A-05-ADCPTD302,clock_jump_forward,clock_jump_forward,,,,1,RS03AXPS,PC03A,ADCPT
RS03AXPS-PC03A-05-ADCPTD302,clock_jump_forward,clock_jump_forward,,,ENG,1,RS03AXPS,PC03A,ADCPT
RS03AXPS-PC03A-05-ADCPTD302,clock_jump_backward,clock_jump_backward,,,,1,RS03AXPS,PC03A,ADCPT
RS03AXPS-PC03A-05-ADCPTD302,clock_jump_backward,clock_jump_backward,,,ENG,1,RS03AXPS,PC03A,ADCPT
RS03AXPS-PC03A-05-ADCPTD302,power_fail,power_fail,,,,1,RS03AXPS,PC03A,ADCPT
RS03AXPS-PC03A-05-ADCPTD302,spurious_dsp_interrupt,spurious_dsp_interrupt,,,,1,RS03AXPS,PC03A,ADCPT
RS03AXPS-PC03A-05-ADCPTD302,spurious_uart_interrupt,spurious_uart_interrupt,,,,1,RS03AXPS,PC03A,ADCPT
RS03AXPS-PC03A-05-ADCPTD302,spurious_clock_interrupt,spurious_clock_interrupt,,,,1,RS03AXPS,PC03A,ADCPT
RS03AXPS-PC03A-05-ADCPTD302,level_7_interrupt,level_7_interrupt,,,,1,RS03AXPS,PC03A,ADCPT
RS03AXPS-PC03A-05-ADCPTD302,pressure,pressure,,,,daPa,RS03AXPS,PC03A,ADCPT
RS03AXPS-PC03A-05-ADCPTD302,pressure_variance,pressure_variance,,,,daPa,RS03AXPS,PC03A,ADCPT
RS03AXPS-PC03A-05-ADCPTD302,velocity_data_id,velocity_data_id,,,,1,RS03AXPS,PC03A,ADCPT
RS03AXPS-PC03A-05-ADCPTD302,water_velocity_east,water_velocity_east,,,L0,mm s-1,RS03AXPS,PC03A,ADCPT
RS03AXPS-PC03A-05-ADCPTD302,water_velocity_north,water_velocity_north,,,L0,mm s-1,RS03AXPS,PC03A,ADCPT
RS03AXPS-PC03A-05-ADCPTD302,water_velocity_up,water_velocity_up,,,L0,mm s-1,RS03AXPS,PC03A,ADCPT
RS03AXPS-PC03A-05-ADCPTD302,error_velocity,error_velocity,,,L0,mm s-1,RS03AXPS,PC03A,ADCPT
RS03AXPS-PC03A-05-ADCPTD302,correlation_magnitude_id,correlation_magnitude_id,,,,1,RS03AXPS,PC03A,ADCPT
RS03AXPS-PC03A-05-ADCPTD302,correlation_magnitude_beam1,correlation_magnitude_beam1,,,,1,RS03AXPS,PC03A,ADCPT
RS03AXPS-PC03A-05-ADCPTD302,correlation_magnitude_beam2,correlation_magnitude_beam2,,,,1,RS03AXPS,PC03A,ADCPT
RS03AXPS-PC03A-05-ADCPTD302,correlation_magnitude_beam3,correlation_magnitude_beam3,,,,1,RS03AXPS,PC03A,ADCPT
RS03AXPS-PC03A-05-ADCPTD302,correlation_magnitude_beam4,correlation_magnitude_beam4,,,,1,RS03AXPS,PC03A,ADCPT
RS03AXPS-PC03A-05-ADCPTD302,echo_intensity_id,echo_intensity_id,,,,1,RS03AXPS,PC03A,ADCPT
RS03AXPS-PC03A-05-ADCPTD302,echo_intensity_beam1,echo_intensity_beam1,,,L0,counts,RS03AXPS,PC03A,ADCPT
RS03AXPS-PC03A-05-ADCPTD302,echo_intensity_beam2,echo_intensity_beam2,,,L0,counts,RS03AXPS,PC03A,ADCPT
RS03AXPS-PC03A-05-ADCPTD302,echo_intensity_beam3,echo_intensity_beam3,,,L0,counts,RS03AXPS,PC03A,ADCPT
RS03AXPS-PC03A-05-ADCPTD302,echo_intensity_beam4,echo_intensity_beam4,,,L0,counts,RS03AXPS,PC03A,ADCPT
RS03AXPS-PC03A-05-ADCPTD302,percent_good_id,percent_good_id,,,,1,RS03AXPS,PC03A,ADCPT
RS03AXPS-PC03A-05-ADCPTD302,percent_good_3beam,percent_good_3beam,,,,percent,RS03AXPS,PC03A,ADCPT
RS03AXPS-PC03A-05-ADCPTD302,percent_transforms_reject,percent_transforms_reject,,,,percent,RS03AXPS,PC03A,ADCPT
RS03AXPS-PC03A-05-ADCPTD302,percent_bad_beams,percent_bad_beams,,,,percent,RS03AXPS,PC03A,ADCPT
RS03AXPS-PC03A-05-ADCPTD302,percent_good_4beam,percent_good_4beam,,,,percent,RS03AXPS,PC03A,ADCPT
RS03AXPS-PC03A-05-ADCPTD302,checksum,checksum,,,,1,RS03AXPS,PC03A,ADCPT
RS03AXPS-PC03A-05-ADCPTD302,ensemble_start_time,ensemble_start_time,,,,seconds since 1900-01-01,RS03AXPS,PC03A,ADCPT
RS03AXPS-PC03A-05-ADCPTD302,fluxgate_calibration_timestamp,fluxgate_calibration_timestamp,,,,seconds since 1900-01-01,RS03AXPS,PC03A,ADCPT
RS03AXPS-PC03A-05-ADCPTD302,s_inverse_bx,s_inverse_bx,,,,1,RS03AXPS,PC03A,ADCPT
RS03AXPS-PC03A-05-ADCPTD302,s_inverse_by,s_inverse_by,,,,1,RS03AXPS,PC03A,ADCPT
RS03AXPS-PC03A-05-ADCPTD302,s_inverse_bz,s_inverse_bz,,,,1,RS03AXPS,PC03A,ADCPT
RS03AXPS-PC03A-05-ADCPTD302,s_inverse_err,s_inverse_err,,,,1,RS03AXPS,PC03A,ADCPT
RS03AXPS-PC03A-05-ADCPTD302,coil_offset,coil_offset,,,,1,RS03AXPS,PC03A,ADCPT
RS03AXPS-PC03A-05-ADCPTD302,electrical_null,electrical_null,,,,1,RS03AXPS,PC03A,ADCPT
RS03AXPS-PC03A-05-ADCPTD302,tilt_calibration_timestamp,tilt_calibration_timestamp,,,,seconds since 1900-01-01,RS03AXPS,PC03A,ADCPT
RS03AXPS-PC03A-05-ADCPTD302,roll_up_down,roll_up_down,,,,1,RS03AXPS,PC03A,ADCPT
RS03AXPS-PC03A-05-ADCPTD302,pitch_up_down,pitch_up_down,,,,1,RS03AXPS,PC03A,ADCPT
RS03AXPS-PC03A-05-ADCPTD302,offset_up_down,offset_up_down,,,,1,RS03AXPS,PC03A,ADCPT
RS03AXPS-PC03A-05-ADCPTD302,tilt_null,tilt_null,,,,1,RS03AXPS,PC03A,ADCPT
RS03AXPS-PC03A-05-ADCPTD302,transducer_frequency,transducer_frequency,,,,Hz,RS03AXPS,PC03A,ADCPT
RS03AXPS-PC03A-05-ADCPTD302,configuration,configuration,,,,1,RS03AXPS,PC03A,ADCPT
RS03AXPS-PC03A-05-ADCPTD302,match_layer,match_layer,,,,1,RS03AXPS,PC03A,ADCPT
RS03AXPS-PC03A-05-ADCPTD302,beam_pattern,beam_pattern,,,,1,RS03AXPS,PC03A,ADCPT
RS03AXPS-PC03A-05-ADCPTD302,orientation,orientation,,,,1,RS03AXPS,PC03A,ADCPT
RS03AXPS-PC03A-05-ADCPTD302,sensors,sensors,,,,1,RS03AXPS,PC03A,ADCPT
RS03AXPS-PC03A-05-ADCPTD302,pressure_coeff_c6,pressure_coeff_c6,,,,1,RS03AXPS,PC03A,ADCPT
RS03AXPS-PC03A-05-ADCPTD302,pressure_coeff_c7,pressure_coeff_c7,,,,1,RS03AXPS,PC03A,ADCPT
RS03AXPS-PC03A-05-ADCPTD302,pressure_coeff_c8,pressure_coeff_c8,,,,1,RS03AXPS,PC03A,ADCPT
RS03AXPS-PC03A-05-ADCPTD302,pressure_coeff_offset,pressure_coeff_offset,,,,1,RS03AXPS,PC03A,ADCPT
RS03AXPS-PC03A-05-ADCPTD302,temperature_sensor_offset,temperature_sensor_offset,,,,deg_C,RS03AXPS,PC03A,ADCPT
RS03AXPS-PC03A-05-ADCPTD302,cpu_firmware,cpu_firmware,,,,1,RS03AXPS,PC03A,ADCPT
RS03AXPS-PC03A-05-ADCPTD302,boot_code_required,boot_code_required,,,,1,RS03AXPS,PC03A,ADCPT
RS03AXPS-PC03A-05-ADCPTD302,boot_code_actual,boot_code_actual,,,,1,RS03AXPS,PC03A,ADCPT
RS03AXPS-PC03A-05-ADCPTD302,demod_1_version,demod_1_version,,,,1,RS03AXPS,PC03A,ADCPT
RS03AXPS-PC03A-05-ADCPTD302,demod_1_type,demod_1_type,,,,1,RS03AXPS,PC03A,ADCPT
RS03AXPS-PC03A-05-ADCPTD302,demod_2_version,demod_2_version,,,,1,RS03AXPS,PC03A,ADCPT
RS03AXPS-PC03A-05-ADCPTD302,demod_2_type,demod_2_type,,,,1,RS03AXPS,PC03A,ADCPT
RS03AXPS-PC03A-05-ADCPTD302,power_timing_version,power_timing_version,,,,1,RS03AXPS,PC03A,ADCPT
RS03AXPS-PC03A-05-ADCPTD302,power_timing_type,power_timing_type,,,,1,RS03AXPS,PC03A,ADCPT
RS03AXPS-PC03A-05-ADCPTD302,board_serial_numbers,board_serial_numbers,,,,1,RS03AXPS,PC03A,ADCPT
RS03AXPS-PC03A-05-ADCPTD302,beam_1_velocity,beam_1_velocity,,,L0,mm s-1,RS03AXPS,PC03A,ADCPT
RS03AXPS-PC03A-05-ADCPTD302,beam_2_velocity,beam_2_velocity,,,L0,mm s-1,RS03AXPS,PC03A,ADCPT
RS03AXPS-PC03A-05-ADCPTD302,beam_3_velocity,beam_3_velocity,,,L0,mm s-1,RS03AXPS,PC03A,ADCPT
RS03AXPS-PC03A-05-ADCPTD302,beam_4_velocity,beam_4_velocity,,,L0,mm s-1,RS03AXPS,PC03A,ADCPT
RS03AXPS-PC03A-05-ADCPTD302,percent_good_beam1,percent_good_beam1,,,,percent,RS03AXPS,PC03A,ADCPT
RS03AXPS-PC03A-05-ADCPTD302,percent_good_beam2,percent_good_beam2,,,,percent,RS03AXPS,PC03A,ADCPT
RS03AXPS-PC03A-05-ADCPTD302,percent_good_beam3,percent_good_beam3,,,,percent,RS03AXPS,PC03A,ADCPT
RS03AXPS-PC03A-05-ADCPTD302,percent_good_beam4,percent_good_beam4,,,,percent,RS03AXPS,PC03A,ADCPT
RS03AXPS-PC03A-05-ADCPTD302,real_time_clock,real_time_clock,,,,1,RS03AXPS,PC03A,ADCPT
RS03AXPS-PC03A-05-ADCPTD302,calibration_temp,calibration_temp,,,,deg_C,RS03AXPS,PC03A,ADCPT
RS03AXPS-PC03A-05-ADCPTD302,eastward_beam_seawater_velocity,eastward_beam_seawater_velocity,-3,3,L1,m s-1,RS03AXPS,PC03A,ADCPT
RS03AXPS-PC03A-05-ADCPTD302,northward_beam_seawater_velocity,northward_beam_seawater_velocity,-3,3,L1,m s-1,RS03AXPS,PC03A,ADCPT
RS03AXPS-PC03A-05-ADCPTD302,upward_seawater_velocity,upward_seawater_velocity,-1,1,L1,m s-1,RS03AXPS,PC03A,ADCPT
RS03AXPS-PC03A-05-ADCPTD302,beam_error_velocity,beam_error_velocity,-1,1,L1,m s-1,RS03AXPS,PC03A,ADCPT
RS03AXPS-PC03A-06-VADCPA301,,,,,,,RS03AXPS,PC03A,VADCP
RS03AXPS-PC03A-06-VADCPA301,corrected_echo_intensity_beam5,corrected_echo_intensity_beam5,,,L1,dB,RS03AXPS,PC03A,VADCP
RS03AXPS-PC03A-06-VADCPA301,port_timestamp,port_timestamp,,,,seconds since 1900-01-01,RS03AXPS,PC03A,VADCP
RS03AXPS-PC03A-06-VADCPA301,driver_timestamp,driver_timestamp,,,,seconds since 1900-01-01,RS03AXPS,PC03A,VADCP
RS03AXPS-PC03A-06-VADCPA301,internal_timestamp,internal_timestamp,,,,seconds since 1900-01-01,RS03AXPS,PC03A,VADCP
RS03AXPS-PC03A-06-VADCPA301,preferred_timestamp,preferred_timestamp,,,,1,RS03AXPS,PC03A,VADCP
RS03AXPS-PC03A-06-VADCPA301,adcp_ambient_temp,adcp_ambient_temp,,,,deg_C,RS03AXPS,PC03A,VADCP
RS03AXPS-PC03A-06-VADCPA301,adcp_attitude_temp,adcp_attitude_temp,,,,deg_C,RS03AXPS,PC03A,VADCP
RS03AXPS-PC03A-06-VADCPA301,adcp_internal_moisture,adcp_internal_moisture,,,,1,RS03AXPS,PC03A,VADCP
RS03AXPS-PC03A-06-VADCPA301,adcp_transmit_current,adcp_transmit_current,,,,Amps,RS03AXPS,PC03A,VADCP
RS03AXPS-PC03A-06-VADCPA301,adcp_transmit_voltage,adcp_transmit_voltage,,,,V,RS03AXPS,PC03A,VADCP
RS03AXPS-PC03A-06-VADCPA301,adcp_transmit_impedance,adcp_transmit_impedance,,,,Ohms,RS03AXPS,PC03A,VADCP
RS03AXPS-PC03A-06-VADCPA301,adcp_transmit_test_results,adcp_transmit_test_results,,,,1,RS03AXPS,PC03A,VADCP
RS03AXPS-PC03A-06-VADCPA301,vadcp_eastward_seawater_velocity,vadcp_eastward_seawater_velocity,-3,3,L1,m s-1,RS03AXPS,PC03A,VADCP
RS03AXPS-PC03A-06-VADCPA301,vadcp_northward_seawater_velocity,vadcp_northward_seawater_velocity,-3,3,L1,m s-1,RS03AXPS,PC03A,VADCP
RS03AXPS-PC03A-06-VADCPA301,vadcp_upward_seawater_velocity_est,vadcp_upward_seawater_velocity_est,-1,1,L1,m s-1,RS03AXPS,PC03A,VADCP
RS03AXPS-PC03A-06-VADCPA301,vadcp_upward_seawater_velocity_tru,vadcp_upward_seawater_velocity_tru,-1,1,L1,m s-1,RS03AXPS,PC03A,VADCP
RS03AXPS-PC03A-06-VADCPA301,vadcp_beam_error,vadcp_beam_error,-1,1,L1,m s-1,RS03AXPS,PC03A,VADCP
RS03AXPS-PC03A-06-VADCPA301,corrected_echo_intensity_beam1,corrected_echo_intensity_beam1,0,255,L1,dB,RS03AXPS,PC03A,VADCP
RS03AXPS-PC03A-06-VADCPA301,corrected_echo_intensity_beam2,corrected_echo_intensity_beam2,0,255,L1,dB,RS03AXPS,PC03A,VADCP
RS03AXPS-PC03A-06-VADCPA301,corrected_echo_intensity_beam3,corrected_echo_intensity_beam3,0,255,L1,dB,RS03AXPS,PC03A,VADCP
RS03AXPS-PC03A-06-VADCPA301,corrected_echo_intensity_beam4,corrected_echo_intensity_beam4,0,255,L1,dB,RS03AXPS,PC03A,VADCP
RS03AXPS-PC03A-06-VADCPA301,serial_number,serial_number,,,,1,RS03AXPS,PC03A,VADCP
RS03AXPS-PC03A-06-VADCPA301,header_id,header_id,,,,1,RS03AXPS,PC03A,VADCP
RS03AXPS-PC03A-06-VADCPA301,data_source_id,data_source_id,,,,1,RS03AXPS,PC03A,VADCP
RS03AXPS-PC03A-06-VADCPA301,num_bytes,num_bytes,,,,1,RS03AXPS,PC03A,VADCP
RS03AXPS-PC03A-06-VADCPA301,num_data_types,num_data_types,,,,1,RS03AXPS,PC03A,VADCP
RS03AXPS-PC03A-06-VADCPA301,offset_data_types,offset_data_types,,,,1,RS03AXPS,PC03A,VADCP
RS03AXPS-PC03A-06-VADCPA301,fixed_leader_id,fixed_leader_id,,,,1,RS03AXPS,PC03A,VADCP
RS03AXPS-PC03A-06-VADCPA301,firmware_version,firmware_version,,,,1,RS03AXPS,PC03A,VADCP
RS03AXPS-PC03A-06-VADCPA301,firmware_revision,firmware_revision,,,,1,RS03AXPS,PC03A,VADCP
RS03AXPS-PC03A-06-VADCPA301,sysconfig_frequency,sysconfig_frequency,,,,kHz,RS03AXPS,PC03A,VADCP
RS03AXPS-PC03A-06-VADCPA301,sysconfig_beam_pattern,sysconfig_beam_pattern,,,,1,RS03AXPS,PC03A,VADCP
RS03AXPS-PC03A-06-VADCPA301,sysconfig_sensor_config,sysconfig_sensor_config,,,,1,RS03AXPS,PC03A,VADCP
RS03AXPS-PC03A-06-VADCPA301,sysconfig_head_attached,sysconfig_head_attached,,,,1,RS03AXPS,PC03A,VADCP
RS03AXPS-PC03A-06-VADCPA301,sysconfig_vertical_orientation,sysconfig_vertical_orientation,,,,1,RS03AXPS,PC03A,VADCP
RS03AXPS-PC03A-06-VADCPA301,data_flag,data_flag,,,,1,RS03AXPS,PC03A,VADCP
RS03AXPS-PC03A-06-VADCPA301,lag_length,lag_length,,,,s,RS03AXPS,PC03A,VADCP
RS03AXPS-PC03A-06-VADCPA301,num_beams,num_beams,,,,1,RS03AXPS,PC03A,VADCP
RS03AXPS-PC03A-06-VADCPA301,num_cells,num_cells,,,,1,RS03AXPS,PC03A,VADCP
RS03AXPS-PC03A-06-VADCPA301,pings_per_ensemble,pings_per_ensemble,,,,1,RS03AXPS,PC03A,VADCP
RS03AXPS-PC03A-06-VADCPA301,cell_length,cell_length,,,,cm,RS03AXPS,PC03A,VADCP
RS03AXPS-PC03A-06-VADCPA301,blank_after_transmit,blank_after_transmit,,,,cm,RS03AXPS,PC03A,VADCP
RS03AXPS-PC03A-06-VADCPA301,signal_processing_mode,signal_processing_mode,,,,1,RS03AXPS,PC03A,VADCP
RS03AXPS-PC03A-06-VADCPA301,low_corr_threshold,low_corr_threshold,,,,counts,RS03AXPS,PC03A,VADCP
RS03AXPS-PC03A-06-VADCPA301,num_code_repetitions,num_code_repetitions,,,,counts,RS03AXPS,PC03A,VADCP
RS03AXPS-PC03A-06-VADCPA301,percent_good_min,percent_good_min,,,,percent,RS03AXPS,PC03A,VADCP
RS03AXPS-PC03A-06-VADCPA301,error_vel_threshold,error_vel_threshold,,,,mm s-1,RS03AXPS,PC03A,VADCP
RS03AXPS-PC03A-06-VADCPA301,time_per_ping_minutes,time_per_ping_minutes,,,,min,RS03AXPS,PC03A,VADCP
RS03AXPS-PC03A-06-VADCPA301,time_per_ping_seconds,time_per_ping_seconds,,,,s,RS03AXPS,PC03A,VADCP
RS03AXPS-PC03A-06-VADCPA301,coord_transform_type,coord_transform_type,,,,1,RS03AXPS,PC03A,VADCP
RS03AXPS-PC03A-06-VADCPA301,coord_transform_tilts,coord_transform_tilts,,,,1,RS03AXPS,PC03A,VADCP
RS03AXPS-PC03A-06-VADCPA301,coord_transform_beams,coord_transform_beams,,,,1,RS03AXPS,PC03A,VADCP
RS03AXPS-PC03A-06-VADCPA301,coord_transform_mapping,coord_transform_mapping,,,,1,RS03AXPS,PC03A,VADCP
RS03AXPS-PC03A-06-VADCPA301,heading_alignment,heading_alignment,,,,cdegrees,RS03AXPS,PC03A,VADCP
RS03AXPS-PC03A-06-VADCPA301,heading_bias,heading_bias,,,,cdegrees,RS03AXPS,PC03A,VADCP
RS03AXPS-PC03A-06-VADCPA301,sensor_source_speed,sensor_source_speed,,,,1,RS03AXPS,PC03A,VADCP
RS03AXPS-PC03A-06-VADCPA301,sensor_source_depth,sensor_source_depth,,,,1,RS03AXPS,PC03A,VADCP
RS03AXPS-PC03A-06-VADCPA301,sensor_source_heading,sensor_source_heading,,,,1,RS03AXPS,PC03A,VADCP
RS03AXPS-PC03A-06-VADCPA301,sensor_source_pitch,sensor_source_pitch,,,,1,RS03AXPS,PC03A,VADCP
RS03AXPS-PC03A-06-VADCPA301,sensor_source_roll,sensor_source_roll,,,,1,RS03AXPS,PC03A,VADCP
RS03AXPS-PC03A-06-VADCPA301,sensor_source_conductivity,sensor_source_conductivity,,,,1,RS03AXPS,PC03A,VADCP
RS03AXPS-PC03A-06-VADCPA301,sensor_source_temperature,sensor_source_temperature,,,,1,RS03AXPS,PC03A,VADCP
RS03AXPS-PC03A-06-VADCPA301,sensor_available_depth,sensor_available_depth,,,,1,RS03AXPS,PC03A,VADCP
RS03AXPS-PC03A-06-VADCPA301,sensor_available_heading,sensor_available_heading,,,,1,RS03AXPS,PC03A,VADCP
RS03AXPS-PC03A-06-VADCPA301,sensor_available_pitch,sensor_available_pitch,,,,1,RS03AXPS,PC03A,VADCP
RS03AXPS-PC03A-06-VADCPA301,sensor_available_roll,sensor_available_roll,,,,1,RS03AXPS,PC03A,VADCP
RS03AXPS-PC03A-06-VADCPA301,sensor_available_conductivity,sensor_available_conductivity,,,,1,RS03AXPS,PC03A,VADCP
RS03AXPS-PC03A-06-VADCPA301,sensor_available_temperature,sensor_available_temperature,,,,1,RS03AXPS,PC03A,VADCP
RS03AXPS-PC03A-06-VADCPA301,bin_1_distance,bin_1_distance,,,,cm,RS03AXPS,PC03A,VADCP
RS03AXPS-PC03A-06-VADCPA301,transmit_pulse_length,transmit_pulse_length,,,,cm,RS03AXPS,PC03A,VADCP
RS03AXPS-PC03A-06-VADCPA301,reference_layer_start,reference_layer_start,,,,1,RS03AXPS,PC03A,VADCP
RS03AXPS-PC03A-06-VADCPA301,reference_layer_stop,reference_layer_stop,,,,1,RS03AXPS,PC03A,VADCP
RS03AXPS-PC03A-06-VADCPA301,false_target_threshold,false_target_threshold,,,,counts,RS03AXPS,PC03A,VADCP
RS03AXPS-PC03A-06-VADCPA301,low_latency_trigger,low_latency_trigger,,,,1,RS03AXPS,PC03A,VADCP
RS03AXPS-PC03A-06-VADCPA301,transmit_lag_distance,transmit_lag_distance,,,,cm,RS03AXPS,PC03A,VADCP
RS03AXPS-PC03A-06-VADCPA301,cpu_board_serial_number,cpu_board_serial_number,,,,1,RS03AXPS,PC03A,VADCP
RS03AXPS-PC03A-06-VADCPA301,system_bandwidth,system_bandwidth,,,,1,RS03AXPS,PC03A,VADCP
RS03AXPS-PC03A-06-VADCPA301,system_power,system_power,,,,1,RS03AXPS,PC03A,VADCP
RS03AXPS-PC03A-06-VADCPA301,beam_angle,beam_angle,,,,degrees,RS03AXPS,PC03A,VADCP
RS03AXPS-PC03A-06-VADCPA301,variable_leader_id,variable_leader_id,,,,1,RS03AXPS,PC03A,VADCP
RS03AXPS-PC03A-06-VADCPA301,ensemble_number,ensemble_number,,,,1,RS03AXPS,PC03A,VADCP
RS03AXPS-PC03A-06-VADCPA301,ensemble_number_increment,ensemble_number_increment,,,,1,RS03AXPS,PC03A,VADCP
RS03AXPS-PC03A-06-VADCPA301,bit_result_demod_1,bit_result_demod_1,,,,1,RS03AXPS,PC03A,VADCP
RS03AXPS-PC03A-06-VADCPA301,bit_result_demod_0,bit_result_demod_0,,,,1,RS03AXPS,PC03A,VADCP
RS03AXPS-PC03A-06-VADCPA301,bit_result_timing,bit_result_timing,,,,1,RS03AXPS,PC03A,VADCP
RS03AXPS-PC03A-06-VADCPA301,speed_of_sound,speed_of_sound,,,,m s-1,RS03AXPS,PC03A,VADCP
RS03AXPS-PC03A-06-VADCPA301,transducer_depth,transducer_depth,,,,dm,RS03AXPS,PC03A,VADCP
RS03AXPS-PC03A-06-VADCPA301,heading,heading,,,,cdegrees,RS03AXPS,PC03A,VADCP
RS03AXPS-PC03A-06-VADCPA301,pitch,pitch,,,,cdegrees,RS03AXPS,PC03A,VADCP
RS03AXPS-PC03A-06-VADCPA301,roll,roll,,,,cdegrees,RS03AXPS,PC03A,VADCP
RS03AXPS-PC03A-06-VADCPA301,salinity,salinity,,,,1,RS03AXPS,PC03A,VADCP
RS03AXPS-PC03A-06-VADCPA301,temperature,temperature,,,,cdeg_C,RS03AXPS,PC03A,VADCP
RS03AXPS-PC03A-06-VADCPA301,mpt_minutes,mpt_minutes,,,,min,RS03AXPS,PC03A,VADCP
RS03AXPS-PC03A-06-VADCPA301,mpt_seconds,mpt_seconds,,,,s,RS03AXPS,PC03A,VADCP
RS03AXPS-PC03A-06-VADCPA301,heading_stdev,heading_stdev,,,,degrees,RS03AXPS,PC03A,VADCP
RS03AXPS-PC03A-06-VADCPA301,pitch_stdev,pitch_stdev,,,,ddegrees,RS03AXPS,PC03A,VADCP
RS03AXPS-PC03A-06-VADCPA301,roll_stdev,roll_stdev,,,,ddegrees,RS03AXPS,PC03A,VADCP
RS03AXPS-PC03A-06-VADCPA301,adc_transmit_current,adc_transmit_current,,,,counts,RS03AXPS,PC03A,VADCP
RS03AXPS-PC03A-06-VADCPA301,adc_transmit_voltage,adc_transmit_voltage,,,,counts,RS03AXPS,PC03A,VADCP
RS03AXPS-PC03A-06-VADCPA301,adc_ambient_temp,adc_ambient_temp,,,,counts,RS03AXPS,PC03A,VADCP
RS03AXPS-PC03A-06-VADCPA301,adc_pressure_plus,adc_pressure_plus,,,,counts,RS03AXPS,PC03A,VADCP
RS03AXPS-PC03A-06-VADCPA301,adc_pressure_minus,adc_pressure_minus,,,,counts,RS03AXPS,PC03A,VADCP
RS03AXPS-PC03A-06-VADCPA301,adc_attitude_temp,adc_attitude_temp,,,,counts,RS03AXPS,PC03A,VADCP
RS03AXPS-PC03A-06-VADCPA301,adc_attitude,adc_attitude,,,,counts,RS03AXPS,PC03A,VADCP
RS03AXPS-PC03A-06-VADCPA301,adc_contamination_sensor,adc_contamination_sensor,,,,counts,RS03AXPS,PC03A,VADCP
RS03AXPS-PC03A-06-VADCPA301,bus_error_exception,bus_error_exception,,,,1,RS03AXPS,PC03A,VADCP
RS03AXPS-PC03A-06-VADCPA301,address_error_exception,address_error_exception,,,,1,RS03AXPS,PC03A,VADCP
RS03AXPS-PC03A-06-VADCPA301,illegal_instruction_exception,illegal_instruction_exception,,,,1,RS03AXPS,PC03A,VADCP
RS03AXPS-PC03A-06-VADCPA301,zero_divide_instruction,zero_divide_instruction,,,,1,RS03AXPS,PC03A,VADCP
RS03AXPS-PC03A-06-VADCPA301,emulator_exception,emulator_exception,,,,1,RS03AXPS,PC03A,VADCP
RS03AXPS-PC03A-06-VADCPA301,unassigned_exception,unassigned_exception,,,,1,RS03AXPS,PC03A,VADCP
RS03AXPS-PC03A-06-VADCPA301,watchdog_restart_occurred,watchdog_restart_occurred,,,,1,RS03AXPS,PC03A,VADCP
RS03AXPS-PC03A-06-VADCPA301,battery_saver_power,battery_saver_power,,,,1,RS03AXPS,PC03A,VADCP
RS03AXPS-PC03A-06-VADCPA301,pinging,pinging,,,,1,RS03AXPS,PC03A,VADCP
RS03AXPS-PC03A-06-VADCPA301,cold_wakeup_occurred,cold_wakeup_occurred,,,,1,RS03AXPS,PC03A,VADCP
RS03AXPS-PC03A-06-VADCPA301,time,time,,,,seconds since 1900-01-01,RS03AXPS,PC03A,VADCP
RS03AXPS-PC03A-06-VADCPA301,unknown_wakeup_occurred,unknown_wakeup_occurred,,,,1,RS03AXPS,PC03A,VADCP
RS03AXPS-PC03A-06-VADCPA301,clock_read_error,clock_read_error,,,,1,RS03AXPS,PC03A,VADCP
RS03AXPS-PC03A-06-VADCPA301,unexpected_alarm,unexpected_alarm,,,,1,RS03AXPS,PC03A,VADCP
RS03AXPS-PC03A-06-VADCPA301,clock_jump_forward,clock_jump_forward,,,,1,RS03AXPS,PC03A,VADCP
RS03AXPS-PC03A-06-VADCPA301,clock_jump_backward,clock_jump_backward,,,,1,RS03AXPS,PC03A,VADCP
RS03AXPS-PC03A-06-VADCPA301,power_fail,power_fail,,,,1,RS03AXPS,PC03A,VADCP
RS03AXPS-PC03A-06-VADCPA301,spurious_dsp_interrupt,spurious_dsp_interrupt,,,,1,RS03AXPS,PC03A,VADCP
RS03AXPS-PC03A-06-VADCPA301,spurious_uart_interrupt,spurious_uart_interrupt,,,,1,RS03AXPS,PC03A,VADCP
RS03AXPS-PC03A-06-VADCPA301,spurious_clock_interrupt,spurious_clock_interrupt,,,,1,RS03AXPS,PC03A,VADCP
RS03AXPS-PC03A-06-VADCPA301,level_7_interrupt,level_7_interrupt,,,,1,RS03AXPS,PC03A,VADCP
RS03AXPS-PC03A-06-VADCPA301,pressure,pressure,,,,daPa,RS03AXPS,PC03A,VADCP
RS03AXPS-PC03A-06-VADCPA301,pressure_variance,pressure_variance,,,,daPa,RS03AXPS,PC03A,VADCP
RS03AXPS-PC03A-06-VADCPA301,velocity_data_id,velocity_data_id,,,,1,RS03AXPS,PC03A,VADCP
RS03AXPS-PC03A-06-VADCPA301,water_velocity_east,water_velocity_east,,,L0,mm s-1,RS03AXPS,PC03A,VADCP
RS03AXPS-PC03A-06-VADCPA301,water_velocity_north,water_velocity_north,,,L0,mm s-1,RS03AXPS,PC03A,VADCP
RS03AXPS-PC03A-06-VADCPA301,water_velocity_up,water_velocity_up,,,L0,mm s-1,RS03AXPS,PC03A,VADCP
RS03AXPS-PC03A-06-VADCPA301,error_velocity,error_velocity,,,L0,mm s-1,RS03AXPS,PC03A,VADCP
RS03AXPS-PC03A-06-VADCPA301,correlation_magnitude_id,correlation_magnitude_id,,,,1,RS03AXPS,PC03A,VADCP
RS03AXPS-PC03A-06-VADCPA301,correlation_magnitude_beam1,correlation_magnitude_beam1,,,,1,RS03AXPS,PC03A,VADCP
RS03AXPS-PC03A-06-VADCPA301,correlation_magnitude_beam2,correlation_magnitude_beam2,,,,1,RS03AXPS,PC03A,VADCP
RS03AXPS-PC03A-06-VADCPA301,correlation_magnitude_beam3,correlation_magnitude_beam3,,,,1,RS03AXPS,PC03A,VADCP
RS03AXPS-PC03A-06-VADCPA301,correlation_magnitude_beam4,correlation_magnitude_beam4,,,,1,RS03AXPS,PC03A,VADCP
RS03AXPS-PC03A-06-VADCPA301,echo_intensity_id,echo_intensity_id,,,,1,RS03AXPS,PC03A,VADCP
RS03AXPS-PC03A-06-VADCPA301,echo_intensity_beam1,echo_intensity_beam1,,,L0,counts,RS03AXPS,PC03A,VADCP
RS03AXPS-PC03A-06-VADCPA301,echo_intensity_beam2,echo_intensity_beam2,,,L0,counts,RS03AXPS,PC03A,VADCP
RS03AXPS-PC03A-06-VADCPA301,echo_intensity_beam3,echo_intensity_beam3,,,L0,counts,RS03AXPS,PC03A,VADCP
RS03AXPS-PC03A-06-VADCPA301,echo_intensity_beam4,echo_intensity_beam4,,,L0,counts,RS03AXPS,PC03A,VADCP
RS03AXPS-PC03A-06-VADCPA301,percent_good_id,percent_good_id,,,,1,RS03AXPS,PC03A,VADCP
RS03AXPS-PC03A-06-VADCPA301,percent_good_3beam,percent_good_3beam,,,,percent,RS03AXPS,PC03A,VADCP
RS03AXPS-PC03A-06-VADCPA301,percent_transforms_reject,percent_transforms_reject,,,,percent,RS03AXPS,PC03A,VADCP
RS03AXPS-PC03A-06-VADCPA301,percent_bad_beams,percent_bad_beams,,,,percent,RS03AXPS,PC03A,VADCP
RS03AXPS-PC03A-06-VADCPA301,percent_good_4beam,percent_good_4beam,,,,percent,RS03AXPS,PC03A,VADCP
RS03AXPS-PC03A-06-VADCPA301,checksum,checksum,,,,1,RS03AXPS,PC03A,VADCP
RS03AXPS-PC03A-06-VADCPA301,ensemble_start_time,ensemble_start_time,,,,seconds since 1900-01-01,RS03AXPS,PC03A,VADCP
RS03AXPS-PC03A-06-VADCPA301,fluxgate_calibration_timestamp,fluxgate_calibration_timestamp,,,,seconds since 1900-01-01,RS03AXPS,PC03A,VADCP
RS03AXPS-PC03A-06-VADCPA301,s_inverse_bx,s_inverse_bx,,,,1,RS03AXPS,PC03A,VADCP
RS03AXPS-PC03A-06-VADCPA301,s_inverse_by,s_inverse_by,,,,1,RS03AXPS,PC03A,VADCP
RS03AXPS-PC03A-06-VADCPA301,s_inverse_bz,s_inverse_bz,,,,1,RS03AXPS,PC03A,VADCP
RS03AXPS-PC03A-06-VADCPA301,s_inverse_err,s_inverse_err,,,,1,RS03AXPS,PC03A,VADCP
RS03AXPS-PC03A-06-VADCPA301,coil_offset,coil_offset,,,,1,RS03AXPS,PC03A,VADCP
RS03AXPS-PC03A-06-VADCPA301,electrical_null,electrical_null,,,,1,RS03AXPS,PC03A,VADCP
RS03AXPS-PC03A-06-VADCPA301,tilt_calibration_timestamp,tilt_calibration_timestamp,,,,seconds since 1900-01-01,RS03AXPS,PC03A,VADCP
RS03AXPS-PC03A-06-VADCPA301,roll_up_down,roll_up_down,,,,1,RS03AXPS,PC03A,VADCP
RS03AXPS-PC03A-06-VADCPA301,pitch_up_down,pitch_up_down,,,,1,RS03AXPS,PC03A,VADCP
RS03AXPS-PC03A-06-VADCPA301,offset_up_down,offset_up_down,,,,1,RS03AXPS,PC03A,VADCP
RS03AXPS-PC03A-06-VADCPA301,tilt_null,tilt_null,,,,1,RS03AXPS,PC03A,VADCP
RS03AXPS-PC03A-06-VADCPA301,transducer_frequency,transducer_frequency,,,,Hz,RS03AXPS,PC03A,VADCP
RS03AXPS-PC03A-06-VADCPA301,configuration,configuration,,,,1,RS03AXPS,PC03A,VADCP
RS03AXPS-PC03A-06-VADCPA301,match_layer,match_layer,,,,1,RS03AXPS,PC03A,VADCP
RS03AXPS-PC03A-06-VADCPA301,beam_pattern,beam_pattern,,,,1,RS03AXPS,PC03A,VADCP
RS03AXPS-PC03A-06-VADCPA301,orientation,orientation,,,,1,RS03AXPS,PC03A,VADCP
RS03AXPS-PC03A-06-VADCPA301,sensors,sensors,,,,1,RS03AXPS,PC03A,VADCP
RS03AXPS-PC03A-06-VADCPA301,pressure_coeff_c3,pressure_coeff_c3,,,,1,RS03AXPS,PC03A,VADCP
RS03AXPS-PC03A-06-VADCPA301,pressure_coeff_c2,pressure_coeff_c2,,,,1,RS03AXPS,PC03A,VADCP
RS03AXPS-PC03A-06-VADCPA301,pressure_coeff_c1,pressure_coeff_c1,,,,1,RS03AXPS,PC03A,VADCP
RS03AXPS-PC03A-06-VADCPA301,pressure_coeff_offset,pressure_coeff_offset,,,,1,RS03AXPS,PC03A,VADCP
RS03AXPS-PC03A-06-VADCPA301,temperature_sensor_offset,temperature_sensor_offset,,,,deg_C,RS03AXPS,PC03A,VADCP
RS03AXPS-PC03A-06-VADCPA301,cpu_firmware,cpu_firmware,,,,1,RS03AXPS,PC03A,VADCP
RS03AXPS-PC03A-06-VADCPA301,boot_code_required,boot_code_required,,,,1,RS03AXPS,PC03A,VADCP
RS03AXPS-PC03A-06-VADCPA301,boot_code_actual,boot_code_actual,,,,1,RS03AXPS,PC03A,VADCP
RS03AXPS-PC03A-06-VADCPA301,demod_1_version,demod_1_version,,,,1,RS03AXPS,PC03A,VADCP
RS03AXPS-PC03A-06-VADCPA301,demod_1_type,demod_1_type,,,,1,RS03AXPS,PC03A,VADCP
RS03AXPS-PC03A-06-VADCPA301,demod_2_version,demod_2_version,,,,1,RS03AXPS,PC03A,VADCP
RS03AXPS-PC03A-06-VADCPA301,demod_2_type,demod_2_type,,,,1,RS03AXPS,PC03A,VADCP
RS03AXPS-PC03A-06-VADCPA301,power_timing_version,power_timing_version,,,,1,RS03AXPS,PC03A,VADCP
RS03AXPS-PC03A-06-VADCPA301,power_timing_type,power_timing_type,,,,1,RS03AXPS,PC03A,VADCP
RS03AXPS-PC03A-06-VADCPA301,board_serial_numbers,board_serial_numbers,,,,1,RS03AXPS,PC03A,VADCP
RS03AXPS-PC03A-06-VADCPA301,beam_1_velocity,beam_1_velocity,,,L0,mm s-1,RS03AXPS,PC03A,VADCP
RS03AXPS-PC03A-06-VADCPA301,beam_2_velocity,beam_2_velocity,,,L0,mm s-1,RS03AXPS,PC03A,VADCP
RS03AXPS-PC03A-06-VADCPA301,beam_3_velocity,beam_3_velocity,,,L0,mm s-1,RS03AXPS,PC03A,VADCP
RS03AXPS-PC03A-06-VADCPA301,beam_4_velocity,beam_4_velocity,,,L0,mm s-1,RS03AXPS,PC03A,VADCP
RS03AXPS-PC03A-06-VADCPA301,percent_good_beam1,percent_good_beam1,,,,percent,RS03AXPS,PC03A,VADCP
RS03AXPS-PC03A-06-VADCPA301,percent_good_beam2,percent_good_beam2,,,,percent,RS03AXPS,PC03A,VADCP
RS03AXPS-PC03A-06-VADCPA301,percent_good_beam3,percent_good_beam3,,,,percent,RS03AXPS,PC03A,VADCP
RS03AXPS-PC03A-06-VADCPA301,percent_good_beam4,percent_good_beam4,,,,percent,RS03AXPS,PC03A,VADCP
RS03AXPS-PC03A-06-VADCPA301,real_time_clock,real_time_clock,,,,1,RS03AXPS,PC03A,VADCP
RS03AXPS-PC03A-06-VADCPA301,calibration_temp,calibration_temp,,,,deg_C,RS03AXPS,PC03A,VADCP
RS03AXPS-PC03A-06-VADCPA301,eastward_beam_seawater_velocity,eastward_beam_seawater_velocity,-3,3,L1,m s-1,RS03AXPS,PC03A,VADCP
RS03AXPS-PC03A-06-VADCPA301,northward_beam_seawater_velocity,northward_beam_seawater_velocity,-3,3,L1,m s-1,RS03AXPS,PC03A,VADCP
RS03AXPS-PC03A-06-VADCPA301,upward_seawater_velocity,upward_seawater_velocity,-1,1,L1,m s-1,RS03AXPS,PC03A,VADCP
RS03AXPS-PC03A-06-VADCPA301,beam_error_velocity,beam_error_velocity,-1,1,L1,m s-1,RS03AXPS,PC03A,VADCP
RS03AXPS-PC03A-07-CAMDSC302,,,,,,,RS03AXPS,PC03A,CAMDS
RS03AXPS-PC03A-07-CAMDSC302,port_timestamp,port_timestamp,,,,seconds since 1900-01-01,RS03AXPS,PC03A,CAMDS
RS03AXPS-PC03A-07-CAMDSC302,driver_timestamp,driver_timestamp,,,,seconds since 1900-01-01,RS03AXPS,PC03A,CAMDS
RS03AXPS-PC03A-07-CAMDSC302,internal_timestamp,internal_timestamp,,,,seconds since 1900-01-01,RS03AXPS,PC03A,CAMDS
RS03AXPS-PC03A-07-CAMDSC302,preferred_timestamp,preferred_timestamp,,,,1,RS03AXPS,PC03A,CAMDS
RS03AXPS-PC03A-07-CAMDSC302,camds_pan_position,camds_pan_position,,,,degrees,RS03AXPS,PC03A,CAMDS
RS03AXPS-PC03A-07-CAMDSC302,camds_tilt_position,camds_tilt_position,,,,degrees,RS03AXPS,PC03A,CAMDS
RS03AXPS-PC03A-07-CAMDSC302,camds_focus_position,camds_focus_position,,,,1,RS03AXPS,PC03A,CAMDS
RS03AXPS-PC03A-07-CAMDSC302,camds_zoom_position,camds_zoom_position,,,,1,RS03AXPS,PC03A,CAMDS
RS03AXPS-PC03A-07-CAMDSC302,camds_iris_position,camds_iris_position,,,,1,RS03AXPS,PC03A,CAMDS
RS03AXPS-PC03A-07-CAMDSC302,camds_gain,camds_gain,,,,1,RS03AXPS,PC03A,CAMDS
RS03AXPS-PC03A-07-CAMDSC302,camds_resolution,camds_resolution,,,,1,RS03AXPS,PC03A,CAMDS
RS03AXPS-PC03A-07-CAMDSC302,camds_brightness,camds_brightness,,,,1,RS03AXPS,PC03A,CAMDS
RS03AXPS-PC03A-07-CAMDSC302,camds_temp,camds_temp,,,,DegreesC,RS03AXPS,PC03A,CAMDS
RS03AXPS-PC03A-07-CAMDSC302,camds_humidity,camds_humidity,,,,percent,RS03AXPS,PC03A,CAMDS
RS03AXPS-PC03A-07-CAMDSC302,camds_error,camds_error,,,,1,RS03AXPS,PC03A,CAMDS
RS03AXPS-PC03A-07-CAMDSC302,camds_disk_size,camds_disk_size,,,,MB,RS03AXPS,PC03A,CAMDS
RS03AXPS-PC03A-07-CAMDSC302,camds_disk_remaining,camds_disk_remaining,,,,%,RS03AXPS,PC03A,CAMDS
RS03AXPS-PC03A-07-CAMDSC302,camds_images_remaining,camds_images_remaining,,,,counts,RS03AXPS,PC03A,CAMDS
RS03AXPS-PC03A-07-CAMDSC302,camds_images_on_disk,camds_images_on_disk,,,,counts,RS03AXPS,PC03A,CAMDS
RS03AXPS-PC03A-07-CAMDSC302,raw,raw,,,,,RS03AXPS,PC03A,CAMDS
RS03AXPS-PC03A-07-CAMDSC302,time,time,,,,seconds since 1900-01-01,RS03AXPS,PC03A,CAMDS
RS03AXPS-PC03A-07-CAMDSC302,ingestion_timestamp,ingestion_timestamp,,,,seconds since 1900-01-01,RS03AXPS,PC03A,CAMDS
RS03AXPS-PC03A-4A-CTDPFA303,port_timestamp,port_timestamp,,,ENG,seconds since 1900-01-01,RS03AXPS,PC03A,CTDPF
RS03AXPS-PC03A-4A-CTDPFA303,enable_text,enable_text,,,ENG,1,RS03AXPS,PC03A,CTDPF
RS03AXPS-PC03A-4A-CTDPFA303,driver_timestamp,driver_timestamp,,,ENG,seconds since 1900-01-01,RS03AXPS,PC03A,CTDPF
RS03AXPS-PC03A-4A-CTDPFA303,firmware_version,firmware_version,,,ENG,1,RS03AXPS,PC03A,CTDPF
RS03AXPS-PC03A-4A-CTDPFA303,pressure_sensor_range,pressure_sensor_range,,,ENG,psi,RS03AXPS,PC03A,CTDPF
RS03AXPS-PC03A-4A-CTDPFA303,operational_current,operational_current,,,ENG,mA,RS03AXPS,PC03A,CTDPF
RS03AXPS-PC03A-4A-CTDPFA303,battery_voltage_main,battery_voltage_main,,,ENG,V,RS03AXPS,PC03A,CTDPF
RS03AXPS-PC03A-4A-CTDPFA303,battery_voltage_lithium,battery_voltage_lithium,,,ENG,V,RS03AXPS,PC03A,CTDPF
RS03AXPS-PC03A-4A-CTDPFA303,calibration_date_pressure,calibration_date_pressure,,,ENG,1,RS03AXPS,PC03A,CTDPF
RS03AXPS-PC03A-4A-CTDPFA303,preferred_timestamp,preferred_timestamp,,,ENG,1,RS03AXPS,PC03A,CTDPF
RS03AXPS-PC03A-4A-CTDPFA303,press_coeff_poffset,press_coeff_poffset,,,ENG,counts,RS03AXPS,PC03A,CTDPF
RS03AXPS-PC03A-4A-CTDPFA303,calibration_date_temperature,calibration_date_temperature,,,ENG,1,RS03AXPS,PC03A,CTDPF
RS03AXPS-PC03A-4A-CTDPFA303,temp_coeff_ta0,temp_coeff_ta0,,,ENG,counts,RS03AXPS,PC03A,CTDPF
RS03AXPS-PC03A-4A-CTDPFA303,temp_coeff_ta1,temp_coeff_ta1,,,ENG,counts,RS03AXPS,PC03A,CTDPF
RS03AXPS-PC03A-4A-CTDPFA303,temp_coeff_ta2,temp_coeff_ta2,,,ENG,counts,RS03AXPS,PC03A,CTDPF
RS03AXPS-PC03A-4A-CTDPFA303,temp_coeff_ta3,temp_coeff_ta3,,,ENG,counts,RS03AXPS,PC03A,CTDPF
RS03AXPS-PC03A-4A-CTDPFA303,calibration_date_conductivity,calibration_date_conductivity,,,ENG,1,RS03AXPS,PC03A,CTDPF
RS03AXPS-PC03A-4A-CTDPFA303,cond_coeff_cg,cond_coeff_cg,,,ENG,counts,RS03AXPS,PC03A,CTDPF
RS03AXPS-PC03A-4A-CTDPFA303,cond_coeff_ch,cond_coeff_ch,,,ENG,counts,RS03AXPS,PC03A,CTDPF
RS03AXPS-PC03A-4A-CTDPFA303,cond_coeff_ci,cond_coeff_ci,,,ENG,counts,RS03AXPS,PC03A,CTDPF
RS03AXPS-PC03A-4A-CTDPFA303,cond_coeff_cj,cond_coeff_cj,,,ENG,counts,RS03AXPS,PC03A,CTDPF
RS03AXPS-PC03A-4A-CTDPFA303,cond_coeff_ctcor,cond_coeff_ctcor,,,ENG,counts,RS03AXPS,PC03A,CTDPF
RS03AXPS-PC03A-4A-CTDPFA303,cond_coeff_cpcor,cond_coeff_cpcor,,,ENG,counts,RS03AXPS,PC03A,CTDPF
RS03AXPS-PC03A-4A-CTDPFA303,cond_coeff_cslope,cond_coeff_cslope,,,ENG,counts,RS03AXPS,PC03A,CTDPF
RS03AXPS-PC03A-4A-CTDPFA303,temperature,temperature,,,L0,counts,RS03AXPS,PC03A,CTDPF
RS03AXPS-PC03A-4A-CTDPFA303,conductivity,conductivity,,,L0,counts,RS03AXPS,PC03A,CTDPF
RS03AXPS-PC03A-4A-CTDPFA303,pressure,pressure,,,L0,counts,RS03AXPS,PC03A,CTDPF
RS03AXPS-PC03A-4A-CTDPFA303,pressure_temp,pressure_temp,,,L0,counts,RS03AXPS,PC03A,CTDPF
RS03AXPS-PC03A-4A-CTDPFA303,oxygen,oxygen,,,L0,counts,RS03AXPS,PC03A,CTDPF
RS03AXPS-PC03A-4A-CTDPFA303,pump_current,pump_current,,,ENG,mA,RS03AXPS,PC03A,CTDPF
RS03AXPS-PC03A-4A-CTDPFA303,ext_v01_current,ext_v01_current,,,ENG,mA,RS03AXPS,PC03A,CTDPF
RS03AXPS-PC03A-4A-CTDPFA303,serial_current,serial_current,,,ENG,mA,RS03AXPS,PC03A,CTDPF
RS03AXPS-PC03A-4A-CTDPFA303,logging_status,logging_status,,,ENG,1,RS03AXPS,PC03A,CTDPF
RS03AXPS-PC03A-4A-CTDPFA303,num_samples,num_samples,,,ENG,counts,RS03AXPS,PC03A,CTDPF
RS03AXPS-PC03A-4A-CTDPFA303,mem_free,mem_free,,,ENG,bytes,RS03AXPS,PC03A,CTDPF
RS03AXPS-PC03A-4A-CTDPFA303,battery_cutoff,battery_cutoff,,,ENG,V,RS03AXPS,PC03A,CTDPF
RS03AXPS-PC03A-4A-CTDPFA303,pressure_sensor_type,pressure_sensor_type,,,ENG,1,RS03AXPS,PC03A,CTDPF
RS03AXPS-PC03A-4A-CTDPFA303,sbe38,sbe38,,,ENG,1,RS03AXPS,PC03A,CTDPF
RS03AXPS-PC03A-4A-CTDPFA303,wetlabs,wetlabs,,,ENG,1,RS03AXPS,PC03A,CTDPF
RS03AXPS-PC03A-4A-CTDPFA303,optode,optode,,,ENG,1,RS03AXPS,PC03A,CTDPF
RS03AXPS-PC03A-4A-CTDPFA303,gas_tension_device,gas_tension_device,,,ENG,1,RS03AXPS,PC03A,CTDPF
RS03AXPS-PC03A-4A-CTDPFA303,ext_volt_0,ext_volt_0,,,ENG,1,RS03AXPS,PC03A,CTDPF
RS03AXPS-PC03A-4A-CTDPFA303,ext_volt_1,ext_volt_1,,,ENG,1,RS03AXPS,PC03A,CTDPF
RS03AXPS-PC03A-4A-CTDPFA303,ext_volt_2,ext_volt_2,,,ENG,1,RS03AXPS,PC03A,CTDPF
RS03AXPS-PC03A-4A-CTDPFA303,ext_volt_3,ext_volt_3,,,ENG,1,RS03AXPS,PC03A,CTDPF
RS03AXPS-PC03A-4A-CTDPFA303,ext_volt_4,ext_volt_4,,,ENG,1,RS03AXPS,PC03A,CTDPF
RS03AXPS-PC03A-4A-CTDPFA303,ext_volt_5,ext_volt_5,,,ENG,1,RS03AXPS,PC03A,CTDPF
RS03AXPS-PC03A-4A-CTDPFA303,echo_characters,echo_characters,,,ENG,1,RS03AXPS,PC03A,CTDPF
RS03AXPS-PC03A-4A-CTDPFA303,output_format,output_format,,,ENG,1,RS03AXPS,PC03A,CTDPF
RS03AXPS-PC03A-4A-CTDPFA303,strain_pressure_sensor_serial_number,strain_pressure_sensor_serial_number,,,ENG,1,RS03AXPS,PC03A,CTDPF
RS03AXPS-PC03A-4A-CTDPFA303,volt0_type,volt0_type,,,ENG,1,RS03AXPS,PC03A,CTDPF
RS03AXPS-PC03A-4A-CTDPFA303,volt0_serial_number,volt0_serial_number,,,ENG,1,RS03AXPS,PC03A,CTDPF
RS03AXPS-PC03A-4A-CTDPFA303,volt1_type,volt1_type,,,ENG,1,RS03AXPS,PC03A,CTDPF
RS03AXPS-PC03A-4A-CTDPFA303,volt1_serial_number,volt1_serial_number,,,ENG,1,RS03AXPS,PC03A,CTDPF
RS03AXPS-PC03A-4A-CTDPFA303,temp_coeff_offset,temp_coeff_offset,,,ENG,counts,RS03AXPS,PC03A,CTDPF
RS03AXPS-PC03A-4A-CTDPFA303,profiles,profiles,,,ENG,counts,RS03AXPS,PC03A,CTDPF
RS03AXPS-PC03A-4A-CTDPFA303,scans_to_average,scans_to_average,,,ENG,counts,RS03AXPS,PC03A,CTDPF
RS03AXPS-PC03A-4A-CTDPFA303,min_cond_freq,min_cond_freq,,,ENG,counts,RS03AXPS,PC03A,CTDPF
RS03AXPS-PC03A-4A-CTDPFA303,pump_delay,pump_delay,,,ENG,counts,RS03AXPS,PC03A,CTDPF
RS03AXPS-PC03A-4A-CTDPFA303,auto_run,auto_run,,,ENG,1,RS03AXPS,PC03A,CTDPF
RS03AXPS-PC03A-4A-CTDPFA303,ignore_switch,ignore_switch,,,ENG,1,RS03AXPS,PC03A,CTDPF
RS03AXPS-PC03A-4A-CTDPFA303,battery_type,battery_type,,,ENG,1,RS03AXPS,PC03A,CTDPF
RS03AXPS-PC03A-4A-CTDPFA303,sbe63,sbe63,,,ENG,1,RS03AXPS,PC03A,CTDPF
RS03AXPS-PC03A-4A-CTDPFA303,calphase,calphase,,,ENG,degrees,RS03AXPS,PC03A,CTDPF
RS03AXPS-PC03A-4A-CTDPFA303,enable_temperature,enable_temperature,,,ENG,1,RS03AXPS,PC03A,CTDPF
RS03AXPS-PC03A-4A-CTDPFA303,enable_humiditycomp,enable_humiditycomp,,,ENG,1,RS03AXPS,PC03A,CTDPF
RS03AXPS-PC03A-4A-CTDPFA303,enable_airsaturation,enable_airsaturation,,,ENG,1,RS03AXPS,PC03A,CTDPF
RS03AXPS-PC03A-4A-CTDPFA303,enable_rawdata,enable_rawdata,,,ENG,1,RS03AXPS,PC03A,CTDPF
RS03AXPS-PC03A-4A-CTDPFA303,analog_output,analog_output,,,ENG,1,RS03AXPS,PC03A,CTDPF
RS03AXPS-PC03A-4A-CTDPFA303,interval,interval,,,ENG,seconds,RS03AXPS,PC03A,CTDPF
RS03AXPS-PC03A-4A-CTDPFA303,press_coeff_pa0,press_coeff_pa0,,,ENG,counts,RS03AXPS,PC03A,CTDPF
RS03AXPS-PC03A-4A-CTDPFA303,press_coeff_pa1,press_coeff_pa1,,,ENG,counts,RS03AXPS,PC03A,CTDPF
RS03AXPS-PC03A-4A-CTDPFA303,press_coeff_pa2,press_coeff_pa2,,,ENG,counts,RS03AXPS,PC03A,CTDPF
RS03AXPS-PC03A-4A-CTDPFA303,press_coeff_ptempa0,press_coeff_ptempa0,,,,1,RS03AXPS,PC03A,CTDPF
RS03AXPS-PC03A-4A-CTDPFA303,press_coeff_ptempa1,press_coeff_ptempa1,,,,1,RS03AXPS,PC03A,CTDPF
RS03AXPS-PC03A-4A-CTDPFA303,press_coeff_ptempa2,press_coeff_ptempa2,,,,1,RS03AXPS,PC03A,CTDPF
RS03AXPS-PC03A-4A-CTDPFA303,press_coeff_ptca0,press_coeff_ptca0,,,,1,RS03AXPS,PC03A,CTDPF
RS03AXPS-PC03A-4A-CTDPFA303,press_coeff_ptca1,press_coeff_ptca1,,,,1,RS03AXPS,PC03A,CTDPF
RS03AXPS-PC03A-4A-CTDPFA303,press_coeff_ptca2,press_coeff_ptca2,,,,1,RS03AXPS,PC03A,CTDPF
RS03AXPS-PC03A-4A-CTDPFA303,press_coeff_ptcb0,press_coeff_ptcb0,,,,1,RS03AXPS,PC03A,CTDPF
RS03AXPS-PC03A-4A-CTDPFA303,press_coeff_ptcb1,press_coeff_ptcb1,,,,1,RS03AXPS,PC03A,CTDPF
RS03AXPS-PC03A-4A-CTDPFA303,press_coeff_ptcb2,press_coeff_ptcb2,,,,1,RS03AXPS,PC03A,CTDPF
RS03AXPS-PC03A-4A-CTDPFA303,ext_volt0_slope,ext_volt0_slope,,,ENG,counts,RS03AXPS,PC03A,CTDPF
RS03AXPS-PC03A-4A-CTDPFA303,ext_volt0_offset,ext_volt0_offset,,,ENG,counts,RS03AXPS,PC03A,CTDPF
RS03AXPS-PC03A-4A-CTDPFA303,ext_volt1_slope,ext_volt1_slope,,,ENG,counts,RS03AXPS,PC03A,CTDPF
RS03AXPS-PC03A-4A-CTDPFA303,ext_volt1_offset,ext_volt1_offset,,,ENG,counts,RS03AXPS,PC03A,CTDPF
RS03AXPS-PC03A-4A-CTDPFA303,ext_volt2_slope,ext_volt2_slope,,,ENG,counts,RS03AXPS,PC03A,CTDPF
RS03AXPS-PC03A-4A-CTDPFA303,ext_volt2_offset,ext_volt2_offset,,,ENG,counts,RS03AXPS,PC03A,CTDPF
RS03AXPS-PC03A-4A-CTDPFA303,ext_volt3_slope,ext_volt3_slope,,,ENG,counts,RS03AXPS,PC03A,CTDPF
RS03AXPS-PC03A-4A-CTDPFA303,ext_volt3_offset,ext_volt3_offset,,,ENG,counts,RS03AXPS,PC03A,CTDPF
RS03AXPS-PC03A-4A-CTDPFA303,ext_volt4_slope,ext_volt4_slope,,,ENG,counts,RS03AXPS,PC03A,CTDPF
RS03AXPS-PC03A-4A-CTDPFA303,ext_volt4_offset,ext_volt4_offset,,,ENG,counts,RS03AXPS,PC03A,CTDPF
RS03AXPS-PC03A-4A-CTDPFA303,ext_volt5_slope,ext_volt5_slope,,,ENG,counts,RS03AXPS,PC03A,CTDPF
RS03AXPS-PC03A-4A-CTDPFA303,ext_volt5_offset,ext_volt5_offset,,,ENG,counts,RS03AXPS,PC03A,CTDPF
RS03AXPS-PC03A-4A-CTDPFA303,ext_freq_sf,ext_freq_sf,,,ENG,counts,RS03AXPS,PC03A,CTDPF
RS03AXPS-PC03A-4A-CTDPFA303,temp_sensor_serial_number,temp_sensor_serial_number,,,ENG,counts,RS03AXPS,PC03A,CTDPF
RS03AXPS-PC03A-4A-CTDPFA303,cond_sensor_serial_number,cond_sensor_serial_number,,,ENG,counts,RS03AXPS,PC03A,CTDPF
RS03AXPS-PC03A-4A-CTDPFA303,command_set_version,command_set_version,,,ENG,1,RS03AXPS,PC03A,CTDPF
RS03AXPS-PC03A-4A-CTDPFA303,assembly_number,assembly_number,,,ENG,1,RS03AXPS,PC03A,CTDPF
RS03AXPS-PC03A-4A-CTDPFA303,num_events,num_events,,,ENG,counts,RS03AXPS,PC03A,CTDPF
RS03AXPS-PC03A-4A-CTDPFA303,samples_free,samples_free,,,ENG,counts,RS03AXPS,PC03A,CTDPF
RS03AXPS-PC03A-4A-CTDPFA303,sample_length,sample_length,,,ENG,bytes,RS03AXPS,PC03A,CTDPF
RS03AXPS-PC03A-4A-CTDPFA303,output_executed_tag,output_executed_tag,,,ENG,1,RS03AXPS,PC03A,CTDPF
RS03AXPS-PC03A-4A-CTDPFA303,pressure_sensor_serial_number,pressure_sensor_serial_number,,,ENG,counts,RS03AXPS,PC03A,CTDPF
RS03AXPS-PC03A-4A-CTDPFA303,mode,mode,,,ENG,1,RS03AXPS,PC03A,CTDPF
RS03AXPS-PC03A-4A-CTDPFA303,firmware_date,firmware_date,,,ENG,1,RS03AXPS,PC03A,CTDPF
RS03AXPS-PC03A-4A-CTDPFA303,pcb_serial_number,pcb_serial_number,,,ENG,1,RS03AXPS,PC03A,CTDPF
RS03AXPS-PC03A-4A-CTDPFA303,manufacture_date,manufacture_date,,,ENG,1,RS03AXPS,PC03A,CTDPF
RS03AXPS-PC03A-4A-CTDPFA303,serial_number,serial_number,,,ENG,counts,RS03AXPS,PC03A,CTDPF
RS03AXPS-PC03A-4A-CTDPFA303,oxy_calphase,oxy_calphase,,,L0,counts,RS03AXPS,PC03A,CTDPF
RS03AXPS-PC03A-4A-CTDPFA303,oxy_temp,oxy_temp,,,L0,counts,RS03AXPS,PC03A,CTDPF
RS03AXPS-PC03A-4A-CTDPFA303,seawater_temperature,seawater_temperature,-2,40,L1,deg_C,RS03AXPS,PC03A,CTDPF
RS03AXPS-PC03A-4A-CTDPFA303,seawater_pressure,seawater_pressure,0,6000,L1,dbar,RS03AXPS,PC03A,CTDPF
RS03AXPS-PC03A-4A-CTDPFA303,seawater_conductivity,seawater_conductivity,0,6,L1,S m-1,RS03AXPS,PC03A,CTDPF
RS03AXPS-PC03A-4A-CTDPFA303,practical_salinity,practical_salinity,0,42,L2,1,RS03AXPS,PC03A,CTDPF
RS03AXPS-PC03A-4A-CTDPFA303,seawater_density,seawater_density,1000,1100,L2,kg m-3,RS03AXPS,PC03A,CTDPF
RS03AXPS-PC03A-4A-CTDPFA303,date_time_string,date_time_string,,,ENG,1,RS03AXPS,PC03A,CTDPF
RS03AXPS-PC03A-4A-CTDPFA303,ctd_tc_oxygen,ctd_tc_oxygen,,,L1,umol L-1,RS03AXPS,PC03A,CTDPF
RS03AXPS-PC03A-4A-CTDPFA303,ctd_abs_oxygen,ctd_abs_oxygen,0,400,L2,umol kg-1,RS03AXPS,PC03A,CTDPF
RS03AXPS-PC03A-4A-DOSTAD303,port_timestamp,port_timestamp,,,ENG,seconds since 1900-01-01,RS03AXPS,PC03A,DOSTA
RS03AXPS-PC03A-4A-DOSTAD303,driver_timestamp,driver_timestamp,,,ENG,seconds since 1900-01-01,RS03AXPS,PC03A,DOSTA
RS03AXPS-PC03A-4A-DOSTAD303,preferred_timestamp,preferred_timestamp,,,ENG,1,RS03AXPS,PC03A,DOSTA
RS03AXPS-PC03A-4A-DOSTAD303,temperature,temperature,,,L0,counts,RS03AXPS,PC03A,DOSTA
RS03AXPS-PC03A-4A-DOSTAD303,conductivity,conductivity,,,L0,counts,RS03AXPS,PC03A,DOSTA
RS03AXPS-PC03A-4A-DOSTAD303,pressure,pressure,,,L0,counts,RS03AXPS,PC03A,DOSTA
RS03AXPS-PC03A-4A-DOSTAD303,pressure_temp,pressure_temp,,,L0,counts,RS03AXPS,PC03A,DOSTA
RS03AXPS-PC03A-4A-DOSTAD303,oxygen,oxygen,,,L0,counts,RS03AXPS,PC03A,DOSTA
RS03AXPS-PC03A-4A-DOSTAD303,oxy_calphase,oxy_calphase,,,L0,counts,RS03AXPS,PC03A,DOSTA
RS03AXPS-PC03A-4A-DOSTAD303,oxy_temp,oxy_temp,,,L0,counts,RS03AXPS,PC03A,DOSTA
RS03AXPS-PC03A-4A-DOSTAD303,seawater_temperature,seawater_temperature,-2,40,L1,deg_C,RS03AXPS,PC03A,DOSTA
RS03AXPS-PC03A-4A-DOSTAD303,seawater_pressure,seawater_pressure,0,6000,L1,dbar,RS03AXPS,PC03A,DOSTA
RS03AXPS-PC03A-4A-DOSTAD303,seawater_conductivity,seawater_conductivity,0,6,L1,S m-1,RS03AXPS,PC03A,DOSTA
RS03AXPS-PC03A-4A-DOSTAD303,practical_salinity,practical_salinity,0,42,L2,1,RS03AXPS,PC03A,DOSTA
RS03AXPS-PC03A-4A-DOSTAD303,seawater_density,seawater_density,1000,1100,L2,kg m-3,RS03AXPS,PC03A,DOSTA
RS03AXPS-PC03A-4A-DOSTAD303,ctd_tc_oxygen,ctd_tc_oxygen,,,L1,umol L-1,RS03AXPS,PC03A,DOSTA
RS03AXPS-PC03A-4A-DOSTAD303,ctd_abs_oxygen,ctd_abs_oxygen,0,400,L2,umol kg-1,RS03AXPS,PC03A,DOSTA
RS03AXPS-PC03A-4B-PHSENA302,port_timestamp,port_timestamp,,,ENG,seconds since 1900-01-01,RS03AXPS,PC03A,PHSEN
RS03AXPS-PC03A-4B-PHSENA302,driver_timestamp,driver_timestamp,,,ENG,seconds since 1900-01-01,RS03AXPS,PC03A,PHSEN
RS03AXPS-PC03A-4B-PHSENA302,external_device2_fault,external_device2_fault,,,ENG,1,RS03AXPS,PC03A,PHSEN
RS03AXPS-PC03A-4B-PHSENA302,external_device3_fault,external_device3_fault,,,ENG,1,RS03AXPS,PC03A,PHSEN
RS03AXPS-PC03A-4B-PHSENA302,num_data_records,num_data_records,,,ENG,1,RS03AXPS,PC03A,PHSEN
RS03AXPS-PC03A-4B-PHSENA302,num_error_records,num_error_records,,,ENG,1,RS03AXPS,PC03A,PHSEN
RS03AXPS-PC03A-4B-PHSENA302,num_bytes_stored,num_bytes_stored,,,ENG,bytes,RS03AXPS,PC03A,PHSEN
RS03AXPS-PC03A-4B-PHSENA302,number_samples_averaged,number_samples_averaged,,,ENG,counts,RS03AXPS,PC03A,PHSEN
RS03AXPS-PC03A-4B-PHSENA302,number_flushes,number_flushes,,,ENG,counts,RS03AXPS,PC03A,PHSEN
RS03AXPS-PC03A-4B-PHSENA302,pump_on_flush,pump_on_flush,,,ENG,counts,RS03AXPS,PC03A,PHSEN
RS03AXPS-PC03A-4B-PHSENA302,pump_off_flush,pump_off_flush,,,ENG,counts,RS03AXPS,PC03A,PHSEN
RS03AXPS-PC03A-4B-PHSENA302,number_reagent_pumps,number_reagent_pumps,,,ENG,counts,RS03AXPS,PC03A,PHSEN
RS03AXPS-PC03A-4B-PHSENA302,valve_delay,valve_delay,,,ENG,counts,RS03AXPS,PC03A,PHSEN
RS03AXPS-PC03A-4B-PHSENA302,pump_on_ind,pump_on_ind,,,ENG,counts,RS03AXPS,PC03A,PHSEN
RS03AXPS-PC03A-4B-PHSENA302,pv_off_ind,pv_off_ind,,,ENG,counts,RS03AXPS,PC03A,PHSEN
RS03AXPS-PC03A-4B-PHSENA302,number_blanks,number_blanks,,,ENG,counts,RS03AXPS,PC03A,PHSEN
RS03AXPS-PC03A-4B-PHSENA302,pump_measure_t,pump_measure_t,,,ENG,counts,RS03AXPS,PC03A,PHSEN
RS03AXPS-PC03A-4B-PHSENA302,pump_off_to_measure,pump_off_to_measure,,,ENG,counts,RS03AXPS,PC03A,PHSEN
RS03AXPS-PC03A-4B-PHSENA302,measure_to_pump_on,measure_to_pump_on,,,ENG,counts,RS03AXPS,PC03A,PHSEN
RS03AXPS-PC03A-4B-PHSENA302,number_measurements,number_measurements,,,ENG,counts,RS03AXPS,PC03A,PHSEN
RS03AXPS-PC03A-4B-PHSENA302,salinity_delay,salinity_delay,,,ENG,counts,RS03AXPS,PC03A,PHSEN
RS03AXPS-PC03A-4B-PHSENA302,internal_timestamp,internal_timestamp,,,ENG,seconds since 1900-01-01,RS03AXPS,PC03A,PHSEN
RS03AXPS-PC03A-4B-PHSENA302,pco2w_battery_voltage,pco2w_battery_voltage,,,ENG,counts,RS03AXPS,PC03A,PHSEN
RS03AXPS-PC03A-4B-PHSENA302,pco2w_thermistor_voltage,pco2w_thermistor_voltage,,,ENG,counts,RS03AXPS,PC03A,PHSEN
RS03AXPS-PC03A-4B-PHSENA302,phsen_battery_volts,phsen_battery_volts,,,ENG,V,RS03AXPS,PC03A,PHSEN
RS03AXPS-PC03A-4B-PHSENA302,ph_light_measurements,ph_light_measurements,,,ENG,counts,RS03AXPS,PC03A,PHSEN
RS03AXPS-PC03A-4B-PHSENA302,checksum,checksum,,,ENG,1,RS03AXPS,PC03A,PHSEN
RS03AXPS-PC03A-4B-PHSENA302,unique_id,unique_id,,,ENG,1,RS03AXPS,PC03A,PHSEN
RS03AXPS-PC03A-4B-PHSENA302,record_length,record_length,,,ENG,1,RS03AXPS,PC03A,PHSEN
RS03AXPS-PC03A-4B-PHSENA302,record_type,record_type,,,ENG,1,RS03AXPS,PC03A,PHSEN
RS03AXPS-PC03A-4B-PHSENA302,record_time,record_time,,,ENG,seconds since 1904-01-01,RS03AXPS,PC03A,PHSEN
RS03AXPS-PC03A-4B-PHSENA302,voltage_battery,voltage_battery,,,ENG,counts,RS03AXPS,PC03A,PHSEN
RS03AXPS-PC03A-4B-PHSENA302,elapsed_time_config,elapsed_time_config,,,ENG,s,RS03AXPS,PC03A,PHSEN
RS03AXPS-PC03A-4B-PHSENA302,clock_active,clock_active,,,ENG,1,RS03AXPS,PC03A,PHSEN
RS03AXPS-PC03A-4B-PHSENA302,recording_active,recording_active,,,ENG,1,RS03AXPS,PC03A,PHSEN
RS03AXPS-PC03A-4B-PHSENA302,record_end_on_time,record_end_on_time,,,ENG,1,RS03AXPS,PC03A,PHSEN
RS03AXPS-PC03A-4B-PHSENA302,record_memory_full,record_memory_full,,,ENG,1,RS03AXPS,PC03A,PHSEN
RS03AXPS-PC03A-4B-PHSENA302,record_end_on_error,record_end_on_error,,,ENG,1,RS03AXPS,PC03A,PHSEN
RS03AXPS-PC03A-4B-PHSENA302,data_download_ok,data_download_ok,,,ENG,1,RS03AXPS,PC03A,PHSEN
RS03AXPS-PC03A-4B-PHSENA302,flash_memory_open,flash_memory_open,,,ENG,1,RS03AXPS,PC03A,PHSEN
RS03AXPS-PC03A-4B-PHSENA302,battery_low_prestart,battery_low_prestart,,,ENG,1,RS03AXPS,PC03A,PHSEN
RS03AXPS-PC03A-4B-PHSENA302,battery_low_measurement,battery_low_measurement,,,ENG,1,RS03AXPS,PC03A,PHSEN
RS03AXPS-PC03A-4B-PHSENA302,battery_low_bank,battery_low_bank,,,ENG,1,RS03AXPS,PC03A,PHSEN
RS03AXPS-PC03A-4B-PHSENA302,battery_low_external,battery_low_external,,,ENG,1,RS03AXPS,PC03A,PHSEN
RS03AXPS-PC03A-4B-PHSENA302,external_device1_fault,external_device1_fault,,,ENG,1,RS03AXPS,PC03A,PHSEN
RS03AXPS-PC03A-4B-PHSENA302,flash_erased,flash_erased,,,ENG,1,RS03AXPS,PC03A,PHSEN
RS03AXPS-PC03A-4B-PHSENA302,power_on_invalid,power_on_invalid,,,ENG,1,RS03AXPS,PC03A,PHSEN
RS03AXPS-PC03A-4B-PHSENA302,launch_time,launch_time,,,ENG,seconds since 1904-01-01,RS03AXPS,PC03A,PHSEN
RS03AXPS-PC03A-4B-PHSENA302,start_time_offset,start_time_offset,,,ENG,s,RS03AXPS,PC03A,PHSEN
RS03AXPS-PC03A-4B-PHSENA302,recording_time,recording_time,,,ENG,s,RS03AXPS,PC03A,PHSEN
RS03AXPS-PC03A-4B-PHSENA302,pmi_sample_schedule,pmi_sample_schedule,,,ENG,1,RS03AXPS,PC03A,PHSEN
RS03AXPS-PC03A-4B-PHSENA302,sami_sample_schedule,sami_sample_schedule,,,ENG,1,RS03AXPS,PC03A,PHSEN
RS03AXPS-PC03A-4B-PHSENA302,slot1_follows_sami_sample,slot1_follows_sami_sample,,,ENG,1,RS03AXPS,PC03A,PHSEN
RS03AXPS-PC03A-4B-PHSENA302,slot1_independent_schedule,slot1_independent_schedule,,,ENG,1,RS03AXPS,PC03A,PHSEN
RS03AXPS-PC03A-4B-PHSENA302,slot2_follows_sami_sample,slot2_follows_sami_sample,,,ENG,1,RS03AXPS,PC03A,PHSEN
RS03AXPS-PC03A-4B-PHSENA302,slot2_independent_schedule,slot2_independent_schedule,,,ENG,1,RS03AXPS,PC03A,PHSEN
RS03AXPS-PC03A-4B-PHSENA302,slot3_follows_sami_sample,slot3_follows_sami_sample,,,ENG,1,RS03AXPS,PC03A,PHSEN
RS03AXPS-PC03A-4B-PHSENA302,slot3_independent_schedule,slot3_independent_schedule,,,ENG,1,RS03AXPS,PC03A,PHSEN
RS03AXPS-PC03A-4B-PHSENA302,timer_interval_sami,timer_interval_sami,,,ENG,s,RS03AXPS,PC03A,PHSEN
RS03AXPS-PC03A-4B-PHSENA302,driver_id_sami,driver_id_sami,,,ENG,1,RS03AXPS,PC03A,PHSEN
RS03AXPS-PC03A-4B-PHSENA302,parameter_pointer_sami,parameter_pointer_sami,,,ENG,1,RS03AXPS,PC03A,PHSEN
RS03AXPS-PC03A-4B-PHSENA302,timer_interval_device1,timer_interval_device1,,,ENG,s,RS03AXPS,PC03A,PHSEN
RS03AXPS-PC03A-4B-PHSENA302,driver_id_device1,driver_id_device1,,,ENG,1,RS03AXPS,PC03A,PHSEN
RS03AXPS-PC03A-4B-PHSENA302,parameter_pointer_device1,parameter_pointer_device1,,,ENG,1,RS03AXPS,PC03A,PHSEN
RS03AXPS-PC03A-4B-PHSENA302,timer_interval_device2,timer_interval_device2,,,ENG,s,RS03AXPS,PC03A,PHSEN
RS03AXPS-PC03A-4B-PHSENA302,driver_id_device2,driver_id_device2,,,ENG,1,RS03AXPS,PC03A,PHSEN
RS03AXPS-PC03A-4B-PHSENA302,parameter_pointer_device2,parameter_pointer_device2,,,ENG,1,RS03AXPS,PC03A,PHSEN
RS03AXPS-PC03A-4B-PHSENA302,timer_interval_device3,timer_interval_device3,,,ENG,s,RS03AXPS,PC03A,PHSEN
RS03AXPS-PC03A-4B-PHSENA302,driver_id_device3,driver_id_device3,,,ENG,1,RS03AXPS,PC03A,PHSEN
RS03AXPS-PC03A-4B-PHSENA302,parameter_pointer_device3,parameter_pointer_device3,,,ENG,1,RS03AXPS,PC03A,PHSEN
RS03AXPS-PC03A-4B-PHSENA302,timer_interval_prestart,timer_interval_prestart,,,ENG,s,RS03AXPS,PC03A,PHSEN
RS03AXPS-PC03A-4B-PHSENA302,driver_id_prestart,driver_id_prestart,,,ENG,1,RS03AXPS,PC03A,PHSEN
RS03AXPS-PC03A-4B-PHSENA302,parameter_pointer_prestart,parameter_pointer_prestart,,,ENG,1,RS03AXPS,PC03A,PHSEN
RS03AXPS-PC03A-4B-PHSENA302,use_baud_rate_57600,use_baud_rate_57600,,,ENG,1,RS03AXPS,PC03A,PHSEN
RS03AXPS-PC03A-4B-PHSENA302,send_record_type,send_record_type,,,ENG,1,RS03AXPS,PC03A,PHSEN
RS03AXPS-PC03A-4B-PHSENA302,send_live_records,send_live_records,,,ENG,1,RS03AXPS,PC03A,PHSEN
RS03AXPS-PC03A-4B-PHSENA302,extend_global_config,extend_global_config,,,ENG,1,RS03AXPS,PC03A,PHSEN
RS03AXPS-PC03A-4B-PHSENA302,time,time,,,ENG,seconds since 1900-01-01,RS03AXPS,PC03A,PHSEN
RS03AXPS-PC03A-4B-PHSENA302,ingestion_timestamp,ingestion_timestamp,,,ENG,seconds since 1900-01-01,RS03AXPS,PC03A,PHSEN
RS03AXPS-PC03A-4B-PHSENA302,thermistor_start,thermistor_start,,,ENG,counts,RS03AXPS,PC03A,PHSEN
RS03AXPS-PC03A-4B-PHSENA302,reference_light_measurements,reference_light_measurements,,,ENG,counts,RS03AXPS,PC03A,PHSEN
RS03AXPS-PC03A-4B-PHSENA302,thermistor_end,thermistor_end,,,L0,counts,RS03AXPS,PC03A,PHSEN
RS03AXPS-PC03A-4B-PHSENA302,signal_intensity_434,signal_intensity_434,,,L0,counts,RS03AXPS,PC03A,PHSEN
RS03AXPS-PC03A-4B-PHSENA302,signal_intensity_578,signal_intensity_578,,,L0,counts,RS03AXPS,PC03A,PHSEN
RS03AXPS-PC03A-4B-PHSENA302,phsen_thermistor_temperature,phsen_thermistor_temperature,,,L1,deg_C,RS03AXPS,PC03A,PHSEN
RS03AXPS-PC03A-4B-PHSENA302,ph_seawater,ph_seawater,7.3,8.5,L1,1,RS03AXPS,PC03A,PHSEN
RS03AXPS-PC03A-4C-FLORDD303,port_timestamp,port_timestamp,,,ENG,seconds since 1900-01-01,RS03AXPS,PC03A,FLORD
RS03AXPS-PC03A-4C-FLORDD303,driver_timestamp,driver_timestamp,,,ENG,seconds since 1900-01-01,RS03AXPS,PC03A,FLORD
RS03AXPS-PC03A-4C-FLORDD303,firmware_version,firmware_version,,,ENG,1,RS03AXPS,PC03A,FLORD
RS03AXPS-PC03A-4C-FLORDD303,date_string,date_string,,,ENG,1,RS03AXPS,PC03A,FLORD
RS03AXPS-PC03A-4C-FLORDD303,time_string,time_string,,,ENG,1,RS03AXPS,PC03A,FLORD
RS03AXPS-PC03A-4C-FLORDD303,measurement_wavelength_beta,measurement_wavelength_beta,,,ENG,nm,RS03AXPS,PC03A,FLORD
RS03AXPS-PC03A-4C-FLORDD303,raw_signal_beta,raw_signal_beta,,,L0,counts,RS03AXPS,PC03A,FLORD
RS03AXPS-PC03A-4C-FLORDD303,measurement_wavelength_chl,measurement_wavelength_chl,,,ENG,nm,RS03AXPS,PC03A,FLORD
RS03AXPS-PC03A-4C-FLORDD303,raw_signal_chl,raw_signal_chl,,,L0,counts,RS03AXPS,PC03A,FLORD
RS03AXPS-PC03A-4C-FLORDD303,measurement_wavelength_cdom,measurement_wavelength_cdom,,,ENG,nm,RS03AXPS,PC03A,FLORD
RS03AXPS-PC03A-4C-FLORDD303,raw_signal_cdom,raw_signal_cdom,,,L0,counts,RS03AXPS,PC03A,FLORD
RS03AXPS-PC03A-4C-FLORDD303,raw_internal_temp,raw_internal_temp,,,ENG,counts,RS03AXPS,PC03A,FLORD
RS03AXPS-PC03A-4C-FLORDD303,signal_1_scale_factor,signal_1_scale_factor,,,AUX,m-1 sr-1 counts-1,RS03AXPS,PC03A,FLORD
RS03AXPS-PC03A-4C-FLORDD303,signal_1_offset,signal_1_offset,,,AUX,counts,RS03AXPS,PC03A,FLORD
RS03AXPS-PC03A-4C-FLORDD303,signal_2_scale_factor,signal_2_scale_factor,,,AUX,ug L-1 counts-1,RS03AXPS,PC03A,FLORD
RS03AXPS-PC03A-4C-FLORDD303,signal_2_offset,signal_2_offset,,,AUX,counts,RS03AXPS,PC03A,FLORD
RS03AXPS-PC03A-4C-FLORDD303,signal_3_scale_factor,signal_3_scale_factor,,,AUX,ppb counts-1,RS03AXPS,PC03A,FLORD
RS03AXPS-PC03A-4C-FLORDD303,signal_3_offset,signal_3_offset,,,AUX,counts,RS03AXPS,PC03A,FLORD
RS03AXPS-PC03A-4C-FLORDD303,total_volume_scattering_coefficient,total_volume_scattering_coefficient,,,L1,m-1 sr-1,RS03AXPS,PC03A,FLORD
RS03AXPS-PC03A-4C-FLORDD303,fluorometric_chlorophyll_a,fluorometric_chlorophyll_a,0,50,L1,ug L-1,RS03AXPS,PC03A,FLORD
RS03AXPS-PC03A-4C-FLORDD303,fluorometric_cdom,fluorometric_cdom,0,375,L1,ppb,RS03AXPS,PC03A,FLORD
RS03AXPS-PC03A-4C-FLORDD303,internal_timestamp,internal_timestamp,,,ENG,seconds since 1900-01-01,RS03AXPS,PC03A,FLORD
RS03AXPS-PC03A-4C-FLORDD303,preferred_timestamp,preferred_timestamp,,,ENG,1,RS03AXPS,PC03A,FLORD
RS03AXPS-PC03A-4C-FLORDD303,number_measurements_per_reported_value,number_measurements_per_reported_value,,,ENG,counts,RS03AXPS,PC03A,FLORD
RS03AXPS-PC03A-4C-FLORDD303,number_of_reported_values_per_packet,number_of_reported_values_per_packet,,,ENG,counts,RS03AXPS,PC03A,FLORD
RS03AXPS-PC03A-4C-FLORDD303,measurement_1_dark_count_value,measurement_1_dark_count_value,,,ENG,counts,RS03AXPS,PC03A,FLORD
RS03AXPS-PC03A-4C-FLORDD303,measurement_2_dark_count_value,measurement_2_dark_count_value,,,ENG,counts,RS03AXPS,PC03A,FLORD
RS03AXPS-PC03A-4C-FLORDD303,measurement_3_dark_count_value,measurement_3_dark_count_value,,,ENG,counts,RS03AXPS,PC03A,FLORD
RS03AXPS-PC03A-4C-FLORDD303,measurement_1_slope_value,measurement_1_slope_value,,,ENG,m-1 sr-1 counts-1,RS03AXPS,PC03A,FLORD
RS03AXPS-PC03A-4C-FLORDD303,measurement_2_slope_value,measurement_2_slope_value,,,ENG,ug L-1 counts-1,RS03AXPS,PC03A,FLORD
RS03AXPS-PC03A-4C-FLORDD303,measurement_3_slope_value,measurement_3_slope_value,,,ENG,ppb counts-1,RS03AXPS,PC03A,FLORD
RS03AXPS-PC03A-4C-FLORDD303,predefined_output_sequence,predefined_output_sequence,,,ENG,mode,RS03AXPS,PC03A,FLORD
RS03AXPS-PC03A-4C-FLORDD303,baud_rate,baud_rate,,,ENG,Bd,RS03AXPS,PC03A,FLORD
RS03AXPS-PC03A-4C-FLORDD303,number_of_packets_per_set,number_of_packets_per_set,,,ENG,counts,RS03AXPS,PC03A,FLORD
RS03AXPS-PC03A-4C-FLORDD303,recording_mode,recording_mode,,,ENG,mode,RS03AXPS,PC03A,FLORD
RS03AXPS-PC03A-4C-FLORDD303,manual_mode,manual_mode,,,ENG,mode,RS03AXPS,PC03A,FLORD
RS03AXPS-PC03A-4C-FLORDD303,sampling_interval,sampling_interval,,,ENG,1,RS03AXPS,PC03A,FLORD
RS03AXPS-PC03A-4C-FLORDD303,date,date,,,ENG,1,RS03AXPS,PC03A,FLORD
RS03AXPS-PC03A-4C-FLORDD303,clock,clock,,,ENG,1,RS03AXPS,PC03A,FLORD
RS03AXPS-PC03A-4C-FLORDD303,manual_start_time,manual_start_time,,,ENG,1,RS03AXPS,PC03A,FLORD
RS03AXPS-PC03A-4C-FLORDD303,internal_memory,internal_memory,,,ENG,bytes,RS03AXPS,PC03A,FLORD
RS03AXPS-PC03A-4C-FLORDD303,serial_number,serial_number,,,ENG,1,RS03AXPS,PC03A,FLORD
RS03AXPS-PC03A-4C-FLORDD303,flort_d_bback_total,flort_d_bback_total,0.0003,1,L2,m-1,RS03AXPS,PC03A,FLORD
RS03AXPS-PC03A-4C-FLORDD303,flort_d_scat_seawater,flort_d_scat_seawater,,,AUX,m-1,RS03AXPS,PC03A,FLORD
RS03AXPS-PC03A-4C-FLORDD303,time,time,,,ENG,seconds since 1900-01-01,RS03AXPS,PC03A,FLORD
RS03AXPS-PC03A-4C-FLORDD303,ingestion_timestamp,ingestion_timestamp,,,ENG,seconds since 1900-01-01,RS03AXPS,PC03A,FLORD
RS03AXPS-SF03A-2A-CTDPFA302,port_timestamp,port_timestamp,,,ENG,seconds since 1900-01-01,RS03AXPS,SF03A,CTDPF
RS03AXPS-SF03A-2A-CTDPFA302,driver_timestamp,driver_timestamp,,,ENG,seconds since 1900-01-01,RS03AXPS,SF03A,CTDPF
RS03AXPS-SF03A-2A-CTDPFA302,firmware_version,firmware_version,,,ENG,1,RS03AXPS,SF03A,CTDPF
RS03AXPS-SF03A-2A-CTDPFA302,pressure_sensor_range,pressure_sensor_range,,,ENG,psi,RS03AXPS,SF03A,CTDPF
RS03AXPS-SF03A-2A-CTDPFA302,operational_current,operational_current,,,ENG,mA,RS03AXPS,SF03A,CTDPF
RS03AXPS-SF03A-2A-CTDPFA302,battery_voltage_main,battery_voltage_main,,,ENG,V,RS03AXPS,SF03A,CTDPF
RS03AXPS-SF03A-2A-CTDPFA302,battery_voltage_lithium,battery_voltage_lithium,,,ENG,V,RS03AXPS,SF03A,CTDPF
RS03AXPS-SF03A-2A-CTDPFA302,calibration_date_pressure,calibration_date_pressure,,,ENG,1,RS03AXPS,SF03A,CTDPF
RS03AXPS-SF03A-2A-CTDPFA302,preferred_timestamp,preferred_timestamp,,,ENG,1,RS03AXPS,SF03A,CTDPF
RS03AXPS-SF03A-2A-CTDPFA302,press_coeff_poffset,press_coeff_poffset,,,ENG,counts,RS03AXPS,SF03A,CTDPF
RS03AXPS-SF03A-2A-CTDPFA302,calibration_date_temperature,calibration_date_temperature,,,ENG,1,RS03AXPS,SF03A,CTDPF
RS03AXPS-SF03A-2A-CTDPFA302,temp_coeff_ta0,temp_coeff_ta0,,,ENG,counts,RS03AXPS,SF03A,CTDPF
RS03AXPS-SF03A-2A-CTDPFA302,temp_coeff_ta1,temp_coeff_ta1,,,ENG,counts,RS03AXPS,SF03A,CTDPF
RS03AXPS-SF03A-2A-CTDPFA302,temp_coeff_ta2,temp_coeff_ta2,,,ENG,counts,RS03AXPS,SF03A,CTDPF
RS03AXPS-SF03A-2A-CTDPFA302,temp_coeff_ta3,temp_coeff_ta3,,,ENG,counts,RS03AXPS,SF03A,CTDPF
RS03AXPS-SF03A-2A-CTDPFA302,calibration_date_conductivity,calibration_date_conductivity,,,ENG,1,RS03AXPS,SF03A,CTDPF
RS03AXPS-SF03A-2A-CTDPFA302,cond_coeff_cg,cond_coeff_cg,,,ENG,counts,RS03AXPS,SF03A,CTDPF
RS03AXPS-SF03A-2A-CTDPFA302,cond_coeff_ch,cond_coeff_ch,,,ENG,counts,RS03AXPS,SF03A,CTDPF
RS03AXPS-SF03A-2A-CTDPFA302,cond_coeff_ci,cond_coeff_ci,,,ENG,counts,RS03AXPS,SF03A,CTDPF
RS03AXPS-SF03A-2A-CTDPFA302,cond_coeff_cj,cond_coeff_cj,,,ENG,counts,RS03AXPS,SF03A,CTDPF
RS03AXPS-SF03A-2A-CTDPFA302,cond_coeff_ctcor,cond_coeff_ctcor,,,ENG,counts,RS03AXPS,SF03A,CTDPF
RS03AXPS-SF03A-2A-CTDPFA302,cond_coeff_cpcor,cond_coeff_cpcor,,,ENG,counts,RS03AXPS,SF03A,CTDPF
RS03AXPS-SF03A-2A-CTDPFA302,cond_coeff_cslope,cond_coeff_cslope,,,ENG,counts,RS03AXPS,SF03A,CTDPF
RS03AXPS-SF03A-2A-CTDPFA302,temperature,temperature,,,L0,counts,RS03AXPS,SF03A,CTDPF
RS03AXPS-SF03A-2A-CTDPFA302,conductivity,conductivity,,,L0,counts,RS03AXPS,SF03A,CTDPF
RS03AXPS-SF03A-2A-CTDPFA302,pressure,pressure,,,L0,counts,RS03AXPS,SF03A,CTDPF
RS03AXPS-SF03A-2A-CTDPFA302,pressure_temp,pressure_temp,,,L0,counts,RS03AXPS,SF03A,CTDPF
RS03AXPS-SF03A-2A-CTDPFA302,pump_current,pump_current,,,ENG,mA,RS03AXPS,SF03A,CTDPF
RS03AXPS-SF03A-2A-CTDPFA302,ext_v01_current,ext_v01_current,,,ENG,mA,RS03AXPS,SF03A,CTDPF
RS03AXPS-SF03A-2A-CTDPFA302,logging_status,logging_status,,,ENG,1,RS03AXPS,SF03A,CTDPF
RS03AXPS-SF03A-2A-CTDPFA302,num_samples,num_samples,,,ENG,counts,RS03AXPS,SF03A,CTDPF
RS03AXPS-SF03A-2A-CTDPFA302,mem_free,mem_free,,,ENG,bytes,RS03AXPS,SF03A,CTDPF
RS03AXPS-SF03A-2A-CTDPFA302,battery_cutoff,battery_cutoff,,,ENG,V,RS03AXPS,SF03A,CTDPF
RS03AXPS-SF03A-2A-CTDPFA302,pressure_sensor_type,pressure_sensor_type,,,ENG,1,RS03AXPS,SF03A,CTDPF
RS03AXPS-SF03A-2A-CTDPFA302,sbe38,sbe38,,,ENG,1,RS03AXPS,SF03A,CTDPF
RS03AXPS-SF03A-2A-CTDPFA302,wetlabs,wetlabs,,,ENG,1,RS03AXPS,SF03A,CTDPF
RS03AXPS-SF03A-2A-CTDPFA302,optode,optode,,,ENG,1,RS03AXPS,SF03A,CTDPF
RS03AXPS-SF03A-2A-CTDPFA302,gas_tension_device,gas_tension_device,,,ENG,1,RS03AXPS,SF03A,CTDPF
RS03AXPS-SF03A-2A-CTDPFA302,ext_volt_0,ext_volt_0,,,ENG,1,RS03AXPS,SF03A,CTDPF
RS03AXPS-SF03A-2A-CTDPFA302,ext_volt_1,ext_volt_1,,,ENG,1,RS03AXPS,SF03A,CTDPF
RS03AXPS-SF03A-2A-CTDPFA302,ext_volt_2,ext_volt_2,,,ENG,1,RS03AXPS,SF03A,CTDPF
RS03AXPS-SF03A-2A-CTDPFA302,ext_volt_3,ext_volt_3,,,ENG,1,RS03AXPS,SF03A,CTDPF
RS03AXPS-SF03A-2A-CTDPFA302,ext_volt_4,ext_volt_4,,,ENG,1,RS03AXPS,SF03A,CTDPF
RS03AXPS-SF03A-2A-CTDPFA302,ext_volt_5,ext_volt_5,,,ENG,1,RS03AXPS,SF03A,CTDPF
RS03AXPS-SF03A-2A-CTDPFA302,echo_characters,echo_characters,,,ENG,1,RS03AXPS,SF03A,CTDPF
RS03AXPS-SF03A-2A-CTDPFA302,output_format,output_format,,,ENG,1,RS03AXPS,SF03A,CTDPF
RS03AXPS-SF03A-2A-CTDPFA302,strain_pressure_sensor_serial_number,strain_pressure_sensor_serial_number,,,ENG,1,RS03AXPS,SF03A,CTDPF
RS03AXPS-SF03A-2A-CTDPFA302,volt0_type,volt0_type,,,ENG,1,RS03AXPS,SF03A,CTDPF
RS03AXPS-SF03A-2A-CTDPFA302,volt0_serial_number,volt0_serial_number,,,ENG,1,RS03AXPS,SF03A,CTDPF
RS03AXPS-SF03A-2A-CTDPFA302,temp_coeff_offset,temp_coeff_offset,,,ENG,counts,RS03AXPS,SF03A,CTDPF
RS03AXPS-SF03A-2A-CTDPFA302,profiles,profiles,,,ENG,counts,RS03AXPS,SF03A,CTDPF
RS03AXPS-SF03A-2A-CTDPFA302,scans_to_average,scans_to_average,,,ENG,counts,RS03AXPS,SF03A,CTDPF
RS03AXPS-SF03A-2A-CTDPFA302,min_cond_freq,min_cond_freq,,,ENG,counts,RS03AXPS,SF03A,CTDPF
RS03AXPS-SF03A-2A-CTDPFA302,pump_delay,pump_delay,,,ENG,counts,RS03AXPS,SF03A,CTDPF
RS03AXPS-SF03A-2A-CTDPFA302,auto_run,auto_run,,,ENG,1,RS03AXPS,SF03A,CTDPF
RS03AXPS-SF03A-2A-CTDPFA302,ignore_switch,ignore_switch,,,ENG,1,RS03AXPS,SF03A,CTDPF
RS03AXPS-SF03A-2A-CTDPFA302,battery_type,battery_type,,,ENG,1,RS03AXPS,SF03A,CTDPF
RS03AXPS-SF03A-2A-CTDPFA302,sbe63,sbe63,,,ENG,1,RS03AXPS,SF03A,CTDPF
RS03AXPS-SF03A-2A-CTDPFA302,press_coeff_pa0,press_coeff_pa0,,,ENG,counts,RS03AXPS,SF03A,CTDPF
RS03AXPS-SF03A-2A-CTDPFA302,ext_volt0,ext_volt0,,,L0,counts,RS03AXPS,SF03A,CTDPF
RS03AXPS-SF03A-2A-CTDPFA302,press_coeff_pa1,press_coeff_pa1,,,ENG,counts,RS03AXPS,SF03A,CTDPF
RS03AXPS-SF03A-2A-CTDPFA302,press_coeff_pa2,press_coeff_pa2,,,ENG,counts,RS03AXPS,SF03A,CTDPF
RS03AXPS-SF03A-2A-CTDPFA302,press_coeff_ptempa0,press_coeff_ptempa0,,,,1,RS03AXPS,SF03A,CTDPF
RS03AXPS-SF03A-2A-CTDPFA302,press_coeff_ptempa1,press_coeff_ptempa1,,,,1,RS03AXPS,SF03A,CTDPF
RS03AXPS-SF03A-2A-CTDPFA302,press_coeff_ptempa2,press_coeff_ptempa2,,,,1,RS03AXPS,SF03A,CTDPF
RS03AXPS-SF03A-2A-CTDPFA302,press_coeff_ptca0,press_coeff_ptca0,,,,1,RS03AXPS,SF03A,CTDPF
RS03AXPS-SF03A-2A-CTDPFA302,press_coeff_ptca1,press_coeff_ptca1,,,,1,RS03AXPS,SF03A,CTDPF
RS03AXPS-SF03A-2A-CTDPFA302,press_coeff_ptca2,press_coeff_ptca2,,,,1,RS03AXPS,SF03A,CTDPF
RS03AXPS-SF03A-2A-CTDPFA302,press_coeff_ptcb0,press_coeff_ptcb0,,,,1,RS03AXPS,SF03A,CTDPF
RS03AXPS-SF03A-2A-CTDPFA302,press_coeff_ptcb1,press_coeff_ptcb1,,,,1,RS03AXPS,SF03A,CTDPF
RS03AXPS-SF03A-2A-CTDPFA302,press_coeff_ptcb2,press_coeff_ptcb2,,,,1,RS03AXPS,SF03A,CTDPF
RS03AXPS-SF03A-2A-CTDPFA302,ext_volt0_slope,ext_volt0_slope,,,ENG,counts,RS03AXPS,SF03A,CTDPF
RS03AXPS-SF03A-2A-CTDPFA302,ext_volt0_offset,ext_volt0_offset,,,ENG,counts,RS03AXPS,SF03A,CTDPF
RS03AXPS-SF03A-2A-CTDPFA302,ext_volt1_slope,ext_volt1_slope,,,ENG,counts,RS03AXPS,SF03A,CTDPF
RS03AXPS-SF03A-2A-CTDPFA302,ext_volt1_offset,ext_volt1_offset,,,ENG,counts,RS03AXPS,SF03A,CTDPF
RS03AXPS-SF03A-2A-CTDPFA302,ext_volt2_slope,ext_volt2_slope,,,ENG,counts,RS03AXPS,SF03A,CTDPF
RS03AXPS-SF03A-2A-CTDPFA302,ext_volt2_offset,ext_volt2_offset,,,ENG,counts,RS03AXPS,SF03A,CTDPF
RS03AXPS-SF03A-2A-CTDPFA302,ext_volt3_slope,ext_volt3_slope,,,ENG,counts,RS03AXPS,SF03A,CTDPF
RS03AXPS-SF03A-2A-CTDPFA302,ext_volt3_offset,ext_volt3_offset,,,ENG,counts,RS03AXPS,SF03A,CTDPF
RS03AXPS-SF03A-2A-CTDPFA302,ext_volt4_slope,ext_volt4_slope,,,ENG,counts,RS03AXPS,SF03A,CTDPF
RS03AXPS-SF03A-2A-CTDPFA302,ext_volt4_offset,ext_volt4_offset,,,ENG,counts,RS03AXPS,SF03A,CTDPF
RS03AXPS-SF03A-2A-CTDPFA302,ext_volt5_slope,ext_volt5_slope,,,ENG,counts,RS03AXPS,SF03A,CTDPF
RS03AXPS-SF03A-2A-CTDPFA302,ext_volt5_offset,ext_volt5_offset,,,ENG,counts,RS03AXPS,SF03A,CTDPF
RS03AXPS-SF03A-2A-CTDPFA302,ext_freq_sf,ext_freq_sf,,,ENG,counts,RS03AXPS,SF03A,CTDPF
RS03AXPS-SF03A-2A-CTDPFA302,temp_sensor_serial_number,temp_sensor_serial_number,,,ENG,counts,RS03AXPS,SF03A,CTDPF
RS03AXPS-SF03A-2A-CTDPFA302,cond_sensor_serial_number,cond_sensor_serial_number,,,ENG,counts,RS03AXPS,SF03A,CTDPF
RS03AXPS-SF03A-2A-CTDPFA302,command_set_version,command_set_version,,,ENG,1,RS03AXPS,SF03A,CTDPF
RS03AXPS-SF03A-2A-CTDPFA302,assembly_number,assembly_number,,,ENG,1,RS03AXPS,SF03A,CTDPF
RS03AXPS-SF03A-2A-CTDPFA302,num_events,num_events,,,ENG,counts,RS03AXPS,SF03A,CTDPF
RS03AXPS-SF03A-2A-CTDPFA302,samples_free,samples_free,,,ENG,counts,RS03AXPS,SF03A,CTDPF
RS03AXPS-SF03A-2A-CTDPFA302,sample_length,sample_length,,,ENG,bytes,RS03AXPS,SF03A,CTDPF
RS03AXPS-SF03A-2A-CTDPFA302,output_executed_tag,output_executed_tag,,,ENG,1,RS03AXPS,SF03A,CTDPF
RS03AXPS-SF03A-2A-CTDPFA302,pressure_sensor_serial_number,pressure_sensor_serial_number,,,ENG,counts,RS03AXPS,SF03A,CTDPF
RS03AXPS-SF03A-2A-CTDPFA302,firmware_date,firmware_date,,,ENG,1,RS03AXPS,SF03A,CTDPF
RS03AXPS-SF03A-2A-CTDPFA302,pcb_serial_number,pcb_serial_number,,,ENG,1,RS03AXPS,SF03A,CTDPF
RS03AXPS-SF03A-2A-CTDPFA302,manufacture_date,manufacture_date,,,ENG,1,RS03AXPS,SF03A,CTDPF
RS03AXPS-SF03A-2A-CTDPFA302,serial_number,serial_number,,,ENG,counts,RS03AXPS,SF03A,CTDPF
RS03AXPS-SF03A-2A-CTDPFA302,corrected_dissolved_oxygen,corrected_dissolved_oxygen,0,400,L2,umol kg-1,RS03AXPS,SF03A,CTDPF
RS03AXPS-SF03A-2A-CTDPFA302,seawater_temperature,seawater_temperature,-2,40,L1,deg_C,RS03AXPS,SF03A,CTDPF
RS03AXPS-SF03A-2A-CTDPFA302,seawater_pressure,seawater_pressure,0,6000,L1,dbar,RS03AXPS,SF03A,CTDPF
RS03AXPS-SF03A-2A-CTDPFA302,seawater_conductivity,seawater_conductivity,0,6,L1,S m-1,RS03AXPS,SF03A,CTDPF
RS03AXPS-SF03A-2A-CTDPFA302,practical_salinity,practical_salinity,0,42,L2,1,RS03AXPS,SF03A,CTDPF
RS03AXPS-SF03A-2A-CTDPFA302,seawater_density,seawater_density,1000,1100,L2,kg m-3,RS03AXPS,SF03A,CTDPF
RS03AXPS-SF03A-2A-CTDPFA302,date_time_string,date_time_string,,,ENG,1,RS03AXPS,SF03A,CTDPF
RS03AXPS-SF03A-2A-DOFSTA302,port_timestamp,port_timestamp,,,ENG,seconds since 1900-01-01,RS03AXPS,SF03A,DOFST
RS03AXPS-SF03A-2A-DOFSTA302,driver_timestamp,driver_timestamp,,,ENG,seconds since 1900-01-01,RS03AXPS,SF03A,DOFST
RS03AXPS-SF03A-2A-DOFSTA302,preferred_timestamp,preferred_timestamp,,,ENG,1,RS03AXPS,SF03A,DOFST
RS03AXPS-SF03A-2A-DOFSTA302,temperature,temperature,,,L0,counts,RS03AXPS,SF03A,DOFST
RS03AXPS-SF03A-2A-DOFSTA302,conductivity,conductivity,,,L0,counts,RS03AXPS,SF03A,DOFST
RS03AXPS-SF03A-2A-DOFSTA302,pressure,pressure,,,L0,counts,RS03AXPS,SF03A,DOFST
RS03AXPS-SF03A-2A-DOFSTA302,pressure_temp,pressure_temp,,,L0,counts,RS03AXPS,SF03A,DOFST
RS03AXPS-SF03A-2A-DOFSTA302,ext_volt0,ext_volt0,,,L0,counts,RS03AXPS,SF03A,DOFST
RS03AXPS-SF03A-2A-DOFSTA302,corrected_dissolved_oxygen,corrected_dissolved_oxygen,0,400,L2,umol kg-1,RS03AXPS,SF03A,DOFST
RS03AXPS-SF03A-2A-DOFSTA302,seawater_temperature,seawater_temperature,-2,40,L1,deg_C,RS03AXPS,SF03A,DOFST
RS03AXPS-SF03A-2A-DOFSTA302,seawater_pressure,seawater_pressure,0,6000,L1,dbar,RS03AXPS,SF03A,DOFST
RS03AXPS-SF03A-2A-DOFSTA302,seawater_conductivity,seawater_conductivity,0,6,L1,S m-1,RS03AXPS,SF03A,DOFST
RS03AXPS-SF03A-2A-DOFSTA302,practical_salinity,practical_salinity,0,42,L2,1,RS03AXPS,SF03A,DOFST
RS03AXPS-SF03A-2A-DOFSTA302,seawater_density,seawater_density,1000,1100,L2,kg m-3,RS03AXPS,SF03A,DOFST
RS03AXPS-SF03A-2D-PHSENA301,port_timestamp,port_timestamp,,,ENG,seconds since 1900-01-01,RS03AXPS,SF03A,PHSEN
RS03AXPS-SF03A-2D-PHSENA301,driver_timestamp,driver_timestamp,,,ENG,seconds since 1900-01-01,RS03AXPS,SF03A,PHSEN
RS03AXPS-SF03A-2D-PHSENA301,external_device2_fault,external_device2_fault,,,ENG,1,RS03AXPS,SF03A,PHSEN
RS03AXPS-SF03A-2D-PHSENA301,external_device3_fault,external_device3_fault,,,ENG,1,RS03AXPS,SF03A,PHSEN
RS03AXPS-SF03A-2D-PHSENA301,num_data_records,num_data_records,,,ENG,1,RS03AXPS,SF03A,PHSEN
RS03AXPS-SF03A-2D-PHSENA301,num_error_records,num_error_records,,,ENG,1,RS03AXPS,SF03A,PHSEN
RS03AXPS-SF03A-2D-PHSENA301,num_bytes_stored,num_bytes_stored,,,ENG,bytes,RS03AXPS,SF03A,PHSEN
RS03AXPS-SF03A-2D-PHSENA301,number_samples_averaged,number_samples_averaged,,,ENG,counts,RS03AXPS,SF03A,PHSEN
RS03AXPS-SF03A-2D-PHSENA301,number_flushes,number_flushes,,,ENG,counts,RS03AXPS,SF03A,PHSEN
RS03AXPS-SF03A-2D-PHSENA301,pump_on_flush,pump_on_flush,,,ENG,counts,RS03AXPS,SF03A,PHSEN
RS03AXPS-SF03A-2D-PHSENA301,pump_off_flush,pump_off_flush,,,ENG,counts,RS03AXPS,SF03A,PHSEN
RS03AXPS-SF03A-2D-PHSENA301,number_reagent_pumps,number_reagent_pumps,,,ENG,counts,RS03AXPS,SF03A,PHSEN
RS03AXPS-SF03A-2D-PHSENA301,valve_delay,valve_delay,,,ENG,counts,RS03AXPS,SF03A,PHSEN
RS03AXPS-SF03A-2D-PHSENA301,pump_on_ind,pump_on_ind,,,ENG,counts,RS03AXPS,SF03A,PHSEN
RS03AXPS-SF03A-2D-PHSENA301,pv_off_ind,pv_off_ind,,,ENG,counts,RS03AXPS,SF03A,PHSEN
RS03AXPS-SF03A-2D-PHSENA301,number_blanks,number_blanks,,,ENG,counts,RS03AXPS,SF03A,PHSEN
RS03AXPS-SF03A-2D-PHSENA301,pump_measure_t,pump_measure_t,,,ENG,counts,RS03AXPS,SF03A,PHSEN
RS03AXPS-SF03A-2D-PHSENA301,pump_off_to_measure,pump_off_to_measure,,,ENG,counts,RS03AXPS,SF03A,PHSEN
RS03AXPS-SF03A-2D-PHSENA301,measure_to_pump_on,measure_to_pump_on,,,ENG,counts,RS03AXPS,SF03A,PHSEN
RS03AXPS-SF03A-2D-PHSENA301,number_measurements,number_measurements,,,ENG,counts,RS03AXPS,SF03A,PHSEN
RS03AXPS-SF03A-2D-PHSENA301,salinity_delay,salinity_delay,,,ENG,counts,RS03AXPS,SF03A,PHSEN
RS03AXPS-SF03A-2D-PHSENA301,internal_timestamp,internal_timestamp,,,ENG,seconds since 1900-01-01,RS03AXPS,SF03A,PHSEN
RS03AXPS-SF03A-2D-PHSENA301,pco2w_battery_voltage,pco2w_battery_voltage,,,ENG,counts,RS03AXPS,SF03A,PHSEN
RS03AXPS-SF03A-2D-PHSENA301,pco2w_thermistor_voltage,pco2w_thermistor_voltage,,,ENG,counts,RS03AXPS,SF03A,PHSEN
RS03AXPS-SF03A-2D-PHSENA301,phsen_battery_volts,phsen_battery_volts,,,ENG,V,RS03AXPS,SF03A,PHSEN
RS03AXPS-SF03A-2D-PHSENA301,ph_light_measurements,ph_light_measurements,,,ENG,counts,RS03AXPS,SF03A,PHSEN
RS03AXPS-SF03A-2D-PHSENA301,checksum,checksum,,,ENG,1,RS03AXPS,SF03A,PHSEN
RS03AXPS-SF03A-2D-PHSENA301,unique_id,unique_id,,,ENG,1,RS03AXPS,SF03A,PHSEN
RS03AXPS-SF03A-2D-PHSENA301,record_length,record_length,,,ENG,1,RS03AXPS,SF03A,PHSEN
RS03AXPS-SF03A-2D-PHSENA301,record_type,record_type,,,ENG,1,RS03AXPS,SF03A,PHSEN
RS03AXPS-SF03A-2D-PHSENA301,record_time,record_time,,,ENG,seconds since 1904-01-01,RS03AXPS,SF03A,PHSEN
RS03AXPS-SF03A-2D-PHSENA301,voltage_battery,voltage_battery,,,ENG,counts,RS03AXPS,SF03A,PHSEN
RS03AXPS-SF03A-2D-PHSENA301,elapsed_time_config,elapsed_time_config,,,ENG,s,RS03AXPS,SF03A,PHSEN
RS03AXPS-SF03A-2D-PHSENA301,clock_active,clock_active,,,ENG,1,RS03AXPS,SF03A,PHSEN
RS03AXPS-SF03A-2D-PHSENA301,recording_active,recording_active,,,ENG,1,RS03AXPS,SF03A,PHSEN
RS03AXPS-SF03A-2D-PHSENA301,record_end_on_time,record_end_on_time,,,ENG,1,RS03AXPS,SF03A,PHSEN
RS03AXPS-SF03A-2D-PHSENA301,record_memory_full,record_memory_full,,,ENG,1,RS03AXPS,SF03A,PHSEN
RS03AXPS-SF03A-2D-PHSENA301,record_end_on_error,record_end_on_error,,,ENG,1,RS03AXPS,SF03A,PHSEN
RS03AXPS-SF03A-2D-PHSENA301,data_download_ok,data_download_ok,,,ENG,1,RS03AXPS,SF03A,PHSEN
RS03AXPS-SF03A-2D-PHSENA301,flash_memory_open,flash_memory_open,,,ENG,1,RS03AXPS,SF03A,PHSEN
RS03AXPS-SF03A-2D-PHSENA301,battery_low_prestart,battery_low_prestart,,,ENG,1,RS03AXPS,SF03A,PHSEN
RS03AXPS-SF03A-2D-PHSENA301,battery_low_measurement,battery_low_measurement,,,ENG,1,RS03AXPS,SF03A,PHSEN
RS03AXPS-SF03A-2D-PHSENA301,battery_low_bank,battery_low_bank,,,ENG,1,RS03AXPS,SF03A,PHSEN
RS03AXPS-SF03A-2D-PHSENA301,battery_low_external,battery_low_external,,,ENG,1,RS03AXPS,SF03A,PHSEN
RS03AXPS-SF03A-2D-PHSENA301,external_device1_fault,external_device1_fault,,,ENG,1,RS03AXPS,SF03A,PHSEN
RS03AXPS-SF03A-2D-PHSENA301,flash_erased,flash_erased,,,ENG,1,RS03AXPS,SF03A,PHSEN
RS03AXPS-SF03A-2D-PHSENA301,power_on_invalid,power_on_invalid,,,ENG,1,RS03AXPS,SF03A,PHSEN
RS03AXPS-SF03A-2D-PHSENA301,launch_time,launch_time,,,ENG,seconds since 1904-01-01,RS03AXPS,SF03A,PHSEN
RS03AXPS-SF03A-2D-PHSENA301,start_time_offset,start_time_offset,,,ENG,s,RS03AXPS,SF03A,PHSEN
RS03AXPS-SF03A-2D-PHSENA301,recording_time,recording_time,,,ENG,s,RS03AXPS,SF03A,PHSEN
RS03AXPS-SF03A-2D-PHSENA301,pmi_sample_schedule,pmi_sample_schedule,,,ENG,1,RS03AXPS,SF03A,PHSEN
RS03AXPS-SF03A-2D-PHSENA301,sami_sample_schedule,sami_sample_schedule,,,ENG,1,RS03AXPS,SF03A,PHSEN
RS03AXPS-SF03A-2D-PHSENA301,slot1_follows_sami_sample,slot1_follows_sami_sample,,,ENG,1,RS03AXPS,SF03A,PHSEN
RS03AXPS-SF03A-2D-PHSENA301,slot1_independent_schedule,slot1_independent_schedule,,,ENG,1,RS03AXPS,SF03A,PHSEN
RS03AXPS-SF03A-2D-PHSENA301,slot2_follows_sami_sample,slot2_follows_sami_sample,,,ENG,1,RS03AXPS,SF03A,PHSEN
RS03AXPS-SF03A-2D-PHSENA301,slot2_independent_schedule,slot2_independent_schedule,,,ENG,1,RS03AXPS,SF03A,PHSEN
RS03AXPS-SF03A-2D-PHSENA301,slot3_follows_sami_sample,slot3_follows_sami_sample,,,ENG,1,RS03AXPS,SF03A,PHSEN
RS03AXPS-SF03A-2D-PHSENA301,slot3_independent_schedule,slot3_independent_schedule,,,ENG,1,RS03AXPS,SF03A,PHSEN
RS03AXPS-SF03A-2D-PHSENA301,timer_interval_sami,timer_interval_sami,,,ENG,s,RS03AXPS,SF03A,PHSEN
RS03AXPS-SF03A-2D-PHSENA301,driver_id_sami,driver_id_sami,,,ENG,1,RS03AXPS,SF03A,PHSEN
RS03AXPS-SF03A-2D-PHSENA301,parameter_pointer_sami,parameter_pointer_sami,,,ENG,1,RS03AXPS,SF03A,PHSEN
RS03AXPS-SF03A-2D-PHSENA301,timer_interval_device1,timer_interval_device1,,,ENG,s,RS03AXPS,SF03A,PHSEN
RS03AXPS-SF03A-2D-PHSENA301,driver_id_device1,driver_id_device1,,,ENG,1,RS03AXPS,SF03A,PHSEN
RS03AXPS-SF03A-2D-PHSENA301,parameter_pointer_device1,parameter_pointer_device1,,,ENG,1,RS03AXPS,SF03A,PHSEN
RS03AXPS-SF03A-2D-PHSENA301,timer_interval_device2,timer_interval_device2,,,ENG,s,RS03AXPS,SF03A,PHSEN
RS03AXPS-SF03A-2D-PHSENA301,driver_id_device2,driver_id_device2,,,ENG,1,RS03AXPS,SF03A,PHSEN
RS03AXPS-SF03A-2D-PHSENA301,parameter_pointer_device2,parameter_pointer_device2,,,ENG,1,RS03AXPS,SF03A,PHSEN
RS03AXPS-SF03A-2D-PHSENA301,timer_interval_device3,timer_interval_device3,,,ENG,s,RS03AXPS,SF03A,PHSEN
RS03AXPS-SF03A-2D-PHSENA301,driver_id_device3,driver_id_device3,,,ENG,1,RS03AXPS,SF03A,PHSEN
RS03AXPS-SF03A-2D-PHSENA301,parameter_pointer_device3,parameter_pointer_device3,,,ENG,1,RS03AXPS,SF03A,PHSEN
RS03AXPS-SF03A-2D-PHSENA301,timer_interval_prestart,timer_interval_prestart,,,ENG,s,RS03AXPS,SF03A,PHSEN
RS03AXPS-SF03A-2D-PHSENA301,driver_id_prestart,driver_id_prestart,,,ENG,1,RS03AXPS,SF03A,PHSEN
RS03AXPS-SF03A-2D-PHSENA301,parameter_pointer_prestart,parameter_pointer_prestart,,,ENG,1,RS03AXPS,SF03A,PHSEN
RS03AXPS-SF03A-2D-PHSENA301,use_baud_rate_57600,use_baud_rate_57600,,,ENG,1,RS03AXPS,SF03A,PHSEN
RS03AXPS-SF03A-2D-PHSENA301,send_record_type,send_record_type,,,ENG,1,RS03AXPS,SF03A,PHSEN
RS03AXPS-SF03A-2D-PHSENA301,send_live_records,send_live_records,,,ENG,1,RS03AXPS,SF03A,PHSEN
RS03AXPS-SF03A-2D-PHSENA301,extend_global_config,extend_global_config,,,ENG,1,RS03AXPS,SF03A,PHSEN
RS03AXPS-SF03A-2D-PHSENA301,time,time,,,ENG,seconds since 1900-01-01,RS03AXPS,SF03A,PHSEN
RS03AXPS-SF03A-2D-PHSENA301,ingestion_timestamp,ingestion_timestamp,,,ENG,seconds since 1900-01-01,RS03AXPS,SF03A,PHSEN
RS03AXPS-SF03A-2D-PHSENA301,thermistor_start,thermistor_start,,,ENG,counts,RS03AXPS,SF03A,PHSEN
RS03AXPS-SF03A-2D-PHSENA301,reference_light_measurements,reference_light_measurements,,,ENG,counts,RS03AXPS,SF03A,PHSEN
RS03AXPS-SF03A-2D-PHSENA301,thermistor_end,thermistor_end,,,L0,counts,RS03AXPS,SF03A,PHSEN
RS03AXPS-SF03A-2D-PHSENA301,signal_intensity_434,signal_intensity_434,,,L0,counts,RS03AXPS,SF03A,PHSEN
RS03AXPS-SF03A-2D-PHSENA301,signal_intensity_578,signal_intensity_578,,,L0,counts,RS03AXPS,SF03A,PHSEN
RS03AXPS-SF03A-2D-PHSENA301,phsen_thermistor_temperature,phsen_thermistor_temperature,,,L1,deg_C,RS03AXPS,SF03A,PHSEN
RS03AXPS-SF03A-2D-PHSENA301,ph_seawater,ph_seawater,7.3,8.5,L1,1,RS03AXPS,SF03A,PHSEN
RS03AXPS-SF03A-3A-FLORTD301,port_timestamp,port_timestamp,,,ENG,seconds since 1900-01-01,RS03AXPS,SF03A,FLORT
RS03AXPS-SF03A-3A-FLORTD301,driver_timestamp,driver_timestamp,,,ENG,seconds since 1900-01-01,RS03AXPS,SF03A,FLORT
RS03AXPS-SF03A-3A-FLORTD301,firmware_version,firmware_version,,,ENG,1,RS03AXPS,SF03A,FLORT
RS03AXPS-SF03A-3A-FLORTD301,date_string,date_string,,,ENG,1,RS03AXPS,SF03A,FLORT
RS03AXPS-SF03A-3A-FLORTD301,time_string,time_string,,,ENG,1,RS03AXPS,SF03A,FLORT
RS03AXPS-SF03A-3A-FLORTD301,measurement_wavelength_beta,measurement_wavelength_beta,,,ENG,nm,RS03AXPS,SF03A,FLORT
RS03AXPS-SF03A-3A-FLORTD301,raw_signal_beta,raw_signal_beta,,,L0,counts,RS03AXPS,SF03A,FLORT
RS03AXPS-SF03A-3A-FLORTD301,measurement_wavelength_chl,measurement_wavelength_chl,,,ENG,nm,RS03AXPS,SF03A,FLORT
RS03AXPS-SF03A-3A-FLORTD301,raw_signal_chl,raw_signal_chl,,,L0,counts,RS03AXPS,SF03A,FLORT
RS03AXPS-SF03A-3A-FLORTD301,measurement_wavelength_cdom,measurement_wavelength_cdom,,,ENG,nm,RS03AXPS,SF03A,FLORT
RS03AXPS-SF03A-3A-FLORTD301,raw_signal_cdom,raw_signal_cdom,,,L0,counts,RS03AXPS,SF03A,FLORT
RS03AXPS-SF03A-3A-FLORTD301,raw_internal_temp,raw_internal_temp,,,ENG,counts,RS03AXPS,SF03A,FLORT
RS03AXPS-SF03A-3A-FLORTD301,signal_1_scale_factor,signal_1_scale_factor,,,AUX,m-1 sr-1 counts-1,RS03AXPS,SF03A,FLORT
RS03AXPS-SF03A-3A-FLORTD301,signal_1_offset,signal_1_offset,,,AUX,counts,RS03AXPS,SF03A,FLORT
RS03AXPS-SF03A-3A-FLORTD301,signal_2_scale_factor,signal_2_scale_factor,,,AUX,ug L-1 counts-1,RS03AXPS,SF03A,FLORT
RS03AXPS-SF03A-3A-FLORTD301,signal_2_offset,signal_2_offset,,,AUX,counts,RS03AXPS,SF03A,FLORT
RS03AXPS-SF03A-3A-FLORTD301,signal_3_scale_factor,signal_3_scale_factor,,,AUX,ppb counts-1,RS03AXPS,SF03A,FLORT
RS03AXPS-SF03A-3A-FLORTD301,signal_3_offset,signal_3_offset,,,AUX,counts,RS03AXPS,SF03A,FLORT
RS03AXPS-SF03A-3A-FLORTD301,total_volume_scattering_coefficient,total_volume_scattering_coefficient,,,L1,m-1 sr-1,RS03AXPS,SF03A,FLORT
RS03AXPS-SF03A-3A-FLORTD301,fluorometric_chlorophyll_a,fluorometric_chlorophyll_a,0,50,L1,ug L-1,RS03AXPS,SF03A,FLORT
RS03AXPS-SF03A-3A-FLORTD301,fluorometric_cdom,fluorometric_cdom,0,375,L1,ppb,RS03AXPS,SF03A,FLORT
RS03AXPS-SF03A-3A-FLORTD301,internal_timestamp,internal_timestamp,,,ENG,seconds since 1900-01-01,RS03AXPS,SF03A,FLORT
RS03AXPS-SF03A-3A-FLORTD301,preferred_timestamp,preferred_timestamp,,,ENG,1,RS03AXPS,SF03A,FLORT
RS03AXPS-SF03A-3A-FLORTD301,number_measurements_per_reported_value,number_measurements_per_reported_value,,,ENG,counts,RS03AXPS,SF03A,FLORT
RS03AXPS-SF03A-3A-FLORTD301,number_of_reported_values_per_packet,number_of_reported_values_per_packet,,,ENG,counts,RS03AXPS,SF03A,FLORT
RS03AXPS-SF03A-3A-FLORTD301,measurement_1_dark_count_value,measurement_1_dark_count_value,,,ENG,counts,RS03AXPS,SF03A,FLORT
RS03AXPS-SF03A-3A-FLORTD301,measurement_2_dark_count_value,measurement_2_dark_count_value,,,ENG,counts,RS03AXPS,SF03A,FLORT
RS03AXPS-SF03A-3A-FLORTD301,measurement_3_dark_count_value,measurement_3_dark_count_value,,,ENG,counts,RS03AXPS,SF03A,FLORT
RS03AXPS-SF03A-3A-FLORTD301,measurement_1_slope_value,measurement_1_slope_value,,,ENG,m-1 sr-1 counts-1,RS03AXPS,SF03A,FLORT
RS03AXPS-SF03A-3A-FLORTD301,measurement_2_slope_value,measurement_2_slope_value,,,ENG,ug L-1 counts-1,RS03AXPS,SF03A,FLORT
RS03AXPS-SF03A-3A-FLORTD301,measurement_3_slope_value,measurement_3_slope_value,,,ENG,ppb counts-1,RS03AXPS,SF03A,FLORT
RS03AXPS-SF03A-3A-FLORTD301,predefined_output_sequence,predefined_output_sequence,,,ENG,mode,RS03AXPS,SF03A,FLORT
RS03AXPS-SF03A-3A-FLORTD301,baud_rate,baud_rate,,,ENG,Bd,RS03AXPS,SF03A,FLORT
RS03AXPS-SF03A-3A-FLORTD301,number_of_packets_per_set,number_of_packets_per_set,,,ENG,counts,RS03AXPS,SF03A,FLORT
RS03AXPS-SF03A-3A-FLORTD301,recording_mode,recording_mode,,,ENG,mode,RS03AXPS,SF03A,FLORT
RS03AXPS-SF03A-3A-FLORTD301,manual_mode,manual_mode,,,ENG,mode,RS03AXPS,SF03A,FLORT
RS03AXPS-SF03A-3A-FLORTD301,sampling_interval,sampling_interval,,,ENG,1,RS03AXPS,SF03A,FLORT
RS03AXPS-SF03A-3A-FLORTD301,date,date,,,ENG,1,RS03AXPS,SF03A,FLORT
RS03AXPS-SF03A-3A-FLORTD301,clock,clock,,,ENG,1,RS03AXPS,SF03A,FLORT
RS03AXPS-SF03A-3A-FLORTD301,manual_start_time,manual_start_time,,,ENG,1,RS03AXPS,SF03A,FLORT
RS03AXPS-SF03A-3A-FLORTD301,internal_memory,internal_memory,,,ENG,bytes,RS03AXPS,SF03A,FLORT
RS03AXPS-SF03A-3A-FLORTD301,serial_number,serial_number,,,ENG,1,RS03AXPS,SF03A,FLORT
RS03AXPS-SF03A-3A-FLORTD301,flort_d_bback_total,flort_d_bback_total,0.0003,1,L2,m-1,RS03AXPS,SF03A,FLORT
RS03AXPS-SF03A-3A-FLORTD301,flort_d_scat_seawater,flort_d_scat_seawater,,,ENG,m-1,RS03AXPS,SF03A,FLORT
RS03AXPS-SF03A-3A-FLORTD301,time,time,,,ENG,seconds since 1900-01-01,RS03AXPS,SF03A,FLORT
RS03AXPS-SF03A-3A-FLORTD301,ingestion_timestamp,ingestion_timestamp,,,ENG,seconds since 1900-01-01,RS03AXPS,SF03A,FLORT
RS03AXPS-SF03A-3B-OPTAAD301,port_timestamp,port_timestamp,,,,seconds since 1900-01-01,RS03AXPS,SF03A,OPTAA
RS03AXPS-SF03A-3B-OPTAAD301,driver_timestamp,driver_timestamp,,,,seconds since 1900-01-01,RS03AXPS,SF03A,OPTAA
RS03AXPS-SF03A-3B-OPTAAD301,firmware_version,firmware_version,,,,1,RS03AXPS,SF03A,OPTAA
RS03AXPS-SF03A-3B-OPTAAD301,preferred_timestamp,preferred_timestamp,,,,1,RS03AXPS,SF03A,OPTAA
RS03AXPS-SF03A-3B-OPTAAD301,firmware_date,firmware_date,,,,1,RS03AXPS,SF03A,OPTAA
RS03AXPS-SF03A-3B-OPTAAD301,serial_number,serial_number,,,,1,RS03AXPS,SF03A,OPTAA
RS03AXPS-SF03A-3B-OPTAAD301,beam_attenuation_ctdbp_no,beam_attenuation_ctdbp_no,0,100,L2,m-1,RS03AXPS,SF03A,OPTAA
RS03AXPS-SF03A-3B-OPTAAD301,optical_absorption_ctdbp_no,optical_absorption_ctdbp_no,,,,,RS03AXPS,SF03A,OPTAA
RS03AXPS-SF03A-3B-OPTAAD301,record_length,record_length,,,,1,RS03AXPS,SF03A,OPTAA
RS03AXPS-SF03A-3B-OPTAAD301,packet_type,packet_type,,,,1,RS03AXPS,SF03A,OPTAA
RS03AXPS-SF03A-3B-OPTAAD301,meter_type,meter_type,,,,1,RS03AXPS,SF03A,OPTAA
RS03AXPS-SF03A-3B-OPTAAD301,a_reference_dark_counts,a_reference_dark_counts,,,,counts,RS03AXPS,SF03A,OPTAA
RS03AXPS-SF03A-3B-OPTAAD301,pressure_counts,pressure_counts,,,,counts,RS03AXPS,SF03A,OPTAA
RS03AXPS-SF03A-3B-OPTAAD301,a_signal_dark_counts,a_signal_dark_counts,,,,counts,RS03AXPS,SF03A,OPTAA
RS03AXPS-SF03A-3B-OPTAAD301,external_temp_raw,external_temp_raw,,,,counts,RS03AXPS,SF03A,OPTAA
RS03AXPS-SF03A-3B-OPTAAD301,internal_temp_raw,internal_temp_raw,,,L0,counts,RS03AXPS,SF03A,OPTAA
RS03AXPS-SF03A-3B-OPTAAD301,c_reference_dark_counts,c_reference_dark_counts,,,,counts,RS03AXPS,SF03A,OPTAA
RS03AXPS-SF03A-3B-OPTAAD301,c_signal_dark_counts,c_signal_dark_counts,,,,counts,RS03AXPS,SF03A,OPTAA
RS03AXPS-SF03A-3B-OPTAAD301,elapsed_run_time,elapsed_run_time,,,,ms,RS03AXPS,SF03A,OPTAA
RS03AXPS-SF03A-3B-OPTAAD301,num_wavelengths,num_wavelengths,,,,1,RS03AXPS,SF03A,OPTAA
RS03AXPS-SF03A-3B-OPTAAD301,c_reference_counts,c_reference_counts,,,L0,counts,RS03AXPS,SF03A,OPTAA
RS03AXPS-SF03A-3B-OPTAAD301,a_reference_counts,a_reference_counts,,,L0,counts,RS03AXPS,SF03A,OPTAA
RS03AXPS-SF03A-3B-OPTAAD301,c_signal_counts,c_signal_counts,,,L0,counts,RS03AXPS,SF03A,OPTAA
RS03AXPS-SF03A-3B-OPTAAD301,a_signal_counts,a_signal_counts,,,L0,counts,RS03AXPS,SF03A,OPTAA
RS03AXPS-SF03A-3B-OPTAAD301,persistor_cf_serial_number,persistor_cf_serial_number,,,,1,RS03AXPS,SF03A,OPTAA
RS03AXPS-SF03A-3B-OPTAAD301,persistor_cf_bios_version,persistor_cf_bios_version,,,,1,RS03AXPS,SF03A,OPTAA
RS03AXPS-SF03A-3B-OPTAAD301,persistor_cf_picodos_version,persistor_cf_picodos_version,,,,1,RS03AXPS,SF03A,OPTAA
RS03AXPS-SF03A-3B-OPTAAD301,checksum,checksum,,,,1,RS03AXPS,SF03A,OPTAA
RS03AXPS-SF03A-3B-OPTAAD301,beam_attenuation,beam_attenuation,0,100,L2,m-1,RS03AXPS,SF03A,OPTAA
RS03AXPS-SF03A-3B-OPTAAD301,optical_absorption,optical_absorption,0,100,L2,m-1,RS03AXPS,SF03A,OPTAA
RS03AXPS-SF03A-3C-PARADA301,port_timestamp,port_timestamp,,,ENG,seconds since 1900-01-01,RS03AXPS,SF03A,PARAD
RS03AXPS-SF03A-3C-PARADA301,driver_timestamp,driver_timestamp,,,ENG,seconds since 1900-01-01,RS03AXPS,SF03A,PARAD
RS03AXPS-SF03A-3C-PARADA301,internal_timestamp,internal_timestamp,,,ENG,seconds since 1900-01-01,RS03AXPS,SF03A,PARAD
RS03AXPS-SF03A-3C-PARADA301,checksum,checksum,,,ENG,1,RS03AXPS,SF03A,PARAD
RS03AXPS-SF03A-3C-PARADA301,par,par,,,L0,counts,RS03AXPS,SF03A,PARAD
RS03AXPS-SF03A-3C-PARADA301,par_counts_output,par_counts_output,0,2500,L1,umol photons m-2 s-1,RS03AXPS,SF03A,PARAD
RS03AXPS-SF03A-3C-PARADA301,parad_telbaud,parad_telbaud,,,ENG,bps,RS03AXPS,SF03A,PARAD
RS03AXPS-SF03A-3C-PARADA301,parad_maxrate,parad_maxrate,,,ENG,Hz,RS03AXPS,SF03A,PARAD
RS03AXPS-SF03A-3C-PARADA301,parad_firmware,parad_firmware,,,ENG,1,RS03AXPS,SF03A,PARAD
RS03AXPS-SF03A-3C-PARADA301,parad_type,parad_type,,,ENG,1,RS03AXPS,SF03A,PARAD
RS03AXPS-SF03A-3C-PARADA301,elapsed_time,elapsed_time,,,ENG,s,RS03AXPS,SF03A,PARAD
RS03AXPS-SF03A-3C-PARADA301,serial_number,serial_number,,,ENG,1,RS03AXPS,SF03A,PARAD
RS03AXPS-SF03A-3C-PARADA301,time,time,,,ENG,seconds since 1900-01-01,RS03AXPS,SF03A,PARAD
RS03AXPS-SF03A-3C-PARADA301,ingestion_timestamp,ingestion_timestamp,,,ENG,seconds since 1900-01-01,RS03AXPS,SF03A,PARAD
RS03AXPS-SF03A-3D-SPKIRA301,port_timestamp,port_timestamp,,,,seconds since 1900-01-01,RS03AXPS,SF03A,SPKIR
RS03AXPS-SF03A-3D-SPKIRA301,instrument_id,instrument_id,,,,1,RS03AXPS,SF03A,SPKIR
RS03AXPS-SF03A-3D-SPKIRA301,timer,timer,,,,s,RS03AXPS,SF03A,SPKIR
RS03AXPS-SF03A-3D-SPKIRA301,sample_delay,sample_delay,,,,ms,RS03AXPS,SF03A,SPKIR
RS03AXPS-SF03A-3D-SPKIRA301,spkir_samples,spkir_samples,,,L0,counts,RS03AXPS,SF03A,SPKIR
RS03AXPS-SF03A-3D-SPKIRA301,driver_timestamp,driver_timestamp,,,,seconds since 1900-01-01,RS03AXPS,SF03A,SPKIR
RS03AXPS-SF03A-3D-SPKIRA301,vin_sense,vin_sense,,,,counts,RS03AXPS,SF03A,SPKIR
RS03AXPS-SF03A-3D-SPKIRA301,va_sense,va_sense,,,,counts,RS03AXPS,SF03A,SPKIR
RS03AXPS-SF03A-3D-SPKIRA301,internal_temperature,internal_temperature,,,,counts,RS03AXPS,SF03A,SPKIR
RS03AXPS-SF03A-3D-SPKIRA301,frame_counter,frame_counter,,,,counts,RS03AXPS,SF03A,SPKIR
RS03AXPS-SF03A-3D-SPKIRA301,checksum,checksum,,,,,RS03AXPS,SF03A,SPKIR
RS03AXPS-SF03A-3D-SPKIRA301,telemetry_baud_rate,telemetry_baud_rate,,,,bps,RS03AXPS,SF03A,SPKIR
RS03AXPS-SF03A-3D-SPKIRA301,max_frame_rate,max_frame_rate,,,,Hz,RS03AXPS,SF03A,SPKIR
RS03AXPS-SF03A-3D-SPKIRA301,initialize_silent_mode,initialize_silent_mode,,,,1,RS03AXPS,SF03A,SPKIR
RS03AXPS-SF03A-3D-SPKIRA301,initialize_power_down,initialize_power_down,,,,1,RS03AXPS,SF03A,SPKIR
RS03AXPS-SF03A-3D-SPKIRA301,initialize_auto_telemetry,initialize_auto_telemetry,,,,1,RS03AXPS,SF03A,SPKIR
RS03AXPS-SF03A-3D-SPKIRA301,network_mode,network_mode,,,,1,RS03AXPS,SF03A,SPKIR
RS03AXPS-SF03A-3D-SPKIRA301,network_address,network_address,,,,1,RS03AXPS,SF03A,SPKIR
RS03AXPS-SF03A-3D-SPKIRA301,network_baud_rate,network_baud_rate,,,,bps,RS03AXPS,SF03A,SPKIR
RS03AXPS-SF03A-3D-SPKIRA301,internal_timestamp,internal_timestamp,,,,seconds since 1900-01-01,RS03AXPS,SF03A,SPKIR
RS03AXPS-SF03A-3D-SPKIRA301,spkir_a_firmware_version,spkir_a_firmware_version,,,,1,RS03AXPS,SF03A,SPKIR
RS03AXPS-SF03A-3D-SPKIRA301,spkir_downwelling_vector,spkir_downwelling_vector,0,300,L1,uW cm-2 nm-1,RS03AXPS,SF03A,SPKIR
RS03AXPS-SF03A-3D-SPKIRA301,serial_number,serial_number,,,,1,RS03AXPS,SF03A,SPKIR
RS03AXPS-SF03A-3D-SPKIRA301,checksum,checksum,,,,1,RS03AXPS,SF03A,SPKIR
RS03AXPS-SF03A-4A-NUTNRA301,port_timestamp,port_timestamp,,,,seconds since 1900-01-01,RS03AXPS,SF03A,NUTNR
RS03AXPS-SF03A-4A-NUTNRA301,driver_timestamp,driver_timestamp,,,,seconds since 1900-01-01,RS03AXPS,SF03A,NUTNR
RS03AXPS-SF03A-4A-NUTNRA301,internal_timestamp,internal_timestamp,,,,seconds since 1900-01-01,RS03AXPS,SF03A,NUTNR
RS03AXPS-SF03A-4A-NUTNRA301,preferred_timestamp,preferred_timestamp,,,,1,RS03AXPS,SF03A,NUTNR
RS03AXPS-SF03A-4A-NUTNRA301,nutnr_nitrogen_in_nitrate,nutnr_nitrogen_in_nitrate,,,,mg/L,RS03AXPS,SF03A,NUTNR
RS03AXPS-SF03A-4A-NUTNRA301,nutnr_absorbance_at_254_nm,nutnr_absorbance_at_254_nm,,,,1,RS03AXPS,SF03A,NUTNR
RS03AXPS-SF03A-4A-NUTNRA301,nutnr_absorbance_at_350_nm,nutnr_absorbance_at_350_nm,,,,1,RS03AXPS,SF03A,NUTNR
RS03AXPS-SF03A-4A-NUTNRA301,nutnr_bromide_trace,nutnr_bromide_trace,,,,mg/L,RS03AXPS,SF03A,NUTNR
RS03AXPS-SF03A-4A-NUTNRA301,nutnr_spectrum_average,nutnr_spectrum_average,,,,1,RS03AXPS,SF03A,NUTNR
RS03AXPS-SF03A-4A-NUTNRA301,nutnr_dark_value_used_for_fit,nutnr_dark_value_used_for_fit,,,,1,RS03AXPS,SF03A,NUTNR
RS03AXPS-SF03A-4A-NUTNRA301,nutnr_integration_time_factor,nutnr_integration_time_factor,,,,1,RS03AXPS,SF03A,NUTNR
RS03AXPS-SF03A-4A-NUTNRA301,nutnr_voltage_int,nutnr_voltage_int,,,,V,RS03AXPS,SF03A,NUTNR
RS03AXPS-SF03A-4A-NUTNRA301,nutnr_current_main,nutnr_current_main,,,,mA,RS03AXPS,SF03A,NUTNR
RS03AXPS-SF03A-4A-NUTNRA301,nutnr_fit_base_1,nutnr_fit_base_1,,,,1,RS03AXPS,SF03A,NUTNR
RS03AXPS-SF03A-4A-NUTNRA301,nutnr_fit_base_5,nutnr_fit_base_5,,,,1,RS03AXPS,SF03A,NUTNR
RS03AXPS-SF03A-4A-NUTNRA301,nutnr_fit_base_2,nutnr_fit_base_2,,,,1,RS03AXPS,SF03A,NUTNR
RS03AXPS-SF03A-4A-NUTNRA301,nutnr_fit_base_6,nutnr_fit_base_6,,,,1,RS03AXPS,SF03A,NUTNR
RS03AXPS-SF03A-4A-NUTNRA301,nutnr_fit_rmse,nutnr_fit_rmse,,,,1,RS03AXPS,SF03A,NUTNR
RS03AXPS-SF03A-4A-NUTNRA301,nutnr_sensor_type,nutnr_sensor_type,,,,1,RS03AXPS,SF03A,NUTNR
RS03AXPS-SF03A-4A-NUTNRA301,nutnr_sensor_version,nutnr_sensor_version,,,,1,RS03AXPS,SF03A,NUTNR
RS03AXPS-SF03A-4A-NUTNRA301,nutnr_integrated_wiper,nutnr_integrated_wiper,,,,1,RS03AXPS,SF03A,NUTNR
RS03AXPS-SF03A-4A-NUTNRA301,nutnr_ext_power_port,nutnr_ext_power_port,,,,1,RS03AXPS,SF03A,NUTNR
RS03AXPS-SF03A-4A-NUTNRA301,nutnr_lamp_shutter,nutnr_lamp_shutter,,,,1,RS03AXPS,SF03A,NUTNR
RS03AXPS-SF03A-4A-NUTNRA301,nutnr_reference_detector,nutnr_reference_detector,,,,1,RS03AXPS,SF03A,NUTNR
RS03AXPS-SF03A-4A-NUTNRA301,nutnr_wiper_protector,nutnr_wiper_protector,,,,1,RS03AXPS,SF03A,NUTNR
RS03AXPS-SF03A-4A-NUTNRA301,nutnr_super_capacitors,nutnr_super_capacitors,,,,1,RS03AXPS,SF03A,NUTNR
RS03AXPS-SF03A-4A-NUTNRA301,nutnr_psb_supervisor,nutnr_psb_supervisor,,,,1,RS03AXPS,SF03A,NUTNR
RS03AXPS-SF03A-4A-NUTNRA301,nutnr_usb_communication,nutnr_usb_communication,,,,1,RS03AXPS,SF03A,NUTNR
RS03AXPS-SF03A-4A-NUTNRA301,nutnr_relay_module,nutnr_relay_module,,,,1,RS03AXPS,SF03A,NUTNR
RS03AXPS-SF03A-4A-NUTNRA301,nutnr_sdi12_interface,nutnr_sdi12_interface,,,,1,RS03AXPS,SF03A,NUTNR
RS03AXPS-SF03A-4A-NUTNRA301,nutnr_analog_output,nutnr_analog_output,,,,1,RS03AXPS,SF03A,NUTNR
RS03AXPS-SF03A-4A-NUTNRA301,nutnr_int_data_logging,nutnr_int_data_logging,,,,1,RS03AXPS,SF03A,NUTNR
RS03AXPS-SF03A-4A-NUTNRA301,nutnr_apf_interface,nutnr_apf_interface,,,,1,RS03AXPS,SF03A,NUTNR
RS03AXPS-SF03A-4A-NUTNRA301,nutnr_scheduling,nutnr_scheduling,,,,1,RS03AXPS,SF03A,NUTNR
RS03AXPS-SF03A-4A-NUTNRA301,nutnr_lamp_fan,nutnr_lamp_fan,,,,1,RS03AXPS,SF03A,NUTNR
RS03AXPS-SF03A-4A-NUTNRA301,nutnr_sensor_address_lamp_temp,nutnr_sensor_address_lamp_temp,,,,1,RS03AXPS,SF03A,NUTNR
RS03AXPS-SF03A-4A-NUTNRA301,nutnr_sensor_address_spec_temp,nutnr_sensor_address_spec_temp,,,,1,RS03AXPS,SF03A,NUTNR
RS03AXPS-SF03A-4A-NUTNRA301,nutnr_sensor_address_hous_temp,nutnr_sensor_address_hous_temp,,,,1,RS03AXPS,SF03A,NUTNR
RS03AXPS-SF03A-4A-NUTNRA301,nutnr_serial_number_spec,nutnr_serial_number_spec,,,,1,RS03AXPS,SF03A,NUTNR
RS03AXPS-SF03A-4A-NUTNRA301,nutnr_serial_number_lamp,nutnr_serial_number_lamp,,,,1,RS03AXPS,SF03A,NUTNR
RS03AXPS-SF03A-4A-NUTNRA301,nutnr_stupstus,nutnr_stupstus,,,,1,RS03AXPS,SF03A,NUTNR
RS03AXPS-SF03A-4A-NUTNRA301,nutnr_output_dark_frame,nutnr_output_dark_frame,,,,1,RS03AXPS,SF03A,NUTNR
RS03AXPS-SF03A-4A-NUTNRA301,nutnr_logging_dark_frame,nutnr_logging_dark_frame,,,,1,RS03AXPS,SF03A,NUTNR
RS03AXPS-SF03A-4A-NUTNRA301,nutnr_timeresl,nutnr_timeresl,,,,1,RS03AXPS,SF03A,NUTNR
RS03AXPS-SF03A-4A-NUTNRA301,nutnr_log_file_type,nutnr_log_file_type,,,,1,RS03AXPS,SF03A,NUTNR
RS03AXPS-SF03A-4A-NUTNRA301,nutnr_acqcount,nutnr_acqcount,,,,counts,RS03AXPS,SF03A,NUTNR
RS03AXPS-SF03A-4A-NUTNRA301,nutnr_cntcount,nutnr_cntcount,,,,counts,RS03AXPS,SF03A,NUTNR
RS03AXPS-SF03A-4A-NUTNRA301,nutnr_dac_nitrate_min,nutnr_dac_nitrate_min,,,,uMol?,RS03AXPS,SF03A,NUTNR
RS03AXPS-SF03A-4A-NUTNRA301,nutnr_dac_nitrate_max,nutnr_dac_nitrate_max,,,,uMol?,RS03AXPS,SF03A,NUTNR
RS03AXPS-SF03A-4A-NUTNRA301,nutnr_data_wavelength_low,nutnr_data_wavelength_low,,,,nm,RS03AXPS,SF03A,NUTNR
RS03AXPS-SF03A-4A-NUTNRA301,nutnr_msg_level,nutnr_msg_level,,,,1,RS03AXPS,SF03A,NUTNR
RS03AXPS-SF03A-4A-NUTNRA301,nutnr_msg_file_size,nutnr_msg_file_size,,,,MB,RS03AXPS,SF03A,NUTNR
RS03AXPS-SF03A-4A-NUTNRA301,nutnr_data_file_size,nutnr_data_file_size,,,,MB,RS03AXPS,SF03A,NUTNR
RS03AXPS-SF03A-4A-NUTNRA301,nutnr_output_frame_type,nutnr_output_frame_type,,,,1,RS03AXPS,SF03A,NUTNR
RS03AXPS-SF03A-4A-NUTNRA301,nutnr_logging_frame_type,nutnr_logging_frame_type,,,,1,RS03AXPS,SF03A,NUTNR
RS03AXPS-SF03A-4A-NUTNRA301,nutnr_data_wavelength_high,nutnr_data_wavelength_high,,,,nm,RS03AXPS,SF03A,NUTNR
RS03AXPS-SF03A-4A-NUTNRA301,nutnr_sdi12_address,nutnr_sdi12_address,,,,1,RS03AXPS,SF03A,NUTNR
RS03AXPS-SF03A-4A-NUTNRA301,nutnr_data_mode,nutnr_data_mode,,,,1,RS03AXPS,SF03A,NUTNR
RS03AXPS-SF03A-4A-NUTNRA301,nutnr_operating_mode,nutnr_operating_mode,,,,1,RS03AXPS,SF03A,NUTNR
RS03AXPS-SF03A-4A-NUTNRA301,nutnr_operation_ctrl,nutnr_operation_ctrl,,,,1,RS03AXPS,SF03A,NUTNR
RS03AXPS-SF03A-4A-NUTNRA301,nutnr_extl_dev,nutnr_extl_dev,,,,1,RS03AXPS,SF03A,NUTNR
RS03AXPS-SF03A-4A-NUTNRA301,nutnr_ext_dev_prerun_time,nutnr_ext_dev_prerun_time,,,,s,RS03AXPS,SF03A,NUTNR
RS03AXPS-SF03A-4A-NUTNRA301,nutnr_ext_dev_during_acq,nutnr_ext_dev_during_acq,,,,1,RS03AXPS,SF03A,NUTNR
RS03AXPS-SF03A-4A-NUTNRA301,nutnr_watchdog_timer,nutnr_watchdog_timer,,,,1,RS03AXPS,SF03A,NUTNR
RS03AXPS-SF03A-4A-NUTNRA301,nutnr_countdown,nutnr_countdown,,,,s,RS03AXPS,SF03A,NUTNR
RS03AXPS-SF03A-4A-NUTNRA301,nutnr_fixed_time_duration,nutnr_fixed_time_duration,,,,s,RS03AXPS,SF03A,NUTNR
RS03AXPS-SF03A-4A-NUTNRA301,nutnr_periodic_interval,nutnr_periodic_interval,,,,1,RS03AXPS,SF03A,NUTNR
RS03AXPS-SF03A-4A-NUTNRA301,nutnr_periodic_offset,nutnr_periodic_offset,,,,counts,RS03AXPS,SF03A,NUTNR
RS03AXPS-SF03A-4A-NUTNRA301,nutnr_periodic_duration,nutnr_periodic_duration,,,,s,RS03AXPS,SF03A,NUTNR
RS03AXPS-SF03A-4A-NUTNRA301,nutnr_periodic_samples,nutnr_periodic_samples,,,,counts,RS03AXPS,SF03A,NUTNR
RS03AXPS-SF03A-4A-NUTNRA301,nutnr_polled_timeout,nutnr_polled_timeout,,,,s,RS03AXPS,SF03A,NUTNR
RS03AXPS-SF03A-4A-NUTNRA301,nutnr_apf_timeout,nutnr_apf_timeout,,,,s,RS03AXPS,SF03A,NUTNR
RS03AXPS-SF03A-4A-NUTNRA301,nutnr_lamp_stability_time,nutnr_lamp_stability_time,,,,s,RS03AXPS,SF03A,NUTNR
RS03AXPS-SF03A-4A-NUTNRA301,nutnr_ref_min_lamp_on,nutnr_ref_min_lamp_on,,,,s,RS03AXPS,SF03A,NUTNR
RS03AXPS-SF03A-4A-NUTNRA301,nutnr_skip_sleep,nutnr_skip_sleep,,,,1,RS03AXPS,SF03A,NUTNR
RS03AXPS-SF03A-4A-NUTNRA301,nutnr_lamp_switchoff_temp,nutnr_lamp_switchoff_temp,,,,deg_C,RS03AXPS,SF03A,NUTNR
RS03AXPS-SF03A-4A-NUTNRA301,nutnr_spec_integration_period,nutnr_spec_integration_period,,,,ms,RS03AXPS,SF03A,NUTNR
RS03AXPS-SF03A-4A-NUTNRA301,nutnr_dark_avg,nutnr_dark_avg,,,,1,RS03AXPS,SF03A,NUTNR
RS03AXPS-SF03A-4A-NUTNRA301,nutnr_light_avg,nutnr_light_avg,,,,1,RS03AXPS,SF03A,NUTNR
RS03AXPS-SF03A-4A-NUTNRA301,nutnr_reference_samples,nutnr_reference_samples,,,,1,RS03AXPS,SF03A,NUTNR
RS03AXPS-SF03A-4A-NUTNRA301,nutnr_dark_samples,nutnr_dark_samples,,,,1,RS03AXPS,SF03A,NUTNR
RS03AXPS-SF03A-4A-NUTNRA301,nutnr_light_samples,nutnr_light_samples,,,,1,RS03AXPS,SF03A,NUTNR
RS03AXPS-SF03A-4A-NUTNRA301,nutnr_dark_duration,nutnr_dark_duration,,,,s,RS03AXPS,SF03A,NUTNR
RS03AXPS-SF03A-4A-NUTNRA301,nutnr_light_duration,nutnr_light_duration,,,,s,RS03AXPS,SF03A,NUTNR
RS03AXPS-SF03A-4A-NUTNRA301,nutnr_temp_comp,nutnr_temp_comp,,,,1,RS03AXPS,SF03A,NUTNR
RS03AXPS-SF03A-4A-NUTNRA301,nutnr_salinity_fit,nutnr_salinity_fit,,,,1,RS03AXPS,SF03A,NUTNR
RS03AXPS-SF03A-4A-NUTNRA301,nutnr_bromide_tracing,nutnr_bromide_tracing,,,,1,RS03AXPS,SF03A,NUTNR
RS03AXPS-SF03A-4A-NUTNRA301,nutnr_baseline_order,nutnr_baseline_order,,,,1,RS03AXPS,SF03A,NUTNR
RS03AXPS-SF03A-4A-NUTNRA301,nutnr_concentrations_fit,nutnr_concentrations_fit,,,,1,RS03AXPS,SF03A,NUTNR
RS03AXPS-SF03A-4A-NUTNRA301,nutnr_dark_corr_method,nutnr_dark_corr_method,,,,1,RS03AXPS,SF03A,NUTNR
RS03AXPS-SF03A-4A-NUTNRA301,nutnr_dark_coefs,nutnr_dark_coefs,,,,1,RS03AXPS,SF03A,NUTNR
RS03AXPS-SF03A-4A-NUTNRA301,nutnr_davgprm0,nutnr_davgprm0,,,,1,RS03AXPS,SF03A,NUTNR
RS03AXPS-SF03A-4A-NUTNRA301,nutnr_davgprm1,nutnr_davgprm1,,,,1,RS03AXPS,SF03A,NUTNR
RS03AXPS-SF03A-4A-NUTNRA301,nutnr_davgprm2,nutnr_davgprm2,,,,1,RS03AXPS,SF03A,NUTNR
RS03AXPS-SF03A-4A-NUTNRA301,nutnr_davgprm3,nutnr_davgprm3,,,,1,RS03AXPS,SF03A,NUTNR
RS03AXPS-SF03A-4A-NUTNRA301,nutnr_absorbance_cutoff,nutnr_absorbance_cutoff,,,,1,RS03AXPS,SF03A,NUTNR
RS03AXPS-SF03A-4A-NUTNRA301,nutnr_int_time_adj,nutnr_int_time_adj,,,,1,RS03AXPS,SF03A,NUTNR
RS03AXPS-SF03A-4A-NUTNRA301,nutnr_int_time_factor,nutnr_int_time_factor,,,,s,RS03AXPS,SF03A,NUTNR
RS03AXPS-SF03A-4A-NUTNRA301,nutnr_int_time_step,nutnr_int_time_step,,,,s,RS03AXPS,SF03A,NUTNR
RS03AXPS-SF03A-4A-NUTNRA301,nutnr_int_time_max,nutnr_int_time_max,,,,s,RS03AXPS,SF03A,NUTNR
RS03AXPS-SF03A-4A-NUTNRA301,nutnr_fit_wavelength_low,nutnr_fit_wavelength_low,,,,nm,RS03AXPS,SF03A,NUTNR
RS03AXPS-SF03A-4A-NUTNRA301,nutnr_fit_wavelength_high,nutnr_fit_wavelength_high,,,,nm,RS03AXPS,SF03A,NUTNR
RS03AXPS-SF03A-4A-NUTNRA301,nutnr_lamp_time,nutnr_lamp_time,,,,s,RS03AXPS,SF03A,NUTNR
RS03AXPS-SF03A-4A-NUTNRA301,nutnr_activecalfile,nutnr_activecalfile,,,,1,RS03AXPS,SF03A,NUTNR
RS03AXPS-SF03A-4A-NUTNRA301,nutnr_external_disk_size,nutnr_external_disk_size,,,,MB,RS03AXPS,SF03A,NUTNR
RS03AXPS-SF03A-4A-NUTNRA301,nutnr_external_disk_free,nutnr_external_disk_free,,,,MB,RS03AXPS,SF03A,NUTNR
RS03AXPS-SF03A-4A-NUTNRA301,nutnr_internal_disk_size,nutnr_internal_disk_size,,,,MB,RS03AXPS,SF03A,NUTNR
RS03AXPS-SF03A-4A-NUTNRA301,nutnr_internal_disk_free,nutnr_internal_disk_free,,,,MB,RS03AXPS,SF03A,NUTNR
RS03AXPS-SF03A-4A-NUTNRA301,nutnr_electrical_mn,nutnr_electrical_mn,,,,V,RS03AXPS,SF03A,NUTNR
RS03AXPS-SF03A-4A-NUTNRA301,nutnr_electrical_bd,nutnr_electrical_bd,,,,V,RS03AXPS,SF03A,NUTNR
RS03AXPS-SF03A-4A-NUTNRA301,nutnr_electrical_pr,nutnr_electrical_pr,,,,V,RS03AXPS,SF03A,NUTNR
RS03AXPS-SF03A-4A-NUTNRA301,nutnr_electrical_c,nutnr_electrical_c,,,,mA,RS03AXPS,SF03A,NUTNR
RS03AXPS-SF03A-4A-NUTNRA301,nutnr_lamp_power,nutnr_lamp_power,,,,mW,RS03AXPS,SF03A,NUTNR
RS03AXPS-SF03A-4A-NUTNRA301,nutnr_spec_dark_av,nutnr_spec_dark_av,,,,counts,RS03AXPS,SF03A,NUTNR
RS03AXPS-SF03A-4A-NUTNRA301,nutnr_spec_dark_sd,nutnr_spec_dark_sd,,,,counts,RS03AXPS,SF03A,NUTNR
RS03AXPS-SF03A-4A-NUTNRA301,nutnr_spec_dark_mi,nutnr_spec_dark_mi,,,,counts,RS03AXPS,SF03A,NUTNR
RS03AXPS-SF03A-4A-NUTNRA301,nutnr_spec_dark_ma,nutnr_spec_dark_ma,,,,counts,RS03AXPS,SF03A,NUTNR
RS03AXPS-SF03A-4A-NUTNRA301,nutnr_spec_lght_av,nutnr_spec_lght_av,,,,counts,RS03AXPS,SF03A,NUTNR
RS03AXPS-SF03A-4A-NUTNRA301,nutnr_spec_lght_sd,nutnr_spec_lght_sd,,,,counts,RS03AXPS,SF03A,NUTNR
RS03AXPS-SF03A-4A-NUTNRA301,nutnr_spec_lght_mi,nutnr_spec_lght_mi,,,,counts,RS03AXPS,SF03A,NUTNR
RS03AXPS-SF03A-4A-NUTNRA301,nutnr_spec_lght_ma,nutnr_spec_lght_ma,,,,counts,RS03AXPS,SF03A,NUTNR
RS03AXPS-SF03A-4A-NUTNRA301,nutnr_test_result,nutnr_test_result,,,,1,RS03AXPS,SF03A,NUTNR
RS03AXPS-SF03A-4A-NUTNRA301,temp_sal_corrected_nitrate,temp_sal_corrected_nitrate,0,40,L2,umol L-1,RS03AXPS,SF03A,NUTNR
RS03AXPS-SF03A-4A-NUTNRA301,baud_rate,baud_rate,,,,Bd,RS03AXPS,SF03A,NUTNR
RS03AXPS-SF03A-4A-NUTNRA301,frame_type,frame_type,,,,1,RS03AXPS,SF03A,NUTNR
RS03AXPS-SF03A-4A-NUTNRA301,serial_number,serial_number,,,,1,RS03AXPS,SF03A,NUTNR
RS03AXPS-SF03A-4A-NUTNRA301,date_of_sample,date_of_sample,,,,1,RS03AXPS,SF03A,NUTNR
RS03AXPS-SF03A-4A-NUTNRA301,time_of_sample,time_of_sample,,,,h,RS03AXPS,SF03A,NUTNR
RS03AXPS-SF03A-4A-NUTNRA301,nitrate_concentration,nitrate_concentration,0,40,L1,umol L-1,RS03AXPS,SF03A,NUTNR
RS03AXPS-SF03A-4A-NUTNRA301,aux_fitting_1,aux_fitting_1,,,,1,RS03AXPS,SF03A,NUTNR
RS03AXPS-SF03A-4A-NUTNRA301,aux_fitting_5,aux_fitting_5,,,,1,RS03AXPS,SF03A,NUTNR
RS03AXPS-SF03A-4A-NUTNRA301,aux_fitting_2,aux_fitting_2,,,,1,RS03AXPS,SF03A,NUTNR
RS03AXPS-SF03A-4A-NUTNRA301,aux_fitting_6,aux_fitting_6,,,,1,RS03AXPS,SF03A,NUTNR
RS03AXPS-SF03A-4A-NUTNRA301,temp_interior,temp_interior,,,,deg_C,RS03AXPS,SF03A,NUTNR
RS03AXPS-SF03A-4A-NUTNRA301,temp_spectrometer,temp_spectrometer,,,,deg_C,RS03AXPS,SF03A,NUTNR
RS03AXPS-SF03A-4A-NUTNRA301,temp_lamp,temp_lamp,,,,deg_C,RS03AXPS,SF03A,NUTNR
RS03AXPS-SF03A-4A-NUTNRA301,humidity,humidity,,,,%,RS03AXPS,SF03A,NUTNR
RS03AXPS-SF03A-4A-NUTNRA301,humidity,humidity,,,ENG,%,RS03AXPS,SF03A,NUTNR
RS03AXPS-SF03A-4A-NUTNRA301,voltage_lamp,voltage_lamp,,,,V,RS03AXPS,SF03A,NUTNR
RS03AXPS-SF03A-4A-NUTNRA301,voltage_main,voltage_main,,,,V,RS03AXPS,SF03A,NUTNR
RS03AXPS-SF03A-4A-NUTNRA301,spectral_channels,spectral_channels,,,L0,counts,RS03AXPS,SF03A,NUTNR
RS03AXPS-SF03A-4A-NUTNRA301,checksum,checksum,,,,1,RS03AXPS,SF03A,NUTNR
RS03AXPS-SF03A-4A-NUTNRA301,lamp_time,lamp_time,,,,s,RS03AXPS,SF03A,NUTNR
RS03AXPS-SF03A-4A-NUTNRA301,time,time,,,,seconds since 1900-01-01,RS03AXPS,SF03A,NUTNR
RS03AXPS-SF03A-4A-NUTNRA301,ingestion_timestamp,ingestion_timestamp,,,,seconds since 1900-01-01,RS03AXPS,SF03A,NUTNR
RS03AXPS-SF03A-4B-VELPTD302,port_timestamp,port_timestamp,,,ENG,seconds since 1900-01-01,RS03AXPS,SF03A,VELPT
RS03AXPS-SF03A-4B-VELPTD302,transmit_pulse_length_2nd,transmit_pulse_length_2nd,,,ENG,counts,RS03AXPS,SF03A,VELPT
RS03AXPS-SF03A-4B-VELPTD302,driver_timestamp,driver_timestamp,,,ENG,seconds since 1900-01-01,RS03AXPS,SF03A,VELPT
RS03AXPS-SF03A-4B-VELPTD302,firmware_version,firmware_version,,,ENG,1,RS03AXPS,SF03A,VELPT
RS03AXPS-SF03A-4B-VELPTD302,preferred_timestamp,preferred_timestamp,,,ENG,1,RS03AXPS,SF03A,VELPT
RS03AXPS-SF03A-4B-VELPTD302,velpt_d_eastward_velocity,velpt_d_eastward_velocity,-3,3,L1,m s-1,RS03AXPS,SF03A,VELPT
RS03AXPS-SF03A-4B-VELPTD302,velpt_d_northward_velocity,velpt_d_northward_velocity,-3,3,L1,m s-1,RS03AXPS,SF03A,VELPT
RS03AXPS-SF03A-4B-VELPTD302,velpt_d_upward_velocity,velpt_d_upward_velocity,-1,1,L1,m s-1,RS03AXPS,SF03A,VELPT
RS03AXPS-SF03A-4B-VELPTD302,battery_voltage_dv,battery_voltage_dv,,,ENG,dV,RS03AXPS,SF03A,VELPT
RS03AXPS-SF03A-4B-VELPTD302,sound_speed_dms,sound_speed_dms,,,ENG,dm s-1,RS03AXPS,SF03A,VELPT
RS03AXPS-SF03A-4B-VELPTD302,heading_decidegree,heading_decidegree,,,ENG,deci-degrees,RS03AXPS,SF03A,VELPT
RS03AXPS-SF03A-4B-VELPTD302,roll_decidegree,roll_decidegree,,,ENG,deci-degrees,RS03AXPS,SF03A,VELPT
RS03AXPS-SF03A-4B-VELPTD302,pitch_decidegree,pitch_decidegree,,,ENG,deci-degrees,RS03AXPS,SF03A,VELPT
RS03AXPS-SF03A-4B-VELPTD302,temperature_centidegree,temperature_centidegree,,,ENG,cdeg_C,RS03AXPS,SF03A,VELPT
RS03AXPS-SF03A-4B-VELPTD302,pressure_mbar,pressure_mbar,,,L1,0.001 dbar,RS03AXPS,SF03A,VELPT
RS03AXPS-SF03A-4B-VELPTD302,error_code,error_code,,,ENG,1,RS03AXPS,SF03A,VELPT
RS03AXPS-SF03A-4B-VELPTD302,analog1,analog1,,,ENG,1,RS03AXPS,SF03A,VELPT
RS03AXPS-SF03A-4B-VELPTD302,status,status,,,ENG,1,RS03AXPS,SF03A,VELPT
RS03AXPS-SF03A-4B-VELPTD302,velocity_beam1,velocity_beam1,,,L0,mm s-1,RS03AXPS,SF03A,VELPT
RS03AXPS-SF03A-4B-VELPTD302,velocity_beam2,velocity_beam2,,,L0,mm s-1,RS03AXPS,SF03A,VELPT
RS03AXPS-SF03A-4B-VELPTD302,velocity_beam3,velocity_beam3,,,L0,mm s-1,RS03AXPS,SF03A,VELPT
RS03AXPS-SF03A-4B-VELPTD302,amplitude_beam1,amplitude_beam1,,,ENG,counts,RS03AXPS,SF03A,VELPT
RS03AXPS-SF03A-4B-VELPTD302,amplitude_beam2,amplitude_beam2,,,ENG,counts,RS03AXPS,SF03A,VELPT
RS03AXPS-SF03A-4B-VELPTD302,amplitude_beam3,amplitude_beam3,,,ENG,counts,RS03AXPS,SF03A,VELPT
RS03AXPS-SF03A-4B-VELPTD302,instrmt_type_serial_number,instrmt_type_serial_number,,,ENG,1,RS03AXPS,SF03A,VELPT
RS03AXPS-SF03A-4B-VELPTD302,recorder_installed,recorder_installed,,,ENG,1,RS03AXPS,SF03A,VELPT
RS03AXPS-SF03A-4B-VELPTD302,compass_installed,compass_installed,,,ENG,1,RS03AXPS,SF03A,VELPT
RS03AXPS-SF03A-4B-VELPTD302,board_frequency,board_frequency,,,ENG,kHz,RS03AXPS,SF03A,VELPT
RS03AXPS-SF03A-4B-VELPTD302,pic_version,pic_version,,,ENG,1,RS03AXPS,SF03A,VELPT
RS03AXPS-SF03A-4B-VELPTD302,hardware_revision,hardware_revision,,,ENG,1,RS03AXPS,SF03A,VELPT
RS03AXPS-SF03A-4B-VELPTD302,recorder_size,recorder_size,,,ENG,bytes,RS03AXPS,SF03A,VELPT
RS03AXPS-SF03A-4B-VELPTD302,velocity_range,velocity_range,,,ENG,1,RS03AXPS,SF03A,VELPT
RS03AXPS-SF03A-4B-VELPTD302,pressure_sensor,pressure_sensor,,,ENG,1,RS03AXPS,SF03A,VELPT
RS03AXPS-SF03A-4B-VELPTD302,magnetometer_sensor,magnetometer_sensor,,,ENG,1,RS03AXPS,SF03A,VELPT
RS03AXPS-SF03A-4B-VELPTD302,tilt_sensor,tilt_sensor,,,ENG,1,RS03AXPS,SF03A,VELPT
RS03AXPS-SF03A-4B-VELPTD302,tilt_sensor_mounting,tilt_sensor_mounting,,,ENG,1,RS03AXPS,SF03A,VELPT
RS03AXPS-SF03A-4B-VELPTD302,head_frequency,head_frequency,,,ENG,kHz,RS03AXPS,SF03A,VELPT
RS03AXPS-SF03A-4B-VELPTD302,head_type,head_type,,,ENG,1,RS03AXPS,SF03A,VELPT
RS03AXPS-SF03A-4B-VELPTD302,head_serial_number,head_serial_number,,,ENG,1,RS03AXPS,SF03A,VELPT
RS03AXPS-SF03A-4B-VELPTD302,system_data,system_data,,,ENG,1,RS03AXPS,SF03A,VELPT
RS03AXPS-SF03A-4B-VELPTD302,number_beams,number_beams,,,ENG,1,RS03AXPS,SF03A,VELPT
RS03AXPS-SF03A-4B-VELPTD302,transmit_pulse_length,transmit_pulse_length,,,ENG,counts,RS03AXPS,SF03A,VELPT
RS03AXPS-SF03A-4B-VELPTD302,blanking_distance,blanking_distance,,,ENG,counts,RS03AXPS,SF03A,VELPT
RS03AXPS-SF03A-4B-VELPTD302,receive_length,receive_length,,,ENG,counts,RS03AXPS,SF03A,VELPT
RS03AXPS-SF03A-4B-VELPTD302,time_between_pings,time_between_pings,,,ENG,counts,RS03AXPS,SF03A,VELPT
RS03AXPS-SF03A-4B-VELPTD302,time_between_bursts,time_between_bursts,,,ENG,counts,RS03AXPS,SF03A,VELPT
RS03AXPS-SF03A-4B-VELPTD302,number_pings,number_pings,,,ENG,1,RS03AXPS,SF03A,VELPT
RS03AXPS-SF03A-4B-VELPTD302,average_interval,average_interval,,,ENG,s,RS03AXPS,SF03A,VELPT
RS03AXPS-SF03A-4B-VELPTD302,profile_type,profile_type,,,ENG,1,RS03AXPS,SF03A,VELPT
RS03AXPS-SF03A-4B-VELPTD302,mode_type,mode_type,,,ENG,1,RS03AXPS,SF03A,VELPT
RS03AXPS-SF03A-4B-VELPTD302,power_level_tcm5,power_level_tcm5,,,ENG,1,RS03AXPS,SF03A,VELPT
RS03AXPS-SF03A-4B-VELPTD302,power_level_tcm6,power_level_tcm6,,,ENG,1,RS03AXPS,SF03A,VELPT
RS03AXPS-SF03A-4B-VELPTD302,sync_out_position,sync_out_position,,,ENG,1,RS03AXPS,SF03A,VELPT
RS03AXPS-SF03A-4B-VELPTD302,sample_on_sync,sample_on_sync,,,ENG,1,RS03AXPS,SF03A,VELPT
RS03AXPS-SF03A-4B-VELPTD302,start_on_sync,start_on_sync,,,ENG,1,RS03AXPS,SF03A,VELPT
RS03AXPS-SF03A-4B-VELPTD302,power_level_pcr5,power_level_pcr5,,,ENG,1,RS03AXPS,SF03A,VELPT
RS03AXPS-SF03A-4B-VELPTD302,power_level_pcr6,power_level_pcr6,,,ENG,1,RS03AXPS,SF03A,VELPT
RS03AXPS-SF03A-4B-VELPTD302,compass_update_rate,compass_update_rate,,,ENG,Hz,RS03AXPS,SF03A,VELPT
RS03AXPS-SF03A-4B-VELPTD302,coordinate_system,coordinate_system,,,ENG,1,RS03AXPS,SF03A,VELPT
RS03AXPS-SF03A-4B-VELPTD302,number_cells,number_cells,,,ENG,1,RS03AXPS,SF03A,VELPT
RS03AXPS-SF03A-4B-VELPTD302,cell_size,cell_size,,,ENG,m,RS03AXPS,SF03A,VELPT
RS03AXPS-SF03A-4B-VELPTD302,measurement_interval,measurement_interval,,,ENG,s,RS03AXPS,SF03A,VELPT
RS03AXPS-SF03A-4B-VELPTD302,deployment_name,deployment_name,,,ENG,1,RS03AXPS,SF03A,VELPT
RS03AXPS-SF03A-4B-VELPTD302,wrap_mode,wrap_mode,,,ENG,1,RS03AXPS,SF03A,VELPT
RS03AXPS-SF03A-4B-VELPTD302,deployment_start_time,deployment_start_time,,,ENG,1,RS03AXPS,SF03A,VELPT
RS03AXPS-SF03A-4B-VELPTD302,diagnostics_interval,diagnostics_interval,,,ENG,s,RS03AXPS,SF03A,VELPT
RS03AXPS-SF03A-4B-VELPTD302,use_specified_sound_speed,use_specified_sound_speed,,,ENG,1,RS03AXPS,SF03A,VELPT
RS03AXPS-SF03A-4B-VELPTD302,diagnostics_mode_enable,diagnostics_mode_enable,,,ENG,1,RS03AXPS,SF03A,VELPT
RS03AXPS-SF03A-4B-VELPTD302,analog_output_enable,analog_output_enable,,,ENG,1,RS03AXPS,SF03A,VELPT
RS03AXPS-SF03A-4B-VELPTD302,output_format_nortek,output_format_nortek,,,ENG,1,RS03AXPS,SF03A,VELPT
RS03AXPS-SF03A-4B-VELPTD302,scaling,scaling,,,ENG,1,RS03AXPS,SF03A,VELPT
RS03AXPS-SF03A-4B-VELPTD302,serial_output_enable,serial_output_enable,,,ENG,1,RS03AXPS,SF03A,VELPT
RS03AXPS-SF03A-4B-VELPTD302,stage_enable,stage_enable,,,ENG,1,RS03AXPS,SF03A,VELPT
RS03AXPS-SF03A-4B-VELPTD302,analog_power_output,analog_power_output,,,ENG,1,RS03AXPS,SF03A,VELPT
RS03AXPS-SF03A-4B-VELPTD302,sound_speed_adjust_factor,sound_speed_adjust_factor,,,ENG,m s-1,RS03AXPS,SF03A,VELPT
RS03AXPS-SF03A-4B-VELPTD302,number_diagnostics_samples,number_diagnostics_samples,,,ENG,1,RS03AXPS,SF03A,VELPT
RS03AXPS-SF03A-4B-VELPTD302,number_beams_per_cell,number_beams_per_cell,,,ENG,1,RS03AXPS,SF03A,VELPT
RS03AXPS-SF03A-4B-VELPTD302,number_pings_diagnostic,number_pings_diagnostic,,,ENG,1,RS03AXPS,SF03A,VELPT
RS03AXPS-SF03A-4B-VELPTD302,use_dsp_filter,use_dsp_filter,,,ENG,1,RS03AXPS,SF03A,VELPT
RS03AXPS-SF03A-4B-VELPTD302,filter_data_output,filter_data_output,,,ENG,1,RS03AXPS,SF03A,VELPT
RS03AXPS-SF03A-4B-VELPTD302,analog_input_address,analog_input_address,,,ENG,1,RS03AXPS,SF03A,VELPT
RS03AXPS-SF03A-4B-VELPTD302,software_version,software_version,,,ENG,1,RS03AXPS,SF03A,VELPT
RS03AXPS-SF03A-4B-VELPTD302,velocity_adjustment_factor,velocity_adjustment_factor,,,ENG,1,RS03AXPS,SF03A,VELPT
RS03AXPS-SF03A-4B-VELPTD302,file_comments,file_comments,,,ENG,1,RS03AXPS,SF03A,VELPT
RS03AXPS-SF03A-4B-VELPTD302,wave_data_rate,wave_data_rate,,,ENG,Hz,RS03AXPS,SF03A,VELPT
RS03AXPS-SF03A-4B-VELPTD302,wave_cell_position,wave_cell_position,,,ENG,1,RS03AXPS,SF03A,VELPT
RS03AXPS-SF03A-4B-VELPTD302,dynamic_position_type,dynamic_position_type,,,ENG,1,RS03AXPS,SF03A,VELPT
RS03AXPS-SF03A-4B-VELPTD302,percent_wave_cell_position,percent_wave_cell_position,,,ENG,1,RS03AXPS,SF03A,VELPT
RS03AXPS-SF03A-4B-VELPTD302,wave_transmit_pulse,wave_transmit_pulse,,,ENG,1,RS03AXPS,SF03A,VELPT
RS03AXPS-SF03A-4B-VELPTD302,fixed_wave_blanking_distance,fixed_wave_blanking_distance,,,ENG,counts,RS03AXPS,SF03A,VELPT
RS03AXPS-SF03A-4B-VELPTD302,wave_measurement_cell_size,wave_measurement_cell_size,,,ENG,m,RS03AXPS,SF03A,VELPT
RS03AXPS-SF03A-4B-VELPTD302,number_diagnostics_per_wave,number_diagnostics_per_wave,,,ENG,1,RS03AXPS,SF03A,VELPT
RS03AXPS-SF03A-4B-VELPTD302,number_samples_per_burst,number_samples_per_burst,,,ENG,1,RS03AXPS,SF03A,VELPT
RS03AXPS-SF03A-4B-VELPTD302,analog_scale_factor,analog_scale_factor,,,ENG,1,RS03AXPS,SF03A,VELPT
RS03AXPS-SF03A-4B-VELPTD302,correlation_threshold,correlation_threshold,,,ENG,1,RS03AXPS,SF03A,VELPT
RS03AXPS-SF03A-4B-VELPTD302,filter_constants,filter_constants,,,ENG,1,RS03AXPS,SF03A,VELPT
RS03AXPS-SF03A-4B-VELPTD302,time,time,,,ENG,seconds since 1900-01-01,RS03AXPS,SF03A,VELPT
RS03AXPS-SF03A-4B-VELPTD302,battery_voltage,battery_voltage,,,ENG,V,RS03AXPS,SF03A,VELPT
RS03AXPS-SF03A-4B-VELPTD302,sound_speed_analog2,sound_speed_analog2,,,ENG,m s-1,RS03AXPS,SF03A,VELPT
RS03AXPS-SF03A-4B-VELPTD302,date_time_array,date_time_array,,,ENG,1,RS03AXPS,SF03A,VELPT
RS03AXPS-SF03A-4B-VELPTD302,pitch,pitch,,,ENG,degrees,RS03AXPS,SF03A,VELPT
RS03AXPS-SF03A-4B-VELPTD302,battery_voltage_mv,battery_voltage_mv,,,ENG,mV,RS03AXPS,SF03A,VELPT
RS03AXPS-SF03A-4B-VELPTD302,identification_string,identification_string,,,ENG,1,RS03AXPS,SF03A,VELPT
RS03AXPS-SF03A-4B-VELPTD302,roll,roll,,,ENG,degrees,RS03AXPS,SF03A,VELPT
RS03AXPS-SF03A-4B-VELPTD302,temperature,temperature,,,ENG,deg_C,RS03AXPS,SF03A,VELPT
RS03AXPS-SF03A-4B-VELPTD302,date_time_string,date_time_string,,,ENG,1,RS03AXPS,SF03A,VELPT
RS03AXPS-SF03A-4F-PCO2WA301,port_timestamp,port_timestamp,,,ENG,seconds since 1900-01-01,RS03AXPS,SF03A,PCO2W
RS03AXPS-SF03A-4F-PCO2WA301,driver_timestamp,driver_timestamp,,,ENG,seconds since 1900-01-01,RS03AXPS,SF03A,PCO2W
RS03AXPS-SF03A-4F-PCO2WA301,external_device2_fault,external_device2_fault,,,ENG,1,RS03AXPS,SF03A,PCO2W
RS03AXPS-SF03A-4F-PCO2WA301,external_device3_fault,external_device3_fault,,,ENG,1,RS03AXPS,SF03A,PCO2W
RS03AXPS-SF03A-4F-PCO2WA301,num_data_records,num_data_records,,,ENG,1,RS03AXPS,SF03A,PCO2W
RS03AXPS-SF03A-4F-PCO2WA301,num_error_records,num_error_records,,,ENG,1,RS03AXPS,SF03A,PCO2W
RS03AXPS-SF03A-4F-PCO2WA301,num_bytes_stored,num_bytes_stored,,,ENG,bytes,RS03AXPS,SF03A,PCO2W
RS03AXPS-SF03A-4F-PCO2WA301,internal_timestamp,internal_timestamp,,,ENG,seconds since 1900-01-01,RS03AXPS,SF03A,PCO2W
RS03AXPS-SF03A-4F-PCO2WA301,preferred_timestamp,preferred_timestamp,,,ENG,1,RS03AXPS,SF03A,PCO2W
RS03AXPS-SF03A-4F-PCO2WA301,pco2w_battery_voltage,pco2w_battery_voltage,,,ENG,counts,RS03AXPS,SF03A,PCO2W
RS03AXPS-SF03A-4F-PCO2WA301,pco2w_thermistor_voltage,pco2w_thermistor_voltage,,,ENG,counts,RS03AXPS,SF03A,PCO2W
RS03AXPS-SF03A-4F-PCO2WA301,checksum,checksum,,,ENG,1,RS03AXPS,SF03A,PCO2W
RS03AXPS-SF03A-4F-PCO2WA301,unique_id,unique_id,,,ENG,1,RS03AXPS,SF03A,PCO2W
RS03AXPS-SF03A-4F-PCO2WA301,record_length,record_length,,,ENG,1,RS03AXPS,SF03A,PCO2W
RS03AXPS-SF03A-4F-PCO2WA301,record_type,record_type,,,ENG,1,RS03AXPS,SF03A,PCO2W
RS03AXPS-SF03A-4F-PCO2WA301,record_time,record_time,,,ENG,seconds since 1904-01-01,RS03AXPS,SF03A,PCO2W
RS03AXPS-SF03A-4F-PCO2WA301,light_measurements,light_measurements,,,ENG,counts,RS03AXPS,SF03A,PCO2W
RS03AXPS-SF03A-4F-PCO2WA301,voltage_battery,voltage_battery,,,ENG,counts,RS03AXPS,SF03A,PCO2W
RS03AXPS-SF03A-4F-PCO2WA301,thermistor_raw,thermistor_raw,,,L0,V,RS03AXPS,SF03A,PCO2W
RS03AXPS-SF03A-4F-PCO2WA301,elapsed_time_config,elapsed_time_config,,,ENG,s,RS03AXPS,SF03A,PCO2W
RS03AXPS-SF03A-4F-PCO2WA301,clock_active,clock_active,,,ENG,1,RS03AXPS,SF03A,PCO2W
RS03AXPS-SF03A-4F-PCO2WA301,recording_active,recording_active,,,ENG,1,RS03AXPS,SF03A,PCO2W
RS03AXPS-SF03A-4F-PCO2WA301,record_end_on_time,record_end_on_time,,,ENG,1,RS03AXPS,SF03A,PCO2W
RS03AXPS-SF03A-4F-PCO2WA301,record_memory_full,record_memory_full,,,ENG,1,RS03AXPS,SF03A,PCO2W
RS03AXPS-SF03A-4F-PCO2WA301,record_end_on_error,record_end_on_error,,,ENG,1,RS03AXPS,SF03A,PCO2W
RS03AXPS-SF03A-4F-PCO2WA301,data_download_ok,data_download_ok,,,ENG,1,RS03AXPS,SF03A,PCO2W
RS03AXPS-SF03A-4F-PCO2WA301,flash_memory_open,flash_memory_open,,,ENG,1,RS03AXPS,SF03A,PCO2W
RS03AXPS-SF03A-4F-PCO2WA301,pco2w_seawater,pco2w_seawater,,,L1,uatm,RS03AXPS,SF03A,PCO2W
RS03AXPS-SF03A-4F-PCO2WA301,battery_low_prestart,battery_low_prestart,,,ENG,1,RS03AXPS,SF03A,PCO2W
RS03AXPS-SF03A-4F-PCO2WA301,battery_low_measurement,battery_low_measurement,,,ENG,1,RS03AXPS,SF03A,PCO2W
RS03AXPS-SF03A-4F-PCO2WA301,battery_low_bank,battery_low_bank,,,ENG,1,RS03AXPS,SF03A,PCO2W
RS03AXPS-SF03A-4F-PCO2WA301,battery_low_external,battery_low_external,,,ENG,1,RS03AXPS,SF03A,PCO2W
RS03AXPS-SF03A-4F-PCO2WA301,external_device1_fault,external_device1_fault,,,ENG,1,RS03AXPS,SF03A,PCO2W
RS03AXPS-SF03A-4F-PCO2WA301,pco2w_a_absorbance_blank_434,pco2w_a_absorbance_blank_434,,,L0,1,RS03AXPS,SF03A,PCO2W
RS03AXPS-SF03A-4F-PCO2WA301,pco2w_a_absorbance_blank_620,pco2w_a_absorbance_blank_620,,,L0,1,RS03AXPS,SF03A,PCO2W
RS03AXPS-SF03A-4F-PCO2WA301,flash_erased,flash_erased,,,ENG,1,RS03AXPS,SF03A,PCO2W
RS03AXPS-SF03A-4F-PCO2WA301,power_on_invalid,power_on_invalid,,,ENG,1,RS03AXPS,SF03A,PCO2W
RS03AXPS-SF03A-4F-PCO2WA301,launch_time,launch_time,,,ENG,seconds since 1904-01-06,RS03AXPS,SF03A,PCO2W
RS03AXPS-SF03A-4F-PCO2WA301,start_time_offset,start_time_offset,,,ENG,s,RS03AXPS,SF03A,PCO2W
RS03AXPS-SF03A-4F-PCO2WA301,recording_time,recording_time,,,ENG,s,RS03AXPS,SF03A,PCO2W
RS03AXPS-SF03A-4F-PCO2WA301,pmi_sample_schedule,pmi_sample_schedule,,,ENG,1,RS03AXPS,SF03A,PCO2W
RS03AXPS-SF03A-4F-PCO2WA301,sami_sample_schedule,sami_sample_schedule,,,ENG,1,RS03AXPS,SF03A,PCO2W
RS03AXPS-SF03A-4F-PCO2WA301,slot1_follows_sami_sample,slot1_follows_sami_sample,,,ENG,1,RS03AXPS,SF03A,PCO2W
RS03AXPS-SF03A-4F-PCO2WA301,slot1_independent_schedule,slot1_independent_schedule,,,ENG,1,RS03AXPS,SF03A,PCO2W
RS03AXPS-SF03A-4F-PCO2WA301,slot2_follows_sami_sample,slot2_follows_sami_sample,,,ENG,1,RS03AXPS,SF03A,PCO2W
RS03AXPS-SF03A-4F-PCO2WA301,slot2_independent_schedule,slot2_independent_schedule,,,ENG,1,RS03AXPS,SF03A,PCO2W
RS03AXPS-SF03A-4F-PCO2WA301,slot3_follows_sami_sample,slot3_follows_sami_sample,,,ENG,1,RS03AXPS,SF03A,PCO2W
RS03AXPS-SF03A-4F-PCO2WA301,slot3_independent_schedule,slot3_independent_schedule,,,ENG,1,RS03AXPS,SF03A,PCO2W
RS03AXPS-SF03A-4F-PCO2WA301,timer_interval_sami,timer_interval_sami,,,ENG,s,RS03AXPS,SF03A,PCO2W
RS03AXPS-SF03A-4F-PCO2WA301,driver_id_sami,driver_id_sami,,,ENG,1,RS03AXPS,SF03A,PCO2W
RS03AXPS-SF03A-4F-PCO2WA301,parameter_pointer_sami,parameter_pointer_sami,,,ENG,1,RS03AXPS,SF03A,PCO2W
RS03AXPS-SF03A-4F-PCO2WA301,timer_interval_device1,timer_interval_device1,,,ENG,s,RS03AXPS,SF03A,PCO2W
RS03AXPS-SF03A-4F-PCO2WA301,driver_id_device1,driver_id_device1,,,ENG,1,RS03AXPS,SF03A,PCO2W
RS03AXPS-SF03A-4F-PCO2WA301,parameter_pointer_device1,parameter_pointer_device1,,,ENG,1,RS03AXPS,SF03A,PCO2W
RS03AXPS-SF03A-4F-PCO2WA301,timer_interval_device2,timer_interval_device2,,,ENG,s,RS03AXPS,SF03A,PCO2W
RS03AXPS-SF03A-4F-PCO2WA301,driver_id_device2,driver_id_device2,,,ENG,1,RS03AXPS,SF03A,PCO2W
RS03AXPS-SF03A-4F-PCO2WA301,parameter_pointer_device2,parameter_pointer_device2,,,ENG,1,RS03AXPS,SF03A,PCO2W
RS03AXPS-SF03A-4F-PCO2WA301,timer_interval_device3,timer_interval_device3,,,ENG,s,RS03AXPS,SF03A,PCO2W
RS03AXPS-SF03A-4F-PCO2WA301,driver_id_device3,driver_id_device3,,,ENG,1,RS03AXPS,SF03A,PCO2W
RS03AXPS-SF03A-4F-PCO2WA301,parameter_pointer_device3,parameter_pointer_device3,,,ENG,1,RS03AXPS,SF03A,PCO2W
RS03AXPS-SF03A-4F-PCO2WA301,timer_interval_prestart,timer_interval_prestart,,,ENG,s,RS03AXPS,SF03A,PCO2W
RS03AXPS-SF03A-4F-PCO2WA301,driver_id_prestart,driver_id_prestart,,,ENG,1,RS03AXPS,SF03A,PCO2W
RS03AXPS-SF03A-4F-PCO2WA301,parameter_pointer_prestart,parameter_pointer_prestart,,,ENG,1,RS03AXPS,SF03A,PCO2W
RS03AXPS-SF03A-4F-PCO2WA301,use_baud_rate_57600,use_baud_rate_57600,,,ENG,1,RS03AXPS,SF03A,PCO2W
RS03AXPS-SF03A-4F-PCO2WA301,send_record_type,send_record_type,,,ENG,1,RS03AXPS,SF03A,PCO2W
RS03AXPS-SF03A-4F-PCO2WA301,send_live_records,send_live_records,,,ENG,1,RS03AXPS,SF03A,PCO2W
RS03AXPS-SF03A-4F-PCO2WA301,extend_global_config,extend_global_config,,,ENG,1,RS03AXPS,SF03A,PCO2W
RS03AXPS-SF03A-4F-PCO2WA301,pump_pulse,pump_pulse,,,ENG,s,RS03AXPS,SF03A,PCO2W
RS03AXPS-SF03A-4F-PCO2WA301,pump_on_to_measure,pump_on_to_measure,,,ENG,s,RS03AXPS,SF03A,PCO2W
RS03AXPS-SF03A-4F-PCO2WA301,samples_per_measure,samples_per_measure,,,ENG,counts,RS03AXPS,SF03A,PCO2W
RS03AXPS-SF03A-4F-PCO2WA301,cycles_between_blanks,cycles_between_blanks,,,ENG,counts,RS03AXPS,SF03A,PCO2W
RS03AXPS-SF03A-4F-PCO2WA301,num_reagent_cycles,num_reagent_cycles,,,ENG,counts,RS03AXPS,SF03A,PCO2W
RS03AXPS-SF03A-4F-PCO2WA301,num_blank_cycles,num_blank_cycles,,,ENG,counts,RS03AXPS,SF03A,PCO2W
RS03AXPS-SF03A-4F-PCO2WA301,flush_pump_interval,flush_pump_interval,,,ENG,s,RS03AXPS,SF03A,PCO2W
RS03AXPS-SF03A-4F-PCO2WA301,disable_start_blank_flush,disable_start_blank_flush,,,ENG,1,RS03AXPS,SF03A,PCO2W
RS03AXPS-SF03A-4F-PCO2WA301,measure_after_pump_pulse,measure_after_pump_pulse,,,ENG,1,RS03AXPS,SF03A,PCO2W
RS03AXPS-SF03A-4F-PCO2WA301,time,time,,,ENG,seconds since 1900-01-01,RS03AXPS,SF03A,PCO2W
RS03AXPS-SF03A-4F-PCO2WA301,ingestion_timestamp,ingestion_timestamp,,,ENG,seconds since 1900-01-01,RS03AXPS,SF03A,PCO2W
RS03AXPS-SF03A-4F-PCO2WA301,cycle_rate,cycle_rate,,,ENG,s,RS03AXPS,SF03A,PCO2W
RS03AXPS-SF03A-4F-PCO2WA301,absorbance_ratio_434,absorbance_ratio_434,0,100000,L0,counts,RS03AXPS,SF03A,PCO2W
RS03AXPS-SF03A-4F-PCO2WA301,absorbance_ratio_620,absorbance_ratio_620,0,100000,L0,counts,RS03AXPS,SF03A,PCO2W
RS03AXPS-SF03A-4F-PCO2WA301,pco2w_thermistor_temperature,pco2w_thermistor_temperature,-2,40,L1,deg_C,RS03AXPS,SF03A,PCO2W
RS03CCAL-MJ03F-05-BOTPTA301,port_timestamp,port_timestamp,,,ENG,seconds since 1900-01-01,RS03CCAL,MJ03F,BOTPT
RS03CCAL-MJ03F-05-BOTPTA301,driver_timestamp,driver_timestamp,,,ENG,seconds since 1900-01-01,RS03CCAL,MJ03F,BOTPT
RS03CCAL-MJ03F-05-BOTPTA301,corrected_compass_direction,corrected_compass_direction,0,360,L1,degrees,RS03CCAL,MJ03F,BOTPT
RS03CCAL-MJ03F-05-BOTPTA301,seafloor_tilt_magnitude,seafloor_tilt_magnitude,-329.999,329.999,L1,urad,RS03CCAL,MJ03F,BOTPT
RS03CCAL-MJ03F-05-BOTPTA301,seafloor_tilt_direction,seafloor_tilt_direction,0,360,L1,degrees,RS03CCAL,MJ03F,BOTPT
RS03CCAL-MJ03F-05-BOTPTA301,internal_timestamp,internal_timestamp,,,ENG,seconds since 1900-01-01,RS03CCAL,MJ03F,BOTPT
RS03CCAL-MJ03F-05-BOTPTA301,lily_leveling_status,lily_leveling_status,,,ENG,1,RS03CCAL,MJ03F,BOTPT
RS03CCAL-MJ03F-05-BOTPTA301,botpt_iris_status_01,botpt_iris_status_01,,,ENG,1,RS03CCAL,MJ03F,BOTPT
RS03CCAL-MJ03F-05-BOTPTA301,botpt_iris_status_02,botpt_iris_status_02,,,ENG,1,RS03CCAL,MJ03F,BOTPT
RS03CCAL-MJ03F-05-BOTPTA301,botpt_lily_status_01,botpt_lily_status_01,,,ENG,1,RS03CCAL,MJ03F,BOTPT
RS03CCAL-MJ03F-05-BOTPTA301,botpt_lily_status_02,botpt_lily_status_02,,,ENG,1,RS03CCAL,MJ03F,BOTPT
RS03CCAL-MJ03F-05-BOTPTA301,botpt_nano_status,botpt_nano_status,,,ENG,1,RS03CCAL,MJ03F,BOTPT
RS03CCAL-MJ03F-05-BOTPTA301,botpt_syst_status,botpt_syst_status,,,ENG,1,RS03CCAL,MJ03F,BOTPT
RS03CCAL-MJ03F-05-BOTPTA301,serial_number,serial_number,,,ENG,1,RS03CCAL,MJ03F,BOTPT
RS03CCAL-MJ03F-05-BOTPTA301,botsflu_time15s,botsflu_time15s,,,L2,sec since 01-01-1900,RS03CCAL,MJ03F,BOTPT
RS03CCAL-MJ03F-05-BOTPTA301,botsflu_meanpres,botsflu_meanpres,1500,3200,L2,psia,RS03CCAL,MJ03F,BOTPT
RS03CCAL-MJ03F-05-BOTPTA301,botsflu_meandepth,botsflu_meandepth,1000,2000,L2,m,RS03CCAL,MJ03F,BOTPT
RS03CCAL-MJ03F-05-BOTPTA301,botsflu_5minrate,botsflu_5minrate,-100,100,L2,cm min-1,RS03CCAL,MJ03F,BOTPT
RS03CCAL-MJ03F-05-BOTPTA301,botsflu_10minrate,botsflu_10minrate,-1000,1000,L2,cm hr-1,RS03CCAL,MJ03F,BOTPT
RS03CCAL-MJ03F-05-BOTPTA301,botsflu_time24h,botsflu_time24h,,,L2,sec since 01-01-1900,RS03CCAL,MJ03F,BOTPT
RS03CCAL-MJ03F-05-BOTPTA301,botsflu_daydepth,botsflu_daydepth,1000,2000,L2,m,RS03CCAL,MJ03F,BOTPT
RS03CCAL-MJ03F-05-BOTPTA301,botsflu_4wkrate,botsflu_4wkrate,-1000,1000,L2,cm yr-1,RS03CCAL,MJ03F,BOTPT
RS03CCAL-MJ03F-05-BOTPTA301,botsflu_8wkrate,botsflu_8wkrate,-1000,1000,L2,cm yr-1,RS03CCAL,MJ03F,BOTPT
RS03CCAL-MJ03F-05-BOTPTA301,botsflu_predtide,botsflu_predtide,-10,10,L2,m,RS03CCAL,MJ03F,BOTPT
RS03CCAL-MJ03F-05-BOTPTA301,time,time,,,ENG,seconds since 1900-01-01,RS03CCAL,MJ03F,BOTPT
RS03CCAL-MJ03F-05-BOTPTA301,sensor_id,sensor_id,,,ENG,1,RS03CCAL,MJ03F,BOTPT
RS03CCAL-MJ03F-05-BOTPTA301,time_sync_flag,time_sync_flag,,,ENG,1,RS03CCAL,MJ03F,BOTPT
RS03CCAL-MJ03F-05-BOTPTA301,lily_x_tilt,lily_x_tilt,,,L0,urad,RS03CCAL,MJ03F,BOTPT
RS03CCAL-MJ03F-05-BOTPTA301,lily_y_tilt,lily_y_tilt,,,L0,urad,RS03CCAL,MJ03F,BOTPT
RS03CCAL-MJ03F-05-BOTPTA301,compass_direction,compass_direction,,,L0,degrees,RS03CCAL,MJ03F,BOTPT
RS03CCAL-MJ03F-05-BOTPTA301,supply_voltage,supply_voltage,,,AUX,V,RS03CCAL,MJ03F,BOTPT
RS03CCAL-MJ03F-05-BOTPTA301,press_trans_temp,press_trans_temp,,,AUX,deg_C,RS03CCAL,MJ03F,BOTPT
RS03CCAL-MJ03F-05-BOTPTA301,heat_x_tilt,heat_x_tilt,,,AUX,degrees,RS03CCAL,MJ03F,BOTPT
RS03CCAL-MJ03F-05-BOTPTA301,heat_y_tilt,heat_y_tilt,,,AUX,degrees,RS03CCAL,MJ03F,BOTPT
RS03CCAL-MJ03F-05-BOTPTA301,iris_x_tilt,iris_x_tilt,,,AUX,degrees,RS03CCAL,MJ03F,BOTPT
RS03CCAL-MJ03F-05-BOTPTA301,iris_y_tilt,iris_y_tilt,,,AUX,degrees,RS03CCAL,MJ03F,BOTPT
RS03CCAL-MJ03F-05-BOTPTA301,bottom_pressure,bottom_pressure,1500,3200,L1,psia,RS03CCAL,MJ03F,BOTPT
RS03CCAL-MJ03F-05-BOTPTA301,lily_temp,lily_temp,,,AUX,deg_C,RS03CCAL,MJ03F,BOTPT
RS03CCAL-MJ03F-05-BOTPTA301,iris_temp,iris_temp,,,AUX,deg_C,RS03CCAL,MJ03F,BOTPT
RS03CCAL-MJ03F-05-BOTPTA301,heat_temp,heat_temp,,,AUX,deg_C,RS03CCAL,MJ03F,BOTPT
RS03CCAL-MJ03F-05-BOTPTA301,ingestion_timestamp,ingestion_timestamp,,,ENG,seconds since 1900-01-01,RS03CCAL,MJ03F,BOTPT
RS03CCAL-MJ03F-05-BOTPTA301,date_time_string,date_time_string,,,ENG,1,RS03CCAL,MJ03F,BOTPT
RS03ECAL-MJ03E-06-BOTPTA302,port_timestamp,port_timestamp,,,ENG,seconds since 1900-01-01,RS03ECAL,MJ03E,BOTPT
RS03ECAL-MJ03E-06-BOTPTA302,driver_timestamp,driver_timestamp,,,ENG,seconds since 1900-01-01,RS03ECAL,MJ03E,BOTPT
RS03ECAL-MJ03E-06-BOTPTA302,corrected_compass_direction,corrected_compass_direction,0,360,L1,degrees,RS03ECAL,MJ03E,BOTPT
RS03ECAL-MJ03E-06-BOTPTA302,seafloor_tilt_magnitude,seafloor_tilt_magnitude,-329.999,329.999,L1,urad,RS03ECAL,MJ03E,BOTPT
RS03ECAL-MJ03E-06-BOTPTA302,seafloor_tilt_direction,seafloor_tilt_direction,0,360,L1,degrees,RS03ECAL,MJ03E,BOTPT
RS03ECAL-MJ03E-06-BOTPTA302,internal_timestamp,internal_timestamp,,,ENG,seconds since 1900-01-01,RS03ECAL,MJ03E,BOTPT
RS03ECAL-MJ03E-06-BOTPTA302,lily_leveling_status,lily_leveling_status,,,ENG,1,RS03ECAL,MJ03E,BOTPT
RS03ECAL-MJ03E-06-BOTPTA302,botpt_iris_status_01,botpt_iris_status_01,,,ENG,1,RS03ECAL,MJ03E,BOTPT
RS03ECAL-MJ03E-06-BOTPTA302,botpt_iris_status_02,botpt_iris_status_02,,,ENG,1,RS03ECAL,MJ03E,BOTPT
RS03ECAL-MJ03E-06-BOTPTA302,botpt_lily_status_01,botpt_lily_status_01,,,ENG,1,RS03ECAL,MJ03E,BOTPT
RS03ECAL-MJ03E-06-BOTPTA302,botpt_lily_status_02,botpt_lily_status_02,,,ENG,1,RS03ECAL,MJ03E,BOTPT
RS03ECAL-MJ03E-06-BOTPTA302,botpt_nano_status,botpt_nano_status,,,ENG,1,RS03ECAL,MJ03E,BOTPT
RS03ECAL-MJ03E-06-BOTPTA302,botpt_syst_status,botpt_syst_status,,,ENG,1,RS03ECAL,MJ03E,BOTPT
RS03ECAL-MJ03E-06-BOTPTA302,serial_number,serial_number,,,ENG,1,RS03ECAL,MJ03E,BOTPT
RS03ECAL-MJ03E-06-BOTPTA302,botsflu_time15s,botsflu_time15s,,,L2,sec since 01-01-1900,RS03ECAL,MJ03E,BOTPT
RS03ECAL-MJ03E-06-BOTPTA302,botsflu_meanpres,botsflu_meanpres,1500,3200,L2,psia,RS03ECAL,MJ03E,BOTPT
RS03ECAL-MJ03E-06-BOTPTA302,botsflu_meandepth,botsflu_meandepth,1000,2000,L2,m,RS03ECAL,MJ03E,BOTPT
RS03ECAL-MJ03E-06-BOTPTA302,botsflu_5minrate,botsflu_5minrate,-100,100,L2,cm min-1,RS03ECAL,MJ03E,BOTPT
RS03ECAL-MJ03E-06-BOTPTA302,botsflu_10minrate,botsflu_10minrate,-1000,1000,L2,cm hr-1,RS03ECAL,MJ03E,BOTPT
RS03ECAL-MJ03E-06-BOTPTA302,botsflu_time24h,botsflu_time24h,,,L2,sec since 01-01-1900,RS03ECAL,MJ03E,BOTPT
RS03ECAL-MJ03E-06-BOTPTA302,botsflu_daydepth,botsflu_daydepth,1000,2000,L2,m,RS03ECAL,MJ03E,BOTPT
RS03ECAL-MJ03E-06-BOTPTA302,botsflu_4wkrate,botsflu_4wkrate,-1000,1000,L2,cm yr-1,RS03ECAL,MJ03E,BOTPT
RS03ECAL-MJ03E-06-BOTPTA302,botsflu_8wkrate,botsflu_8wkrate,-1000,1000,L2,cm yr-1,RS03ECAL,MJ03E,BOTPT
RS03ECAL-MJ03E-06-BOTPTA302,botsflu_predtide,botsflu_predtide,-10,10,L2,m,RS03ECAL,MJ03E,BOTPT
RS03ECAL-MJ03E-06-BOTPTA302,time,time,,,ENG,seconds since 1900-01-01,RS03ECAL,MJ03E,BOTPT
RS03ECAL-MJ03E-06-BOTPTA302,sensor_id,sensor_id,,,ENG,1,RS03ECAL,MJ03E,BOTPT
RS03ECAL-MJ03E-06-BOTPTA302,time_sync_flag,time_sync_flag,,,ENG,1,RS03ECAL,MJ03E,BOTPT
RS03ECAL-MJ03E-06-BOTPTA302,lily_x_tilt,lily_x_tilt,,,L0,urad,RS03ECAL,MJ03E,BOTPT
RS03ECAL-MJ03E-06-BOTPTA302,lily_y_tilt,lily_y_tilt,,,L0,urad,RS03ECAL,MJ03E,BOTPT
RS03ECAL-MJ03E-06-BOTPTA302,compass_direction,compass_direction,,,L0,degrees,RS03ECAL,MJ03E,BOTPT
RS03ECAL-MJ03E-06-BOTPTA302,supply_voltage,supply_voltage,,,AUX,V,RS03ECAL,MJ03E,BOTPT
RS03ECAL-MJ03E-06-BOTPTA302,press_trans_temp,press_trans_temp,,,AUX,deg_C,RS03ECAL,MJ03E,BOTPT
RS03ECAL-MJ03E-06-BOTPTA302,heat_x_tilt,heat_x_tilt,,,AUX,degrees,RS03ECAL,MJ03E,BOTPT
RS03ECAL-MJ03E-06-BOTPTA302,heat_y_tilt,heat_y_tilt,,,AUX,degrees,RS03ECAL,MJ03E,BOTPT
RS03ECAL-MJ03E-06-BOTPTA302,iris_x_tilt,iris_x_tilt,,,AUX,degrees,RS03ECAL,MJ03E,BOTPT
RS03ECAL-MJ03E-06-BOTPTA302,iris_y_tilt,iris_y_tilt,,,AUX,degrees,RS03ECAL,MJ03E,BOTPT
RS03ECAL-MJ03E-06-BOTPTA302,bottom_pressure,bottom_pressure,1500,3200,L1,psia,RS03ECAL,MJ03E,BOTPT
RS03ECAL-MJ03E-06-BOTPTA302,lily_temp,lily_temp,,,AUX,deg_C,RS03ECAL,MJ03E,BOTPT
RS03ECAL-MJ03E-06-BOTPTA302,iris_temp,iris_temp,,,AUX,deg_C,RS03ECAL,MJ03E,BOTPT
RS03ECAL-MJ03E-06-BOTPTA302,heat_temp,heat_temp,,,AUX,deg_C,RS03ECAL,MJ03E,BOTPT
RS03ECAL-MJ03E-06-BOTPTA302,ingestion_timestamp,ingestion_timestamp,,,ENG,seconds since 1900-01-01,RS03ECAL,MJ03E,BOTPT
RS03ECAL-MJ03E-06-BOTPTA302,date_time_string,date_time_string,,,ENG,1,RS03ECAL,MJ03E,BOTPT
RS03INT1-MJ03C-05-CAMDSB303,,,,,,,RS03INT1,MJ03C,CAMDS
RS03INT1-MJ03C-05-CAMDSB303,port_timestamp,port_timestamp,,,,seconds since 1900-01-01,RS03INT1,MJ03C,CAMDS
RS03INT1-MJ03C-05-CAMDSB303,driver_timestamp,driver_timestamp,,,,seconds since 1900-01-01,RS03INT1,MJ03C,CAMDS
RS03INT1-MJ03C-05-CAMDSB303,internal_timestamp,internal_timestamp,,,,seconds since 1900-01-01,RS03INT1,MJ03C,CAMDS
RS03INT1-MJ03C-05-CAMDSB303,preferred_timestamp,preferred_timestamp,,,,1,RS03INT1,MJ03C,CAMDS
RS03INT1-MJ03C-05-CAMDSB303,camds_pan_position,camds_pan_position,,,,degrees,RS03INT1,MJ03C,CAMDS
RS03INT1-MJ03C-05-CAMDSB303,camds_tilt_position,camds_tilt_position,,,,degrees,RS03INT1,MJ03C,CAMDS
RS03INT1-MJ03C-05-CAMDSB303,camds_focus_position,camds_focus_position,,,,1,RS03INT1,MJ03C,CAMDS
RS03INT1-MJ03C-05-CAMDSB303,camds_zoom_position,camds_zoom_position,,,,1,RS03INT1,MJ03C,CAMDS
RS03INT1-MJ03C-05-CAMDSB303,camds_iris_position,camds_iris_position,,,,1,RS03INT1,MJ03C,CAMDS
RS03INT1-MJ03C-05-CAMDSB303,camds_gain,camds_gain,,,,1,RS03INT1,MJ03C,CAMDS
RS03INT1-MJ03C-05-CAMDSB303,camds_resolution,camds_resolution,,,,1,RS03INT1,MJ03C,CAMDS
RS03INT1-MJ03C-05-CAMDSB303,camds_brightness,camds_brightness,,,,1,RS03INT1,MJ03C,CAMDS
RS03INT1-MJ03C-05-CAMDSB303,camds_temp,camds_temp,,,,DegreesC,RS03INT1,MJ03C,CAMDS
RS03INT1-MJ03C-05-CAMDSB303,camds_humidity,camds_humidity,,,,percent,RS03INT1,MJ03C,CAMDS
RS03INT1-MJ03C-05-CAMDSB303,camds_error,camds_error,,,,1,RS03INT1,MJ03C,CAMDS
RS03INT1-MJ03C-05-CAMDSB303,camds_disk_size,camds_disk_size,,,,MB,RS03INT1,MJ03C,CAMDS
RS03INT1-MJ03C-05-CAMDSB303,camds_disk_remaining,camds_disk_remaining,,,,%,RS03INT1,MJ03C,CAMDS
RS03INT1-MJ03C-05-CAMDSB303,camds_images_remaining,camds_images_remaining,,,,counts,RS03INT1,MJ03C,CAMDS
RS03INT1-MJ03C-05-CAMDSB303,camds_images_on_disk,camds_images_on_disk,,,,counts,RS03INT1,MJ03C,CAMDS
RS03INT1-MJ03C-05-CAMDSB303,raw,raw,,,,,RS03INT1,MJ03C,CAMDS
RS03INT1-MJ03C-05-CAMDSB303,time,time,,,,seconds since 1900-01-01,RS03INT1,MJ03C,CAMDS
RS03INT1-MJ03C-05-CAMDSB303,ingestion_timestamp,ingestion_timestamp,,,,seconds since 1900-01-01,RS03INT1,MJ03C,CAMDS
RS03INT1-MJ03C-06-MASSPA301,,,,,,,RS03INT1,MJ03C,MASSP
RS03INT1-MJ03C-06-MASSPA301,port_timestamp,port_timestamp,,,,seconds since 1900-01-01,RS03INT1,MJ03C,MASSP
RS03INT1-MJ03C-06-MASSPA301,driver_timestamp,driver_timestamp,,,,seconds since 1900-01-01,RS03INT1,MJ03C,MASSP
RS03INT1-MJ03C-06-MASSPA301,internal_timestamp,internal_timestamp,,,,seconds since 1900-01-01,RS03INT1,MJ03C,MASSP
RS03INT1-MJ03C-06-MASSPA301,massp_rga_current,massp_rga_current,,,,A,RS03INT1,MJ03C,MASSP
RS03INT1-MJ03C-06-MASSPA301,massp_turbo_current,massp_turbo_current,,,,A,RS03INT1,MJ03C,MASSP
RS03INT1-MJ03C-06-MASSPA301,massp_heater_current,massp_heater_current,,,,A,RS03INT1,MJ03C,MASSP
RS03INT1-MJ03C-06-MASSPA301,massp_roughing_current,massp_roughing_current,,,,A,RS03INT1,MJ03C,MASSP
RS03INT1-MJ03C-06-MASSPA301,massp_fan_current,massp_fan_current,,,,A,RS03INT1,MJ03C,MASSP
RS03INT1-MJ03C-06-MASSPA301,massp_sbe_current,massp_sbe_current,,,,A,RS03INT1,MJ03C,MASSP
RS03INT1-MJ03C-06-MASSPA301,massp_converter_24v_main,massp_converter_24v_main,,,,1,RS03INT1,MJ03C,MASSP
RS03INT1-MJ03C-06-MASSPA301,massp_converter_12v_main,massp_converter_12v_main,,,,1,RS03INT1,MJ03C,MASSP
RS03INT1-MJ03C-06-MASSPA301,massp_converter_24v_sec,massp_converter_24v_sec,,,,1,RS03INT1,MJ03C,MASSP
RS03INT1-MJ03C-06-MASSPA301,massp_converter_12v_sec,massp_converter_12v_sec,,,,1,RS03INT1,MJ03C,MASSP
RS03INT1-MJ03C-06-MASSPA301,massp_valve_current,massp_valve_current,,,,A,RS03INT1,MJ03C,MASSP
RS03INT1-MJ03C-06-MASSPA301,massp_pressure_p1,massp_pressure_p1,,,,kPa,RS03INT1,MJ03C,MASSP
RS03INT1-MJ03C-06-MASSPA301,massp_pressure_p2,massp_pressure_p2,,,,kPa,RS03INT1,MJ03C,MASSP
RS03INT1-MJ03C-06-MASSPA301,massp_pressure_p3,massp_pressure_p3,,,,kPa,RS03INT1,MJ03C,MASSP
RS03INT1-MJ03C-06-MASSPA301,massp_pressure_p4,massp_pressure_p4,,,,kPa,RS03INT1,MJ03C,MASSP
RS03INT1-MJ03C-06-MASSPA301,massp_housing_pressure,massp_housing_pressure,,,,kPa,RS03INT1,MJ03C,MASSP
RS03INT1-MJ03C-06-MASSPA301,massp_housing_humidity,massp_housing_humidity,,,,%,RS03INT1,MJ03C,MASSP
RS03INT1-MJ03C-06-MASSPA301,massp_temp_main_control,massp_temp_main_control,,,,degrees C,RS03INT1,MJ03C,MASSP
RS03INT1-MJ03C-06-MASSPA301,massp_temp_main_rough,massp_temp_main_rough,,,,degrees C,RS03INT1,MJ03C,MASSP
RS03INT1-MJ03C-06-MASSPA301,massp_temp_sec_rough,massp_temp_sec_rough,,,,degrees C,RS03INT1,MJ03C,MASSP
RS03INT1-MJ03C-06-MASSPA301,massp_temp_main_24v,massp_temp_main_24v,,,,degrees C,RS03INT1,MJ03C,MASSP
RS03INT1-MJ03C-06-MASSPA301,massp_temp_sec_24v,massp_temp_sec_24v,,,,degrees C,RS03INT1,MJ03C,MASSP
RS03INT1-MJ03C-06-MASSPA301,massp_temp_analyzer,massp_temp_analyzer,,,,degrees C,RS03INT1,MJ03C,MASSP
RS03INT1-MJ03C-06-MASSPA301,massp_temp_nafion,massp_temp_nafion,,,,degrees C,RS03INT1,MJ03C,MASSP
RS03INT1-MJ03C-06-MASSPA301,massp_temp_ion,massp_temp_ion,,,,degrees C,RS03INT1,MJ03C,MASSP
RS03INT1-MJ03C-06-MASSPA301,massp_ph_meter_value,massp_ph_meter_value,,,,1,RS03INT1,MJ03C,MASSP
RS03INT1-MJ03C-06-MASSPA301,massp_inlet_temp_value,massp_inlet_temp_value,,,,degrees C,RS03INT1,MJ03C,MASSP
RS03INT1-MJ03C-06-MASSPA301,massp_ph_meter_status,massp_ph_meter_status,,,,1,RS03INT1,MJ03C,MASSP
RS03INT1-MJ03C-06-MASSPA301,massp_inlet_temp_status,massp_inlet_temp_status,,,,1,RS03INT1,MJ03C,MASSP
RS03INT1-MJ03C-06-MASSPA301,massp_power_relay_turbo,massp_power_relay_turbo,,,,1,RS03INT1,MJ03C,MASSP
RS03INT1-MJ03C-06-MASSPA301,massp_power_relay_rga,massp_power_relay_rga,,,,1,RS03INT1,MJ03C,MASSP
RS03INT1-MJ03C-06-MASSPA301,massp_power_relay_main_rough,massp_power_relay_main_rough,,,,1,RS03INT1,MJ03C,MASSP
RS03INT1-MJ03C-06-MASSPA301,massp_power_relay_sec_rough,massp_power_relay_sec_rough,,,,1,RS03INT1,MJ03C,MASSP
RS03INT1-MJ03C-06-MASSPA301,massp_power_relay_fan1,massp_power_relay_fan1,,,,1,RS03INT1,MJ03C,MASSP
RS03INT1-MJ03C-06-MASSPA301,massp_power_relay_fan2,massp_power_relay_fan2,,,,1,RS03INT1,MJ03C,MASSP
RS03INT1-MJ03C-06-MASSPA301,massp_power_relay_fan3,massp_power_relay_fan3,,,,1,RS03INT1,MJ03C,MASSP
RS03INT1-MJ03C-06-MASSPA301,massp_power_relay_fan4,massp_power_relay_fan4,,,,1,RS03INT1,MJ03C,MASSP
RS03INT1-MJ03C-06-MASSPA301,massp_power_relay_aux2,massp_power_relay_aux2,,,,1,RS03INT1,MJ03C,MASSP
RS03INT1-MJ03C-06-MASSPA301,massp_power_relay_ph,massp_power_relay_ph,,,,1,RS03INT1,MJ03C,MASSP
RS03INT1-MJ03C-06-MASSPA301,massp_power_relay_pump,massp_power_relay_pump,,,,1,RS03INT1,MJ03C,MASSP
RS03INT1-MJ03C-06-MASSPA301,massp_power_relay_heaters,massp_power_relay_heaters,,,,1,RS03INT1,MJ03C,MASSP
RS03INT1-MJ03C-06-MASSPA301,massp_power_relay_aux1,massp_power_relay_aux1,,,,1,RS03INT1,MJ03C,MASSP
RS03INT1-MJ03C-06-MASSPA301,massp_sample_valve1,massp_sample_valve1,,,,1,RS03INT1,MJ03C,MASSP
RS03INT1-MJ03C-06-MASSPA301,massp_sample_valve2,massp_sample_valve2,,,,1,RS03INT1,MJ03C,MASSP
RS03INT1-MJ03C-06-MASSPA301,massp_sample_valve3,massp_sample_valve3,,,,1,RS03INT1,MJ03C,MASSP
RS03INT1-MJ03C-06-MASSPA301,massp_sample_valve4,massp_sample_valve4,,,,1,RS03INT1,MJ03C,MASSP
RS03INT1-MJ03C-06-MASSPA301,massp_ground_relay_status,massp_ground_relay_status,,,,1,RS03INT1,MJ03C,MASSP
RS03INT1-MJ03C-06-MASSPA301,massp_external_valve1_status,massp_external_valve1_status,,,,1,RS03INT1,MJ03C,MASSP
RS03INT1-MJ03C-06-MASSPA301,massp_external_valve2_status,massp_external_valve2_status,,,,1,RS03INT1,MJ03C,MASSP
RS03INT1-MJ03C-06-MASSPA301,massp_external_valve3_status,massp_external_valve3_status,,,,1,RS03INT1,MJ03C,MASSP
RS03INT1-MJ03C-06-MASSPA301,massp_external_valve4_status,massp_external_valve4_status,,,,1,RS03INT1,MJ03C,MASSP
RS03INT1-MJ03C-06-MASSPA301,massp_cal_bag1_minutes,massp_cal_bag1_minutes,,,,minutes,RS03INT1,MJ03C,MASSP
RS03INT1-MJ03C-06-MASSPA301,massp_cal_bag2_minutes,massp_cal_bag2_minutes,,,,minutes,RS03INT1,MJ03C,MASSP
RS03INT1-MJ03C-06-MASSPA301,massp_cal_bag3_minutes,massp_cal_bag3_minutes,,,,minutes,RS03INT1,MJ03C,MASSP
RS03INT1-MJ03C-06-MASSPA301,massp_nafion_heater_status,massp_nafion_heater_status,,,,1,RS03INT1,MJ03C,MASSP
RS03INT1-MJ03C-06-MASSPA301,massp_nafion_heater1_power,massp_nafion_heater1_power,,,,1,RS03INT1,MJ03C,MASSP
RS03INT1-MJ03C-06-MASSPA301,massp_nafion_heater2_power,massp_nafion_heater2_power,,,,1,RS03INT1,MJ03C,MASSP
RS03INT1-MJ03C-06-MASSPA301,massp_nafion_core_temp,massp_nafion_core_temp,,,,degress C,RS03INT1,MJ03C,MASSP
RS03INT1-MJ03C-06-MASSPA301,massp_nafion_elapsed_time,massp_nafion_elapsed_time,,,,seconds,RS03INT1,MJ03C,MASSP
RS03INT1-MJ03C-06-MASSPA301,massp_ion_chamber_heater_status,massp_ion_chamber_heater_status,,,,1,RS03INT1,MJ03C,MASSP
RS03INT1-MJ03C-06-MASSPA301,massp_ion_chamber_heater1_status,massp_ion_chamber_heater1_status,,,,1,RS03INT1,MJ03C,MASSP
RS03INT1-MJ03C-06-MASSPA301,massp_ion_chamber_heater2_status,massp_ion_chamber_heater2_status,,,,1,RS03INT1,MJ03C,MASSP
RS03INT1-MJ03C-06-MASSPA301,massp_turbo_drive_current,massp_turbo_drive_current,,,,cA,RS03INT1,MJ03C,MASSP
RS03INT1-MJ03C-06-MASSPA301,massp_turbo_drive_voltage,massp_turbo_drive_voltage,,,,cV,RS03INT1,MJ03C,MASSP
RS03INT1-MJ03C-06-MASSPA301,massp_turbo_bearing_temperature,massp_turbo_bearing_temperature,,,,degrees C,RS03INT1,MJ03C,MASSP
RS03INT1-MJ03C-06-MASSPA301,massp_turbo_motor_temperature,massp_turbo_motor_temperature,,,,degrees C,RS03INT1,MJ03C,MASSP
RS03INT1-MJ03C-06-MASSPA301,massp_turbo_rotation_speed,massp_turbo_rotation_speed,,,,rpm,RS03INT1,MJ03C,MASSP
RS03INT1-MJ03C-06-MASSPA301,massp_rga_device_id,massp_rga_device_id,,,,1,RS03INT1,MJ03C,MASSP
RS03INT1-MJ03C-06-MASSPA301,massp_rga_electron_energy,massp_rga_electron_energy,,,,eV,RS03INT1,MJ03C,MASSP
RS03INT1-MJ03C-06-MASSPA301,massp_rga_ion_energy,massp_rga_ion_energy,,,,1,RS03INT1,MJ03C,MASSP
RS03INT1-MJ03C-06-MASSPA301,massp_rga_focus_voltage,massp_rga_focus_voltage,,,,V,RS03INT1,MJ03C,MASSP
RS03INT1-MJ03C-06-MASSPA301,massp_rga_filament_emission_set,massp_rga_filament_emission_set,,,,mA,RS03INT1,MJ03C,MASSP
RS03INT1-MJ03C-06-MASSPA301,massp_rga_filament_emission_actual,massp_rga_filament_emission_actual,,,,mA,RS03INT1,MJ03C,MASSP
RS03INT1-MJ03C-06-MASSPA301,massp_rga_high_voltage_cdem,massp_rga_high_voltage_cdem,,,,V,RS03INT1,MJ03C,MASSP
RS03INT1-MJ03C-06-MASSPA301,massp_rga_noise_floor,massp_rga_noise_floor,,,,1,RS03INT1,MJ03C,MASSP
RS03INT1-MJ03C-06-MASSPA301,massp_rga_error_status,massp_rga_error_status,,,,1,RS03INT1,MJ03C,MASSP
RS03INT1-MJ03C-06-MASSPA301,massp_rga_steps_per_amu,massp_rga_steps_per_amu,,,,count,RS03INT1,MJ03C,MASSP
RS03INT1-MJ03C-06-MASSPA301,massp_rga_initial_mass,massp_rga_initial_mass,,,,amu,RS03INT1,MJ03C,MASSP
RS03INT1-MJ03C-06-MASSPA301,massp_rga_final_mass,massp_rga_final_mass,,,,amu,RS03INT1,MJ03C,MASSP
RS03INT1-MJ03C-06-MASSPA301,massp_rga_readings_per_scan,massp_rga_readings_per_scan,,,,count,RS03INT1,MJ03C,MASSP
RS03INT1-MJ03C-06-MASSPA301,massp_scan_data,massp_scan_data,,,,10e-16 Amps,RS03INT1,MJ03C,MASSP
RS03INT1-MJ03C-06-MASSPA301,time,time,,,,seconds since 1900-01-01,RS03INT1,MJ03C,MASSP
RS03INT1-MJ03C-06-MASSPA301,ingestion_timestamp,ingestion_timestamp,,,,seconds since 1900-01-01,RS03INT1,MJ03C,MASSP
RS03INT1-MJ03C-07-PPSDNA301,,,,,,,RS03INT1,MJ03C,PPSDN
RS03INT1-MJ03C-07-PPSDNA301,port_timestamp,port_timestamp,,,ENG,seconds since 1900-01-01,RS03INT1,MJ03C,PPSDN
RS03INT1-MJ03C-07-PPSDNA301,port_number,port_number,,,AUX,1,RS03INT1,MJ03C,PPSDN
RS03INT1-MJ03C-07-PPSDNA301,port_number,port_number,,,ENG,1,RS03INT1,MJ03C,PPSDN
RS03INT1-MJ03C-07-PPSDNA301,commanded_volume,commanded_volume,,,ENG,mL,RS03INT1,MJ03C,PPSDN
RS03INT1-MJ03C-07-PPSDNA301,commanded_flowrate,commanded_flowrate,,,ENG,mL/min,RS03INT1,MJ03C,PPSDN
RS03INT1-MJ03C-07-PPSDNA301,commanded_min_flowrate,commanded_min_flowrate,,,ENG,mL/min,RS03INT1,MJ03C,PPSDN
RS03INT1-MJ03C-07-PPSDNA301,commanded_timelimit,commanded_timelimit,,,ENG,min,RS03INT1,MJ03C,PPSDN
RS03INT1-MJ03C-07-PPSDNA301,cumulative_volume,cumulative_volume,,,ENG,mL,RS03INT1,MJ03C,PPSDN
RS03INT1-MJ03C-07-PPSDNA301,flowrate,flowrate,,,ENG,mL/min,RS03INT1,MJ03C,PPSDN
RS03INT1-MJ03C-07-PPSDNA301,minimum_flowrate,minimum_flowrate,,,ENG,mL/min,RS03INT1,MJ03C,PPSDN
RS03INT1-MJ03C-07-PPSDNA301,elapsed_time,elapsed_time,,,ENG,s,RS03INT1,MJ03C,PPSDN
RS03INT1-MJ03C-07-PPSDNA301,sampling_status_code,sampling_status_code,,,AUX,1,RS03INT1,MJ03C,PPSDN
RS03INT1-MJ03C-07-PPSDNA301,driver_timestamp,driver_timestamp,,,ENG,seconds since 1900-01-01,RS03INT1,MJ03C,PPSDN
RS03INT1-MJ03C-07-PPSDNA301,internal_timestamp,internal_timestamp,,,ENG,seconds since 1900-01-01,RS03INT1,MJ03C,PPSDN
RS03INT1-MJ03C-07-PPSDNA301,m_depth,m_depth,,,AUX,m,RS03INT1,MJ03C,PPSDN
RS03INT1-MJ03C-07-PPSDNA301,preferred_timestamp,preferred_timestamp,,,ENG,1,RS03INT1,MJ03C,PPSDN
RS03INT1-MJ03C-07-PPSDNA301,serial_number,serial_number,,,ENG,1,RS03INT1,MJ03C,PPSDN
RS03INT1-MJ03C-07-PPSDNA301,start_time,start_time,,,AUX,1,RS03INT1,MJ03C,PPSDN
RS03INT1-MJ03C-07-PPSDNA301,stop_time,stop_time,,,AUX,1,RS03INT1,MJ03C,PPSDN
RS03INT1-MJ03C-07-PPSDNA301,ncbi_sequence_read_archive_url,ncbi_sequence_read_archive_url,,,L1,1,RS03INT1,MJ03C,PPSDN
RS03INT1-MJ03C-07-PPSDNA301,fasta_url,fasta_url,,,L2,1,RS03INT1,MJ03C,PPSDN
RS03INT1-MJ03C-07-PPSDNA301,vamps_url,vamps_url,,,L2,1,RS03INT1,MJ03C,PPSDN
RS03INT1-MJ03C-07-PPSDNA301,battery_voltage,battery_voltage,,,ENG,V,RS03INT1,MJ03C,PPSDN
RS03INT1-MJ03C-07-PPSDNA301,time,time,,,,seconds since 1900-01-01,RS03INT1,MJ03C,PPSDN
RS03INT1-MJ03C-07-PPSDNA301,time,time,,,ENG,seconds since 1900-01-01,RS03INT1,MJ03C,PPSDN
RS03INT1-MJ03C-07-PPSDNA301,lat,lat,,,AUX,degree_north,RS03INT1,MJ03C,PPSDN
RS03INT1-MJ03C-07-PPSDNA301,identification_string,identification_string,,,ENG,1,RS03INT1,MJ03C,PPSDN
RS03INT1-MJ03C-07-PPSDNA301,ingestion_timestamp,ingestion_timestamp,,,,seconds since 1900-01-01,RS03INT1,MJ03C,PPSDN
RS03INT1-MJ03C-07-PPSDNA301,ingestion_timestamp,ingestion_timestamp,,,ENG,seconds since 1900-01-01,RS03INT1,MJ03C,PPSDN
RS03INT1-MJ03C-07-PPSDNA301,lon,lon,,,AUX,degree_east,RS03INT1,MJ03C,PPSDN
RS03INT1-MJ03C-07-PPSDNA301,date_time_string,date_time_string,,,ENG,1,RS03INT1,MJ03C,PPSDN
RS03INT1-MJ03C-07-RASFLA301,,,,,L2,,RS03INT1,MJ03C,RASFL
RS03INT1-MJ03C-07-RASFLA301,port_timestamp,port_timestamp,,,ENG,seconds since 1900-01-01,RS03INT1,MJ03C,RASFL
RS03INT1-MJ03C-07-RASFLA301,temperature1,temperature1,0,400,L1,deg_C,RS03INT1,MJ03C,RASFL
RS03INT1-MJ03C-07-RASFLA301,temperature2,temperature2,0,400,L1,deg_C,RS03INT1,MJ03C,RASFL
RS03INT1-MJ03C-07-RASFLA301,temperature3,temperature3,0,400,L1,deg_C,RS03INT1,MJ03C,RASFL
RS03INT1-MJ03C-07-RASFLA301,port_number,port_number,,,AUX,1,RS03INT1,MJ03C,RASFL
RS03INT1-MJ03C-07-RASFLA301,port_number,port_number,,,ENG,1,RS03INT1,MJ03C,RASFL
RS03INT1-MJ03C-07-RASFLA301,commanded_volume,commanded_volume,,,ENG,mL,RS03INT1,MJ03C,RASFL
RS03INT1-MJ03C-07-RASFLA301,commanded_flowrate,commanded_flowrate,,,ENG,mL/min,RS03INT1,MJ03C,RASFL
RS03INT1-MJ03C-07-RASFLA301,commanded_min_flowrate,commanded_min_flowrate,,,ENG,mL/min,RS03INT1,MJ03C,RASFL
RS03INT1-MJ03C-07-RASFLA301,commanded_timelimit,commanded_timelimit,,,ENG,min,RS03INT1,MJ03C,RASFL
RS03INT1-MJ03C-07-RASFLA301,cumulative_volume,cumulative_volume,,,ENG,mL,RS03INT1,MJ03C,RASFL
RS03INT1-MJ03C-07-RASFLA301,flowrate,flowrate,,,ENG,mL/min,RS03INT1,MJ03C,RASFL
RS03INT1-MJ03C-07-RASFLA301,minimum_flowrate,minimum_flowrate,,,ENG,mL/min,RS03INT1,MJ03C,RASFL
RS03INT1-MJ03C-07-RASFLA301,elapsed_time,elapsed_time,,,ENG,s,RS03INT1,MJ03C,RASFL
RS03INT1-MJ03C-07-RASFLA301,sampling_status_code,sampling_status_code,,,AUX,1,RS03INT1,MJ03C,RASFL
RS03INT1-MJ03C-07-RASFLA301,driver_timestamp,driver_timestamp,,,ENG,seconds since 1900-01-01,RS03INT1,MJ03C,RASFL
RS03INT1-MJ03C-07-RASFLA301,internal_timestamp,internal_timestamp,,,ENG,seconds since 1900-01-01,RS03INT1,MJ03C,RASFL
RS03INT1-MJ03C-07-RASFLA301,m_depth,m_depth,,,AUX,m,RS03INT1,MJ03C,RASFL
RS03INT1-MJ03C-07-RASFLA301,preferred_timestamp,preferred_timestamp,,,ENG,1,RS03INT1,MJ03C,RASFL
RS03INT1-MJ03C-07-RASFLA301,serial_number,serial_number,,,ENG,1,RS03INT1,MJ03C,RASFL
RS03INT1-MJ03C-07-RASFLA301,start_time,start_time,,,AUX,1,RS03INT1,MJ03C,RASFL
RS03INT1-MJ03C-07-RASFLA301,stop_time,stop_time,,,AUX,1,RS03INT1,MJ03C,RASFL
RS03INT1-MJ03C-07-RASFLA301,acidity,acidity,,,L1,pH,RS03INT1,MJ03C,RASFL
RS03INT1-MJ03C-07-RASFLA301,alkalinity,alkalinity,,,L1,meq/kg,RS03INT1,MJ03C,RASFL
RS03INT1-MJ03C-07-RASFLA301,hydrogen_sulfide_concentration,hydrogen_sulfide_concentration,,,L1,mmol/kg,RS03INT1,MJ03C,RASFL
RS03INT1-MJ03C-07-RASFLA301,silicon_concentration,silicon_concentration,,,L1,mmol/kg,RS03INT1,MJ03C,RASFL
RS03INT1-MJ03C-07-RASFLA301,ammonia_concentration,ammonia_concentration,,,L1,mmol/kg,RS03INT1,MJ03C,RASFL
RS03INT1-MJ03C-07-RASFLA301,chloride_concentration,chloride_concentration,,,L1,mmol/kg,RS03INT1,MJ03C,RASFL
RS03INT1-MJ03C-07-RASFLA301,sulfate_concentration,sulfate_concentration,,,L1,mmol/kg,RS03INT1,MJ03C,RASFL
RS03INT1-MJ03C-07-RASFLA301,sodium_concentration,sodium_concentration,,,L1,mmol/kg,RS03INT1,MJ03C,RASFL
RS03INT1-MJ03C-07-RASFLA301,potassium_concentration,potassium_concentration,,,L1,mmol/kg,RS03INT1,MJ03C,RASFL
RS03INT1-MJ03C-07-RASFLA301,magnesium_concentration,magnesium_concentration,,,L1,mmol/kg,RS03INT1,MJ03C,RASFL
RS03INT1-MJ03C-07-RASFLA301,calcium_concentration,calcium_concentration,,,L1,mmol/kg,RS03INT1,MJ03C,RASFL
RS03INT1-MJ03C-07-RASFLA301,bromide_concentration,bromide_concentration,,,L1,umol/kg,RS03INT1,MJ03C,RASFL
RS03INT1-MJ03C-07-RASFLA301,iron_concentration,iron_concentration,,,L1,umol/kg,RS03INT1,MJ03C,RASFL
RS03INT1-MJ03C-07-RASFLA301,manganese_concentration,manganese_concentration,,,L1,umol/kg,RS03INT1,MJ03C,RASFL
RS03INT1-MJ03C-07-RASFLA301,lithium_concentration,lithium_concentration,,,L1,umol/kg,RS03INT1,MJ03C,RASFL
RS03INT1-MJ03C-07-RASFLA301,strontium_icpaes_concentration,strontium_icpaes_concentration,,,L1,umol/kg,RS03INT1,MJ03C,RASFL
RS03INT1-MJ03C-07-RASFLA301,boron_concentration,boron_concentration,,,L1,umol/kg,RS03INT1,MJ03C,RASFL
RS03INT1-MJ03C-07-RASFLA301,rubidium_concentration,rubidium_concentration,,,L1,umol/kg,RS03INT1,MJ03C,RASFL
RS03INT1-MJ03C-07-RASFLA301,cesium_concentration,cesium_concentration,,,L1,nmol/kg,RS03INT1,MJ03C,RASFL
RS03INT1-MJ03C-07-RASFLA301,strontium_icpms_concentration,strontium_icpms_concentration,,,L1,umol/kg,RS03INT1,MJ03C,RASFL
RS03INT1-MJ03C-07-RASFLA301,barium_concentration,barium_concentration,,,L1,nmol/kg,RS03INT1,MJ03C,RASFL
RS03INT1-MJ03C-07-RASFLA301,cobalt_concentration,cobalt_concentration,,,L1,nmol/kg,RS03INT1,MJ03C,RASFL
RS03INT1-MJ03C-07-RASFLA301,nickel_concentration,nickel_concentration,,,L1,nmol/kg,RS03INT1,MJ03C,RASFL
RS03INT1-MJ03C-07-RASFLA301,copper_concentration,copper_concentration,,,L1,nmol/kg,RS03INT1,MJ03C,RASFL
RS03INT1-MJ03C-07-RASFLA301,zinc_concentration,zinc_concentration,,,L1,nmol/kg,RS03INT1,MJ03C,RASFL
RS03INT1-MJ03C-07-RASFLA301,molybdenum_concentration,molybdenum_concentration,,,L1,nmol/kg,RS03INT1,MJ03C,RASFL
RS03INT1-MJ03C-07-RASFLA301,silver_concentration,silver_concentration,,,L1,nmol/kg,RS03INT1,MJ03C,RASFL
RS03INT1-MJ03C-07-RASFLA301,cadmium_concentration,cadmium_concentration,,,L1,nmol/kg,RS03INT1,MJ03C,RASFL
RS03INT1-MJ03C-07-RASFLA301,titanium_concentration,titanium_concentration,,,L1,nmol/kg,RS03INT1,MJ03C,RASFL
RS03INT1-MJ03C-07-RASFLA301,aluminum_concentration,aluminum_concentration,,,L1,nmol/kg,RS03INT1,MJ03C,RASFL
RS03INT1-MJ03C-07-RASFLA301,lead_concentration,lead_concentration,,,L1,nmol/kg,RS03INT1,MJ03C,RASFL
RS03INT1-MJ03C-07-RASFLA301,vanadium_concentration,vanadium_concentration,,,L1,nmol/kg,RS03INT1,MJ03C,RASFL
RS03INT1-MJ03C-07-RASFLA301,uranium_concentration,uranium_concentration,,,L1,nmol/kg,RS03INT1,MJ03C,RASFL
RS03INT1-MJ03C-07-RASFLA301,yttrium_concentration,yttrium_concentration,,,L1,nmol/kg,RS03INT1,MJ03C,RASFL
RS03INT1-MJ03C-07-RASFLA301,gadolinium_concentration,gadolinium_concentration,,,L1,nmol/kg,RS03INT1,MJ03C,RASFL
RS03INT1-MJ03C-07-RASFLA301,battery_voltage,battery_voltage,,,ENG,V,RS03INT1,MJ03C,RASFL
RS03INT1-MJ03C-07-RASFLA301,temp,temp,-2,40,L1,deg_C,RS03INT1,MJ03C,RASFL
RS03INT1-MJ03C-07-RASFLA301,time,time,,,ENG,seconds since 1900-01-01,RS03INT1,MJ03C,RASFL
RS03INT1-MJ03C-07-RASFLA301,time,time,,,L1,seconds since 1900-01-01,RS03INT1,MJ03C,RASFL
RS03INT1-MJ03C-07-RASFLA301,lat,lat,,,AUX,degree_north,RS03INT1,MJ03C,RASFL
RS03INT1-MJ03C-07-RASFLA301,identification_string,identification_string,,,ENG,1,RS03INT1,MJ03C,RASFL
RS03INT1-MJ03C-07-RASFLA301,ingestion_timestamp,ingestion_timestamp,,,ENG,seconds since 1900-01-01,RS03INT1,MJ03C,RASFL
RS03INT1-MJ03C-07-RASFLA301,lon,lon,,,AUX,degree_east,RS03INT1,MJ03C,RASFL
RS03INT1-MJ03C-07-RASFLA301,date_time_string,date_time_string,,,ENG,1,RS03INT1,MJ03C,RASFL
RS03INT1-MJ03C-09-THSPHA301,port_timestamp,port_timestamp,,,ENG,seconds since 1900-01-01,RS03INT1,MJ03C,THSPH
RS03INT1-MJ03C-09-THSPHA301,driver_timestamp,driver_timestamp,,,ENG,seconds since 1900-01-01,RS03INT1,MJ03C,THSPH
RS03INT1-MJ03C-09-THSPHA301,internal_timestamp,internal_timestamp,,,ENG,seconds since 1900-01-01,RS03INT1,MJ03C,THSPH
RS03INT1-MJ03C-09-THSPHA301,thsph_hie1,thsph_hie1,,,L0,counts,RS03INT1,MJ03C,THSPH
RS03INT1-MJ03C-09-THSPHA301,thsph_hie2,thsph_hie2,,,L0,counts,RS03INT1,MJ03C,THSPH
RS03INT1-MJ03C-09-THSPHA301,thsph_h2electrode,thsph_h2electrode,,,L0,counts,RS03INT1,MJ03C,THSPH
RS03INT1-MJ03C-09-THSPHA301,thsph_s2electrode,thsph_s2electrode,,,L0,counts,RS03INT1,MJ03C,THSPH
RS03INT1-MJ03C-09-THSPHA301,thsph_thermocouple1,thsph_thermocouple1,,,L0,counts,RS03INT1,MJ03C,THSPH
RS03INT1-MJ03C-09-THSPHA301,thsph_thermocouple2,thsph_thermocouple2,,,L0,counts,RS03INT1,MJ03C,THSPH
RS03INT1-MJ03C-09-THSPHA301,thsph_rthermistor,thsph_rthermistor,,,L0,counts,RS03INT1,MJ03C,THSPH
RS03INT1-MJ03C-09-THSPHA301,thsph_bthermistor,thsph_bthermistor,,,L0,counts,RS03INT1,MJ03C,THSPH
RS03INT1-MJ03C-09-THSPHA301,thsph_temp_th,thsph_temp_th,0,400,L1,deg_C,RS03INT1,MJ03C,THSPH
RS03INT1-MJ03C-09-THSPHA301,thsph_temp_tl,thsph_temp_tl,0,400,L1,deg_C,RS03INT1,MJ03C,THSPH
RS03INT1-MJ03C-09-THSPHA301,thsph_temp_tch,thsph_temp_tch,0,400,L1,deg_C,RS03INT1,MJ03C,THSPH
RS03INT1-MJ03C-09-THSPHA301,thsph_temp_tcl,thsph_temp_tcl,0,400,L1,deg_C,RS03INT1,MJ03C,THSPH
RS03INT1-MJ03C-09-THSPHA301,thsph_temp_int,thsph_temp_int,0,400,L1,deg_C,RS03INT1,MJ03C,THSPH
RS03INT1-MJ03C-09-THSPHA301,thsph_temp_ref,thsph_temp_ref,0,400,L1,deg_C,RS03INT1,MJ03C,THSPH
RS03INT1-MJ03C-09-THSPHA301,thsph_ph,thsph_ph,7.3,8.5,L2,1,RS03INT1,MJ03C,THSPH
RS03INT1-MJ03C-09-THSPHA301,thsph_ph_acl,thsph_ph_acl,7.3,8.5,L2,1,RS03INT1,MJ03C,THSPH
RS03INT1-MJ03C-09-THSPHA301,thsph_ph_noref,thsph_ph_noref,7.3,8.5,L2,1,RS03INT1,MJ03C,THSPH
RS03INT1-MJ03C-09-THSPHA301,thsph_ph_noref_acl,thsph_ph_noref_acl,7.3,8.5,L2,1,RS03INT1,MJ03C,THSPH
RS03INT1-MJ03C-09-THSPHA301,thsph_sulfide,thsph_sulfide,0,600,L2,mmol kg-1,RS03INT1,MJ03C,THSPH
RS03INT1-MJ03C-09-THSPHA301,thsph_hydrogen,thsph_hydrogen,0,600,L2,mmol kg-1,RS03INT1,MJ03C,THSPH
RS03INT1-MJ03C-09-THSPHA301,time,time,,,ENG,seconds since 1900-01-01,RS03INT1,MJ03C,THSPH
RS03INT1-MJ03C-09-THSPHA301,ingestion_timestamp,ingestion_timestamp,,,ENG,seconds since 1900-01-01,RS03INT1,MJ03C,THSPH
RS03INT1-MJ03C-10-TRHPHA301,port_timestamp,port_timestamp,,,,seconds since 1900-01-01,RS03INT1,MJ03C,TRHPH
RS03INT1-MJ03C-10-TRHPHA301,driver_timestamp,driver_timestamp,,,,seconds since 1900-01-01,RS03INT1,MJ03C,TRHPH
RS03INT1-MJ03C-10-TRHPHA301,internal_timestamp,internal_timestamp,,,,seconds since 1900-01-01,RS03INT1,MJ03C,TRHPH
RS03INT1-MJ03C-10-TRHPHA301,trhph_thermistor_temp,trhph_thermistor_temp,,,L1,deg_C,RS03INT1,MJ03C,TRHPH
RS03INT1-MJ03C-10-TRHPHA301,resistivity_5,resistivity_5,,,L0,V,RS03INT1,MJ03C,TRHPH
RS03INT1-MJ03C-10-TRHPHA301,resistivity_x1,resistivity_x1,,,L0,V,RS03INT1,MJ03C,TRHPH
RS03INT1-MJ03C-10-TRHPHA301,resistivity_x5,resistivity_x5,,,L0,V,RS03INT1,MJ03C,TRHPH
RS03INT1-MJ03C-10-TRHPHA301,hydrogen_5,hydrogen_5,,,,V,RS03INT1,MJ03C,TRHPH
RS03INT1-MJ03C-10-TRHPHA301,hydrogen_x1,hydrogen_x1,,,,V,RS03INT1,MJ03C,TRHPH
RS03INT1-MJ03C-10-TRHPHA301,hydrogen_x5,hydrogen_x5,,,,V,RS03INT1,MJ03C,TRHPH
RS03INT1-MJ03C-10-TRHPHA301,eh_sensor,eh_sensor,,,L0,V,RS03INT1,MJ03C,TRHPH
RS03INT1-MJ03C-10-TRHPHA301,ref_temp_volts,ref_temp_volts,,,L0,V,RS03INT1,MJ03C,TRHPH
RS03INT1-MJ03C-10-TRHPHA301,ref_temp_degc,ref_temp_degc,,,,deg_C,RS03INT1,MJ03C,TRHPH
RS03INT1-MJ03C-10-TRHPHA301,resistivity_temp_volts,resistivity_temp_volts,,,L0,V,RS03INT1,MJ03C,TRHPH
RS03INT1-MJ03C-10-TRHPHA301,resistivity_temp_degc,resistivity_temp_degc,,,,deg_C,RS03INT1,MJ03C,TRHPH
RS03INT1-MJ03C-10-TRHPHA301,battery_voltage,battery_voltage,,,,V,RS03INT1,MJ03C,TRHPH
RS03INT1-MJ03C-10-TRHPHA301,time,time,,,,seconds since 1900-01-01,RS03INT1,MJ03C,TRHPH
RS03INT1-MJ03C-10-TRHPHA301,ingestion_timestamp,ingestion_timestamp,,,,seconds since 1900-01-01,RS03INT1,MJ03C,TRHPH
RS03INT1-MJ03C-10-TRHPHA301,vent_fluid_temperaure,vent_fluid_temperaure,0,400,L1,deg_C,RS03INT1,MJ03C,TRHPH
RS03INT1-MJ03C-10-TRHPHA301,vent_fluid_chloride_conc,vent_fluid_chloride_conc,0,600,L2,mmol kg-1,RS03INT1,MJ03C,TRHPH
RS03INT1-MJ03C-10-TRHPHA301,vent_fluid_orp,vent_fluid_orp,,,L1,mV,RS03INT1,MJ03C,TRHPH
RS03INT2-MJ03D-06-BOTPTA303,port_timestamp,port_timestamp,,,ENG,seconds since 1900-01-01,RS03INT2,MJ03D,BOTPT
RS03INT2-MJ03D-06-BOTPTA303,driver_timestamp,driver_timestamp,,,ENG,seconds since 1900-01-01,RS03INT2,MJ03D,BOTPT
RS03INT2-MJ03D-06-BOTPTA303,corrected_compass_direction,corrected_compass_direction,0,360,L1,degrees,RS03INT2,MJ03D,BOTPT
RS03INT2-MJ03D-06-BOTPTA303,seafloor_tilt_magnitude,seafloor_tilt_magnitude,-329.999,329.999,L1,urad,RS03INT2,MJ03D,BOTPT
RS03INT2-MJ03D-06-BOTPTA303,seafloor_tilt_direction,seafloor_tilt_direction,0,360,L1,degrees,RS03INT2,MJ03D,BOTPT
RS03INT2-MJ03D-06-BOTPTA303,internal_timestamp,internal_timestamp,,,ENG,seconds since 1900-01-01,RS03INT2,MJ03D,BOTPT
RS03INT2-MJ03D-06-BOTPTA303,lily_leveling_status,lily_leveling_status,,,ENG,1,RS03INT2,MJ03D,BOTPT
RS03INT2-MJ03D-06-BOTPTA303,botpt_iris_status_01,botpt_iris_status_01,,,ENG,1,RS03INT2,MJ03D,BOTPT
RS03INT2-MJ03D-06-BOTPTA303,botpt_iris_status_02,botpt_iris_status_02,,,ENG,1,RS03INT2,MJ03D,BOTPT
RS03INT2-MJ03D-06-BOTPTA303,botpt_lily_status_01,botpt_lily_status_01,,,ENG,1,RS03INT2,MJ03D,BOTPT
RS03INT2-MJ03D-06-BOTPTA303,botpt_lily_status_02,botpt_lily_status_02,,,ENG,1,RS03INT2,MJ03D,BOTPT
RS03INT2-MJ03D-06-BOTPTA303,botpt_nano_status,botpt_nano_status,,,ENG,1,RS03INT2,MJ03D,BOTPT
RS03INT2-MJ03D-06-BOTPTA303,botpt_syst_status,botpt_syst_status,,,ENG,1,RS03INT2,MJ03D,BOTPT
RS03INT2-MJ03D-06-BOTPTA303,serial_number,serial_number,,,ENG,1,RS03INT2,MJ03D,BOTPT
RS03INT2-MJ03D-06-BOTPTA303,botsflu_time15s,botsflu_time15s,,,L2,sec since 01-01-1900,RS03INT2,MJ03D,BOTPT
RS03INT2-MJ03D-06-BOTPTA303,botsflu_meanpres,botsflu_meanpres,1500,3200,L2,psia,RS03INT2,MJ03D,BOTPT
RS03INT2-MJ03D-06-BOTPTA303,botsflu_meandepth,botsflu_meandepth,1000,2000,L2,m,RS03INT2,MJ03D,BOTPT
RS03INT2-MJ03D-06-BOTPTA303,botsflu_5minrate,botsflu_5minrate,-100,100,L2,cm min-1,RS03INT2,MJ03D,BOTPT
RS03INT2-MJ03D-06-BOTPTA303,botsflu_10minrate,botsflu_10minrate,-1000,1000,L2,cm hr-1,RS03INT2,MJ03D,BOTPT
RS03INT2-MJ03D-06-BOTPTA303,botsflu_time24h,botsflu_time24h,,,L2,sec since 01-01-1900,RS03INT2,MJ03D,BOTPT
RS03INT2-MJ03D-06-BOTPTA303,botsflu_daydepth,botsflu_daydepth,1000,2000,L2,m,RS03INT2,MJ03D,BOTPT
RS03INT2-MJ03D-06-BOTPTA303,botsflu_4wkrate,botsflu_4wkrate,-1000,1000,L2,cm yr-1,RS03INT2,MJ03D,BOTPT
RS03INT2-MJ03D-06-BOTPTA303,botsflu_8wkrate,botsflu_8wkrate,-1000,1000,L2,cm yr-1,RS03INT2,MJ03D,BOTPT
RS03INT2-MJ03D-06-BOTPTA303,botsflu_predtide,botsflu_predtide,-10,10,L2,m,RS03INT2,MJ03D,BOTPT
RS03INT2-MJ03D-06-BOTPTA303,time,time,,,ENG,seconds since 1900-01-01,RS03INT2,MJ03D,BOTPT
RS03INT2-MJ03D-06-BOTPTA303,sensor_id,sensor_id,,,ENG,1,RS03INT2,MJ03D,BOTPT
RS03INT2-MJ03D-06-BOTPTA303,time_sync_flag,time_sync_flag,,,ENG,1,RS03INT2,MJ03D,BOTPT
RS03INT2-MJ03D-06-BOTPTA303,lily_x_tilt,lily_x_tilt,,,L0,urad,RS03INT2,MJ03D,BOTPT
RS03INT2-MJ03D-06-BOTPTA303,lily_y_tilt,lily_y_tilt,,,L0,urad,RS03INT2,MJ03D,BOTPT
RS03INT2-MJ03D-06-BOTPTA303,compass_direction,compass_direction,,,L0,degrees,RS03INT2,MJ03D,BOTPT
RS03INT2-MJ03D-06-BOTPTA303,supply_voltage,supply_voltage,,,AUX,V,RS03INT2,MJ03D,BOTPT
RS03INT2-MJ03D-06-BOTPTA303,press_trans_temp,press_trans_temp,,,AUX,deg_C,RS03INT2,MJ03D,BOTPT
RS03INT2-MJ03D-06-BOTPTA303,heat_x_tilt,heat_x_tilt,,,AUX,degrees,RS03INT2,MJ03D,BOTPT
RS03INT2-MJ03D-06-BOTPTA303,heat_y_tilt,heat_y_tilt,,,AUX,degrees,RS03INT2,MJ03D,BOTPT
RS03INT2-MJ03D-06-BOTPTA303,iris_x_tilt,iris_x_tilt,,,AUX,degrees,RS03INT2,MJ03D,BOTPT
RS03INT2-MJ03D-06-BOTPTA303,iris_y_tilt,iris_y_tilt,,,AUX,degrees,RS03INT2,MJ03D,BOTPT
RS03INT2-MJ03D-06-BOTPTA303,bottom_pressure,bottom_pressure,1500,3200,L1,psia,RS03INT2,MJ03D,BOTPT
RS03INT2-MJ03D-06-BOTPTA303,lily_temp,lily_temp,,,AUX,deg_C,RS03INT2,MJ03D,BOTPT
RS03INT2-MJ03D-06-BOTPTA303,iris_temp,iris_temp,,,AUX,deg_C,RS03INT2,MJ03D,BOTPT
RS03INT2-MJ03D-06-BOTPTA303,heat_temp,heat_temp,,,AUX,deg_C,RS03INT2,MJ03D,BOTPT
RS03INT2-MJ03D-06-BOTPTA303,ingestion_timestamp,ingestion_timestamp,,,ENG,seconds since 1900-01-01,RS03INT2,MJ03D,BOTPT
RS03INT2-MJ03D-06-BOTPTA303,date_time_string,date_time_string,,,ENG,1,RS03INT2,MJ03D,BOTPT
RS03INT2-MJ03D-12-VEL3DB304,port_timestamp,port_timestamp,,,ENG,seconds since 1900-01-01,RS03INT2,MJ03D,VEL3D
RS03INT2-MJ03D-12-VEL3DB304,driver_timestamp,driver_timestamp,,,ENG,seconds since 1900-01-01,RS03INT2,MJ03D,VEL3D
RS03INT2-MJ03D-12-VEL3DB304,internal_timestamp,internal_timestamp,,,ENG,seconds since 1900-01-01,RS03INT2,MJ03D,VEL3D
RS03INT2-MJ03D-12-VEL3DB304,preferred_timestamp,preferred_timestamp,,,ENG,1,RS03INT2,MJ03D,VEL3D
RS03INT2-MJ03D-12-VEL3DB304,pitch,pitch,,,ENG,degrees,RS03INT2,MJ03D,VEL3D
RS03INT2-MJ03D-12-VEL3DB304,roll,roll,,,ENG,degrees,RS03INT2,MJ03D,VEL3D
RS03INT2-MJ03D-12-VEL3DB304,temperature,temperature,-2,40,ENG,deg_C,RS03INT2,MJ03D,VEL3D
RS03INT2-MJ03D-12-VEL3DB304,velocity_beam_a,velocity_beam_a,,,ENG,counts,RS03INT2,MJ03D,VEL3D
RS03INT2-MJ03D-12-VEL3DB304,velocity_beam_b,velocity_beam_b,,,ENG,counts,RS03INT2,MJ03D,VEL3D
RS03INT2-MJ03D-12-VEL3DB304,velocity_beam_c,velocity_beam_c,,,ENG,counts,RS03INT2,MJ03D,VEL3D
RS03INT2-MJ03D-12-VEL3DB304,velocity_beam_d,velocity_beam_d,,,ENG,counts,RS03INT2,MJ03D,VEL3D
RS03INT2-MJ03D-12-VEL3DB304,turbulent_velocity_east,turbulent_velocity_east,,,L0,cm s-1,RS03INT2,MJ03D,VEL3D
RS03INT2-MJ03D-12-VEL3DB304,turbulent_velocity_north,turbulent_velocity_north,,,L0,cm s-1,RS03INT2,MJ03D,VEL3D
RS03INT2-MJ03D-12-VEL3DB304,turbulent_velocity_up,turbulent_velocity_up,,,L0,cm s-1,RS03INT2,MJ03D,VEL3D
RS03INT2-MJ03D-12-VEL3DB304,mag_comp_x,mag_comp_x,,,ENG,1,RS03INT2,MJ03D,VEL3D
RS03INT2-MJ03D-12-VEL3DB304,mag_comp_y,mag_comp_y,,,ENG,1,RS03INT2,MJ03D,VEL3D
RS03INT2-MJ03D-12-VEL3DB304,time,time,,,ENG,seconds since 1900-01-01,RS03INT2,MJ03D,VEL3D
RS03INT2-MJ03D-12-VEL3DB304,sample_period,sample_period,,,ENG,s,RS03INT2,MJ03D,VEL3D
RS03INT2-MJ03D-12-VEL3DB304,samples_per_burst,samples_per_burst,,,ENG,counts,RS03INT2,MJ03D,VEL3D
RS03INT2-MJ03D-12-VEL3DB304,bin_to_si_conversion,bin_to_si_conversion,,,ENG,1,RS03INT2,MJ03D,VEL3D
RS03INT2-MJ03D-12-VEL3DB304,ingestion_timestamp,ingestion_timestamp,,,ENG,seconds since 1900-01-01,RS03INT2,MJ03D,VEL3D
RS03INT2-MJ03D-12-VEL3DB304,eastward_turbulent_velocity,eastward_turbulent_velocity,-3,3,L1,m s-1,RS03INT2,MJ03D,VEL3D
RS03INT2-MJ03D-12-VEL3DB304,northward_turbulent_velocity,northward_turbulent_velocity,-3,3,L1,m s-1,RS03INT2,MJ03D,VEL3D
RS03INT2-MJ03D-12-VEL3DB304,upward_turbulent_velocity,upward_turbulent_velocity,-1,1,L1,m s-1,RS03INT2,MJ03D,VEL3D
RS03INT2-MJ03D-12-VEL3DB304,date_time_string,date_time_string,,,ENG,1,RS03INT2,MJ03D,VEL3D
RS03INT2-MJ03D-12-VEL3DB304,velocity_offset_a,velocity_offset_a,,,ENG,counts,RS03INT2,MJ03D,VEL3D
RS03INT2-MJ03D-12-VEL3DB304,velocity_offset_b,velocity_offset_b,,,ENG,counts,RS03INT2,MJ03D,VEL3D
RS03INT2-MJ03D-12-VEL3DB304,velocity_offset_c,velocity_offset_c,,,ENG,counts,RS03INT2,MJ03D,VEL3D
RS03INT2-MJ03D-12-VEL3DB304,velocity_offset_d,velocity_offset_d,,,ENG,counts,RS03INT2,MJ03D,VEL3D
RS03INT2-MJ03D-12-VEL3DB304,compass_offset_0,compass_offset_0,,,ENG,1,RS03INT2,MJ03D,VEL3D
RS03INT2-MJ03D-12-VEL3DB304,compass_offset_1,compass_offset_1,,,ENG,1,RS03INT2,MJ03D,VEL3D
RS03INT2-MJ03D-12-VEL3DB304,compass_offset_2,compass_offset_2,,,ENG,1,RS03INT2,MJ03D,VEL3D
RS03INT2-MJ03D-12-VEL3DB304,compass_scale_factor_0,compass_scale_factor_0,,,ENG,1,RS03INT2,MJ03D,VEL3D
RS03INT2-MJ03D-12-VEL3DB304,compass_scale_factor_1,compass_scale_factor_1,,,ENG,1,RS03INT2,MJ03D,VEL3D
RS03INT2-MJ03D-12-VEL3DB304,compass_scale_factor_2,compass_scale_factor_2,,,ENG,1,RS03INT2,MJ03D,VEL3D
RS03INT2-MJ03D-12-VEL3DB304,tilt_offset_pitch,tilt_offset_pitch,,,ENG,mV,RS03INT2,MJ03D,VEL3D
RS03INT2-MJ03D-12-VEL3DB304,tilt_offset_roll,tilt_offset_roll,,,ENG,mV,RS03INT2,MJ03D,VEL3D
RS03INT2-MJ03D-12-VEL3DB304,burst_interval_days,burst_interval_days,,,ENG,d,RS03INT2,MJ03D,VEL3D
RS03INT2-MJ03D-12-VEL3DB304,burst_interval_hours,burst_interval_hours,,,ENG,h,RS03INT2,MJ03D,VEL3D
RS03INT2-MJ03D-12-VEL3DB304,burst_interval_minutes,burst_interval_minutes,,,ENG,min,RS03INT2,MJ03D,VEL3D
RS03INT2-MJ03D-12-VEL3DB304,burst_interval_seconds,burst_interval_seconds,,,ENG,s,RS03INT2,MJ03D,VEL3D
